1527.000000
1523.000000
1511.000000
1495.000000
1471.000000
1441.000000
1409.000000
1375.000000
1337.000000
1298.000000
1256.000000
1214.000000
1170.000000
1124.000000
1079.000000
1032.000000
986.000000
939.000000
891.000000
844.000000
-195.000000
-295.000000
-393.000000
-493.000000
-592.000000
-691.000000
-791.000000
-891.000000
-992.000000
-1093.000000
-1192.000000
-1296.000000
-1396.000000
-1498.000000
-1599.000000
-1701.000000
-1802.000000
-1902.000000
-2001.000000
-2100.000000
-2200.000000
-2299.000000
-2398.000000
-2498.000000
-2598.000000
-2699.000000
-2799.000000
-2898.000000
-2999.000000
-3100.000000
-3200.000000
-3300.000000
-3399.000000
-3501.000000
-3600.000000
-3701.000000
-3798.000000
-3898.000000
-3997.000000
-4096.000000
-4202.000000
-4298.000000
-4398.000000
-4496.000000
-4596.000000
-4695.000000
-4795.000000
-4895.000000
-4995.000000
-5096.000000
-5197.000000
-5295.000000
-5396.000000
-5496.000000
-5601.000000
-5703.000000
-5803.000000
-5905.000000
-6005.000000
-6106.000000
-6206.000000
-6304.000000
-6405.000000
-6503.000000
-6604.000000
-6703.000000
-6804.000000
-6905.000000
-7005.000000
-7106.000000
-7206.000000
-7306.000000
-7406.000000
-7505.000000
-7605.000000
-7703.000000
-7805.000000
-7904.000000
-8005.000000
-8105.000000
-8205.000000
-8308.000000
-8405.000000
-8504.000000
-8602.000000
-8702.000000
-8802.000000
-8902.000000
-9001.000000
-9102.000000
-9202.000000
-9303.000000
-9401.000000
-9502.000000
-9602.000000
-9703.000000
-9806.000000
-9906.000000
-10007.000000
-10107.000000
-10211.000000
-10311.000000
-10410.000000
-10510.000000
-10609.000000
-10709.000000
-10809.000000
-10911.000000
-11012.000000
-11110.000000
-11211.000000
-11311.000000
-11411.000000
-11511.000000
-11610.000000
-11710.000000
-11810.000000
-11910.000000
-12009.000000
-12107.000000
-12210.000000
-12311.000000
-12413.000000
-12510.000000
-12609.000000
-12708.000000
-12807.000000
-12907.000000
-13007.000000
-13107.000000
-13208.000000
-13308.000000
-13408.000000
-13508.000000
-13607.000000
-13709.000000
-13810.000000
-13912.000000
-14012.000000
-14113.000000
-14214.000000
-14313.000000
-14417.000000
-14516.000000
-14617.000000
-14715.000000
-14815.000000
-14916.000000
-15015.000000
-15116.000000
-15216.000000
-15316.000000
-15417.000000
-15517.000000
-15617.000000
-15716.000000
-15815.000000
-15916.000000
-16015.000000
-16115.000000
-16213.000000
-16313.000000
-16415.000000
-16519.000000
-16617.000000
-16715.000000
-16814.000000
-16913.000000
-17013.000000
-17112.000000
-17212.000000
-17313.000000
-17414.000000
-17514.000000
-17614.000000
-17713.000000
-17814.000000
-17915.000000
-18017.000000
-18118.000000
-18219.000000
-18321.000000
-18420.000000
-18520.000000
-18622.000000
-18722.000000
-18821.000000
-18921.000000
-19022.000000
-19122.000000
-19223.000000
-19323.000000
-19423.000000
-19523.000000
-19622.000000
-19721.000000
-19821.000000
-19920.000000
-20021.000000
-20120.000000
-20220.000000
-20318.000000
-20418.000000
-20521.000000
-20620.000000
-20722.000000
-20820.000000
-20919.000000
-21018.000000
-21118.000000
-21218.000000
-21318.000000
-21418.000000
-21519.000000
-21618.000000
-21718.000000
-21818.000000
-21919.000000
-22021.000000
-22123.000000
-22224.000000
-22325.000000
-22426.000000
-22525.000000
-22625.000000
-22724.000000
-22824.000000
-22927.000000
-23028.000000
-23128.000000
-23229.000000
-23330.000000
-23429.000000
-23529.000000
-23628.000000
-23727.000000
-23827.000000
-23927.000000
-24026.000000
-24127.000000
-24226.000000
-24325.000000
-24424.000000
-24523.000000
-24627.000000
-24726.000000
-24825.000000
-24924.000000
-25023.000000
-25122.000000
-25224.000000
-25324.000000
-25424.000000
-25523.000000
-25625.000000
-25724.000000
-25824.000000
-25925.000000
-26025.000000
-26127.000000
-26228.000000
-26330.000000
-26430.000000
-26532.000000
-26631.000000
-26731.000000
-26830.000000
-26931.000000
-27030.000000
-27131.000000
-27231.000000
-27335.000000
-27435.000000
-27534.000000
-27635.000000
-27735.000000
-27834.000000
-27933.000000
-28033.000000
-28132.000000
-28232.000000
-28331.000000
-28430.000000
-28530.000000
-28629.000000
-28735.000000
-28833.000000
-28931.000000
-29030.000000
-29129.000000
-29228.000000
-29327.000000
-29430.000000
-29531.000000
-29630.000000
-29732.000000
-29831.000000
-29931.000000
-30032.000000
-30131.000000
-30233.000000
-30335.000000
-30436.000000
-30537.000000
-30639.000000
-30738.000000
-30837.000000
-30937.000000
-31037.000000
-31136.000000
-31236.000000
-31336.000000
-31441.000000
-31541.000000
-31641.000000
-31741.000000
-31840.000000
-31941.000000
-32039.000000
-32138.000000
-32237.000000
-32338.000000
-32438.000000
-32536.000000
-32636.000000
-32735.000000
-32840.000000
-32938.000000
-33036.000000
-33135.000000
-33234.000000
-33334.000000
-33437.000000
-33537.000000
-33637.000000
-33737.000000
-33838.000000
-33937.000000
-34036.000000
-34137.000000
-34237.000000
-34339.000000
-34441.000000
-34542.000000
-34643.000000
-34745.000000
-34844.000000
-34943.000000
-35043.000000
-35142.000000
-35242.000000
-35346.000000
-35444.000000
-35545.000000
-35648.000000
-35747.000000
-35847.000000
-35946.000000
-36047.000000
-36145.000000
-36245.000000
-36345.000000
-36444.000000
-36544.000000
-36642.000000
-36741.000000
-36840.000000
-36945.000000
-37043.000000
-37142.000000
-37241.000000
-37340.000000
-37442.000000
-37543.000000
-37642.000000
-37742.000000
-37842.000000
-37943.000000
-38043.000000
-38142.000000
-38244.000000
-38345.000000
-38446.000000
-38547.000000
-38648.000000
-38749.000000
-38849.000000
-38949.000000
-39049.000000
-39148.000000
-39248.000000
-39348.000000
-39451.000000
-39552.000000
-39652.000000
-39752.000000
-39852.000000
-39953.000000
-40052.000000
-40153.000000
-40251.000000
-40351.000000
-40450.000000
-40550.000000
-40649.000000
-40747.000000
-40847.000000
-40947.000000
-41051.000000
-41150.000000
-41247.000000
-41346.000000
-41449.000000
-41548.000000
-41648.000000
-41747.000000
-41848.000000
-41949.000000
-42050.000000
-42149.000000
-42249.000000
-42349.000000
-42450.000000
-42551.000000
-42653.000000
-42753.000000
-42854.000000
-42955.000000
-43055.000000
-43154.000000
-43253.000000
-43353.000000
-43456.000000
-43557.000000
-43657.000000
-43758.000000
-43858.000000
-43959.000000
-44059.000000
-44158.000000
-44258.000000
-44357.000000
-44456.000000
-44555.000000
-44656.000000
-44755.000000
-44854.000000
-44953.000000
-45053.000000
-45156.000000
-45254.000000
-45353.000000
-45455.000000
-45555.000000
-45654.000000
-45754.000000
-45854.000000
-45955.000000
-46055.000000
-46156.000000
-46254.000000
-46355.000000
-46455.000000
-46556.000000
-46658.000000
-46760.000000
-46860.000000
-46961.000000
-47061.000000
-47161.000000
-47260.000000
-47359.000000
-47462.000000
-47562.000000
-47663.000000
-47764.000000
-47864.000000
-47964.000000
-48065.000000
-48164.000000
-48262.000000
-48363.000000
-48462.000000
-48560.000000
-48659.000000
-48759.000000
-48857.000000
-48956.000000
-49054.000000
-49153.000000
-49258.000000
-49355.000000
-49457.000000
-49556.000000
-49657.000000
-49756.000000
-49856.000000
-49956.000000
-50056.000000
-50157.000000
-50257.000000
-50357.000000
-50457.000000
-50558.000000
-50660.000000
-50761.000000
-50862.000000
-50962.000000
-51062.000000
-51163.000000
-51262.000000
-51362.000000
-51465.000000
-51564.000000
-51664.000000
-51764.000000
-51865.000000
-51965.000000
-52066.000000
-52166.000000
-52266.000000
-52366.000000
-52467.000000
-52566.000000
-52665.000000
-52764.000000
-52865.000000
-52963.000000
-53061.000000
-53161.000000
-53261.000000
-53364.000000
-53464.000000
-53563.000000
-53661.000000
-53761.000000
-53860.000000
-53960.000000
-54059.000000
-54160.000000
-54260.000000
-54361.000000
-54459.000000
-54560.000000
-54660.000000
-54762.000000
-54863.000000
-54964.000000
-55066.000000
-55167.000000
-55268.000000
-55368.000000
-55467.000000
-55571.000000
-55670.000000
-55770.000000
-55870.000000
-55971.000000
-56072.000000
-56172.000000
-56273.000000
-56372.000000
-56472.000000
-56573.000000
-56672.000000
-56770.000000
-56870.000000
-56970.000000
-57070.000000
-57169.000000
-57272.000000
-57373.000000
-57474.000000
-57571.000000
-57670.000000
-57768.000000
-57868.000000
-57968.000000
-58067.000000
-58167.000000
-58267.000000
-58369.000000
-58468.000000
-58567.000000
-58667.000000
-58767.000000
-58869.000000
-58971.000000
-59073.000000
-59174.000000
-59278.000000
-59377.000000
-59477.000000
-59576.000000
-59676.000000
-59776.000000
-59876.000000
-59976.000000
-60077.000000
-60178.000000
-60277.000000
-60377.000000
-60477.000000
-60577.000000
-60676.000000
-60776.000000
-60874.000000
-60973.000000
-61072.000000
-61174.000000
-61272.000000
-61370.000000
-61470.000000
-61571.000000
-61668.000000
-61766.000000
-61864.000000
-61962.000000
-62061.000000
-62159.000000
-62257.000000
-62357.000000
-62457.000000
-62557.000000
-62655.000000
-62755.000000
-62854.000000
-62954.000000
-63055.000000
-63158.000000
-63259.000000
-63357.000000
-63457.000000
-63557.000000
-63656.000000
-63756.000000
-63853.000000
-63953.000000
-64051.000000
-64150.000000
-64249.000000
-64346.000000
-64444.000000
-64540.000000
-64634.000000
-64730.000000
-64823.000000
-64916.000000
-65010.000000
-65104.000000
-65201.000000
-65435.000000
-65429.000000
-65404.000000
-65364.000000
-65310.000000
-65251.000000
-65188.000000
-65125.000000
-65056.000000
-64991.000000
-64926.000000
-64861.000000
-64794.000000
-64729.000000
-64660.000000
-64594.000000
-64526.000000
-64458.000000
-64390.000000
-64321.000000
-64187.000000
-63973.000000
-63762.000000
-63550.000000
-63337.000000
-63123.000000
-62908.000000
-62694.000000
-62483.000000
-62267.000000
-62054.000000
-61840.000000
-61628.000000
-61411.000000
-61196.000000
-60978.000000
-60764.000000
-60551.000000
-60338.000000
-60124.000000
-59912.000000
-59704.000000
-59494.000000
-59284.000000
-59073.000000
-58862.000000
-58651.000000
-58439.000000
-58221.000000
-58010.000000
-57800.000000
-57592.000000
-57381.000000
-57168.000000
-56960.000000
-56750.000000
-56544.000000
-56334.000000
-56126.000000
-55916.000000
-55709.000000
-55499.000000
-55289.000000
-55073.000000
-54865.000000
-54653.000000
-54440.000000
-54228.000000
-54016.000000
-53805.000000
-53597.000000
-53389.000000
-53174.000000
-52966.000000
-52758.000000
-52552.000000
-52343.000000
-52132.000000
-51919.000000
-51709.000000
-51501.000000
-51291.000000
-51081.000000
-50870.000000
-50660.000000
-50448.000000
-50235.000000
-50022.000000
-49811.000000
-49602.000000
-49393.000000
-49178.000000
-48965.000000
-48759.000000
-48551.000000
-48344.000000
-48134.000000
-47925.000000
-47715.000000
-47505.000000
-47296.000000
-47086.000000
-46875.000000
-46661.000000
-46450.000000
-46238.000000
-46025.000000
-45813.000000
-45602.000000
-45394.000000
-45186.000000
-44972.000000
-44762.000000
-44554.000000
-44347.000000
-44139.000000
-43928.000000
-43716.000000
-43507.000000
-43298.000000
-43088.000000
-42877.000000
-42667.000000
-42456.000000
-42245.000000
-42032.000000
-41819.000000
-41608.000000
-41399.000000
-41191.000000
-40980.000000
-40882.000000
-40868.000000
-40865.000000
-40865.000000
-40865.000000
-40867.000000
-40879.000000
-40896.000000
-40919.000000
-40946.000000
-40979.000000
-41018.000000
-41055.000000
-41094.000000
-41136.000000
-41177.000000
-41221.000000
-41265.000000
-41312.000000
-41360.000000
-41407.000000
-41455.000000
-41502.000000
-41550.000000
-42593.000000
-42693.000000
-42794.000000
-42896.000000
-42995.000000
-43095.000000
-43193.000000
-43294.000000
-43393.000000
-43493.000000
-43593.000000
-43693.000000
-43794.000000
-43893.000000
-43994.000000
-44094.000000
-44193.000000
-44295.000000
-44394.000000
-44493.000000
-44593.000000
-44693.000000
-44793.000000
-44892.000000
-44992.000000
-45094.000000
-45194.000000
-45292.000000
-45390.000000
-45490.000000
-45589.000000
-45689.000000
-45789.000000
-45889.000000
-45989.000000
-46093.000000
-46193.000000
-46293.000000
-46393.000000
-46494.000000
-46595.000000
-46697.000000
-46799.000000
-46899.000000
-47001.000000
-47100.000000
-47200.000000
-47299.000000
-47399.000000
-47498.000000
-47599.000000
-47699.000000
-47800.000000
-47901.000000
-47999.000000
-48102.000000
-48202.000000
-48301.000000
-48401.000000
-48501.000000
-48600.000000
-48700.000000
-48799.000000
-48898.000000
-48997.000000
-49096.000000
-49200.000000
-49299.000000
-49398.000000
-49497.000000
-49596.000000
-49695.000000
-49795.000000
-49894.000000
-49997.000000
-50097.000000
-50198.000000
-50298.000000
-50398.000000
-50499.000000
-50599.000000
-50701.000000
-50803.000000
-50904.000000
-51004.000000
-51106.000000
-51205.000000
-51305.000000
-51405.000000
-51505.000000
-51605.000000
-51704.000000
-51804.000000
-51908.000000
-52008.000000
-52107.000000
-52207.000000
-52308.000000
-52407.000000
-52506.000000
-52606.000000
-52705.000000
-52805.000000
-52904.000000
-53003.000000
-53103.000000
-53202.000000
-53307.000000
-53405.000000
-53503.000000
-53602.000000
-53701.000000
-53800.000000
-53899.000000
-53999.000000
-54103.000000
-54202.000000
-54304.000000
-54403.000000
-54503.000000
-54604.000000
-54704.000000
-54806.000000
-54908.000000
-55009.000000
-55110.000000
-55212.000000
-55312.000000
-55411.000000
-55511.000000
-55610.000000
-55710.000000
-55810.000000
-55911.000000
-56012.000000
-56113.000000
-56212.000000
-56315.000000
-56415.000000
-56515.000000
-56613.000000
-56712.000000
-56811.000000
-56912.000000
-57012.000000
-57110.000000
-57210.000000
-57309.000000
-57414.000000
-57512.000000
-57610.000000
-57709.000000
-57808.000000
-57907.000000
-58007.000000
-58107.000000
-58207.000000
-58307.000000
-58411.000000
-58510.000000
-58609.000000
-58710.000000
-58810.000000
-58912.000000
-59014.000000
-59115.000000
-59216.000000
-59317.000000
-59417.000000
-59516.000000
-59616.000000
-59715.000000
-59815.000000
-59915.000000
-60016.000000
-60117.000000
-60217.000000
-60317.000000
-60416.000000
-60516.000000
-60619.000000
-60717.000000
-60817.000000
-60916.000000
-61015.000000
-61113.000000
-61211.000000
-61311.000000
-61409.000000
-61514.000000
-61612.000000
-61710.000000
-61810.000000
-61908.000000
-62007.000000
-62106.000000
-62205.000000
-62305.000000
-62405.000000
-62505.000000
-62604.000000
-62703.000000
-62806.000000
-62905.000000
-63006.000000
-63107.000000
-63207.000000
-63307.000000
-63408.000000
-63506.000000
-63605.000000
-63703.000000
-63802.000000
-63899.000000
-63997.000000
-64093.000000
-64191.000000
-64288.000000
-64384.000000
-64482.000000
-64578.000000
-64674.000000
-64769.000000
-64867.000000
-64961.000000
-65054.000000
-65149.000000
-65242.000000
-65335.000000
-65429.000000
-65674.000000
-65667.000000
-65643.000000
-65601.000000
-65542.000000
-65481.000000
-65419.000000
-65355.000000
-65291.000000
-65203.000000
-65158.000000
-65096.000000
-65029.000000
-64962.000000
-64895.000000
-64828.000000
-64760.000000
-64691.000000
-64622.000000
-64553.000000
-64414.000000
-64204.000000
-63991.000000
-63779.000000
-63567.000000
-63349.000000
-63140.000000
-62925.000000
-62710.000000
-62498.000000
-62285.000000
-62070.000000
-61856.000000
-61638.000000
-61420.000000
-61204.000000
-60990.000000
-60777.000000
-60567.000000
-60357.000000
-60147.000000
-59937.000000
-59729.000000
-59519.000000
-59310.000000
-59099.000000
-58888.000000
-58677.000000
-58460.000000
-58247.000000
-58035.000000
-57826.000000
-57617.000000
-57410.000000
-57194.000000
-56985.000000
-56775.000000
-56569.000000
-56360.000000
-56150.000000
-55942.000000
-55734.000000
-55520.000000
-55311.000000
-55100.000000
-54890.000000
-54678.000000
-54467.000000
-54253.000000
-54042.000000
-53831.000000
-53623.000000
-53414.000000
-53199.000000
-52991.000000
-52782.000000
-52574.000000
-52362.000000
-52153.000000
-51945.000000
-51735.000000
-51526.000000
-51316.000000
-51107.000000
-50896.000000
-50685.000000
-50473.000000
-50262.000000
-50048.000000
-49837.000000
-49627.000000
-49419.000000
-49207.000000
-48991.000000
-48782.000000
-48574.000000
-48367.000000
-48159.000000
-47949.000000
-47740.000000
-47531.000000
-47322.000000
-47111.000000
-46901.000000
-46691.000000
-46480.000000
-46268.000000
-46055.000000
-45842.000000
-45628.000000
-45420.000000
-45211.000000
-44996.000000
-44787.000000
-44578.000000
-44370.000000
-44162.000000
-43954.000000
-43746.000000
-43536.000000
-43329.000000
-43118.000000
-42908.000000
-42696.000000
-42486.000000
-42275.000000
-42059.000000
-41845.000000
-41635.000000
-41425.000000
-41219.000000
-41121.000000
-41107.000000
-41103.000000
-41103.000000
-41103.000000
-41106.000000
-41116.000000
-41135.000000
-41157.000000
-41186.000000
-41218.000000
-41252.000000
-41289.000000
-41330.000000
-41370.000000
-41414.000000
-41458.000000
-41502.000000
-41548.000000
-41595.000000
-41642.000000
-41689.000000
-41737.000000
-41785.000000
-42831.000000
-42931.000000
-43031.000000
-43130.000000
-43229.000000
-43329.000000
-43428.000000
-43528.000000
-43629.000000
-43729.000000
-43833.000000
-43932.000000
-44033.000000
-44132.000000
-44232.000000
-44330.000000
-44429.000000
-44528.000000
-44628.000000
-44728.000000
-44827.000000
-44927.000000
-45027.000000
-45130.000000
-45229.000000
-45327.000000
-45426.000000
-45525.000000
-45625.000000
-45725.000000
-45825.000000
-45925.000000
-46029.000000
-46128.000000
-46228.000000
-46328.000000
-46428.000000
-46530.000000
-46631.000000
-46733.000000
-46834.000000
-46935.000000
-47036.000000
-47135.000000
-47235.000000
-47334.000000
-47434.000000
-47534.000000
-47634.000000
-47735.000000
-47836.000000
-47936.000000
-48038.000000
-48139.000000
-48238.000000
-48338.000000
-48437.000000
-48536.000000
-48636.000000
-48736.000000
-48834.000000
-48933.000000
-49032.000000
-49132.000000
-49236.000000
-49335.000000
-49433.000000
-49532.000000
-49632.000000
-49731.000000
-49831.000000
-49930.000000
-50033.000000
-50134.000000
-50234.000000
-50334.000000
-50435.000000
-50535.000000
-50636.000000
-50737.000000
-50839.000000
-50939.000000
-51040.000000
-51140.000000
-51240.000000
-51340.000000
-51440.000000
-51539.000000
-51640.000000
-51739.000000
-51840.000000
-51941.000000
-52040.000000
-52140.000000
-52244.000000
-52344.000000
-52444.000000
-52543.000000
-52642.000000
-52740.000000
-52841.000000
-52939.000000
-53038.000000
-53138.000000
-53238.000000
-53343.000000
-53441.000000
-53539.000000
-53637.000000
-53738.000000
-53837.000000
-53936.000000
-54036.000000
-54136.000000
-54240.000000
-54341.000000
-54440.000000
-54540.000000
-54640.000000
-54742.000000
-54843.000000
-54945.000000
-55046.000000
-55146.000000
-55247.000000
-55347.000000
-55446.000000
-55546.000000
-55645.000000
-55746.000000
-55845.000000
-55947.000000
-56047.000000
-56147.000000
-56251.000000
-56350.000000
-56450.000000
-56550.000000
-56649.000000
-56749.000000
-56847.000000
-56948.000000
-57047.000000
-57146.000000
-57246.000000
-57344.000000
-57449.000000
-57546.000000
-57645.000000
-57743.000000
-57843.000000
-57943.000000
-58043.000000
-58142.000000
-58243.000000
-58347.000000
-58447.000000
-58546.000000
-58647.000000
-58747.000000
-58848.000000
-58951.000000
-59052.000000
-59153.000000
-59253.000000
-59353.000000
-59453.000000
-59552.000000
-59653.000000
-59751.000000
-59852.000000
-59952.000000
-60053.000000
-60154.000000
-60253.000000
-60354.000000
-60453.000000
-60556.000000
-60656.000000
-60755.000000
-60855.000000
-60954.000000
-61055.000000
-61153.000000
-61251.000000
-61351.000000
-61450.000000
-61554.000000
-61651.000000
-61750.000000
-61849.000000
-61949.000000
-62049.000000
-62148.000000
-62247.000000
-62347.000000
-62447.000000
-62551.000000
-62650.000000
-62751.000000
-62851.000000
-62951.000000
-63053.000000
-63154.000000
-63255.000000
-63355.000000
-63456.000000
-63556.000000
-63655.000000
-63755.000000
-63854.000000
-63953.000000
-64053.000000
-64153.000000
-64254.000000
-64353.000000
-64454.000000
-64554.000000
-64656.000000
-64754.000000
-64854.000000
-64954.000000
-65051.000000
-65151.000000
-65248.000000
-65346.000000
-65446.000000
-65544.000000
-65649.000000
-65745.000000
-65843.000000
-65942.000000
-66042.000000
-66141.000000
-66240.000000
-66339.000000
-66440.000000
-66539.000000
-66641.000000
-66739.000000
-66840.000000
-66943.000000
-67044.000000
-67147.000000
-67248.000000
-67349.000000
-67450.000000
-67551.000000
-67651.000000
-67750.000000
-67851.000000
-67949.000000
-68050.000000
-68150.000000
-68252.000000
-68354.000000
-68454.000000
-68555.000000
-68657.000000
-68756.000000
-68857.000000
-68956.000000
-69056.000000
-69157.000000
-69258.000000
-69357.000000
-69456.000000
-69556.000000
-69657.000000
-69759.000000
-69856.000000
-69955.000000
-70053.000000
-70151.000000
-70251.000000
-70351.000000
-70450.000000
-70551.000000
-70652.000000
-70752.000000
-70852.000000
-70951.000000
-71053.000000
-71155.000000
-71258.000000
-71363.000000
-71464.000000
-71566.000000
-71666.000000
-71766.000000
-71864.000000
-71965.000000
-72064.000000
-72165.000000
-72264.000000
-72364.000000
-72464.000000
-72563.000000
-72662.000000
-72761.000000
-72860.000000
-72961.000000
-73059.000000
-73157.000000
-73257.000000
-73360.000000
-73458.000000
-73556.000000
-73655.000000
-73756.000000
-73857.000000
-73955.000000
-74053.000000
-74151.000000
-74250.000000
-74350.000000
-74450.000000
-74549.000000
-74650.000000
-74750.000000
-74851.000000
-74951.000000
-75051.000000
-75153.000000
-75255.000000
-75356.000000
-75458.000000
-75562.000000
-75665.000000
-75764.000000
-75864.000000
-75962.000000
-76063.000000
-76161.000000
-76261.000000
-76360.000000
-76459.000000
-76559.000000
-76657.000000
-76756.000000
-76855.000000
-76954.000000
-77054.000000
-77153.000000
-77251.000000
-77351.000000
-77451.000000
-77553.000000
-77652.000000
-77752.000000
-77853.000000
-77955.000000
-78054.000000
-78154.000000
-78254.000000
-78353.000000
-78454.000000
-78554.000000
-78653.000000
-78754.000000
-78856.000000
-78956.000000
-79055.000000
-79154.000000
-79254.000000
-79355.000000
-79455.000000
-79556.000000
-79660.000000
-79760.000000
-79857.000000
-79955.000000
-80052.000000
-80150.000000
-80246.000000
-80345.000000
-80443.000000
-80542.000000
-80640.000000
-80737.000000
-80833.000000
-80928.000000
-81020.000000
-81113.000000
-81204.000000
-81297.000000
-81390.000000
-81486.000000
-81750.000000
-81744.000000
-81718.000000
-81673.000000
-81616.000000
-81552.000000
-81484.000000
-81414.000000
-81345.000000
-81275.000000
-81206.000000
-81137.000000
-81061.000000
-80992.000000
-80921.000000
-80851.000000
-80781.000000
-80711.000000
-80642.000000
-80572.000000
-80436.000000
-80228.000000
-80019.000000
-79804.000000
-79594.000000
-79383.000000
-79172.000000
-78960.000000
-78745.000000
-78534.000000
-78325.000000
-78117.000000
-77908.000000
-77692.000000
-77485.000000
-77277.000000
-77071.000000
-76857.000000
-76647.000000
-76438.000000
-76229.000000
-76019.000000
-75809.000000
-75598.000000
-75389.000000
-75177.000000
-74966.000000
-74753.000000
-74540.000000
-74321.000000
-74116.000000
-73908.000000
-73694.000000
-73484.000000
-73275.000000
-73067.000000
-72859.000000
-72652.000000
-72443.000000
-72233.000000
-72025.000000
-71815.000000
-71605.000000
-71390.000000
-71183.000000
-70967.000000
-70756.000000
-70543.000000
-70331.000000
-70121.000000
-69913.000000
-69705.000000
-69489.000000
-69280.000000
-69070.000000
-68864.000000
-68655.000000
-68445.000000
-68231.000000
-68022.000000
-67815.000000
-67606.000000
-67395.000000
-67185.000000
-66974.000000
-66762.000000
-66548.000000
-66336.000000
-66126.000000
-65917.000000
-65710.000000
-65493.000000
-65283.000000
-65070.000000
-64862.000000
-64654.000000
-64445.000000
-64238.000000
-64028.000000
-63820.000000
-63611.000000
-63402.000000
-63191.000000
-62980.000000
-62769.000000
-62558.000000
-62343.000000
-62133.000000
-61922.000000
-61708.000000
-61501.000000
-61286.000000
-61077.000000
-60867.000000
-60661.000000
-60452.000000
-60242.000000
-60033.000000
-59824.000000
-59616.000000
-59407.000000
-59196.000000
-58987.000000
-58775.000000
-58563.000000
-58346.000000
-58134.000000
-57924.000000
-57715.000000
-57506.000000
-57294.000000
-57197.000000
-57183.000000
-57180.000000
-57180.000000
-57183.000000
-57194.000000
-57211.000000
-57234.000000
-57262.000000
-57292.000000
-57326.000000
-57365.000000
-57409.000000
-57448.000000
-57490.000000
-57533.000000
-57579.000000
-57625.000000
-57670.000000
-57717.000000
-57763.000000
-57811.000000
-57858.000000
-58900.000000
-59003.000000
-59104.000000
-59204.000000
-59306.000000
-59406.000000
-59505.000000
-59604.000000
-59703.000000
-59802.000000
-59902.000000
-60002.000000
-60103.000000
-60202.000000
-60302.000000
-60401.000000
-60500.000000
-60602.000000
-60701.000000
-60801.000000
-60901.000000
-61001.000000
-61101.000000
-61200.000000
-61300.000000
-61399.000000
-61505.000000
-61602.000000
-61700.000000
-61800.000000
-61898.000000
-61997.000000
-62097.000000
-62196.000000
-62296.000000
-62395.000000
-62495.000000
-62597.000000
-62697.000000
-62799.000000
-62900.000000
-63002.000000
-63104.000000
-63206.000000
-63307.000000
-63409.000000
-63509.000000
-63610.000000
-63710.000000
-63810.000000
-63910.000000
-64010.000000
-64111.000000
-64212.000000
-64312.000000
-64411.000000
-64512.000000
-64611.000000
-64711.000000
-64813.000000
-64911.000000
-65011.000000
-65111.000000
-65211.000000
-65309.000000
-65408.000000
-65507.000000
-65612.000000
-65710.000000
-65807.000000
-65906.000000
-66003.000000
-66101.000000
-66200.000000
-66299.000000
-66398.000000
-66498.000000
-66597.000000
-66695.000000
-66794.000000
-66894.000000
-66993.000000
-67098.000000
-67202.000000
-67303.000000
-67405.000000
-67508.000000
-67609.000000
-67709.000000
-67809.000000
-67909.000000
-68010.000000
-68110.000000
-68212.000000
-68313.000000
-68414.000000
-68513.000000
-68613.000000
-68713.000000
-68812.000000
-68911.000000
-69009.000000
-69112.000000
-69211.000000
-69310.000000
-69408.000000
-69507.000000
-69605.000000
-69709.000000
-69806.000000
-69904.000000
-70002.000000
-70102.000000
-70201.000000
-70302.000000
-70401.000000
-70501.000000
-70600.000000
-70698.000000
-70796.000000
-70894.000000
-70994.000000
-71092.000000
-71192.000000
-71294.000000
-71392.000000
-71490.000000
-71589.000000
-71686.000000
-71782.000000
-71879.000000
-71978.000000
-72075.000000
-72172.000000
-72267.000000
-72363.000000
-72459.000000
-72553.000000
-72644.000000
-72736.000000
-72825.000000
