1167.000000
1164.000000
1152.000000
1134.000000
1111.000000
1083.000000
1051.000000
1016.000000
979.000000
939.000000
895.000000
853.000000
808.000000
764.000000
717.000000
670.000000
624.000000
576.000000
529.000000
480.000000
-557.000000
-657.000000
-756.000000
-856.000000
-955.000000
-1056.000000
-1155.000000
-1256.000000
-1356.000000
-1456.000000
-1559.000000
-1661.000000
-1762.000000
-1862.000000
-1964.000000
-2063.000000
-2163.000000
-2262.000000
-2362.000000
-2461.000000
-2561.000000
-2661.000000
-2761.000000
-2865.000000
-2964.000000
-3064.000000
-3164.000000
-3263.000000
-3361.000000
-3460.000000
-3560.000000
-3659.000000
-3759.000000
-3858.000000
-3958.000000
-4057.000000
-4162.000000
-4260.000000
-4358.000000
-4457.000000
-4556.000000
-4655.000000
-4754.000000
-4854.000000
-4954.000000
-5053.000000
-5154.000000
-5254.000000
-5354.000000
-5455.000000
-5558.000000
-5660.000000
-5761.000000
-5863.000000
-5964.000000
-6065.000000
-6165.000000
-6265.000000
-6364.000000
-6464.000000
-6563.000000
-6663.000000
-6764.000000
-6865.000000
-6965.000000
-7065.000000
-7165.000000
-7264.000000
-7365.000000
-7463.000000
-7562.000000
-7662.000000
-7762.000000
-7862.000000
-7961.000000
-8064.000000
-8163.000000
-8268.000000
-8366.000000
-8463.000000
-8563.000000
-8662.000000
-8761.000000
-8861.000000
-8961.000000
-9061.000000
-9161.000000
-9262.000000
-9361.000000
-9460.000000
-9561.000000
-9661.000000
-9763.000000
-9866.000000
-9967.000000
-10067.000000
-10168.000000
-10268.000000
-10370.000000
-10470.000000
-10569.000000
-10669.000000
-10769.000000
-10870.000000
-10971.000000
-11071.000000
-11170.000000
-11271.000000
-11370.000000
-11471.000000
-11569.000000
-11669.000000
-11769.000000
-11869.000000
-11969.000000
-12066.000000
-12166.000000
-12265.000000
-12370.000000
-12468.000000
-12569.000000
-12669.000000
-12768.000000
-12867.000000
-12968.000000
-13066.000000
-13167.000000
-13267.000000
-13367.000000
-13467.000000
-13567.000000
-13668.000000
-13769.000000
-13869.000000
-13971.000000
-14071.000000
-14172.000000
-14273.000000
-14373.000000
-14473.000000
-14572.000000
-14672.000000
-14772.000000
-14875.000000
-14976.000000
-15076.000000
-15176.000000
-15276.000000
-15377.000000
-15476.000000
-15577.000000
-15676.000000
-15775.000000
-15874.000000
-15974.000000
-16073.000000
-16172.000000
-16271.000000
-16371.000000
-16475.000000
-16574.000000
-16672.000000
-16770.000000
-16871.000000
-16969.000000
-17069.000000
-17169.000000
-17270.000000
-17373.000000
-17474.000000
-17573.000000
-17673.000000
-17773.000000
-17874.000000
-17974.000000
-18077.000000
-18178.000000
-18278.000000
-18379.000000
-18479.000000
-18578.000000
-18677.000000
-18777.000000
-18877.000000
-18977.000000
-19078.000000
-19179.000000
-19279.000000
-19380.000000
-19480.000000
-19579.000000
-19683.000000
-19781.000000
-19880.000000
-19980.000000
-20080.000000
-20179.000000
-20279.000000
-20378.000000
-20477.000000
-20581.000000
-20679.000000
-20778.000000
-20876.000000
-20977.000000
-21075.000000
-21175.000000
-21275.000000
-21375.000000
-21476.000000
-21576.000000
-21675.000000
-21775.000000
-21875.000000
-21977.000000
-22077.000000
-22180.000000
-22281.000000
-22381.000000
-22485.000000
-22584.000000
-22684.000000
-22782.000000
-22882.000000
-22983.000000
-23083.000000
-23185.000000
-23285.000000
-23385.000000
-23484.000000
-23584.000000
-23684.000000
-23784.000000
-23884.000000
-23983.000000
-24083.000000
-24183.000000
-24281.000000
-24381.000000
-24480.000000
-24579.000000
-24683.000000
-24780.000000
-24883.000000
-24981.000000
-25082.000000
-25181.000000
-25281.000000
-25380.000000
-25480.000000
-25581.000000
-25682.000000
-25781.000000
-25882.000000
-25982.000000
-26083.000000
-26184.000000
-26286.000000
-26386.000000
-26487.000000
-26587.000000
-26687.000000
-26787.000000
-26887.000000
-26986.000000
-27086.000000
-27186.000000
-27287.000000
-27387.000000
-27487.000000
-27587.000000
-27691.000000
-27790.000000
-27891.000000
-27989.000000
-28089.000000
-28188.000000
-28289.000000
-28387.000000
-28486.000000
-28586.000000
-28686.000000
-28790.000000
-28886.000000
-28986.000000
-29084.000000
-29184.000000
-29283.000000
-29383.000000
-29483.000000
-29583.000000
-29684.000000
-29785.000000
-29883.000000
-29984.000000
-30084.000000
-30186.000000
-30287.000000
-30389.000000
-30490.000000
-30590.000000
-30694.000000
-30794.000000
-30893.000000
-30993.000000
-31092.000000
-31192.000000
-31292.000000
-31392.000000
-31493.000000
-31593.000000
-31694.000000
-31794.000000
-31893.000000
-31993.000000
-32092.000000
-32192.000000
-32291.000000
-32391.000000
-32490.000000
-32589.000000
-32689.000000
-32788.000000
-32892.000000
-32988.000000
-33087.000000
-33189.000000
-33285.000000
-33386.000000
-33489.000000
-33588.000000
-33689.000000
-33789.000000
-33890.000000
-33989.000000
-34089.000000
-34189.000000
-34291.000000
-34393.000000
-34494.000000
-34595.000000
-34696.000000
-34796.000000
-34895.000000
-34994.000000
-35094.000000
-35193.000000
-35294.000000
-35394.000000
-35495.000000
-35596.000000
-35694.000000
-35795.000000
-35894.000000
-35994.000000
-36097.000000
-36196.000000
-36296.000000
-36396.000000
-36495.000000
-36594.000000
-36693.000000
-36793.000000
-36894.000000
-36995.000000
-37093.000000
-37192.000000
-37292.000000
-37390.000000
-37490.000000
-37590.000000
-37690.000000
-37790.000000
-37891.000000
-37992.000000
-38091.000000
-38192.000000
-38293.000000
-38394.000000
-38497.000000
-38597.000000
-38701.000000
-38802.000000
-38902.000000
-39002.000000
-39101.000000
-39202.000000
-39301.000000
-39401.000000
-39501.000000
-39602.000000
-39702.000000
-39801.000000
-39901.000000
-40001.000000
-40100.000000
-40200.000000
-40299.000000
-40398.000000
-40498.000000
-40598.000000
-40697.000000
-40796.000000
-40897.000000
-40998.000000
-41099.000000
-41197.000000
-41299.000000
-41398.000000
-41497.000000
-41597.000000
-41696.000000
-41796.000000
-41896.000000
-41998.000000
-42098.000000
-42197.000000
-42297.000000
-42398.000000
-42499.000000
-42601.000000
-42702.000000
-42804.000000
-42905.000000
-43005.000000
-43105.000000
-43203.000000
-43304.000000
-43403.000000
-43503.000000
-43603.000000
-43704.000000
-43808.000000
-43907.000000
-44007.000000
-44107.000000
-44206.000000
-44306.000000
-44405.000000
-44504.000000
-44605.000000
-44705.000000
-44804.000000
-44903.000000
-45003.000000
-45106.000000
-45205.000000
-45303.000000
-45401.000000
-45501.000000
-45600.000000
-45700.000000
-45800.000000
-45900.000000
-46000.000000
-46100.000000
-46200.000000
-46300.000000
-46404.000000
-46504.000000
-46606.000000
-46708.000000
-46809.000000
-46910.000000
-47012.000000
-47111.000000
-47211.000000
-47309.000000
-47410.000000
-47509.000000
-47610.000000
-47710.000000
-47811.000000
-47911.000000
-48010.000000
-48110.000000
-48210.000000
-48308.000000
-48408.000000
-48508.000000
-48607.000000
-48710.000000
-48810.000000
-48909.000000
-49008.000000
-49107.000000
-49212.000000
-49309.000000
-49408.000000
-49507.000000
-49606.000000
-49705.000000
-49805.000000
-49905.000000
-50004.000000
-50104.000000
-50205.000000
-50305.000000
-50405.000000
-50505.000000
-50606.000000
-50707.000000
-50809.000000
-50910.000000
-51011.000000
-51112.000000
-51212.000000
-51312.000000
-51415.000000
-51515.000000
-51615.000000
-51714.000000
-51815.000000
-51916.000000
-52016.000000
-52116.000000
-52216.000000
-52316.000000
-52415.000000
-52515.000000
-52614.000000
-52713.000000
-52814.000000
-52913.000000
-53012.000000
-53111.000000
-53210.000000
-53315.000000
-53413.000000
-53511.000000
-53611.000000
-53709.000000
-53808.000000
-53911.000000
-54011.000000
-54111.000000
-54212.000000
-54313.000000
-54412.000000
-54511.000000
-54612.000000
-54712.000000
-54814.000000
-54915.000000
-55016.000000
-55117.000000
-55219.000000
-55319.000000
-55418.000000
-55518.000000
-55617.000000
-55718.000000
-55818.000000
-55919.000000
-56020.000000
-56120.000000
-56220.000000
-56323.000000
-56423.000000
-56523.000000
-56621.000000
-56720.000000
-56819.000000
-56920.000000
-57019.000000
-57117.000000
-57217.000000
-57316.000000
-57422.000000
-57520.000000
-57618.000000
-57717.000000
-57816.000000
-57915.000000
-58016.000000
-58116.000000
-58216.000000
-58316.000000
-58417.000000
-58516.000000
-58615.000000
-58715.000000
-58817.000000
-58918.000000
-59020.000000
-59124.000000
-59225.000000
-59327.000000
-59426.000000
-59525.000000
-59624.000000
-59723.000000
-59824.000000
-59924.000000
-60026.000000
-60126.000000
-60225.000000
-60326.000000
-60425.000000
-60525.000000
-60626.000000
-60724.000000
-60824.000000
-60923.000000
-61023.000000
-61122.000000
-61221.000000
-61321.000000
-61419.000000
-61527.000000
-61625.000000
-61723.000000
-61822.000000
-61921.000000
-62019.000000
-62118.000000
-62216.000000
-62315.000000
-62414.000000
-62514.000000
-62613.000000
-62712.000000
-62813.000000
-62914.000000
-63014.000000
-63115.000000
-63215.000000
-63315.000000
-63416.000000
-63516.000000
-63616.000000
-63715.000000
-63814.000000
-63916.000000
-64016.000000
-64115.000000
-64215.000000
-64315.000000
-64413.000000
-64512.000000
-64609.000000
-64707.000000
-64803.000000
-64899.000000
-64996.000000
-65093.000000
-65189.000000
-65282.000000
-65376.000000
-65472.000000
-65569.000000
-65665.000000
-65757.000000
-65850.000000
-65943.000000
-66036.000000
-66268.000000
-66261.000000
-66238.000000
-66197.000000
-66144.000000
-66083.000000
-66021.000000
-65957.000000
-65894.000000
-65829.000000
-65765.000000
-65700.000000
-65634.000000
-65565.000000
-65495.000000
-65428.000000
-65359.000000
-65290.000000
-65223.000000
-65154.000000
-65014.000000
-64803.000000
-64590.000000
-64375.000000
-64160.000000
-63946.000000
-63732.000000
-63518.000000
-63304.000000
-63089.000000
-62873.000000
-62659.000000
-62440.000000
-62224.000000
-62010.000000
-61796.000000
-61584.000000
-61371.000000
-61161.000000
-60951.000000
-60743.000000
-60535.000000
-60327.000000
-60118.000000
-59907.000000
-59700.000000
-59491.000000
-59280.000000
-59069.000000
-58859.000000
-58648.000000
-58436.000000
-58223.000000
-58007.000000
-57797.000000
-57589.000000
-57378.000000
-57164.000000
-56956.000000
-56746.000000
-56539.000000
-56330.000000
-56122.000000
-55912.000000
-55703.000000
-55496.000000
-55286.000000
-55075.000000
-54865.000000
-54654.000000
-54442.000000
-54229.000000
-54017.000000
-53807.000000
-53599.000000
-53386.000000
-53172.000000
-52961.000000
-52752.000000
-52544.000000
-52336.000000
-52127.000000
-51918.000000
-51709.000000
-51502.000000
-51292.000000
-51083.000000
-50872.000000
-50661.000000
-50449.000000
-50236.000000
-50024.000000
-49812.000000
-49603.000000
-49390.000000
-49180.000000
-48966.000000
-48758.000000
-48549.000000
-48341.000000
-48134.000000
-47925.000000
-47715.000000
-47506.000000
-47298.000000
-47087.000000
-46877.000000
-46668.000000
-46456.000000
-46244.000000
-46030.000000
-45818.000000
-45607.000000
-45399.000000
-45187.000000
-44973.000000
-44763.000000
-44552.000000
-44345.000000
-44138.000000
-43929.000000
-43720.000000
-43512.000000
-43304.000000
-43094.000000
-42883.000000
-42673.000000
-42462.000000
-42251.000000
-42038.000000
-41826.000000
-41717.000000
-41701.000000
-41698.000000
-41698.000000
-41700.000000
-41711.000000
-41729.000000
-41752.000000
-41779.000000
-41812.000000
-41848.000000
-41885.000000
-41926.000000
-41970.000000
-42013.000000
-42059.000000
-42103.000000
-42149.000000
-42195.000000
-42243.000000
-42290.000000
-42339.000000
-42387.000000
-43429.000000
-43529.000000
-43629.000000
-43729.000000
-43830.000000
-43930.000000
-44030.000000
-44129.000000
-44229.000000
-44328.000000
-44426.000000
-44526.000000
-44626.000000
-44726.000000
-44825.000000
-44924.000000
-45024.000000
-45128.000000
-45226.000000
-45324.000000
-45426.000000
-45526.000000
-45625.000000
-45725.000000
-45825.000000
-45926.000000
-46026.000000
-46125.000000
-46225.000000
-46324.000000
-46425.000000
-46525.000000
-46627.000000
-46730.000000
-46831.000000
-46931.000000
-47033.000000
-47132.000000
-47231.000000
-47331.000000
-47430.000000
-47531.000000
-47631.000000
-47733.000000
-47832.000000
-47933.000000
-48032.000000
-48132.000000
-48232.000000
-48335.000000
-48434.000000
-48533.000000
-48633.000000
-48733.000000
-48832.000000
-48930.000000
-49029.000000
-49128.000000
-49233.000000
-49331.000000
-49430.000000
-49529.000000
-49628.000000
-49728.000000
-49828.000000
-49927.000000
-50027.000000
-50128.000000
-50228.000000
-50328.000000
-50428.000000
-50529.000000
-50630.000000
-50730.000000
-50833.000000
-50933.000000
-51034.000000
-51135.000000
-51238.000000
-51338.000000
-51437.000000
-51536.000000
-51637.000000
-51737.000000
-51838.000000
-51938.000000
-52038.000000
-52138.000000
-52238.000000
-52338.000000
-52438.000000
-52537.000000
-52636.000000
-52735.000000
-52834.000000
-52933.000000
-53032.000000
-53131.000000
-53231.000000
-53336.000000
-53434.000000
-53532.000000
-53632.000000
-53731.000000
-53833.000000
-53932.000000
-54032.000000
-54132.000000
-54233.000000
-54333.000000
-54433.000000
-54533.000000
-54633.000000
-54733.000000
-54834.000000
-54936.000000
-55048.000000
-55138.000000
-55239.000000
-55339.000000
-55439.000000
-55538.000000
-55638.000000
-55738.000000
-55838.000000
-55939.000000
-56043.000000
-56143.000000
-56243.000000
-56343.000000
-56443.000000
-56543.000000
-56641.000000
-56740.000000
-56839.000000
-56940.000000
-57038.000000
-57137.000000
-57236.000000
-57335.000000
-57439.000000
-57536.000000
-57635.000000
-57733.000000
-57833.000000
-57932.000000
-58032.000000
-58132.000000
-58232.000000
-58332.000000
-58433.000000
-58530.000000
-58631.000000
-58731.000000
-58832.000000
-58936.000000
-59038.000000
-59138.000000
-59237.000000
-59337.000000
-59437.000000
-59537.000000
-59637.000000
-59736.000000
-59838.000000
-59938.000000
-60040.000000
-60141.000000
-60241.000000
-60342.000000
-60442.000000
-60542.000000
-60642.000000
-60741.000000
-60840.000000
-60940.000000
-61041.000000
-61139.000000
-61239.000000
-61337.000000
-61436.000000
-61541.000000
-61640.000000
-61739.000000
-61839.000000
-61939.000000
-62038.000000
-62137.000000
-62237.000000
-62337.000000
-62437.000000
-62539.000000
-62637.000000
-62738.000000
-62839.000000
-62940.000000
-63042.000000
-63143.000000
-63243.000000
-63343.000000
-63443.000000
-63543.000000
-63642.000000
-63741.000000
-63840.000000
-63941.000000
-64040.000000
-64141.000000
-64242.000000
-64341.000000
-64445.000000
-64544.000000
-64644.000000
-64744.000000
-64843.000000
-64943.000000
-65041.000000
-65141.000000
-65238.000000
-65336.000000
-65435.000000
-65533.000000
-65637.000000
-65733.000000
-65830.000000
-65927.000000
-66025.000000
-66123.000000
-66221.000000
-66318.000000
-66416.000000
-66512.000000
-66609.000000
-66705.000000
-66800.000000
-66897.000000
-66994.000000
-67099.000000
-67202.000000
-67304.000000
-67407.000000
-67510.000000
-67610.000000
-67710.000000
-67810.000000
-67910.000000
-68010.000000
-68111.000000
-68211.000000
-68312.000000
-68413.000000
-68513.000000
-68614.000000
-68714.000000
-68815.000000
-68915.000000
-69017.000000
-69119.000000
-69221.000000
-69322.000000
-69424.000000
-69525.000000
-69630.000000
-69735.000000
-69833.000000
-69934.000000
-70033.000000
-70134.000000
-70234.000000
-70335.000000
-70434.000000
-70535.000000
-70636.000000
-70737.000000
-70836.000000
-70937.000000
-71038.000000
-71139.000000
-71241.000000
-71341.000000
-71441.000000
-71540.000000
-71638.000000
-71736.000000
-71835.000000
-71932.000000
-72030.000000
-72128.000000
-72225.000000
-72325.000000
-72421.000000
-72514.000000
-72607.000000
-72699.000000
-72791.000000
-72883.000000
-72976.000000
-73068.000000
-73158.000000
