1187.000000
1183.000000
1171.000000
1153.000000
1130.000000
1102.000000
1071.000000
1036.000000
998.000000
959.000000
914.000000
872.000000
827.000000
781.000000
737.000000
689.000000
643.000000
595.000000
548.000000
500.000000
-538.000000
-638.000000
-737.000000
-837.000000
-936.000000
-1037.000000
-1137.000000
-1236.000000
-1336.000000
-1436.000000
-1539.000000
-1641.000000
-1742.000000
-1842.000000
-1944.000000
-2043.000000
-2146.000000
-2246.000000
-2346.000000
-2445.000000
-2545.000000
-2643.000000
-2744.000000
-2844.000000
-2943.000000
-3043.000000
-3143.000000
-3243.000000
-3342.000000
-3442.000000
-3541.000000
-3641.000000
-3741.000000
-3840.000000
-3938.000000
-4038.000000
-4142.000000
-4241.000000
-4342.000000
-4441.000000
-4540.000000
-4639.000000
-4739.000000
-4838.000000
-4939.000000
-5038.000000
-5140.000000
-5239.000000
-5338.000000
-5438.000000
-5539.000000
-5641.000000
-5743.000000
-5844.000000
-5946.000000
-6047.000000
-6147.000000
-6246.000000
-6345.000000
-6445.000000
-6544.000000
-6644.000000
-6744.000000
-6846.000000
-6949.000000
-7048.000000
-7148.000000
-7248.000000
-7347.000000
-7447.000000
-7547.000000
-7646.000000
-7746.000000
-7846.000000
-7945.000000
-8045.000000
-8144.000000
-8249.000000
-8347.000000
-8444.000000
-8544.000000
-8642.000000
-8742.000000
-8842.000000
-8941.000000
-9042.000000
-9141.000000
-9242.000000
-9342.000000
-9441.000000
-9546.000000
-9645.000000
-9747.000000
-9849.000000
-9951.000000
-10052.000000
-10153.000000
-10252.000000
-10351.000000
-10450.000000
-10551.000000
-10650.000000
-10751.000000
-10851.000000
-10952.000000
-11051.000000
-11151.000000
-11251.000000
-11351.000000
-11450.000000
-11550.000000
-11649.000000
-11749.000000
-11853.000000
-11953.000000
-12051.000000
-12151.000000
-12250.000000
-12354.000000
-12453.000000
-12551.000000
-12651.000000
-12749.000000
-12848.000000
-12948.000000
-13047.000000
-13148.000000
-13247.000000
-13348.000000
-13448.000000
-13548.000000
-13648.000000
-13748.000000
-13850.000000
-13952.000000
-14053.000000
-14153.000000
-14255.000000
-14354.000000
-14454.000000
-14556.000000
-14657.000000
-14756.000000
-14856.000000
-14957.000000
-15057.000000
-15158.000000
-15257.000000
-15358.000000
-15458.000000
-15558.000000
-15657.000000
-15755.000000
-15855.000000
-15954.000000
-16054.000000
-16153.000000
-16252.000000
-16352.000000
-16457.000000
-16555.000000
-16653.000000
-16753.000000
-16851.000000
-16950.000000
-17050.000000
-17150.000000
-17254.000000
-17354.000000
-17454.000000
-17554.000000
-17653.000000
-17754.000000
-17854.000000
-17955.000000
-18058.000000
-18158.000000
-18259.000000
-18361.000000
-18460.000000
-18560.000000
-18659.000000
-18759.000000
-18858.000000
-18959.000000
-19060.000000
-19160.000000
-19261.000000
-19361.000000
-19461.000000
-19561.000000
-19664.000000
-19762.000000
-19861.000000
-19961.000000
-20061.000000
-20161.000000
-20260.000000
-20359.000000
-20458.000000
-20563.000000
-20661.000000
-20759.000000
-20858.000000
-20957.000000
-21056.000000
-21156.000000
-21256.000000
-21356.000000
-21457.000000
-21556.000000
-21656.000000
-21755.000000
-21856.000000
-21957.000000
-22058.000000
-22161.000000
-22261.000000
-22362.000000
-22465.000000
-22565.000000
-22665.000000
-22764.000000
-22864.000000
-22965.000000
-23064.000000
-23166.000000
-23266.000000
-23365.000000
-23466.000000
-23565.000000
-23666.000000
-23765.000000
-23864.000000
-23964.000000
-24064.000000
-24164.000000
-24262.000000
-24362.000000
-24461.000000
-24560.000000
-24664.000000
-24762.000000
-24864.000000
-24962.000000
-25063.000000
-25162.000000
-25262.000000
-25361.000000
-25461.000000
-25562.000000
-25662.000000
-25762.000000
-25863.000000
-25963.000000
-26064.000000
-26164.000000
-26266.000000
-26367.000000
-26467.000000
-26568.000000
-26668.000000
-26768.000000
-26868.000000
-26967.000000
-27068.000000
-27167.000000
-27269.000000
-27372.000000
-27472.000000
-27572.000000
-27672.000000
-27772.000000
-27872.000000
-27971.000000
-28071.000000
-28169.000000
-28270.000000
-28368.000000
-28468.000000
-28567.000000
-28667.000000
-28771.000000
-28868.000000
-28967.000000
-29066.000000
-29166.000000
-29265.000000
-29365.000000
-29464.000000
-29565.000000
-29665.000000
-29767.000000
-29865.000000
-29965.000000
-30065.000000
-30166.000000
-30271.000000
-30373.000000
-30474.000000
-30574.000000
-30675.000000
-30775.000000
-30875.000000
-30974.000000
-31073.000000
-31173.000000
-31273.000000
-31374.000000
-31475.000000
-31574.000000
-31675.000000
-31775.000000
-31874.000000
-31974.000000
-32072.000000
-32172.000000
-32270.000000
-32371.000000
-32469.000000
-32569.000000
-32668.000000
-32767.000000
-32872.000000
-32968.000000
-33068.000000
-33169.000000
-33269.000000
-33366.000000
-33469.000000
-33569.000000
-33669.000000
-33769.000000
-33870.000000
-33968.000000
-34070.000000
-34170.000000
-34271.000000
-34374.000000
-34475.000000
-34576.000000
-34676.000000
-34777.000000
-34876.000000
-34975.000000
-35076.000000
-35174.000000
-35275.000000
-35375.000000
-35477.000000
-35577.000000
-35676.000000
-35777.000000
-35876.000000
-35975.000000
-36076.000000
-36174.000000
-36275.000000
-36377.000000
-36477.000000
-36576.000000
-36674.000000
-36774.000000
-36873.000000
-36977.000000
-37074.000000
-37174.000000
-37273.000000
-37373.000000
-37472.000000
-37572.000000
-37672.000000
-37772.000000
-37873.000000
-37974.000000
-38072.000000
-38173.000000
-38274.000000
-38375.000000
-38477.000000
-38578.000000
-38679.000000
-38790.000000
-38880.000000
-38980.000000
-39079.000000
-39180.000000
-39282.000000
-39382.000000
-39481.000000
-39582.000000
-39683.000000
-39782.000000
-39883.000000
-39983.000000
-40082.000000
-40183.000000
-40281.000000
-40381.000000
-40480.000000
-40579.000000
-40679.000000
-40777.000000
-40877.000000
-40977.000000
-41080.000000
-41178.000000
-41276.000000
-41375.000000
-41474.000000
-41574.000000
-41674.000000
-41773.000000
-41875.000000
-41975.000000
-42076.000000
-42175.000000
-42275.000000
-42376.000000
-42477.000000
-42582.000000
-42683.000000
-42785.000000
-42887.000000
-42986.000000
-43087.000000
-43185.000000
-43286.000000
-43384.000000
-43485.000000
-43584.000000
-43685.000000
-43786.000000
-43885.000000
-43986.000000
-44086.000000
-44185.000000
-44285.000000
-44383.000000
-44482.000000
-44583.000000
-44683.000000
-44783.000000
-44881.000000
-44981.000000
-45081.000000
-45184.000000
-45284.000000
-45382.000000
-45482.000000
-45581.000000
-45681.000000
-45781.000000
-45881.000000
-45982.000000
-46083.000000
-46182.000000
-46282.000000
-46381.000000
-46482.000000
-46584.000000
-46686.000000
-46787.000000
-46888.000000
-46990.000000
-47089.000000
-47189.000000
-47287.000000
-47388.000000
-47487.000000
-47587.000000
-47687.000000
-47788.000000
-47888.000000
-47988.000000
-48087.000000
-48188.000000
-48290.000000
-48389.000000
-48489.000000
-48588.000000
-48688.000000
-48787.000000
-48887.000000
-48985.000000
-49085.000000
-49187.000000
-49287.000000
-49385.000000
-49484.000000
-49583.000000
-49682.000000
-49782.000000
-49882.000000
-49981.000000
-50081.000000
-50182.000000
-50282.000000
-50382.000000
-50482.000000
-50583.000000
-50685.000000
-50789.000000
-50891.000000
-50991.000000
-51093.000000
-51192.000000
-51292.000000
-51392.000000
-51492.000000
-51591.000000
-51692.000000
-51792.000000
-51892.000000
-51993.000000
-52092.000000
-52192.000000
-52293.000000
-52392.000000
-52492.000000
-52592.000000
-52690.000000
-52790.000000
-52889.000000
-52989.000000
-53088.000000
-53187.000000
-53290.000000
-53390.000000
-53489.000000
-53587.000000
-53689.000000
-53788.000000
-53887.000000
-53987.000000
-54087.000000
-54187.000000
-54289.000000
-54388.000000
-54487.000000
-54587.000000
-54687.000000
-54789.000000
-54891.000000
-54992.000000
-55093.000000
-55195.000000
-55294.000000
-55394.000000
-55494.000000
-55594.000000
-55693.000000
-55794.000000
-55894.000000
-55995.000000
-56096.000000
-56196.000000
-56295.000000
-56395.000000
-56497.000000
-56597.000000
-56697.000000
-56795.000000
-56896.000000
-56996.000000
-57094.000000
-57192.000000
-57290.000000
-57392.000000
-57490.000000
-57586.000000
-57684.000000
-57781.000000
-57879.000000
-57977.000000
-58075.000000
-58173.000000
-58272.000000
-58371.000000
-58469.000000
-58567.000000
-58664.000000
-58763.000000
-58865.000000
-58970.000000
-59075.000000
-59178.000000
-59284.000000
-59385.000000
-59486.000000
-59586.000000
-59687.000000
-59787.000000
-59889.000000
-59989.000000
-60092.000000
-60193.000000
-60294.000000
-60395.000000
-60496.000000
-60596.000000
-60696.000000
-60797.000000
-60897.000000
-60997.000000
-61097.000000
-61195.000000
-61294.000000
-61393.000000
-61497.000000
-61595.000000
-61693.000000
-61792.000000
-61891.000000
-61990.000000
-62089.000000
-62188.000000
-62292.000000
-62391.000000
-62492.000000
-62592.000000
-62692.000000
-62793.000000
-62893.000000
-62995.000000
-63096.000000
-63196.000000
-63296.000000
-63397.000000
-63496.000000
-63594.000000
-63693.000000
-63793.000000
-63891.000000
-63991.000000
-64089.000000
-64189.000000
-64288.000000
-64385.000000
-64483.000000
-64580.000000
-64676.000000
-64772.000000
-64866.000000
-64960.000000
-65054.000000
-65149.000000
-65241.000000
-65336.000000
-65428.000000
-65519.000000
-65615.000000
-65838.000000
-65832.000000
-65809.000000
-65770.000000
-65718.000000
-65661.000000
-65601.000000
-65532.000000
-65471.000000
-65405.000000
-65342.000000
-65277.000000
-65212.000000
-65147.000000
-65075.000000
-65013.000000
-64941.000000
-64878.000000
-64807.000000
-64740.000000
-64605.000000
-64395.000000
-64185.000000
-63972.000000
-63759.000000
-63541.000000
-63326.000000
-63111.000000
-62896.000000
-62682.000000
-62469.000000
-62253.000000
-62039.000000
-61825.000000
-61611.000000
-61391.000000
-61176.000000
-60961.000000
-60746.000000
-60532.000000
-60318.000000
-60106.000000
-59898.000000
-59686.000000
-59475.000000
-59263.000000
-59054.000000
-58844.000000
-58632.000000
-58419.000000
-58206.000000
-57995.000000
-57785.000000
-57577.000000
-57365.000000
-57153.000000
-56946.000000
-56736.000000
-56529.000000
-56316.000000
-56106.000000
-55896.000000
-55689.000000
-55481.000000
-55270.000000
-55059.000000
-54849.000000
-54639.000000
-54426.000000
-54213.000000
-54001.000000
-53791.000000
-53583.000000
-53375.000000
-53159.000000
-52950.000000
-52736.000000
-52528.000000
-52320.000000
-52111.000000
-51902.000000
-51694.000000
-51486.000000
-51275.000000
-51065.000000
-50856.000000
-50645.000000
-50434.000000
-50221.000000
-50007.000000
-49796.000000
-49587.000000
-49379.000000
-49161.000000
-48951.000000
-48743.000000
-48533.000000
-48327.000000
-48119.000000
-47910.000000
-47700.000000
-47492.000000
-47282.000000
-47071.000000
-46860.000000
-46650.000000
-46440.000000
-46228.000000
-46013.000000
-45802.000000
-45587.000000
-45379.000000
-45171.000000
-44956.000000
-44746.000000
-44538.000000
-44330.000000
-44123.000000
-43913.000000
-43705.000000
-43497.000000
-43288.000000
-43077.000000
-42866.000000
-42657.000000
-42446.000000
-42233.000000
-42022.000000
-41804.000000
-41593.000000
-41386.000000
-41286.000000
-41272.000000
-41269.000000
-41269.000000
-41271.000000
-41283.000000
-41302.000000
-41325.000000
-41352.000000
-41384.000000
-41420.000000
-41457.000000
-41496.000000
-41538.000000
-41581.000000
-41626.000000
-41670.000000
-41717.000000
-41763.000000
-41811.000000
-41859.000000
-41906.000000
-41955.000000
-43000.000000
-43100.000000
-43198.000000
-43299.000000
-43397.000000
-43497.000000
-43597.000000
-43698.000000
-43799.000000
-43898.000000
-43998.000000
-44098.000000
-44197.000000
-44297.000000
-44396.000000
-44498.000000
-44598.000000
-44698.000000
-44798.000000
-44897.000000
-44997.000000
-45100.000000
-45199.000000
-45297.000000
-45395.000000
-45495.000000
-45594.000000
-45694.000000
-45794.000000
-45894.000000
-45993.000000
-46094.000000
-46194.000000
-46294.000000
-46393.000000
-46495.000000
-46596.000000
-46698.000000
-46800.000000
-46900.000000
-47002.000000
-47105.000000
-47204.000000
-47303.000000
-47403.000000
-47503.000000
-47603.000000
-47704.000000
-47804.000000
-47905.000000
-48004.000000
-48104.000000
-48203.000000
-48302.000000
-48402.000000
-48502.000000
-48601.000000
-48702.000000
-48801.000000
-48900.000000
-48999.000000
-49098.000000
-49202.000000
-49301.000000
-49400.000000
-49499.000000
-49598.000000
-49697.000000
-49800.000000
-49897.000000
-50000.000000
-50099.000000
-50200.000000
-50300.000000
-50400.000000
-50500.000000
-50601.000000
-50702.000000
-50804.000000
-50906.000000
-51006.000000
-51108.000000
-51207.000000
-51307.000000
-51406.000000
-51507.000000
-51606.000000
-51707.000000
-51807.000000
-51907.000000
-52007.000000
-52107.000000
-52207.000000
-52307.000000
-52405.000000
-52508.000000
-52608.000000
-52707.000000
-52807.000000
-52907.000000
-53005.000000
-53105.000000
-53204.000000
-53309.000000
-53407.000000
-53506.000000
-53605.000000
-53703.000000
-53802.000000
-53901.000000
-54001.000000
-54102.000000
-54201.000000
-54303.000000
-54402.000000
-54502.000000
-54602.000000
-54702.000000
-54804.000000
-54906.000000
-55011.000000
-55112.000000
-55213.000000
-55313.000000
-55412.000000
-55512.000000
-55612.000000
-55711.000000
-55811.000000
-55912.000000
-56013.000000
-56113.000000
-56213.000000
-56313.000000
-56413.000000
-56513.000000
-56611.000000
-56710.000000
-56809.000000
-56910.000000
-57009.000000
-57108.000000
-57208.000000
-57306.000000
-57412.000000
-57509.000000
-57607.000000
-57706.000000
-57808.000000
-57908.000000
-58008.000000
-58108.000000
-58208.000000
-58308.000000
-58408.000000
-58508.000000
-58607.000000
-58708.000000
-58808.000000
-58910.000000
-59012.000000
-59114.000000
-59214.000000
-59316.000000
-59415.000000
-59514.000000
-59614.000000
-59713.000000
-59814.000000
-59914.000000
-60015.000000
-60116.000000
-60216.000000
-60316.000000
-60419.000000
-60518.000000
-60619.000000
-60717.000000
-60817.000000
-60916.000000
-61016.000000
-61115.000000
-61214.000000
-61313.000000
-61412.000000
-61517.000000
-61615.000000
-61713.000000
-61813.000000
-61912.000000
-62011.000000
-62111.000000
-62210.000000
-62311.000000
-62410.000000
-62511.000000
-62610.000000
-62710.000000
-62811.000000
-62911.000000
-63013.000000
-63115.000000
-63219.000000
-63319.000000
-63421.000000
-63520.000000
-63620.000000
-63720.000000
-63820.000000
-63920.000000
-64020.000000
-64121.000000
-64221.000000
-64321.000000
-64421.000000
-64522.000000
-64621.000000
-64722.000000
-64820.000000
-64919.000000
-65018.000000
-65118.000000
-65217.000000
-65316.000000
-65416.000000
-65515.000000
-65619.000000
-65718.000000
-65819.000000
-65918.000000
-66017.000000
-66116.000000
-66216.000000
-66315.000000
-66416.000000
-66514.000000
-66613.000000
-66711.000000
-66809.000000
-66909.000000
-67009.000000
-67108.000000
-67210.000000
-67310.000000
-67409.000000
-67510.000000
-67607.000000
-67705.000000
-67803.000000
-67901.000000
-67999.000000
-68099.000000
-68200.000000
-68301.000000
-68402.000000
-68502.000000
-68602.000000
-68704.000000
-68804.000000
-68902.000000
-69001.000000
-69101.000000
-69201.000000
-69302.000000
-69401.000000
-69501.000000
-69601.000000
-69705.000000
-69804.000000
-69903.000000
-70002.000000
-70101.000000
-70201.000000
-70301.000000
-70400.000000
-70501.000000
-70601.000000
-70701.000000
-70800.000000
-70899.000000
-71000.000000
-71101.000000
-71202.000000
-71305.000000
-71405.000000
-71505.000000
-71605.000000
-71702.000000
-71803.000000
-71901.000000
-72000.000000
-72096.000000
-72193.000000
-72291.000000
-72387.000000
-72482.000000
-72576.000000
-72668.000000
-72761.000000
-72853.000000
-72947.000000
-73038.000000
-73129.000000
