1066.000000
1063.000000
1051.000000
1033.000000
1009.000000
980.000000
949.000000
914.000000
877.000000
838.000000
795.000000
753.000000
708.000000
663.000000
618.000000
572.000000
525.000000
477.000000
429.000000
381.000000
-659.000000
-759.000000
-858.000000
-957.000000
-1058.000000
-1158.000000
-1258.000000
-1359.000000
-1458.000000
-1561.000000
-1666.000000
-1767.000000
-1867.000000
-1969.000000
-2068.000000
-2168.000000
-2267.000000
-2367.000000
-2466.000000
-2566.000000
-2667.000000
-2767.000000
-2867.000000
-2970.000000
-3070.000000
-3169.000000
-3269.000000
-3367.000000
-3466.000000
-3564.000000
-3664.000000
-3764.000000
-3862.000000
-3962.000000
-4061.000000
-4166.000000
-4264.000000
-4365.000000
-4464.000000
-4563.000000
-4662.000000
-4762.000000
-4861.000000
-4962.000000
-5062.000000
-5163.000000
-5262.000000
-5362.000000
-5463.000000
-5563.000000
-5664.000000
-5766.000000
-5871.000000
-5972.000000
-6074.000000
-6173.000000
-6273.000000
-6372.000000
-6471.000000
-6571.000000
-6671.000000
-6772.000000
-6873.000000
-6974.000000
-7077.000000
-7177.000000
-7277.000000
-7377.000000
-7474.000000
-7574.000000
-7674.000000
-7773.000000
-7873.000000
-7972.000000
-8071.000000
-8170.000000
-8275.000000
-8373.000000
-8474.000000
-8574.000000
-8673.000000
-8772.000000
-8872.000000
-8972.000000
-9073.000000
-9173.000000
-9273.000000
-9372.000000
-9471.000000
-9572.000000
-9674.000000
-9778.000000
-9880.000000
-9981.000000
-10082.000000
-10182.000000
-10281.000000
-10381.000000
-10480.000000
-10579.000000
-10680.000000
-10781.000000
-10881.000000
-10982.000000
-11084.000000
-11185.000000
-11285.000000
-11384.000000
-11485.000000
-11584.000000
-11683.000000
-11783.000000
-11884.000000
-11982.000000
-12081.000000
-12181.000000
-12279.000000
-12383.000000
-12484.000000
-12583.000000
-12682.000000
-12782.000000
-12881.000000
-12981.000000
-13081.000000
-13181.000000
-13281.000000
-13383.000000
-13481.000000
-13582.000000
-13683.000000
-13786.000000
-13887.000000
-13989.000000
-14089.000000
-14190.000000
-14289.000000
-14390.000000
-14490.000000
-14589.000000
-14689.000000
-14789.000000
-14889.000000
-14990.000000
-15090.000000
-15190.000000
-15293.000000
-15394.000000
-15493.000000
-15594.000000
-15693.000000
-15793.000000
-15892.000000
-15992.000000
-16091.000000
-16190.000000
-16289.000000
-16388.000000
-16493.000000
-16593.000000
-16692.000000
-16791.000000
-16891.000000
-16990.000000
-17090.000000
-17189.000000
-17290.000000
-17391.000000
-17492.000000
-17590.000000
-17690.000000
-17791.000000
-17891.000000
-17993.000000
-18097.000000
-18198.000000
-18299.000000
-18399.000000
-18499.000000
-18599.000000
-18699.000000
-18797.000000
-18898.000000
-18998.000000
-19099.000000
-19199.000000
-19300.000000
-19403.000000
-19503.000000
-19602.000000
-19703.000000
-19802.000000
-19901.000000
-20000.000000
-20100.000000
-20200.000000
-20299.000000
-20399.000000
-20499.000000
-20602.000000
-20699.000000
-20800.000000
-20899.000000
-20999.000000
-21098.000000
-21198.000000
-21298.000000
-21399.000000
-21499.000000
-21599.000000
-21699.000000
-21798.000000
-21899.000000
-22001.000000
-22103.000000
-22207.000000
-22307.000000
-22409.000000
-22509.000000
-22608.000000
-22708.000000
-22808.000000
-22907.000000
-23007.000000
-23107.000000
-23209.000000
-23309.000000
-23408.000000
-23508.000000
-23611.000000
-23710.000000
-23810.000000
-23910.000000
-24009.000000
-24109.000000
-24209.000000
-24309.000000
-24407.000000
-24506.000000
-24606.000000
-24707.000000
-24805.000000
-24908.000000
-25006.000000
-25105.000000
-25204.000000
-25304.000000
-25404.000000
-25504.000000
-25605.000000
-25705.000000
-25805.000000
-25905.000000
-26005.000000
-26107.000000
-26209.000000
-26314.000000
-26414.000000
-26515.000000
-26615.000000
-26715.000000
-26814.000000
-26915.000000
-27014.000000
-27115.000000
-27214.000000
-27315.000000
-27415.000000
-27515.000000
-27615.000000
-27718.000000
-27817.000000
-27917.000000
-28018.000000
-28116.000000
-28216.000000
-28316.000000
-28416.000000
-28515.000000
-28614.000000
-28718.000000
-28818.000000
-28916.000000
-29015.000000
-29117.000000
-29216.000000
-29316.000000
-29415.000000
-29516.000000
-29615.000000
-29716.000000
-29815.000000
-29915.000000
-30015.000000
-30115.000000
-30217.000000
-30318.000000
-30420.000000
-30520.000000
-30626.000000
-30726.000000
-30826.000000
-30925.000000
-31025.000000
-31124.000000
-31226.000000
-31325.000000
-31426.000000
-31526.000000
-31627.000000
-31727.000000
-31826.000000
-31925.000000
-32027.000000
-32127.000000
-32226.000000
-32326.000000
-32427.000000
-32525.000000
-32626.000000
-32724.000000
-32829.000000
-32927.000000
-33024.000000
-33124.000000
-33222.000000
-33322.000000
-33422.000000
-33522.000000
-33625.000000
-33725.000000
-33826.000000
-33925.000000
-34024.000000
-34125.000000
-34225.000000
-34327.000000
-34429.000000
-34530.000000
-34631.000000
-34732.000000
-34832.000000
-34931.000000
-35034.000000
-35134.000000
-35234.000000
-35334.000000
-35435.000000
-35535.000000
-35635.000000
-35734.000000
-35834.000000
-35934.000000
-36034.000000
-36132.000000
-36232.000000
-36332.000000
-36436.000000
-36536.000000
-36634.000000
-36734.000000
-36833.000000
-36937.000000
-37036.000000
-37134.000000
-37234.000000
-37333.000000
-37432.000000
-37532.000000
-37631.000000
-37731.000000
-37832.000000
-37935.000000
-38035.000000
-38134.000000
-38236.000000
-38335.000000
-38437.000000
-38539.000000
-38639.000000
-38741.000000
-38842.000000
-38942.000000
-39042.000000
-39141.000000
-39241.000000
-39344.000000
-39445.000000
-39545.000000
-39646.000000
-39745.000000
-39845.000000
-39946.000000
-40045.000000
-40146.000000
-40244.000000
-40343.000000
-40443.000000
-40542.000000
-40641.000000
-40740.000000
-40839.000000
-40938.000000
-41046.000000
-41145.000000
-41243.000000
-41343.000000
-41442.000000
-41540.000000
-41640.000000
-41740.000000
-41841.000000
-41941.000000
-42041.000000
-42141.000000
-42241.000000
-42342.000000
-42442.000000
-42542.000000
-42646.000000
-42746.000000
-42846.000000
-42945.000000
-43045.000000
-43144.000000
-43242.000000
-43341.000000
-43440.000000
-43540.000000
-43640.000000
-43741.000000
-43841.000000
-43940.000000
-44040.000000
-44141.000000
-44240.000000
-44338.000000
-44437.000000
-44537.000000
-44637.000000
-44736.000000
-44835.000000
-44933.000000
-45031.000000
-45135.000000
-45232.000000
-45329.000000
-45427.000000
-45526.000000
-45627.000000
-45726.000000
-45824.000000
-45923.000000
-46022.000000
-46119.000000
-46216.000000
-46313.000000
-46411.000000
-46508.000000
-46606.000000
-46705.000000
-46801.000000
-46898.000000
-46995.000000
-47089.000000
-47187.000000
-47282.000000
-47378.000000
-47472.000000
-47719.000000
-47712.000000
-47687.000000
-47645.000000
-47591.000000
-47531.000000
-47470.000000
-47408.000000
-47344.000000
-47281.000000
-47218.000000
-47153.000000
-47088.000000
-47023.000000
-46955.000000
-46888.000000
-46821.000000
-46753.000000
-46685.000000
-46616.000000
-46478.000000
-46271.000000
-46063.000000
-45849.000000
-45637.000000
-45426.000000
-45211.000000
-44994.000000
-44782.000000
-44568.000000
-44357.000000
-44145.000000
-43932.000000
-43720.000000
-43507.000000
-43292.000000
-43080.000000
-42867.000000
-42654.000000
-42440.000000
-42227.000000
-42015.000000
-41801.000000
-41587.000000
-41374.000000
-41162.000000
-40940.000000
-40725.000000
-40513.000000
-40299.000000
-40087.000000
-39875.000000
-39662.000000
-39448.000000
-39241.000000
-39031.000000
-38821.000000
-38606.000000
-38395.000000
-38184.000000
-37973.000000
-37758.000000
-37548.000000
-37338.000000
-37129.000000
-36921.000000
-36706.000000
-36493.000000
-36287.000000
-36080.000000
-35871.000000
-35659.000000
-35450.000000
-35242.000000
-35033.000000
-34823.000000
-34612.000000
-34398.000000
-34186.000000
-33976.000000
-33766.000000
-33553.000000
-33342.000000
-33131.000000
-32922.000000
-32707.000000
-32499.000000
-32286.000000
-32081.000000
-31872.000000
-31661.000000
-31452.000000
-31243.000000
-31034.000000
-30824.000000
-30614.000000
-30403.000000
-30192.000000
-29977.000000
-29766.000000
-29552.000000
-29340.000000
-29131.000000
-28922.000000
-28712.000000
-28499.000000
-28293.000000
-28081.000000
-27874.000000
-27663.000000
-27453.000000
-27243.000000
-27034.000000
-26825.000000
-26615.000000
-26405.000000
-26194.000000
-25978.000000
-25767.000000
-25555.000000
-25343.000000
-25131.000000
-24923.000000
-24714.000000
-24500.000000
-24293.000000
-24085.000000
-23874.000000
-23665.000000
-23453.000000
-23250.000000
-23164.000000
-23152.000000
-23149.000000
-23149.000000
-23153.000000
-23165.000000
-23182.000000
-23207.000000
-23236.000000
-23268.000000
-23303.000000
-23341.000000
-23380.000000
-23421.000000
-23464.000000
-23506.000000
-23552.000000
-23598.000000
-23644.000000
-23690.000000
-23736.000000
-23786.000000
-23832.000000
-24870.000000
-24969.000000
-25069.000000
-25168.000000
-25270.000000
-25369.000000
-25469.000000
-25569.000000
-25669.000000
-25768.000000
-25868.000000
-25968.000000
-26069.000000
-26169.000000
-26271.000000
-26372.000000
-26473.000000
-26573.000000
-26677.000000
-26777.000000
-26876.000000
-26976.000000
-27076.000000
-27176.000000
-27277.000000
-27377.000000
-27477.000000
-27577.000000
-27677.000000
-27777.000000
-27878.000000
-27976.000000
-28075.000000
-28174.000000
-28275.000000
-28373.000000
-28476.000000
-28575.000000
-28674.000000
-28778.000000
-28875.000000
-28974.000000
-29073.000000
-29173.000000
-29272.000000
-29372.000000
-29472.000000
-29572.000000
-29673.000000
-29774.000000
-29872.000000
-29974.000000
-30076.000000
-30178.000000
-30279.000000
-30381.000000
-30482.000000
-30583.000000
-30683.000000
-30783.000000
-30883.000000
-30983.000000
-31081.000000
-31182.000000
-31281.000000
-31383.000000
-31483.000000
-31583.000000
-31687.000000
-31787.000000
-31886.000000
-31986.000000
-32085.000000
-32184.000000
-32283.000000
-32385.000000
-32483.000000
-32581.000000
-32681.000000
-32781.000000
-32884.000000
-32981.000000
-33080.000000
-33179.000000
-33281.000000
-33381.000000
-33481.000000
-33581.000000
-33681.000000
-33782.000000
-33883.000000
-33981.000000
-34081.000000
-34182.000000
-34284.000000
-34386.000000
-34487.000000
-34588.000000
-34689.000000
-34792.000000
-34891.000000
-34991.000000
-35091.000000
-35190.000000
-35291.000000
-35391.000000
-35492.000000
-35593.000000
-35692.000000
-35792.000000
-35892.000000
-35991.000000
-36092.000000
-36191.000000
-36293.000000
-36393.000000
-36493.000000
-36592.000000
-36690.000000
-36790.000000
-36891.000000
-36993.000000
-37091.000000
-37189.000000
-37289.000000
-37388.000000
-37488.000000
-37587.000000
-37686.000000
-37787.000000
-37887.000000
-37992.000000
-38091.000000
-38191.000000
-38292.000000
-38393.000000
-38495.000000
-38596.000000
-38697.000000
-38799.000000
-38898.000000
-38998.000000
-39097.000000
-39198.000000
-39296.000000
-39397.000000
-39500.000000
-39600.000000
-39701.000000
-39800.000000
-39901.000000
-40001.000000
-40100.000000
-40200.000000
-40299.000000
-40399.000000
-40498.000000
-40598.000000
-40698.000000
-40797.000000
-40897.000000
-41002.000000
-41102.000000
-41200.000000
-41299.000000
-41398.000000
-41496.000000
-41597.000000
-41696.000000
-41796.000000
-41896.000000
-41997.000000
-42097.000000
-42197.000000
-42297.000000
-42397.000000
-42502.000000
-42604.000000
-42705.000000
-42806.000000
-42908.000000
-43007.000000
-43107.000000
-43206.000000
-43307.000000
-43406.000000
-43506.000000
-43606.000000
-43706.000000
-43807.000000
-43906.000000
-44006.000000
-44109.000000
-44207.000000
-44307.000000
-44407.000000
-44506.000000
-44605.000000
-44704.000000
-44803.000000
-44902.000000
-45002.000000
-45105.000000
-45204.000000
-45302.000000
-45401.000000
-45503.000000
-45602.000000
-45703.000000
-45802.000000
-45901.000000
-46000.000000
-46100.000000
-46200.000000
-46298.000000
-46396.000000
-46495.000000
-46595.000000
-46695.000000
-46794.000000
-46892.000000
-46994.000000
-47091.000000
-47188.000000
-47284.000000
-47382.000000
-47478.000000
-47575.000000
-47671.000000
-47768.000000
-47862.000000
-47955.000000
-48049.000000
-48145.000000
-48244.000000
-48344.000000
-48443.000000
-48547.000000
-48649.000000
-48751.000000
-48851.000000
-48952.000000
-49051.000000
-49150.000000
-49254.000000
-49353.000000
-49454.000000
-49555.000000
-49657.000000
-49758.000000
-49859.000000
-49961.000000
-50063.000000
-50164.000000
-50267.000000
-50367.000000
-50468.000000
-50570.000000
-50672.000000
-50774.000000
-50876.000000
-50976.000000
-51077.000000
-51173.000000
-51270.000000
-51366.000000
-51463.000000
-51558.000000
-51653.000000
-51748.000000
-51847.000000
-51941.000000
-52033.000000
-52268.000000
-52262.000000
-52237.000000
-52197.000000
-52143.000000
-52083.000000
-52023.000000
-51961.000000
-51899.000000
-51836.000000
-51772.000000
-51707.000000
-51642.000000
-51577.000000
-51512.000000
-51444.000000
-51377.000000
-51309.000000
-51241.000000
-51173.000000
-51033.000000
-50824.000000
-50611.000000
-50398.000000
-50187.000000
-49971.000000
-49758.000000
-49544.000000
-49332.000000
-49110.000000
-48897.000000
-48683.000000
-48471.000000
-48258.000000
-48047.000000
-47833.000000
-47618.000000
-47407.000000
-47195.000000
-46983.000000
-46764.000000
-46549.000000
-46335.000000
-46123.000000
-45910.000000
-45695.000000
-45482.000000
-45270.000000
-45053.000000
-44839.000000
-44629.000000
-44417.000000
-44210.000000
-43999.000000
-43790.000000
-43580.000000
-43372.000000
-43162.000000
-42947.000000
-42741.000000
-42530.000000
-42320.000000
-42104.000000
-41890.000000
-41678.000000
-41468.000000
-41259.000000
-41051.000000
-40837.000000
-40629.000000
-40421.000000
-40214.000000
-40006.000000
-39794.000000
-39582.000000
-39373.000000
-39163.000000
-38953.000000
-38743.000000
-38533.000000
-38321.000000
-38109.000000
-37897.000000
-37684.000000
-37469.000000
-37259.000000
-37052.000000
-36837.000000
-36628.000000
-36421.000000
-36214.000000
-36006.000000
-35797.000000
-35587.000000
-35377.000000
-35168.000000
-34955.000000
-34745.000000
-34534.000000
-34323.000000
-34113.000000
-33903.000000
-33690.000000
-33478.000000
-33266.000000
-33057.000000
-32845.000000
-32630.000000
-32422.000000
-32213.000000
-32007.000000
-31798.000000
-31587.000000
-31378.000000
-31170.000000
-30961.000000
-30750.000000
-30539.000000
-30324.000000
-30113.000000
-29902.000000
-29691.000000
-29476.000000
-29266.000000
-29058.000000
-28849.000000
-28634.000000
-28422.000000
-28215.000000
-28009.000000
-27804.000000
-27713.000000
-27700.000000
-27698.000000
-27698.000000
-27702.000000
-27714.000000
-27733.000000
-27756.000000
-27784.000000
-27816.000000
-27852.000000
-27889.000000
-27928.000000
-27970.000000
-28013.000000
-28057.000000
-28101.000000
-28147.000000
-28194.000000
-28240.000000
-28289.000000
-28335.000000
-28382.000000
-29421.000000
-29522.000000
-29621.000000
-29722.000000
-29821.000000
-29921.000000
-30021.000000
-30119.000000
-30221.000000
-30322.000000
-30423.000000
-30524.000000
-30625.000000
-30725.000000
-30824.000000
-30924.000000
-31024.000000
-31123.000000
-31226.000000
-31326.000000
-31428.000000
-31528.000000
-31628.000000
-31728.000000
-31827.000000
-31926.000000
-32025.000000
-32125.000000
-32224.000000
-32325.000000
-32425.000000
-32523.000000
-32623.000000
-32722.000000
-32827.000000
-32925.000000
-33023.000000
-33125.000000
-33224.000000
-33324.000000
-33424.000000
-33523.000000
-33624.000000
-33723.000000
-33824.000000
-33923.000000
-34023.000000
-34124.000000
-34224.000000
-34326.000000
-34428.000000
-34530.000000
-34630.000000
-34732.000000
-34831.000000
-34933.000000
-35033.000000
-35133.000000
-35233.000000
-35333.000000
-35434.000000
-35535.000000
-35635.000000
-35734.000000
-35834.000000
-35933.000000
-36033.000000
-36132.000000
-36231.000000
-36331.000000
-36431.000000
-36534.000000
-36632.000000
-36732.000000
-36831.000000
-36935.000000
-37034.000000
-37132.000000
-37232.000000
-37330.000000
-37429.000000
-37530.000000
-37629.000000
-37729.000000
-37830.000000
-37930.000000
-38030.000000
-38129.000000
-38234.000000
-38333.000000
-38435.000000
-38537.000000
-38638.000000
-38738.000000
-38840.000000
-38939.000000
-39039.000000
-39139.000000
-39238.000000
-39338.000000
-39438.000000
-39539.000000
-39639.000000
-39743.000000
-39842.000000
-39943.000000
-40042.000000
-40143.000000
-40241.000000
-40340.000000
-40440.000000
-40539.000000
-40639.000000
-40738.000000
-40838.000000
-40937.000000
-41042.000000
-41140.000000
-41238.000000
-41341.000000
-41440.000000
-41538.000000
-41639.000000
-41737.000000
-41836.000000
-41936.000000
-42035.000000
-42135.000000
-42233.000000
-42334.000000
-42434.000000
-42535.000000
-42637.000000
-42738.000000
-42839.000000
-42941.000000
-43043.000000
-43144.000000
-43243.000000
-43343.000000
-43443.000000
-43544.000000
-43645.000000
-43746.000000
-43846.000000
-43946.000000
-44047.000000
-44146.000000
-44246.000000
-44345.000000
-44444.000000
-44544.000000
-44644.000000
-44745.000000
-44845.000000
-44944.000000
-45044.000000
-45147.000000
-45246.000000
-45344.000000
-45442.000000
-45543.000000
-45641.000000
-45741.000000
-45840.000000
-45939.000000
-46038.000000
-46137.000000
-46238.000000
-46335.000000
-46434.000000
-46532.000000
-46630.000000
-46730.000000
-46827.000000
-46924.000000
-47021.000000
-47116.000000
-47211.000000
-47305.000000
-47400.000000
-47494.000000
-47590.000000
-47684.000000
-47779.000000
-47876.000000
-47969.000000
-48061.000000
-48293.000000
-48287.000000
-48263.000000
-48223.000000
-48171.000000
-48112.000000
-48051.000000
-47990.000000
-47928.000000
-47865.000000
-47802.000000
-47737.000000
-47673.000000
-47609.000000
-47544.000000
-47479.000000
-47414.000000
-47347.000000
-47281.000000
-47216.000000
-47082.000000
-46877.000000
-46669.000000
-46459.000000
-46249.000000
-46038.000000
-45825.000000
-45612.000000
-45401.000000
-45190.000000
-44968.000000
-44755.000000
-44542.000000
-44329.000000
-44118.000000
-43906.000000
-43693.000000
-43482.000000
-43271.000000
-43055.000000
-42842.000000
-42628.000000
-42414.000000
-42203.000000
-41991.000000
-41776.000000
-41564.000000
-41351.000000
-41140.000000
-40923.000000
-40705.000000
-40491.000000
-40279.000000
-40067.000000
-39854.000000
-39642.000000
-39429.000000
-39219.000000
-39007.000000
-38795.000000
-38581.000000
-38367.000000
-38155.000000
-37938.000000
-37725.000000
-37513.000000
-37300.000000
-37087.000000
-36872.000000
-36657.000000
-36445.000000
-36237.000000
-36031.000000
-35821.000000
-35607.000000
-35397.000000
-35188.000000
-34979.000000
-34768.000000
-34558.000000
-34348.000000
-34137.000000
-33926.000000
-33714.000000
-33502.000000
-33285.000000
-33076.000000
-32869.000000
-32653.000000
-32446.000000
-32237.000000
-32030.000000
-31822.000000
-31611.000000
-31403.000000
-31194.000000
-30985.000000
-30770.000000
-30559.000000
-30349.000000
-30137.000000
-29927.000000
-29715.000000
-29499.000000
-29291.000000
-29080.000000
-28872.000000
-28658.000000
-28449.000000
-28237.000000
-28032.000000
-27823.000000
-27612.000000
-27403.000000
-27194.000000
-26985.000000
-26776.000000
-26564.000000
-26355.000000
-26143.000000
-25933.000000
-25717.000000
-25503.000000
-25292.000000
-25081.000000
-24873.000000
-24665.000000
-24450.000000
-24244.000000
-24035.000000
-23833.000000
-23738.000000
-23724.000000
-23722.000000
-23722.000000
-23725.000000
-23738.000000
-23757.000000
-23781.000000
-23809.000000
-23840.000000
-23875.000000
-23913.000000
-23952.000000
-23994.000000
-24036.000000
-24081.000000
-24126.000000
-24172.000000
-24218.000000
-24263.000000
-24312.000000
-24358.000000
-24406.000000
-25443.000000
-25543.000000
-25643.000000
-25746.000000
-25846.000000
-25946.000000
-26045.000000
-26146.000000
-26247.000000
-26348.000000
-26448.000000
-26550.000000
-26649.000000
-26749.000000
-26848.000000
-26947.000000
-27048.000000
-27147.000000
-27248.000000
-27348.000000
-27449.000000
-27549.000000
-27651.000000
-27752.000000
-27851.000000
-27950.000000
-28049.000000
-28148.000000
-28248.000000
-28348.000000
-28447.000000
-28546.000000
-28645.000000
-28751.000000
-28848.000000
-28947.000000
-29047.000000
-29145.000000
-29248.000000
-29348.000000
-29447.000000
-29548.000000
-29648.000000
-29749.000000
-29848.000000
-29948.000000
-30048.000000
-30149.000000
-30249.000000
-30351.000000
-30453.000000
-30553.000000
-30655.000000
-30754.000000
-30854.000000
-30954.000000
-31053.000000
-31156.000000
-31256.000000
-31357.000000
-31458.000000
-31557.000000
-31658.000000
-31758.000000
-31858.000000
-31958.000000
-32055.000000
-32155.000000
-32255.000000
-32355.000000
-32453.000000
-32553.000000
-32653.000000
-32755.000000
-32859.000000
-32957.000000
-33055.000000
-33153.000000
-33254.000000
-33353.000000
-33454.000000
-33553.000000
-33654.000000
-33754.000000
-33854.000000
-33953.000000
-34054.000000
-34154.000000
-34259.000000
-34360.000000
-34462.000000
-34563.000000
-34663.000000
-34764.000000
-34864.000000
-34963.000000
-35062.000000
-35162.000000
-35263.000000
-35363.000000
-35464.000000
-35564.000000
-35664.000000
-35764.000000
-35863.000000
-35966.000000
-36067.000000
-36165.000000
-36265.000000
-36364.000000
-36465.000000
-36564.000000
-36662.000000
-36762.000000
-36861.000000
-36965.000000
-37062.000000
-37161.000000
-37261.000000
-37361.000000
-37460.000000
-37560.000000
-37662.000000
-37763.000000
-37863.000000
-37964.000000
-38062.000000
-38163.000000
-38264.000000
-38365.000000
-38467.000000
-38568.000000
-38669.000000
-38769.000000
-38869.000000
-38970.000000
-39069.000000
-39169.000000
-39271.000000
-39371.000000
-39471.000000
-39572.000000
-39672.000000
-39771.000000
-39873.000000
-39972.000000
-40072.000000
-40173.000000
-40271.000000
-40371.000000
-40470.000000
-40570.000000
-40668.000000
-40768.000000
-40871.000000
-40970.000000
-41074.000000
-41171.000000
-41270.000000
-41369.000000
-41469.000000
-41568.000000
-41668.000000
-41767.000000
-41868.000000
-41969.000000
-42070.000000
-42168.000000
-42268.000000
-42369.000000
-42470.000000
-42572.000000
-42676.000000
-42777.000000
-42878.000000
-42977.000000
-43077.000000
-43175.000000
-43275.000000
-43373.000000
-43473.000000
-43573.000000
-43674.000000
-43775.000000
-43875.000000
-43976.000000
-44076.000000
-44175.000000
-44275.000000
-44374.000000
-44476.000000
-44575.000000
-44675.000000
-44775.000000
-44874.000000
-44973.000000
-45073.000000
-45176.000000
-45273.000000
-45371.000000
-45470.000000
-45570.000000
-45670.000000
-45771.000000
-45870.000000
-45971.000000
-46071.000000
-46175.000000
-46274.000000
-46373.000000
-46473.000000
-46574.000000
-46675.000000
-46774.000000
-46873.000000
-46973.000000
-47071.000000
-47169.000000
-47266.000000
-47364.000000
-47460.000000
-47558.000000
-47654.000000
-47752.000000
-47851.000000
-47946.000000
-48040.000000
-48134.000000
-48228.000000
-48322.000000
-48414.000000
-48507.000000
-48599.000000
-48691.000000
-48918.000000
-48912.000000
-48889.000000
-48848.000000
-48795.000000
-48737.000000
-48675.000000
-48614.000000
-48553.000000
-48491.000000
-48429.000000
-48367.000000
-48304.000000
-48241.000000
-48176.000000
-48112.000000
-48046.000000
-47981.000000
-47916.000000
-47849.000000
-47715.000000
-47512.000000
-47306.000000
-47099.000000
-46889.000000
-46672.000000
-46458.000000
-46246.000000
-46035.000000
-45821.000000
-45608.000000
-45397.000000
-45186.000000
-44970.000000
-44757.000000
-44544.000000
-44328.000000
-44118.000000
-43905.000000
-43693.000000
-43482.000000
-43271.000000
-43060.000000
-42848.000000
-42635.000000
-42421.000000
-42209.000000
-41998.000000
-41784.000000
-41567.000000
-41355.000000
-41140.000000
-40927.000000
-40712.000000
-40500.000000
-40288.000000
-40076.000000
-39863.000000
-39651.000000
-39438.000000
-39228.000000
-39013.000000
-38802.000000
-38588.000000
-38375.000000
-38162.000000
-37950.000000
-37738.000000
-37525.000000
-37314.000000
-37101.000000
-36887.000000
-36667.000000
-36454.000000
-36241.000000
-36030.000000
-35819.000000
-35608.000000
-35397.000000
-35189.000000
-34980.000000
-34770.000000
-34559.000000
-34348.000000
-34134.000000
-33923.000000
-33711.000000
-33499.000000
-33287.000000
-33077.000000
-32870.000000
-32655.000000
-32447.000000
-32238.000000
-32027.000000
-31818.000000
-31608.000000
-31399.000000
-31190.000000
-30982.000000
-30771.000000
-30560.000000
-30350.000000
-30138.000000
-29928.000000
-29718.000000
-29498.000000
-29286.000000
-29077.000000
-28868.000000
-28655.000000
-28447.000000
-28240.000000
-28033.000000
-27824.000000
-27613.000000
-27404.000000
-27190.000000
-26981.000000
-26772.000000
-26561.000000
-26351.000000
-26140.000000
-25930.000000
-25717.000000
-25504.000000
-25293.000000
-25082.000000
-24874.000000
-24662.000000
-24451.000000
-24361.000000
-24348.000000
-24347.000000
-24347.000000
-24351.000000
-24363.000000
-24382.000000
-24406.000000
-24433.000000
-24465.000000
-24501.000000
-24538.000000
-24578.000000
-24624.000000
-24667.000000
-24710.000000
-24755.000000
-24800.000000
-24847.000000
-24893.000000
-24940.000000
-24986.000000
-25035.000000
-26077.000000
-26178.000000
-26279.000000
-26379.000000
-26479.000000
-26579.000000
-26682.000000
-26781.000000
-26879.000000
-26979.000000
-27079.000000
-27178.000000
-27279.000000
-27379.000000
-27479.000000
-27579.000000
-27679.000000
-27780.000000
-27880.000000
-27979.000000
-28078.000000
-28177.000000
-28277.000000
-28375.000000
-28475.000000
-28578.000000
-28677.000000
-28782.000000
-28878.000000
-28978.000000
-29076.000000
-29176.000000
-29276.000000
-29375.000000
-29475.000000
-29575.000000
-29676.000000
-29777.000000
-29875.000000
-29976.000000
-30076.000000
-30177.000000
-30279.000000
-30383.000000
-30484.000000
-30585.000000
-30686.000000
-30786.000000
-30885.000000
-30985.000000
-31084.000000
-31184.000000
-31284.000000
-31385.000000
-31486.000000
-31585.000000
-31686.000000
-31785.000000
-31885.000000
-31985.000000
-32084.000000
-32183.000000
-32285.000000
-32385.000000
-32485.000000
-32584.000000
-32684.000000
-32784.000000
-32887.000000
-32983.000000
-33083.000000
-33181.000000
-33281.000000
-33382.000000
-33481.000000
-33581.000000
-33682.000000
-33782.000000
-33883.000000
-33981.000000
-34082.000000
-34185.000000
-34287.000000
-34389.000000
-34490.000000
-34592.000000
-34693.000000
-34792.000000
-34892.000000
-34991.000000
-35091.000000
-35190.000000
-35291.000000
-35391.000000
-35491.000000
-35592.000000
-35691.000000
-35791.000000
-35891.000000
-35991.000000
-36092.000000
-36190.000000
-36292.000000
-36392.000000
-36493.000000
-36592.000000
-36691.000000
-36791.000000
-36891.000000
-36993.000000
-37090.000000
-37189.000000
-37289.000000
-37387.000000
-37488.000000
-37587.000000
-37686.000000
-37787.000000
-37887.000000
-37988.000000
-38088.000000
-38188.000000
-38288.000000
-38393.000000
-38495.000000
-38595.000000
-38697.000000
-38798.000000
-38897.000000
-38998.000000
-39097.000000
-39198.000000
-39296.000000
-39396.000000
-39496.000000
-39597.000000
-39697.000000
-39796.000000
-39897.000000
-39997.000000
-40096.000000
-40196.000000
-40299.000000
-40398.000000
-40498.000000
-40597.000000
-40697.000000
-40795.000000
-40896.000000
-40998.000000
-41099.000000
-41196.000000
-41295.000000
-41394.000000
-41493.000000
-41593.000000
-41693.000000
-41793.000000
-41893.000000
-41994.000000
-42094.000000
-42197.000000
-42297.000000
-42397.000000
-42498.000000
-42601.000000
-42702.000000
-42803.000000
-42905.000000
-43004.000000
-43104.000000
-43203.000000
-43304.000000
-43402.000000
-43502.000000
-43603.000000
-43704.000000
-43805.000000
-43903.000000
-44003.000000
-44103.000000
-44202.000000
-44305.000000
-44405.000000
-44504.000000
-44604.000000
-44704.000000
-44803.000000
-44903.000000
-45002.000000
-45105.000000
-45204.000000
-45302.000000
-45401.000000
-45500.000000
-45600.000000
-45699.000000
-45799.000000
-45899.000000
-45999.000000
-46100.000000
-46200.000000
-46302.000000
-46402.000000
-46502.000000
-46604.000000
-46706.000000
-46806.000000
-46907.000000
-47009.000000
-47108.000000
-47207.000000
-47305.000000
-47406.000000
-47505.000000
-47606.000000
-47706.000000
-47806.000000
-47906.000000
-48006.000000
-48106.000000
-48205.000000
-48306.000000
-48406.000000
-48506.000000
-48605.000000
-48706.000000
-48805.000000
-48905.000000
-49004.000000
-49103.000000
-49208.000000
-49306.000000
-49405.000000
-49504.000000
-49603.000000
-49702.000000
-49802.000000
-49902.000000
-50002.000000
-50101.000000
-50202.000000
-50302.000000
-50405.000000
-50506.000000
-50606.000000
-50708.000000
-50810.000000
-50911.000000
-51011.000000
-51113.000000
-51212.000000
-51312.000000
-51411.000000
-51511.000000
-51611.000000
-51711.000000
-51810.000000
-51910.000000
-52010.000000
-52112.000000
-52211.000000
-52310.000000
-52408.000000
-52506.000000
-52605.000000
-52703.000000
-52802.000000
-52901.000000
-52998.000000
-53095.000000
-53192.000000
-53295.000000
-53391.000000
-53487.000000
-53584.000000
-53682.000000
-53780.000000
-53880.000000
-53979.000000
-54078.000000
-54180.000000
-54280.000000
-54377.000000
-54474.000000
-54572.000000
-54670.000000
-54768.000000
-54866.000000
-54964.000000
-55062.000000
-55159.000000
-55257.000000
-55355.000000
-55451.000000
-55547.000000
-55643.000000
-55739.000000
-55834.000000
-56078.000000
-56073.000000
-56049.000000
-56009.000000
-55955.000000
-55896.000000
-55834.000000
-55773.000000
-55710.000000
-55647.000000
-55584.000000
-55518.000000
-55454.000000
-55388.000000
-55321.000000
-55255.000000
-55183.000000
-55114.000000
-55046.000000
-54977.000000
-54842.000000
-54633.000000
-54423.000000
-54212.000000
-53993.000000
-53780.000000
-53569.000000
-53358.000000
-53141.000000
-52928.000000
-52715.000000
-52503.000000
-52292.000000
-52078.000000
-51865.000000
-51653.000000
-51441.000000
-51230.000000
-51017.000000
-50799.000000
-50585.000000
-50374.000000
-50161.000000
-49947.000000
-49734.000000
-49523.000000
-49310.000000
-49093.000000
-48881.000000
-48668.000000
-48456.000000
-48244.000000
-48027.000000
-47815.000000
-47605.000000
-47396.000000
-47187.000000
-46975.000000
-46765.000000
-46555.000000
-46343.000000
-46131.000000
-45918.000000
-45706.000000
-45497.000000
-45284.000000
-45072.000000
-44861.000000
-44654.000000
-44445.000000
-44240.000000
-44029.000000
-43820.000000
-43610.000000
-43401.000000
-43191.000000
-42981.000000
-42770.000000
-42561.000000
-42345.000000
-42133.000000
-41921.000000
-41708.000000
-41497.000000
-41289.000000
-41081.000000
-40867.000000
-40658.000000
-40450.000000
-40244.000000
-40035.000000
-39819.000000
-39611.000000
-39402.000000
-39194.000000
-38983.000000
-38772.000000
-38562.000000
-38351.000000
-38139.000000
-37927.000000
-37714.000000
-37503.000000
-37294.000000
-37081.000000
-36867.000000
-36658.000000
-36451.000000
-36243.000000
-36036.000000
-35826.000000
-35616.000000
-35406.000000
-35197.000000
-34989.000000
-34778.000000
-34568.000000
-34353.000000
-34143.000000
-33931.000000
-33719.000000
-33507.000000
-33295.000000
-33086.000000
-32879.000000
-32663.000000
-32456.000000
-32247.000000
-32040.000000
-31828.000000
-31619.000000
-31524.000000
-31510.000000
-31508.000000
-31508.000000
-31511.000000
-31523.000000
-31540.000000
-31563.000000
-31591.000000
-31623.000000
-31659.000000
-31696.000000
-31736.000000
-31778.000000
-31823.000000
-31868.000000
-31912.000000
-31959.000000
-32005.000000
-32051.000000
-32098.000000
-32145.000000
-32193.000000
-33229.000000
-33329.000000
-33428.000000
-33528.000000
-33628.000000
-33727.000000
-33827.000000
-33925.000000
-34024.000000
-34125.000000
-34224.000000
-34326.000000
-34429.000000
-34530.000000
-34633.000000
-34735.000000
-34835.000000
-34934.000000
-35033.000000
-35134.000000
-35232.000000
-35333.000000
-35434.000000
-35535.000000
-35635.000000
-35734.000000
-35834.000000
-35933.000000
-36034.000000
-36132.000000
-36231.000000
-36332.000000
-36432.000000
-36531.000000
-36630.000000
-36733.000000
-36831.000000
-36936.000000
-37034.000000
-37133.000000
-37232.000000
-37331.000000
-37430.000000
-37530.000000
-37629.000000
-37730.000000
-37830.000000
-37930.000000
-38030.000000
-38130.000000
-38231.000000
-38331.000000
-38432.000000
-38535.000000
-38635.000000
-38736.000000
-38838.000000
-38941.000000
-39040.000000
-39140.000000
-39239.000000
-39339.000000
-39439.000000
-39540.000000
-39640.000000
-39741.000000
-39840.000000
-39940.000000
-40040.000000
-40140.000000
-40238.000000
-40337.000000
-40437.000000
-40537.000000
-40637.000000
-40735.000000
-40838.000000
-40937.000000
-41042.000000
-41140.000000
-41238.000000
-41338.000000
-41437.000000
-41536.000000
-41637.000000
-41736.000000
-41837.000000
-41937.000000
-42037.000000
-42137.000000
-42236.000000
-42337.000000
-42438.000000
-42538.000000
-42640.000000
-42741.000000
-42842.000000
-42944.000000
-43043.000000
-43143.000000
-43245.000000
-43344.000000
-43444.000000
-43545.000000
-43646.000000
-43746.000000
-43846.000000
-43946.000000
-44047.000000
-44146.000000
-44246.000000
-44344.000000
-44443.000000
-44543.000000
-44643.000000
-44742.000000
-44841.000000
-44941.000000
-45040.000000
-45144.000000
-45245.000000
-45344.000000
-45442.000000
-45542.000000
-45640.000000
-45741.000000
-45840.000000
-45941.000000
-46041.000000
-46140.000000
-46239.000000
-46339.000000
-46439.000000
-46540.000000
-46640.000000
-46742.000000
-46841.000000
-46941.000000
-47041.000000
-47142.000000
-47241.000000
-47339.000000
-47437.000000
-47535.000000
-47633.000000
-47732.000000
-47829.000000
-47926.000000
-48022.000000
-48118.000000
-48214.000000
-48309.000000
-48405.000000
-48501.000000
-48595.000000
-48691.000000
-48788.000000
-48891.000000
-48989.000000
-49088.000000
-49189.000000
-49288.000000
-49387.000000
-49485.000000
-49583.000000
-49683.000000
-49784.000000
-49885.000000
-49985.000000
-50084.000000
-50186.000000
-50286.000000
-50387.000000
-50488.000000
-50590.000000
-50694.000000
-50801.000000
-50904.000000
-51008.000000
-51113.000000
-51215.000000
-51316.000000
-51415.000000
-51516.000000
-51614.000000
-51713.000000
-51812.000000
-51909.000000
-52006.000000
-52103.000000
-52199.000000
-52294.000000
-52388.000000
-52482.000000
-52576.000000
-52669.000000
-52764.000000
-52998.000000
-52993.000000
-52971.000000
-52931.000000
-52879.000000
-52821.000000
-52760.000000
-52698.000000
-52636.000000
-52569.000000
-52506.000000
-52443.000000
-52377.000000
-52314.000000
-52249.000000
-52184.000000
-52118.000000
-52051.000000
-51985.000000
-51917.000000
-51781.000000
-51576.000000
-51369.000000
-51159.000000
-50945.000000
-50732.000000
-50519.000000
-50306.000000
-50094.000000
-49881.000000
-49669.000000
-49458.000000
-49247.000000
-49024.000000
-48811.000000
-48598.000000
-48386.000000
-48175.000000
-47962.000000
-47749.000000
-47536.000000
-47324.000000
-47113.000000
-46900.000000
-46687.000000
-46472.000000
-46260.000000
-46043.000000
-45829.000000
-45615.000000
-45403.000000
-45191.000000
-44975.000000
-44760.000000
-44546.000000
-44334.000000
-44123.000000
-43909.000000
-43695.000000
-43482.000000
-43270.000000
-43058.000000
-42847.000000
-42638.000000
-42426.000000
-42214.000000
-42003.000000
-41788.000000
-41578.000000
-41369.000000
-41161.000000
-40947.000000
-40738.000000
-40530.000000
-40319.000000
-40111.000000
-39901.000000
-39691.000000
-39482.000000
-39273.000000
-39063.000000
-38853.000000
-38643.000000
-38432.000000
-38222.000000
-38009.000000
-37795.000000
-37580.000000
-37369.000000
-37161.000000
-36953.000000
-36739.000000
-36530.000000
-36321.000000
-36114.000000
-35907.000000
-35696.000000
-35488.000000
-35279.000000
-35070.000000
-34859.000000
-34644.000000
-34434.000000
-34223.000000
-34012.000000
-33802.000000
-33588.000000
-33375.000000
-33166.000000
-32959.000000
-32743.000000
-32534.000000
-32327.000000
-32115.000000
-31907.000000
-31698.000000
-31488.000000
-31279.000000
-31070.000000
-30860.000000
-30650.000000
-30440.000000
-30229.000000
-30019.000000
-29806.000000
-29591.000000
-29381.000000
-29167.000000
-28958.000000
-28751.000000
-28538.000000
-28442.000000
-28429.000000
-28428.000000
-28428.000000
-28432.000000
-28444.000000
-28462.000000
-28485.000000
-28513.000000
-28545.000000
-28580.000000
-28617.000000
-28659.000000
-28705.000000
-28749.000000
-28794.000000
-28838.000000
-28882.000000
-28929.000000
-28974.000000
-29022.000000
-29068.000000
-29116.000000
-30157.000000
-30259.000000
-30360.000000
-30460.000000
-30560.000000
-30661.000000
-30761.000000
-30860.000000
-30958.000000
-31057.000000
-31157.000000
-31256.000000
-31361.000000
-31462.000000
-31561.000000
-31662.000000
-31761.000000
-31861.000000
-31961.000000
-32059.000000
-32159.000000
-32258.000000
-32358.000000
-32457.000000
-32557.000000
-32656.000000
-32755.000000
-32859.000000
-32958.000000
-33056.000000
-33154.000000
-33257.000000
-33357.000000
-33457.000000
-33557.000000
-33658.000000
-33758.000000
-33859.000000
-33957.000000
-34058.000000
-34158.000000
-34260.000000
-34361.000000
-34463.000000
-34564.000000
-34664.000000
-34764.000000
-34864.000000
-34963.000000
-35063.000000
-35165.000000
-35266.000000
-35367.000000
-35467.000000
-35568.000000
-35667.000000
-35768.000000
-35868.000000
-35967.000000
-36067.000000
-36166.000000
-36266.000000
-36365.000000
-36465.000000
-36564.000000
-36663.000000
-36763.000000
-36861.000000
-36966.000000
-37063.000000
-37165.000000
-37264.000000
-37364.000000
-37464.000000
-37563.000000
-37663.000000
-37763.000000
-37863.000000
-37965.000000
-38063.000000
-38164.000000
-38265.000000
-38366.000000
-38468.000000
-38568.000000
-38669.000000
-38770.000000
-38870.000000
-38970.000000
-39072.000000
-39173.000000
-39271.000000
-39372.000000
-39472.000000
-39573.000000
-39673.000000
-39773.000000
-39873.000000
-39973.000000
-40073.000000
-40173.000000
-40272.000000
-40371.000000
-40470.000000
-40570.000000
-40669.000000
-40768.000000
-40868.000000
-40967.000000
-41074.000000
-41172.000000
-41271.000000
-41369.000000
-41470.000000
-41568.000000
-41668.000000
-41768.000000
-41869.000000
-41969.000000
-42071.000000
-42169.000000
-42269.000000
-42370.000000
-42470.000000
-42571.000000
-42672.000000
-42773.000000
-42874.000000
-42974.000000
-43077.000000
-43176.000000
-43276.000000
-43374.000000
-43474.000000
-43574.000000
-43675.000000
-43775.000000
-43875.000000
-43975.000000
-44075.000000
-44175.000000
-44275.000000
-44372.000000
-44472.000000
-44571.000000
-44672.000000
-44772.000000
-44870.000000
-44971.000000
-45071.000000
-45177.000000
-45274.000000
-45373.000000
-45471.000000
-45571.000000
-45671.000000
-45772.000000
-45871.000000
-45972.000000
-46072.000000
-46173.000000
-46273.000000
-46371.000000
-46472.000000
-46574.000000
-46675.000000
-46776.000000
-46878.000000
-46978.000000
-47075.000000
-47173.000000
-47271.000000
-47369.000000
-47465.000000
-47563.000000
-47659.000000
-47757.000000
-47853.000000
-47949.000000
-48044.000000
-48138.000000
-48232.000000
-48326.000000
-48419.000000
-48513.000000
-48605.000000
-48698.000000
-48790.000000
-48883.000000
-49117.000000
-49111.000000
-49089.000000
-49049.000000
-48996.000000
-48939.000000
-48879.000000
-48819.000000
-48758.000000
-48695.000000
-48634.000000
-48571.000000
-48505.000000
-48442.000000
-48378.000000
-48314.000000
-48250.000000
-48186.000000
-48121.000000
-48055.000000
-47928.000000
-47725.000000
-47516.000000
-47309.000000
-47101.000000
-46889.000000
-46676.000000
-46461.000000
-46249.000000
-46038.000000
-45824.000000
-45611.000000
-45399.000000
-45188.000000
-44971.000000
-44753.000000
-44541.000000
-44328.000000
-44117.000000
-43903.000000
-43690.000000
-43477.000000
-43266.000000
-43054.000000
-42841.000000
-42627.000000
-42411.000000
-42199.000000
-41987.000000
-41772.000000
-41554.000000
-41342.000000
-41130.000000
-40911.000000
-40697.000000
-40482.000000
-40269.000000
-40056.000000
-39842.000000
-39630.000000
-39416.000000
-39205.000000
-38992.000000
-38774.000000
-38559.000000
-38345.000000
-38130.000000
-37918.000000
-37704.000000
-37491.000000
-37278.000000
-37070.000000
-36857.000000
-36647.000000
-36439.000000
-36230.000000
-36023.000000
-35816.000000
-35602.000000
-35392.000000
-35183.000000
-34974.000000
-34763.000000
-34553.000000
-34343.000000
-34133.000000
-33921.000000
-33708.000000
-33496.000000
-33283.000000
-33076.000000
-32868.000000
-32653.000000
-32440.000000
-32230.000000
-32022.000000
-31815.000000
-31607.000000
-31398.000000
-31189.000000
-30980.000000
-30770.000000
-30558.000000
-30348.000000
-30137.000000
-29926.000000
-29710.000000
-29495.000000
-29285.000000
-29076.000000
-28867.000000
-28653.000000
-28445.000000
-28236.000000
-28028.000000
-27821.000000
-27612.000000
-27403.000000
-27193.000000
-26984.000000
-26771.000000
-26561.000000
-26350.000000
-26138.000000
-25929.000000
-25715.000000
-25501.000000
-25291.000000
-25082.000000
-24872.000000
-24667.000000
-24562.000000
-24547.000000
-24546.000000
-24546.000000
-24549.000000
-24562.000000
-24580.000000
-24607.000000
-24638.000000
-24669.000000
-24704.000000
-24741.000000
-24780.000000
-24822.000000
-24865.000000
-24908.000000
-24953.000000
-24998.000000
-25045.000000
-25091.000000
-25140.000000
-25187.000000
-25235.000000
-26281.000000
-26381.000000
-26484.000000
-26584.000000
-26683.000000
-26783.000000
-26882.000000
-26981.000000
-27081.000000
-27181.000000
-27282.000000
-27382.000000
-27481.000000
-27582.000000
-27682.000000
-27782.000000
-27882.000000
-27981.000000
-28080.000000
-28179.000000
-28280.000000
-28378.000000
-28481.000000
-28580.000000
-28680.000000
-28784.000000
-28881.000000
-28980.000000
-29078.000000
-29179.000000
-29278.000000
-29378.000000
-29477.000000
-29578.000000
-29679.000000
-29780.000000
-29878.000000
-29979.000000
-30079.000000
-30180.000000
-30282.000000
-30383.000000
-30487.000000
-30588.000000
-30689.000000
-30789.000000
-30888.000000
-30989.000000
-31086.000000
-31187.000000
-31287.000000
-31388.000000
-31488.000000
-31588.000000
-31688.000000
-31788.000000
-31888.000000
-31988.000000
-32087.000000
-32186.000000
-32285.000000
-32385.000000
-32485.000000
-32583.000000
-32683.000000
-32786.000000
-32890.000000
-32986.000000
-33085.000000
-33184.000000
-33284.000000
-33384.000000
-33484.000000
-33584.000000
-33684.000000
-33785.000000
-33885.000000
-33985.000000
-34084.000000
-34185.000000
-34287.000000
-34389.000000
-34490.000000
-34591.000000
-34692.000000
-34791.000000
-34891.000000
-34990.000000
-35094.000000
-35192.000000
-35293.000000
-35393.000000
-35494.000000
-35594.000000
-35694.000000
-35794.000000
-35893.000000
-35993.000000
-36094.000000
-36193.000000
-36292.000000
-36392.000000
-36492.000000
-36591.000000
-36690.000000
-36790.000000
-36890.000000
-36992.000000
-37089.000000
-37192.000000
-37291.000000
-37389.000000
-37490.000000
-37589.000000
-37689.000000
-37790.000000
-37891.000000
-37990.000000
-38090.000000
-38190.000000
-38291.000000
-38393.000000
-38495.000000
-38595.000000
-38696.000000
-38798.000000
-38897.000000
-38997.000000
-39096.000000
-39197.000000
-39296.000000
-39400.000000
-39499.000000
-39600.000000
-39700.000000
-39799.000000
-39899.000000
-39999.000000
-40099.000000
-40199.000000
-40298.000000
-40397.000000
-40497.000000
-40597.000000
-40697.000000
-40795.000000
-40896.000000
-40997.000000
-41098.000000
-41196.000000
-41297.000000
-41397.000000
-41495.000000
-41595.000000
-41694.000000
-41795.000000
-41895.000000
-41997.000000
-42096.000000
-42196.000000
-42296.000000
-42396.000000
-42498.000000
-42600.000000
-42700.000000
-42800.000000
-42902.000000
-43001.000000
-43101.000000
-43200.000000
-43303.000000
-43401.000000
-43502.000000
-43602.000000
-43703.000000
-43803.000000
-43903.000000
-44003.000000
-44103.000000
-44202.000000
-44301.000000
-44400.000000
-44499.000000
-44599.000000
-44699.000000
-44799.000000
-44898.000000
-44997.000000
-45101.000000
-45200.000000
-45298.000000
-45397.000000
-45499.000000
-45598.000000
-45699.000000
-45798.000000
-45898.000000
-45997.000000
-46098.000000
-46197.000000
-46296.000000
-46395.000000
-46494.000000
-46595.000000
-46695.000000
-46794.000000
-46893.000000
-46993.000000
-47090.000000
-47188.000000
-47284.000000
-47385.000000
-47482.000000
-47579.000000
-47676.000000
-47773.000000
-47870.000000
-47967.000000
-48065.000000
-48162.000000
-48259.000000
-48359.000000
-48457.000000
-48555.000000
-48654.000000
-48753.000000
-48849.000000
-48946.000000
-49043.000000
-49142.000000
-49253.000000
-49359.000000
-49465.000000
-49573.000000
-49677.000000
-49780.000000
-49882.000000
-49985.000000
-50088.000000
-50191.000000
-50293.000000
-50395.000000
-50497.000000
-50598.000000
-50701.000000
-50803.000000
-50904.000000
-51005.000000
-51107.000000
-51205.000000
-51303.000000
-51400.000000
-51497.000000
-51596.000000
-51693.000000
-51787.000000
-51882.000000
-51977.000000
-52071.000000
-52164.000000
-52258.000000
-52350.000000
-52443.000000
-52535.000000
-52626.000000
-52718.000000
-52948.000000
-52942.000000
-52918.000000
-52878.000000
-52827.000000
-52767.000000
-52707.000000
-52646.000000
-52585.000000
-52523.000000
-52462.000000
-52398.000000
-52336.000000
-52272.000000
-52208.000000
-52144.000000
-52079.000000
-52014.000000
-51947.000000
-51881.000000
-51746.000000
-51541.000000
-51334.000000
-51125.000000
-50911.000000
-50697.000000
-50484.000000
-50273.000000
-50059.000000
-49846.000000
-49629.000000
-49416.000000
-49205.000000
-48987.000000
-48774.000000
-48560.000000
-48348.000000
-48136.000000
-47923.000000
-47709.000000
-47496.000000
-47284.000000
-47073.000000
-46860.000000
-46645.000000
-46432.000000
-46215.000000
-46002.000000
-45788.000000
-45574.000000
-45361.000000
-45151.000000
-44931.000000
-44718.000000
-44504.000000
-44291.000000
-44080.000000
-43866.000000
-43652.000000
-43439.000000
-43227.000000
-43016.000000
-42797.000000
-42586.000000
-42375.000000
-42162.000000
-41950.000000
-41737.000000
-41527.000000
-41319.000000
-41110.000000
-40897.000000
-40688.000000
-40479.000000
-40271.000000
-40064.000000
-39854.000000
-39646.000000
-39435.000000
-39228.000000
-39012.000000
-38803.000000
-38593.000000
-38381.000000
-38170.000000
-37958.000000
-37745.000000
-37534.000000
-37323.000000
-37115.000000
-36905.000000
-36692.000000
-36484.000000
-36275.000000
-36068.000000
-35860.000000
-35647.000000
-35437.000000
-35227.000000
-35018.000000
-34808.000000
-34598.000000
-34388.000000
-34176.000000
-33965.000000
-33755.000000
-33541.000000
-33328.000000
-33122.000000
-32912.000000
-32698.000000
-32485.000000
-32275.000000
-32068.000000
-31861.000000
-31651.000000
-31443.000000
-31233.000000
-31025.000000
-30814.000000
-30604.000000
-30394.000000
-30183.000000
-29972.000000
-29759.000000
-29545.000000
-29331.000000
-29120.000000
-28912.000000
-28701.000000
-28491.000000
-28392.000000
-28379.000000
-28377.000000
-28378.000000
-28382.000000
-28394.000000
-28410.000000
-28433.000000
-28462.000000
-28493.000000
-28529.000000
-28566.000000
-28606.000000
-28646.000000
-28693.000000
-28741.000000
-28786.000000
-28831.000000
-28875.000000
-28923.000000
-28970.000000
-29018.000000
-29065.000000
-30105.000000
-30207.000000
-30308.000000
-30408.000000
-30509.000000
-30610.000000
-30709.000000
-30808.000000
-30907.000000
-31007.000000
-31106.000000
-31206.000000
-31305.000000
-31407.000000
-31508.000000
-31610.000000
-31710.000000
-31810.000000
-31909.000000
-32008.000000
-32108.000000
-32207.000000
-32307.000000
-32407.000000
-32507.000000
-32606.000000
-32705.000000
-32808.000000
-32908.000000
-33005.000000
-33104.000000
-33203.000000
-33303.000000
-33403.000000
-33503.000000
-33603.000000
-33703.000000
-33804.000000
-33907.000000
-34007.000000
-34107.000000
-34207.000000
-34309.000000
-34411.000000
-34512.000000
-34613.000000
-34715.000000
-34814.000000
-34913.000000
-35012.000000
-35113.000000
-35212.000000
-35313.000000
-35413.000000
-35513.000000
-35614.000000
-35713.000000
-35813.000000
-35912.000000
-36011.000000
-36111.000000
-36211.000000
-36313.000000
-36414.000000
-36514.000000
-36612.000000
-36711.000000
-36811.000000
-36914.000000
-37014.000000
-37111.000000
-37211.000000
-37310.000000
-37409.000000
-37509.000000
-37608.000000
-37708.000000
-37807.000000
-37909.000000
-38009.000000
-38109.000000
-38210.000000
-38310.000000
-38412.000000
-38513.000000
-38614.000000
-38715.000000
-38816.000000
-38919.000000
-39019.000000
-39118.000000
-39219.000000
-39317.000000
-39418.000000
-39518.000000
-39618.000000
-39719.000000
-39818.000000
-39919.000000
-40018.000000
-40117.000000
-40217.000000
-40317.000000
-40416.000000
-40515.000000
-40615.000000
-40714.000000
-40813.000000
-40913.000000
-41018.000000
-41119.000000
-41217.000000
-41316.000000
-41415.000000
-41514.000000
-41614.000000
-41713.000000
-41814.000000
-41914.000000
-42015.000000
-42115.000000
-42214.000000
-42315.000000
-42415.000000
-42516.000000
-42619.000000
-42719.000000
-42821.000000
-42922.000000
-43022.000000
-43122.000000
-43221.000000
-43321.000000
-43419.000000
-43522.000000
-43623.000000
-43723.000000
-43823.000000
-43922.000000
-44021.000000
-44121.000000
-44219.000000
-44319.000000
-44418.000000
-44518.000000
-44618.000000
-44718.000000
-44816.000000
-44916.000000
-45016.000000
-45121.000000
-45219.000000
-45316.000000
-45415.000000
-45514.000000
-45617.000000
-45717.000000
-45817.000000
-45917.000000
-46018.000000
-46117.000000
-46217.000000
-46317.000000
-46417.000000
-46517.000000
-46619.000000
-46721.000000
-46822.000000
-46922.000000
-47022.000000
-47121.000000
-47219.000000
-47317.000000
-47416.000000
-47515.000000
-47614.000000
-47713.000000
-47810.000000
-47912.000000
-48008.000000
-48104.000000
-48202.000000
-48298.000000
-48395.000000
-48493.000000
-48590.000000
-48689.000000
-48787.000000
-48885.000000
-48983.000000
-49082.000000
-49183.000000
-49284.000000
-49382.000000
-49481.000000
-49580.000000
-49679.000000
-49778.000000
-49878.000000
-49978.000000
-50079.000000
-50180.000000
-50280.000000
-50382.000000
-50485.000000
-50586.000000
-50689.000000
-50792.000000
-50894.000000
-50995.000000
-51097.000000
-51196.000000
-51296.000000
-51393.000000
-51492.000000
-51589.000000
-51687.000000
-51785.000000
-51884.000000
-51982.000000
-52078.000000
-52174.000000
-52270.000000
-52365.000000
-52459.000000
-52552.000000
-52645.000000
-52737.000000
-52978.000000
-52973.000000
-52950.000000
-52910.000000
-52859.000000
-52798.000000
-52737.000000
-52676.000000
-52614.000000
-52552.000000
-52489.000000
-52427.000000
-52362.000000
-52299.000000
-52233.000000
-52168.000000
-52098.000000
-52033.000000
-51966.000000
-51903.000000
-51767.000000
-51563.000000
-51357.000000
-51146.000000
-50934.000000
-50715.000000
-50502.000000
-50290.000000
-50077.000000
-49863.000000
-49651.000000
-49438.000000
-49227.000000
-49008.000000
-48796.000000
-48582.000000
-48371.000000
-48159.000000
-47945.000000
-47733.000000
-47515.000000
-47303.000000
-47092.000000
-46879.000000
-46665.000000
-46451.000000
-46238.000000
-46025.000000
-45811.000000
-45597.000000
-45384.000000
-45173.000000
-44955.000000
-44736.000000
-44522.000000
-44309.000000
-44097.000000
-43884.000000
-43671.000000
-43460.000000
-43251.000000
-43041.000000
-42830.000000
-42621.000000
-42409.000000
-42198.000000
-41986.000000
-41771.000000
-41561.000000
-41352.000000
-41145.000000
-40926.000000
-40716.000000
-40509.000000
-40300.000000
-40092.000000
-39884.000000
-39675.000000
-39465.000000
-39256.000000
-39047.000000
-38837.000000
-38626.000000
-38414.000000
-38200.000000
-37988.000000
-37774.000000
-37563.000000
-37354.000000
-37144.000000
-36936.000000
-36721.000000
-36513.000000
-36303.000000
-36096.000000
-35888.000000
-35679.000000
-35470.000000
-35262.000000
-35052.000000
-34842.000000
-34628.000000
-34417.000000
-34205.000000
-33995.000000
-33783.000000
-33569.000000
-33359.000000
-33151.000000
-32941.000000
-32727.000000
-32518.000000
-32308.000000
-32100.000000
-31892.000000
-31685.000000
-31476.000000
-31262.000000
-31053.000000
-30843.000000
-30634.000000
-30423.000000
-30213.000000
-30002.000000
-29790.000000
-29575.000000
-29364.000000
-29154.000000
-28946.000000
-28738.000000
-28523.000000
-28423.000000
-28410.000000
-28408.000000
-28409.000000
-28413.000000
-28422.000000
-28440.000000
-28464.000000
-28492.000000
-28524.000000
-28559.000000
-28597.000000
-28636.000000
-28680.000000
-28729.000000
-28772.000000
-28817.000000
-28861.000000
-28906.000000
-28953.000000
-29000.000000
-29048.000000
-29094.000000
-30136.000000
-30238.000000
-30339.000000
-30440.000000
-30540.000000
-30641.000000
-30740.000000
-30839.000000
-30938.000000
-31038.000000
-31137.000000
-31237.000000
-31338.000000
-31439.000000
-31539.000000
-31639.000000
-31739.000000
-31838.000000
-31939.000000
-32040.000000
-32139.000000
-32238.000000
-32338.000000
-32438.000000
-32537.000000
-32637.000000
-32736.000000
-32841.000000
-32939.000000
-33037.000000
-33136.000000
-33235.000000
-33335.000000
-33435.000000
-33534.000000
-33635.000000
-33735.000000
-33835.000000
-33934.000000
-34034.000000
-34135.000000
-34234.000000
-34337.000000
-34442.000000
-34543.000000
-34644.000000
-34745.000000
-34845.000000
-34944.000000
-35044.000000
-35143.000000
-35243.000000
-35343.000000
-35444.000000
-35545.000000
-35645.000000
-35744.000000
-35845.000000
-35944.000000
-36044.000000
-36143.000000
-36242.000000
-36342.000000
-36442.000000
-36541.000000
-36639.000000
-36739.000000
-36841.000000
-36946.000000
-37044.000000
-37142.000000
-37242.000000
-37341.000000
-37441.000000
-37541.000000
-37640.000000
-37740.000000
-37840.000000
-37940.000000
-38040.000000
-38140.000000
-38241.000000
-38342.000000
-38443.000000
-38545.000000
-38645.000000
-38746.000000
-38847.000000
-38947.000000
-39047.000000
-39149.000000
-39249.000000
-39349.000000
-39449.000000
-39550.000000
-39651.000000
-39750.000000
-39850.000000
-39951.000000
-40050.000000
-40150.000000
-40249.000000
-40348.000000
-40448.000000
-40547.000000
-40646.000000
-40745.000000
-40845.000000
-40944.000000
-41049.000000
-41148.000000
-41245.000000
-41345.000000
-41444.000000
-41543.000000
-41643.000000
-41745.000000
-41846.000000
-41946.000000
-42047.000000
-42146.000000
-42246.000000
-42347.000000
-42447.000000
-42548.000000
-42650.000000
-42751.000000
-42852.000000
-42953.000000
-43053.000000
-43152.000000
-43252.000000
-43351.000000
-43451.000000
-43551.000000
-43652.000000
-43753.000000
-43853.000000
-43953.000000
-44053.000000
-44156.000000
-44256.000000
-44354.000000
-44453.000000
-44552.000000
-44653.000000
-44752.000000
-44851.000000
-44949.000000
-45048.000000
-45151.000000
-45249.000000
-45347.000000
-45446.000000
-45546.000000
-45645.000000
-45745.000000
-45844.000000
-45945.000000
-46045.000000
-46146.000000
-46245.000000
-46346.000000
-46446.000000
-46550.000000
-46651.000000
-46753.000000
-46852.000000
-46952.000000
-47051.000000
-47150.000000
-47248.000000
-47346.000000
-47444.000000
-47543.000000
-47641.000000
-47740.000000
-47839.000000
-47937.000000
-48033.000000
-48129.000000
-48226.000000
-48322.000000
-48418.000000
-48513.000000
-48609.000000
-48705.000000
-48801.000000
-48899.000000
-48993.000000
-49088.000000
-49185.000000
-49281.000000
-49372.000000
-49466.000000
-49704.000000
-49697.000000
-49671.000000
-49631.000000
-49577.000000
-49518.000000
-49455.000000
-49392.000000
-49329.000000
-49266.000000
-49201.000000
-49131.000000
-49067.000000
-48999.000000
-48934.000000
-48867.000000
-48800.000000
-48733.000000
-48666.000000
-48597.000000
-48461.000000
-48253.000000
-48044.000000
-47832.000000
-47617.000000
-47405.000000
-47193.000000
-46981.000000
-46766.000000
-46551.000000
-46338.000000
-46125.000000
-45911.000000
-45697.000000
-45479.000000
-45266.000000
-45049.000000
-44834.000000
-44620.000000
-44406.000000
-44192.000000
-43979.000000
-43765.000000
-43551.000000
-43344.000000
-43134.000000
-42924.000000
-42712.000000
-42501.000000
-42291.000000
-42075.000000
-41861.000000
-41650.000000
-41440.000000
-41232.000000
-41023.000000
-40808.000000
-40599.000000
-40390.000000
-40184.000000
-39975.000000
-39766.000000
-39557.000000
-39348.000000
-39139.000000
-38928.000000
-38719.000000
-38508.000000
-38297.000000
-38081.000000
-37868.000000
-37655.000000
-37445.000000
-37236.000000
-37029.000000
-36813.000000
-36604.000000
-36394.000000
-36186.000000
-35979.000000
-35771.000000
-35564.000000
-35352.000000
-35145.000000
-34935.000000
-34724.000000
-34514.000000
-34299.000000
-34088.000000
-33878.000000
-33664.000000
-33451.000000
-33242.000000
-33033.000000
-32825.000000
-32610.000000
-32400.000000
-32191.000000
-31984.000000
-31775.000000
-31567.000000
-31359.000000
-31150.000000
-30941.000000
-30726.000000
-30516.000000
-30306.000000
-30094.000000
-29882.000000
-29669.000000
-29456.000000
-29247.000000
-29039.000000
-28830.000000
-28615.000000
-28405.000000
-28196.000000
-27989.000000
-27782.000000
-27574.000000
-27365.000000
-27154.000000
-26945.000000
-26731.000000
-26522.000000
-26311.000000
-26100.000000
-25888.000000
-25677.000000
-25463.000000
-25255.000000
-25151.000000
-25135.000000
-25133.000000
-25133.000000
-25138.000000
-25149.000000
-25165.000000
-25188.000000
-25216.000000
-25249.000000
-25284.000000
-25322.000000
-25362.000000
-25403.000000
-25450.000000
-25491.000000
-25540.000000
-25586.000000
-25633.000000
-25680.000000
-25726.000000
-25774.000000
-25823.000000
-26869.000000
-26968.000000
-27069.000000
-27168.000000
-27269.000000
-27369.000000
-27467.000000
-27567.000000
-27667.000000
-27766.000000
-27867.000000
-27965.000000
-28064.000000
-28163.000000
-28263.000000
-28361.000000
-28461.000000
-28561.000000
-28660.000000
-28765.000000
-28863.000000
-28961.000000
-29063.000000
-29163.000000
-29262.000000
-29362.000000
-29462.000000
-29562.000000
-29663.000000
-29764.000000
-29862.000000
-29963.000000
-30063.000000
-30164.000000
-30265.000000
-30366.000000
-30468.000000
-30569.000000
-30670.000000
-30769.000000
-30869.000000
-30968.000000
-31067.000000
-31168.000000
-31267.000000
-31369.000000
-31470.000000
-31569.000000
-31670.000000
-31773.000000
-31872.000000
-31972.000000
-32070.000000
-32170.000000
-32269.000000
-32370.000000
-32469.000000
-32569.000000
-32667.000000
-32766.000000
-32870.000000
-32967.000000
-33067.000000
-33165.000000
-33266.000000
-33366.000000
-33465.000000
-33565.000000
-33665.000000
-33765.000000
-33867.000000
-33965.000000
-34065.000000
-34168.000000
-34270.000000
-34372.000000
-34473.000000
-34575.000000
-34675.000000
-34775.000000
-34875.000000
-34974.000000
-35074.000000
-35173.000000
-35274.000000
-35374.000000
-35475.000000
-35576.000000
-35674.000000
-35775.000000
-35874.000000
-35974.000000
-36075.000000
-36173.000000
-36274.000000
-36372.000000
-36473.000000
-36572.000000
-36671.000000
-36770.000000
-36871.000000
-36976.000000
-37073.000000
-37172.000000
-37272.000000
-37372.000000
-37471.000000
-37571.000000
-37670.000000
-37771.000000
-37871.000000
-37972.000000
-38070.000000
-38171.000000
-38272.000000
-38373.000000
-38475.000000
-38576.000000
-38677.000000
-38777.000000
-38877.000000
-38978.000000
-39077.000000
-39178.000000
-39276.000000
-39377.000000
-39480.000000
-39580.000000
-39680.000000
-39780.000000
-39881.000000
-39981.000000
-40080.000000
-40181.000000
-40279.000000
-40379.000000
-40477.000000
-40577.000000
-40677.000000
-40775.000000
-40876.000000
-40976.000000
-41079.000000
-41176.000000
-41275.000000
-41373.000000
-41473.000000
-41573.000000
-41673.000000
-41772.000000
-41876.000000
-41977.000000
-42078.000000
-42177.000000
-42277.000000
-42378.000000
-42478.000000
-42580.000000
-42681.000000
-42783.000000
-42885.000000
-42984.000000
-43084.000000
-43183.000000
-43283.000000
-43382.000000
-43481.000000
-43582.000000
-43683.000000
-43784.000000
-43883.000000
-43984.000000
-44083.000000
-44182.000000
-44283.000000
-44384.000000
-44483.000000
-44583.000000
-44682.000000
-44781.000000
-44879.000000
-44980.000000
-45080.000000
-45181.000000
-45278.000000
-45376.000000
-45475.000000
-45575.000000
-45675.000000
-45775.000000
-45875.000000
-45976.000000
-46076.000000
-46177.000000
-46277.000000
-46376.000000
-46480.000000
-46581.000000
-46683.000000
-46783.000000
-46883.000000
-46983.000000
-47081.000000
-47180.000000
-47278.000000
-47376.000000
-47473.000000
-47571.000000
-47670.000000
-47769.000000
-47867.000000
-47963.000000
-48061.000000
-48158.000000
-48254.000000
-48351.000000
-48448.000000
-48544.000000
-48641.000000
-48738.000000
-48833.000000
-48928.000000
-49024.000000
-49122.000000
-49223.000000
-49317.000000
-49412.000000
-49508.000000
-49603.000000
-49699.000000
-49956.000000
-49949.000000
-49924.000000
-49882.000000
-49828.000000
-49766.000000
-49697.000000
-49632.000000
-49565.000000
-49499.000000
-49432.000000
-49366.000000
-49299.000000
-49232.000000
-49160.000000
-49091.000000
-49022.000000
-48954.000000
-48885.000000
-48815.000000
-48680.000000
-48469.000000
-48253.000000
-48040.000000
-47827.000000
-47613.000000
-47401.000000
-47188.000000
-46975.000000
-46761.000000
-46545.000000
-46330.000000
-46118.000000
-45904.000000
-45690.000000
-45481.000000
-45273.000000
-45055.000000
-44849.000000
-44636.000000
-44427.000000
-44220.000000
-44013.000000
-43804.000000
-43595.000000
-43386.000000
-43175.000000
-42965.000000
-42755.000000
-42544.000000
-42334.000000
-42121.000000
-41907.000000
-41696.000000
-41486.000000
-41274.000000
-41065.000000
-40850.000000
-40641.000000
-40433.000000
-40225.000000
-40017.000000
-39809.000000
-39600.000000
-39391.000000
-39182.000000
-38972.000000
-38761.000000
-38551.000000
-38339.000000
-38128.000000
-37916.000000
-37698.000000
-37487.000000
-37277.000000
-37069.000000
-36856.000000
-36647.000000
-36438.000000
-36228.000000
-36020.000000
-35814.000000
-35605.000000
-35396.000000
-35186.000000
-34977.000000
-34766.000000
-34552.000000
-34342.000000
-34131.000000
-33920.000000
-33707.000000
-33493.000000
-33282.000000
-33075.000000
-32867.000000
-32652.000000
-32444.000000
-32233.000000
-32025.000000
-31817.000000
-31609.000000
-31401.000000
-31192.000000
-30979.000000
-30768.000000
-30557.000000
-30348.000000
-30136.000000
-29925.000000
-29713.000000
-29498.000000
-29289.000000
-29079.000000
-28870.000000
-28657.000000
-28446.000000
-28239.000000
-28031.000000
-27823.000000
-27616.000000
-27402.000000
-27191.000000
-26984.000000
-26774.000000
-26563.000000
-26353.000000
-26142.000000
-25932.000000
-25718.000000
-25508.000000
-25403.000000
-25387.000000
-25385.000000
-25385.000000
-25389.000000
-25399.000000
-25418.000000
-25441.000000
-25470.000000
-25501.000000
-25538.000000
-25576.000000
-25616.000000
-25657.000000
-25701.000000
-25745.000000
-25790.000000
-25836.000000
-25886.000000
-25933.000000
-25981.000000
-26029.000000
-26079.000000
-27121.000000
-27221.000000
-27321.000000
-27421.000000
-27520.000000
-27620.000000
-27720.000000
-27819.000000
-27917.000000
-28017.000000
-28115.000000
-28216.000000
-28315.000000
-28414.000000
-28513.000000
-28613.000000
-28717.000000
-28816.000000
-28914.000000
-29013.000000
-29112.000000
-29211.000000
-29311.000000
-29414.000000
-29515.000000
-29614.000000
-29715.000000
-29815.000000
-29914.000000
-30014.000000
-30115.000000
-30217.000000
-30318.000000
-30419.000000
-30520.000000
-30622.000000
-30722.000000
-30822.000000
-30921.000000
-31021.000000
-31120.000000
-31220.000000
-31320.000000
-31422.000000
-31522.000000
-31622.000000
-31725.000000
-31824.000000
-31923.000000
-32022.000000
-32122.000000
-32221.000000
-32321.000000
-32422.000000
-32520.000000
-32620.000000
-32719.000000
-32824.000000
-32922.000000
-33020.000000
-33119.000000
-33217.000000
-33317.000000
-33418.000000
-33517.000000
-33617.000000
-33716.000000
-33818.000000
-33917.000000
-34017.000000
-34118.000000
-34221.000000
-34323.000000
-34425.000000
-34526.000000
-34627.000000
-34728.000000
-34828.000000
-34927.000000
-35027.000000
-35127.000000
-35226.000000
-35327.000000
-35427.000000
-35528.000000
-35628.000000
-35727.000000
-35827.000000
-35926.000000
-36025.000000
-36125.000000
-36225.000000
-36324.000000
-36424.000000
-36524.000000
-36622.000000
-36725.000000
-36824.000000
-36929.000000
-37027.000000
-37125.000000
-37225.000000
-37324.000000
-37423.000000
-37524.000000
-37622.000000
-37723.000000
-37822.000000
-37923.000000
-38023.000000
-38123.000000
-38224.000000
-38323.000000
-38425.000000
-38528.000000
-38628.000000
-38729.000000
-38830.000000
-38930.000000
-39033.000000
-39133.000000
-39233.000000
-39332.000000
-39432.000000
-39533.000000
-39633.000000
-39734.000000
-39833.000000
-39933.000000
-40033.000000
-40133.000000
-40231.000000
-40330.000000
-40430.000000
-40529.000000
-40630.000000
-40728.000000
-40828.000000
-40927.000000
-41032.000000
-41130.000000
-41228.000000
-41327.000000
-41426.000000
-41528.000000
-41629.000000
-41727.000000
-41829.000000
-41929.000000
-42029.000000
-42129.000000
-42228.000000
-42329.000000
-42429.000000
-42530.000000
-42633.000000
-42733.000000
-42835.000000
-42936.000000
-43036.000000
-43136.000000
-43235.000000
-43334.000000
-43434.000000
-43534.000000
-43635.000000
-43736.000000
-43837.000000
-43939.000000
-44039.000000
-44138.000000
-44237.000000
-44335.000000
-44434.000000
-44534.000000
-44634.000000
-44734.000000
-44831.000000
-44930.000000
-45030.000000
-45134.000000
-45232.000000
-45330.000000
-45429.000000
-45528.000000
-45627.000000
-45727.000000
-45826.000000
-45927.000000
-46027.000000
-46127.000000
-46227.000000
-46326.000000
-46427.000000
-46532.000000
-46633.000000
-46735.000000
-46836.000000
-46937.000000
-47039.000000
-47138.000000
-47238.000000
-47337.000000
-47436.000000
-47536.000000
-47636.000000
-47738.000000
-47838.000000
-47937.000000
-48038.000000
-48137.000000
-48236.000000
-48334.000000
-48432.000000
-48530.000000
-48630.000000
-48728.000000
-48826.000000
-48925.000000
-49021.000000
-49118.000000
-49220.000000
-49314.000000
-49409.000000
-49504.000000
-49600.000000
-49696.000000
-49791.000000
-49887.000000
-49981.000000
-50077.000000
-50172.000000
-50267.000000
-50361.000000
-50457.000000
-50553.000000
-50649.000000
-50899.000000
-50893.000000
-50870.000000
-50829.000000
-50775.000000
-50714.000000
-50651.000000
-50586.000000
-50522.000000
-50457.000000
-50392.000000
-50326.000000
-50261.000000
-50195.000000
-50127.000000
-50058.000000
-49991.000000
-49922.000000
-49852.000000
-49783.000000
-49644.000000
-49434.000000
-49224.000000
-49005.000000
-48792.000000
-48578.000000
-48365.000000
-48152.000000
-47937.000000
-47718.000000
-47504.000000
-47291.000000
-47079.000000
-46864.000000
-46648.000000
-46433.000000
-46219.000000
-46004.000000
-45789.000000
-45574.000000
-45365.000000
-45158.000000
-44943.000000
-44730.000000
-44520.000000
-44312.000000
-44105.000000
-43896.000000
-43686.000000
-43478.000000
-43271.000000
-43060.000000
-42848.000000
-42639.000000
-42427.000000
-42216.000000
-42004.000000
-41789.000000
-41575.000000
-41366.000000
-41158.000000
-40944.000000
-40734.000000
-40525.000000
-40318.000000
-40109.000000
-39901.000000
-39693.000000
-39483.000000
-39275.000000
-39065.000000
-38854.000000
-38644.000000
-38433.000000
-38223.000000
-38006.000000
-37792.000000
-37581.000000
-37371.000000
-37162.000000
-36955.000000
-36739.000000
-36530.000000
-36320.000000
-36112.000000
-35906.000000
-35699.000000
-35488.000000
-35280.000000
-35071.000000
-34861.000000
-34650.000000
-34436.000000
-34224.000000
-34013.000000
-33802.000000
-33587.000000
-33377.000000
-33168.000000
-32960.000000
-32745.000000
-32535.000000
-32325.000000
-32118.000000
-31910.000000
-31703.000000
-31495.000000
-31279.000000
-31072.000000
-30862.000000
-30652.000000
-30441.000000
-30231.000000
-30021.000000
-29807.000000
-29593.000000
-29382.000000
-29173.000000
-28964.000000
-28756.000000
-28540.000000
-28330.000000
-28122.000000
-27910.000000
-27704.000000
-27495.000000
-27287.000000
-27077.000000
-26867.000000
-26657.000000
-26448.000000
-26345.000000
-26330.000000
-26328.000000
-26328.000000
-26332.000000
-26344.000000
-26362.000000
-26385.000000
-26413.000000
-26445.000000
-26480.000000
-26519.000000
-26558.000000
-26599.000000
-26642.000000
-26686.000000
-26731.000000
-26776.000000
-26822.000000
-26868.000000
-26916.000000
-26963.000000
-27015.000000
-28053.000000
-28153.000000
-28253.000000
-28352.000000
-28450.000000
-28549.000000
-28647.000000
-28752.000000
-28849.000000
-28948.000000
-29047.000000
-29146.000000
-29245.000000
-29345.000000
-29445.000000
-29545.000000
-29646.000000
-29746.000000
-29846.000000
-29945.000000
-30045.000000
-30146.000000
-30247.000000
-30349.000000
-30454.000000
-30554.000000
-30656.000000
-30755.000000
-30855.000000
-30954.000000
-31053.000000
-31154.000000
-31254.000000
-31355.000000
-31455.000000
-31555.000000
-31656.000000
-31756.000000
-31855.000000
-31955.000000
-32053.000000
-32152.000000
-32252.000000
-32352.000000
-32451.000000
-32551.000000
-32650.000000
-32749.000000
-32854.000000
-32952.000000
-33053.000000
-33153.000000
-33252.000000
-33351.000000
-33451.000000
-33551.000000
-33652.000000
-33752.000000
-33852.000000
-33951.000000
-34052.000000
-34152.000000
-34253.000000
-34354.000000
-34456.000000
-34557.000000
-34658.000000
-34758.000000
-34858.000000
-34957.000000
-35057.000000
-35156.000000
-35257.000000
-35357.000000
-35458.000000
-35562.000000
-35661.000000
-35762.000000
-35861.000000
-35961.000000
-36061.000000
-36160.000000
-36259.000000
-36358.000000
-36459.000000
-36557.000000
-36656.000000
-36756.000000
-36855.000000
-36959.000000
-37057.000000
-37156.000000
-37255.000000
-37355.000000
-37454.000000
-37554.000000
-37653.000000
-37754.000000
-37854.000000
-37955.000000
-38054.000000
-38155.000000
-38255.000000
-38356.000000
-38460.000000
-38562.000000
-38663.000000
-38763.000000
-38863.000000
-38964.000000
-39063.000000
-39163.000000
-39262.000000
-39363.000000
-39463.000000
-39563.000000
-39664.000000
-39763.000000
-39864.000000
-39964.000000
-40063.000000
-40164.000000
-40262.000000
-40361.000000
-40461.000000
-40561.000000
-40660.000000
-40759.000000
-40859.000000
-40958.000000
-41065.000000
-41162.000000
-41261.000000
-41360.000000
-41460.000000
-41559.000000
-41659.000000
-41758.000000
-41859.000000
-41960.000000
-42061.000000
-42159.000000
-42260.000000
-42361.000000
-42461.000000
-42562.000000
-42663.000000
-42763.000000
-42863.000000
-42964.000000
-43064.000000
-43163.000000
-43262.000000
-43362.000000
-43462.000000
-43561.000000
-43665.000000
-43766.000000
-43866.000000
-43966.000000
-44067.000000
-44166.000000
-44266.000000
-44364.000000
-44463.000000
-44563.000000
-44664.000000
-44763.000000
-44862.000000
-44962.000000
-45060.000000
-45164.000000
-45261.000000
-45360.000000
-45458.000000
-45559.000000
-45658.000000
-45758.000000
-45858.000000
-45958.000000
-46059.000000
-46160.000000
-46261.000000
-46362.000000
-46463.000000
-46564.000000
-46665.000000
-46765.000000
-46864.000000
-46963.000000
-47061.000000
-47159.000000
-47257.000000
-47354.000000
-47451.000000
-47549.000000
-47647.000000
-47746.000000
-47844.000000
-47941.000000
-48038.000000
-48135.000000
-48230.000000
-48326.000000
-48420.000000
-48514.000000
-48609.000000
-48704.000000
-48799.000000
-48893.000000
-48985.000000
-49083.000000
-49178.000000
-49417.000000
-49411.000000
-49387.000000
-49346.000000
-49295.000000
-49235.000000
-49170.000000
-49101.000000
-49037.000000
-48973.000000
-48909.000000
-48845.000000
-48780.000000
-48715.000000
-48649.000000
-48583.000000
-48516.000000
-48451.000000
-48384.000000
-48316.000000
-48184.000000
-47978.000000
-47769.000000
-47557.000000
-47339.000000
-47126.000000
-46911.000000
-46696.000000
-46480.000000
-46266.000000
-46053.000000
-45837.000000
-45623.000000
-45409.000000
-45196.000000
-44978.000000
-44762.000000
-44547.000000
-44334.000000
-44120.000000
-43905.000000
-43690.000000
-43472.000000
-43265.000000
-43054.000000
-42843.000000
-42633.000000
-42422.000000
-42210.000000
-41999.000000
-41784.000000
-41575.000000
-41365.000000
-41157.000000
-40943.000000
-40732.000000
-40524.000000
-40316.000000
-40103.000000
-39895.000000
-39687.000000
-39478.000000
-39269.000000
-39060.000000
-38849.000000
-38639.000000
-38428.000000
-38218.000000
-38006.000000
-37792.000000
-37581.000000
-37370.000000
-37161.000000
-36953.000000
-36739.000000
-36530.000000
-36320.000000
-36107.000000
-35900.000000
-35691.000000
-35484.000000
-35275.000000
-35066.000000
-34856.000000
-34645.000000
-34436.000000
-34223.000000
-34012.000000
-33801.000000
-33586.000000
-33376.000000
-33167.000000
-32959.000000
-32744.000000
-32535.000000
-32324.000000
-32117.000000
-31904.000000
-31697.000000
-31489.000000
-31279.000000
-31071.000000
-30861.000000
-30651.000000
-30441.000000
-30230.000000
-30020.000000
-29806.000000
-29592.000000
-29381.000000
-29173.000000
-28964.000000
-28756.000000
-28539.000000
-28330.000000
-28120.000000
-27914.000000
-27706.000000
-27498.000000
-27286.000000
-27076.000000
-26867.000000
-26656.000000
-26445.000000
-26236.000000
-26024.000000
-25813.000000
-25601.000000
-25388.000000
-25177.000000
-24968.000000
-24864.000000
-24849.000000
-24847.000000
-24847.000000
-24852.000000
-24861.000000
-24879.000000
-24903.000000
-24931.000000
-24963.000000
-24998.000000
-25037.000000
-25076.000000
-25120.000000
-25161.000000
-25207.000000
-25253.000000
-25298.000000
-25345.000000
-25391.000000
-25439.000000
-25487.000000
-25534.000000
-26583.000000
-26682.000000
-26782.000000
-26881.000000
-26980.000000
-27080.000000
-27179.000000
-27279.000000
-27379.000000
-27478.000000
-27579.000000
-27678.000000
-27778.000000
-27879.000000
-27977.000000
-28076.000000
-28175.000000
-28276.000000
-28374.000000
-28474.000000
-28576.000000
-28675.000000
-28780.000000
-28877.000000
-28977.000000
-29075.000000
-29175.000000
-29275.000000
-29374.000000
-29474.000000
-29574.000000
-29675.000000
-29776.000000
-29874.000000
-29975.000000
-30075.000000
-30176.000000
-30278.000000
-30379.000000
-30480.000000
-30581.000000
-30682.000000
-30782.000000
-30881.000000
-30981.000000
-31082.000000
-31183.000000
-31283.000000
-31384.000000
-31484.000000
-31584.000000
-31685.000000
-31784.000000
-31884.000000
-31984.000000
-32083.000000
-32183.000000
-32281.000000
-32383.000000
-32481.000000
-32580.000000
-32680.000000
-32778.000000
-32883.000000
-32979.000000
-33078.000000
-33177.000000
-33277.000000
-33380.000000
-33480.000000
-33580.000000
-33680.000000
-33781.000000
-33882.000000
-33980.000000
-34080.000000
-34181.000000
-34283.000000
-34385.000000
-34486.000000
-34587.000000
-34687.000000
-34787.000000
-34887.000000
-34986.000000
-35087.000000
-35186.000000
-35286.000000
-35386.000000
-35487.000000
-35588.000000
-35687.000000
-35787.000000
-35890.000000
-35990.000000
-36090.000000
-36189.000000
-36289.000000
-36388.000000
-36488.000000
-36587.000000
-36685.000000
-36786.000000
-36887.000000
-36989.000000
-37086.000000
-37185.000000
-37284.000000
-37383.000000
-37483.000000
-37583.000000
-37682.000000
-37783.000000
-37883.000000
-37984.000000
-38083.000000
-38184.000000
-38284.000000
-38385.000000
-38488.000000
-38588.000000
-38692.000000
-38794.000000
-38893.000000
-38993.000000
-39093.000000
-39193.000000
-39292.000000
-39393.000000
-39492.000000
-39592.000000
-39693.000000
-39792.000000
-39893.000000
-39992.000000
-40092.000000
-40193.000000
-40291.000000
-40390.000000
-40490.000000
-40590.000000
-40689.000000
-40788.000000
-40888.000000
-40989.000000
-41090.000000
-41192.000000
-41290.000000
-41389.000000
-41488.000000
-41588.000000
-41688.000000
-41787.000000
-41888.000000
-41990.000000
-42090.000000
-42189.000000
-42289.000000
-42390.000000
-42491.000000
-42593.000000
-42694.000000
-42795.000000
-42897.000000
-42996.000000
-43097.000000
-43195.000000
-43296.000000
-43394.000000
-43495.000000
-43595.000000
-43695.000000
-43800.000000
-43899.000000
-43999.000000
-44099.000000
-44197.000000
-44297.000000
-44396.000000
-44495.000000
-44596.000000
-44696.000000
-44796.000000
-44895.000000
-44994.000000
-45096.000000
-45196.000000
-45294.000000
-45393.000000
-45491.000000
-45590.000000
-45690.000000
-45790.000000
-45890.000000
-45989.000000
-46090.000000
-46190.000000
-46292.000000
-46392.000000
-46492.000000
-46594.000000
-46695.000000
-46796.000000
-46897.000000
-46998.000000
-47097.000000
-47197.000000
-47296.000000
-47396.000000
-47495.000000
-47596.000000
-47696.000000
-47797.000000
-47897.000000
-47995.000000
-48094.000000
-48193.000000
-48291.000000
-48389.000000
-48488.000000
-48585.000000
-48684.000000
-48783.000000
-48880.000000
-48977.000000
-49076.000000
-49175.000000
-49275.000000
-49373.000000
-49470.000000
-49568.000000
-49666.000000
-49765.000000
-49863.000000
-49961.000000
-50059.000000
-50158.000000
-50257.000000
-50354.000000
-50453.000000
-50551.000000
-50652.000000
-50753.000000
-50854.000000
-50954.000000
-51055.000000
-51156.000000
-51256.000000
-51356.000000
-51457.000000
-51558.000000
-51660.000000
-51761.000000
-51866.000000
-51968.000000
-52069.000000
-52171.000000
-52274.000000
-52376.000000
-52477.000000
-52577.000000
-52676.000000
-52775.000000
-52874.000000
-52973.000000
-53070.000000
-53168.000000
-53265.000000
-53364.000000
-53455.000000
-53548.000000
-53640.000000
-53734.000000
-53827.000000
-53920.000000
-54012.000000
-54105.000000
-54340.000000
-54335.000000
-54311.000000
-54271.000000
-54219.000000
-54159.000000
-54098.000000
-54035.000000
-53973.000000
-53910.000000
-53847.000000
-53779.000000
-53715.000000
-53649.000000
-53585.000000
-53519.000000
-53453.000000
-53388.000000
-53322.000000
-53249.000000
-53116.000000
-52909.000000
-52698.000000
-52486.000000
-52269.000000
-52059.000000
-51841.000000
-51627.000000
-51414.000000
-51200.000000
-50985.000000
-50770.000000
-50554.000000
-50340.000000
-50126.000000
-49910.000000
-49695.000000
-49480.000000
-49267.000000
-49048.000000
-48833.000000
-48618.000000
-48402.000000
-48185.000000
-47976.000000
-47766.000000
-47554.000000
-47345.000000
-47135.000000
-46924.000000
-46715.000000
-46503.000000
-46292.000000
-46078.000000
-45866.000000
-45655.000000
-45446.000000
-45239.000000
-45024.000000
-44813.000000
-44604.000000
-44396.000000
-44189.000000
-43981.000000
-43772.000000
-43558.000000
-43351.000000
-43141.000000
-42931.000000
-42720.000000
-42509.000000
-42298.000000
-42086.000000
-41872.000000
-41662.000000
-41452.000000
-41243.000000
-41035.000000
-40819.000000
-40610.000000
-40401.000000
-40194.000000
-39986.000000
-39777.000000
-39564.000000
-39356.000000
-39147.000000
-38936.000000
-38726.000000
-38516.000000
-38304.000000
-38092.000000
-37880.000000
-37666.000000
-37458.000000
-37248.000000
-37039.000000
-36825.000000
-36615.000000
-36406.000000
-36198.000000
-35990.000000
-35783.000000
-35570.000000
-35360.000000
-35152.000000
-34942.000000
-34732.000000
-34522.000000
-34311.000000
-34100.000000
-33889.000000
-33675.000000
-33463.000000
-33254.000000
-33045.000000
-32837.000000
-32622.000000
-32412.000000
-32201.000000
-31995.000000
-31788.000000
-31575.000000
-31366.000000
-31157.000000
-30948.000000
-30738.000000
-30527.000000
-30317.000000
-30106.000000
-29897.000000
-29789.000000
-29773.000000
-29770.000000
-29771.000000
-29774.000000
-29785.000000
-29803.000000
-29826.000000
-29854.000000
-29886.000000
-29921.000000
-29960.000000
-29999.000000
-30040.000000
-30083.000000
-30127.000000
-30173.000000
-30223.000000
-30267.000000
-30315.000000
-30363.000000
-30411.000000
-30460.000000
-31500.000000
-31599.000000
-31699.000000
-31799.000000
-31898.000000
-31998.000000
-32096.000000
-32195.000000
-32294.000000
-32395.000000
-32494.000000
-32592.000000
-32695.000000
-32796.000000
-32897.000000
-32995.000000
-33094.000000
-33193.000000
-33292.000000
-33392.000000
-33492.000000
-33592.000000
-33692.000000
-33794.000000
-33893.000000
-33993.000000
-34093.000000
-34193.000000
-34295.000000
-34397.000000
-34498.000000
-34599.000000
-34700.000000
-34800.000000
-34899.000000
-34998.000000
-35099.000000
-35198.000000
-35299.000000
-35402.000000
-35503.000000
-35603.000000
-35702.000000
-35802.000000
-35901.000000
-36001.000000
-36101.000000
-36201.000000
-36300.000000
-36400.000000
-36500.000000
-36599.000000
-36697.000000
-36797.000000
-36899.000000
-36999.000000
-37097.000000
-37196.000000
-37295.000000
-37394.000000
-37495.000000
-37594.000000
-37693.000000
-37794.000000
-37895.000000
-37995.000000
-38095.000000
-38195.000000
-38296.000000
-38400.000000
-38503.000000
-38604.000000
-38704.000000
-38806.000000
-38905.000000
-39005.000000
-39104.000000
-39205.000000
-39304.000000
-39404.000000
-39504.000000
-39605.000000
-39705.000000
-39804.000000
-39905.000000
-40004.000000
-40104.000000
-40203.000000
-40303.000000
-40402.000000
-40502.000000
-40602.000000
-40701.000000
-40799.000000
-40900.000000
-41002.000000
-41102.000000
-41201.000000
-41303.000000
-41398.000000
-41500.000000
-41601.000000
-41700.000000
-41800.000000
-41900.000000
-42001.000000
-42102.000000
-42201.000000
-42301.000000
-42401.000000
-42503.000000
-42605.000000
-42706.000000
-42807.000000
-42909.000000
-43008.000000
-43108.000000
-43207.000000
-43308.000000
-43406.000000
-43506.000000
-43606.000000
-43706.000000
-43807.000000
-43905.000000
-44009.000000
-44108.000000
-44207.000000
-44306.000000
-44406.000000
-44505.000000
-44605.000000
-44705.000000
-44803.000000
-44903.000000
-45002.000000
-45106.000000
-45204.000000
-45302.000000
-45400.000000
-45500.000000
-45599.000000
-45700.000000
-45800.000000
-45900.000000
-46000.000000
-46101.000000
-46200.000000
-46300.000000
-46401.000000
-46501.000000
-46603.000000
-46705.000000
-46809.000000
-46910.000000
-47011.000000
-47108.000000
-47206.000000
-47305.000000
-47404.000000
-47501.000000
-47600.000000
-47698.000000
-47795.000000
-47892.000000
-47987.000000
-48083.000000
-48179.000000
-48273.000000
-48369.000000
-48462.000000
-48555.000000
-48649.000000
-48743.000000
-48835.000000
-48928.000000
-49021.000000
-49114.000000
-49352.000000
-49346.000000
-49324.000000
-49285.000000
-49232.000000
-49169.000000
-49105.000000
-49043.000000
-48980.000000
-48916.000000
-48853.000000
-48789.000000
-48725.000000
-48659.000000
-48593.000000
-48528.000000
-48462.000000
-48395.000000
-48330.000000
-48262.000000
-48128.000000
-47922.000000
-47712.000000
-47500.000000
-47289.000000
-47077.000000
-46862.000000
-46646.000000
-46432.000000
-46219.000000
-46004.000000
-45786.000000
-45570.000000
-45357.000000
-45145.000000
-44925.000000
-44706.000000
-44496.000000
-44284.000000
-44070.000000
-43855.000000
-43640.000000
-43426.000000
-43213.000000
-43001.000000
-42785.000000
-42573.000000
-42363.000000
-42150.000000
-41937.000000
-41720.000000
-41510.000000
-41302.000000
-41093.000000
-40879.000000
-40669.000000
-40459.000000
-40251.000000
-40044.000000
-39835.000000
-39626.000000
-39418.000000
-39211.000000
-39000.000000
-38790.000000
-38579.000000
-38368.000000
-38156.000000
-37944.000000
-37731.000000
-37520.000000
-37310.000000
-37097.000000
-36887.000000
-36673.000000
-36466.000000
-36256.000000
-36049.000000
-35840.000000
-35632.000000
-35424.000000
-35215.000000
-35005.000000
-34796.000000
-34585.000000
-34375.000000
-34163.000000
-33951.000000
-33739.000000
-33525.000000
-33315.000000
-33108.000000
-32900.000000
-32681.000000
-32471.000000
-32259.000000
-32052.000000
-31845.000000
-31637.000000
-31428.000000
-31221.000000
-31012.000000
-30800.000000
-30590.000000
-30380.000000
-30170.000000
-29959.000000
-29745.000000
-29533.000000
-29321.000000
-29112.000000
-28903.000000
-28687.000000
-28475.000000
-28266.000000
-28057.000000
-27852.000000
-27643.000000
-27434.000000
-27225.000000
-27016.000000
-26806.000000
-26597.000000
-26386.000000
-26175.000000
-25964.000000
-25752.000000
-25539.000000
-25328.000000
-25117.000000
-24909.000000
-24800.000000
-24784.000000
-24782.000000
-24782.000000
-24786.000000
-24797.000000
-24815.000000
-24839.000000
-24866.000000
-24901.000000
-24937.000000
-24973.000000
-25014.000000
-25057.000000
-25098.000000
-25143.000000
-25188.000000
-25233.000000
-25280.000000
-25327.000000
-25374.000000
-25422.000000
-25470.000000
-26519.000000
-26618.000000
-26718.000000
-26817.000000
-26917.000000
-27016.000000
-27116.000000
-27215.000000
-27315.000000
-27414.000000
-27514.000000
-27614.000000
-27714.000000
-27813.000000
-27912.000000
-28012.000000
-28111.000000
-28211.000000
-28311.000000
-28410.000000
-28508.000000
-28609.000000
-28711.000000
-28811.000000
-28912.000000
-29011.000000
-29110.000000
-29209.000000
-29309.000000
-29409.000000
-29509.000000
-29609.000000
-29711.000000
-29810.000000
-29910.000000
-30010.000000
-30110.000000
-30212.000000
-30314.000000
-30415.000000
-30516.000000
-30618.000000
-30717.000000
-30817.000000
-30916.000000
-31016.000000
-31115.000000
-31215.000000
-31315.000000
-31417.000000
-31517.000000
-31620.000000
-31720.000000
-31819.000000
-31918.000000
-32017.000000
-32118.000000
-32216.000000
-32317.000000
-32417.000000
-32516.000000
-32616.000000
-32714.000000
-32818.000000
-32918.000000
-33015.000000
-33114.000000
-33213.000000
-33313.000000
-33413.000000
-33512.000000
-33613.000000
-33712.000000
-33813.000000
-33913.000000
-34012.000000
-34113.000000
-34213.000000
-34315.000000
-34417.000000
-34518.000000
-34619.000000
-34721.000000
-34823.000000
-34922.000000
-35021.000000
-35122.000000
-35221.000000
-35322.000000
-35422.000000
-35523.000000
-35623.000000
-35722.000000
-35822.000000
-35921.000000
-36020.000000
-36120.000000
-36221.000000
-36320.000000
-36420.000000
-36520.000000
-36618.000000
-36717.000000
-36817.000000
-36921.000000
-37020.000000
-37118.000000
-37217.000000
-37316.000000
-37419.000000
-37519.000000
-37618.000000
-37718.000000
-37817.000000
-37919.000000
-38018.000000
-38117.000000
-38219.000000
-38319.000000
-38421.000000
-38523.000000
-38624.000000
-38724.000000
-38826.000000
-38926.000000
-39025.000000
-39124.000000
-39225.000000
-39324.000000
-39425.000000
-39525.000000
-39626.000000
-39726.000000
-39825.000000
-39926.000000
-40028.000000
-40124.000000
-40227.000000
-40325.000000
-40425.000000
-40525.000000
-40625.000000
-40723.000000
-40823.000000
-40923.000000
-41027.000000
-41126.000000
-41224.000000
-41323.000000
-41422.000000
-41521.000000
-41621.000000
-41720.000000
-41821.000000
-41922.000000
-42022.000000
-42122.000000
-42221.000000
-42322.000000
-42422.000000
-42523.000000
-42625.000000
-42726.000000
-42827.000000
-42929.000000
-43029.000000
-43132.000000
-43231.000000
-43330.000000
-43429.000000
-43530.000000
-43630.000000
-43732.000000
-43832.000000
-43932.000000
-44031.000000
-44131.000000
-44231.000000
-44329.000000
-44428.000000
-44527.000000
-44627.000000
-44727.000000
-44826.000000
-44924.000000
-45024.000000
-45128.000000
-45226.000000
-45324.000000
-45423.000000
-45525.000000
-45624.000000
-45725.000000
-45824.000000
-45924.000000
-46024.000000
-46124.000000
-46224.000000
-46323.000000
-46423.000000
-46524.000000
-46626.000000
-46729.000000
-46829.000000
-46930.000000
-47032.000000
-47130.000000
-47230.000000
-47328.000000
-47426.000000
-47526.000000
-47625.000000
-47725.000000
-47823.000000
-47922.000000
-48020.000000
-48118.000000
-48220.000000
-48317.000000
-48415.000000
-48513.000000
-48609.000000
-48707.000000
-48805.000000
-48901.000000
-48998.000000
-49094.000000
-49196.000000
-49292.000000
-49387.000000
-49484.000000
-49578.000000
-49673.000000
-49768.000000
-49863.000000
-49958.000000
-50052.000000
-50146.000000
-50241.000000
