2357.000000
2353.000000
2342.000000
2325.000000
2301.000000
2274.000000
2243.000000
2208.000000
2169.000000
2130.000000
2087.000000
2045.000000
2001.000000
1956.000000
1911.000000
1865.000000
1818.000000
1770.000000
1724.000000
1675.000000
635.000000
536.000000
435.000000
336.000000
237.000000
138.000000
39.000000
-66.000000
-163.000000
-262.000000
-362.000000
-464.000000
-563.000000
-662.000000
-762.000000
-862.000000
-961.000000
-1061.000000
-1160.000000
-1259.000000
-1360.000000
-1460.000000
-1562.000000
-1664.000000
-1765.000000
-1866.000000
-1967.000000
-2066.000000
-2166.000000
-2269.000000
-2369.000000
-2468.000000
-2568.000000
-2669.000000
-2770.000000
-2870.000000
-2969.000000
-3070.000000
-3169.000000
-3270.000000
-3368.000000
-3468.000000
-3567.000000
-3667.000000
-3767.000000
-3865.000000
-3965.000000
-4064.000000
-4172.000000
-4270.000000
-4368.000000
-4468.000000
-4567.000000
-4666.000000
-4765.000000
-4865.000000
-4966.000000
-5066.000000
-5166.000000
-5265.000000
-5364.000000
-5466.000000
-5567.000000
-5669.000000
-5771.000000
-5872.000000
-5976.000000
-6077.000000
-6176.000000
-6275.000000
-6375.000000
-6474.000000
-6574.000000
-6674.000000
-6775.000000
-6876.000000
-6976.000000
-7076.000000
-7177.000000
-7276.000000
-7376.000000
-7478.000000
-7577.000000
-7677.000000
-7777.000000
-7875.000000
-7975.000000
-8075.000000
-8173.000000
-8278.000000
-8376.000000
-8474.000000
-8573.000000
-8672.000000
-8772.000000
-8872.000000
-8972.000000
-9072.000000
-9172.000000
-9276.000000
-9375.000000
-9475.000000
-9575.000000
-9676.000000
-9777.000000
-9879.000000
-9980.000000
-10081.000000
-10181.000000
-10281.000000
-10380.000000
-10480.000000
-10579.000000
-10680.000000
-10781.000000
-10881.000000
-10982.000000
-11085.000000
-11185.000000
-11285.000000
-11385.000000
-11485.000000
-11584.000000
-11683.000000
-11783.000000
-11883.000000
-11982.000000
-12081.000000
-12180.000000
-12279.000000
-12384.000000
-12481.000000
-12580.000000
-12683.000000
-12783.000000
-12882.000000
-12982.000000
-13080.000000
-13181.000000
-13281.000000
-13383.000000
-13481.000000
-13581.000000
-13682.000000
-13783.000000
-13883.000000
-13986.000000
-14086.000000
-14186.000000
-14286.000000
-14390.000000
-14489.000000
-14589.000000
-14688.000000
-14789.000000
-14889.000000
-14990.000000
-15090.000000
-15190.000000
-15290.000000
-15391.000000
-15490.000000
-15591.000000
-15690.000000
-15789.000000
-15888.000000
-15989.000000
-16091.000000
-16190.000000
-16290.000000
-16389.000000
-16493.000000
-16590.000000
-16689.000000
-16787.000000
-16887.000000
-16986.000000
-17086.000000
-17186.000000
-17286.000000
-17387.000000
-17488.000000
-17587.000000
-17687.000000
-17787.000000
-17891.000000
-17993.000000
-18094.000000
-18195.000000
-18296.000000
-18396.000000
-18496.000000
-18596.000000
-18696.000000
-18794.000000
-18894.000000
-18994.000000
-19095.000000
-19196.000000
-19297.000000
-19397.000000
-19497.000000
-19596.000000
-19697.000000
-19798.000000
-19898.000000
-19997.000000
-20097.000000
-20197.000000
-20296.000000
-20396.000000
-20496.000000
-20598.000000
-20695.000000
-20794.000000
-20893.000000
-20993.000000
-21092.000000
-21193.000000
-21292.000000
-21393.000000
-21493.000000
-21597.000000
-21695.000000
-21795.000000
-21896.000000
-21998.000000
-22100.000000
-22201.000000
-22301.000000
-22403.000000
-22502.000000
-22602.000000
-22701.000000
-22801.000000
-22900.000000
-23001.000000
-23101.000000
-23202.000000
-23302.000000
-23405.000000
-23505.000000
-23605.000000
-23705.000000
-23805.000000
-23904.000000
-24002.000000
-24103.000000
-24203.000000
-24302.000000
-24401.000000
-24501.000000
-24601.000000
-24703.000000
-24801.000000
-24900.000000
-24999.000000
-25098.000000
-25198.000000
-25301.000000
-25400.000000
-25501.000000
-25602.000000
-25702.000000
-25802.000000
-25901.000000
-26002.000000
-26104.000000
-26205.000000
-26307.000000
-26407.000000
-26509.000000
-26608.000000
-26708.000000
-26808.000000
-26908.000000
-27007.000000
-27107.000000
-27207.000000
-27311.000000
-27411.000000
-27511.000000
-27611.000000
-27711.000000
-27811.000000
-27910.000000
-28010.000000
-28109.000000
-28209.000000
-28308.000000
-28408.000000
-28506.000000
-28607.000000
-28709.000000
-28809.000000
-28907.000000
-29006.000000
-29105.000000
-29204.000000
-29307.000000
-29406.000000
-29507.000000
-29607.000000
-29709.000000
-29808.000000
-29908.000000
-30007.000000
-30108.000000
-30210.000000
-30311.000000
-30412.000000
-30514.000000
-30615.000000
-30715.000000
-30815.000000
-30914.000000
-31014.000000
-31112.000000
-31216.000000
-31316.000000
-31417.000000
-31517.000000
-31617.000000
-31717.000000
-31817.000000
-31916.000000
-32016.000000
-32115.000000
-32214.000000
-32315.000000
-32415.000000
-32514.000000
-32613.000000
-32712.000000
-32816.000000
-32915.000000
-33013.000000
-33115.000000
-33211.000000
-33313.000000
-33414.000000
-33513.000000
-33613.000000
-33712.000000
-33814.000000
-33914.000000
-34013.000000
-34114.000000
-34213.000000
-34316.000000
-34418.000000
-34519.000000
-34620.000000
-34721.000000
-34821.000000
-34920.000000
-35019.000000
-35123.000000
-35222.000000
-35323.000000
-35423.000000
-35524.000000
-35624.000000
-35723.000000
-35823.000000
-35923.000000
-36022.000000
-36121.000000
-36221.000000
-36320.000000
-36420.000000
-36521.000000
-36619.000000
-36719.000000
-36818.000000
-36925.000000
-37023.000000
-37122.000000
-37221.000000
-37321.000000
-37420.000000
-37520.000000
-37619.000000
-37719.000000
-37818.000000
-37920.000000
-38020.000000
-38119.000000
-38220.000000
-38320.000000
-38422.000000
-38524.000000
-38625.000000
-38726.000000
-38830.000000
-38930.000000
-39029.000000
-39129.000000
-39230.000000
-39328.000000
-39429.000000
-39529.000000
-39630.000000
-39730.000000
-39829.000000
-39930.000000
-40030.000000
-40130.000000
-40228.000000
-40327.000000
-40427.000000
-40526.000000
-40626.000000
-40725.000000
-40824.000000
-40927.000000
-41032.000000
-41130.000000
-41228.000000
-41327.000000
-41426.000000
-41525.000000
-41625.000000
-41724.000000
-41825.000000
-41926.000000
-42026.000000
-42126.000000
-42225.000000
-42326.000000
-42425.000000
-42527.000000
-42630.000000
-42733.000000
-42834.000000
-42936.000000
-43035.000000
-43135.000000
-43234.000000
-43334.000000
-43433.000000
-43534.000000
-43634.000000
-43735.000000
-43836.000000
-43935.000000
-44036.000000
-44135.000000
-44235.000000
-44333.000000
-44432.000000
-44535.000000
-44635.000000
-44735.000000
-44833.000000
-44933.000000
-45032.000000
-45137.000000
-45235.000000
-45333.000000
-45432.000000
-45531.000000
-45630.000000
-45731.000000
-45831.000000
-45931.000000
-46032.000000
-46131.000000
-46231.000000
-46330.000000
-46434.000000
-46535.000000
-46636.000000
-46738.000000
-46839.000000
-46940.000000
-47041.000000
-47140.000000
-47240.000000
-47339.000000
-47438.000000
-47539.000000
-47639.000000
-47740.000000
-47841.000000
-47940.000000
-48040.000000
-48140.000000
-48243.000000
-48343.000000
-48442.000000
-48541.000000
-48641.000000
-48741.000000
-48839.000000
-48938.000000
-49037.000000
-49136.000000
-49241.000000
-49339.000000
-49438.000000
-49537.000000
-49637.000000
-49735.000000
-49835.000000
-49935.000000
-50035.000000
-50136.000000
-50239.000000
-50339.000000
-50439.000000
-50539.000000
-50640.000000
-50740.000000
-50842.000000
-50943.000000
-51043.000000
-51144.000000
-51244.000000
-51344.000000
-51443.000000
-51543.000000
-51643.000000
-51743.000000
-51844.000000
-51944.000000
-52044.000000
-52144.000000
-52245.000000
-52345.000000
-52445.000000
-52547.000000
-52645.000000
-52744.000000
-52845.000000
-52943.000000
-53043.000000
-53142.000000
-53242.000000
-53346.000000
-53442.000000
-53541.000000
-53638.000000
-53738.000000
-53837.000000
-53936.000000
-54035.000000
-54136.000000
-54237.000000
-54338.000000
-54437.000000
-54541.000000
-54640.000000
-54742.000000
-54842.000000
-54944.000000
-55045.000000
-55145.000000
-55246.000000
-55346.000000
-55446.000000
-55545.000000
-55644.000000
-55744.000000
-55843.000000
-55944.000000
-56044.000000
-56143.000000
-56243.000000
-56342.000000
-56440.000000
-56539.000000
-56636.000000
-56733.000000
-56833.000000
-56931.000000
-57027.000000
-57124.000000
-57221.000000
-57316.000000
-57417.000000
-57511.000000
-57604.000000
-57697.000000
-57789.000000
-57882.000000
-57975.000000
-58067.000000
-58160.000000
-58252.000000
-58485.000000
-58479.000000
-58457.000000
-58417.000000
-58365.000000
-58307.000000
-58247.000000
-58187.000000
-58125.000000
-58063.000000
-58002.000000
-57940.000000
-57877.000000
-57815.000000
-57751.000000
-57688.000000
-57623.000000
-57555.000000
-57495.000000
-57430.000000
-57291.000000
-57087.000000
-56880.000000
-56672.000000
-56462.000000
-56251.000000
-56035.000000
-55823.000000
-55614.000000
-55404.000000
-55194.000000
-54982.000000
-54770.000000
-54560.000000
-54351.000000
-54138.000000
-53925.000000
-53715.000000
-53503.000000
-53287.000000
-53071.000000
-52860.000000
-52648.000000
-52438.000000
-52226.000000
-52013.000000
-51801.000000
-51590.000000
-51380.000000
-51169.000000
-50957.000000
-50743.000000
-50532.000000
-50320.000000
-50104.000000
-49891.000000
-49678.000000
-49466.000000
-49256.000000
-49037.000000
-48825.000000
-48612.000000
-48399.000000
-48188.000000
-47976.000000
-47764.000000
-47552.000000
-47340.000000
-47130.000000
-46917.000000
-46700.000000
-46486.000000
-46275.000000
-46063.000000
-45849.000000
-45637.000000
-45425.000000
-45213.000000
-44996.000000
-44783.000000
-44569.000000
-44358.000000
-44142.000000
-43930.000000
-43719.000000
-43507.000000
-43296.000000
-43085.000000
-42872.000000
-42658.000000
-42447.000000
-42235.000000
-42025.000000
-41813.000000
-41600.000000
-41389.000000
-41176.000000
-40963.000000
-40754.000000
-40548.000000
-40340.000000
-40132.000000
-39921.000000
-39713.000000
-39502.000000
-39293.000000
-39083.000000
-38873.000000
-38663.000000
-38453.000000
-38242.000000
-38026.000000
-37813.000000
-37601.000000
-37389.000000
-37181.000000
-36974.000000
-36759.000000
-36551.000000
-36344.000000
-36137.000000
-35927.000000
-35716.000000
-35508.000000
-35299.000000
-35092.000000
-34881.000000
-34665.000000
-34454.000000
-34243.000000
-34035.000000
-33936.000000
-33919.000000
-33916.000000
-33916.000000
-33915.000000
-33919.000000
-33931.000000
-33948.000000
-33971.000000
-34000.000000
-34031.000000
-34069.000000
-34106.000000
-34146.000000
-34187.000000
-34229.000000
-34274.000000
-34319.000000
-34366.000000
-34413.000000
-34460.000000
-34508.000000
-34555.000000
-34604.000000
-35644.000000
-35743.000000
-35843.000000
-35941.000000
-36041.000000
-36139.000000
-36238.000000
-36337.000000
-36437.000000
-36537.000000
-36634.000000
-36734.000000
-36833.000000
-36941.000000
-37040.000000
-37138.000000
-37237.000000
-37336.000000
-37435.000000
-37536.000000
-37635.000000
-37735.000000
-37835.000000
-37935.000000
-38035.000000
-38135.000000
-38236.000000
-38337.000000
-38438.000000
-38539.000000
-38640.000000
-38741.000000
-38845.000000
-38945.000000
-39045.000000
-39144.000000
-39243.000000
-39343.000000
-39444.000000
-39544.000000
-39645.000000
-39745.000000
-39845.000000
-39945.000000
-40045.000000
-40145.000000
-40243.000000
-40342.000000
-40442.000000
-40542.000000
-40641.000000
-40740.000000
-40839.000000
-40939.000000
-41043.000000
-41145.000000
-41243.000000
-41342.000000
-41441.000000
-41540.000000
-41640.000000
-41740.000000
-41841.000000
-41941.000000
-42041.000000
-42141.000000
-42241.000000
-42342.000000
-42443.000000
-42543.000000
-42645.000000
-42746.000000
-42847.000000
-42947.000000
-43048.000000
-43148.000000
-43250.000000
-43349.000000
-43449.000000
-43549.000000
-43650.000000
-43751.000000
-43851.000000
-43951.000000
-44051.000000
-44150.000000
-44251.000000
-44349.000000
-44448.000000
-44548.000000
-44648.000000
-44747.000000
-44846.000000
-44946.000000
-45045.000000
-45149.000000
-45247.000000
-45349.000000
-45447.000000
-45547.000000
-45646.000000
-45747.000000
-45847.000000
-45947.000000
-46048.000000
-46148.000000
-46247.000000
-46347.000000
-46447.000000
-46549.000000
-46650.000000
-46752.000000
-46852.000000
-46953.000000
-47053.000000
-47153.000000
-47256.000000
-47354.000000
-47454.000000
-47555.000000
-47655.000000
-47756.000000
-47857.000000
-47956.000000
-48056.000000
-48156.000000
-48255.000000
-48356.000000
-48455.000000
-48554.000000
-48654.000000
-48754.000000
-48853.000000
-48952.000000
-49051.000000
-49150.000000
-49254.000000
-49354.000000
-49454.000000
-49552.000000
-49653.000000
-49752.000000
-49852.000000
-49951.000000
-50051.000000
-50152.000000
-50253.000000
-50352.000000
-50452.000000
-50553.000000
-50654.000000
-50755.000000
-50856.000000
-50957.000000
-51060.000000
-51161.000000
-51261.000000
-51361.000000
-51461.000000
-51560.000000
-51660.000000
-51760.000000
-51861.000000
-51961.000000
-52061.000000
-52161.000000
-52261.000000
-52361.000000
-52461.000000
-52560.000000
-52659.000000
-52758.000000
-52858.000000
-52960.000000
-53059.000000
-53159.000000
-53258.000000
-53363.000000
-53459.000000
-53558.000000
-53657.000000
-53757.000000
-53856.000000
-53956.000000
-54056.000000
-54157.000000
-54257.000000
-54358.000000
-54456.000000
-54557.000000
-54657.000000
-54759.000000
-54860.000000
-54961.000000
-55061.000000
-55164.000000
-55265.000000
-55364.000000
-55463.000000
-55562.000000
-55660.000000
-55760.000000
-55859.000000
-55959.000000
-56059.000000
-56156.000000
-56254.000000
-56351.000000
-56448.000000
-56544.000000
-56640.000000
-56735.000000
-56830.000000
-56926.000000
-57021.000000
-57119.000000
-57214.000000
-57307.000000
-57406.000000
-57498.000000
-57590.000000
-57683.000000
-57773.000000
-57865.000000
-58093.000000
-58086.000000
-58062.000000
-58022.000000
-57970.000000
-57901.000000
-57857.000000
-57792.000000
-57730.000000
-57669.000000
-57607.000000
-57544.000000
-57482.000000
-57418.000000
-57349.000000
-57284.000000
-57218.000000
-57152.000000
-57085.000000
-57019.000000
-56882.000000
-56679.000000
-56472.000000
-56262.000000
-56050.000000
-55836.000000
-55624.000000
-55413.000000
-55202.000000
-54987.000000
-54774.000000
-54556.000000
-54345.000000
-54130.000000
-53916.000000
-53703.000000
-53491.000000
-53276.000000
-53058.000000
-52846.000000
-52632.000000
-52421.000000
-52208.000000
-51995.000000
-51780.000000
-51568.000000
-51351.000000
-51139.000000
-50926.000000
-50711.000000
-50498.000000
-50285.000000
-50072.000000
-49858.000000
-49645.000000
-49431.000000
-49220.000000
-49001.000000
-48787.000000
-48574.000000
-48367.000000
-48156.000000
-47941.000000
-47733.000000
-47523.000000
-47314.000000
-47103.000000
-46894.000000
-46683.000000
-46472.000000
-46260.000000
-46048.000000
-45834.000000
-45624.000000
-45416.000000
-45207.000000
-44993.000000
-44785.000000
-44572.000000
-44366.000000
-44158.000000
-43947.000000
-43738.000000
-43528.000000
-43321.000000
-43110.000000
-42900.000000
-42689.000000
-42478.000000
-42267.000000
-42056.000000
-41841.000000
-41630.000000
-41421.000000
-41208.000000
-40998.000000
-40784.000000
-40577.000000
-40370.000000
-40164.000000
-39953.000000
-39743.000000
-39534.000000
-39324.000000
-39115.000000
-38904.000000
-38695.000000
-38485.000000
-38273.000000
-38061.000000
-37849.000000
-37631.000000
-37421.000000
-37213.000000
-37004.000000
-36791.000000
-36582.000000
-36374.000000
-36167.000000
-35959.000000
-35748.000000
-35540.000000
-35329.000000
-35122.000000
-34911.000000
-34701.000000
-34490.000000
-34276.000000
-34065.000000
-33852.000000
-33642.000000
-33543.000000
-33527.000000
-33524.000000
-33524.000000
-33524.000000
-33529.000000
-33541.000000
-33558.000000
-33580.000000
-33609.000000
-33641.000000
-33676.000000
-33713.000000
-33754.000000
-33795.000000
-33839.000000
-33883.000000
-33929.000000
-33975.000000
-34021.000000
-34069.000000
-34116.000000
-34164.000000
-34212.000000
-35256.000000
-35357.000000
-35457.000000
-35558.000000
-35656.000000
-35756.000000
-35855.000000
-35954.000000
-36054.000000
-36153.000000
-36252.000000
-36352.000000
-36452.000000
-36551.000000
-36649.000000
-36748.000000
-36848.000000
-36952.000000
-37054.000000
-37152.000000
-37251.000000
-37351.000000
-37450.000000
-37550.000000
-37649.000000
-37750.000000
-37850.000000
-37950.000000
-38050.000000
-38150.000000
-38251.000000
-38352.000000
-38453.000000
-38555.000000
-38655.000000
-38756.000000
-38856.000000
-38960.000000
-39059.000000
-39159.000000
-39258.000000
-39358.000000
-39458.000000
-39559.000000
-39659.000000
-39759.000000
-39859.000000
-39960.000000
-40059.000000
-40160.000000
-40258.000000
-40358.000000
-40457.000000
-40557.000000
-40656.000000
-40755.000000
-40854.000000
-40953.000000
-41058.000000
-41158.000000
-41257.000000
-41356.000000
-41456.000000
-41554.000000
-41655.000000
-41754.000000
-41855.000000
-41956.000000
-42057.000000
-42155.000000
-42256.000000
-42356.000000
-42457.000000
-42558.000000
-42660.000000
-42761.000000
-42862.000000
-42962.000000
-43063.000000
-43165.000000
-43265.000000
-43363.000000
-43464.000000
-43564.000000
-43664.000000
-43765.000000
-43865.000000
-43966.000000
-44066.000000
-44165.000000
-44266.000000
-44364.000000
-44463.000000
-44562.000000
-44663.000000
-44762.000000
-44861.000000
-44961.000000
-45060.000000
-45163.000000
-45261.000000
-45363.000000
-45461.000000
-45562.000000
-45661.000000
-45762.000000
-45861.000000
-45962.000000
-46061.000000
-46162.000000
-46261.000000
-46361.000000
-46461.000000
-46563.000000
-46665.000000
-46767.000000
-46867.000000
-46968.000000
-47068.000000
-47168.000000
-47267.000000
-47370.000000
-47469.000000
-47570.000000
-47670.000000
-47771.000000
-47871.000000
-47971.000000
-48070.000000
-48170.000000
-48270.000000
-48370.000000
-48469.000000
-48569.000000
-48668.000000
-48769.000000
-48867.000000
-48965.000000
-49065.000000
-49165.000000
-49268.000000
-49366.000000
-49465.000000
-49564.000000
-49664.000000
-49766.000000
-49866.000000
-49965.000000
-50066.000000
-50167.000000
-50267.000000
-50366.000000
-50467.000000
-50567.000000
-50669.000000
-50770.000000
-50871.000000
-50972.000000
-51074.000000
-51173.000000
-51273.000000
-51372.000000
-51473.000000
-51572.000000
-51672.000000
-51772.000000
-51872.000000
-51976.000000
-52075.000000
-52175.000000
-52276.000000
-52375.000000
-52476.000000
-52575.000000
-52673.000000
-52773.000000
-52873.000000
-52972.000000
-53071.000000
-53171.000000
-53273.000000
-53375.000000
-53472.000000
-53571.000000
-53669.000000
-53768.000000
-53868.000000
-53968.000000
-54067.000000
-54171.000000
-54273.000000
-54372.000000
-54472.000000
-54572.000000
-54672.000000
-54773.000000
-54875.000000
-54977.000000
-55077.000000
-55179.000000
-55279.000000
-55379.000000
-55478.000000
-55578.000000
-55676.000000
-55777.000000
-55876.000000
-55977.000000
-56078.000000
-56177.000000
-56276.000000
-56379.000000
-56479.000000
-56578.000000
-56678.000000
-56776.000000
-56876.000000
-56976.000000
-57075.000000
-57174.000000
-57274.000000
-57375.000000
-57476.000000
-57574.000000
-57673.000000
-57772.000000
-57871.000000
-57972.000000
-58072.000000
-58172.000000
-58273.000000
-58377.000000
-58477.000000
-58576.000000
-58676.000000
-58777.000000
-58879.000000
-58980.000000
-59081.000000
-59182.000000
-59282.000000
-59382.000000
-59480.000000
-59578.000000
-59677.000000
-59775.000000
-59875.000000
-59973.000000
-60074.000000
-60173.000000
-60272.000000
-60371.000000
-60472.000000
-60572.000000
-60672.000000
-60770.000000
-60869.000000
-60968.000000
-61067.000000
-61164.000000
-61262.000000
-61361.000000
-61459.000000
-61562.000000
-61657.000000
-61756.000000
-61853.000000
-61951.000000
-62048.000000
-62146.000000
-62245.000000
-62345.000000
-62443.000000
-62542.000000
-62642.000000
-62741.000000
-62839.000000
-62938.000000
-63037.000000
-63138.000000
-63236.000000
-63334.000000
-63431.000000
-63527.000000
-63621.000000
-63714.000000
-63809.000000
-63902.000000
