1147.000000
1143.000000
1133.000000
1115.000000
1092.000000
1065.000000
1035.000000
1000.000000
961.000000
922.000000
882.000000
840.000000
796.000000
752.000000
706.000000
660.000000
614.000000
568.000000
520.000000
471.000000
-567.000000
-666.000000
-765.000000
-865.000000
-965.000000
-1066.000000
-1165.000000
-1265.000000
-1366.000000
-1466.000000
-1572.000000
-1674.000000
-1775.000000
-1875.000000
-1976.000000
-2076.000000
-2176.000000
-2275.000000
-2374.000000
-2474.000000
-2574.000000
-2677.000000
-2776.000000
-2876.000000
-2976.000000
-3077.000000
-3176.000000
-3276.000000
-3375.000000
-3474.000000
-3573.000000
-3673.000000
-3775.000000
-3874.000000
-3973.000000
-4072.000000
-4177.000000
-4275.000000
-4373.000000
-4473.000000
-4571.000000
-4671.000000
-4779.000000
-4873.000000
-4974.000000
-5074.000000
-5175.000000
-5274.000000
-5374.000000
-5474.000000
-5575.000000
-5676.000000
-5778.000000
-5879.000000
-5981.000000
-6085.000000
-6185.000000
-6284.000000
-6383.000000
-6482.000000
-6582.000000
-6682.000000
-6783.000000
-6884.000000
-6984.000000
-7085.000000
-7185.000000
-7288.000000
-7388.000000
-7487.000000
-7586.000000
-7685.000000
-7786.000000
-7884.000000
-7983.000000
-8083.000000
-8181.000000
-8286.000000
-8386.000000
-8485.000000
-8583.000000
-8683.000000
-8783.000000
-8883.000000
-8982.000000
-9083.000000
-9183.000000
-9285.000000
-9386.000000
-9486.000000
-9587.000000
-9688.000000
-9790.000000
-9892.000000
-9993.000000
-10094.000000
-10194.000000
-10294.000000
-10392.000000
-10495.000000
-10594.000000
-10695.000000
-10796.000000
-10897.000000
-10998.000000
-11097.000000
-11198.000000
-11298.000000
-11397.000000
-11498.000000
-11596.000000
-11699.000000
-11798.000000
-11899.000000
-11998.000000
-12096.000000
-12196.000000
-12294.000000
-12398.000000
-12495.000000
-12594.000000
-12696.000000
-12796.000000
-12896.000000
-12995.000000
-13095.000000
-13196.000000
-13296.000000
-13397.000000
-13496.000000
-13597.000000
-13697.000000
-13802.000000
-13903.000000
-14004.000000
-14105.000000
-14205.000000
-14305.000000
-14405.000000
-14505.000000
-14605.000000
-14704.000000
-14805.000000
-14904.000000
-15008.000000
-15110.000000
-15209.000000
-15309.000000
-15409.000000
-15509.000000
-15609.000000
-15708.000000
-15808.000000
-15907.000000
-16010.000000
-16109.000000
-16208.000000
-16308.000000
-16409.000000
-16511.000000
-16608.000000
-16707.000000
-16806.000000
-16904.000000
-17004.000000
-17107.000000
-17206.000000
-17308.000000
-17409.000000
-17509.000000
-17609.000000
-17709.000000
-17809.000000
-17910.000000
-18012.000000
-18113.000000
-18217.000000
-18319.000000
-18418.000000
-18518.000000
-18617.000000
-18717.000000
-18816.000000
-18917.000000
-19017.000000
-19118.000000
-19219.000000
-19322.000000
-19422.000000
-19522.000000
-19621.000000
-19721.000000
-19821.000000
-19920.000000
-20020.000000
-20120.000000
-20220.000000
-20318.000000
-20417.000000
-20524.000000
-20622.000000
-20721.000000
-20819.000000
-20918.000000
-21017.000000
-21117.000000
-21217.000000
-21317.000000
-21417.000000
-21518.000000
-21618.000000
-21720.000000
-21820.000000
-21921.000000
-22023.000000
-22125.000000
-22226.000000
-22327.000000
-22429.000000
-22527.000000
-22627.000000
-22727.000000
-22830.000000
-22930.000000
-23031.000000
-23131.000000
-23231.000000
-23332.000000
-23431.000000
-23531.000000
-23631.000000
-23730.000000
-23830.000000
-23933.000000
-24032.000000
-24132.000000
-24231.000000
-24329.000000
-24429.000000
-24528.000000
-24633.000000
-24730.000000
-24829.000000
-24928.000000
-25030.000000
-25130.000000
-25229.000000
-25329.000000
-25428.000000
-25528.000000
-25629.000000
-25729.000000
-25829.000000
-25929.000000
-26029.000000
-26134.000000
-26236.000000
-26337.000000
-26437.000000
-26539.000000
-26639.000000
-26738.000000
-26838.000000
-26939.000000
-27038.000000
-27138.000000
-27239.000000
-27343.000000
-27443.000000
-27543.000000
-27643.000000
-27743.000000
-27843.000000
-27942.000000
-28040.000000
-28140.000000
-28241.000000
-28340.000000
-28438.000000
-28541.000000
-28639.000000
-28745.000000
-28842.000000
-28941.000000
-29040.000000
-29138.000000
-29238.000000
-29338.000000
-29437.000000
-29538.000000
-29638.000000
-29742.000000
-29841.000000
-29941.000000
-30042.000000
-30141.000000
-30243.000000
-30345.000000
-30446.000000
-30546.000000
-30648.000000
-30748.000000
-30848.000000
-30947.000000
-31049.000000
-31150.000000
-31250.000000
-31351.000000
-31452.000000
-31553.000000
-31653.000000
-31753.000000
-31852.000000
-31952.000000
-32050.000000
-32149.000000
-32249.000000
-32353.000000
-32451.000000
-32551.000000
-32651.000000
-32749.000000
-32853.000000
-32951.000000
-33049.000000
-33148.000000
-33248.000000
-33348.000000
-33447.000000
-33550.000000
-33650.000000
-33751.000000
-33851.000000
-33950.000000
-34051.000000
-34150.000000
-34252.000000
-34353.000000
-34455.000000
-34556.000000
-34656.000000
-34759.000000
-34860.000000
-34959.000000
-35059.000000
-35158.000000
-35259.000000
-35359.000000
-35461.000000
-35562.000000
-35661.000000
-35762.000000
-35861.000000
-35961.000000
-36064.000000
-36163.000000
-36263.000000
-36362.000000
-36463.000000
-36561.000000
-36659.000000
-36758.000000
-36856.000000
-36961.000000
-37057.000000
-37156.000000
-37256.000000
-37359.000000
-37457.000000
-37557.000000
-37656.000000
-37757.000000
-37856.000000
-37958.000000
-38057.000000
-38157.000000
-38258.000000
-38359.000000
-38460.000000
-38561.000000
-38662.000000
-38766.000000
-38866.000000
-38966.000000
-39065.000000
-39165.000000
-39264.000000
-39364.000000
-39464.000000
-39565.000000
-39666.000000
-39765.000000
-39866.000000
-39967.000000
-40069.000000
-40170.000000
-40268.000000
-40368.000000
-40466.000000
-40566.000000
-40664.000000
-40762.000000
-40862.000000
-40961.000000
-41065.000000
-41161.000000
-41263.000000
-41361.000000
-41460.000000
-41559.000000
-41659.000000
-41757.000000
-41858.000000
-41959.000000
-42059.000000
-42158.000000
-42259.000000
-42359.000000
-42460.000000
-42566.000000
-42667.000000
-42768.000000
-42870.000000
-42970.000000
-43071.000000
-43170.000000
-43271.000000
-43369.000000
-43469.000000
-43569.000000
-43671.000000
-43775.000000
-43875.000000
-43976.000000
-44076.000000
-44176.000000
-44276.000000
-44374.000000
-44473.000000
-44572.000000
-44672.000000
-44770.000000
-44867.000000
-44967.000000
-45070.000000
-45171.000000
-45268.000000
-45366.000000
-45464.000000
-45563.000000
-45663.000000
-45763.000000
-45860.000000
-45961.000000
-46061.000000
-46160.000000
-46262.000000
-46362.000000
-46463.000000
-46563.000000
-46665.000000
-46766.000000
-46866.000000
-46967.000000
-47077.000000
-47168.000000
-47268.000000
-47370.000000
-47471.000000
-47585.000000
-47677.000000
-47779.000000
-47881.000000
-47982.000000
-48082.000000
-48183.000000
-48283.000000
-48385.000000
-48484.000000
-48583.000000
-48684.000000
-48787.000000
-48886.000000
-48985.000000
-49084.000000
-49186.000000
-49285.000000
-49384.000000
-49482.000000
-49580.000000
-49680.000000
-49779.000000
-49878.000000
-49977.000000
-50076.000000
-50180.000000
-50279.000000
-50378.000000
-50478.000000
-50578.000000
-50679.000000
-50780.000000
-50881.000000
-50980.000000
-51082.000000
-51181.000000
-51281.000000
-51380.000000
-51484.000000
-51583.000000
-51683.000000
-51783.000000
-51885.000000
-51985.000000
-52085.000000
-52186.000000
-52286.000000
-52386.000000
-52486.000000
-52585.000000
-52684.000000
-52788.000000
-52888.000000
-52988.000000
-53086.000000
-53185.000000
-53288.000000
-53388.000000
-53485.000000
-53584.000000
-53683.000000
-53781.000000
-53884.000000
-53983.000000
-54084.000000
-54183.000000
-54284.000000
-54383.000000
-54483.000000
-54582.000000
-54682.000000
-54783.000000
-54884.000000
-54985.000000
-55086.000000
-55192.000000
-55292.000000
-55391.000000
-55491.000000
-55590.000000
-55689.000000
-55790.000000
-55890.000000
-55991.000000
-56091.000000
-56191.000000
-56290.000000
-56393.000000
-56491.000000
-56590.000000
-56690.000000
-56789.000000
-56889.000000
-56989.000000
-57087.000000
-57185.000000
-57284.000000
-57386.000000
-57485.000000
-57582.000000
-57684.000000
-57781.000000
-57879.000000
-57979.000000
-58077.000000
-58177.000000
-58275.000000
-58375.000000
-58473.000000
-58572.000000
-58672.000000
-58773.000000
-58876.000000
-58980.000000
-59084.000000
-59191.000000
-59294.000000
-59396.000000
-59496.000000
-59596.000000
-59697.000000
-59797.000000
-59899.000000
-60000.000000
-60109.000000
-60204.000000
-60304.000000
-60405.000000
-60505.000000
-60609.000000
-60707.000000
-60807.000000
-60905.000000
-61005.000000
-61104.000000
-61202.000000
-61301.000000
-61399.000000
-61505.000000
-61602.000000
-61699.000000
-61799.000000
-61900.000000
-61999.000000
-62098.000000
-62197.000000
-62296.000000
-62394.000000
-62492.000000
-62589.000000
-62686.000000
-62783.000000
-62880.000000
-62978.000000
-63077.000000
-63175.000000
-63275.000000
-63374.000000
-63471.000000
-63569.000000
-63665.000000
-63762.000000
-63857.000000
-63951.000000
-64044.000000
