1.504000000000000000e+03
1.499000000000000000e+03
1.489000000000000000e+03
1.471000000000000000e+03
1.448000000000000000e+03
1.420000000000000000e+03
1.390000000000000000e+03
1.353000000000000000e+03
1.316000000000000000e+03
1.278000000000000000e+03
1.236000000000000000e+03
1.193000000000000000e+03
1.150000000000000000e+03
1.105000000000000000e+03
1.060000000000000000e+03
1.013000000000000000e+03
9.670000000000000000e+02
9.190000000000000000e+02
8.720000000000000000e+02
8.230000000000000000e+02
-2.130000000000000000e+02
-3.130000000000000000e+02
-4.120000000000000000e+02
-5.120000000000000000e+02
-6.110000000000000000e+02
-7.110000000000000000e+02
-8.110000000000000000e+02
-9.110000000000000000e+02
-1.011000000000000000e+03
-1.112000000000000000e+03
-1.210000000000000000e+03
-1.315000000000000000e+03
-1.416000000000000000e+03
-1.518000000000000000e+03
-1.619000000000000000e+03
-1.720000000000000000e+03
-1.821000000000000000e+03
-1.921000000000000000e+03
-2.021000000000000000e+03
-2.120000000000000000e+03
-2.220000000000000000e+03
-2.320000000000000000e+03
-2.418000000000000000e+03
-2.518000000000000000e+03
-2.617000000000000000e+03
-2.718000000000000000e+03
-2.818000000000000000e+03
-2.917000000000000000e+03
-3.018000000000000000e+03
-3.118000000000000000e+03
-3.217000000000000000e+03
-3.318000000000000000e+03
-3.416000000000000000e+03
-3.516000000000000000e+03
-3.618000000000000000e+03
-3.718000000000000000e+03
-3.817000000000000000e+03
-3.915000000000000000e+03
-4.015000000000000000e+03
-4.114000000000000000e+03
-4.218000000000000000e+03
-4.315000000000000000e+03
-4.414000000000000000e+03
-4.512000000000000000e+03
-4.611000000000000000e+03
-4.712000000000000000e+03
-4.811000000000000000e+03
-4.911000000000000000e+03
-5.012000000000000000e+03
-5.113000000000000000e+03
-5.214000000000000000e+03
-5.313000000000000000e+03
-5.413000000000000000e+03
-5.513000000000000000e+03
-5.615000000000000000e+03
-5.717000000000000000e+03
-5.817000000000000000e+03
-5.919000000000000000e+03
-6.024000000000000000e+03
-6.124000000000000000e+03
-6.223000000000000000e+03
-6.322000000000000000e+03
-6.422000000000000000e+03
-6.521000000000000000e+03
-6.622000000000000000e+03
-6.721000000000000000e+03
-6.823000000000000000e+03
-6.924000000000000000e+03
-7.023000000000000000e+03
-7.124000000000000000e+03
-7.223000000000000000e+03
-7.323000000000000000e+03
-7.423000000000000000e+03
-7.522000000000000000e+03
-7.620000000000000000e+03
-7.720000000000000000e+03
-7.821000000000000000e+03
-7.920000000000000000e+03
-8.019000000000000000e+03
-8.119000000000000000e+03
-8.219000000000000000e+03
-8.321000000000000000e+03
-8.421000000000000000e+03
-8.520000000000000000e+03
-8.619000000000000000e+03
-8.718000000000000000e+03
-8.818000000000000000e+03
-8.918000000000000000e+03
-9.018000000000000000e+03
-9.118000000000000000e+03
-9.220000000000000000e+03
-9.319000000000000000e+03
-9.418000000000000000e+03
-9.519000000000000000e+03
-9.619000000000000000e+03
-9.722000000000000000e+03
-9.824000000000000000e+03
-9.924000000000000000e+03
-1.002600000000000000e+04
-1.012600000000000000e+04
-1.022600000000000000e+04
-1.032500000000000000e+04
-1.042400000000000000e+04
-1.052800000000000000e+04
-1.062700000000000000e+04
-1.072800000000000000e+04
-1.082800000000000000e+04
-1.092800000000000000e+04
-1.102800000000000000e+04
-1.112600000000000000e+04
-1.122600000000000000e+04
-1.132600000000000000e+04
-1.142500000000000000e+04
-1.152600000000000000e+04
-1.162500000000000000e+04
-1.172500000000000000e+04
-1.182500000000000000e+04
-1.192500000000000000e+04
-1.202400000000000000e+04
-1.212200000000000000e+04
-1.222200000000000000e+04
-1.232300000000000000e+04
-1.242400000000000000e+04
-1.252200000000000000e+04
-1.262100000000000000e+04
-1.272400000000000000e+04
-1.282300000000000000e+04
-1.292300000000000000e+04
-1.302200000000000000e+04
-1.312200000000000000e+04
-1.322200000000000000e+04
-1.332400000000000000e+04
-1.342400000000000000e+04
-1.352400000000000000e+04
-1.362300000000000000e+04
-1.372500000000000000e+04
-1.382600000000000000e+04
-1.392800000000000000e+04
-1.402900000000000000e+04
-1.412900000000000000e+04
-1.423000000000000000e+04
-1.433000000000000000e+04
-1.442900000000000000e+04
-1.452800000000000000e+04
-1.462900000000000000e+04
-1.472800000000000000e+04
-1.483200000000000000e+04
-1.493100000000000000e+04
-1.503200000000000000e+04
-1.513300000000000000e+04
-1.523200000000000000e+04
-1.533200000000000000e+04
-1.543200000000000000e+04
-1.553100000000000000e+04
-1.563200000000000000e+04
-1.573100000000000000e+04
-1.583000000000000000e+04
-1.593000000000000000e+04
-1.602900000000000000e+04
-1.612900000000000000e+04
-1.622700000000000000e+04
-1.632700000000000000e+04
-1.643100000000000000e+04
-1.653100000000000000e+04
-1.662900000000000000e+04
-1.672800000000000000e+04
-1.682600000000000000e+04
-1.692500000000000000e+04
-1.702900000000000000e+04
-1.712800000000000000e+04
-1.722900000000000000e+04
-1.732900000000000000e+04
-1.743000000000000000e+04
-1.753000000000000000e+04
-1.762900000000000000e+04
-1.773000000000000000e+04
-1.783000000000000000e+04
-1.793100000000000000e+04
-1.803300000000000000e+04
-1.813400000000000000e+04
-1.823500000000000000e+04
-1.833700000000000000e+04
-1.843600000000000000e+04
-1.853600000000000000e+04
-1.863500000000000000e+04
-1.873500000000000000e+04
-1.883400000000000000e+04
-1.893400000000000000e+04
-1.903500000000000000e+04
-1.913600000000000000e+04
-1.923700000000000000e+04
-1.933600000000000000e+04
-1.943900000000000000e+04
-1.953900000000000000e+04
-1.963700000000000000e+04
-1.973700000000000000e+04
-1.983700000000000000e+04
-1.993600000000000000e+04
-2.003600000000000000e+04
-2.013600000000000000e+04
-2.023600000000000000e+04
-2.033400000000000000e+04
-2.043300000000000000e+04
-2.053700000000000000e+04
-2.063500000000000000e+04
-2.073300000000000000e+04
-2.083200000000000000e+04
-2.093100000000000000e+04
-2.103000000000000000e+04
-2.113000000000000000e+04
-2.123000000000000000e+04
-2.133000000000000000e+04
-2.143000000000000000e+04
-2.153100000000000000e+04
-2.163000000000000000e+04
-2.173000000000000000e+04
-2.183400000000000000e+04
-2.193400000000000000e+04
-2.203600000000000000e+04
-2.213800000000000000e+04
-2.224000000000000000e+04
-2.234000000000000000e+04
-2.244200000000000000e+04
-2.254100000000000000e+04
-2.264100000000000000e+04
-2.274000000000000000e+04
-2.284000000000000000e+04
-2.294000000000000000e+04
-2.304100000000000000e+04
-2.314200000000000000e+04
-2.324200000000000000e+04
-2.334300000000000000e+04
-2.344200000000000000e+04
-2.354200000000000000e+04
-2.364200000000000000e+04
-2.374000000000000000e+04
-2.384000000000000000e+04
-2.393900000000000000e+04
-2.403900000000000000e+04
-2.414300000000000000e+04
-2.424200000000000000e+04
-2.434100000000000000e+04
-2.444000000000000000e+04
-2.453900000000000000e+04
-2.464400000000000000e+04
-2.474200000000000000e+04
-2.484000000000000000e+04
-2.494000000000000000e+04
-2.503900000000000000e+04
-2.513800000000000000e+04
-2.523700000000000000e+04
-2.533700000000000000e+04
-2.543700000000000000e+04
-2.553700000000000000e+04
-2.563700000000000000e+04
-2.573700000000000000e+04
-2.583700000000000000e+04
-2.593800000000000000e+04
-2.603800000000000000e+04
-2.613900000000000000e+04
-2.624100000000000000e+04
-2.634200000000000000e+04
-2.644200000000000000e+04
-2.654700000000000000e+04
-2.664600000000000000e+04
-2.674600000000000000e+04
-2.684500000000000000e+04
-2.694500000000000000e+04
-2.704500000000000000e+04
-2.714500000000000000e+04
-2.724600000000000000e+04
-2.734700000000000000e+04
-2.744700000000000000e+04
-2.754700000000000000e+04
-2.764700000000000000e+04
-2.774700000000000000e+04
-2.784700000000000000e+04
-2.794500000000000000e+04
-2.804400000000000000e+04
-2.814400000000000000e+04
-2.824400000000000000e+04
-2.834400000000000000e+04
-2.844500000000000000e+04
-2.854400000000000000e+04
-2.864400000000000000e+04
-2.875000000000000000e+04
-2.884700000000000000e+04
-2.894500000000000000e+04
-2.904500000000000000e+04
-2.914300000000000000e+04
-2.924200000000000000e+04
-2.934200000000000000e+04
-2.944100000000000000e+04
-2.954200000000000000e+04
-2.964300000000000000e+04
-2.974300000000000000e+04
-2.984300000000000000e+04
-2.994300000000000000e+04
-3.004400000000000000e+04
-3.014300000000000000e+04
-3.024500000000000000e+04
-3.034600000000000000e+04
-3.044700000000000000e+04
-3.054800000000000000e+04
-3.065000000000000000e+04
-3.075300000000000000e+04
-3.085200000000000000e+04
-3.095200000000000000e+04
-3.105100000000000000e+04
-3.115200000000000000e+04
-3.125100000000000000e+04
-3.135300000000000000e+04
-3.145400000000000000e+04
-3.155300000000000000e+04
-3.165500000000000000e+04
-3.175400000000000000e+04
-3.185400000000000000e+04
-3.195400000000000000e+04
-3.205200000000000000e+04
-3.215200000000000000e+04
-3.225100000000000000e+04
-3.235100000000000000e+04
-3.245000000000000000e+04
-3.254900000000000000e+04
-3.264800000000000000e+04
-3.275000000000000000e+04
-3.285500000000000000e+04
-3.295300000000000000e+04
-3.305100000000000000e+04
-3.315100000000000000e+04
-3.324900000000000000e+04
-3.334900000000000000e+04
-3.344900000000000000e+04
-3.354900000000000000e+04
-3.364900000000000000e+04
-3.374900000000000000e+04
-3.384900000000000000e+04
-3.394700000000000000e+04
-3.404700000000000000e+04
-3.414900000000000000e+04
-3.425000000000000000e+04
-3.435100000000000000e+04
-3.445300000000000000e+04
-3.455500000000000000e+04
-3.465500000000000000e+04
-3.475500000000000000e+04
-3.485800000000000000e+04
-3.495700000000000000e+04
-3.505700000000000000e+04
-3.515700000000000000e+04
-3.525800000000000000e+04
-3.535800000000000000e+04
-3.545900000000000000e+04
-3.556000000000000000e+04
-3.565900000000000000e+04
-3.576000000000000000e+04
-3.586000000000000000e+04
-3.595900000000000000e+04
-3.605900000000000000e+04
-3.615800000000000000e+04
-3.625800000000000000e+04
-3.635700000000000000e+04
-3.645800000000000000e+04
-3.655600000000000000e+04
-3.665500000000000000e+04
-3.675400000000000000e+04
-3.685600000000000000e+04
-3.696000000000000000e+04
-3.705700000000000000e+04
-3.715700000000000000e+04
-3.725600000000000000e+04
-3.735500000000000000e+04
-3.745500000000000000e+04
-3.755400000000000000e+04
-3.765400000000000000e+04
-3.775400000000000000e+04
-3.785400000000000000e+04
-3.795500000000000000e+04
-3.805400000000000000e+04
-3.815500000000000000e+04
-3.825500000000000000e+04
-3.835600000000000000e+04
-3.845800000000000000e+04
-3.856000000000000000e+04
-3.866100000000000000e+04
-3.876100000000000000e+04
-3.886100000000000000e+04
-3.896100000000000000e+04
-3.906100000000000000e+04
-3.916300000000000000e+04
-3.926200000000000000e+04
-3.936300000000000000e+04
-3.946300000000000000e+04
-3.956400000000000000e+04
-3.966400000000000000e+04
-3.976300000000000000e+04
-3.986400000000000000e+04
-3.996400000000000000e+04
-4.006400000000000000e+04
-4.016400000000000000e+04
-4.026300000000000000e+04
-4.036200000000000000e+04
-4.046200000000000000e+04
-4.056100000000000000e+04
-4.066000000000000000e+04
-4.075900000000000000e+04
-4.085800000000000000e+04
-4.095800000000000000e+04
-4.106300000000000000e+04
-4.116000000000000000e+04
-4.126100000000000000e+04
-4.136000000000000000e+04
-4.146000000000000000e+04
-4.155900000000000000e+04
-4.165900000000000000e+04
-4.175800000000000000e+04
-4.185900000000000000e+04
-4.195900000000000000e+04
-4.206100000000000000e+04
-4.215900000000000000e+04
-4.226000000000000000e+04
-4.236000000000000000e+04
-4.246100000000000000e+04
-4.256300000000000000e+04
-4.266400000000000000e+04
-4.276500000000000000e+04
-4.286500000000000000e+04
-4.296500000000000000e+04
-4.306600000000000000e+04
-4.316800000000000000e+04
-4.326800000000000000e+04
-4.336600000000000000e+04
-4.346700000000000000e+04
-4.356700000000000000e+04
-4.366800000000000000e+04
-4.376900000000000000e+04
-4.386900000000000000e+04
-4.396900000000000000e+04
-4.406900000000000000e+04
-4.416800000000000000e+04
-4.426900000000000000e+04
-4.436700000000000000e+04
-4.446700000000000000e+04
-4.456600000000000000e+04
-4.466600000000000000e+04
-4.476500000000000000e+04
-4.486500000000000000e+04
-4.496400000000000000e+04
-4.506300000000000000e+04
-4.517000000000000000e+04
-4.526700000000000000e+04
-4.536500000000000000e+04
-4.546400000000000000e+04
-4.556500000000000000e+04
-4.566400000000000000e+04
-4.576400000000000000e+04
-4.586300000000000000e+04
-4.596400000000000000e+04
-4.606400000000000000e+04
-4.616500000000000000e+04
-4.626300000000000000e+04
-4.636300000000000000e+04
-4.646400000000000000e+04
-4.656600000000000000e+04
-4.666800000000000000e+04
-4.677000000000000000e+04
-4.687100000000000000e+04
-4.697400000000000000e+04
-4.707400000000000000e+04
-4.717100000000000000e+04
-4.727400000000000000e+04
-4.737300000000000000e+04
-4.747200000000000000e+04
-4.757300000000000000e+04
-4.767300000000000000e+04
-4.777400000000000000e+04
-4.787500000000000000e+04
-4.797400000000000000e+04
-4.807400000000000000e+04
-4.817400000000000000e+04
-4.827300000000000000e+04
-4.837400000000000000e+04
-4.847300000000000000e+04
-4.857200000000000000e+04
-4.867200000000000000e+04
-4.877200000000000000e+04
-4.887400000000000000e+04
-4.897200000000000000e+04
-4.907100000000000000e+04
-4.917100000000000000e+04
-4.927400000000000000e+04
-4.937100000000000000e+04
-4.947000000000000000e+04
-4.956800000000000000e+04
-4.966800000000000000e+04
-4.976700000000000000e+04
-4.986700000000000000e+04
-4.996700000000000000e+04
-5.006800000000000000e+04
-5.016800000000000000e+04
-5.026900000000000000e+04
-5.036900000000000000e+04
-5.046900000000000000e+04
-5.057000000000000000e+04
-5.067200000000000000e+04
-5.077400000000000000e+04
-5.087600000000000000e+04
-5.097700000000000000e+04
-5.108200000000000000e+04
-5.118100000000000000e+04
-5.128100000000000000e+04
-5.138100000000000000e+04
-5.148100000000000000e+04
-5.158000000000000000e+04
-5.168000000000000000e+04
-5.178000000000000000e+04
-5.188000000000000000e+04
-5.198000000000000000e+04
-5.208000000000000000e+04
-5.218000000000000000e+04
-5.228000000000000000e+04
-5.238000000000000000e+04
-5.248100000000000000e+04
-5.258000000000000000e+04
-5.267800000000000000e+04
-5.277800000000000000e+04
-5.287800000000000000e+04
-5.297700000000000000e+04
-5.307800000000000000e+04
-5.317800000000000000e+04
-5.327900000000000000e+04
-5.338000000000000000e+04
-5.347800000000000000e+04
-5.357700000000000000e+04
-5.367500000000000000e+04
-5.377500000000000000e+04
-5.387400000000000000e+04
-5.397400000000000000e+04
-5.407400000000000000e+04
-5.417400000000000000e+04
-5.427500000000000000e+04
-5.437500000000000000e+04
-5.447400000000000000e+04
-5.457400000000000000e+04
-5.467500000000000000e+04
-5.477600000000000000e+04
-5.487800000000000000e+04
-5.497900000000000000e+04
-5.508300000000000000e+04
-5.518600000000000000e+04
-5.528500000000000000e+04
-5.538500000000000000e+04
-5.548400000000000000e+04
-5.558400000000000000e+04
-5.568300000000000000e+04
-5.578400000000000000e+04
-5.588400000000000000e+04
-5.598500000000000000e+04
-5.608600000000000000e+04
-5.618500000000000000e+04
-5.628500000000000000e+04
-5.638500000000000000e+04
-5.648500000000000000e+04
-5.658400000000000000e+04
-5.668400000000000000e+04
-5.678300000000000000e+04
-5.688300000000000000e+04
-5.698200000000000000e+04
-5.708100000000000000e+04
-5.718000000000000000e+04
-5.728200000000000000e+04
-5.738500000000000000e+04
-5.748500000000000000e+04
-5.758200000000000000e+04
-5.768000000000000000e+04
-5.777900000000000000e+04
-5.787800000000000000e+04
-5.797900000000000000e+04
-5.807800000000000000e+04
-5.817900000000000000e+04
-5.827800000000000000e+04
-5.837900000000000000e+04
-5.847900000000000000e+04
-5.857800000000000000e+04
-5.867800000000000000e+04
-5.877900000000000000e+04
-5.888100000000000000e+04
-5.898200000000000000e+04
-5.908400000000000000e+04
-5.918400000000000000e+04
-5.928600000000000000e+04
-5.938500000000000000e+04
-5.948800000000000000e+04
-5.958700000000000000e+04
-5.968700000000000000e+04
-5.978600000000000000e+04
-5.988800000000000000e+04
-5.998800000000000000e+04
-6.008900000000000000e+04
-6.018900000000000000e+04
-6.028800000000000000e+04
-6.038800000000000000e+04
-6.048700000000000000e+04
-6.058700000000000000e+04
-6.068600000000000000e+04
-6.078600000000000000e+04
-6.088500000000000000e+04
-6.098500000000000000e+04
-6.108500000000000000e+04
-6.118300000000000000e+04
-6.128200000000000000e+04
-6.138100000000000000e+04
-6.148400000000000000e+04
-6.158600000000000000e+04
-6.168300000000000000e+04
-6.178200000000000000e+04
-6.188100000000000000e+04
-6.197900000000000000e+04
-6.207900000000000000e+04
-6.217800000000000000e+04
-6.227800000000000000e+04
-6.237800000000000000e+04
-6.247900000000000000e+04
-6.257900000000000000e+04
-6.267900000000000000e+04
-6.277900000000000000e+04
-6.288000000000000000e+04
-6.298100000000000000e+04
-6.308300000000000000e+04
-6.318400000000000000e+04
-6.328500000000000000e+04
-6.338600000000000000e+04
-6.348600000000000000e+04
-6.358600000000000000e+04
-6.368600000000000000e+04
-6.379100000000000000e+04
-6.389000000000000000e+04
-6.399100000000000000e+04
-6.409100000000000000e+04
-6.419200000000000000e+04
-6.429300000000000000e+04
-6.439200000000000000e+04
-6.449300000000000000e+04
-6.459200000000000000e+04
-6.469200000000000000e+04
-6.479100000000000000e+04
-6.489200000000000000e+04
-6.499100000000000000e+04
-6.509100000000000000e+04
-6.519100000000000000e+04
-6.529000000000000000e+04
-6.539000000000000000e+04
-6.548900000000000000e+04
-6.559400000000000000e+04
-6.569200000000000000e+04
-6.578900000000000000e+04
-6.588900000000000000e+04
-6.599100000000000000e+04
-6.609000000000000000e+04
-6.619100000000000000e+04
-6.629100000000000000e+04
-6.639100000000000000e+04
-6.649100000000000000e+04
-6.659300000000000000e+04
-6.669300000000000000e+04
-6.679200000000000000e+04
-6.689300000000000000e+04
-6.699200000000000000e+04
-6.709400000000000000e+04
-6.719700000000000000e+04
-6.729900000000000000e+04
-6.740000000000000000e+04
-6.750200000000000000e+04
-6.760200000000000000e+04
-6.770200000000000000e+04
-6.780100000000000000e+04
-6.790200000000000000e+04
-6.800000000000000000e+04
-6.810400000000000000e+04
-6.820500000000000000e+04
-6.830600000000000000e+04
-6.840700000000000000e+04
-6.850600000000000000e+04
-6.860600000000000000e+04
-6.870500000000000000e+04
-6.880600000000000000e+04
-6.890400000000000000e+04
-6.900200000000000000e+04
-6.910200000000000000e+04
-6.920200000000000000e+04
-6.930300000000000000e+04
-6.940100000000000000e+04
-6.950100000000000000e+04
-6.959900000000000000e+04
-6.970300000000000000e+04
-6.980100000000000000e+04
-6.989900000000000000e+04
-6.999900000000000000e+04
-7.009800000000000000e+04
-7.019700000000000000e+04
-7.029800000000000000e+04
-7.040000000000000000e+04
-7.050000000000000000e+04
-7.059800000000000000e+04
-7.069600000000000000e+04
-7.079400000000000000e+04
-7.089200000000000000e+04
-7.099200000000000000e+04
-7.109100000000000000e+04
-7.119100000000000000e+04
-7.129300000000000000e+04
-7.139200000000000000e+04
-7.149100000000000000e+04
-7.159100000000000000e+04
-7.168700000000000000e+04
-7.178400000000000000e+04
-7.188000000000000000e+04
-7.197700000000000000e+04
-7.207300000000000000e+04
-7.217000000000000000e+04
-7.226500000000000000e+04
-7.236000000000000000e+04
-7.245800000000000000e+04
-7.254900000000000000e+04
-7.264100000000000000e+04
-7.273100000000000000e+04
-7.282200000000000000e+04
-7.291400000000000000e+04
