0.000000000000000000e+00
0.000000000000000000e+00
0.000000000000000000e+00
0.000000000000000000e+00
0.000000000000000000e+00
0.000000000000000000e+00
0.000000000000000000e+00
0.000000000000000000e+00
0.000000000000000000e+00
0.000000000000000000e+00
0.000000000000000000e+00
0.000000000000000000e+00
0.000000000000000000e+00
0.000000000000000000e+00
0.000000000000000000e+00
0.000000000000000000e+00
0.000000000000000000e+00
0.000000000000000000e+00
0.000000000000000000e+00
0.000000000000000000e+00
-7.605555725097656250e+01
-7.605555725097656250e+01
-7.605555725097656250e+01
-7.605555725097656250e+01
-7.605555725097656250e+01
-7.605555725097656250e+01
-7.605555725097656250e+01
-7.605555725097656250e+01
-7.605555725097656250e+01
-7.605555725097656250e+01
-7.605555725097656250e+01
-7.605555725097656250e+01
-7.605555725097656250e+01
-7.605555725097656250e+01
-7.605555725097656250e+01
-7.605555725097656250e+01
-7.500000000000000000e+01
-7.500000000000000000e+01
-7.492857360839843750e+01
-7.500000000000000000e+01
-7.507142639160156250e+01
-7.507142639160156250e+01
-7.507142639160156250e+01
-7.514286041259765625e+01
-7.528571319580078125e+01
-7.542857360839843750e+01
-7.550000000000000000e+01
-7.571428680419921875e+01
-7.578571319580078125e+01
-7.585713958740234375e+01
-7.592857360839843750e+01
-7.607142639160156250e+01
-7.614286041259765625e+01
-7.621428680419921875e+01
-7.628571319580078125e+01
-7.635713958740234375e+01
-7.650000000000000000e+01
-7.657142639160156250e+01
-7.664286041259765625e+01
-7.671428680419921875e+01
-7.678571319580078125e+01
-7.685713958740234375e+01
-7.685713958740234375e+01
-7.678571319580078125e+01
-7.685713958740234375e+01
-7.692857360839843750e+01
-7.700000000000000000e+01
-7.692857360839843750e+01
-7.685713958740234375e+01
-7.685713958740234375e+01
-7.678571319580078125e+01
-7.664286041259765625e+01
-7.657142639160156250e+01
-7.650000000000000000e+01
-7.642857360839843750e+01
-7.635713958740234375e+01
-7.628571319580078125e+01
-7.621428680419921875e+01
-7.614286041259765625e+01
-7.614286041259765625e+01
-7.607142639160156250e+01
-7.607142639160156250e+01
-7.600000000000000000e+01
-7.600000000000000000e+01
-7.600000000000000000e+01
-7.607142639160156250e+01
-7.614286041259765625e+01
-7.621428680419921875e+01
-7.621428680419921875e+01
-7.621428680419921875e+01
-7.621428680419921875e+01
-7.628571319580078125e+01
-7.628571319580078125e+01
-7.628571319580078125e+01
-7.635713958740234375e+01
-7.642857360839843750e+01
-7.650000000000000000e+01
-7.650000000000000000e+01
-7.657142639160156250e+01
-7.664286041259765625e+01
-7.671428680419921875e+01
-7.671428680419921875e+01
-7.671428680419921875e+01
-7.671428680419921875e+01
-7.678571319580078125e+01
-7.685713958740234375e+01
-7.685713958740234375e+01
-7.685713958740234375e+01
-7.685713958740234375e+01
-7.685713958740234375e+01
-7.678571319580078125e+01
-7.664286041259765625e+01
-7.650000000000000000e+01
-7.635713958740234375e+01
-7.621428680419921875e+01
-7.614286041259765625e+01
-7.607142639160156250e+01
-7.600000000000000000e+01
-7.592857360839843750e+01
-7.585713958740234375e+01
-7.578571319580078125e+01
-7.571428680419921875e+01
-7.571428680419921875e+01
-7.571428680419921875e+01
-7.571428680419921875e+01
-7.571428680419921875e+01
-7.571428680419921875e+01
-7.585713958740234375e+01
-7.592857360839843750e+01
-7.600000000000000000e+01
-7.607142639160156250e+01
-7.607142639160156250e+01
-7.614286041259765625e+01
-7.621428680419921875e+01
-7.621428680419921875e+01
-7.621428680419921875e+01
-7.628571319580078125e+01
-7.642857360839843750e+01
-7.650000000000000000e+01
-7.657142639160156250e+01
-7.664286041259765625e+01
-7.671428680419921875e+01
-7.671428680419921875e+01
-7.664286041259765625e+01
-7.664286041259765625e+01
-7.664286041259765625e+01
-7.671428680419921875e+01
-7.678571319580078125e+01
-7.671428680419921875e+01
-7.664286041259765625e+01
-7.664286041259765625e+01
-7.664286041259765625e+01
-7.650000000000000000e+01
-7.642857360839843750e+01
-7.635713958740234375e+01
-7.628571319580078125e+01
-7.628571319580078125e+01
-7.628571319580078125e+01
-7.628571319580078125e+01
-7.635713958740234375e+01
-7.635713958740234375e+01
-7.635713958740234375e+01
-7.635713958740234375e+01
-7.628571319580078125e+01
-7.628571319580078125e+01
-7.628571319580078125e+01
-7.628571319580078125e+01
-7.628571319580078125e+01
-7.628571319580078125e+01
-7.628571319580078125e+01
-7.628571319580078125e+01
-7.628571319580078125e+01
-7.621428680419921875e+01
-7.621428680419921875e+01
-7.614286041259765625e+01
-7.607142639160156250e+01
-7.614286041259765625e+01
-7.621428680419921875e+01
-7.621428680419921875e+01
-7.628571319580078125e+01
-7.635713958740234375e+01
-7.650000000000000000e+01
-7.657142639160156250e+01
-7.657142639160156250e+01
-7.657142639160156250e+01
-7.657142639160156250e+01
-7.657142639160156250e+01
-7.671428680419921875e+01
-7.678571319580078125e+01
-7.678571319580078125e+01
-7.678571319580078125e+01
-7.678571319580078125e+01
-7.671428680419921875e+01
-7.657142639160156250e+01
-7.650000000000000000e+01
-7.642857360839843750e+01
-7.635713958740234375e+01
-7.628571319580078125e+01
-7.628571319580078125e+01
-7.628571319580078125e+01
-7.628571319580078125e+01
-7.635713958740234375e+01
-7.642857360839843750e+01
-7.642857360839843750e+01
-7.635713958740234375e+01
-7.621428680419921875e+01
-7.621428680419921875e+01
-7.621428680419921875e+01
-7.621428680419921875e+01
-7.621428680419921875e+01
-7.621428680419921875e+01
-7.628571319580078125e+01
-7.628571319580078125e+01
-7.621428680419921875e+01
-7.614286041259765625e+01
-7.614286041259765625e+01
-7.621428680419921875e+01
-7.621428680419921875e+01
-7.621428680419921875e+01
-7.628571319580078125e+01
-7.635713958740234375e+01
-7.650000000000000000e+01
-7.664286041259765625e+01
-7.678571319580078125e+01
-7.685713958740234375e+01
-7.692857360839843750e+01
-7.700000000000000000e+01
-7.714286041259765625e+01
-7.721428680419921875e+01
-7.721428680419921875e+01
-7.728571319580078125e+01
-7.735713958740234375e+01
-7.735713958740234375e+01
-7.735713958740234375e+01
-7.721428680419921875e+01
-7.707142639160156250e+01
-7.700000000000000000e+01
-7.685713958740234375e+01
-7.678571319580078125e+01
-7.664286041259765625e+01
-7.657142639160156250e+01
-7.650000000000000000e+01
-7.650000000000000000e+01
-7.650000000000000000e+01
-7.642857360839843750e+01
-7.642857360839843750e+01
-7.635713958740234375e+01
-7.628571319580078125e+01
-7.628571319580078125e+01
-7.621428680419921875e+01
-7.621428680419921875e+01
-7.621428680419921875e+01
-7.621428680419921875e+01
-7.628571319580078125e+01
-7.621428680419921875e+01
-7.621428680419921875e+01
-7.621428680419921875e+01
-7.628571319580078125e+01
-7.628571319580078125e+01
-7.628571319580078125e+01
-7.635713958740234375e+01
-7.642857360839843750e+01
-7.657142639160156250e+01
-7.671428680419921875e+01
-7.678571319580078125e+01
-7.685713958740234375e+01
-7.692857360839843750e+01
-7.700000000000000000e+01
-7.714286041259765625e+01
-7.714286041259765625e+01
-7.721428680419921875e+01
-7.728571319580078125e+01
-7.728571319580078125e+01
-7.728571319580078125e+01
-7.721428680419921875e+01
-7.721428680419921875e+01
-7.721428680419921875e+01
-7.714286041259765625e+01
-7.707142639160156250e+01
-7.700000000000000000e+01
-7.692857360839843750e+01
-7.685713958740234375e+01
-7.685713958740234375e+01
-7.685713958740234375e+01
-7.685713958740234375e+01
-7.678571319580078125e+01
-7.671428680419921875e+01
-7.671428680419921875e+01
-7.671428680419921875e+01
-7.664286041259765625e+01
-7.657142639160156250e+01
-7.650000000000000000e+01
-7.650000000000000000e+01
-7.657142639160156250e+01
-7.657142639160156250e+01
-7.657142639160156250e+01
-7.650000000000000000e+01
-7.650000000000000000e+01
-7.650000000000000000e+01
-7.657142639160156250e+01
-7.657142639160156250e+01
-7.664286041259765625e+01
-7.678571319580078125e+01
-7.685713958740234375e+01
-7.700000000000000000e+01
-7.714286041259765625e+01
-7.728571319580078125e+01
-7.742857360839843750e+01
-7.757142639160156250e+01
-7.764286041259765625e+01
-7.764286041259765625e+01
-7.764286041259765625e+01
-7.771428680419921875e+01
-7.771428680419921875e+01
-7.764286041259765625e+01
-7.757142639160156250e+01
-7.757142639160156250e+01
-7.757142639160156250e+01
-7.750000000000000000e+01
-7.735713958740234375e+01
-7.728571319580078125e+01
-7.714286041259765625e+01
-7.700000000000000000e+01
-7.692857360839843750e+01
-7.685713958740234375e+01
-7.685713958740234375e+01
-7.678571319580078125e+01
-7.671428680419921875e+01
-7.671428680419921875e+01
-7.671428680419921875e+01
-7.671428680419921875e+01
-7.671428680419921875e+01
-7.671428680419921875e+01
-7.678571319580078125e+01
-7.685713958740234375e+01
-7.685713958740234375e+01
-7.678571319580078125e+01
-7.685713958740234375e+01
-7.692857360839843750e+01
-7.692857360839843750e+01
-7.700000000000000000e+01
-7.707142639160156250e+01
-7.714286041259765625e+01
-7.728571319580078125e+01
-7.735713958740234375e+01
-7.742857360839843750e+01
-7.750000000000000000e+01
-7.750000000000000000e+01
-7.750000000000000000e+01
-7.750000000000000000e+01
-7.750000000000000000e+01
-7.750000000000000000e+01
-7.750000000000000000e+01
-7.750000000000000000e+01
-7.757142639160156250e+01
-7.757142639160156250e+01
-7.750000000000000000e+01
-7.735713958740234375e+01
-7.735713958740234375e+01
-7.728571319580078125e+01
-7.721428680419921875e+01
-7.707142639160156250e+01
-7.692857360839843750e+01
-7.692857360839843750e+01
-7.700000000000000000e+01
-7.692857360839843750e+01
-7.678571319580078125e+01
-7.671428680419921875e+01
-7.664286041259765625e+01
-7.664286041259765625e+01
-7.657142639160156250e+01
-7.657142639160156250e+01
-7.657142639160156250e+01
-7.664286041259765625e+01
-7.664286041259765625e+01
-7.664286041259765625e+01
-7.664286041259765625e+01
-7.664286041259765625e+01
-7.678571319580078125e+01
-7.685713958740234375e+01
-7.685713958740234375e+01
-7.692857360839843750e+01
-7.707142639160156250e+01
-7.721428680419921875e+01
-7.735713958740234375e+01
-7.742857360839843750e+01
-7.750000000000000000e+01
-7.757142639160156250e+01
-7.764286041259765625e+01
-7.771428680419921875e+01
-7.778571319580078125e+01
-7.785713958740234375e+01
-7.792857360839843750e+01
-7.800000000000000000e+01
-7.800000000000000000e+01
-7.800000000000000000e+01
-7.792857360839843750e+01
-7.778571319580078125e+01
-7.764286041259765625e+01
-7.750000000000000000e+01
-7.742857360839843750e+01
-7.735713958740234375e+01
-7.721428680419921875e+01
-7.714286041259765625e+01
-7.714286041259765625e+01
-7.707142639160156250e+01
-7.700000000000000000e+01
-7.692857360839843750e+01
-7.678571319580078125e+01
-7.671428680419921875e+01
-7.664286041259765625e+01
-7.657142639160156250e+01
-7.657142639160156250e+01
-7.664286041259765625e+01
-7.671428680419921875e+01
-7.678571319580078125e+01
-7.685713958740234375e+01
-7.685713958740234375e+01
-7.692857360839843750e+01
-7.692857360839843750e+01
-7.700000000000000000e+01
-7.707142639160156250e+01
-7.714286041259765625e+01
-7.714286041259765625e+01
-7.728571319580078125e+01
-7.742857360839843750e+01
-7.750000000000000000e+01
-7.764286041259765625e+01
-7.771428680419921875e+01
-7.778571319580078125e+01
-7.785713958740234375e+01
-7.792857360839843750e+01
-7.792857360839843750e+01
-7.792857360839843750e+01
-7.800000000000000000e+01
-7.814286041259765625e+01
-7.807142639160156250e+01
-7.800000000000000000e+01
-7.792857360839843750e+01
-7.792857360839843750e+01
-7.778571319580078125e+01
-7.771428680419921875e+01
-7.764286041259765625e+01
-7.757142639160156250e+01
-7.750000000000000000e+01
-7.750000000000000000e+01
-7.750000000000000000e+01
-7.735713958740234375e+01
-7.728571319580078125e+01
-7.728571319580078125e+01
-7.721428680419921875e+01
-7.714286041259765625e+01
-7.714286041259765625e+01
-7.714286041259765625e+01
-7.721428680419921875e+01
-7.728571319580078125e+01
-7.735713958740234375e+01
-7.735713958740234375e+01
-7.742857360839843750e+01
-7.750000000000000000e+01
-7.757142639160156250e+01
-7.764286041259765625e+01
-7.771428680419921875e+01
-7.778571319580078125e+01
-7.792857360839843750e+01
-7.807142639160156250e+01
-7.828571319580078125e+01
-7.850000000000000000e+01
-7.871428680419921875e+01
-7.878571319580078125e+01
-7.892857360839843750e+01
-7.907142639160156250e+01
-7.921428680419921875e+01
-7.928571319580078125e+01
-7.935713958740234375e+01
-7.942857360839843750e+01
-7.942857360839843750e+01
-7.935713958740234375e+01
-7.928571319580078125e+01
-7.928571319580078125e+01
-7.921428680419921875e+01
-7.907142639160156250e+01
-7.892857360839843750e+01
-7.878571319580078125e+01
-7.871428680419921875e+01
-7.871428680419921875e+01
-7.871428680419921875e+01
-7.864286041259765625e+01
-7.850000000000000000e+01
-7.842857360839843750e+01
-7.850000000000000000e+01
-7.850000000000000000e+01
-7.850000000000000000e+01
-7.850000000000000000e+01
-7.857142639160156250e+01
-7.864286041259765625e+01
-7.878571319580078125e+01
-7.885713958740234375e+01
-7.892857360839843750e+01
-7.892857360839843750e+01
-7.892857360839843750e+01
-7.900000000000000000e+01
-7.892857360839843750e+01
-7.892857360839843750e+01
-7.907142639160156250e+01
-7.921428680419921875e+01
-7.928571319580078125e+01
-7.935713958740234375e+01
-7.935713958740234375e+01
-7.942857360839843750e+01
-7.950000000000000000e+01
-7.957142639160156250e+01
-7.950000000000000000e+01
-7.942857360839843750e+01
-7.950000000000000000e+01
-7.964286041259765625e+01
-7.964286041259765625e+01
-7.957142639160156250e+01
-7.950000000000000000e+01
-7.942857360839843750e+01
-7.928571319580078125e+01
-7.914286041259765625e+01
-7.907142639160156250e+01
-7.892857360839843750e+01
-7.885713958740234375e+01
-7.878571319580078125e+01
-7.864286041259765625e+01
-7.857142639160156250e+01
-7.850000000000000000e+01
-7.857142639160156250e+01
-7.850000000000000000e+01
-7.842857360839843750e+01
-7.842857360839843750e+01
-7.842857360839843750e+01
-7.842857360839843750e+01
-7.850000000000000000e+01
-7.857142639160156250e+01
-7.850000000000000000e+01
-7.850000000000000000e+01
-7.850000000000000000e+01
-7.850000000000000000e+01
-7.857142639160156250e+01
-7.864286041259765625e+01
-7.871428680419921875e+01
-7.878571319580078125e+01
-7.885713958740234375e+01
-7.892857360839843750e+01
-7.907142639160156250e+01
-7.921428680419921875e+01
-7.928571319580078125e+01
-7.942857360839843750e+01
-7.950000000000000000e+01
-7.957142639160156250e+01
-7.964286041259765625e+01
-7.964286041259765625e+01
-7.978571319580078125e+01
-7.985713958740234375e+01
-7.978571319580078125e+01
-7.978571319580078125e+01
-7.971428680419921875e+01
-7.964286041259765625e+01
-7.957142639160156250e+01
-7.942857360839843750e+01
-7.935713958740234375e+01
-7.921428680419921875e+01
-7.907142639160156250e+01
-7.907142639160156250e+01
-7.907142639160156250e+01
-7.907142639160156250e+01
-7.914286041259765625e+01
-7.921428680419921875e+01
-7.928571319580078125e+01
-7.935713958740234375e+01
-7.942857360839843750e+01
-7.942857360839843750e+01
-7.957142639160156250e+01
-7.978571319580078125e+01
-7.992857360839843750e+01
-8.000000000000000000e+01
-8.014286041259765625e+01
-8.035713958740234375e+01
-8.042857360839843750e+01
-8.050000000000000000e+01
-8.057142639160156250e+01
-8.064286041259765625e+01
-8.078571319580078125e+01
-8.085713958740234375e+01
-8.100000000000000000e+01
-8.114286041259765625e+01
-8.135713958740234375e+01
-8.157142639160156250e+01
-8.185713958740234375e+01
-8.200000000000000000e+01
-8.214286041259765625e+01
-8.221428680419921875e+01
-8.228571319580078125e+01
-8.242857360839843750e+01
-8.250000000000000000e+01
-8.250000000000000000e+01
-8.250000000000000000e+01
-8.250000000000000000e+01
-8.235713958740234375e+01
-8.221428680419921875e+01
-8.200000000000000000e+01
-8.171428680419921875e+01
-8.150000000000000000e+01
-8.135713958740234375e+01
-8.128571319580078125e+01
-8.114286041259765625e+01
-8.100000000000000000e+01
-8.107142639160156250e+01
-8.114286041259765625e+01
-8.114286041259765625e+01
-8.107142639160156250e+01
-8.100000000000000000e+01
-8.114286041259765625e+01
-8.121428680419921875e+01
-8.142857360839843750e+01
-8.150000000000000000e+01
-8.157142639160156250e+01
-8.171428680419921875e+01
-8.185713958740234375e+01
-8.200000000000000000e+01
-8.207142639160156250e+01
-8.221428680419921875e+01
-8.235713958740234375e+01
-8.250000000000000000e+01
-8.264286041259765625e+01
-8.278571319580078125e+01
-8.314286041259765625e+01
-8.342857360839843750e+01
-8.371428680419921875e+01
-8.400000000000000000e+01
-8.421428680419921875e+01
-8.450000000000000000e+01
-8.471428680419921875e+01
-8.492857360839843750e+01
-8.521428680419921875e+01
-8.542857360839843750e+01
-8.557142639160156250e+01
-8.564286041259765625e+01
-8.564286041259765625e+01
-8.571428680419921875e+01
-8.564286041259765625e+01
-8.564286041259765625e+01
-8.550000000000000000e+01
-8.550000000000000000e+01
-8.542857360839843750e+01
-8.528571319580078125e+01
-8.514286041259765625e+01
-8.492857360839843750e+01
-8.485713958740234375e+01
-8.464286041259765625e+01
-8.450000000000000000e+01
-8.428571319580078125e+01
-8.407142639160156250e+01
-8.385713958740234375e+01
-8.364286041259765625e+01
-8.350000000000000000e+01
-8.328571319580078125e+01
-8.321428680419921875e+01
-8.314286041259765625e+01
-8.300000000000000000e+01
-8.271428680419921875e+01
-8.250000000000000000e+01
-8.221428680419921875e+01
-8.200000000000000000e+01
-8.192857360839843750e+01
-8.192857360839843750e+01
-8.185713958740234375e+01
-8.185713958740234375e+01
-8.192857360839843750e+01
-8.200000000000000000e+01
-8.200000000000000000e+01
-8.185713958740234375e+01
-8.185713958740234375e+01
-8.178571319580078125e+01
-8.164286041259765625e+01
-8.150000000000000000e+01
-8.142857360839843750e+01
-8.142857360839843750e+01
-8.135713958740234375e+01
-8.128571319580078125e+01
-8.100000000000000000e+01
-8.071428680419921875e+01
-8.050000000000000000e+01
-8.014286041259765625e+01
-7.978571319580078125e+01
-7.950000000000000000e+01
-7.928571319580078125e+01
-7.900000000000000000e+01
-7.871428680419921875e+01
-7.857142639160156250e+01
-7.842857360839843750e+01
-7.821428680419921875e+01
-7.807142639160156250e+01
-7.800000000000000000e+01
-7.792857360839843750e+01
-7.792857360839843750e+01
-7.785713958740234375e+01
-7.785713958740234375e+01
-7.800000000000000000e+01
-7.814286041259765625e+01
-7.821428680419921875e+01
-7.828571319580078125e+01
-7.835713958740234375e+01
-7.850000000000000000e+01
-7.864286041259765625e+01
-7.871428680419921875e+01
-7.878571319580078125e+01
-7.900000000000000000e+01
-7.914286041259765625e+01
-7.928571319580078125e+01
-7.942857360839843750e+01
-7.950000000000000000e+01
-7.950000000000000000e+01
-7.950000000000000000e+01
-7.950000000000000000e+01
-7.957142639160156250e+01
-7.957142639160156250e+01
-7.957142639160156250e+01
-7.957142639160156250e+01
-7.957142639160156250e+01
-7.950000000000000000e+01
-7.935713958740234375e+01
-7.921428680419921875e+01
-7.900000000000000000e+01
-7.878571319580078125e+01
-7.864286041259765625e+01
-7.850000000000000000e+01
-7.835713958740234375e+01
-7.821428680419921875e+01
-7.828571319580078125e+01
-7.828571319580078125e+01
-7.828571319580078125e+01
-7.821428680419921875e+01
-7.814286041259765625e+01
-7.814286041259765625e+01
-7.814286041259765625e+01
-7.807142639160156250e+01
-7.814286041259765625e+01
-7.828571319580078125e+01
-7.842857360839843750e+01
-7.864286041259765625e+01
-7.871428680419921875e+01
-7.878571319580078125e+01
-7.885713958740234375e+01
-7.900000000000000000e+01
-7.907142639160156250e+01
-7.914286041259765625e+01
-7.914286041259765625e+01
-7.928571319580078125e+01
-7.942857360839843750e+01
-7.957142639160156250e+01
-7.971428680419921875e+01
-7.971428680419921875e+01
-7.971428680419921875e+01
-7.978571319580078125e+01
-7.978571319580078125e+01
-7.978571319580078125e+01
-7.985713958740234375e+01
-7.985713958740234375e+01
-7.985713958740234375e+01
-7.985713958740234375e+01
-7.971428680419921875e+01
-7.964286041259765625e+01
-7.957142639160156250e+01
-7.942857360839843750e+01
-7.928571319580078125e+01
-7.907142639160156250e+01
-7.900000000000000000e+01
-7.907142639160156250e+01
-7.921428680419921875e+01
-7.942857360839843750e+01
-7.985713958740234375e+01
-8.042857360839843750e+01
-8.107142639160156250e+01
-8.200000000000000000e+01
-8.314286041259765625e+01
-8.471428680419921875e+01
-8.664286041259765625e+01
-8.892857360839843750e+01
-9.178571319580078125e+01
-9.471428680419921875e+01
-9.814286041259765625e+01
-1.019285736083984375e+02
-1.061428604125976562e+02
-1.106428604125976562e+02
-1.158571395874023438e+02
-1.220000000000000000e+02
