-0.100027
-0.100027
-0.100024
-0.100022
-0.100021
-0.10002
-0.10002
-0.100021
-0.100028
-0.100032
-0.100032
-0.100035
-0.100039
-0.100045
-0.100048
-0.100049
-0.10005
-0.10005
-0.100049
-0.100048
-0.100047
-0.100043
-0.100043
-0.100043
-0.100045
-0.100048
-0.100051
-0.100054
-0.100058
-0.100061
-0.100068
-0.100068
-0.100068
-0.100072
-0.10007
-0.100068
-0.100065
-0.100062
-0.100059
-0.100057
-0.100055
-0.100053
-0.100052
-0.100052
-0.100041
-0.100038
-0.100034
-0.100029
-0.100025
-0.100021
-0.100017
-0.100013
-0.100009
-0.0999853
-0.09998
-0.099975
-0.0999703
-0.0999662
-0.0999629
-0.0999602
-0.0999579
-0.0999558
-0.0999537
-0.0999514
-0.0999413
-0.0999316
-0.0999263
-0.099921
-0.099916
-0.0999112
-0.0999067
-0.0999027
-0.0998992
-0.0998961
-0.0998937
-0.0998924
-0.0998936
-0.099895
-0.0998963
-0.0998975
-0.0998984
-0.0998991
-0.0998997
-0.0999006
-0.0999019
-0.0999146
-0.0999251
-0.0999251
-0.0999365
-0.099942
-0.0999471
-0.0999521
-0.0999571
-0.0999623
-0.0999678
-0.0999678
-0.0999953
-0.0999953
-0.100012
-0.100021
-0.10003
-0.100039
-0.100048
-0.100057
-0.100066
-0.100076
-0.100085
-0.100126
-0.100136
-0.100147
-0.100157
-0.100167
-0.100176
-0.100185
-0.100193
-0.100201
-0.100209
-0.100224
-0.100224
-0.100244
-0.100244
-0.100255
-0.100259
-0.100262
-0.100263
-0.100264
-0.100263
-0.100262
-0.10026
-0.100257
-0.100254
-0.100237
-0.100237
-0.100226
-0.10022
-0.100214
-0.100209
-0.100203
-0.100197
-0.10019
-0.100183
-0.100149
-0.100149
-0.100128
-0.100117
-0.100106
-0.100095
-0.100085
-0.100074
-0.100063
-0.100051
-0.100039
-0.100039
-0.0999865
-0.0999723
-0.0999578
-0.0999431
-0.0999284
-0.0999138
-0.0998993
-0.0998849
-0.0998706
-0.0998565
-0.0998424
-0.0998424
-0.0997875
-0.0997744
-0.0997618
-0.0997498
-0.0997385
-0.0997284
-0.0997194
-0.0997119
-0.099706
-0.0996993
-0.0996993
-0.0996993
-0.0997017
-0.0997017
-0.0997086
-0.099713
-0.0997179
-0.099723
-0.0997286
-0.0997348
-0.0997417
-0.0997494
-0.0997577
-0.0997668
-0.0997982
-0.0998228
-0.0998361
-0.0998498
-0.0998636
-0.0998776
-0.0998918
-0.0999063
-0.0999211
-0.0999363
-0.0999363
-0.100002
-0.10002
-0.100038
-0.100057
-0.100075
-0.100093
-0.100112
-0.10013
-0.100148
-0.100167
-0.100167
-0.100186
-0.10026
-0.100279
-0.100297
-0.100316
-0.100333
-0.10035
-0.100367
-0.100382
-0.100382
-0.10041
-0.10041
-0.100422
-0.100455
-0.100459
-0.10046
-0.100461
-0.10046
-0.100458
-0.100455
-0.100455
-0.100451
-0.100446
-0.100432
-0.100394
-0.10037
-0.10037
-0.100357
-0.100343
-0.100343
-0.100314
-0.100314
-0.100284
-0.100268
-0.100251
-0.100157
-0.100157
-0.100136
-0.100116
-0.100095
-0.100095
-0.100074
-0.100052
-0.100009
-0.0999874
-0.0999652
-0.0998965
-0.0998493
-0.0998493
-0.0998256
-0.0998256
-0.0997789
-0.0997789
-0.099756
-0.0997334
-0.0997112
-0.099668
-0.0996471
-0.099572
-0.0995562
-0.0995422
-0.0995299
-0.0995197
-0.0995117
-0.0995117
-0.0995057
-0.0995016
-0.0994985
-0.0994995
-0.0995171
-0.0995171
-0.0995248
-0.0995338
-0.0995438
-0.0995438
-0.0995546
-0.0995661
-0.0995916
-0.0996058
-0.0996209
-0.099637
-0.0997309
-0.0997309
-0.0997524
-0.0997744
-0.0998196
-0.0998424
-0.0998654
-0.0998887
-0.0999123
-0.0999363
-0.100011
-0.100011
-0.100064
-0.100064
-0.100091
-0.100145
-0.100145
-0.100199
-0.100226
-0.100253
-0.10028
-0.100306
-0.100385
-0.100411
-0.100437
-0.100462
-0.100486
-0.100486
-0.10051
-0.100554
-0.100554
-0.100574
-0.100609
-0.100653
-0.100658
-0.10066
-0.100661
-0.100659
-0.100656
-0.100656
-0.100646
-0.100638
-0.100629
-0.100619
-0.100619
-0.100565
-0.100548
-0.10053
-0.100493
-0.100473
-0.100453
-0.100432
-0.100432
-0.10041
-0.100387
-0.100364
-0.100261
-0.100261
-0.100233
-0.100204
-0.100175
-0.100146
-0.100086
-0.100086
-0.100055
-0.0999918
-0.0999918
-0.0998288
-0.0997956
-0.0997956
-0.0997623
-0.0997289
-0.0996958
-0.0996631
-0.099631
-0.0995996
-0.0995391
-0.0995391
-0.0995103
-0.0994079
-0.0993861
-0.0993661
-0.0993481
-0.0993324
-0.0993084
-0.0993084
-0.0993003
-0.0992916
-0.0992907
-0.0992907
-0.099307
-0.099307
-0.0993156
-0.099326
-0.0993515
-0.0993663
-0.0993825
-0.0993999
-0.0994187
-0.0994388
-0.0994603
-0.0994831
-0.0995866
-0.0996152
-0.0996152
-0.0996446
-0.0996748
-0.0996748
-0.0997373
-0.0997373
-0.0997696
-0.0998026
-0.0998364
-0.0998708
-0.100016
-0.100053
-0.100092
-0.10013
-0.100169
-0.100247
-0.100247
-0.100285
-0.100361
-0.100398
-0.100435
-0.10061
-0.10061
-0.100642
-0.100672
-0.100701
-0.100728
-0.100753
-0.100775
-0.100796
-0.100813
-0.100828
-0.100859
-0.100859
-0.100858
-0.100854
-0.100849
-0.100841
-0.100841
-0.100832
-0.100821
-0.100794
-0.100778
-0.100761
-0.1007
-0.100677
-0.100677
-0.100652
-0.100625
-0.100598
-0.100539
-0.100539
-0.100508
-0.100443
-0.100409
-0.100373
-0.100262
-0.100222
-0.100183
-0.100142
-0.100101
-0.10006
-0.100018
-0.0999766
-0.0999345
-0.099892
-0.0998493
-0.0998063
-0.0996777
-0.0996352
-0.0995515
-0.0995515
-0.0995108
-0.0994327
-0.0993956
-0.0993598
-0.0993254
-0.0992927
-0.0992618
-0.0991823
-0.0991608
-0.0991608
-0.0991423
-0.0991144
-0.0991052
-0.0990988
-0.0990951
-0.0990942
-0.099096
-0.0991004
-0.0991073
-0.0991167
-0.0991588
-0.0991588
-0.0991773
-0.0991979
-0.0992206
-0.0992451
-0.0992713
-0.099299
-0.099359
-0.099359
-0.0994251
-0.0994605
-0.0996158
-0.0996158
-0.0996579
-0.0997013
-0.0997457
-0.0998367
-0.0998831
-0.0999299
-0.0999772
-0.100025
-0.100073
-0.100267
-0.100267
-0.100315
-0.100363
-0.100457
-0.100503
-0.100549
-0.100593
-0.100636
-0.100679
-0.10072
-0.100834
-0.100868
-0.100868
-0.1009
-0.100956
-0.100956
-0.101001
-0.101018
-0.101033
-0.101044
-0.101052
-0.101057
-0.101054
-0.101054
-0.101048
-0.101039
-0.101013
-0.100997
-0.100979
-0.100959
-0.100936
-0.100885
-0.100857
-0.100724
-0.100724
-0.100649
-0.100609
-0.100568
-0.100527
-0.100527
-0.10044
-0.100396
-0.10035
-0.100304
-0.10006
-0.10001
-0.0999591
-0.0999591
-0.0999083
-0.0998072
-0.0998072
-0.0997568
-0.0996571
-0.0996078
-0.0994162
-0.0994162
-0.0993704
-0.0993258
-0.0992825
-0.0992406
-0.0992001
-0.0991612
-0.0991242
-0.0990565
-0.0990263
-0.0989523
-0.0989185
-0.0989185
-0.0989063
-0.0988974
-0.0988916
-0.0988916
-0.0988889
-0.0988892
-0.0988924
-0.0988985
-0.0989189
-0.0989914
-0.0990155
-0.0990416
-0.0990696
-0.0990994
-0.0991309
-0.0991641
-0.0991991
-0.0992357
-0.0992357
-0.0992738
-0.0993135
-0.0994876
-0.0995348
-0.0995833
-0.0996328
-0.0996832
-0.0997346
-0.0997869
-0.0998401
-0.0998941
-0.0999489
-0.100004
-0.10006
-0.100231
-0.100288
-0.100288
-0.100345
-0.100402
-0.100459
-0.10057
-0.10057
-0.100679
-0.100732
-0.100783
-0.100833
-0.101055
-0.101055
-0.101093
-0.101093
-0.101127
-0.101186
-0.101186
-0.101211
-0.101233
-0.101267
-0.101279
-0.101296
-0.101293
-0.101286
-0.101276
-0.101263
-0.101263
-0.101247
-0.101228
-0.101206
-0.101181
-0.101124
-0.101091
-0.100979
-0.100936
-0.100892
-0.100845
-0.100796
-0.100746
-0.100695
-0.100642
-0.100587
-0.100531
-0.100531
-0.100474
-0.100233
-0.100233
-0.10017
-0.100107
-0.100043
-0.0999795
-0.0999152
-0.0998507
-0.0997863
-0.0996582
-0.099595
-0.0995324
-0.099291
-0.099291
-0.099178
-0.099178
-0.0991242
-0.0990725
-0.0990229
-0.0989759
-0.0989315
-0.09889
-0.0988515
-0.0988163
-0.0987069
-0.0987069
-0.0986712
-0.0986712
-0.0986582
-0.0986582
-0.0986483
-0.0986416
-0.0986381
-0.0986377
-0.0986405
-0.0986465
-0.0986557
-0.0987241
-0.0987773
-0.0988087
-0.0988433
-0.0988809
-0.0989214
-0.0989647
-0.0990107
-0.0990594
-0.0991105
-0.099164
-0.0994002
-0.0994638
-0.0994638
-0.0995289
-0.0995953
-0.099663
-0.099802
-0.0998728
-0.0998728
-0.100016
-0.100016
-0.100088
-0.10016
-0.100444
-0.100513
-0.100581
-0.100647
-0.100712
-0.100775
-0.100835
-0.100894
-0.100894
-0.10095
-0.101003
-0.101101
-0.101225
-0.101225
-0.101291
-0.101291
-0.10132
-0.101345
-0.101367
-0.101386
-0.101401
-0.101414
-0.101423
-0.10143
-0.101423
-0.101423
-0.101413
-0.101384
-0.101365
-0.101343
-0.101317
-0.101317
-0.101288
-0.101256
-0.101221
-0.101183
-0.101142
-0.101097
-0.100945
-0.100889
-0.100768
-0.100704
-0.100638
-0.100638
-0.10057
-0.100501
-0.10043
-0.100358
-0.100285
-0.0999842
-0.0999074
-0.0998305
-0.0996767
-0.0996004
-0.0995247
-0.0994498
-0.0993759
-0.0993033
-0.099232
-0.0991624
-0.0989656
-0.0989656
-0.0989046
-0.0988463
-0.0987909
-0.0986893
-0.0986432
-0.0986004
-0.0985607
-0.0985242
-0.0984909
-0.0984607
-0.0983893
-0.0983718
-0.0983575
-0.0983575
-0.0983385
-0.0983337
-0.0983321
-0.0983337
-0.0983337
-0.0983464
-0.0983464
-0.0983575
-0.0983718
-0.0985242
-0.0985242
-0.0985607
-0.0986004
-0.0986433
-0.0986893
-0.0987385
-0.0987908
-0.0988464
-0.0988464
-0.0988464
-0.0991687
-0.0991687
-0.0993148
-0.0993148
-0.0993907
-0.0995473
-0.0996276
-0.0997088
-0.0997909
-0.0998736
-0.10004
-0.100371
-0.100452
-0.100533
-0.100612
-0.100689
-0.100765
-0.100765
-0.100839
-0.100911
-0.101048
-0.101113
-0.101175
-0.101391
-0.101437
-0.10148
-0.10148
-0.101519
-0.101556
-0.101589
-0.101646
-0.10167
-0.101691
-0.101708
-0.101746
-0.101746
-0.101748
-0.101746
-0.101741
-0.101734
-0.101722
-0.101708
-0.101708
-0.101691
-0.10167
-0.101646
-0.101519
-0.10148
-0.10148
-0.101391
-0.101341
-0.101289
-0.101234
-0.101175
-0.101113
-0.101113
-0.101048
-0.100909
-0.1006
-0.1006
-0.100518
-0.100434
-0.100348
-0.100262
-0.100174
-0.100086
-0.100086
-0.0999969
-0.0999074
-0.0994612
-0.099287
-0.0992017
-0.0992017
-0.0991178
-0.098955
-0.0988766
-0.0988005
-0.0987269
-0.0986558
-0.0985877
-0.0983464
-0.0983464
-0.098294
-0.0982449
-0.098156
-0.0981163
-0.0980798
-0.0980464
-0.0980163
-0.0980163
-0.0979655
-0.0979131
-0.0979131
-0.0978941
-0.0978893
-0.0978877
-0.0978893
-0.0978941
-0.097902
-0.0979131
-0.0979274
-0.0979448
-0.0979655
-0.0979893
-0.0980798
-0.0980798
-0.098156
-0.0981988
-0.0982448
-0.098294
-0.0983464
-0.098402
-0.0984607
-0.0985226
-0.0985877
-0.0986558
-0.0988767
-0.0988767
-0.0989551
-0.0991178
-0.0992017
-0.099287
-0.0993736
-0.0994612
-0.0995496
-0.0996387
-0.0997281
-0.0998178
-0.100174
-0.100174
-0.100349
-0.100434
-0.100518
-0.1006
-0.10068
-0.100759
-0.100835
-0.100909
-0.100909
-0.101175
-0.101175
-0.101289
-0.101341
-0.101391
-0.101437
-0.10148
-0.101519
-0.101556
-0.101589
-0.101619
-0.101646
-0.101708
-0.101708
-0.101734
-0.101741
-0.101746
-0.101748
-0.101746
-0.101741
-0.101734
-0.101722
-0.101708
-0.101691
-0.101619
-0.101619
-0.101556
-0.101556
-0.10148
-0.101437
-0.101391
-0.101341
-0.101289
-0.101234
-0.101175
-0.101114
-0.100917
-0.100848
-0.100848
-0.100777
-0.100704
-0.100555
-0.10048
-0.100403
-0.100326
-0.100249
-0.100173
-0.100096
-0.100019
-0.0997949
-0.0997949
-0.0997223
-0.0996511
-0.0995815
-0.0994481
-0.0993846
-0.0993236
-0.0992653
-0.0992099
-0.0991575
-0.0991083
-0.0989797
-0.0989797
-0.0989432
-0.0989099
-0.0988527
-0.0988289
-0.0988083
-0.0987909
-0.0987766
-0.0987654
-0.0987575
-0.0987527
-0.0987575
-0.0987575
-0.0987766
-0.0987766
-0.0987908
-0.0988289
-0.0988527
-0.0988797
-0.0989099
-0.0989432
-0.0989797
-0.0990194
-0.0991561
-0.0992068
-0.0992068
-0.0992598
-0.0993717
-0.0994302
-0.0994902
-0.0995514
-0.0996136
-0.0996766
-0.0997403
-0.0998043
-0.10006
-0.100124
-0.100186
-0.100247
-0.100307
-0.100365
-0.100422
-0.100477
-0.10053
-0.100581
-0.100581
-0.100794
-0.100827
-0.100857
-0.100884
-0.100908
-0.100929
-0.100946
-0.100961
-0.100961
-0.100972
-0.10098
-0.100984
-0.100972
-0.100961
-0.100946
-0.100929
-0.100908
-0.100884
-0.100857
-0.100827
-0.100827
-0.100794
-0.100757
-0.10053
-0.100477
-0.100422
-0.100365
-0.100307
-0.100247
-0.100186
-0.100124
-0.100124
-0.100061
-0.0999969
-0.0999328
-0.0996766
-0.0996136
-0.0995514
-0.0994902
-0.0994302
-0.0993717
-0.0993148
-0.0992598
-0.0992068
-0.0991561
-0.0991561
-0.0991078
-0.0989432
-0.0989099
-0.0988797
-0.0988527
-0.0988289
-0.0988083
-0.0987909
-0.0987766
-0.0987654
-0.0987575
-0.0987575
-0.0987527
-0.0987655
-0.0987766
-0.0987908
-0.0988083
-0.0988289
-0.0988527
-0.0988797
-0.0989099
-0.0989432
-0.0989797
-0.0990194
-0.0990622
-0.0992094
-0.099264
-0.0993211
-0.0993804
-0.0994418
-0.099505
-0.0995699
-0.0996362
-0.0997038
-0.0997723
-0.0998417
-0.0999117
-0.100123
-0.100123
-0.100264
-0.100333
-0.100402
-0.100469
-0.100535
-0.1006
-0.100664
-0.100725
-0.100784
-0.100841
-0.101043
-0.101043
-0.101086
-0.101126
-0.101162
-0.101195
-0.101253
-0.101253
-0.101276
-0.101297
-0.101314
-0.101353
-0.101353
-0.101353
-0.101348
-0.10134
-0.101329
-0.101315
-0.101297
-0.101276
-0.101253
-0.101253
-0.101043
-0.100997
-0.100997
-0.100948
-0.100895
-0.100782
-0.100782
-0.100721
-0.100657
-0.100162
-0.100162
-0.100162
-0.100086
-0.10001
-0.10001
-0.0998559
-0.0997789
-0.0997789
-0.0997021
-0.0996258
-0.0995501
-0.0994752
-0.0994013
-0.0990544
-0.0990544
-0.098991
-0.09893
-0.0988717
-0.0987639
-0.0987639
-0.0986686
-0.0986258
-0.0985861
-0.0985496
-0.0984861
-0.0984861
-0.0984591
-0.0983718
-0.0983639
-0.0983591
-0.0983575
-0.0983591
-0.0983591
-0.0983718
-0.0983718
-0.0983829
-0.0984861
-0.0984861
-0.0985162
-0.0985162
-0.0985496
-0.0985861
-0.0986258
-0.0987147
-0.0987147
-0.0987639
-0.0988717
-0.0988717
-0.0992574
-0.0992574
-0.0993286
-0.0993286
-0.0994013
-0.0994752
-0.0995501
-0.0996258
-0.0997022
-0.0998559
-0.0999328
-0.10001
-0.10031
-0.100383
-0.100454
-0.100524
-0.100524
-0.100592
-0.100657
-0.100721
-0.10084
-0.100895
-0.100948
-0.101126
-0.101162
-0.101162
-0.101195
-0.101226
-0.101253
-0.101297
-0.101314
-0.101329
-0.101329
-0.10134
-0.101353
-0.10134
-0.10134
-0.101329
-0.101315
-0.101315
-0.101297
-0.101253
-0.101253
-0.101195
-0.101162
-0.101126
-0.101086
-0.100896
-0.100896
-0.100841
-0.100784
-0.100664
-0.100664
-0.100535
-0.100469
-0.100469
-0.100402
-0.100333
-0.100264
-0.0999821
-0.0999117
-0.0998417
-0.0997723
-0.0997037
-0.0996362
-0.0995699
-0.099505
-0.0994418
-0.0993804
-0.0993804
-0.0993211
-0.0991083
-0.0991083
-0.0990194
-0.0989797
-0.0989432
-0.0989099
-0.0988797
-0.0988527
-0.0988289
-0.0988083
-0.0987909
-0.0987909
-0.0987527
-0.0987512
-0.0987528
-0.0987575
-0.0987655
-0.0987766
-0.0987908
-0.0987908
-0.0988289
-0.0988527
-0.0988797
-0.0988797
-0.0990622
-0.0991083
-0.0991575
-0.0992099
-0.0992653
-0.0993236
-0.0993236
-0.099448
-0.0995137
-0.0995815
-0.0996511
-0.0996511
-0.100019
-0.100096
-0.100173
-0.100249
-0.100249
-0.100326
-0.10048
-0.10048
-0.100555
-0.10063
-0.100985
-0.101051
-0.101114
-0.101234
-0.101234
-0.101341
-0.101391
-0.101437
-0.10148
-0.101519
-0.101556
-0.101646
-0.101691
-0.101708
-0.101722
-0.101734
-0.101741
-0.101746
-0.101748
-0.101746
-0.101741
-0.101734
-0.10167
-0.10167
-0.101646
-0.101619
-0.101519
-0.101519
-0.10148
-0.101437
-0.101437
-0.101391
-0.101051
-0.101051
-0.100985
-0.100917
-0.100917
-0.100848
-0.100777
-0.100704
-0.100555
-0.100555
-0.100403
-0.100326
-0.100019
-0.100019
-0.0999437
-0.0998688
-0.0997223
-0.0997223
-0.0996511
-0.0995138
-0.0994481
-0.0993846
-0.0993236
-0.0992653
-0.0990194
-0.0990194
-0.0989797
-0.0989432
-0.0989099
-0.0988797
-0.0988797
-0.0988527
-0.0988083
-0.0988083
-0.0987909
-0.0987527
-0.0987512
-0.0987528
-0.0987575
-0.0987655
-0.0987766
-0.0987908
-0.0988083
-0.0988289
-0.0988527
-0.0988797
-0.0988797
-0.0990194
-0.0990622
-0.0991083
-0.0991574
-0.0992094
-0.099264
-0.0993211
-0.0993804
-0.0994418
-0.099505
-0.0995699
-0.0998417
-0.0999821
-0.0999821
-0.0999821
-0.100053
-0.100123
-0.100194
-0.100264
-0.100402
-0.100402
-0.100535
-0.1006
-0.100784
-0.100896
-0.100948
-0.100948
-0.100997
-0.101043
-0.101086
-0.101162
-0.101162
-0.101226
-0.101253
-0.101314
-0.101329
-0.10134
-0.101348
-0.101353
-0.101354
-0.101353
-0.101348
-0.101348
-0.10134
-0.101329
-0.101315
-0.101195
-0.101162
-0.101126
-0.101086
-0.101043
-0.100997
-0.100948
-0.100895
-0.10084
-0.100782
-0.100721
-0.100524
-0.100454
-0.10031
-0.100237
-0.100162
-0.100086
-0.10001
-0.0999328
-0.0998559
-0.0997789
-0.0997789
-0.0994013
-0.0993287
-0.0992574
-0.0992574
-0.0991201
-0.0991201
-0.0990544
-0.098991
-0.09893
-0.0988717
-0.0986258
-0.0985861
-0.0985496
-0.0984861
-0.0984591
-0.0984353
-0.0984147
-0.0983972
-0.0983829
-0.0983718
-0.0983639
-0.0983639
-0.0983639
-0.0983718
-0.0983829
-0.0983829
-0.0983972
-0.0984147
-0.0984353
-0.0984861
-0.0984861
-0.0985496
-0.0985861
-0.0987147
-0.0987639
-0.0988717
-0.0988717
-0.0988717
-0.09893
-0.098991
-0.0990544
-0.0991201
-0.0991879
-0.0993286
-0.0993286
-0.0997789
-0.0997789
-0.0998559
-0.0999328
-0.0999328
-0.10001
-0.100086
-0.100086
-0.100162
-0.10031
-0.10031
-0.100383
-0.100721
-0.100721
-0.100782
-0.10084
-0.100895
-0.100948
-0.100997
-0.100997
-0.101043
-0.101086
-0.101162
-0.101195
-0.101297
-0.101297
-0.101314
-0.101329
-0.101329
-0.10134
-0.101353
-0.101354
-0.101353
-0.101348
-0.10134
-0.101329
-0.101253
-0.101253
-0.101253
-0.101226
-0.101162
-0.101162
-0.101086
-0.101043
-0.100998
-0.100949
-0.100899
-0.100675
-0.100675
-0.100615
-0.100554
-0.100429
-0.100365
-0.100301
-0.100237
-0.100173
-0.100108
-0.0999818
-0.0999818
-0.0997984
-0.0997984
-0.0996831
-0.0996831
-0.099575
-0.0995243
-0.099476
-0.0994304
-0.0993876
-0.099348
-0.0993115
-0.0992781
-0.0991972
-0.0991972
-0.0991591
-0.0991448
-0.0991337
-0.099121
-0.099121
-0.0991194
-0.099121
-0.0991257
-0.0991337
-0.0991337
-0.099221
-0.0992479
-0.0992781
-0.0993114
-0.099348
-0.0993876
-0.0994305
-0.0994765
-0.0994765
-0.0995256
-0.0995776
-0.0998733
-0.0999381
-0.100004
-0.100072
-0.100141
-0.10021
-0.10028
-0.10035
-0.10035
-0.100421
-0.100492
-0.10077
-0.100837
-0.100904
-0.100969
-0.101032
-0.101152
-0.10121
-0.101264
-0.101316
-0.101365
-0.101411
-0.101564
-0.101564
-0.101594
-0.101621
-0.101665
-0.101683
-0.101697
-0.101708
-0.101716
-0.101721
-0.101722
-0.101721
-0.101683
-0.101665
-0.101645
-0.101621
-0.101594
-0.101564
-0.10153
-0.101494
-0.101454
-0.101411
-0.101411
-0.101149
-0.101088
-0.101023
-0.100956
-0.100886
-0.100814
-0.10074
-0.100664
-0.100586
-0.100507
-0.100427
-0.100346
-0.100098
-0.100098
-0.0999313
-0.0998482
-0.0997655
-0.0996834
-0.0996021
-0.0995219
-0.0994429
-0.0993654
-0.0992894
-0.0992153
-0.0990062
-0.0990062
-0.0988797
-0.098821
-0.0987655
-0.0987131
-0.0986639
-0.0986178
-0.098575
-0.0985353
-0.0984988
-0.0983845
-0.0983845
-0.0983639
-0.0983321
-0.098321
-0.0983131
-0.0983083
-0.0983067
-0.0983083
-0.0983131
-0.098321
-0.098321
-0.0984353
-0.0984655
-0.0984988
-0.0985353
-0.098575
-0.0986179
-0.0986639
-0.0987131
-0.0987654
-0.0988209
-0.0990693
-0.0991371
-0.0992066
-0.0992778
-0.0993505
-0.0994244
-0.0994993
-0.099575
-0.0996514
-0.0997281
-0.0998051
-0.0998051
-0.100111
-0.100111
-0.100111
-0.10026
-0.100403
-0.100473
-0.100541
-0.100606
-0.10067
-0.100731
-0.100789
-0.100845
-0.100897
-0.101075
-0.101111
-0.101111
-0.101145
-0.101175
-0.101175
-0.101226
-0.101226
-0.101264
-0.101278
-0.101289
-0.101297
-0.101297
-0.101297
-0.101289
-0.101278
-0.101264
-0.101246
-0.101246
-0.101226
-0.101202
-0.101175
-0.101111
-0.101075
-0.100898
-0.100848
-0.100795
-0.10074
-0.100683
-0.100624
-0.100564
-0.100503
-0.100441
-0.100378
-0.100378
-0.100058
-0.100058
-0.099931
-0.0998688
-0.0998688
-0.0998076
-0.0997477
-0.0996323
-0.0996323
-0.0995242
-0.0994735
-0.0993368
-0.0992972
-0.0992607
-0.0992273
-0.0991972
-0.0991702
-0.0991257
-0.0991257
-0.0991083
-0.099094
-0.0990829
-0.0990749
-0.0990749
-0.0990829
-0.099094
-0.099094
-0.0991258
-0.0991258
-0.0991464
-0.0991972
-0.0992273
-0.0992606
-0.0992972
-0.0993369
-0.0995268
-0.0995268
-0.0995814
-0.0996385
-0.0996979
-0.0997593
-0.0998225
-0.0998874
-0.0999536
-0.0999536
-0.100021
-0.10009
-0.10037
-0.10037
-0.100441
-0.100511
-0.100581
-0.10065
-0.100787
-0.100787
-0.100853
-0.100918
-0.101042
-0.101102
-0.101265
-0.101315
-0.101361
-0.101403
-0.101443
-0.10148
-0.101513
-0.101543
-0.101543
-0.10157
-0.101594
-0.101614
-0.10167
-0.101672
-0.10167
-0.101665
-0.101657
-0.101646
-0.101632
-0.101614
-0.101594
-0.10157
-0.101543
-0.101403
-0.101403
-0.101403
-0.101314
-0.101265
-0.101213
-0.101099
-0.101038
-0.100975
-0.100909
-0.100841
-0.100554
-0.100554
-0.100554
-0.100479
-0.100479
-0.100327
-0.10025
-0.100173
-0.100096
-0.0999433
-0.0999433
-0.0998675
-0.0995749
-0.0995749
-0.0995053
-0.0994376
-0.0993084
-0.0992474
-0.0991891
-0.0991337
-0.0990813
-0.0990321
-0.0989861
-0.0989432
-0.0988035
-0.0987766
-0.0987528
-0.0987321
-0.0987147
-0.0987004
-0.0986893
-0.0986813
-0.0986766
-0.098675
-0.0986766
-0.0986813
-0.0987146
-0.0987146
-0.0987321
-0.0987527
-0.0988036
-0.0988337
-0.098867
-0.0989035
-0.0989432
-0.098986
-0.0990316
-0.0990799
-0.0992387
-0.0992387
-0.099414
-0.0994752
-0.0995374
-0.0996004
-0.0996641
-0.0997281
-0.0997924
-0.0998566
-0.0999207
-0.0999843
-0.100231
-0.100289
-0.100346
-0.100401
-0.100454
-0.100454
-0.100553
-0.100599
-0.100642
-0.100681
-0.100718
-0.100751
-0.100751
-0.10087
-0.10087
-0.100895
-0.100903
-0.100908
-0.10091
-0.10091
-0.100908
-0.100895
-0.100884
-0.100781
-0.100781
-0.100751
-0.100718
-0.100681
-0.100642
-0.100599
-0.100599
-0.100553
-0.100503
-0.100396
-0.100337
-0.100079
-0.100079
-0.10001
-0.0999387
-0.0997921
-0.0997172
-0.0996415
-0.0995651
-0.0994884
-0.0994884
-0.0993345
-0.0992578
-0.0990308
-0.0990308
-0.098813
-0.0987434
-0.0987434
-0.0986757
-0.09861
-0.0985466
-0.0984856
-0.0983718
-0.0983194
-0.0981417
-0.0981417
-0.0981052
-0.0980718
-0.0980147
-0.0980147
-0.0979703
-0.0979528
-0.0979385
-0.0979274
-0.0979195
-0.0979147
-0.0979274
-0.0979274
-0.0979274
-0.0979385
-0.0979702
-0.0979909
-0.0979909
-0.0980147
-0.0980417
-0.0980719
-0.0981417
-0.0981813
-0.0984274
-0.0984861
-0.0985479
-0.0986126
-0.0986126
-0.0986799
-0.0987497
-0.0988217
-0.0989718
-0.0989718
-0.0990493
-0.0994545
-0.0994545
-0.0995377
-0.0995377
-0.0997043
-0.0997873
-0.09987
-0.09987
-0.100033
-0.100114
-0.100193
-0.100562
-0.100562
-0.100629
-0.100694
-0.100756
-0.100756
-0.100815
-0.10087
-0.100922
-0.101018
-0.101061
-0.1011
-0.101227
-0.101251
-0.101251
-0.101272
-0.101289
-0.101303
-0.101315
-0.101327
-0.101329
-0.101327
-0.101322
-0.101314
-0.101251
-0.101251
-0.101227
-0.101227
-0.1012
-0.10117
-0.101137
-0.101061
-0.101018
-0.100972
-0.100924
-0.10065
-0.10059
-0.10059
-0.100529
-0.100466
-0.100403
-0.10034
-0.100276
-0.100211
-0.100147
-0.100019
-0.099833
-0.0997731
-0.0997731
-0.0996577
-0.0996026
-0.0996026
-0.0996026
-0.0994989
-0.0994989
-0.0994506
-0.099405
-0.0993226
-0.0991956
-0.0991956
-0.0991718
-0.0991511
-0.0991337
-0.0991194
-0.0991083
-0.0991004
-0.0990956
-0.099094
-0.099094
-0.0991003
-0.0991003
-0.0991512
-0.0991718
-0.0991956
-0.0992226
-0.0992527
-0.099286
-0.0993226
-0.0993226
-0.0993622
-0.0994051
-0.0994511
-0.0995002
-0.0997846
-0.0998479
-0.0999127
-0.099979
-0.100047
-0.100115
-0.100184
-0.100254
-0.100325
-0.100396
-0.100396
-0.100744
-0.100812
-0.100878
-0.100943
-0.101006
-0.101006
-0.101068
-0.101184
-0.101239
-0.101291
-0.101468
-0.101505
-0.101538
-0.101538
-0.101595
-0.101619
-0.10164
-0.101657
-0.101672
-0.101683
-0.101691
-0.101695
-0.101683
-0.101683
-0.101672
-0.101657
-0.101619
-0.101595
-0.101595
-0.101538
-0.101505
-0.101468
-0.101429
-0.101238
-0.101238
-0.101125
-0.101064
-0.101
-0.100934
-0.100934
-0.100797
-0.100726
-0.100653
-0.100276
-0.100199
-0.100122
-0.100045
-0.0999687
-0.0999687
-0.099818
-0.099818
-0.0997441
-0.0996003
-0.0995307
-0.0995307
-0.0992145
-0.0991591
-0.0991591
-0.0991067
-0.0990115
-0.0990115
-0.0989686
-0.0988924
-0.0988591
-0.0988289
-0.098802
-0.0987401
-0.0987258
-0.0987146
-0.0987067
-0.0987019
-0.0987004
-0.098702
-0.0987067
-0.0987147
-0.0987258
-0.09874
-0.0988289
-0.0988591
-0.0988924
-0.0989686
-0.0990114
-0.0990575
-0.0990575
-0.0991067
-0.0991591
-0.0992145
-0.0992729
-0.0996715
-0.0996715
-0.0997442
-0.099818
-0.0998929
-0.0999686
-0.0999686
-0.100122
-0.100199
-0.100276
-0.100352
-0.100429
-0.100653
-0.100726
-0.100797
-0.100797
-0.100867
-0.101
-0.101
-0.101125
-0.101125
-0.101183
-0.101238
-0.10134
-0.101386
-0.101538
-0.101538
-0.101568
-0.101595
-0.101619
-0.10164
-0.101657
-0.101672
-0.101683
-0.101691
-0.101695
-0.101697
-0.101683
-0.101683
-0.101657
-0.10164
-0.101619
-0.101538
-0.101505
-0.101468
-0.101429
-0.101386
-0.101183
-0.101125
-0.101064
-0.101
-0.100934
-0.100934
-0.100867
-0.100726
-0.100653
-0.100579
-0.100579
-0.100429
-0.100122
-0.100122
-0.100045
-0.0999687
-0.0998929
-0.0998929
-0.099818
-0.0997441
-0.0996003
-0.0996003
-0.099463
-0.0993973
-0.0991591
-0.0991591
-0.0991067
-0.0990575
-0.0990115
-0.0989289
-0.0988924
-0.0988924
-0.0988289
-0.098802
-0.0987782
-0.0987146
-0.0987146
-0.0987067
-0.0987019
-0.0987004
-0.0987067
-0.0987147
-0.0987258
-0.09874
-0.0987575
-0.0987781
-0.098802
-0.0989289
-0.0989686
-0.0990114
-0.0990575
-0.0991067
-0.0991591
-0.0991591
-0.0992145
-0.0992729
-0.0993338
-0.0994629
-0.0997442
-0.099818
-0.0998929
-0.0999686
-0.100045
-0.100045
-0.100199
-0.100276
-0.100352
-0.100429
-0.100797
-0.100867
-0.100934
-0.101
-0.101064
-0.101125
-0.101125
-0.101183
-0.101238
-0.101291
-0.101386
-0.101538
-0.101538
-0.101568
-0.101595
-0.101619
-0.10164
-0.101657
-0.101657
-0.101683
-0.101683
-0.101691
-0.101695
-0.101683
-0.101672
-0.101657
-0.10164
-0.101619
-0.101595
-0.101568
-0.101538
-0.101505
-0.101468
-0.101468
-0.101429
-0.101127
-0.101068
-0.101006
-0.100943
-0.100878
-0.100812
-0.100676
-0.100676
-0.100607
-0.100607
-0.100537
-0.100254
-0.100185
-0.100115
-0.100047
-0.099979
-0.0999127
-0.0998479
-0.0997846
-0.0997232
-0.0996639
-0.0996068
-0.0993622
-0.0993622
-0.0993226
-0.0992861
-0.0992861
-0.0992527
-0.0991956
-0.0991956
-0.0991718
-0.0991511
-0.0991337
-0.0991194
-0.099094
-0.0990956
-0.0991003
-0.0991083
-0.0991194
-0.0991337
-0.0991512
-0.0991718
-0.0991956
-0.0992226
-0.0992527
-0.0993622
-0.0993622
-0.0994051
-0.0994511
-0.0995002
-0.0995522
-0.0996068
-0.0996639
-0.0997232
-0.0997846
-0.0998479
-0.0999127
-0.100184
-0.100184
-0.100184
-0.100325
-0.100325
-0.100396
-0.100537
-0.100606
-0.100606
-0.100676
-0.100812
-0.100878
-0.101127
-0.101184
-0.101239
-0.101291
-0.10134
-0.101386
-0.101429
-0.101505
-0.101505
-0.101538
-0.101538
-0.101657
-0.101672
-0.101683
-0.101691
-0.101695
-0.101697
-0.101695
-0.101691
-0.101683
-0.101672
-0.101657
-0.10164
-0.101568
-0.101538
-0.101538
-0.101505
-0.101429
-0.101429
-0.101386
-0.10134
-0.101238
-0.101183
-0.101125
-0.101064
-0.100867
-0.100797
-0.100726
-0.100653
-0.100653
-0.100579
-0.100429
-0.100429
-0.100352
-0.100276
-0.100199
-0.100045
-0.099818
-0.099818
-0.0997441
-0.0996003
-0.0995307
-0.099463
-0.0993973
-0.0993338
-0.0992728
-0.0992145
-0.0991591
-0.0991067
-0.0989289
-0.0989289
-0.0988924
-0.0988591
-0.098802
-0.0987782
-0.0987575
-0.0987401
-0.0987258
-0.0987146
-0.0987067
-0.0987147
-0.0987147
-0.0987147
-0.0987258
-0.09874
-0.0987781
-0.0987781
-0.098802
-0.0988289
-0.0988591
-0.0988924
-0.099057
-0.0991053
-0.0991053
-0.099209
-0.099264
-0.0993209
-0.0993794
-0.0994394
-0.0995006
-0.0995006
-0.0995628
-0.0996258
-0.0999461
-0.0999461
-0.100073
-0.100073
-0.100135
-0.100196
-0.100256
-0.100315
-0.100371
-0.100427
-0.10048
-0.10053
-0.100707
-0.100707
-0.100743
-0.100776
-0.100807
-0.100857
-0.100878
-0.100895
-0.10091
-0.100921
-0.100929
-0.100934
-0.100929
-0.100921
-0.10091
-0.100895
-0.100857
-0.100857
-0.100834
-0.100776
-0.100743
-0.100707
-0.100667
-0.100477
-0.100422
-0.100365
-0.100306
-0.100245
-0.100245
-0.100181
-0.100116
-0.0999826
-0.099914
-0.0998447
-0.0998447
-0.0997747
-0.0994227
-0.0993533
-0.0992847
-0.0992172
-0.0991509
-0.099086
-0.0989614
-0.0989614
-0.0989021
-0.0989021
-0.098845
-0.0986432
-0.0986432
-0.0985607
-0.0985242
-0.0984909
-0.0984607
-0.0984337
-0.0983893
-0.0983575
-0.0983575
-0.0983464
-0.0983321
-0.0983337
-0.0983385
-0.0983464
-0.0983575
-0.0983718
-0.0983893
-0.0984099
-0.0984337
-0.0984607
-0.0984908
-0.0985242
-0.0986433
-0.0986893
-0.0986893
-0.0987908
-0.0988464
-0.0988464
-0.0989051
-0.0989669
-0.0990316
-0.0991687
-0.0991687
-0.0992407
-0.0995473
-0.0996276
-0.0997088
-0.0997909
-0.0997909
-0.0998736
-0.0999567
-0.10004
-0.100123
-0.100206
-0.100289
-0.100371
-0.100452
-0.100765
-0.100765
-0.100839
-0.100911
-0.101048
-0.101048
-0.101113
-0.101175
-0.101234
-0.101341
-0.101391
-0.101519
-0.101589
-0.101589
-0.101619
-0.101646
-0.10167
-0.10167
-0.101691
-0.101722
-0.101734
-0.101741
-0.101741
-0.101741
-0.101734
-0.101722
-0.101708
-0.101691
-0.10167
-0.101646
-0.101619
-0.101589
-0.101589
-0.101556
-0.101519
-0.101343
-0.101292
-0.101292
-0.101184
-0.101127
-0.101069
-0.101009
-0.100948
-0.100885
-0.100822
-0.100759
-0.100502
-0.100438
-0.100375
-0.100313
-0.100252
-0.100192
-0.100134
-0.100077
-0.100022
-0.0999686
-0.0999179
-0.0997416
-0.0997051
-0.0997051
-0.0996416
-0.0996416
-0.0996146
-0.0995908
-0.0995702
-0.0995527
-0.0995384
-0.0995273
-0.0995194
-0.0995146
-0.0995194
-0.0995273
-0.0995273
-0.0995384
-0.0995527
-0.0995701
-0.0996146
-0.0996416
-0.0996718
-0.0997051
-0.0997415
-0.0997807
-0.0999624
-0.100013
-0.100065
-0.100119
-0.100174
-0.100229
-0.100229
-0.100286
-0.100343
-0.100459
-0.100517
-0.100517
-0.100799
-0.100853
-0.100905
-0.100956
-0.101004
-0.101051
-0.101095
-0.101137
-0.101137
-0.101177
-0.101213
-0.101276
-0.101365
-0.10138
-0.101391
-0.101399
-0.101403
-0.101405
-0.101403
-0.101403
-0.101399
-0.101391
-0.10138
-0.101276
-0.101246
-0.101213
-0.101176
-0.101094
-0.101094
-0.101048
-0.100999
-0.100999
-0.100891
-0.100891
-0.100638
-0.100496
-0.100496
-0.100422
-0.100346
-0.100269
-0.10011
-0.10011
-0.0999462
-0.0998635
-0.0997804
-0.0994481
-0.099366
-0.0992847
-0.0992045
-0.0991255
-0.0990479
-0.098972
-0.0988979
-0.0988259
-0.0987561
-0.0986888
-0.0985035
-0.0985035
-0.0985035
-0.0983464
-0.0983004
-0.0982576
-0.0982179
-0.0982179
-0.0981813
-0.0981179
-0.0981179
-0.0980147
-0.0980036
-0.0979956
-0.0979909
-0.0979893
-0.0979909
-0.0979957
-0.0980036
-0.0980147
-0.098029
-0.098029
-0.0980464
-0.098148
-0.0981814
-0.0982179
-0.0982179
-0.0983004
-0.0983464
-0.0983464
-0.0983956
-0.0985035
-0.0985618
-0.0986228
-0.0989604
-0.0990331
-0.099107
-0.0991819
-0.0991819
-0.0992576
-0.0994107
-0.0994107
-0.0994876
-0.0995646
-0.0997177
-0.100015
-0.100086
-0.100156
-0.100223
-0.100289
-0.100352
-0.100352
-0.100472
-0.100527
-0.10058
-0.100629
-0.100675
-0.100794
-0.100794
-0.100827
-0.100884
-0.100908
-0.100929
-0.100946
-0.100961
-0.100972
-0.10098
-0.100984
-0.100984
-0.100972
-0.100961
-0.100961
-0.100946
-0.100908
-0.100884
-0.100857
-0.100827
-0.100794
-0.100757
-0.100718
-0.100675
-0.100528
-0.100473
-0.100416
-0.100357
-0.100295
-0.100232
-0.100167
-0.100101
-0.100033
-0.0999648
-0.0998954
-0.0998254
-0.0996138
-0.0996138
-0.0996138
-0.0994735
-0.0994041
-0.099268
-0.0992017
-0.0991368
-0.0990736
-0.0990122
-0.0989529
-0.0988958
-0.09874
-0.09874
-0.0986512
-0.0986115
-0.0985417
-0.0985115
-0.0984845
-0.0984607
-0.0984401
-0.0984226
-0.0984083
-0.0983829
-0.0983829
-0.0983829
-0.0983845
-0.0983893
-0.0983972
-0.0984083
-0.0984401
-0.0984607
-0.0984845
-0.0985115
-0.0985416
-0.0986512
-0.098694
-0.0987401
-0.0987892
-0.0988957
-0.0989528
-0.0990122
-0.0990736
-0.0991368
-0.0992017
-0.099268
-0.0994734
-0.0995434
-0.0995434
-0.0996138
-0.0996845
-0.0998254
-0.0998954
-0.0999648
-0.100033
-0.100101
-0.100167
-0.100232
-0.100416
-0.100416
-0.100528
-0.10058
-0.100629
-0.100675
-0.100718
-0.100757
-0.100794
-0.100827
-0.100857
-0.100884
-0.100946
-0.100946
-0.100961
-0.10098
-0.100984
-0.100986
-0.100984
-0.10098
-0.100972
-0.100961
-0.100946
-0.100929
-0.100827
-0.100827
-0.100827
-0.100757
-0.100757
-0.100718
-0.100675
-0.10058
-0.10058
-0.100528
-0.100416
-0.100357
-0.100167
