-0.102502
-0.102502
-0.102502
-0.102509
-0.102507
-0.102507
-0.102492
-0.102483
-0.102477
-0.102475
-0.102474
-0.102478
-0.102478
-0.102487
-0.102499
-0.102517
-0.102527
-0.102533
-0.102528
-0.102523
-0.102509
-0.102496
-0.102491
-0.102486
-0.102491
-0.102522
-0.102522
-0.102544
-0.10255
-0.102548
-0.102538
-0.102526
-0.102513
-0.102511
-0.102511
-0.102512
-0.102516
-0.102519
-0.102522
-0.102533
-0.102537
-0.102543
-0.102542
-0.102533
-0.102524
-0.102505
-0.102467
-0.102461
-0.102458
-0.102465
-0.102477
-0.102485
-0.102498
-0.102504
-0.1025
-0.102487
-0.102469
-0.102447
-0.102436
-0.102412
-0.102376
-0.102372
-0.102373
-0.102381
-0.102391
-0.102402
-0.102406
-0.102411
-0.102411
-0.102405
-0.102394
-0.10238
-0.102353
-0.102339
-0.102329
-0.102329
-0.102336
-0.102348
-0.102365
-0.102373
-0.102391
-0.102406
-0.102414
-0.102414
-0.102405
-0.102401
-0.102395
-0.102391
-0.102389
-0.102399
-0.102399
-0.102414
-0.102434
-0.102456
-0.10248
-0.102515
-0.102545
-0.102546
-0.102542
-0.102537
-0.102529
-0.102523
-0.102522
-0.10254
-0.10254
-0.102561
-0.102586
-0.102611
-0.102633
-0.102649
-0.102661
-0.102661
-0.102661
-0.10266
-0.102662
-0.102676
-0.10269
-0.102714
-0.102722
-0.102736
-0.102744
-0.102743
-0.102732
-0.102725
-0.102696
-0.102696
-0.10269
-0.102694
-0.102706
-0.102724
-0.10275
-0.102761
-0.10276
-0.102751
-0.102734
-0.102709
-0.102695
-0.102664
-0.102619
-0.102606
-0.102582
-0.102564
-0.102552
-0.102548
-0.102547
-0.102541
-0.102537
-0.102533
-0.102511
-0.1025
-0.10246
-0.102428
-0.10238
-0.102365
-0.102339
-0.10232
-0.102307
-0.102303
-0.102295
-0.102278
-0.102278
-0.102264
-0.102245
-0.102225
-0.102192
-0.102172
-0.102154
-0.102153
-0.102157
-0.102171
-0.10218
-0.102199
-0.102215
-0.102224
-0.102224
-0.102214
-0.102197
-0.102176
-0.102156
-0.102142
-0.102145
-0.102153
-0.102174
-0.102202
-0.102233
-0.102249
-0.102281
-0.102324
-0.102335
-0.102351
-0.102363
-0.102371
-0.102379
-0.102387
-0.102417
-0.102429
-0.102456
-0.102489
-0.102524
-0.102559
-0.102594
-0.10264
-0.10264
-0.102663
-0.10268
-0.102693
-0.102703
-0.102714
-0.102744
-0.102754
-0.102779
-0.102808
-0.10284
-0.102871
-0.102899
-0.10292
-0.102927
-0.102932
-0.102926
-0.102912
-0.102897
-0.102883
-0.102881
-0.102886
-0.102902
-0.102921
-0.102937
-0.102947
-0.102949
-0.102935
-0.102935
-0.102915
-0.10289
-0.102845
-0.102814
-0.102785
-0.102748
-0.102737
-0.102729
-0.102708
-0.102702
-0.102691
-0.102678
-0.102638
-0.102638
-0.102608
-0.102554
-0.102514
-0.102473
-0.102433
-0.102379
-0.102379
-0.102348
-0.102322
-0.102298
-0.102274
-0.10225
-0.102193
-0.102177
-0.102143
-0.10211
-0.102079
-0.102051
-0.10203
-0.102011
-0.102011
-0.102004
-0.102
-0.101994
-0.101984
-0.10197
-0.101943
-0.101939
-0.101935
-0.101936
-0.101945
-0.101959
-0.101968
-0.102008
-0.102008
-0.102027
-0.102043
-0.102056
-0.102066
-0.102077
-0.102104
-0.102114
-0.102138
-0.102169
-0.102205
-0.102245
-0.102287
-0.102348
-0.102348
-0.102387
-0.10242
-0.10245
-0.102475
-0.102499
-0.102552
-0.102567
-0.102601
-0.102641
-0.102685
-0.102731
-0.102778
-0.102824
-0.102845
-0.102884
-0.102917
-0.102942
-0.102962
-0.102978
-0.103007
-0.103007
-0.103024
-0.103046
-0.103072
-0.103101
-0.103141
-0.103168
-0.103172
-0.103171
-0.103159
-0.103141
-0.103119
-0.103108
-0.103075
-0.103066
-0.10305
-0.103038
-0.103027
-0.103017
-0.103005
-0.102979
-0.102967
-0.10294
-0.102907
-0.102871
-0.102833
-0.102794
-0.102723
-0.102723
-0.102692
-0.102664
-0.102637
-0.102608
-0.102577
-0.102522
-0.102501
-0.102454
-0.102404
-0.102352
-0.1023
-0.102249
-0.102161
-0.102161
-0.102107
-0.102076
-0.102048
-0.102021
-0.101993
-0.101928
-0.101928
-0.101891
-0.101854
-0.101836
-0.101801
-0.101773
-0.101749
-0.101747
-0.101749
-0.101758
-0.101771
-0.101784
-0.101791
-0.10179
-0.10179
-0.101789
-0.101796
-0.10181
-0.101832
-0.101859
-0.101909
-0.101927
-0.101945
-0.101982
-0.102017
-0.102049
-0.102097
-0.102146
-0.102163
-0.102201
-0.102244
-0.102293
-0.102346
-0.102374
-0.102459
-0.102488
-0.102543
-0.102596
-0.102645
-0.102689
-0.10273
-0.102807
-0.102807
-0.102846
-0.10291
-0.102957
-0.103008
-0.10306
-0.103135
-0.103158
-0.10318
-0.103218
-0.103257
-0.103266
-0.103278
-0.103289
-0.103289
-0.103293
-0.1033
-0.103309
-0.103329
-0.10334
-0.103345
-0.103343
-0.103334
-0.103317
-0.103291
-0.103276
-0.103243
-0.103169
-0.103169
-0.103131
-0.103096
-0.103064
-0.103034
-0.102991
-0.102947
-0.102931
-0.102894
-0.102852
-0.102803
-0.102776
-0.102691
-0.102631
-0.1026
-0.102539
-0.102481
-0.102426
-0.102375
-0.102327
-0.102234
-0.102234
-0.102162
-0.10211
-0.102055
-0.101997
-0.101938
-0.101852
-0.101852
-0.101774
-0.10173
-0.101695
-0.101666
-0.101643
-0.101616
-0.101616
-0.101589
-0.10157
-0.101552
-0.101538
-0.101531
-0.101539
-0.101539
-0.101564
-0.101588
-0.101615
-0.101643
-0.101671
-0.101709
-0.101721
-0.101744
-0.101757
-0.101784
-0.101834
-0.101874
-0.101944
-0.101969
-0.102021
-0.102074
-0.102127
-0.102153
-0.102203
-0.102303
-0.102303
-0.10238
-0.102436
-0.102496
-0.10256
-0.102626
-0.102725
-0.102725
-0.10279
-0.102852
-0.102909
-0.102963
-0.103041
-0.103116
-0.103141
-0.103193
-0.103247
-0.103303
-0.103359
-0.103411
-0.103477
-0.103477
-0.103509
-0.103528
-0.103534
-0.10353
-0.103519
-0.103489
-0.103489
-0.103475
-0.10347
-0.103466
-0.103462
-0.103455
-0.103434
-0.103424
-0.103397
-0.103362
-0.103342
-0.103297
-0.103221
-0.103168
-0.103141
-0.103089
-0.103039
-0.102991
-0.102945
-0.102898
-0.102799
-0.102799
-0.10271
-0.102643
-0.102571
-0.102495
-0.102418
-0.102305
-0.102305
-0.102234
-0.102166
-0.102101
-0.102039
-0.101979
-0.101858
-0.101858
-0.101764
-0.101702
-0.101641
-0.101584
-0.101532
-0.101454
-0.101454
-0.10144
-0.101417
-0.101402
-0.101389
-0.101376
-0.101358
-0.101358
-0.101356
-0.10136
-0.101371
-0.10139
-0.101415
-0.101415
-0.101415
-0.101514
-0.101531
-0.101565
-0.101599
-0.101633
-0.101708
-0.101708
-0.101751
-0.1018
-0.101856
-0.101919
-0.101986
-0.102129
-0.102129
-0.102202
-0.102274
-0.102343
-0.10241
-0.102507
-0.102604
-0.102637
-0.102705
-0.102777
-0.102854
-0.102933
-0.102973
-0.10313
-0.10313
-0.103206
-0.103276
-0.10334
-0.103396
-0.103446
-0.103531
-0.10355
-0.103586
-0.103622
-0.103658
-0.103694
-0.103727
-0.103769
-0.103769
-0.103772
-0.103769
-0.103756
-0.103732
-0.103703
-0.103635
-0.103635
-0.1036
-0.103565
-0.103532
-0.103486
-0.10347
-0.103402
-0.103382
-0.103361
-0.103314
-0.103227
-0.103161
-0.10309
-0.102979
-0.102942
-0.102868
-0.102831
-0.102758
-0.102652
-0.10258
-0.102467
-0.102467
-0.102388
-0.102306
-0.102178
-0.102135
-0.10205
-0.101929
-0.10189
-0.101818
-0.101752
-0.10169
-0.101603
-0.101576
-0.101468
-0.10144
-0.101385
-0.10133
-0.101277
-0.101228
-0.101206
-0.101159
-0.101151
-0.101145
-0.10115
-0.101163
-0.101181
-0.101201
-0.10123
-0.10124
-0.101259
-0.10128
-0.101304
-0.101333
-0.101369
-0.101464
-0.101464
-0.101522
-0.101584
-0.10165
-0.101716
-0.101814
-0.101909
-0.101909
-0.102004
-0.102069
-0.102138
-0.102212
-0.102291
-0.10242
-0.102465
-0.102557
-0.102604
-0.102697
-0.102788
-0.102877
-0.103042
-0.103081
-0.103155
-0.103228
-0.103299
-0.103371
-0.103407
-0.103552
-0.103552
-0.103622
-0.103687
-0.103772
-0.103817
-0.103853
-0.103886
-0.103891
-0.103895
-0.103895
-0.103894
-0.103892
-0.103886
-0.103874
-0.103867
-0.103858
-0.10382
-0.103804
-0.103745
-0.103723
-0.103628
-0.103603
-0.103554
-0.103505
-0.103455
-0.103403
-0.103377
-0.103292
-0.103261
-0.103194
-0.103119
-0.103037
-0.10295
-0.10286
-0.102675
-0.102675
-0.102584
-0.102496
-0.102411
-0.102286
-0.102203
-0.102078
-0.102036
-0.101948
-0.101857
-0.101765
-0.101718
-0.101625
-0.101449
-0.101449
-0.10137
-0.1013
-0.101209
-0.101159
-0.101116
-0.101064
-0.10105
-0.101022
-0.100996
-0.100976
-0.100963
-0.100959
-0.100969
-0.100969
-0.100986
-0.101012
-0.101063
-0.101102
-0.101144
-0.101255
-0.101255
-0.101302
-0.10135
-0.101423
-0.101477
-0.101538
-0.101642
-0.10168
-0.10176
-0.101844
-0.10193
-0.101973
-0.102058
-0.102224
-0.102265
-0.102347
-0.10243
-0.102473
-0.102559
-0.10265
-0.102842
-0.102842
-0.102942
-0.10309
-0.103186
-0.103278
-0.103366
-0.103532
-0.103532
-0.103611
-0.103688
-0.103765
-0.10384
-0.103876
-0.104003
-0.104003
-0.104053
-0.10409
-0.104113
-0.104119
-0.104109
-0.104086
-0.104077
-0.104059
-0.104041
-0.104024
-0.104005
-0.103994
-0.103936
-0.103936
-0.103895
-0.103846
-0.103789
-0.103724
-0.103616
-0.103464
-0.103464
-0.103387
-0.10331
-0.103272
-0.103196
-0.103117
-0.102904
-0.102904
-0.102809
-0.102759
-0.102655
-0.102546
-0.102435
-0.102161
-0.102161
-0.102058
-0.101959
-0.101864
-0.101773
-0.101684
-0.101552
-0.101552
-0.101464
-0.101374
-0.101283
-0.101192
-0.101064
-0.10095
-0.100917
-0.100862
-0.10082
-0.100793
-0.100784
-0.100787
-0.100815
-0.100815
-0.10083
-0.100844
-0.100858
-0.100866
-0.100894
-0.100936
-0.100936
-0.100997
-0.10105
-0.101111
-0.101179
-0.101252
-0.101365
-0.101404
-0.101481
-0.101557
-0.101633
-0.10171
-0.10175
-0.101917
-0.101917
-0.102058
-0.102159
-0.102264
-0.102371
-0.10248
-0.102694
-0.102694
-0.102798
-0.10285
-0.102952
-0.103054
-0.103157
-0.103317
-0.103427
-0.103537
-0.103592
-0.103753
-0.103804
-0.1039
-0.104064
-0.104064
-0.104128
-0.104182
-0.104224
-0.104255
-0.104275
-0.104294
-0.104296
-0.104298
-0.104297
-0.104291
-0.104279
-0.104269
-0.104209
-0.104187
-0.104139
-0.104084
-0.104023
-0.103957
-0.10389
-0.103788
-0.103753
-0.103681
-0.103606
-0.103567
-0.103484
-0.103396
-0.103198
-0.103146
-0.103039
-0.102932
-0.102825
-0.102719
-0.102613
-0.102454
-0.102454
-0.102347
-0.102237
-0.102123
-0.102005
-0.101827
-0.10165
-0.10165
-0.101535
-0.101372
-0.101273
-0.10118
-0.101095
-0.100977
-0.100939
-0.100868
-0.1008
-0.100734
-0.100703
-0.100645
-0.100559
-0.100546
-0.100533
-0.100537
-0.100555
-0.100584
-0.100621
-0.100687
-0.100687
-0.100735
-0.100784
-0.100834
-0.100883
-0.100934
-0.101046
-0.101046
-0.101146
-0.101183
-0.101263
-0.101351
-0.101444
-0.101593
-0.101696
-0.101801
-0.101906
-0.101958
-0.102114
-0.102219
-0.102381
-0.102436
-0.102549
-0.102667
-0.102788
-0.102849
-0.102973
-0.103279
-0.103279
-0.103338
-0.103451
-0.103561
-0.103667
-0.10377
-0.10392
-0.104018
-0.104115
-0.104208
-0.104296
-0.104376
-0.104445
-0.104518
-0.104532
-0.104546
-0.104544
-0.10453
-0.104508
-0.104479
-0.10443
-0.104413
-0.104379
-0.104341
-0.1043
-0.104252
-0.104199
-0.104064
-0.104064
-0.103986
-0.103945
-0.103817
-0.103773
-0.103684
-0.103503
-0.103456
-0.103359
-0.103257
-0.10315
-0.103094
-0.102917
-0.10273
-0.10273
-0.102604
-0.102477
-0.102351
-0.102228
-0.102046
-0.101683
-0.101683
-0.101558
-0.101433
-0.101313
-0.101254
-0.101086
-0.100888
-0.100888
-0.100802
-0.100722
-0.10065
-0.100583
-0.100552
-0.100418
-0.100418
-0.10038
-0.100357
-0.100347
-0.100348
-0.100357
-0.100404
-0.100421
-0.100459
-0.100501
-0.100547
-0.100594
-0.100643
-0.100753
-0.100753
-0.100816
-0.100888
-0.100927
-0.101012
-0.101104
-0.101351
-0.101351
-0.101403
-0.101506
-0.10161
-0.101716
-0.101825
-0.102115
-0.102115
-0.102241
-0.102374
-0.102511
-0.102652
-0.102723
-0.103006
-0.103006
-0.103143
-0.103274
-0.103401
-0.103584
-0.103701
-0.103873
-0.103873
-0.103985
-0.104098
-0.10421
-0.104317
-0.104418
-0.104591
-0.104591
-0.104657
-0.104704
-0.104731
-0.104739
-0.104732
-0.104675
-0.104645
-0.104614
-0.104582
-0.104566
-0.104534
-0.104432
-0.104406
-0.104313
-0.104242
-0.104167
-0.104088
-0.104006
-0.103878
-0.103878
-0.103792
-0.103703
-0.103609
-0.103511
-0.103352
-0.103176
-0.103115
-0.102987
-0.102856
-0.102722
-0.102589
-0.102456
-0.102193
-0.102193
-0.10206
-0.101926
-0.101791
-0.101653
-0.101584
-0.101246
-0.101246
-0.101118
-0.100997
-0.100939
-0.100827
-0.100668
-0.100521
-0.100521
-0.100387
-0.100308
-0.10024
-0.100186
-0.100151
-0.100137
-0.100137
-0.100143
-0.100164
-0.100194
-0.100229
-0.100269
-0.100358
-0.100383
-0.100437
-0.100497
-0.100565
-0.100643
-0.100684
-0.100821
-0.10087
-0.10097
-0.101072
-0.101175
-0.101331
-0.101385
-0.101609
-0.101668
-0.101792
-0.101924
-0.102063
-0.102207
-0.102354
-0.102505
-0.10258
-0.102731
-0.102879
-0.103024
-0.103165
-0.103303
-0.103572
-0.103572
-0.103772
-0.103905
-0.104037
-0.104168
-0.104296
-0.104477
-0.104477
-0.104635
-0.104724
-0.104763
-0.104825
-0.104868
-0.104903
-0.104903
-0.104902
-0.104892
-0.104878
-0.10486
-0.104823
-0.104773
-0.104753
-0.10473
-0.104679
-0.104617
-0.104506
-0.104423
-0.104287
-0.10424
-0.104144
-0.104045
-0.103943
-0.103839
-0.103785
-0.103556
-0.103556
-0.103431
-0.103299
-0.103161
-0.102946
-0.102873
-0.10258
-0.10258
-0.102436
-0.102222
-0.102081
-0.10194
-0.101798
-0.101581
-0.101507
-0.101358
-0.101283
-0.101059
-0.100986
-0.100843
-0.10058
-0.100521
-0.100412
-0.100363
-0.100273
-0.100195
-0.100131
-0.100059
-0.100042
-0.100019
-0.100007
-0.100005
-0.100007
-0.100024
-0.100081
-0.100081
-0.100126
-0.100181
-0.100246
-0.100319
-0.100397
-0.100563
-0.100563
-0.100649
-0.100737
-0.10083
-0.100927
-0.10103
-0.101256
-0.101256
-0.101448
-0.101584
-0.101726
-0.101872
-0.102021
-0.102247
-0.102322
-0.102396
-0.102544
-0.102692
-0.10284
-0.102989
-0.103293
-0.103293
-0.103449
-0.103686
-0.103843
-0.103997
-0.104073
-0.104358
-0.104358
-0.104485
-0.1046
-0.104752
-0.10484
-0.104916
-0.105009
-0.105033
-0.105071
-0.105094
-0.105106
-0.105108
-0.105106
-0.105065
-0.105065
-0.105027
-0.104977
-0.104919
-0.104852
-0.104779
-0.104619
-0.104578
-0.104494
-0.104407
-0.104316
-0.104219
-0.104114
-0.103942
-0.10388
-0.103816
-0.103681
-0.10354
-0.103394
-0.103245
-0.102941
-0.102941
-0.10279
-0.10264
-0.102489
-0.102338
-0.102185
-0.10187
-0.10187
-0.101706
-0.101541
-0.101374
-0.101127
-0.100967
-0.10074
-0.100669
-0.100534
-0.10041
-0.100296
-0.100191
-0.100096
-0.0999711
-0.0999711
-0.0999008
-0.099845
-0.0998051
-0.0997803
-0.0997706
-0.0997924
-0.0998063
-0.0998437
-0.0998926
-0.0999517
-0.100018
-0.100054
-0.100209
-0.100209
-0.10029
-0.100373
-0.10046
-0.100553
-0.100651
-0.100873
-0.100873
-0.100998
-0.101203
-0.101348
-0.101497
-0.10165
-0.10188
-0.101957
-0.102111
-0.102264
-0.102341
-0.102496
-0.102654
-0.102979
-0.102979
-0.103063
-0.10332
-0.10358
-0.103752
-0.10392
-0.104162
-0.104238
-0.104383
-0.104452
-0.104646
-0.104764
-0.104874
-0.105023
-0.105069
-0.105153
-0.105191
-0.105256
-0.105305
-0.105335
-0.105344
-0.105344
-0.105323
-0.105265
-0.105213
-0.105151
-0.105083
-0.104972
-0.104933
-0.104853
-0.104811
-0.104723
-0.104629
-0.104527
-0.104297
-0.104234
-0.104103
-0.103967
-0.103826
-0.103682
-0.103537
-0.103391
-0.103317
-0.103166
-0.103011
-0.102851
-0.102685
-0.102514
-0.10216
-0.10216
-0.101982
-0.101805
-0.101632
-0.10138
-0.101216
-0.100975
-0.100896
-0.100738
-0.100583
-0.100506
-0.100356
-0.100213
-0.0999542
-0.0999542
-0.0997979
-0.0997554
-0.0996867
-0.0996411
-0.0996172
-0.0996169
-0.0996234
-0.0996414
-0.0996653
-0.0996954
-0.0997318
-0.0997755
-0.0998578
-0.0998904
-0.0999636
-0.100004
-0.100092
-0.100188
-0.10029
-0.100508
-0.100508
-0.100679
-0.100798
-0.100923
-0.101055
-0.101195
-0.101422
-0.101422
-0.101583
-0.101748
-0.102003
-0.102173
-0.102343
-0.102513
-0.102598
-0.102769
-0.102941
-0.103028
-0.103295
-0.103478
-0.103849
-0.103849
-0.104032
-0.104211
-0.104465
-0.104545
-0.104768
-0.104966
-0.104966
-0.105137
-0.105236
-0.105321
-0.105392
-0.105447
-0.105483
-0.105495
-0.105508
-0.105504
-0.105485
-0.105452
-0.105405
-0.105285
-0.105251
-0.105178
-0.105102
-0.105022
-0.104937
-0.104847
-0.104702
-0.104649
-0.104595
-0.104478
-0.104283
-0.104213
-0.104068
-0.103838
-0.103759
-0.103598
-0.103436
-0.103274
-0.103111
-0.102946
-0.102608
-0.102608
-0.102434
-0.102254
-0.10207
-0.101881
-0.101594
-0.101306
-0.101212
-0.101027
-0.100849
-0.100679
-0.100518
-0.100364
-0.100218
-0.100148
-0.100013
-0.0998849
-0.0997644
-0.0996531
-0.0995546
-0.0994141
-0.0994141
-0.0993777
-0.0993627
-0.0993667
-0.0994038
-0.0994232
-0.0995282
-0.0995597
-0.0996273
-0.0996632
-0.0997376
-0.0998162
-0.0999002
-0.10009
-0.10009
-0.100197
-0.100378
-0.100511
-0.100652
-0.100801
-0.101034
-0.101114
-0.101276
-0.101358
-0.101521
-0.101686
-0.101853
-0.102196
-0.102196
-0.102373
-0.102651
-0.102844
-0.10304
-0.103239
-0.103536
-0.103634
-0.103827
-0.103921
-0.104104
-0.10428
-0.104449
-0.104768
-0.104768
-0.104918
-0.105062
-0.105199
-0.105329
-0.105447
-0.105638
-0.105638
-0.105701
-0.10574
-0.105756
-0.105752
-0.105715
-0.105649
-0.105622
-0.105561
-0.105495
-0.105423
-0.105386
-0.105307
-0.105127
-0.105127
-0.105023
-0.104909
-0.104784
-0.104648
-0.10443
-0.104199
-0.10412
-0.103959
-0.103797
-0.103715
-0.103551
-0.103384
-0.103038
-0.103038
-0.102857
-0.102671
-0.102477
-0.102278
-0.101973
-0.101667
-0.101566
-0.101366
-0.101171
-0.100982
-0.10089
-0.10071
-0.100367
-0.100367
-0.100203
-0.099966
-0.0998146
-0.0996706
-0.0995382
-0.0993672
-0.0993194
-0.0992412
-0.0991883
-0.0991599
-0.0991538
-0.0991552
-0.0991848
-0.0992007
-0.099239
-0.0992856
-0.0993407
-0.0994044
-0.0994777
-0.0996578
-0.0996578
-0.099765
-0.0998829
-0.100077
-0.100216
-0.10036
-0.100586
-0.100662
-0.100816
-0.100974
-0.101054
-0.101218
-0.101386
-0.10165
-0.101742
-0.101932
-0.102129
-0.102333
-0.102539
-0.102747
-0.103161
-0.103161
-0.103462
-0.103659
-0.103852
-0.104041
-0.104228
-0.104505
-0.104596
-0.104687
-0.104864
-0.105035
-0.105197
-0.105347
-0.105599
-0.10565
-0.105736
-0.105799
-0.105841
-0.105866
-0.105877
-0.105869
-0.10586
-0.105833
-0.105795
-0.10577
-0.105711
-0.105638
-0.105461
-0.105461
-0.105359
-0.10525
-0.105077
-0.104957
-0.10483
-0.104625
-0.104553
-0.104403
-0.104243
-0.10416
-0.103989
-0.103901
-0.103441
-0.103441
-0.103252
-0.103064
-0.102875
-0.102685
-0.102493
-0.1022
-0.1021
-0.101898
-0.101691
-0.101479
-0.101267
-0.101055
-0.100643
-0.100643
-0.100446
-0.100259
-0.0999969
-0.099835
-0.0996831
-0.0994771
-0.0994141
-0.0992969
-0.0992428
-0.0991463
-0.0990691
-0.0990146
-0.0989694
-0.0989702
-0.0989863
-0.0990204
-0.0990702
-0.0991334
-0.0992074
-0.0993354
-0.0993814
-0.0994772
-0.0995269
-0.0996301
-0.0997386
-0.0998539
-0.10018
-0.10018
-0.100253
-0.100408
-0.100573
-0.100748
-0.100929
-0.101305
-0.101401
-0.101594
-0.101788
-0.101983
-0.102179
-0.102379
-0.102685
-0.102685
-0.102896
-0.10311
-0.103327
-0.103544
-0.10376
-0.104076
-0.104178
-0.104377
-0.10457
-0.104757
-0.104937
-0.105112
-0.105442
-0.105521
-0.105668
-0.105801
-0.105917
-0.106012
-0.10605
-0.106136
-0.106136
-0.106143
-0.106129
-0.106099
-0.106056
-0.106
-0.105866
-0.105866
-0.105788
-0.105657
-0.105559
-0.105451
-0.105333
-0.105134
-0.105063
-0.104912
-0.104833
-0.10467
-0.1045
-0.104325
-0.103964
-0.103964
-0.103781
-0.103593
-0.103402
-0.103205
-0.103003
-0.102577
-0.102577
-0.102242
-0.102016
-0.101902
-0.101675
-0.101449
-0.101009
-0.101009
-0.100797
-0.100588
-0.100384
-0.100086
-0.0998923
-0.0996156
-0.0995283
-0.0993632
-0.0992126
-0.0990811
-0.0990238
-0.098928
-0.0988139
-0.0988139
-0.09879
-0.0987832
-0.098791
-0.0988106
-0.0988419
-0.0989404
-0.0989404
-0.0990083
-0.0990902
-0.0991866
-0.0992954
-0.0994152
-0.0996127
-0.0996826
-0.0998267
-0.0999749
-0.100126
-0.100282
-0.100443
-0.100784
-0.100784
-0.100966
-0.101157
-0.101358
-0.101673
-0.101891
-0.102224
-0.102336
-0.102561
-0.102785
-0.103005
-0.103115
-0.103333
-0.103766
-0.103766
-0.103983
-0.104201
-0.104419
-0.104636
-0.10485
-0.10516
-0.105259
-0.105448
-0.105622
-0.105778
-0.105916
-0.106035
-0.106203
-0.106203
-0.106272
-0.106295
-0.106303
-0.106302
-0.106289
-0.106243
-0.106221
-0.106165
-0.106094
-0.106009
-0.10591
-0.105798
-0.105547
-0.105479
-0.10534
-0.105195
-0.105046
-0.104893
-0.104814
-0.10448
-0.10448
-0.104301
-0.104114
-0.103916
-0.10371
-0.103386
-0.103052
-0.10294
-0.102714
-0.102489
-0.102265
-0.102041
-0.101929
-0.101483
-0.101483
-0.101258
-0.101032
-0.100804
-0.100576
-0.100349
-0.0999129
-0.0999129
-0.0997089
-0.0995173
-0.0993413
-0.0991823
-0.0990402
-0.0988139
-0.0988139
-0.0987336
-0.0986745
-0.0986349
-0.0986133
-0.098608
-0.0986457
-0.0986457
-0.098715
-0.0987813
-0.0988635
-0.0989591
-0.0990668
-0.0992475
-0.0992475
-0.099445
-0.0995834
-0.0997267
-0.099875
-0.100029
-0.100191
-0.100275
-0.100542
-0.100733
-0.100832
-0.101036
-0.101247
-0.101682
-0.101682
-0.101903
-0.102125
-0.102348
-0.102688
-0.102803
-0.103272
-0.103272
-0.103512
-0.103876
-0.104118
-0.104118
-0.104476
-0.104931
-0.104931
-0.105143
-0.105343
-0.105531
-0.105707
-0.105869
-0.10615
-0.10615
-0.106266
-0.106361
-0.106461
-0.106499
-0.106516
-0.106505
-0.106491
-0.106448
-0.106389
-0.106316
-0.10623
-0.106183
-0.105974
-0.105974
-0.105859
-0.105736
-0.105605
-0.105464
-0.105232
-0.104975
-0.104975
-0.104792
-0.104601
-0.104302
-0.1042
-0.103889
-0.103572
-0.103465
-0.10325
-0.103029
-0.102804
-0.102689
-0.102455
-0.101968
-0.101968
-0.101719
-0.101469
-0.101097
-0.100854
-0.100617
-0.100277
-0.100168
-0.099955
-0.0998515
-0.0996502
-0.0994561
-0.0992701
-0.0989263
-0.0988489
-0.0987086
-0.0985912
-0.0985011
-0.0984396
-0.098419
-0.0983927
-0.0983948
-0.0984127
-0.098447
-0.0984943
-0.0985523
-0.0986208
-0.0987898
-0.0987898
-0.0989462
-0.0990668
-0.0992006
-0.0993461
-0.0995019
-0.0997521
-0.0998392
-0.100018
-0.100201
-0.100388
-0.100484
-0.100682
-0.1011
-0.101209
-0.101436
-0.101672
-0.101793
-0.102039
-0.10229
-0.102795
-0.102795
-0.103047
-0.103295
-0.10354
-0.103783
-0.104024
-0.104499
-0.104617
-0.104851
-0.105083
-0.105309
-0.105528
-0.105737
-0.106025
-0.106025
-0.106195
-0.106343
-0.106466
-0.106563
-0.106633
-0.1067
-0.1067
-0.106704
-0.106693
-0.10665
-0.106604
-0.106544
-0.106426
-0.106379
-0.106275
-0.106157
-0.106092
-0.105954
-0.105805
-0.105483
-0.105483
-0.105398
-0.105137
-0.104957
-0.104771
-0.104578
-0.104168
-0.104168
-0.10395
-0.103721
-0.103483
-0.103239
-0.102863
-0.102482
-0.102355
-0.102102
-0.101852
-0.101603
-0.101356
-0.10111
-0.100865
-0.100743
-0.100376
-0.100133
-0.100012
-0.0997748
-0.0995452
-0.0991189
-0.0991189
-0.0988397
-0.0986782
-0.0986056
-0.0984783
-0.0983351
-0.0982515
-0.0982515
-0.0982234
-0.0982124
-0.0982173
-0.098254
-0.0982738
-0.0983565
-0.0983921
-0.0984762
-0.0985769
-0.0986931
-0.0988228
-0.0989637
-0.0992741
-0.0992741
-0.0994395
-0.0996098
-0.0997859
-0.0999682
-0.100255
-0.100561
-0.100668
-0.10089
-0.101121
-0.101361
-0.101608
-0.101733
-0.102116
-0.102244
-0.102629
-0.102884
-0.103137
-0.103389
-0.103516
-0.104022
-0.104022
-0.104275
-0.10453
-0.104782
-0.10503
-0.10527
-0.10561
-0.105718
-0.10592
-0.106108
-0.106279
-0.106359
-0.106568
-0.10673
-0.106772
-0.106838
-0.106881
-0.106903
-0.106904
-0.106868
-0.106819
-0.106787
-0.10671
-0.106617
-0.106509
-0.10639
-0.106261
-0.105979
-0.105979
-0.105827
-0.105669
-0.105414
-0.105233
-0.105041
-0.104731
-0.104623
-0.104398
-0.104165
-0.103926
-0.103804
-0.103558
-0.10306
-0.10306
-0.102808
-0.102552
-0.102162
-0.102031
-0.101764
-0.101223
-0.101223
-0.100951
-0.100682
-0.100418
-0.100161
-0.0997935
-0.0994462
-0.0993353
-0.0991205
-0.098916
-0.0987222
-0.0985422
-0.0983806
-0.0982419
-0.0981826
-0.0980866
-0.0980216
-0.0979842
-0.0979712
-0.0979799
-0.0980502
-0.0980771
-0.0981403
-0.0981767
-0.0982591
-0.0983545
-0.0984631
-0.0987234
-0.0987234
-0.0989571
-0.0991298
-0.0993136
-0.0995064
-0.0997069
-0.100018
-0.100018
-0.100231
-0.100447
-0.100782
-0.101013
-0.101251
-0.101624
-0.101753
-0.102015
-0.102285
-0.102558
-0.102696
-0.102974
-0.103524
-0.10366
-0.103927
-0.104191
-0.104191
-0.104705
-0.104831
-0.105202
-0.105324
-0.105565
-0.1058
-0.106025
-0.106239
-0.106437
-0.106769
-0.106769
-0.106894
-0.106988
-0.107053
-0.107099
-0.107102
-0.107072
-0.107055
-0.10701
-0.106952
-0.10688
-0.106793
-0.106744
-0.106512
-0.106512
-0.106372
-0.106217
-0.10605
-0.105778
-0.105585
-0.105285
-0.105182
-0.104973
-0.104759
-0.104539
-0.104312
-0.104195
-0.103707
-0.103707
-0.103449
-0.103183
-0.102911
-0.102634
-0.102353
-0.101793
-0.101793
-0.101517
-0.101245
-0.100975
-0.100709
-0.100314
-0.099924
-0.0997953
-0.0995409
-0.0992927
-0.0990532
-0.0988259
-0.0986131
-0.0984193
-0.0983309
-0.0981728
-0.0980411
-0.097938
-0.0978642
-0.0978372
-0.0977822
-0.0977857
-0.0978065
-0.097846
-0.0979042
-0.0979814
-0.0980773
-0.098252
-0.098252
-0.0983854
-0.0985305
-0.0986859
-0.0989341
-0.0990207
-0.0993885
-0.0994862
-0.0995864
-0.0997952
-0.100016
-0.100249
-0.10049
-0.100868
-0.101126
-0.101257
-0.101519
-0.101784
-0.102051
-0.102321
-0.102871
-0.102871
-0.103297
-0.103441
-0.103731
-0.104022
-0.104312
-0.10488
-0.105017
-0.105284
-0.10554
-0.105783
-0.1059
-0.106125
-0.106531
-0.106531
-0.10671
-0.106872
-0.107012
-0.107127
-0.107215
-0.107309
-0.107309
-0.107311
-0.107283
-0.107233
-0.107165
-0.10708
-0.106927
-0.106871
-0.106811
-0.106685
-0.106549
-0.1064
-0.10624
-0.10588
-0.10588
-0.105679
-0.105467
-0.105246
-0.105016
-0.104779
-0.104293
-0.104293
-0.104044
-0.103791
-0.103533
-0.103269
-0.103
-0.102438
-0.102293
-0.102147
-0.101704
-0.101408
-0.101113
-0.100822
-0.100259
-0.100259
-0.0999876
-0.0998549
-0.0995952
-0.0993433
-0.0990999
-0.098751
-0.098531
-0.0983248
-0.0981369
-0.0980513
-0.0978996
-0.0977777
-0.097631
-0.097631
-0.0976008
-0.0975956
-0.097626
-0.0976681
-0.0977255
-0.0978393
-0.0978393
-0.0979341
-0.0980443
-0.0981702
-0.0983118
-0.0984688
-0.0988235
-0.0988235
-0.0990169
-0.099219
-0.0994283
-0.0996437
-0.0998661
-0.100216
-0.10046
-0.100714
-0.100978
-0.101114
-0.101393
-0.101679
-0.102266
-0.102266
-0.102711
-0.102859
-0.103153
-0.103445
-0.103733
-0.104164
-0.104307
-0.104593
-0.104878
-0.105302
-0.105442
-0.105716
-0.106109
-0.106234
-0.106471
-0.106688
-0.106884
-0.107055
-0.107199
-0.107402
-0.107402
-0.107461
-0.107497
-0.107512
-0.107498
-0.107465
-0.107382
-0.107345
-0.107256
-0.107148
-0.107086
-0.106876
-0.106717
-0.106454
-0.106454
-0.106265
-0.106068
-0.105864
-0.105651
-0.10543
-0.104958
-0.104834
-0.104577
-0.10431
-0.104034
-0.103752
-0.103465
-0.10303
-0.10303
-0.102739
-0.102448
-0.102154
-0.101859
-0.10156
-0.101106
-0.100953
-0.100648
-0.100345
-0.100046
-0.0997548
-0.0994737
-0.0989502
-0.0989502
-0.098594
-0.0983766
-0.0981776
-0.0979988
-0.0978425
-0.0976562
-0.0976562
-0.0975657
-0.0975022
-0.097464
-0.09745
-0.0974605
-0.0975519
-0.0975519
-0.0976275
-0.0977207
-0.097829
-0.0979502
-0.098082
-0.0983741
-0.0983741
-0.0986197
-0.098797
-0.0989862
-0.0991887
-0.0994057
-0.0997562
-0.0997562
-0.100004
-0.100261
-0.100526
-0.100796
-0.10107
-0.101628
-0.101769
-0.101911
-0.102342
-0.102636
-0.102934
-0.103239
-0.103704
-0.10386
-0.104172
-0.104482
-0.104635
-0.104938
-0.105232
-0.105653
-0.10592
-0.106174
-0.106415
-0.106642
-0.106855
-0.106955
-0.107228
-0.107307
-0.107444
-0.107551
-0.107625
-0.10768
-0.107682
-0.107642
-0.107618
-0.107558
-0.107481
-0.107391
-0.10734
-0.107229
-0.106963
-0.106963
-0.106807
-0.106635
-0.106446
-0.106243
-0.106029
-0.10557
-0.10557
-0.105329
-0.104959
-0.104704
-0.104443
-0.104174
-0.103757
-0.103614
-0.103468
-0.103169
-0.102709
-0.102394
-0.102077
-0.101758
-0.1016
-0.101284
-0.100973
-0.100818
-0.100209
-0.10006
-0.0994705
-0.0994705
-0.0991831
-0.0989042
-0.0985076
-0.0983828
-0.0981461
-0.0977409
-0.0976562
-0.0975088
-0.0973921
-0.097307
-0.0972501
-0.0972178
-0.0972099
-0.0972099
-0.0972287
-0.0972666
-0.0973229
-0.0973979
-0.097492
-0.0977407
-0.0977407
-0.0978929
-0.0980611
-0.0982436
-0.098438
-0.0986427
-0.0990775
-0.0991907
-0.0994234
-0.0996646
-0.0999148
-0.100175
-0.100446
-0.100871
-0.100871
-0.101317
-0.101469
-0.101776
-0.102087
-0.102398
-0.103019
-0.103175
-0.103487
-0.103801
-0.103959
-0.104116
-0.104749
-0.105216
-0.105216
-0.10552
-0.105814
-0.106095
-0.106362
-0.106612
-0.107059
-0.107059
-0.107255
-0.107508
-0.107645
-0.107753
-0.107833
-0.107899
-0.107908
-0.107905
-0.107893
-0.107851
-0.107786
-0.1077
-0.107473
-0.107406
-0.107263
-0.107108
-0.106943
-0.106857
-0.106674
-0.106273
-0.106273
-0.106053
-0.105818
-0.10557
-0.105173
-0.104896
-0.104464
-0.104317
-0.10402
-0.10372
-0.103416
-0.103109
-0.102953
-0.10248
-0.10232
-0.101995
-0.101666
-0.101334
-0.101002
-0.100672
-0.100029
-0.100029
-0.0997207
-0.0994224
-0.0991345
-0.0988576
-0.0985918
-0.0980978
-0.0980978
-0.097871
-0.0976623
-0.0974761
-0.0973172
-0.0971899
-0.097061
-0.0970347
-0.0970057
-0.0970056
-0.0970536
-0.097081
-0.0971507
-0.0973389
-0.0973389
-0.0974535
-0.0975818
-0.097724
-0.0978802
-0.0980511
-0.0984398
-0.0985471
-0.0987735
-0.0990133
-0.0992651
-0.0995275
-0.0997985
-0.100358
-0.100358
-0.100644
-0.100789
-0.101082
-0.101381
-0.101686
-0.102318
-0.102318
-0.102645
-0.102979
-0.103316
-0.103654
-0.103992
-0.104656
-0.104656
-0.104977
-0.10529
-0.105742
-0.106031
-0.106311
-0.106581
-0.106839
-0.107084
-0.107312
-0.107418
-0.107612
-0.107778
-0.108008
-0.108008
-0.10807
-0.108101
-0.108104
-0.108061
-0.108006
-0.107891
-0.107845
-0.107742
-0.107685
-0.107559
-0.107418
-0.107261
-0.106896
-0.106896
-0.106687
-0.106463
-0.1061
-0.105844
-0.105578
-0.105168
-0.105028
-0.104745
-0.104458
-0.104164
-0.103863
-0.103554
-0.103075
-0.103075
-0.102745
-0.102409
-0.102068
-0.101724
-0.101381
-0.100701
-0.100701
-0.10037
-0.100046
-0.0997295
-0.0994207
-0.0991196
-0.0985429
-0.0984044
-0.0981353
-0.0978799
-0.0976429
-0.0974288
-0.0972423
-0.097024
-0.0969694
-0.0968861
-0.0968563
-0.0968185
-0.0968111
-0.0968335
-0.0969367
-0.0969367
-0.0970166
-0.0970635
-0.0971712
-0.0972981
-0.0974452
-0.0977948
-0.0977948
-0.0979938
-0.098206
-0.09843
-0.0987833
-0.0990306
-0.0994196
-0.0995547
-0.0998333
-0.100123
-0.100426
-0.100738
-0.100738
-0.101553
-0.10172
-0.102053
-0.10222
-0.102555
-0.103059
-0.103396
-0.103734
-0.103904
-0.104245
-0.104587
-0.104928
-0.105267
-0.105764
-0.106238
-0.10639
-0.106679
-0.106949
-0.107196
-0.107419
-0.107616
-0.107784
-0.107857
-0.107981
-0.108077
-0.108144
-0.108185
-0.108198
-0.108148
-0.108148
-0.108086
-0.108001
-0.107897
-0.107776
-0.107639
-0.107329
-0.107329
-0.107066
-0.106876
-0.106672
-0.106455
-0.106223
-0.105845
-0.105845
-0.105575
-0.105293
-0.105
-0.104698
-0.104389
-0.103758
-0.103758
-0.103278
-0.102952
-0.102622
-0.102456
-0.101948
-0.101603
-0.101252
-0.101076
-0.100722
-0.100196
-0.100022
-0.0996816
-0.0990306
-0.0990306
-0.0987249
-0.0984329
-0.0981562
-0.0978959
-0.0975365
-0.0972204
-0.0971266
-0.0970395
-0.0968241
-0.0967686
-0.0966498
-0.0966104
-0.0966094
-0.0966237
-0.0966718
-0.096744
-0.0967879
-0.0968904
-0.0970098
-0.0972915
-0.0972915
-0.0974526
-0.0976275
-0.0978165
-0.0981278
-0.0983557
-0.0987291
-0.0988616
-0.0991372
-0.099425
-0.0997235
-0.0998761
-0.100186
-0.100662
-0.100823
-0.101147
-0.101475
-0.101808
-0.102319
-0.102492
-0.103198
-0.103198
-0.103559
-0.103922
-0.104285
-0.104645
-0.105174
-0.105681
-0.105844
-0.106161
-0.106466
-0.106758
-0.107035
-0.107167
-0.107537
-0.107651
-0.107861
-0.108045
-0.108196
-0.108312
-0.108393
-0.108457
-0.108457
-0.108446
-0.108411
-0.10832
-0.10828
-0.108136
-0.107953
-0.107882
-0.107727
-0.107553
-0.10736
-0.107256
-0.107037
-0.106556
-0.106556
-0.106299
-0.106033
-0.10562
-0.105334
-0.105041
-0.104583
-0.104425
-0.104102
-0.103767
-0.103596
-0.103247
-0.102891
-0.102167
-0.102167
-0.101802
-0.101439
-0.101081
-0.100553
-0.100207
-0.0996956
-0.0995272
-0.0991936
-0.098865
-0.0987028
-0.0982306
-0.0980792
-0.0975146
-0.0975146
-0.0972649
-0.097043
-0.0967708
-0.0966332
-0.0965781
-0.0964397
-0.0964234
-0.0964106
-0.0964211
-0.0964349
-0.0964782
-0.0965432
-0.0967357
-0.0967357
-0.0968634
-0.0970125
-0.0971828
-0.0974753
-0.0976919
-0.0980447
-0.0981685
-0.0982952
-0.0985562
-0.0988257
-0.0991033
-0.0993897
-0.0999918
-0.0999918
-0.100309
-0.100637
-0.100977
-0.101506
-0.101867
-0.102417
-0.102601
-0.10297
-0.103338
-0.10352
-0.103884
-0.104244
-0.104954
-0.104954
-0.105305
-0.105653
-0.106166
-0.106335
-0.106663
-0.107274
-0.107415
-0.10768
-0.107918
-0.108126
-0.108302
-0.108444
-0.108593
-0.108593
-0.108653
-0.108686
-0.108694
-0.108677
-0.108636
-0.108481
-0.108427
-0.108301
-0.108153
-0.107985
-0.107799
-0.107598
-0.107273
-0.107159
-0.107042
-0.106799
-0.106543
-0.106273
-0.10599
-0.10554
-0.105383
-0.10506
-0.104727
-0.104387
-0.104041
-0.103691
-0.103164
-0.102987
-0.102631
-0.102273
-0.101911
-0.101545
-0.101176
-0.100429
-0.100429
-0.100055
-0.099503
-0.0991444
-0.0987972
-0.0984639
-0.0979964
-0.0978502
-0.0975738
-0.0974441
-0.0972028
-0.0968901
-0.0967999
-0.0965756
-0.0965162
-0.0964199
-0.096354
-0.0963167
-0.0963083
-0.0963287
-0.096452
-0.096452
-0.0965497
-0.0966685
-0.0968069
-0.0969624
-0.0971327
-0.0975117
-0.0975117
-0.097721
-0.0980616
-0.0981825
-0.0985688
-0.0987056
-0.0992919
-0.099447
-0.0997659
-0.100095
-0.100431
-0.100774
-0.10112
-0.101469
-0.101645
-0.101999
-0.102358
-0.102721
-0.103089
-0.103462
-0.104219
-0.104219
-0.104599
-0.105165
-0.105536
-0.105897
-0.106246
-0.106901
-0.106901
-0.107202
-0.107484
-0.107617
-0.107866
-0.10809
-0.10845
-0.10845
-0.10858
-0.108676
-0.108739
-0.10877
-0.10877
-0.10869
-0.10869
-0.108615
-0.10852
-0.108407
-0.108278
-0.108052
-0.107879
-0.107786
-0.107586
-0.107368
-0.107132
-0.106881
-0.106614
-0.106045
-0.106045
-0.105746
-0.105441
-0.105129
-0.104647
-0.104482
-0.1038
-0.1038
-0.103444
-0.103078
-0.102703
-0.102131
-0.101938
-0.101164
-0.101164
-0.100592
-0.100218
-0.0998505
-0.0994895
-0.0991353
-0.0986179
-0.0984492
-0.098119
-0.0979576
-0.097644
-0.0972052
-0.0970696
-0.096703
-0.0964978
-0.0963291
-0.0962001
-0.0961096
-0.0960534
-0.0960373
-0.0960437
-0.0960437
-0.0960836
-0.0961441
-0.0962249
-0.0963261
-0.096448
-0.0967546
-0.0967546
-0.0969396
-0.097146
-0.0973726
-0.0976169
-0.0980131
-0.0984384
-0.0985852
-0.0988849
-0.0991929
-0.0995092
-0.0996707
-0.100001
-0.100692
-0.100692
-0.101053
-0.101426
-0.102001
-0.102196
-0.102589
-0.103382
-0.103579
-0.103971
-0.104358
-0.104739
-0.105116
-0.105488
-0.106034
-0.106214
-0.106391
-0.10691
-0.107076
-0.107396
-0.107699
-0.108229
-0.108229
-0.108449
-0.108636
-0.10885
-0.10895
-0.109018
-0.109067
-0.109071
-0.109058
-0.109043
-0.108993
-0.108918
-0.108817
-0.108618
-0.108539
-0.108364
-0.108168
-0.107953
-0.107722
-0.107477
-0.106951
-0.106951
-0.106673
-0.106382
-0.10608
-0.105766
-0.105439
-0.104744
-0.104744
-0.104378
-0.104002
-0.103617
-0.103032
-0.102835
-0.102051
-0.101855
-0.101466
-0.101078
-0.100691
-0.100305
-0.0999197
-0.0995363
-0.0993454
-0.0989669
-0.0985948
-0.0982335
-0.0978866
-0.0975566
-0.0969646
-0.0969646
-0.0967091
-0.0963823
-0.096205
-0.0960623
-0.0959538
-0.09585
-0.0958298
-0.0958164
-0.0958109
-0.0958328
-0.0958822
-0.0959584
-0.0961906
-0.0961906
-0.0963445
-0.0965206
-0.0968212
-0.0970436
-0.0972808
-0.0976598
-0.0977921
-0.0980664
-0.0983535
-0.0986537
-0.0988088
-0.0991299
-0.0998149
-0.0998149
-0.100175
-0.100546
-0.100923
-0.101306
-0.101692
-0.102471
-0.102668
-0.103064
-0.103462
-0.103662
-0.104064
-0.10467
-0.10527
-0.105468
-0.105664
-0.106048
-0.10642
-0.106777
-0.107117
-0.107745
-0.107745
-0.10803
-0.108294
-0.108535
-0.108748
-0.108928
-0.109179
-0.109179
-0.109272
-0.109285
-0.109287
-0.10923
-0.109157
-0.109001
-0.108937
-0.108796
-0.108637
-0.108551
-0.108366
-0.108162
-0.107697
-0.107697
-0.107436
-0.107157
-0.106861
-0.10655
-0.106228
-0.105726
-0.105555
-0.105207
-0.104853
-0.104491
-0.104121
-0.103744
-0.102965
-0.102965
-0.102357
-0.102151
-0.101528
-0.101111
-0.100697
-0.100085
-0.0998855
-0.0994927
-0.0991093
-0.0989215
-0.0985531
-0.0981955
-0.097518
-0.097518
-0.0971994
-0.0968989
-0.0966211
-0.0963704
-0.0961515
-0.0958272
-0.0958272
-0.0957269
-0.0956643
-0.0956359
-0.0956512
-0.0956958
-0.0958066
-0.0958541
-0.095964
-0.0960267
-0.0962452
-0.0964168
-0.0966094
-0.096938
-0.096938
-0.0971836
-0.0974496
-0.0977332
-0.0980322
-0.0985052
-0.0990019
-0.0991716
-0.0995173
