-0.0985185
-0.0985166
-0.0985152
-0.0985163
-0.0985189
-0.0985198
-0.0985167
-0.0985129
-0.0985124
-0.0985308
-0.0985346
-0.0985375
-0.0985385
-0.0985312
-0.09852
-0.0985089
-0.0985003
-0.0985036
-0.0985082
-0.098522
-0.0985397
-0.0985574
-0.098565
-0.0985778
-0.0985705
-0.0985594
-0.0985535
-0.0985409
-0.09854
-0.0985486
-0.0985529
-0.0985616
-0.098567
-0.0985665
-0.0985627
-0.0985596
-0.0985605
-0.0985618
-0.0985631
-0.0985646
-0.0985617
-0.0985487
-0.0985392
-0.0985343
-0.0985369
-0.0985453
-0.0985608
-0.0985679
-0.0985678
-0.0985523
-0.0985357
-0.0985265
-0.098508
-0.0984996
-0.0984876
-0.0984851
-0.0985013
-0.0985066
-0.0985066
-0.0985159
-0.0985186
-0.0985099
-0.0984953
-0.0984679
-0.0984588
-0.0984435
-0.0984384
-0.0984348
-0.0984386
-0.0984667
-0.0984696
-0.0984695
-0.0984607
-0.0984461
-0.0984374
-0.0983944
-0.0983863
-0.0983868
-0.0983933
-0.0983979
-0.0984083
-0.0984169
-0.0984116
-0.098397
-0.0983883
-0.0983605
-0.0983522
-0.098343
-0.0983492
-0.0983663
-0.0983766
-0.0983981
-0.0984254
-0.0984375
-0.0984294
-0.0984142
-0.0983956
-0.0983864
-0.0983698
-0.0983553
-0.0983664
-0.0983842
-0.0984045
-0.0984148
-0.0984426
-0.0984557
-0.098454
-0.0984511
-0.0984439
-0.0984366
-0.0984337
-0.0984319
-0.0984534
-0.0984628
-0.0984728
-0.0985038
-0.0985239
-0.0985419
-0.0985559
-0.0985782
-0.0985841
-0.0985896
-0.0985947
-0.0986043
-0.09862
-0.0986434
-0.0986514
-0.0986542
-0.0986576
-0.0986603
-0.0986662
-0.0986707
-0.0986914
-0.0986962
-0.0987053
-0.098714
-0.0987206
-0.0987265
-0.0987323
-0.0987411
-0.0987411
-0.0987452
-0.0987471
-0.0987508
-0.0987516
-0.0987486
-0.0987463
-0.0987463
-0.0987481
-0.0987533
-0.0987532
-0.0987484
-0.0987403
-0.0987282
-0.0987262
-0.0987267
-0.0987305
-0.0987336
-0.0987335
-0.0987277
-0.0986994
-0.0986994
-0.0986823
-0.0986661
-0.0986588
-0.0986449
-0.0986313
-0.0986064
-0.0986002
-0.0985872
-0.0985734
-0.0985602
-0.098547
-0.0985398
-0.0985107
-0.0984964
-0.098481
-0.0984669
-0.0984529
-0.0984444
-0.0984247
-0.0984169
-0.0984013
-0.0983856
-0.0983701
-0.0983547
-0.0983398
-0.0983188
-0.098312
-0.0983053
-0.0982928
-0.0982803
-0.098268
-0.0982561
-0.0982361
-0.0982316
-0.0982218
-0.0982123
-0.0982055
-0.0981996
-0.0981873
-0.0981873
-0.0981855
-0.0981869
-0.0981896
-0.098191
-0.0981802
-0.0981656
-0.09816
-0.0981607
-0.0981674
-0.0982039
-0.0982185
-0.0982239
-0.0982297
-0.0982303
-0.0982267
-0.0982229
-0.0982224
-0.0982347
-0.0982418
-0.0982597
-0.0982701
-0.098292
-0.0983242
-0.0983612
-0.0983791
-0.0983883
-0.0983971
-0.0984057
-0.0984233
-0.0984512
-0.0984794
-0.0984889
-0.0985087
-0.098529
-0.0985595
-0.0985595
-0.0985789
-0.0986195
-0.0986195
-0.0986495
-0.0986692
-0.0986896
-0.0987092
-0.0987273
-0.0987548
-0.0987642
-0.0987733
-0.0987905
-0.0988066
-0.0988322
-0.0988633
-0.0988703
-0.0988832
-0.0988968
-0.0989042
-0.0989125
-0.098933
-0.098936
-0.0989394
-0.09894
-0.0989406
-0.0989425
-0.0989547
-0.0989581
-0.0989619
-0.0989587
-0.0989492
-0.098937
-0.0989248
-0.0989127
-0.0989121
-0.0989159
-0.098923
-0.0989294
-0.0989326
-0.0989322
-0.0989099
-0.0988997
-0.0988755
-0.0988621
-0.0988214
-0.0988079
-0.0987684
-0.0987317
-0.0987198
-0.098708
-0.0986733
-0.09864
-0.0986289
-0.0985824
-0.0985705
-0.0985466
-0.0985236
-0.0985027
-0.0984742
-0.0984316
-0.0984079
-0.0983851
-0.0983745
-0.0983541
-0.0983338
-0.0982816
-0.0982816
-0.0982703
-0.0982471
-0.0982137
-0.0981914
-0.0981382
-0.0981287
-0.098105
-0.0980982
-0.0980913
-0.0980703
-0.0980424
-0.0980296
-0.0980205
-0.0980145
-0.0980078
-0.0980036
-0.0979846
-0.0979835
-0.0979825
-0.0979835
-0.0979848
-0.0979844
-0.0979827
-0.0979845
-0.0979873
-0.0979998
-0.0980046
-0.0980151
-0.0980256
-0.0980472
-0.0980532
-0.0980595
-0.0980817
-0.0980973
-0.0981138
-0.0981317
-0.0981816
-0.0981925
-0.0982244
-0.098234
-0.0982435
-0.098253
-0.0983311
-0.0983433
-0.0983561
-0.0983694
-0.0983972
-0.0984257
-0.0984545
-0.0984994
-0.0985151
-0.0985462
-0.0985766
-0.098607
-0.0986221
-0.0986523
-0.0987116
-0.0987266
-0.0987568
-0.0987862
-0.098815
-0.0988437
-0.0988863
-0.0989262
-0.0989492
-0.0989698
-0.0989893
-0.0989986
-0.099035
-0.0990535
-0.0990535
-0.0990787
-0.0990866
-0.0991013
-0.0991149
-0.0991358
-0.0991439
-0.0991473
-0.0991499
-0.099149
-0.0991435
-0.0991387
-0.0991382
-0.0991433
-0.0991468
-0.0991539
-0.0991577
-0.0991543
-0.0991493
-0.0991139
-0.0991022
-0.0990895
-0.0990502
-0.0990255
-0.0990008
-0.0989881
-0.0989375
-0.0989247
-0.0989117
-0.0988706
-0.0988566
-0.0988294
-0.098802
-0.0987434
-0.0987282
-0.098713
-0.0986666
-0.0986339
-0.0986004
-0.0985667
-0.0985322
-0.0984779
-0.0984595
-0.0984413
-0.0984055
-0.0983688
-0.0983323
-0.0982629
-0.0982455
-0.0982279
-0.0981931
-0.0981595
-0.0981271
-0.0980793
-0.0980333
-0.0980187
-0.0980043
-0.0979756
-0.0979352
-0.0979108
-0.0978885
-0.097858
-0.09784
-0.0978321
-0.0978181
-0.0978059
-0.0978007
-0.0977879
-0.0977825
-0.097783
-0.0977861
-0.0977899
-0.0977917
-0.0977921
-0.0977943
-0.0978118
-0.097824
-0.0978305
-0.0978451
-0.0978614
-0.0978699
-0.0979276
-0.0979384
-0.0979596
-0.0979794
-0.0979993
-0.0980222
-0.0980729
-0.0981007
-0.098115
-0.0981425
-0.0981681
-0.098209
-0.0982558
-0.0982885
-0.0983223
-0.0983551
-0.0983868
-0.0984188
-0.0984855
-0.0985037
-0.098522
-0.0985774
-0.0985961
-0.0986346
-0.0986744
-0.0987548
-0.0987749
-0.0987952
-0.0988364
-0.0988961
-0.0989154
-0.0989731
-0.0990289
-0.0990637
-0.0990805
-0.0991138
-0.0991296
-0.0991744
-0.0992284
-0.0992529
-0.0992733
-0.0992883
-0.0993007
-0.0993068
-0.099335
-0.0993439
-0.0993473
-0.0993489
-0.0993451
-0.0993419
-0.0993442
-0.0993455
-0.0993455
-0.0993469
-0.0993439
-0.0993259
-0.0993176
-0.0992804
-0.0992599
-0.0992491
-0.0992382
-0.0992152
-0.0991911
-0.0991657
-0.0991095
-0.0990951
-0.0990653
-0.0990329
-0.0989992
-0.098964
-0.0989279
-0.0988712
-0.0988519
-0.0988327
-0.0987938
-0.0987528
-0.0987098
-0.0986663
-0.0985544
-0.0985078
-0.0984621
-0.0984403
-0.0983791
-0.0983391
-0.0982578
-0.0982369
-0.0982161
-0.0981953
-0.0981537
-0.0980923
-0.09803
-0.097951
-0.097932
-0.0979135
-0.0978793
-0.0978482
-0.0978048
-0.0977622
-0.0977485
-0.0977221
-0.0976966
-0.0976716
-0.0976487
-0.0976385
-0.0976055
-0.0975995
-0.0975942
-0.0975841
-0.0975838
-0.0975862
-0.0975895
-0.0975979
-0.0976018
-0.0976061
-0.0976155
-0.097627
-0.0976491
-0.097665
-0.0976933
-0.0977043
-0.0977278
-0.0977518
-0.0977779
-0.0978059
-0.0978208
-0.0978842
-0.097901
-0.0979186
-0.0979737
-0.0980121
-0.0980516
-0.0980926
-0.0981793
-0.0982012
-0.0982236
-0.0982463
-0.0982926
-0.0983393
-0.0983864
-0.0984843
-0.0985343
-0.0985594
-0.0986102
-0.0986626
-0.0987149
-0.0987666
-0.0988441
-0.0988698
-0.0989205
-0.0989698
-0.0990182
-0.0990664
-0.0991139
-0.0991816
-0.0992242
-0.0992448
-0.0992648
-0.0993218
-0.0993572
-0.0993906
-0.0994496
-0.0994496
-0.0994626
-0.099487
-0.0995167
-0.0995315
-0.0995505
-0.0995503
-0.0995473
-0.0995443
-0.0995439
-0.0995442
-0.0995423
-0.0995241
-0.0995176
-0.0995028
-0.0994849
-0.0994645
-0.0994424
-0.0994192
-0.0993799
-0.0993662
-0.099352
-0.0993064
-0.0992735
-0.0992384
-0.0992201
-0.0991436
-0.0991228
-0.0990797
-0.0990579
-0.0990141
-0.0989444
-0.0989203
-0.0987725
-0.0987461
-0.098694
-0.0986446
-0.0985961
-0.0985471
-0.0984722
-0.0984219
-0.0983449
-0.0982957
-0.0982481
-0.0982013
-0.0981298
-0.0980814
-0.0980329
-0.0980088
-0.0979597
-0.0979107
-0.0978867
-0.0977929
-0.0977697
-0.0977241
-0.0976812
-0.0976395
-0.0976192
-0.0975619
-0.0975113
-0.0974816
-0.0974816
-0.0974543
-0.0974217
-0.0974052
-0.0973924
-0.0973831
-0.0973835
-0.0973856
-0.0973912
-0.0973978
-0.0974061
-0.0974112
-0.0974361
-0.0974439
-0.0974618
-0.0974822
-0.0975044
-0.0975291
-0.0975426
-0.0976004
-0.0976319
-0.0976487
-0.0976847
-0.0977231
-0.0977631
-0.0977835
-0.0978716
-0.0978949
-0.0979419
-0.0979909
-0.0980416
-0.0980933
-0.0981465
-0.0982563
-0.0982844
-0.0983127
-0.098341
-0.0983979
-0.0984856
-0.0985453
-0.0986969
-0.0987281
-0.0987594
-0.09882
-0.0989058
-0.0989608
-0.0990673
-0.0991188
-0.0991437
-0.0991911
-0.0992581
-0.0993017
-0.0993875
-0.0994082
-0.0994285
-0.0994688
-0.0994888
-0.0995286
-0.0995663
-0.0996338
-0.0996495
-0.0996781
-0.0997019
-0.0997217
-0.0997378
-0.0997475
-0.0997491
-0.0997471
-0.0997415
-0.0997346
-0.0997301
-0.0997127
-0.0996987
-0.0996728
-0.0996626
-0.0996406
-0.0996167
-0.099604
-0.099561
-0.0995292
-0.0994778
-0.0994596
-0.0994218
-0.0993817
-0.0993399
-0.0992955
-0.0992481
-0.0991482
-0.0991223
-0.0990956
-0.0990682
-0.0990121
-0.098927
-0.0987769
-0.0987462
-0.0987157
-0.0986563
-0.0985982
-0.0985402
-0.0983938
-0.0983637
-0.0983028
-0.0982439
-0.0981587
-0.0981022
-0.0979892
-0.0979328
-0.0978788
-0.0978279
-0.0977787
-0.0977302
-0.0977059
-0.0976081
-0.0975845
-0.0975611
-0.0975144
-0.0974456
-0.0974029
-0.0973626
-0.0973061
-0.0972733
-0.0972733
-0.0972326
-0.0972114
-0.0971959
-0.0971868
-0.0971874
-0.0971904
-0.0971904
-0.0971977
-0.0972064
-0.0972162
-0.097228
-0.09727
-0.0972803
-0.0973034
-0.0973161
-0.0973296
-0.0973741
-0.0974406
-0.0974593
-0.0974996
-0.0975412
-0.0975819
-0.0976237
-0.0977371
-0.0977613
-0.097836
-0.0978607
-0.0979337
-0.0979588
-0.098095
-0.098153
-0.0982113
-0.0982694
-0.0983274
-0.0983857
-0.0984749
-0.0985055
-0.0985367
-0.0986314
-0.0986954
-0.0987609
-0.0988271
-0.0989271
-0.0989951
-0.0990296
-0.0990641
-0.0991321
-0.099232
-0.0992983
-0.0994259
-0.0994858
-0.0995428
-0.0995945
-0.0996413
-0.0996848
-0.0997842
-0.0998019
-0.0998188
-0.0998491
-0.0998749
-0.0999059
-0.099931
-0.0999429
-0.0999466
-0.0999486
-0.0999491
-0.0999435
-0.0999366
-0.099914
-0.0999068
-0.0998912
-0.0998731
-0.0998519
-0.0998282
-0.0998027
-0.0997596
-0.0997437
-0.099727
-0.0996724
-0.0996531
-0.0996121
-0.0995681
-0.0994712
-0.0994454
-0.0993915
-0.099335
-0.0992768
-0.0992161
-0.0991523
-0.0990522
-0.0990181
-0.0989492
-0.0989142
-0.0988077
-0.0987363
-0.0986275
-0.0984788
-0.0984788
-0.0984038
-0.0983276
-0.098289
-0.0982502
-0.0981726
-0.0980198
-0.0979818
-0.097944
-0.0978327
-0.0977597
-0.0976871
-0.0976168
-0.0975168
-0.0974529
-0.0974217
-0.0973612
-0.0973323
-0.097252
-0.0971373
-0.097118
-0.0970843
-0.0970563
-0.0970327
-0.0970129
-0.0970042
-0.0969843
-0.0969845
-0.09699
-0.0969987
-0.097007
-0.0970155
-0.0970277
-0.0970612
-0.0970716
-0.0970826
-0.0970945
-0.0971349
-0.0971653
-0.0971816
-0.0972563
-0.0972766
-0.0972975
-0.0973653
-0.0974143
-0.0974658
-0.0975192
-0.0976339
-0.0976643
-0.0976952
-0.0977584
-0.097824
-0.097858
-0.0979639
-0.0980743
-0.0981122
-0.0981891
-0.0982668
-0.0983447
-0.0983839
-0.0985036
-0.0986252
-0.0987067
-0.0987479
-0.0987894
-0.0988732
-0.0989968
-0.0989968
-0.0992392
-0.0992787
-0.0993177
-0.099394
-0.0994685
-0.0995404
-0.0996094
-0.0997084
-0.0997404
-0.0997717
-0.0998584
-0.0998851
-0.09996
-0.100005
-0.100061
-0.100093
-0.100107
-0.10013
-0.100138
-0.100146
-0.100146
-0.100137
-0.100128
-0.100121
-0.100107
-0.100091
-0.100071
-0.100047
-0.100006
-0.099991
-0.0999583
-0.0999224
-0.0998838
-0.0998419
-0.0997961
-0.0997229
-0.0996703
-0.0996703
-0.0995856
-0.0995856
-0.0994644
-0.0994004
-0.0992638
-0.0992283
-0.0991924
-0.0991559
-0.0990805
-0.0989623
-0.0988813
-0.0987577
-0.0987158
-0.0986315
-0.0985471
-0.0984618
-0.098375
-0.0983313
-0.0981558
-0.098112
-0.0980244
-0.0979377
-0.0978524
-0.0977679
-0.0977257
-0.097602
-0.0975233
-0.097447
-0.0974095
-0.0972657
-0.0972316
-0.0971984
-0.0970742
-0.0970458
-0.0969926
-0.096945
-0.0969231
-0.0968834
-0.0968354
-0.0968004
-0.0967863
-0.0967832
-0.0967846
-0.0967925
-0.0968032
-0.0968094
-0.0968418
-0.0968615
-0.096872
-0.096895
-0.0969079
-0.096953
-0.0969867
-0.0970653
-0.0970876
-0.0971103
-0.0971337
-0.097183
-0.0972354
-0.09732
-0.0974423
-0.0974746
-0.0975077
-0.0975414
-0.0976453
-0.0977175
-0.0977928
-0.0979101
-0.0979907
-0.0979907
-0.0981172
-0.0982045
-0.0982923
-0.0984257
-0.0985163
-0.0985617
-0.0986072
-0.0987446
-0.0987911
-0.0989312
-0.0989773
-0.0992049
-0.0992501
-0.0992949
-0.0993833
-0.0994694
-0.0995537
-0.0995949
-0.0997526
-0.099828
-0.099865
-0.0999361
-0.100003
-0.100034
-0.100094
-0.100197
-0.100239
-0.100258
-0.100292
-0.10033
-0.10033
-0.100343
-0.100338
-0.100327
-0.100316
-0.100312
-0.100304
-0.100294
-0.100258
-0.100246
-0.100219
-0.100187
-0.100151
-0.100132
-0.0999941
-0.0999402
-0.0999127
-0.0998577
-0.0998301
-0.0997455
-0.0996872
-0.0995619
-0.0995281
-0.099494
-0.0994591
-0.0993869
-0.0992727
-0.0991933
-0.0990285
-0.0990285
-0.0989417
-0.0988974
-0.0987615
-0.0986682
-0.0985733
-0.0984296
-0.0983816
-0.0982848
-0.0981866
-0.0980884
-0.0979917
-0.0978957
-0.0977523
-0.097705
-0.0976581
-0.097566
-0.0974315
-0.0973448
-0.0972611
-0.0971014
-0.0971014
-0.0970636
-0.0969915
-0.0968916
-0.0968296
-0.0967732
-0.0967005
-0.0966796
-0.096643
-0.0966151
-0.0965955
-0.0965856
-0.0965847
-0.0966009
-0.0966145
-0.0966277
-0.0966341
-0.0966582
-0.0966794
-0.096749
-0.0967663
-0.0967845
-0.0968213
-0.0968778
-0.0969187
-0.0970105
-0.0970105
-0.0970357
-0.0970898
-0.0971791
-0.0972431
-0.0973112
-0.0974202
-0.0974576
-0.0974955
-0.0975731
-0.0976969
-0.0977829
-0.0978706
-0.0980071
-0.0980541
-0.0981017
-0.0981984
-0.0983456
-0.0984455
-0.0985461
-0.0986977
-0.0987487
-0.0988518
-0.0989035
-0.0990059
-0.0991575
-0.0992581
-0.0994562
-0.0995044
-0.0995521
-0.0996462
-0.0997379
-0.0998264
-0.0999126
-0.100075
-0.100113
-0.100113
-0.10022
-0.100254
-0.100316
-0.100463
-0.100481
-0.10051
-0.10052
-0.100535
-0.100548
-0.10055
-0.100534
-0.100528
-0.100521
-0.100504
-0.100482
-0.100457
-0.100429
-0.100397
-0.10034
-0.100319
-0.100297
-0.100253
-0.100203
-0.10015
-0.100033
-0.100002
-0.0999354
-0.0998659
-0.0997945
-0.0997199
-0.0996413
-0.0995191
-0.0994775
-0.0993914
-0.0993014
-0.0992554
-0.0991146
-0.0990666
-0.0988159
-0.0987134
-0.0986111
-0.0985102
-0.0984601
-0.098312
-0.0981137
-0.0980141
-0.0979181
-0.0978255
-0.0977344
-0.0976444
-0.0976
-0.0974243
-0.0973805
-0.0972938
-0.0972085
-0.0971242
-0.0970416
-0.0968097
-0.0967732
-0.0967042
-0.0966437
-0.0965723
-0.0965329
-0.0964649
-0.0964504
-0.0964504
-0.0964242
-0.0963949
-0.0963866
-0.0963871
-0.0963984
-0.0964043
-0.096419
-0.0964369
-0.0964583
-0.0964838
-0.096514
-0.0965651
-0.0966032
-0.0966458
-0.0966689
-0.0967179
-0.0967704
-0.0967982
-0.0969207
-0.0969538
-0.0970219
-0.0970933
-0.0971694
-0.0972487
-0.0973299
-0.0974582
-0.0975028
-0.0975936
-0.0976863
-0.0977814
-0.0978796
-0.0979803
-0.0981349
-0.0981877
-0.0982956
-0.0984044
-0.0985135
-0.0986234
-0.0989029
-0.0989591
-0.0990713
-0.0991809
-0.0992873
-0.0993906
-0.0995905
-0.0996871
-0.0997798
-0.0998683
-0.0999534
-0.100035
-0.100114
-0.100228
-0.100301
-0.100336
-0.10037
-0.100465
-0.100524
-0.100552
-0.100668
-0.100703
-0.100729
-0.100741
-0.100744
-0.100743
-0.100718
-0.100711
-0.100696
-0.100679
-0.10066
-0.100637
-0.10058
-0.100563
-0.100506
-0.100466
-0.100424
-0.100352
-0.100244
-0.100214
-0.100152
-0.100089
-0.100024
-0.0999906
-0.0999216
-0.0997712
-0.0997314
-0.0996486
-0.099561
-0.0994702
-0.0993767
-0.0993287
-0.0991292
-0.099026
-0.0989207
-0.0988126
-0.0987574
-0.0987016
-0.0985885
-0.0983588
-0.0983005
-0.0981834
-0.0980662
-0.097949
-0.0978319
-0.0977157
-0.0975439
-0.0974308
-0.097375
-0.0973198
-0.0972117
-0.0971064
-0.0969531
-0.0968088
-0.0967183
-0.0966747
-0.0965912
-0.0965135
-0.0964772
-0.0962978
-0.0962745
-0.0962361
-0.0962106
-0.0961974
-0.096194
-0.0962094
-0.0962094
-0.0962186
-0.0962278
-0.0962391
-0.0962644
-0.0963182
-0.0963525
-0.0963893
-0.0964273
-0.0964681
-0.0964898
-0.0966116
-0.096668
-0.0967275
-0.0967876
-0.09685
-0.0969162
-0.0970604
-0.0970988
-0.0971789
-0.0973028
-0.0973448
-0.0974304
-0.0976102
-0.0977038
-0.0977518
-0.0978007
-0.0979517
-0.0979517
-0.0981614
-0.0982697
-0.098381
-0.0984947
-0.0986104
-0.0987282
-0.0988477
-0.098968
-0.0990886
-0.0991489
-0.0993294
-0.0994489
-0.099567
-0.099684
-0.0997994
-0.0999677
-0.100022
-0.100129
-0.100181
-0.100331
-0.100423
-0.100468
-0.100631
-0.100667
-0.100735
-0.100794
-0.100846
-0.100888
-0.10092
-0.100944
-0.100946
-0.100945
-0.100938
-0.100925
-0.100907
-0.100885
-0.100828
-0.100811
-0.100775
-0.100756
-0.10069
-0.100641
-0.100588
-0.10047
-0.100437
-0.100369
-0.100299
-0.100189
-0.100113
-0.0999517
-0.0999085
-0.0998641
-0.0997725
-0.0997254
-0.0996285
-0.0995284
-0.0993176
-0.0992637
-0.0992091
-0.0990977
-0.0989834
-0.0988671
-0.0986885
-0.0985657
-0.098378
-0.0983152
-0.0982523
-0.0981253
-0.0979336
-0.0978073
-0.0976192
-0.0974943
-0.0974324
-0.0973111
-0.0971922
-0.0970752
-0.0969606
-0.0967961
-0.0967433
-0.0966404
-0.096543
-0.096452
-0.0963667
-0.0963261
-0.096123
-0.0960724
-0.0960724
-0.0960328
-0.0959992
-0.09599
-0.0959912
-0.0959947
-0.0959994
-0.0960122
-0.0960286
-0.0960619
-0.0960905
-0.0961408
-0.0961595
-0.0962012
-0.0962478
-0.0962987
-0.0963543
-0.0963836
-0.0965127
-0.0965475
-0.0965832
-0.0966573
-0.0967367
-0.0968215
-0.0970499
-0.0971489
-0.097251
-0.0973535
-0.097457
-0.0975634
-0.097783
-0.0978392
-0.0980097
-0.0980663
-0.0981788
-0.0982914
-0.0986359
-0.0986937
-0.0988091
-0.0989231
-0.099036
-0.0991484
-0.0994321
-0.0994891
-0.0995458
-0.0996574
-0.0997657
-0.0999238
-0.100126
-0.100176
-0.100225
-0.100274
-0.100415
-0.100506
-0.100551
-0.100723
-0.100802
-0.100876
-0.100911
-0.100975
-0.101004
-0.101055
-0.101125
-0.101135
-0.101144
-0.101144
-0.101136
-0.101122
-0.101102
-0.101046
-0.101046
-0.10103
-0.100993
-0.100928
-0.100881
-0.100827
-0.100739
-0.100707
-0.10064
-0.100569
-0.100492
-0.100412
-0.100371
-0.100195
-0.100148
-0.100052
-0.0999518
-0.0998477
-0.0997388
-0.0996259
-0.0993889
-0.0993271
-0.0992645
-0.0992013
-0.0990735
-0.0988777
-0.0987437
-0.098541
-0.0984733
-0.0983373
-0.0981997
-0.0980614
-0.0979924
-0.0978552
-0.0975819
-0.0975142
-0.0973799
-0.0972479
-0.0971178
-0.0970536
-0.0969276
-0.096688
-0.0966303
-0.0965184
-0.0964126
-0.0963126
-0.0962177
-0.0961293
-0.0959778
-0.0959454
-0.0959454
-0.0958643
-0.0958267
-0.0958137
-0.095798
-0.0957973
-0.0958023
-0.095817
-0.0958367
-0.0958774
-0.0958939
-0.0959298
-0.0959913
-0.0960144
-0.0960643
-0.0961185
-0.0961773
-0.0962407
-0.0962747
-0.0964624
-0.0965033
-0.0965453
-0.0967195
-0.0968089
-0.0969008
-0.0971476
-0.0971997
-0.0973061
-0.0974141
-0.0974685
-0.0975783
-0.0979223
-0.0979817
-0.0980998
-0.098217
-0.0983349
-0.0984536
-0.098633
-0.098694
-0.0987559
-0.0989437
-0.0990705
-0.0991984
-0.0993278
-0.0995231
-0.0995883
-0.0997186
-0.0997837
-0.0999779
-0.100104
-0.100228
-0.100469
-0.100469
-0.100526
-0.100638
-0.100797
-0.100895
-0.100985
-0.101142
-0.101176
-0.101176
-0.101235
-0.101282
-0.101326
-0.101338
-0.101333
-0.101327
-0.101319
-0.101298
-0.101271
-0.101256
-0.101138
-0.10109
-0.101064
-0.101039
-0.100986
-0.1009
-0.10087
-0.100738
-0.100701
-0.100624
-0.100583
-0.100455
-0.100364
-0.100266
-0.100113
-0.100006
-0.0999509
-0.0998371
-0.0997192
-0.0995979
-0.0992758
-0.0992091
-0.0990763
-0.0989435
-0.0988765
-0.0986741
-0.0984028
-0.0982653
-0.0981279
-0.0979935
-0.0979273
-0.0977954
-0.0975336
-0.0973405
-0.0972144
-0.0970925
-0.0969744
-0.0968588
-0.096689
-0.0966337
-0.0965255
-0.0964197
-0.0962649
-0.0962151
-0.0961192
-0.0959835
-0.0959408
-0.0958606
-0.0957886
-0.0957254
-0.0956717
-0.095631
-0.0955944
-0.0955921
-0.095592
-0.0955985
-0.0956048
-0.0956343
-0.0956468
-0.0957111
-0.0957525
-0.095775
-0.0958228
-0.095876
-0.0959342
-0.095998
-0.0961027
-0.09614
-0.0962191
-0.0962604
-0.0963464
-0.0964369
-0.0965319
-0.0967347
-0.0967876
-0.0968967
-0.0970105
-0.0971283
-0.0972497
-0.0973751
-0.0976395
-0.0977079
-0.0977772
-0.0979182
-0.0979899
-0.0982089
-0.0983572
-0.0986601
-0.0987366
-0.0988132
-0.0988898
-0.0990432
-0.0991964
-0.0994252
-0.099651
-0.0998001
-0.0999472
-0.10002
-0.100091
-0.100232
-0.100438
-0.100633
-0.100755
-0.100814
-0.100929
-0.101037
-0.101137
-0.101183
-0.101348
-0.101383
-0.101443
-0.10149
-0.101521
-0.101535
-0.101521
-0.101505
-0.101495
-0.101473
-0.101447
-0.101417
-0.101382
-0.101317
-0.101293
-0.10124
-0.101182
-0.101117
-0.101083
-0.10101
-0.10085
-0.100806
-0.100762
-0.100669
-0.100522
-0.100418
-0.100308
-0.100137
-0.100078
-0.100017
-0.0998298
-0.0998298
-0.0995667
-0.0992152
-0.0991434
-0.0990717
-0.0988559
-0.098711
-0.0985659
-0.0981986
-0.0981245
-0.0979771
-0.097832
-0.0977601
-0.097618
-0.09727
-0.0972014
-0.0969999
-0.096935
-0.0967466
-0.0966246
-0.0964467
-0.0963331
-0.0962219
-0.0961151
-0.0960158
-0.0959229
-0.0957529
-0.095714
-0.095641
-0.0955745
-0.095515
-0.0954651
-0.0954012
-0.095388
-0.0953849
-0.0953911
-0.0954041
-0.0954222
-0.0954459
-0.095509
-0.095509
-0.095528
-0.0955694
-0.0956161
-0.0956974
-0.0957581
-0.0958974
-0.095936
-0.095936
-0.0960163
-0.096101
-0.0961911
-0.0962866
-0.0964926
-0.0965469
-0.0966024
-0.0967753
-0.096895
-0.0969563
-0.0970824
-0.0973475
-0.0974855
-0.0975561
-0.097701
-0.09785
-0.0979256
-0.0980784
-0.0984724
-0.0985523
-0.0987919
-0.0990281
-0.0991057
-0.0992598
-0.0995662
-0.0997182
-0.099793
-0.0999384
-0.100079
-0.100479
-0.100542
-0.100723
-0.10078
-0.100889
-0.100994
-0.101145
-0.101193
-0.101368
-0.101444
-0.101513
-0.101574
-0.101673
-0.101693
-0.101733
-0.101743
-0.101744
-0.101738
-0.101708
-0.101685
-0.101659
-0.10163
-0.101597
-0.10156
-0.10147
-0.101444
-0.101416
-0.101357
-0.101326
-0.101221
-0.101184
-0.101019
-0.100975
-0.100928
-0.100831
-0.100729
-0.100621
-0.100448
-0.100265
-0.100202
-0.100074
-0.100008
-0.099872
-0.0996618
-0.0992906
-0.0991376
-0.0990615
-0.0989855
-0.0987551
-0.0986778
-0.098523
-0.0982113
-0.0981326
-0.0979746
-0.0978163
-0.0976581
-0.0975001
-0.0973429
-0.0971097
-0.0970325
-0.0968794
-0.0968037
-0.0965812
-0.0964369
-0.0961596
-0.0960293
