-0.0998477
-0.0998471
-0.0998457
-0.0998415
-0.0998415
-0.0998382
-0.0998395
-0.099847
-0.0998645
-0.0998701
-0.0998775
-0.0998777
-0.0998748
-0.0998704
-0.0998649
-0.0998464
-0.0998353
-0.0998354
-0.0998408
-0.0998505
-0.099856
-0.0998613
-0.0998696
-0.0998717
-0.0998703
-0.0998688
-0.0998691
-0.09987
-0.0998722
-0.0998717
-0.0998701
-0.0998545
-0.0998502
-0.0998441
-0.0998439
-0.0998466
-0.099851
-0.0998565
-0.0998627
-0.099875
-0.0998883
-0.0998871
-0.099884
-0.0998796
-0.0998689
-0.0998636
-0.0998589
-0.0998554
-0.0998531
-0.0998642
-0.0998705
-0.0998774
-0.0998905
-0.0998958
-0.0998997
-0.0999016
-0.0999014
-0.0998751
-0.0998707
-0.0998707
-0.0998664
-0.0998673
-0.0998701
-0.0998744
-0.0998858
-0.0998858
-0.0999108
-0.0999116
-0.0999106
-0.0999045
-0.0999002
-0.0998913
-0.0998874
-0.0998846
-0.0998847
-0.0998847
-0.0998859
-0.0998854
-0.0998844
-0.0998824
-0.0998822
-0.0998849
-0.0998958
-0.0998967
-0.0998952
-0.0998925
-0.0998887
-0.0998795
-0.0998751
-0.0998715
-0.0998715
-0.0998771
-0.0998798
-0.0998832
-0.0998832
-0.0998821
-0.0998801
-0.0998724
-0.0998696
-0.0998708
-0.0998725
-0.0998744
-0.099876
-0.0998767
-0.0998679
-0.099848
-0.099848
-0.0998404
-0.0998404
-0.0998381
-0.0998424
-0.0998424
-0.0998506
-0.0998551
-0.0998679
-0.0998657
-0.0998622
-0.0998527
-0.0998425
-0.0998425
-0.0998379
-0.099831
-0.0998194
-0.0998194
-0.0998171
-0.0998149
-0.0998153
-0.0998177
-0.0998189
-0.0998186
-0.0998031
-0.0998031
-0.0997928
-0.0997847
-0.0997826
-0.0997823
-0.0997835
-0.0997897
-0.0998067
-0.0998093
-0.0998104
-0.0998076
-0.0998042
-0.0997947
-0.0997885
-0.0997748
-0.0997584
-0.0997554
-0.0997567
-0.0997629
-0.099767
-0.0997749
-0.0997777
-0.0997592
-0.0997592
-0.0997459
-0.0997399
-0.0997348
-0.0997291
-0.0997291
-0.0997308
-0.0997475
-0.0997494
-0.0997501
-0.0997492
-0.0997466
-0.0997372
-0.0997313
-0.0997251
-0.0997135
-0.0997033
-0.0997043
-0.0997062
-0.0997086
-0.0997114
-0.0997141
-0.0997178
-0.0997169
-0.0997064
-0.0997035
-0.0997038
-0.0997054
-0.0997082
-0.0997116
-0.0997154
-0.099722
-0.0997193
-0.0997165
-0.0997139
-0.0997111
-0.0997114
-0.0997114
-0.099713
-0.0997192
-0.0997229
-0.0997324
-0.0997324
-0.0997242
-0.0997189
-0.0997131
-0.0997013
-0.0996958
-0.0996911
-0.0996872
-0.0996964
-0.0997029
-0.0997101
-0.0997177
-0.0997331
-0.0997401
-0.0997508
-0.099753
-0.0997512
-0.0997512
-0.0997461
-0.0997459
-0.0997468
-0.0997489
-0.0997553
-0.0997672
-0.0997678
-0.099767
-0.0997661
-0.0997652
-0.0997658
-0.0997676
-0.0997706
-0.0997945
-0.0997996
-0.099804
-0.0998095
-0.09981
-0.099806
-0.0998023
-0.099798
-0.0997828
-0.0997817
-0.099784
-0.0997947
-0.0998023
-0.0998109
-0.0998298
-0.0998298
-0.0998716
-0.0998759
-0.0998782
-0.0998743
-0.0998708
-0.0998666
-0.0998666
-0.0998578
-0.0998563
-0.0998624
-0.0998702
-0.0998895
-0.0999001
-0.0999109
-0.0999212
-0.0999306
-0.0999385
-0.0999486
-0.0999462
-0.0999387
-0.0999342
-0.09993
-0.0999263
-0.099922
-0.0999223
-0.0999515
-0.0999608
-0.0999705
-0.0999802
-0.0999985
-0.100006
-0.100012
-0.100019
-0.100019
-0.100007
-0.0999984
-0.0999948
-0.0999924
-0.0999917
-0.099996
-0.100001
-0.100007
-0.100007
-0.10005
-0.100057
-0.100064
-0.100068
-0.10007
-0.100066
-0.100056
-0.10005
-0.100024
-0.10002
-0.100019
-0.100023
-0.100029
-0.100036
-0.100053
-0.100063
-0.100096
-0.1001
-0.100102
-0.100099
-0.100089
-0.100082
-0.100075
-0.100062
-0.100052
-0.100055
-0.10006
-0.100074
-0.100082
-0.100099
-0.100107
-0.100114
-0.100123
-0.100118
-0.100111
-0.100102
-0.100093
-0.100072
-0.100072
-0.10005
-0.100014
-0.100013
-0.100015
-0.100026
-0.100034
-0.100042
-0.100052
-0.100069
-0.100089
-0.100086
-0.10008
-0.100072
-0.100063
-0.100053
-0.100042
-0.10001
-0.0999799
-0.0999771
-0.0999786
-0.0999786
-0.0999873
-0.0999935
-0.0999935
-0.100008
-0.100008
-0.100044
-0.100041
-0.100041
-0.10003
-0.100022
-0.100001
-0.0999891
-0.0999336
-0.0999251
-0.0999138
-0.0999116
-0.0999116
-0.0999134
-0.0999163
-0.09992
-0.0999326
-0.0999317
-0.0999239
-0.0999171
-0.0999087
-0.0998993
-0.0998891
-0.0998683
-0.099826
-0.0998208
-0.0998173
-0.0998156
-0.0998152
-0.0998169
-0.0998182
-0.0998195
-0.0998187
-0.0998121
-0.0997986
-0.09979
-0.0997808
-0.0997714
-0.0997533
-0.099745
-0.0997303
-0.0997034
-0.0997008
-0.0996996
-0.0996995
-0.0996999
-0.0997
-0.0997
-0.0996991
-0.0996737
-0.0996652
-0.0996564
-0.0996394
-0.0996318
-0.0996251
-0.0996198
-0.0996149
-0.0996263
-0.0996316
-0.099642
-0.0996497
-0.0996514
-0.0996483
-0.0996364
-0.0995991
-0.0995817
-0.0995687
-0.099564
-0.0995581
-0.0995581
-0.0995579
-0.0995612
-0.0995594
-0.0995563
-0.099552
-0.0995471
-0.0995368
-0.0995322
-0.0995286
-0.0995273
-0.0995296
-0.0995299
-0.0995291
-0.0995241
-0.09952
-0.0995151
-0.0995045
-0.099494
-0.099496
-0.0995048
-0.0995105
-0.0995225
-0.0995278
-0.0995352
-0.0995254
-0.0995209
-0.0995168
-0.0995132
-0.0995106
-0.0995093
-0.0995114
-0.0995149
-0.0995246
-0.0995403
-0.099547
-0.0995482
-0.0995478
-0.099546
-0.0995433
-0.0995399
-0.0995361
-0.0995286
-0.0995252
-0.0995252
-0.0995346
-0.0995418
-0.0995502
-0.0995697
-0.09958
-0.0995902
-0.0995997
-0.0996208
-0.0996188
-0.0996188
-0.0996108
-0.0996108
-0.0996003
-0.0995952
-0.0995909
-0.0995869
-0.0996057
-0.0996148
-0.0996358
-0.0996474
-0.0996712
-0.0996823
-0.0996823
-0.0996926
-0.0997106
-0.0997405
-0.0997473
-0.0997535
-0.0997624
-0.099765
-0.099767
-0.0997699
-0.0997699
-0.0997714
-0.0997866
-0.0997939
-0.0998122
-0.0998223
-0.0998223
-0.0998426
-0.0998611
-0.0998696
-0.0998774
-0.0999076
-0.0999124
-0.0999166
-0.0999205
-0.0999292
-0.0999405
-0.0999467
-0.0999467
-0.0999836
-0.0999836
-0.0999986
-0.1
-0.1
-0.100002
-0.100008
-0.100013
-0.100051
-0.100059
-0.100059
-0.100066
-0.100079
-0.10008
-0.100081
-0.100081
-0.100082
-0.100094
-0.100101
-0.100117
-0.100126
-0.100142
-0.100157
-0.100164
-0.100185
-0.100186
-0.100187
-0.100187
-0.100186
-0.100183
-0.100183
-0.100182
-0.100194
-0.100215
-0.100215
-0.10023
-0.100237
-0.100248
-0.100251
-0.10025
-0.100245
-0.100244
-0.100244
-0.100245
-0.100248
-0.100256
-0.100262
-0.100274
-0.10028
-0.10029
-0.10029
-0.100288
-0.100276
-0.100276
-0.100266
-0.100263
-0.100261
-0.100283
-0.100289
-0.100299
-0.100302
-0.100302
-0.100303
-0.100301
-0.100298
-0.100284
-0.100248
-0.100239
-0.100232
-0.100226
-0.100222
-0.100221
-0.100228
-0.100234
-0.100258
-0.100262
-0.100265
-0.100265
-0.100261
-0.100255
-0.100248
-0.10023
-0.100181
-0.100172
-0.100165
-0.10016
-0.100156
-0.100155
-0.100157
-0.100164
-0.100168
-0.10018
-0.10018
-0.100181
-0.100179
-0.100169
-0.10016
-0.10015
-0.100123
-0.100108
-0.100061
-0.100021
-0.100012
-0.100005
-0.1
-0.0999973
-0.0999949
-0.0999946
-0.0999871
-0.0999743
-0.0999654
-0.0999554
-0.0999447
-0.0999227
-0.0999116
-0.0998902
-0.0998544
-0.0998341
-0.0998281
-0.0998271
-0.0998271
-0.0998274
-0.0998268
-0.0998124
-0.0998053
-0.0997971
-0.0997878
-0.0997775
-0.0997667
-0.0997555
-0.0997209
-0.0996787
-0.0996705
-0.0996636
-0.0996544
-0.0996511
-0.0996481
-0.099645
-0.0996414
-0.0996308
-0.0995944
-0.0995843
-0.0995749
-0.0995664
-0.0995511
-0.0995438
-0.0995364
-0.0995209
-0.0994903
-0.0994766
-0.0994713
-0.0994676
-0.0994653
-0.0994642
-0.0994637
-0.0994634
-0.099461
-0.0994407
-0.0994333
-0.0994258
-0.099411
-0.0994039
-0.099391
-0.099391
-0.0993812
-0.099363
-0.0993593
-0.0993593
-0.0993549
-0.0993551
-0.0993555
-0.0993556
-0.0993541
-0.0993517
-0.0993333
-0.0993283
-0.0993237
-0.0993201
-0.0993179
-0.0993176
-0.0993188
-0.0993201
-0.0993212
-0.0993144
-0.0993119
-0.09931
-0.0993094
-0.0993113
-0.0993113
-0.0993146
-0.0993233
-0.0993335
-0.0993286
-0.0993261
-0.0993241
-0.0993231
-0.0993235
-0.0993287
-0.0993331
-0.0993621
-0.0993711
-0.099371
-0.0993693
-0.0993665
-0.0993631
-0.0993593
-0.0993527
-0.0993501
-0.0993568
-0.0993627
-0.0993786
-0.0993975
-0.0994071
-0.0994164
-0.099425
-0.0994592
-0.0994677
-0.0994756
-0.0994824
-0.0994884
-0.0994991
-0.0995107
-0.0995172
-0.0995543
-0.0995619
-0.0995689
-0.0995752
-0.0995808
-0.0995861
-0.0996027
-0.0996097
-0.0996414
-0.0996495
-0.0996571
-0.099664
-0.0996702
-0.0996813
-0.0996869
-0.0996997
-0.0997076
-0.0997492
-0.0997603
-0.0997603
-0.0997805
-0.0997892
-0.0997972
-0.0998049
-0.0998218
-0.0998313
-0.0998985
-0.0999096
-0.0999096
-0.0999196
-0.0999349
-0.0999396
-0.0999447
-0.0999461
-0.0999509
-0.099954
-0.0999585
-0.0999729
-0.0999828
-0.100006
-0.100019
-0.100046
-0.100096
-0.100107
-0.100126
-0.100134
-0.100134
-0.100148
-0.100162
-0.100162
-0.10017
-0.100207
-0.100226
-0.100236
-0.100245
-0.100261
-0.100269
-0.100285
-0.100293
-0.100325
-0.100332
-0.100338
-0.100346
-0.100348
-0.100351
-0.100351
-0.100353
-0.100357
-0.100382
-0.10039
-0.100398
-0.100411
-0.100416
-0.10042
-0.100424
-0.100428
-0.100432
-0.100459
-0.100461
-0.100461
-0.100459
-0.100456
-0.100454
-0.100453
-0.100469
-0.100475
-0.10048
-0.100487
-0.100488
-0.100488
-0.100487
-0.100483
-0.10048
-0.100478
-0.100477
-0.100475
-0.100476
-0.100477
-0.100479
-0.100483
-0.100483
-0.100481
-0.100478
-0.100468
-0.100462
-0.10045
-0.10044
-0.100436
-0.100424
-0.100419
-0.100414
-0.100409
-0.100405
-0.100392
-0.100376
-0.100358
-0.100356
-0.100354
-0.100354
-0.100353
-0.100351
-0.10035
-0.100347
-0.100336
-0.10031
-0.100289
-0.100278
-0.100267
-0.100245
-0.100245
-0.100227
-0.10021
-0.100165
-0.100158
-0.100147
-0.100144
-0.100142
-0.100142
-0.100137
-0.100134
-0.10013
-0.100099
-0.100074
-0.100062
-0.100049
-0.100026
-0.100014
-0.100001
-0.0999888
-0.0999761
-0.0999242
-0.0998989
-0.0998775
-0.0998679
-0.0998501
-0.0998416
-0.0998329
-0.0997948
-0.0997748
-0.0997657
-0.0997498
-0.0997427
-0.0997286
-0.0997125
-0.0996722
-0.0996611
-0.0996502
-0.0996307
-0.0996219
-0.0996044
-0.099595
-0.099585
-0.0995417
-0.0995225
-0.0995149
-0.099509
-0.0995046
-0.0994984
-0.0994922
-0.0994878
-0.0994551
-0.0994332
-0.0994332
-0.0994108
-0.0993992
-0.0993875
-0.0993762
-0.0993548
-0.0993446
-0.0993065
-0.0992993
-0.0992937
-0.0992892
-0.0992855
-0.0992819
-0.0992735
-0.099268
-0.0992273
-0.0992181
-0.0992018
-0.0991955
-0.0991908
-0.099188
-0.0991868
-0.0991867
-0.0991863
-0.0991809
-0.0991763
-0.0991704
-0.0991557
-0.0991557
-0.0991477
-0.0991323
-0.099112
-0.0991134
-0.0991166
-0.0991212
-0.0991327
-0.0991389
-0.0991448
-0.0991541
-0.0991449
-0.0991371
-0.0991283
-0.0991283
-0.0991006
-0.0990924
-0.0990855
-0.0990802
-0.0990926
-0.0991021
-0.0991243
-0.0991361
-0.0991477
-0.0991777
-0.0991847
-0.0991895
-0.0991894
-0.0991869
-0.0991841
-0.0991794
-0.0991776
-0.0991788
-0.0991819
-0.0991872
-0.0992232
-0.0992451
-0.099256
-0.0992663
-0.0992757
-0.0992906
-0.0992965
-0.0993019
-0.099334
-0.0993421
-0.0993501
-0.0993659
-0.0993743
-0.0993918
-0.0994007
-0.09941
-0.0994198
-0.0994616
-0.0994728
-0.0994839
-0.0995043
-0.0995138
-0.0995234
-0.099544
-0.099555
-0.0996097
-0.09962
-0.09962
-0.0996383
-0.0996469
-0.0996554
-0.0996728
-0.0996823
-0.0997382
-0.0997638
-0.0997759
-0.0997759
-0.0997873
-0.0998085
-0.099819
-0.0998411
-0.0999033
-0.0999141
-0.0999237
-0.0999403
-0.0999403
-0.0999568
-0.0999662
-0.0999762
-0.0999978
-0.10005
-0.10005
-0.100064
-0.10009
-0.100102
-0.100125
-0.100136
-0.100148
-0.100209
-0.100221
-0.100244
-0.100261
-0.100268
-0.100275
-0.100287
-0.100321
-0.10033
-0.100348
-0.100357
-0.100366
-0.100384
-0.100384
-0.100404
-0.100414
-0.100458
-0.100467
-0.100476
-0.10049
-0.100495
-0.100506
-0.100506
-0.100519
-0.10056
-0.100567
-0.100572
-0.100582
-0.100587
-0.100593
-0.100599
-0.100605
-0.100612
-0.10064
-0.100646
-0.100651
-0.100655
-0.100656
-0.100654
-0.100651
-0.100647
-0.100638
-0.100631
-0.100633
-0.100638
-0.100651
-0.100651
-0.100658
-0.100675
-0.100684
-0.10071
-0.100708
-0.100704
-0.1007
-0.100695
-0.100684
-0.100678
-0.100672
-0.100642
-0.100637
-0.100633
-0.100631
-0.100631
-0.100633
-0.100634
-0.100635
-0.100618
-0.10061
-0.100591
-0.100572
-0.100563
-0.100554
-0.100546
-0.100538
-0.100504
-0.100497
-0.100491
-0.100479
-0.100472
-0.100464
-0.100464
-0.100444
-0.100388
-0.100377
-0.100356
-0.100348
-0.100331
-0.100327
-0.100327
-0.100295
-0.100284
-0.100272
-0.100247
-0.100234
-0.100222
-0.100211
-0.100189
-0.100177
-0.100129
-0.100116
-0.100103
-0.100079
-0.100055
-0.100043
-0.100031
-0.0999688
-0.0999444
-0.0999332
-0.0999226
-0.0999122
-0.0998918
-0.0998808
-0.099869
-0.0998564
-0.0998024
-0.0997885
-0.099775
-0.0997503
-0.0997383
-0.099714
-0.0997013
-0.099688
-0.0996269
-0.0995967
-0.0995967
-0.099571
-0.0995598
-0.0995399
-0.0995304
-0.0995205
-0.0995102
-0.0994598
-0.0994448
-0.099415
-0.099401
-0.0993875
-0.0993743
-0.0993615
-0.0993361
-0.0992735
-0.0992627
-0.0992443
-0.0992361
-0.0992202
-0.0992119
-0.0992029
-0.0991933
-0.0991504
-0.0991396
-0.0991295
-0.0991123
-0.0991049
-0.0990906
-0.0990831
-0.0990752
-0.0990381
-0.0990203
-0.0990134
-0.0990081
-0.0990044
-0.0989992
-0.0989992
-0.0989899
-0.0989654
-0.098959
-0.0989533
-0.0989449
-0.0989419
-0.0989364
-0.0989338
-0.0989314
-0.0989221
-0.0989168
-0.098915
-0.0989141
-0.0989142
-0.0989146
-0.0989148
-0.0989147
-0.0989176
-0.0989202
-0.0989231
-0.0989279
-0.0989289
-0.0989274
-0.0989256
-0.0989238
-0.0989264
-0.0989308
-0.0989362
-0.098949
-0.0989563
-0.098973
-0.0989816
-0.098997
-0.0990163
-0.0990276
-0.0990276
-0.0990348
-0.0990359
-0.0990348
-0.0990335
-0.0990324
-0.099032
-0.0990639
-0.0990763
-0.0990899
-0.0991042
-0.0991186
-0.0991328
-0.0991464
-0.0991598
-0.0991862
-0.0992406
-0.0992539
-0.0992664
-0.0992891
-0.0992996
-0.0993205
-0.0993205
-0.0993314
-0.0993916
-0.0994045
-0.0994292
-0.099441
-0.0994645
-0.0994762
-0.0994884
-0.099501
-0.0995274
-0.0995698
-0.0995845
-0.0995989
-0.0996264
-0.0996401
-0.0996542
-0.0996836
-0.0997155
-0.0997658
-0.0997658
-0.0998107
-0.0998239
-0.0998369
-0.0998633
-0.0998771
-0.0998912
-0.0999682
-0.0999834
-0.10001
-0.10001
-0.100022
-0.100033
-0.100056
-0.100081
-0.100094
-0.100153
-0.10017
-0.100187
-0.100204
-0.10022
-0.100236
-0.100267
-0.100282
-0.100355
-0.100369
-0.100381
-0.100392
-0.100413
-0.100422
-0.100441
-0.100451
-0.100462
-0.1005
-0.100514
-0.100528
-0.100555
-0.100568
-0.100582
-0.100609
-0.100623
-0.100636
-0.100687
-0.100698
-0.100706
-0.100713
-0.100718
-0.100725
-0.100728
-0.100731
-0.100735
-0.100753
-0.10077
-0.100789
-0.100799
-0.100808
-0.100824
-0.100831
-0.100837
-0.100861
-0.100868
-0.100869
-0.10087
-0.10087
-0.10087
-0.10087
-0.100871
-0.100875
-0.100892
-0.100896
-0.100898
-0.100898
-0.100899
-0.100897
-0.100889
-0.100884
-0.100878
-0.100851
-0.100841
-0.100841
-0.100837
-0.100838
-0.100839
-0.100841
-0.100845
-0.100845
-0.10084
-0.100832
-0.100814
-0.100803
-0.100791
-0.100778
-0.100765
-0.100751
-0.100695
-0.10067
-0.100658
-0.100648
-0.100629
-0.100621
-0.100612
-0.100603
-0.100547
-0.100533
-0.10052
-0.100496
-0.100485
-0.100462
-0.10045
-0.100437
-0.100425
-0.100369
-0.100369
-0.10033
-0.100317
-0.100292
-0.10028
-0.100268
-0.100244
-0.100203
-0.100187
-0.10017
-0.100153
-0.10012
-0.100104
-0.100087
-0.100055
-0.100039
-0.0999709
-0.0999535
-0.0999535
-0.0999194
-0.0998877
-0.0998724
-0.0998413
-0.0998249
-0.0997565
-0.0997389
-0.0997217
-0.0996898
-0.0996748
-0.0996456
-0.0996311
-0.0996163
-0.0996163
-0.0995361
-0.0995178
-0.0994991
-0.0994806
-0.0994622
-0.0994442
-0.0994268
-0.0993931
-0.0993139
-0.0992999
-0.0992756
-0.0992652
-0.0992556
-0.0992462
-0.0992366
-0.0992265
-0.0992155
-0.0991424
-0.0991268
-0.0990837
-0.0990699
-0.0990436
-0.0990436
-0.0990311
-0.0989842
-0.0989618
-0.0989517
-0.0989429
-0.0989283
-0.0989214
-0.0989141
-0.0988974
-0.0988879
-0.0988552
-0.0988436
-0.0988323
-0.0988121
-0.0988035
-0.0987957
-0.0987826
-0.0987768
-0.0987573
-0.098753
-0.0987453
-0.0987448
-0.0987454
-0.0987459
-0.0987455
-0.0987336
-0.0987246
-0.0987207
-0.0987178
-0.098716
-0.0987155
-0.098716
-0.0987183
-0.0987239
-0.0987239
-0.0987239
-0.0987244
-0.0987207
-0.0987204
-0.0987219
-0.0987296
-0.0987581
-0.0987662
-0.0987812
-0.0987872
-0.0987919
-0.0987956
-0.0987985
-0.098804
-0.0988071
-0.0988287
-0.0988363
-0.0988443
-0.0988526
-0.0988615
-0.0988814
-0.0988925
-0.0989041
-0.0989286
-0.0989843
-0.0989984
-0.0990118
-0.0990362
-0.0990479
-0.0990707
-0.0990818
-0.0990927
-0.0991393
-0.0991528
-0.0991798
-0.0991798
-0.0991931
-0.09922
-0.0992335
-0.099261
-0.099335
-0.09935
-0.0993646
-0.0993935
-0.0993935
-0.0994077
-0.0994219
-0.0994512
-0.0994666
-0.0995328
-0.0995498
-0.0995826
-0.0995986
-0.0996149
-0.0996316
-0.0996487
-0.0996842
-0.0997788
-0.0997964
-0.0998127
-0.0998411
-0.0998539
-0.0998667
-0.0998797
-0.0998933
-0.099908
-0.0999783
-0.100017
-0.100035
-0.100054
-0.100071
-0.100107
-0.100124
-0.100161
-0.100238
-0.100275
-0.100275
-0.10031
-0.100326
-0.100358
-0.100374
-0.10039
-0.100472
-0.100489
-0.100505
-0.100521
-0.100537
-0.100553
-0.100584
-0.100614
-0.10067
-0.100683
-0.100695
-0.100715
-0.100724
-0.100742
-0.100742
-0.100751
-0.100813
-0.100827
-0.100841
-0.100868
-0.10088
-0.100902
-0.100911
-0.10093
-0.100969
-0.100985
-0.100996
-0.100998
-0.101001
-0.101002
-0.101004
-0.101006
-0.101025
-0.101033
-0.10105
-0.101058
-0.101066
-0.101072
-0.101076
-0.101079
-0.101078
-0.101072
-0.10107
-0.101069
-0.101075
-0.101084
-0.101089
-0.101097
-0.101099
-0.101093
-0.101087
-0.101079
-0.101059
-0.101049
-0.10103
-0.101022
-0.101014
-0.101001
-0.101001
-0.101001
-0.101
-0.100995
-0.10099
-0.100977
-0.100928
-0.100917
-0.100906
-0.100896
-0.100886
-0.100869
-0.100851
-0.100851
-0.100793
-0.100781
-0.100756
-0.100745
-0.100734
-0.100713
-0.100703
-0.100692
-0.10068
-0.100622
-0.100589
-0.100572
-0.100538
-0.10052
-0.100487
-0.100457
-0.100412
-0.100397
-0.100382
-0.100355
-0.100341
-0.100313
-0.100297
-0.100265
-0.100213
-0.100196
-0.100178
-0.100144
-0.100127
-0.100094
-0.100077
-0.100042
-0.0999844
-0.0999458
-0.0999278
-0.0999109
-0.0998949
-0.0998642
-0.0998487
-0.0998159
-0.0997982
-0.0997375
-0.099715
-0.0996921
-0.0996468
-0.0996246
-0.0995822
-0.0995619
-0.0995419
-0.0994432
-0.0994239
-0.0994055
-0.0993883
-0.0993722
-0.099342
-0.099327
-0.0993117
-0.0992786
-0.0992234
-0.0992043
-0.0991854
-0.099148
-0.0991294
-0.099111
-0.099074
-0.0990551
-0.0990359
-0.0989583
-0.0989399
-0.0989226
-0.0988925
-0.0988795
-0.0988672
-0.0988552
-0.0988431
-0.0987725
-0.0987418
-0.0987277
-0.098715
-0.098704
-0.0986946
-0.098686
-0.0986698
-0.0986314
-0.0986124
-0.0986043
-0.0985978
-0.0985931
-0.0985888
-0.0985885
-0.0985894
-0.0985826
-0.0985689
-0.0985386
-0.0985275
-0.0985167
-0.0985066
-0.0984912
-0.0984849
-0.098487
-0.098495
-0.0985008
-0.0985145
-0.0985214
-0.0985328
-0.0985364
-0.0985342
-0.0985309
-0.0985239
-0.098521
-0.098519
-0.0985184
-0.0985226
-0.0985279
-0.0985434
-0.0985839
-0.0985942
-0.0985942
-0.098604
-0.0986232
-0.0986334
-0.0986443
-0.0986558
-0.0986795
-0.098739
-0.0987503
-0.0987703
-0.0987785
-0.0987855
-0.0987919
-0.0988043
-0.0988378
-0.0988489
-0.0988606
-0.0988848
-0.0988976
-0.0989246
-0.0989386
-0.0989528
-0.0990482
-0.0990482
-0.0990644
-0.0990803
-0.0991121
-0.0991455
-0.0991624
-0.0991793
-0.0992482
-0.0992658
-0.0992832
-0.0993173
-0.0993343
-0.0993516
-0.0993867
-0.0994049
-0.0994825
-0.0995029
-0.0995232
-0.0995623
-0.0995808
-0.0996165
-0.0996343
-0.0996527
-0.0996908
-0.0997534
-0.0997753
-0.0998184
-0.0998396
-0.0998806
-0.0999208
-0.0999612
-0.0999811
-0.100041
-0.100061
-0.1001
-0.100119
-0.100155
-0.100174
-0.100192
-0.100229
-0.100249
-0.100335
-0.100335
-0.100357
-0.1004
-0.10044
-0.10046
-0.10048
-0.10052
-0.100602
-0.100642
-0.100642
-0.100693
-0.100707
-0.100721
-0.100735
-0.100749
-0.100808
-0.10084
-0.10087
-0.100898
-0.100911
-0.100924
-0.100937
-0.100998
-0.101011
-0.101024
-0.101047
-0.101057
-0.101077
-0.101088
-0.101107
-0.101145
-0.10116
-0.10117
-0.101174
-0.101177
-0.101181
-0.101191
-0.101223
-0.101232
-0.101242
-0.101265
-0.101271
-0.101274
-0.101276
-0.101274
-0.101258
-0.101254
-0.10125
-0.101246
-0.101246
-0.101251
-0.101259
-0.101274
-0.101276
-0.101274
-0.101271
-0.101268
-0.101261
-0.101257
-0.101252
-0.101217
-0.1012
-0.101185
-0.101185
-0.101179
-0.101168
-0.101163
-0.101158
-0.101152
-0.101122
-0.101113
-0.101103
-0.101093
-0.101083
-0.101061
-0.101049
-0.101036
-0.101008
-0.100946
-0.100946
-0.10093
-0.1009
-0.100886
-0.100872
-0.100843
-0.100812
-0.10074
-0.100723
-0.100706
-0.100691
-0.100677
-0.100649
-0.100635
-0.100604
-0.100532
-0.100495
-0.100478
-0.100461
-0.100427
-0.100409
-0.100391
-0.100373
-0.100354
-0.100269
-0.100247
-0.100203
-0.100182
-0.100161
-0.100141
-0.100099
-0.100077
-0.100055
-0.099985
-0.0999604
-0.0999104
-0.0998854
-0.0998607
-0.0998121
-0.0997881
-0.0997399
-0.0996214
-0.099599
-0.0995774
-0.0995563
-0.0995354
-0.0995145
-0.0994733
-0.0994525
-0.0993445
-0.0993234
-0.0993032
-0.0992656
-0.0992472
-0.0992104
-0.0991918
-0.099173
-0.0990952
-0.0990753
-0.0990375
-0.0990025
-0.0989692
-0.0989525
-0.0989189
-0.0988485
-0.0988305
-0.0988129
-0.098781
-0.0987667
-0.0987536
-0.0987296
-0.0987177
-0.0987051
-0.0986621
-0.0986312
-0.0986163
-0.0985885
-0.098575
-0.0985614
-0.098548
-0.0985221
-0.0984716
-0.0984591
-0.0984473
-0.0984276
-0.0984199
-0.0984131
-0.0984068
-0.0983874
-0.0983578
-0.0983504
-0.0983373
-0.0983326
-0.0983326
-0.098328
-0.0983286
-0.0983297
-0.0983272
-0.0983209
-0.0983176
-0.0983148
-0.0983128
-0.0983128
-0.0983153
-0.0983391
-0.0983435
-0.098347
-0.0983499
-0.0983487
-0.0983459
-0.098342
-0.0983376
-0.0983289
-0.0983214
-0.0983237
-0.0983282
-0.0983352
-0.0983685
-0.0983823
-0.0983969
-0.0984119
-0.0984954
-0.0984954
-0.0985127
-0.0985443
-0.0985586
-0.0985723
-0.0985996
-0.0986134
-0.0986865
-0.0987026
-0.0987185
-0.0987338
-0.098748
-0.0987741
-0.0987867
-0.0987997
-0.0988133
-0.098894
-0.0989116
-0.0989292
-0.0989469
-0.0989647
-0.0990009
-0.0990199
-0.0990399
-0.0990605
-0.0991479
-0.0991708
-0.0991935
-0.0992388
-0.099262
-0.0993089
-0.0993326
-0.0993566
-0.0993812
-0.0994809
-0.0995052
-0.0995519
-0.0995747
-0.0996189
-0.0996407
-0.099708
-0.0998005
-0.0998005
-0.099823
-0.0998661
-0.0998872
-0.0999298
-0.0999513
-0.0999947
-0.100087
-0.10011
-0.100134
-0.100177
-0.100197
-0.100236
-0.100256
-0.100276
-0.100297
-0.100365
-0.100413
-0.100437
-0.10046
-0.100483
-0.100528
-0.100551
-0.100596
-0.100687
-0.100709
-0.100731
-0.100772
-0.100791
-0.100827
-0.100845
-0.100879
-0.100967
-0.100967
-0.100983
-0.101015
-0.10103
-0.101046
-0.101061
-0.101093
-0.101177
-0.101194
-0.101209
-0.101236
-0.101248
-0.101259
-0.10127
-0.101282
-0.10134
-0.101358
-0.101365
-0.101371
-0.101379
-0.101383
-0.101387
-0.101393
-0.1014
-0.101436
-0.101436
-0.101456
-0.101473
-0.101479
-0.101482
-0.101483
-0.10148
-0.101476
-0.101461
-0.101456
-0.101453
-0.101451
-0.101452
-0.10146
-0.101465
-0.101471
-0.101476
-0.101487
-0.101486
-0.101483
-0.101477
-0.101462
-0.101452
-0.10144
-0.101416
-0.101402
-0.101359
-0.101344
-0.101329
-0.101302
-0.101288
-0.101261
-0.101248
-0.101234
-0.101166
-0.101151
-0.101135
-0.101121
-0.101106
-0.101077
-0.101045
-0.101029
-0.101013
-0.10096
-0.100942
-0.100924
-0.100906
-0.100869
-0.10083
-0.10081
-0.100769
-0.10068
-0.100659
-0.100638
-0.1006
-0.100564
-0.100564
-0.100546
-0.100527
-0.10037
-0.100347
-0.100288
-0.100288
-0.10027
-0.100236
-0.100143
-0.100124
-0.100085
-0.100066
-0.100048
-0.100029
-0.10001
-0.0999912
-0.0999502
-0.0998804
-0.0998282
-0.099801
-0.0997453
-0.099717
-0.0996887
-0.0996605
-0.0996041
-0.0994944
-0.0994678
-0.099442
-0.0994177
-0.0993948
-0.0993522
-0.0993104
-0.0992889
-0.0991988
-0.0991534
-0.0991317
-0.0991106
-0.0991106
-0.0990685
-0.0990473
-0.0990033
-0.0988816
-0.098858
-0.0988357
-0.0987772
-0.0987772
-0.0987416
-0.0987238
-0.0986343
-0.0985985
-0.098582
-0.098582
-0.0985514
-0.0985101
-0.0984966
-0.0984831
-0.0984294
-0.0984146
-0.0983994
-0.0983551
-0.0983408
-0.0983268
-0.0983136
-0.0983007
-0.0982403
-0.0982294
-0.0982194
-0.0982033
-0.0981971
-0.0981915
-0.0981808
-0.0981748
-0.0981608
-0.0981351
-0.0981309
-0.0981309
-0.098126
-0.0981244
-0.0981228
-0.0981188
-0.098117
-0.0981158
-0.0981201
-0.0981256
-0.0981256
-0.0981329
-0.098138
-0.098138
-0.0981412
-0.098145
-0.0981633
-0.0981743
-0.0981801
-0.0981932
-0.0982089
-0.0982175
-0.0982261
-0.0982346
-0.0982714
-0.0982823
-0.0982935
-0.0983154
-0.0983261
-0.0983491
-0.0983616
-0.0983744
-0.0984275
-0.0984418
-0.0984696
-0.0984832
-0.0984971
-0.0985115
-0.0985409
-0.0985559
-0.0985713
-0.0986421
-0.0986618
-0.0987008
-0.09872
-0.0987395
-0.0987799
-0.0987799
-0.0988008
-0.0988221
-0.098911
-0.0989353
-0.0989853
-0.0990102
-0.0990598
-0.0990848
-0.0990848
-0.0991349
-0.0992383
-0.0992889
-0.099313
-0.0993365
-0.0993592
-0.0994028
-0.0994243
-0.0994461
-0.0994686
-0.0995672
-0.0995933
-0.0996712
-0.0996977
-0.0997244
-0.0997512
-0.0998052
-0.0999419
-0.0999419
-0.0999686
-0.10002
-0.100044
-0.100092
-0.100115
-0.100163
-0.100263
-0.100289
-0.100314
-0.100339
-0.100363
-0.100412
-0.100436
-0.100483
-0.100507
-0.100607
-0.100633
-0.100659
-0.100685
-0.100711
-0.100737
-0.100763
-0.100815
-0.100841
-0.100943
-0.100968
-0.100993
-0.10104
-0.10104
-0.101064
-0.10111
-0.101133
-0.101156
-0.101244
-0.101265
-0.101286
-0.101307
-0.101345
-0.101381
-0.101398
-0.101429
-0.101484
-0.101484
-0.101521
-0.101532
-0.101541
-0.101549
-0.101563
-0.10157
-0.101604
-0.101614
-0.101624
-0.101643
-0.101651
-0.101657
-0.101661
-0.101663
-0.101664
-0.101662
-0.101664
-0.101671
-0.101674
-0.101678
-0.10168
-0.101681
-0.101676
-0.101667
-0.101661
-0.10165
-0.101645
-0.10164
-0.101631
-0.101626
-0.101613
-0.101578
-0.10156
-0.101553
-0.101553
-0.10154
-0.101534
-0.10152
-0.101513
-0.101455
-0.101441
-0.101413
-0.101399
-0.101386
-0.101358
-0.101326
-0.101259
-0.101243
-0.101227
-0.101199
-0.101187
-0.101175
-0.101163
-0.101137
-0.101069
-0.101029
-0.101009
-0.100988
-0.100968
-0.100926
-0.100904
-0.100881
-0.100858
-0.100761
-0.100736
-0.100711
-0.100661
-0.100636
-0.10061
-0.100583
-0.100556
-0.100528
-0.100414
-0.100385
-0.100357
-0.100302
-0.100275
-0.100248
-0.100221
-0.100134
-0.100011
-0.0999797
-0.0999491
-0.0998909
-0.0998634
-0.0998634
-0.0998094
-0.0997822
-0.099642
-0.0996142
-0.0995873
-0.0995367
-0.0995125
-0.0994641
-0.0994153
-0.0994153
-0.0993084
-0.0992801
-0.0992245
-0.0991973
-0.0991701
-0.0991159
-0.0990891
-0.0990627
-0.0989588
-0.0989085
-0.0988846
-0.09884
-0.0988187
-0.0987766
-0.0987552
-0.0987331
-0.0986417
-0.0986183
-0.0985954
-0.0985733
-0.0985521
-0.0985107
-0.0984898
-0.0984688
-0.0984475
-0.0983388
-0.0983388
-0.0983163
-0.0982734
-0.0982531
-0.0982335
-0.0981959
-0.0981775
-0.098069
-0.0980578
-0.0980484
-0.0980414
-0.0980369
-0.0980348
-0.0980358
-0.0980485
-0.098055
-0.098057
-0.0980574
-0.0980559
-0.0980518
-0.0980449
-0.0980238
-0.0980104
-0.0979473
-0.0979314
-0.0979164
-0.0978913
-0.0978821
-0.0978716
-0.0978716
-0.0978708
-0.0978769
-0.0978996
-0.0979286
-0.0979489
-0.097959
-0.0979685
-0.0979773
-0.0979853
-0.0980254
-0.0980339
-0.0980487
-0.098055
-0.0980611
-0.0980747
-0.0980747
-0.0980934
-0.0981457
-0.0981606
-0.0981906
-0.0982057
-0.0982209
-0.0982675
-0.0982675
-0.0983157
-0.0983492
-0.0983853
-0.0984038
-0.0984397
-0.0984397
-0.0984746
-0.0984925
-0.0985296
-0.098632
-0.0986529
-0.0986733
-0.0987138
-0.0987347
-0.0987563
-0.0987784
-0.0988008
-0.0989211
-0.098946
-0.0989704
-0.0990179
-0.0990416
-0.0990658
-0.0990911
-0.0991174
-0.0991448
-0.09926
-0.099318
-0.0993463
-0.0993742
-0.0994017
-0.0994292
-0.0994569
-0.0995128
-0.0996613
-0.0996922
-0.0997225
-0.099752
-0.099809
-0.0998373
-0.099866
-0.099925
-0.100045
-0.100074
-0.100103
-0.100159
-0.100187
-0.100215
-0.100244
-0.100329
-0.100451
-0.10048
-0.100535
-0.10056
-0.100585
-0.100632
-0.100656
-0.10068
-0.100785
-0.100842
-0.100897
-0.100923
-0.100971
-0.101015
-0.101037
-0.101119
-0.10114
-0.10118
-0.101198
-0.101217
-0.101235
-0.101272
-0.101292
-0.101312
-0.101373
-0.101394
-0.101437
-0.10148
-0.1015
-0.10152
-0.101557
-0.101574
-0.10166
-0.10166
-0.101688
-0.101699
-0.101708
-0.101725
-0.101733
-0.101741
-0.101791
-0.101802
-0.101821
-0.101829
-0.101836
-0.101842
-0.101853
-0.101858
-0.101864
-0.101879
-0.10188
-0.101881
-0.101879
-0.101878
-0.101877
-0.101873
-0.10187
-0.101851
-0.101847
-0.101841
-0.10184
-0.101839
-0.101838
-0.101835
-0.101832
-0.101826
-0.101786
-0.101773
-0.101745
-0.101717
-0.101703
-0.10169
-0.101677
-0.10165
-0.101589
-0.101574
-0.101559
-0.101546
-0.101521
-0.101509
-0.101497
-0.101471
-0.101471
-0.1014
-0.10138
-0.101336
-0.101314
-0.101291
-0.101268
-0.101245
-0.101197
-0.10107
-0.101044
-0.101018
-0.100992
-0.100942
-0.100918
-0.100869
-0.100843
-0.100736
-0.100682
-0.100656
-0.100631
-0.100584
-0.100561
-0.100538
-0.100491
-0.100386
-0.100357
-0.100328
-0.100269
-0.10024
-0.100181
-0.100152
-0.100122
-0.0999749
-0.0999457
-0.0999172
-0.0998628
-0.0998628
-0.0998095
-0.0997822
-0.0997254
-0.0996022
-0.099571
-0.0995404
-0.0994517
-0.0993919
-0.0993623
-0.0993623
-0.0993044
-0.099192
-0.0991639
-0.0991363
-0.0990825
-0.0990559
-0.0990022
-0.0990022
-0.0989748
-0.0988307
-0.0988013
-0.0987727
-0.0987185
-0.0986924
-0.098667
-0.098617
-0.0985919
-0.0984651
-0.0984397
-0.0984149
-0.0983911
-0.0983453
-0.098323
-0.0983011
-0.0982588
-0.0982379
-0.0981748
-0.0981332
-0.0981332
-0.0980932
-0.0980733
-0.098034
-0.0980146
-0.0979955
-0.0979101
-0.0978948
-0.0978678
-0.0978678
-0.0978567
-0.0978388
-0.097831
-0.0978161
-0.0977818
-0.0977725
-0.0977547
-0.0977398
-0.0977345
-0.0977286
-0.0977276
-0.0977264
-0.0977251
-0.0977206
-0.0977178
-0.0977131
-0.0977113
-0.0977125
-0.097738
-0.0977444
-0.0977504
-0.0977602
-0.097764
-0.097767
-0.0977712
-0.0977731
-0.0977945
-0.0978032
-0.0978234
-0.0978345
-0.0978464
-0.0978589
-0.0978719
-0.0979
-0.0979148
-0.0979607
-0.0979926
-0.0980079
-0.0980366
-0.0980505
-0.0980649
-0.09808
-0.0981131
-0.0981315
-0.0981915
-0.0982131
-0.0982354
-0.0982805
-0.0983034
-0.0983505
-0.0983743
-0.0983985
-0.0985285
-0.0985548
-0.0985802
-0.0986278
-0.0986505
-0.0986731
-0.0987433
-0.0988425
-0.0988676
-0.0988925
-0.0989408
-0.098964
-0.0989866
-0.0990091
-0.0990318
-0.0990798
-0.0991605
-0.0992193
-0.0992498
-0.0993124
-0.0993762
-0.0994084
-0.0994406
-0.0995053
-0.0996331
-0.0996649
-0.0996963
-0.0996963
-0.0997272
-0.099789
-0.0998531
-0.0999198
-0.0999538
-0.100059
-0.100095
-0.100166
-0.1002
-0.100234
-0.100302
-0.100371
-0.100406
-0.100543
-0.100576
-0.100576
-0.100639
-0.100697
-0.100724
-0.10075
-0.100805
-0.100953
-0.100983
-0.101012
-0.101039
-0.101065
-0.101089
-0.101113
-0.101159
-0.101183
-0.101284
-0.101337
-0.101363
-0.101388
-0.101413
-0.101461
-0.10151
-0.101606
-0.10163
-0.101676
-0.101697
-0.101717
-0.101753
-0.10177
-0.101786
-0.101858
-0.101871
-0.101884
-0.101907
-0.101919
-0.101942
-0.101954
-0.101967
-0.102012
-0.102022
-0.102037
-0.102042
-0.102047
-0.102056
-0.102061
-0.102067
-0.102072
-0.102087
-0.102087
-0.102086
-0.102082
-0.102079
-0.102075
-0.102071
-0.102063
-0.102038
-0.102033
-0.102033
-0.102026
-0.102024
-0.102017
-0.102012
-0.102006
-0.101941
-0.101928
-0.101905
-0.101894
-0.101873
-0.101863
-0.101842
-0.101803
-0.101773
-0.101757
-0.101725
-0.10171
-0.101695
-0.101664
-0.101647
-0.101573
-0.101554
-0.101535
-0.101499
-0.101482
-0.101463
-0.101423
-0.101401
-0.101279
-0.101253
-0.101228
-0.10118
-0.10118
-0.101133
-0.101084
-0.101058
-0.10103
-0.100944
-0.100914
-0.100855
-0.100827
-0.100798
-0.100741
-0.100712
-0.10065
-0.100618
-0.100516
-0.10048
-0.100445
-0.100376
-0.100341
-0.100272
-0.100238
-0.100204
-0.100065
-0.099994
-0.099959
-0.099891
-0.0998578
-0.0997926
-0.0997602
-0.0997602
-0.0995601
-0.0995264
-0.0994599
-0.0994271
-0.0993948
-0.0993318
-0.0993005
-0.0991401
-0.0991098
-0.0990812
-0.0990285
-0.0990038
-0.0989551
-0.0989303
-0.0989303
-0.0989047
-0.0987897
-0.0987582
-0.0986948
-0.0986631
-0.0986312
-0.0985992
-0.0985358
-0.0985041
-0.0984724
-0.0983184
-0.0982891
