-0.0998398
-0.0998674
-0.0998825
-0.0998901
-0.0998897
-0.0998864
-0.0998803
-0.0998721
-0.0998512
-0.0998169
-0.0998065
-0.0997973
-0.099783
-0.0997787
-0.0997765
-0.0997766
-0.0997826
-0.0997877
-0.0998167
-0.0998246
-0.0998321
-0.0998387
-0.0998442
-0.0998518
-0.0998538
-0.0998541
-0.0998528
-0.0998399
-0.0998374
-0.0998362
-0.0998389
-0.0998423
-0.0998465
-0.0998511
-0.0998611
-0.0998688
-0.099866
-0.0998626
-0.0998565
-0.0998548
-0.0998547
-0.0998598
-0.0998642
-0.099882
-0.0998837
-0.0998836
-0.0998789
-0.0998747
-0.0998698
-0.0998645
-0.0998553
-0.0998523
-0.099854
-0.0998582
-0.0998634
-0.0998751
-0.0998805
-0.0998887
-0.0998909
-0.0998909
-0.0998915
-0.0998768
-0.0998732
-0.0998702
-0.0998669
-0.099869
-0.0998719
-0.0998757
-0.0998938
-0.0999005
-0.0999026
-0.0999015
-0.0998963
-0.0998889
-0.0998852
-0.0998818
-0.0998776
-0.0998782
-0.0998819
-0.0998828
-0.0998829
-0.0998796
-0.0998731
-0.0998596
-0.0998596
-0.0998584
-0.0998647
-0.0998693
-0.0998693
-0.0998864
-0.0998958
-0.0998989
-0.0998946
-0.0998946
-0.0998843
-0.0998774
-0.0998626
-0.0998557
-0.0998499
-0.0998456
-0.0998531
-0.0998575
-0.0998651
-0.0998672
-0.0998677
-0.0998581
-0.0998325
-0.0998226
-0.0998196
-0.0998183
-0.0998213
-0.0998256
-0.099831
-0.0998441
-0.0998651
-0.0998714
-0.0998768
-0.0998839
-0.0998839
-0.0998817
-0.0998702
-0.0998615
-0.0998512
-0.0997907
-0.0997805
-0.0997723
-0.0997635
-0.0997635
-0.0997663
-0.0997779
-0.0998101
-0.0998232
-0.0998232
-0.0998319
-0.0998308
-0.0998308
-0.0998149
-0.0997756
-0.0997644
-0.0997425
-0.0997326
-0.099724
-0.0997174
-0.0997119
-0.0997133
-0.099717
-0.0997389
-0.0997656
-0.0997789
-0.0997789
-0.099784
-0.0997828
-0.0997745
-0.0997489
-0.0997435
-0.0997391
-0.0997347
-0.099735
-0.0997393
-0.0997423
-0.0997453
-0.099748
-0.0997519
-0.0997508
-0.0997482
-0.0997398
-0.0997346
-0.0997291
-0.0997236
-0.0997101
-0.0997075
-0.0997102
-0.0997129
-0.0997189
-0.0997232
-0.0997235
-0.0997222
-0.0997148
-0.0996898
-0.0996837
-0.0996787
-0.0996742
-0.0996756
-0.0996852
-0.0996852
-0.0996927
-0.0997012
-0.0997353
-0.0997412
-0.099745
-0.0997451
-0.0997418
-0.0997368
-0.0997308
-0.0997175
-0.099697
-0.0996974
-0.0996991
-0.0997017
-0.0997046
-0.0997076
-0.0997103
-0.0997139
-0.0997133
-0.0997094
-0.0997053
-0.0997039
-0.0997034
-0.0997039
-0.0997138
-0.0997193
-0.0997253
-0.0997493
-0.0997573
-0.099759
-0.0997588
-0.0997566
-0.0997475
-0.0997413
-0.0997342
-0.0997124
-0.0997005
-0.099701
-0.0997041
-0.09971
-0.0997284
-0.09974
-0.0997523
-0.0997649
-0.0998148
-0.0998194
-0.0998216
-0.0998216
-0.0998091
-0.0998029
-0.099796
-0.0997889
-0.0997591
-0.0997562
-0.0997584
-0.0997631
-0.0997699
-0.0997889
-0.0998129
-0.0998494
-0.0998596
-0.0998737
-0.0998776
-0.0998764
-0.0998739
-0.0998706
-0.099867
-0.0998663
-0.0998721
-0.0998721
-0.0998865
-0.099894
-0.0999073
-0.0999125
-0.0999163
-0.0999163
-0.0999142
-0.0999101
-0.0999082
-0.0999087
-0.0999106
-0.099914
-0.0999186
-0.0999241
-0.0999497
-0.0999568
-0.0999638
-0.0999705
-0.099981
-0.0999845
-0.0999872
-0.0999894
-0.0999913
-0.100002
-0.100006
-0.10001
-0.100016
-0.100019
-0.10002
-0.10002
-0.100019
-0.10002
-0.100032
-0.100036
-0.100043
-0.100045
-0.100046
-0.100046
-0.100044
-0.100045
-0.100048
-0.100051
-0.100055
-0.100058
-0.100062
-0.100066
-0.100066
-0.100063
-0.100054
-0.100045
-0.100041
-0.100039
-0.100057
-0.100066
-0.100074
-0.100076
-0.100077
-0.100076
-0.100075
-0.100072
-0.100065
-0.100065
-0.100066
-0.100068
-0.10007
-0.100071
-0.100071
-0.100068
-0.100063
-0.100059
-0.100058
-0.100058
-0.100057
-0.100055
-0.100053
-0.100049
-0.100044
-0.100044
-0.100043
-0.100044
-0.100044
-0.100045
-0.100043
-0.100041
-0.100038
-0.100027
-0.100018
-0.100018
-0.100009
-0.100005
-0.0999995
-0.0999967
-0.0999902
-0.0999724
-0.0999724
-0.0999655
-0.0999629
-0.0999629
-0.0999635
-0.099964
-0.0999643
-0.099964
-0.0999522
-0.0999459
-0.0999388
-0.0999233
-0.0999153
-0.0999077
-0.0998891
-0.0998847
-0.0998738
-0.09987
-0.0998616
-0.0998579
-0.0998549
-0.0998512
-0.0998496
-0.0998475
-0.0998445
-0.0998226
-0.0998151
-0.0998008
-0.099795
-0.0997884
-0.0997877
-0.0997889
-0.0997898
-0.0997871
-0.0997828
-0.0997701
-0.0997625
-0.0997542
-0.0997374
-0.0997299
-0.0997237
-0.0997051
-0.0997013
-0.0996976
-0.0996904
-0.0996904
-0.0996866
-0.0996822
-0.099666
-0.0996601
-0.0996441
-0.0996425
-0.0996414
-0.0996407
-0.09964
-0.0996369
-0.0996339
-0.0996238
-0.0996169
-0.0995886
-0.0995834
-0.0995774
-0.0995769
-0.0995778
-0.0995839
-0.0995858
-0.0995819
-0.0995773
-0.0995718
-0.0995595
-0.0995532
-0.0995472
-0.0995372
-0.0995338
-0.0995333
-0.0995374
-0.0995374
-0.0995412
-0.0995421
-0.0995395
-0.0995395
-0.0995395
-0.0995356
-0.0994953
-0.0994895
-0.0994834
-0.0994839
-0.0994869
-0.0994919
-0.0995062
-0.0995145
-0.0995304
-0.0995421
-0.0995451
-0.0995436
-0.0995395
-0.0995337
-0.0995193
-0.0995118
-0.0995048
-0.0994985
-0.0994895
-0.0994887
-0.0994967
-0.0995022
-0.0995082
-0.0995145
-0.0995208
-0.0995322
-0.0995368
-0.0995402
-0.0995421
-0.0995388
-0.0995367
-0.0995345
-0.0995328
-0.0995324
-0.0995346
-0.0995384
-0.0995436
-0.0995839
-0.0995929
-0.0996012
-0.0996081
-0.0996165
-0.0996156
-0.0996111
-0.0996086
-0.0996092
-0.0996142
-0.0996211
-0.0996384
-0.0996478
-0.0996569
-0.0996652
-0.0996787
-0.0997041
-0.0997075
-0.0997101
-0.0997117
-0.0997111
-0.0997087
-0.0997074
-0.0997064
-0.0997109
-0.099724
-0.0997336
-0.0997447
-0.0997703
-0.0997969
-0.0998202
-0.0998408
-0.0998432
-0.0998437
-0.0998411
-0.0998391
-0.0998374
-0.0998364
-0.0998387
-0.0998425
-0.0998744
-0.0998852
-0.0998963
-0.0999184
-0.0999288
-0.0999468
-0.0999541
-0.0999606
-0.0999606
-0.0999932
-0.0999932
-0.100001
-0.100008
-0.100015
-0.100025
-0.10003
-0.10004
-0.100045
-0.100071
-0.100079
-0.100086
-0.100093
-0.100098
-0.100109
-0.100112
-0.10012
-0.100138
-0.100142
-0.100142
-0.100145
-0.100151
-0.100154
-0.100157
-0.100165
-0.100193
-0.100199
-0.100205
-0.100213
-0.100215
-0.100215
-0.100215
-0.100213
-0.100209
-0.100205
-0.100205
-0.100207
-0.100211
-0.100216
-0.100222
-0.100237
-0.100244
-0.100257
-0.10027
-0.100272
-0.100267
-0.100264
-0.100261
-0.100256
-0.100256
-0.100256
-0.100276
-0.10028
-0.100283
-0.100285
-0.100285
-0.100278
-0.100272
-0.100265
-0.100252
-0.100237
-0.100238
-0.100241
-0.100249
-0.100253
-0.100257
-0.10026
-0.100261
-0.100261
-0.100249
-0.100244
-0.100233
-0.100227
-0.100222
-0.100212
-0.100207
-0.100202
-0.10018
-0.10017
-0.100167
-0.100166
-0.100165
-0.100164
-0.100164
-0.10016
-0.100136
-0.100128
-0.100114
-0.100109
-0.100104
-0.100098
-0.100094
-0.100091
-0.100086
-0.100067
-0.100051
-0.100043
-0.100027
-0.10002
-0.100005
-0.100005
-0.0999914
-0.0999684
-0.0999615
-0.0999474
-0.0999407
-0.0999293
-0.0999293
-0.0999189
-0.0999134
-0.0998684
-0.0998596
-0.0998433
-0.0998362
-0.0998301
-0.0998203
-0.0998159
-0.0998116
-0.0997897
-0.0997834
-0.0997717
-0.09976
-0.0997536
-0.0997463
-0.099738
-0.0997193
-0.09969
-0.0996809
-0.0996726
-0.0996599
-0.0996553
-0.0996472
-0.0996429
-0.099638
-0.099598
-0.0995882
-0.0995788
-0.0995705
-0.0995637
-0.099558
-0.0995532
-0.0995438
-0.0995383
-0.0995113
-0.0995038
-0.0994969
-0.0994858
-0.0994811
-0.0994767
-0.0994675
-0.0994561
-0.0994375
-0.0994274
-0.0994238
-0.0994211
-0.099417
-0.0994151
-0.0994102
-0.0994102
-0.0994066
-0.0993779
-0.0993719
-0.0993665
-0.0993583
-0.0993583
-0.0993534
-0.0993515
-0.0993496
-0.0993474
-0.0993373
-0.0993326
-0.0993165
-0.0993113
-0.0993067
-0.0993003
-0.0992992
-0.0993009
-0.0993088
-0.0993143
-0.099316
-0.0993166
-0.099316
-0.0993127
-0.0993067
-0.0993074
-0.0993183
-0.0993183
-0.0993226
-0.0993231
-0.0993226
-0.0993193
-0.0993171
-0.0993132
-0.0993123
-0.099314
-0.0993199
-0.0993246
-0.09933
-0.0993358
-0.0993539
-0.099373
-0.0993759
-0.0993794
-0.0993794
-0.0993809
-0.0993846
-0.0993883
-0.0994121
-0.0994298
-0.0994357
-0.0994386
-0.0994401
-0.0994425
-0.0994507
-0.0994705
-0.0994782
-0.0994924
-0.0994985
-0.0995037
-0.0995081
-0.0995161
-0.0995262
-0.0995544
-0.0995627
-0.099571
-0.0995787
-0.0995915
-0.099597
-0.0996022
-0.0996074
-0.0996131
-0.0996343
-0.0996523
-0.0996619
-0.0996716
-0.0996914
-0.099701
-0.0997103
-0.0997291
-0.099739
-0.0997862
-0.0997944
-0.0998022
-0.0998101
-0.0998267
-0.099836
-0.0998462
-0.0998571
-0.0999028
-0.0999123
-0.0999202
-0.0999313
-0.0999353
-0.099939
-0.0999431
-0.0999539
-0.0999932
-0.100005
-0.100027
-0.100037
-0.100037
-0.100054
-0.100068
-0.100076
-0.100132
-0.100141
-0.10015
-0.100157
-0.100168
-0.100172
-0.100176
-0.10018
-0.100207
-0.100217
-0.100227
-0.100249
-0.100259
-0.100269
-0.100278
-0.100286
-0.100293
-0.100319
-0.10033
-0.10033
-0.100344
-0.100348
-0.100354
-0.100359
-0.100366
-0.100398
-0.100408
-0.100411
-0.100413
-0.100414
-0.100412
-0.100408
-0.100402
-0.100403
-0.100405
-0.100413
-0.100419
-0.100425
-0.100431
-0.100438
-0.100446
-0.100473
-0.100471
-0.100469
-0.100462
-0.100458
-0.100456
-0.100455
-0.100455
-0.100477
-0.100479
-0.100478
-0.100475
-0.100466
-0.10046
-0.10046
-0.100445
-0.100442
-0.100442
-0.100447
-0.100451
-0.100452
-0.100451
-0.100449
-0.100438
-0.100398
-0.100392
-0.100385
-0.100384
-0.100385
-0.100392
-0.100396
-0.100388
-0.100382
-0.100375
-0.100368
-0.100342
-0.100323
-0.100323
-0.100273
-0.100258
-0.100252
-0.100248
-0.100244
-0.100241
-0.100234
-0.100207
-0.100197
-0.100187
-0.100168
-0.100142
-0.100127
-0.100127
-0.100099
-0.100082
-0.100082
-0.100072
-0.100068
-0.100063
-0.100052
-0.100037
-0.100004
-0.099991
-0.0999653
-0.0999527
-0.0999407
-0.0999184
-0.0999075
-0.0998747
-0.0998403
-0.0998403
-0.0998292
-0.0998014
-0.0997941
-0.0997871
-0.0997798
-0.0997717
-0.0997626
-0.0997157
-0.0996891
-0.0996767
-0.0996654
-0.0996455
-0.0996365
-0.0996278
-0.0996191
-0.0996102
-0.0995522
-0.0995522
-0.0995264
-0.0995148
-0.0994968
-0.0994903
-0.0994849
-0.0994801
-0.0994698
-0.0994338
-0.0994211
-0.0993948
-0.0993822
-0.0993706
-0.0993706
-0.0993607
-0.0993526
-0.0993461
-0.0993192
-0.0993113
-0.0992923
-0.0992923
-0.0992821
-0.0992542
-0.0992295
-0.0992088
-0.0992088
-0.0992075
-0.0992085
-0.0992098
-0.0992123
-0.0992126
-0.0992112
-0.0991988
-0.0991857
-0.0991786
-0.0991713
-0.0991557
-0.0991479
-0.0991404
-0.0991273
-0.0991067
-0.0991067
-0.0991114
-0.0991147
-0.0991147
-0.0991208
-0.0991226
-0.0991227
-0.0991131
-0.0990988
-0.0990936
-0.0990938
-0.0990938
-0.0991043
-0.0991161
-0.0991219
-0.099127
-0.0991315
-0.0991237
-0.0991187
-0.0991137
-0.0991053
-0.0991026
-0.0991012
-0.0991015
-0.0991036
-0.0991207
-0.0991458
-0.0991641
-0.0991736
-0.0991831
-0.0991923
-0.0992087
-0.0992087
-0.0992484
-0.0992563
-0.0992634
-0.0992694
-0.0992783
-0.099282
-0.0992861
-0.0992969
-0.0992969
-0.0993554
-0.0993656
-0.0993751
-0.0993838
-0.099399
-0.0994061
-0.0994131
-0.0994676
-0.0994766
-0.0994844
-0.0994904
-0.099498
-0.0995003
-0.0995025
-0.0995278
-0.0995386
-0.0995509
-0.0995784
-0.0995926
-0.099621
-0.0996351
-0.0996487
-0.099719
-0.0997285
-0.0997518
-0.0997518
-0.0997654
-0.0997725
-0.0997887
-0.0998307
-0.0998419
-0.0998634
-0.0998739
-0.0998739
-0.0998964
-0.0999342
-0.0999478
-0.0999895
-0.100014
-0.100025
-0.100034
-0.100043
-0.100059
-0.100068
-0.100077
-0.100139
-0.100153
-0.100166
-0.100191
-0.100202
-0.100211
-0.10022
-0.100228
-0.100275
-0.100285
-0.100296
-0.100313
-0.100329
-0.100337
-0.100354
-0.100363
-0.100404
-0.100415
-0.100435
-0.100452
-0.100458
-0.100471
-0.100477
-0.100502
-0.100514
-0.100524
-0.100529
-0.100529
-0.100543
-0.100549
-0.100555
-0.100591
-0.100596
-0.1006
-0.100605
-0.100606
-0.100608
-0.100613
-0.100617
-0.100633
-0.100646
-0.100652
-0.100657
-0.100665
-0.100667
-0.100666
-0.100657
-0.100657
-0.10066
-0.100663
-0.100666
-0.100669
-0.100673
-0.100673
-0.100672
-0.100663
-0.100661
-0.100658
-0.100656
-0.100652
-0.100646
-0.100639
-0.100628
-0.100626
-0.100626
-0.100626
-0.10063
-0.100634
-0.100636
-0.100636
-0.100637
-0.100616
-0.100607
-0.100585
-0.100585
-0.100561
-0.100536
-0.100524
-0.100469
-0.100461
-0.100454
-0.100443
-0.100439
-0.100439
-0.100431
-0.100426
-0.100382
-0.100371
-0.100361
-0.10034
-0.10033
-0.100311
-0.100302
-0.100291
-0.10023
-0.100217
-0.100184
-0.100166
-0.100158
-0.100151
-0.100127
-0.100113
-0.100104
-0.100096
-0.100087
-0.100068
-0.100057
-0.100046
-0.100022
-0.0999821
-0.0999677
-0.0999378
-0.0999225
-0.0999069
-0.099876
-0.099876
-0.0998306
-0.0998306
-0.0997712
-0.099757
-0.0997433
-0.0997177
-0.0997051
-0.0996923
-0.099665
-0.099665
-0.0995917
-0.0995775
-0.0995638
-0.099539
-0.0995163
-0.0995047
-0.099493
-0.0994684
-0.0994135
-0.0993999
-0.0993754
-0.0993754
-0.0993648
-0.099355
-0.0993252
-0.0993013
-0.0992536
-0.0992437
-0.0992352
-0.0992279
-0.0992214
-0.0992152
-0.0992014
-0.0991929
-0.0991297
-0.0991198
-0.0991044
-0.0990992
-0.0990952
-0.099092
-0.0990858
-0.0990858
-0.0990764
-0.0990399
-0.099029
-0.099018
-0.0989972
-0.0989796
-0.0989671
-0.0989633
-0.0989565
-0.0989541
-0.0989507
-0.0989419
-0.098931
-0.0989249
-0.0989103
-0.0989085
-0.0989102
-0.0989122
-0.0989139
-0.0989148
-0.09891
-0.0989066
-0.0989033
-0.0989038
-0.0989082
-0.0989132
-0.0989182
-0.098926
-0.0989277
-0.0989259
-0.0989231
-0.0989164
-0.0989119
-0.0989137
-0.0989179
-0.098924
-0.0989397
-0.0989482
-0.0989482
-0.0989729
-0.0989729
-0.0990082
-0.0990145
-0.0990201
-0.0990254
-0.0990306
-0.099042
-0.0990488
-0.0990648
-0.0990992
-0.0991071
-0.0991205
-0.0991261
-0.0991378
-0.0991446
-0.0991616
-0.099217
-0.0992273
-0.0992456
-0.0992614
-0.0992687
-0.0992759
-0.0992921
-0.0993357
-0.099358
-0.0993677
-0.0993766
-0.0993853
-0.0993941
-0.0994125
-0.0994229
-0.0994743
-0.0994891
-0.0995039
-0.0995326
-0.0995466
-0.0995602
-0.0995732
-0.0995991
-0.0996127
-0.0996269
-0.0996908
-0.0997084
-0.0997256
-0.0997423
-0.0997584
-0.0997742
-0.0998052
-0.0998342
-0.0998489
-0.0998972
-0.0999149
-0.099933
-0.0999511
-0.0999863
-0.100004
-0.100039
-0.100055
-0.100071
-0.100117
-0.100131
-0.100159
-0.100173
-0.100186
-0.100213
-0.100227
-0.100257
-0.100318
-0.100333
-0.100347
-0.100374
-0.100386
-0.100398
-0.100411
-0.100436
-0.100492
-0.100505
-0.100537
-0.100546
-0.100561
-0.100567
-0.10058
-0.100616
-0.100626
-0.100636
-0.100645
-0.100653
-0.100667
-0.100675
-0.100683
-0.100691
-0.10073
-0.100741
-0.100752
-0.100762
-0.100778
-0.100785
-0.100798
-0.100804
-0.10081
-0.10082
-0.100835
-0.100835
-0.100845
-0.100849
-0.100858
-0.100862
-0.100867
-0.100861
-0.100857
-0.100854
-0.10085
-0.10085
-0.100852
-0.100856
-0.100864
-0.100874
-0.100873
-0.100871
-0.100867
-0.100863
-0.100853
-0.100848
-0.100843
-0.100824
-0.10082
-0.100816
-0.100814
-0.100812
-0.100808
-0.100806
-0.100803
-0.100799
-0.100752
-0.100752
-0.100742
-0.100731
-0.100711
-0.100701
-0.10069
-0.100668
-0.100611
-0.100601
-0.100583
-0.100576
-0.100569
-0.100563
-0.100557
-0.100544
-0.100507
-0.100496
-0.100474
-0.100462
-0.100438
-0.100425
-0.100412
-0.100398
-0.100337
-0.100304
-0.100304
-0.100248
-0.100237
-0.100201
-0.100158
-0.100143
-0.100128
-0.100101
-0.10009
-0.100068
-0.100058
-0.100035
-0.09998
-0.0999643
-0.0999183
-0.0999183
-0.0999035
-0.0998749
-0.099847
-0.099847
-0.099819
-0.099757
-0.099741
-0.0997251
-0.0996931
-0.0996931
-0.0996431
-0.0996431
-0.0996258
-0.0995391
-0.0995213
-0.0995038
-0.0994706
-0.0994547
-0.0994238
-0.0994088
-0.0993938
-0.0993344
-0.0993208
-0.0993082
-0.0992968
-0.0992862
-0.0992653
-0.099254
-0.0992273
-0.0992273
-0.0991633
-0.0991468
-0.0991311
-0.0991026
-0.0990754
-0.0990617
-0.0990481
-0.0990345
-0.0989642
-0.098951
-0.098939
-0.0989189
-0.0989109
-0.0989036
-0.0988965
-0.0988894
-0.0988821
-0.0988451
-0.0988335
-0.0988217
-0.0988102
-0.0987899
-0.0987816
-0.0987691
-0.0987643
-0.0987475
-0.0987383
-0.0987341
-0.0987305
-0.0987275
-0.0987248
-0.0987191
-0.0987123
-0.0987061
-0.0987063
-0.098708
-0.0987142
-0.0987176
-0.0987205
-0.0987235
-0.0987218
-0.0987093
-0.0987072
-0.0987061
-0.0987119
-0.0987169
-0.0987227
-0.0987289
-0.0987412
-0.0987608
-0.0987653
-0.0987741
-0.0987741
-0.0987838
-0.0987889
-0.0987944
-0.0988071
-0.0988395
-0.0988567
-0.0988646
-0.0988718
-0.0988787
-0.0988927
-0.0989003
-0.0989087
-0.0989526
-0.0989646
-0.0989763
-0.0989981
-0.0990084
-0.0990301
-0.0990419
-0.0990545
-0.0991244
-0.0991376
-0.0991496
-0.0991602
-0.0991697
-0.0991876
-0.0991971
-0.0992076
-0.0992966
-0.0993125
-0.0993408
-0.099353
-0.0993755
-0.0993869
-0.0994115
-0.0994245
-0.0994833
-0.0994997
-0.0995331
-0.0995498
-0.0995825
-0.0995986
-0.0996147
-0.0996791
-0.0997108
-0.0997256
-0.0997393
-0.0997636
-0.0997748
-0.0997857
-0.099808
-0.0998819
-0.0999005
-0.0999198
-0.0999396
-0.0999595
-0.0999995
-0.100019
-0.100039
-0.100137
-0.100156
-0.100173
-0.10022
-0.10022
-0.100234
-0.100249
-0.100278
-0.100345
-0.100362
-0.100378
-0.100408
-0.100422
-0.100449
-0.100464
-0.100496
-0.100564
-0.10058
-0.100606
-0.100617
-0.100626
-0.100644
-0.100654
-0.100664
-0.100719
-0.100765
-0.100779
-0.100804
-0.100815
-0.100823
-0.100837
-0.100865
-0.100875
-0.100893
-0.100902
-0.100912
-0.100922
-0.100932
-0.100941
-0.10095
-0.100993
-0.101
-0.101006
-0.101016
-0.10102
-0.101029
-0.101034
-0.10106
-0.101064
-0.101067
-0.101068
-0.101067
-0.101064
-0.101059
-0.101056
-0.101053
-0.101051
-0.101053
-0.101057
-0.101067
-0.101073
-0.101078
-0.101087
-0.10109
-0.101091
-0.101072
-0.101062
-0.101038
-0.101025
-0.101012
-0.100999
-0.10097
-0.100958
-0.100955
-0.100954
-0.100951
-0.100948
-0.100935
-0.100926
-0.100916
-0.100853
-0.100829
-0.100817
-0.100807
-0.100797
-0.100778
-0.100767
-0.100742
-0.100702
-0.100676
-0.100664
-0.100641
-0.100629
-0.100618
-0.100605
-0.100591
-0.100529
-0.100494
-0.100477
-0.100445
-0.100431
-0.100416
-0.100401
-0.100386
-0.100354
-0.100281
-0.100262
-0.100244
-0.100209
-0.100193
-0.100162
-0.10013
-0.10006
-0.100043
-0.100011
-0.0999972
-0.0999838
-0.099971
-0.0999458
-0.0999328
-0.0998507
-0.0998306
-0.0998096
-0.0997668
-0.0997668
-0.0997043
-0.0996627
-0.0995843
-0.099552
-0.0995384
-0.0995262
-0.0995039
-0.0994818
-0.09947
-0.09947
-0.0994131
-0.0993962
-0.0993785
-0.0993416
-0.0993228
-0.0992844
-0.099245
-0.0992251
-0.0991438
-0.0991249
-0.0991076
-0.0990783
-0.0990655
-0.0990533
-0.099041
-0.0990146
-0.098932
-0.0988964
-0.0988799
-0.0988651
-0.0988523
-0.0988331
-0.0988257
-0.098813
-0.0987809
-0.0987584
-0.0987348
-0.0987231
-0.0987115
-0.0987003
-0.0986898
-0.0986797
-0.0986396
-0.0986293
-0.0986194
-0.0985929
-0.0985929
-0.0985846
-0.0985767
-0.0985616
-0.0985545
-0.0985333
-0.098529
-0.0985252
-0.0985202
-0.0985191
-0.0985183
-0.0985175
-0.0985104
-0.0985084
-0.0985065
-0.0985071
-0.0985088
-0.0985143
-0.0985173
-0.09852
-0.0985239
-0.0985242
-0.0985253
-0.098531
-0.098536
-0.0985421
-0.0985487
-0.0985554
-0.0985893
-0.0985962
-0.0986081
-0.0986133
-0.0986185
-0.09863
-0.09863
-0.0986447
-0.0986844
-0.0986945
-0.098713
-0.0987217
-0.0987306
-0.0987511
-0.0987629
-0.0987889
-0.0987889
-0.098847
-0.0988614
-0.0988751
-0.0989001
-0.0989123
-0.0989249
-0.0989517
-0.0989824
-0.0990347
-0.0990531
-0.0990885
-0.0991047
-0.0991047
-0.0991355
-0.0991508
-0.0991663
-0.0991823
-0.0993245
-0.0993461
-0.0993667
-0.0994027
-0.0994182
-0.0994465
-0.0995045
-0.0995045
-0.0995511
-0.0995661
-0.0995811
-0.0996122
-0.0996287
-0.0996456
-0.0997359
-0.0997553
-0.0997746
-0.0998129
-0.0998323
-0.099852
-0.0998921
-0.0999127
-0.0999962
-0.100016
-0.100036
-0.100072
-0.10009
-0.100128
-0.100148
-0.100168
-0.100253
-0.100294
-0.100294
-0.100348
-0.100365
-0.100382
-0.100417
-0.100435
-0.100435
-0.100514
-0.100534
-0.100555
-0.100595
-0.100632
-0.10065
-0.100702
-0.100754
-0.100788
-0.100803
-0.100817
-0.100828
-0.100849
-0.100858
-0.100879
-0.10089
-0.10095
-0.100967
-0.100983
-0.101016
-0.101044
-0.101044
-0.101067
-0.101078
-0.101118
-0.101128
-0.101138
-0.101158
-0.101167
-0.101176
-0.101185
-0.101203
-0.10123
-0.101238
-0.10124
-0.101242
-0.101243
-0.101245
-0.101247
-0.10125
-0.101269
-0.101271
-0.101271
-0.101268
-0.101266
-0.101263
-0.101261
-0.10126
-0.101258
-0.101255
-0.10125
-0.101247
-0.101244
-0.101239
-0.101228
-0.101214
-0.101179
-0.101179
-0.101162
-0.101152
-0.101145
-0.101138
-0.101131
-0.101088
-0.10108
-0.101067
-0.101061
-0.101056
-0.101043
-0.101035
-0.101025
-0.100961
-0.100947
-0.100919
-0.100906
-0.100893
-0.100881
-0.100856
-0.100843
-0.10076
-0.100742
-0.100708
-0.100692
-0.100676
-0.100662
-0.100633
-0.100617
-0.100601
-0.100526
-0.100486
-0.100448
-0.10043
-0.100377
-0.10036
-0.100288
-0.100268
-0.100231
-0.100215
-0.100199
-0.100169
-0.100154
-0.100139
-0.100123
-0.100065
-0.100021
-0.0999968
-0.0999727
-0.0999487
-0.0999005
-0.0998765
-0.0998526
-0.099829
-0.0997341
-0.0997092
-0.0996591
-0.0996342
-0.0996093
-0.0995595
-0.0995349
-0.0995106
-0.0994866
-0.0994164
-0.0993721
-0.0993511
-0.0993114
-0.0992918
-0.0992719
-0.0992303
-0.0992089
-0.0991227
-0.0990815
-0.0990622
-0.0990434
-0.0990249
-0.0990066
-0.0989886
-0.0989707
-0.0989332
-0.0988306
-0.0988108
-0.0987754
-0.0987601
-0.0987332
-0.0987332
-0.0987074
-0.0986472
-0.0986316
-0.0986168
-0.0986031
-0.0985906
-0.0985562
-0.0985451
-0.0985339
-0.0984758
-0.0984634
-0.0984516
-0.0984409
-0.0984237
-0.0984169
-0.0984108
-0.0984052
-0.0983936
-0.0983644
-0.0983565
-0.098349
-0.0983369
