-0.0996769
-0.0996781
-0.0996766
-0.0996749
-0.0996735
-0.099673
-0.0996743
-0.0996766
-0.0996795
-0.0996795
-0.0996843
-0.0996824
-0.0996808
-0.09968
-0.0996802
-0.0996826
-0.0996841
-0.0996853
-0.0996859
-0.0996841
-0.0996841
-0.0996845
-0.0996933
-0.0996981
-0.099703
-0.099703
-0.0997117
-0.0997117
-0.0997146
-0.0997115
-0.0997026
-0.099693
-0.0996889
-0.0996856
-0.0996838
-0.0996836
-0.0997021
-0.0997105
-0.0997136
-0.0997154
-0.0997156
-0.0997107
-0.0997064
-0.0997015
-0.0996812
-0.0996802
-0.0996808
-0.099683
-0.099687
-0.0996992
-0.0997068
-0.0997228
-0.0997306
-0.0997523
-0.0997523
-0.0997533
-0.0997497
-0.0997456
-0.0997407
-0.0997351
-0.0997239
-0.099719
-0.0997124
-0.0997178
-0.0997257
-0.0997326
-0.0997344
-0.0997328
-0.0997059
-0.0997059
-0.099694
-0.0996899
-0.0996875
-0.0996875
-0.0996945
-0.0997008
-0.0997084
-0.0997424
-0.0997495
-0.0997552
-0.099759
-0.0997606
-0.09976
-0.0997535
-0.0997485
-0.0997228
-0.0997201
-0.0997189
-0.0997197
-0.0997206
-0.0997212
-0.099721
-0.0997173
-0.0997009
-0.0996999
-0.0997005
-0.0997027
-0.0997101
-0.0997142
-0.099718
-0.0997223
-0.0997102
-0.0996964
-0.0996818
-0.0996754
-0.0996673
-0.0996662
-0.0996693
-0.099684
-0.099687
-0.0996886
-0.0996874
-0.0996849
-0.0996781
-0.0996747
-0.0996712
-0.0996581
-0.0996571
-0.0996577
-0.0996633
-0.0996673
-0.0996752
-0.099678
-0.0996795
-0.099677
-0.0996608
-0.0996536
-0.099639
-0.0996326
-0.0996276
-0.0996234
-0.0996265
-0.0996298
-0.0996442
-0.0996458
-0.0996458
-0.0996458
-0.0996394
-0.0996337
-0.099627
-0.0996122
-0.0996053
-0.0995897
-0.0995903
-0.0995926
-0.0995959
-0.0996041
-0.0996078
-0.0996106
-0.0996119
-0.0995862
-0.0995788
-0.0995716
-0.0995652
-0.0995602
-0.099556
-0.0995568
-0.099559
-0.0995741
-0.0995749
-0.099574
-0.0995683
-0.0995683
-0.0995605
-0.0995572
-0.0995548
-0.099555
-0.0995546
-0.0995528
-0.099552
-0.0995509
-0.0995477
-0.099546
-0.0995444
-0.099542
-0.0995444
-0.0995474
-0.0995534
-0.0995555
-0.0995557
-0.0995535
-0.0995535
-0.0995345
-0.0995324
-0.0995324
-0.0995338
-0.0995382
-0.0995404
-0.0995421
-0.099543
-0.0995437
-0.0995454
-0.0995476
-0.0995522
-0.0995535
-0.0995536
-0.0995494
-0.0995453
-0.0995404
-0.0995258
-0.0995223
-0.0995203
-0.0995225
-0.0995267
-0.0995389
-0.0995459
-0.0995529
-0.0995593
-0.0995697
-0.0995665
-0.0995623
-0.0995576
-0.0995487
-0.0995456
-0.0995441
-0.0995464
-0.099556
-0.0995695
-0.0995773
-0.0995937
-0.0996012
-0.0996122
-0.099615
-0.0996159
-0.0996151
-0.0996009
-0.0995993
-0.0995993
-0.0996052
-0.099611
-0.0996258
-0.0996338
-0.0996418
-0.0996491
-0.0996644
-0.0996635
-0.0996613
-0.0996582
-0.0996548
-0.0996492
-0.0996478
-0.0996478
-0.0996738
-0.099682
-0.0996976
-0.0997039
-0.0997115
-0.0997124
-0.0997124
-0.0997095
-0.0996958
-0.0996957
-0.0996977
-0.0997017
-0.0997145
-0.0997303
-0.0997382
-0.0997456
-0.0997619
-0.0997626
-0.0997628
-0.0997638
-0.0997655
-0.0997727
-0.0997727
-0.0997823
-0.0997872
-0.0998053
-0.0998085
-0.0998105
-0.0998112
-0.0998113
-0.099811
-0.0998111
-0.0998137
-0.0998166
-0.0998205
-0.0998461
-0.0998518
-0.0998518
-0.09985
-0.0998424
-0.0998326
-0.0998225
-0.0998265
-0.0998328
-0.099841
-0.0998615
-0.0998726
-0.0998836
-0.0999037
-0.0999119
-0.0999238
-0.0999223
-0.0999181
-0.0999038
-0.0998947
-0.0998849
-0.0998751
-0.0998563
-0.0998315
-0.0998331
-0.099837
-0.0998426
-0.0998579
-0.0998669
-0.0998765
-0.0998958
-0.0999232
-0.0999252
-0.0999252
-0.0999204
-0.0999162
-0.0999114
-0.0999064
-0.0998979
-0.0998953
-0.0999094
-0.0999212
-0.0999266
-0.0999313
-0.0999346
-0.0999361
-0.0999354
-0.0999325
-0.0998967
-0.0998883
-0.0998726
-0.099866
-0.099866
-0.0998566
-0.0998576
-0.0998603
-0.0998642
-0.0998852
-0.0998903
-0.0998968
-0.0998972
-0.0998954
-0.0998855
-0.0998784
-0.0998702
-0.0998192
-0.0998182
-0.0998196
-0.0998229
-0.0998275
-0.099833
-0.0998448
-0.0998503
-0.0998596
-0.0998553
-0.0998498
-0.0998426
-0.0998343
-0.0998162
-0.0998162
-0.0997966
-0.0997867
-0.0997686
-0.0997436
-0.0997397
-0.0997369
-0.0997353
-0.0997345
-0.0997345
-0.0997339
-0.0997312
-0.099713
-0.0997063
-0.0996992
-0.0996848
-0.0996782
-0.0996723
-0.099667
-0.0996514
-0.099641
-0.0996318
-0.0996285
-0.0996266
-0.0996259
-0.0996259
-0.0996255
-0.0996217
-0.0996175
-0.0995909
-0.0995836
-0.099577
-0.0995663
-0.0995619
-0.0995578
-0.0995487
-0.0995437
-0.0995228
-0.0995187
-0.0995156
-0.0995128
-0.0995125
-0.0995125
-0.0995122
-0.0995113
-0.0995094
-0.0994867
-0.099478
-0.0994599
-0.0994511
-0.0994428
-0.0994356
-0.0994298
-0.0994259
-0.0994248
-0.0994359
-0.0994415
-0.0994472
-0.0994527
-0.0994575
-0.0994632
-0.0994633
-0.0994563
-0.0994127
-0.0994032
-0.0993946
-0.099387
-0.0993752
-0.0993711
-0.0993684
-0.0993659
-0.0993652
-0.0993614
-0.0993582
-0.0993573
-0.0993564
-0.0993532
-0.0993503
-0.0993431
-0.0993397
-0.0993374
-0.0993393
-0.0993416
-0.0993455
-0.0993464
-0.0993467
-0.0993463
-0.0993464
-0.0993535
-0.0993557
-0.0993573
-0.0993578
-0.0993548
-0.0993514
-0.0993514
-0.0993394
-0.0993326
-0.0993348
-0.0993435
-0.099349
-0.0993546
-0.0993601
-0.099365
-0.0993693
-0.0993765
-0.0993913
-0.0993951
-0.0993982
-0.0994004
-0.099403
-0.0994051
-0.0994091
-0.0994128
-0.099429
-0.0994349
-0.0994405
-0.0994489
-0.0994512
-0.0994514
-0.0994499
-0.0994477
-0.0994424
-0.0994377
-0.0994385
-0.0994457
-0.0994594
-0.0994772
-0.0994867
-0.0994964
-0.0995145
-0.0995437
-0.0995508
-0.0995631
-0.0995705
-0.0995728
-0.0995745
-0.099576
-0.0995804
-0.0996005
-0.099607
-0.0996136
-0.0996198
-0.0996257
-0.0996373
-0.0996438
-0.0996509
-0.0996509
-0.0996998
-0.0997054
-0.0997054
-0.0997121
-0.0997155
-0.0997172
-0.0997197
-0.0997231
-0.099728
-0.0997758
-0.0997888
-0.0997888
-0.0998012
-0.0998044
-0.0998118
-0.0998303
-0.0998379
-0.0998454
-0.0998647
-0.0998696
-0.0998736
-0.0998768
-0.0998821
-0.0998942
-0.0999063
-0.0999129
-0.0999249
-0.0999304
-0.0999418
-0.0999418
-0.0999535
-0.0999748
-0.0999787
-0.0999826
-0.0999825
-0.0999818
-0.0999799
-0.0999797
-0.0999806
-0.0999828
-0.100007
-0.100016
-0.100025
-0.100033
-0.100042
-0.100056
-0.10006
-0.100065
-0.100066
-0.100067
-0.100067
-0.100069
-0.10008
-0.100085
-0.100091
-0.100097
-0.100105
-0.100105
-0.100094
-0.100094
-0.10009
-0.100087
-0.100085
-0.100087
-0.100091
-0.100112
-0.100117
-0.100121
-0.100123
-0.100123
-0.100121
-0.100118
-0.100113
-0.100109
-0.1001
-0.100101
-0.100103
-0.100106
-0.100108
-0.10011
-0.100109
-0.100097
-0.100069
-0.100069
-0.100057
-0.100057
-0.10005
-0.10005
-0.100053
-0.100057
-0.10006
-0.100066
-0.100061
-0.100055
-0.100049
-0.100042
-0.100034
-0.100017
-0.100009
-0.0999697
-0.0999645
-0.0999611
-0.0999593
-0.0999586
-0.0999594
-0.0999601
-0.0999605
-0.0999603
-0.099938
-0.099938
-0.099928
-0.0999042
-0.0999042
-0.0998653
-0.0998653
-0.099853
-0.0998317
-0.0998076
-0.0998041
-0.0998008
-0.0997974
-0.0997933
-0.0997824
-0.0997756
-0.0997602
-0.0997266
-0.0997173
-0.0997084
-0.099692
-0.0996842
-0.0996691
-0.0996691
-0.0996615
-0.0996473
-0.0996196
-0.099612
-0.0996046
-0.0995978
-0.0995913
-0.0995772
-0.0995601
-0.0995508
-0.0995315
-0.0994969
-0.0994896
-0.0994832
-0.0994782
-0.0994748
-0.0994728
-0.0994708
-0.0994699
-0.0994684
-0.099447
-0.0994372
-0.0994262
-0.099402
-0.0993897
-0.0993674
-0.0993581
-0.0993581
-0.09935
-0.0993218
-0.0993095
-0.0993095
-0.0993003
-0.0992962
-0.0992919
-0.0992869
-0.0992745
-0.0992745
-0.0992395
-0.0992338
-0.0992229
-0.0992209
-0.0992191
-0.0992175
-0.0992134
-0.0991917
-0.0991871
-0.0991835
-0.0991808
-0.0991777
-0.0991767
-0.0991757
-0.0991741
-0.0991718
-0.0991586
-0.0991546
-0.0991546
-0.0991565
-0.0991578
-0.0991588
-0.0991585
-0.0991566
-0.099144
-0.0991336
-0.0991292
-0.0991259
-0.0991242
-0.0991268
-0.099131
-0.0991425
-0.0991489
-0.0991657
-0.099169
-0.0991704
-0.0991697
-0.0991671
-0.0991632
-0.0991487
-0.0991446
-0.0991446
-0.0991542
-0.0991629
-0.0991833
-0.0991941
-0.0992141
-0.0992227
-0.0992354
-0.0992393
-0.0992334
-0.0992334
-0.0992214
-0.0992182
-0.099216
-0.099215
-0.0992156
-0.0992374
-0.0992464
-0.0992657
-0.0992755
-0.0992953
-0.0993057
-0.0993163
-0.0993267
-0.0993367
-0.0993762
-0.0993945
-0.099402
-0.0994086
-0.0994144
-0.099426
-0.0994326
-0.0994396
-0.0994553
-0.0994952
-0.0995061
-0.0995164
-0.099526
-0.0995343
-0.0995484
-0.0995548
-0.0995614
-0.0995682
-0.0996128
-0.0996339
-0.0996435
-0.0996604
-0.0996755
-0.099683
-0.0996903
-0.0997214
-0.099729
-0.0997358
-0.0997464
-0.0997511
-0.0997561
-0.0997686
-0.0997767
-0.099786
-0.0998188
-0.0998308
-0.0998432
-0.0998667
-0.099877
-0.0998936
-0.0999007
-0.0999074
-0.099944
-0.0999526
-0.099961
-0.0999763
-0.0999763
-0.0999898
-0.0999967
-0.100012
-0.100021
-0.10005
-0.10006
-0.100069
-0.100086
-0.100094
-0.100101
-0.100107
-0.100121
-0.100121
-0.100159
-0.100174
-0.10018
-0.100185
-0.100189
-0.100193
-0.100198
-0.100207
-0.100235
-0.100238
-0.100241
-0.100241
-0.100239
-0.100237
-0.100234
-0.100229
-0.100228
-0.100231
-0.100242
-0.10025
-0.100259
-0.100268
-0.100279
-0.1003
-0.10031
-0.100335
-0.100329
-0.100329
-0.100317
-0.100309
-0.1003
-0.10029
-0.100281
-0.100266
-0.100263
-0.100271
-0.10028
-0.10029
-0.100314
-0.100326
-0.100337
-0.100347
-0.100356
-0.10037
-0.100366
-0.100358
-0.100337
-0.100324
-0.100296
-0.100281
-0.100266
-0.10021
-0.100204
-0.100201
-0.1002
-0.100201
-0.100206
-0.10021
-0.100214
-0.100218
-0.100222
-0.100227
-0.100223
-0.100217
-0.100198
-0.100198
-0.100186
-0.100157
-0.100141
-0.100141
-0.100074
-0.100056
-0.100024
-0.10001
-0.0999874
-0.0999693
-0.0999693
-0.0999539
-0.0999539
-0.0998857
-0.0998857
-0.0998745
-0.099864
-0.0998547
-0.0998388
-0.0998239
-0.0998158
-0.0997673
-0.0997673
-0.0997503
-0.0997427
-0.0997351
-0.0997273
-0.0997097
-0.0996995
-0.0996884
-0.0996255
-0.0996127
-0.0995893
-0.0995793
-0.0995642
-0.099559
-0.0995515
-0.0995405
-0.0995353
-0.0995288
-0.0995208
-0.0995018
-0.0994796
-0.0994674
-0.0994545
-0.0993886
-0.0993764
-0.0993652
-0.099346
-0.099346
-0.0993374
-0.0993206
-0.0993118
-0.0993024
-0.0992592
-0.0992477
-0.0992259
-0.0992164
-0.099201
-0.0991952
-0.09919
-0.09918
-0.0991743
-0.0991594
-0.0991407
-0.099131
-0.0991127
-0.0990864
-0.0990864
-0.0990785
-0.0990643
-0.0990531
-0.0990482
-0.0990344
-0.0990301
-0.0990255
-0.099014
-0.0990074
-0.0989939
-0.0989695
-0.0989653
-0.0989618
-0.0989625
-0.0989641
-0.0989663
-0.0989686
-0.0989706
-0.0989719
-0.0989584
-0.0989533
-0.0989443
-0.0989414
-0.0989398
-0.0989398
-0.0989416
-0.0989431
-0.0989445
-0.0989476
-0.0989534
-0.0989558
-0.0989558
-0.0989583
-0.098963
-0.098963
-0.098963
-0.0989632
-0.0989698
-0.0989745
-0.0989803
-0.0989932
-0.0989995
-0.0990053
-0.0990108
-0.0990223
-0.0990288
-0.0990576
-0.0990614
-0.0990641
-0.0990653
-0.0990653
-0.0990627
-0.0990627
-0.0990627
-0.0990857
-0.0990962
-0.0991082
-0.0991351
-0.099149
-0.0991627
-0.0991877
-0.0991986
-0.0992086
-0.0992477
-0.0992574
-0.0992666
-0.0992846
-0.0992942
-0.0992942
-0.0993045
-0.0993268
-0.0993384
-0.0993836
-0.0993949
-0.0994057
-0.0994258
-0.0994356
-0.0994573
-0.0994694
-0.099482
-0.0995338
-0.0995459
-0.0995571
-0.0995762
-0.0995846
-0.0995927
-0.09961
-0.0996198
-0.0996305
-0.0996956
-0.0997104
-0.0997387
-0.0997515
-0.0997744
-0.0997843
-0.0998026
-0.0998307
-0.0998495
-0.0998581
-0.0998663
-0.0998745
-0.0998929
-0.0999032
-0.0999139
-0.0999997
-0.0999997
-0.100021
-0.10003
-0.100043
-0.10005
-0.100056
-0.100104
-0.100115
-0.100136
-0.100146
-0.100166
-0.100175
-0.100184
-0.100223
-0.100231
-0.100239
-0.100251
-0.100257
-0.100263
-0.100276
-0.100285
-0.100294
-0.100344
-0.100353
-0.100361
-0.100367
-0.100372
-0.10038
-0.100384
-0.100419
-0.100428
-0.100436
-0.100448
-0.100453
-0.100453
-0.100455
-0.100458
-0.100468
-0.100473
-0.100478
-0.100487
-0.100491
-0.100495
-0.100504
-0.100508
-0.100512
-0.100512
-0.100509
-0.100502
-0.1005
-0.100498
-0.100497
-0.100499
-0.100502
-0.10052
-0.10052
-0.100519
-0.100511
-0.100505
-0.100499
-0.100486
-0.10048
-0.100458
-0.100451
-0.10045
-0.10045
-0.100451
-0.100456
-0.100459
-0.100463
-0.100463
-0.10045
-0.100441
-0.100431
-0.100406
-0.100406
-0.100367
-0.100355
-0.100343
-0.100331
-0.10029
-0.100271
-0.100255
-0.100248
-0.100241
-0.100233
-0.100217
-0.100171
-0.100162
-0.100153
-0.100136
-0.100127
-0.100118
-0.100108
-0.100097
-0.10004
-0.100028
-0.100016
-0.0999935
-0.0999834
-0.0999736
-0.0999536
-0.0999429
-0.0999314
-0.0998775
-0.0998632
-0.099835
-0.0998212
-0.0998081
-0.0997957
-0.0997725
-0.099761
-0.09971
-0.0996961
-0.0996824
-0.0996568
-0.0996449
-0.0996333
-0.0996103
-0.0995981
-0.099542
-0.0995129
-0.0994992
-0.0994859
-0.0994726
-0.0994592
-0.0994459
-0.0994196
-0.0993546
-0.0993421
-0.0993118
-0.0993038
-0.0992962
-0.0992887
-0.0992725
-0.0992282
-0.0992018
-0.0991887
-0.099176
-0.099176
-0.0991635
-0.0991384
-0.0991256
-0.0991131
-0.099051
-0.099051
-0.0990283
-0.0990185
-0.09901
-0.0989954
-0.0989887
-0.0989887
-0.0989379
-0.0989281
-0.098919
-0.0989034
-0.0988963
-0.0988835
-0.0988776
-0.0988716
-0.098865
-0.0988324
-0.0988233
-0.0988145
-0.0988065
-0.0987949
-0.0987913
-0.0987869
-0.0987869
-0.0987705
-0.0987649
-0.0987591
-0.0987536
-0.0987485
-0.0987424
-0.0987421
-0.0987437
-0.0987508
-0.0987643
-0.0987678
-0.09877
-0.098769
-0.0987657
-0.0987609
-0.0987551
-0.0987424
-0.0987366
-0.0987308
-0.0987308
-0.0987426
-0.0987505
-0.0987682
-0.098777
-0.0987851
-0.0987981
-0.0988033
-0.0988254
-0.0988254
-0.0988326
-0.0988473
-0.0988545
-0.0988616
-0.0988765
-0.0988846
-0.0988929
-0.098933
-0.0989406
-0.0989531
-0.098958
-0.0989676
-0.0989733
-0.0989883
-0.0990302
-0.0990414
-0.0990522
-0.0990629
-0.0990736
-0.099084
-0.0990939
-0.0991137
-0.0991137
-0.0991633
-0.099191
-0.0992041
-0.0992163
-0.0992278
-0.0992504
-0.0992621
-0.0992877
-0.0993426
-0.0993563
-0.0993696
-0.0993823
-0.0993946
-0.0994196
-0.0994327
-0.0994615
-0.0995258
-0.0995597
-0.0995761
-0.0995915
-0.0996056
-0.0996311
-0.0996431
-0.0996548
-0.0996665
-0.099722
-0.0997546
-0.0997707
-0.0997861
-0.0998144
-0.0998278
-0.099841
-0.0998544
-0.0999109
-0.0999396
-0.0999396
-0.0999652
-0.0999767
-0.0999994
-0.100012
-0.100025
-0.10012
-0.100135
-0.100164
-0.100177
-0.1002
-0.10021
-0.100221
-0.100231
-0.100279
-0.100304
-0.100316
-0.100338
-0.100338
-0.100355
-0.100363
-0.100409
-0.10043
-0.100439
-0.100449
-0.100458
-0.100476
-0.100485
-0.100504
-0.100544
-0.100554
-0.100564
-0.100581
-0.100587
-0.100598
-0.100602
-0.100613
-0.100634
-0.100641
-0.100654
-0.100658
-0.100662
-0.100666
-0.100668
-0.10067
-0.100697
-0.100706
-0.100709
-0.100711
-0.100711
-0.10071
-0.100704
-0.1007
-0.100689
-0.100688
-0.10069
-0.100694
-0.100702
-0.100705
-0.100709
-0.100711
-0.100711
-0.100696
-0.10069
-0.100676
-0.10067
-0.100665
-0.100654
-0.100648
-0.100636
-0.100615
-0.100611
-0.100607
-0.100603
-0.100601
-0.100599
-0.100597
-0.100588
-0.100581
-0.100551
-0.100538
-0.100526
-0.100502
-0.100489
-0.100478
-0.100466
-0.100443
-0.100431
-0.100394
-0.100366
-0.100352
-0.100339
-0.100326
-0.1003
-0.100287
-0.100273
-0.10026
-0.100201
-0.100185
-0.100169
-0.100139
-0.100124
-0.100109
-0.100095
-0.10008
-0.100047
-0.10003
-0.0999403
-0.0999068
-0.0998911
-0.0998765
-0.0998503
-0.099838
-0.0998256
-0.0997985
-0.0997491
-0.0997151
-0.0996989
-0.0996989
-0.0996674
-0.0996514
-0.0996185
-0.0996185
-0.0995853
-0.0995181
-0.0994835
-0.0994669
-0.0994508
-0.0994346
-0.0994182
-0.0994182
-0.0993701
-0.0993541
-0.0992871
-0.0992697
-0.0992525
-0.0992202
-0.0992052
-0.0991907
-0.0991761
-0.0991467
-0.0991323
-0.0990896
-0.0990605
-0.0990464
-0.0990196
-0.0990062
-0.0989925
-0.0989786
-0.0989505
-0.0989357
-0.098872
-0.0988574
-0.0988443
-0.0988228
-0.0988138
-0.0988053
-0.098797
-0.0987883
-0.0987247
-0.0987137
-0.0987034
-0.0986939
-0.0986845
-0.0986753
-0.0986661
-0.0986474
-0.0986381
-0.0985995
-0.0985995
-0.098594
-0.0985898
-0.098586
-0.0985856
-0.0985856
-0.0985848
-0.0985604
-0.0985527
-0.0985527
-0.0985375
-0.098531
-0.0985217
-0.0985217
-0.0985274
-0.098556
-0.098564
-0.0985713
-0.0985777
-0.0985827
-0.0985864
-0.0985847
-0.0985753
-0.0985686
-0.0985468
-0.0985402
-0.0985344
-0.0985261
-0.0985276
-0.0985317
-0.098538
-0.0985461
-0.0985556
-0.0985665
-0.098638
-0.0986534
-0.0986681
-0.098682
-0.098708
-0.0987208
-0.0987333
-0.0987455
-0.0987687
-0.0988138
-0.0988246
-0.0988349
-0.0988546
-0.0988546
-0.098865
-0.0988762
-0.0989013
-0.098915
-0.0989746
-0.0989897
-0.0990043
-0.0990182
-0.0990317
-0.0990591
-0.0990737
-0.0990889
-0.0991208
-0.0991928
-0.0992112
-0.0992292
-0.0992642
-0.0992806
-0.0993119
-0.0993274
-0.0993429
-0.0994091
-0.0994261
-0.0994424
-0.099473
-0.0995025
-0.0995178
-0.0995503
-0.0995668
-0.099616
-0.0996498
-0.0996668
-0.0996834
-0.0996993
-0.0997305
-0.0997817
-0.0998006
-0.0998803
-0.0998998
-0.0998998
-0.0999357
-0.0999522
-0.0999679
-0.0999835
-0.099999
-0.100014
-0.100099
-0.100117
-0.100152
-0.100169
-0.100185
-0.100201
-0.100218
-0.100251
-0.100322
-0.100355
-0.10037
-0.100384
-0.100396
-0.100419
-0.10043
-0.100442
-0.100469
-0.100513
-0.100544
-0.100558
-0.100558
-0.100572
-0.100599
-0.100612
-0.100638
-0.100692
-0.100704
-0.100725
-0.100733
-0.100738
-0.100746
-0.100748
-0.100751
-0.100754
-0.10078
-0.10079
-0.1008
-0.10081
-0.100821
-0.100842
-0.100852
-0.100861
-0.10087
-0.100899
-0.100902
-0.100901
-0.1009
-0.100898
-0.100895
-0.10089
-0.100888
-0.100888
-0.100889
-0.100905
-0.100911
-0.100917
-0.100922
-0.100931
-0.100933
-0.100934
-0.100929
-0.100923
-0.100873
-0.10086
-0.100836
-0.100836
-0.100825
-0.100816
-0.100799
-0.100792
-0.100758
-0.100748
-0.100748
-0.100729
-0.10072
-0.100704
-0.100704
-0.10068
-0.100671
-0.100661
-0.100624
-0.10061
-0.100581
-0.100553
-0.100539
-0.100526
-0.100513
-0.100499
-0.100426
-0.10041
-0.100379
-0.100365
-0.100352
-0.100326
-0.100313
-0.100313
-0.100299
-0.100217
-0.100199
-0.100182
-0.100147
-0.100111
-0.100093
-0.100075
-0.0999837
-0.0999664
-0.0999503
-0.0999216
-0.0999216
-0.0998946
-0.0998805
-0.0998501
-0.0997774
-0.0997576
-0.0997382
-0.099701
-0.0996829
-0.0996469
-0.0996287
-0.09961
-0.0995909
-0.0994908
-0.0994706
-0.0994509
-0.0994133
-0.0993773
-0.0993597
-0.0993421
-0.0992455
-0.0992257
-0.0992067
-0.0991888
-0.0991723
-0.0991567
-0.0991268
-0.0990968
-0.0990136
-0.0989968
-0.0989809
-0.0989655
-0.0989353
-0.0989198
-0.0989042
-0.0988736
-0.0988267
-0.0987966
-0.0987829
-0.0987704
-0.0987587
-0.0987367
-0.0987131
-0.0987003
-0.0986189
-0.098606
-0.0985937
-0.0985821
-0.0985612
-0.0985518
-0.0985341
-0.0984983
-0.0984899
-0.0984826
-0.0984719
-0.098468
-0.0984645
-0.0984611
-0.0984573
-0.0984478
-0.0984162
-0.098407
-0.098398
-0.098382
-0.0983691
-0.0983636
-0.0983584
-0.0983492
-0.098344
-0.0983471
-0.0983515
-0.0983515
-0.0983533
-0.0983523
-0.0983499
-0.0983462
-0.0983417
-0.0983243
-0.0983255
-0.0983255
-0.0983375
-0.0983557
-0.0983661
-0.0983872
-0.0983971
-0.0984223
-0.0984296
-0.0984362
-0.0984459
-0.0984518
-0.0984543
-0.0984569
-0.0984601
-0.0984861
-0.0985082
-0.0985202
-0.0985323
-0.0985662
-0.0985767
-0.0985869
-0.0985968
-0.098654
-0.0986684
-0.0986831
-0.0986977
-0.0987118
-0.0987397
-0.0987542
-0.0987542
-0.0988374
-0.0988536
-0.0988827
-0.0988958
-0.0989085
-0.0989343
-0.0989483
-0.0989634
-0.0990552
-0.0990761
-0.099097
-0.0991173
-0.0991367
-0.0991722
-0.0991888
-0.0992385
-0.0992901
-0.0993241
-0.0993407
-0.0993738
-0.0993738
-0.0994088
-0.0994272
-0.0994458
-0.0995475
-0.0995683
-0.0996083
-0.0996275
-0.0996275
-0.0996662
-0.0996662
-0.0997248
-0.0997453
-0.0998111
-0.0998337
-0.0998783
-0.0999217
-0.0999428
-0.0999829
-0.100002
-0.100021
-0.1001
-0.10012
-0.10014
-0.100159
-0.100195
-0.100213
-0.100232
-0.100271
-0.100291
-0.100373
-0.100392
-0.100428
-0.100445
-0.100478
-0.100495
-0.100529
-0.100601
-0.100637
-0.100654
-0.100685
-0.100699
-0.100724
-0.100736
-0.100791
-0.100803
-0.100825
-0.100843
-0.100852
-0.10087
-0.10088
-0.10093
-0.100951
-0.10096
-0.100968
-0.100982
-0.100987
-0.100999
-0.101005
-0.101043
-0.10105
-0.101062
-0.101065
-0.101068
-0.101069
-0.101072
-0.101093
-0.101099
-0.101103
-0.101103
-0.101109
-0.10111
-0.101108
-0.101107
-0.101105
-0.101105
-0.101105
-0.101105
-0.101101
-0.101097
-0.101093
-0.101088
-0.101077
-0.101051
-0.101045
-0.101034
-0.101031
-0.101026
-0.101024
-0.101022
-0.101018
-0.101013
-0.100977
-0.100965
-0.100965
-0.100927
-0.100914
-0.100914
-0.100889
-0.100876
-0.100862
-0.100806
-0.100791
-0.100775
-0.100744
-0.10073
-0.100715
-0.1007
-0.100685
-0.100669
-0.100602
-0.100585
-0.100567
-0.10053
-0.100512
-0.100474
-0.100455
-0.100435
-0.100416
-0.100339
-0.100339
-0.1003
-0.100281
-0.100245
-0.100226
-0.100206
-0.100164
-0.100142
-0.100073
-0.100049
-0.100025
-0.0999572
-0.0999358
-0.0999358
-0.0999149
-0.0998728
-0.0998508
-0.0997562
-0.0997309
-0.0997055
-0.0996561
-0.0996321
-0.099585
-0.0995619
-0.0995388
-0.0995157
-0.0994454
-0.0994214
-0.0993743
