-0.102329
-0.102329
-0.102326
-0.102324
-0.102315
-0.102315
-0.10231
-0.102309
-0.102311
-0.102327
-0.102342
-0.102361
-0.102365
-0.102367
-0.10236
-0.102353
-0.102337
-0.102313
-0.102299
-0.102299
-0.102304
-0.102318
-0.102339
-0.102362
-0.102372
-0.102407
-0.102412
-0.102416
-0.102411
-0.102398
-0.102389
-0.10237
-0.102326
-0.102316
-0.102298
-0.102285
-0.10228
-0.102281
-0.102289
-0.102324
-0.102334
-0.102357
-0.102379
-0.102388
-0.102404
-0.102405
-0.102389
-0.102381
-0.10236
-0.102337
-0.102316
-0.102297
-0.102255
-0.102255
-0.102255
-0.102244
-0.102244
-0.102252
-0.102265
-0.102278
-0.102281
-0.102281
-0.102263
-0.102239
-0.102212
-0.102187
-0.102177
-0.102163
-0.102163
-0.102178
-0.102185
-0.102198
-0.102206
-0.102207
-0.102191
-0.102191
-0.10218
-0.102171
-0.102167
-0.10217
-0.102179
-0.102209
-0.102218
-0.102237
-0.102253
-0.102266
-0.10227
-0.102268
-0.10225
-0.10225
-0.102241
-0.102239
-0.102246
-0.102259
-0.102268
-0.102325
-0.102325
-0.102351
-0.102364
-0.102398
-0.102412
-0.102414
-0.102399
-0.102399
-0.102391
-0.102388
-0.102395
-0.102401
-0.102418
-0.102466
-0.102466
-0.10249
-0.102511
-0.10253
-0.10253
-0.102523
-0.10251
-0.10251
-0.102506
-0.10251
-0.10253
-0.10254
-0.102558
-0.102582
-0.102582
-0.102581
-0.102573
-0.10256
-0.102545
-0.102529
-0.102501
-0.102501
-0.1025
-0.102506
-0.102517
-0.102529
-0.102538
-0.102532
-0.102532
-0.102515
-0.102491
-0.102461
-0.10243
-0.102398
-0.102343
-0.102343
-0.102323
-0.10231
-0.102303
-0.102299
-0.102291
-0.102277
-0.10227
-0.10225
-0.102225
-0.102195
-0.102163
-0.102147
-0.102094
-0.102085
-0.102073
-0.102066
-0.102062
-0.10206
-0.102055
-0.102035
-0.102035
-0.102019
-0.102001
-0.101985
-0.101972
-0.101966
-0.101971
-0.101977
-0.101993
-0.102011
-0.102037
-0.102048
-0.102054
-0.102053
-0.102053
-0.102046
-0.102034
-0.102022
-0.102014
-0.102023
-0.102056
-0.102071
-0.102106
-0.102144
-0.102163
-0.1022
-0.102233
-0.102278
-0.102278
-0.102297
-0.102302
-0.102313
-0.102334
-0.102354
-0.102393
-0.102408
-0.10244
-0.102472
-0.102503
-0.102529
-0.102549
-0.102572
-0.102579
-0.102592
-0.1026
-0.102616
-0.102637
-0.10266
-0.102698
-0.10271
-0.102731
-0.102747
-0.102755
-0.102755
-0.102742
-0.102727
-0.102724
-0.102725
-0.102735
-0.102749
-0.102757
-0.10277
-0.102776
-0.102776
-0.102768
-0.102754
-0.102732
-0.102706
-0.102676
-0.102615
-0.102601
-0.102574
-0.102552
-0.102536
-0.102522
-0.102516
-0.102496
-0.102488
-0.102468
-0.102442
-0.102409
-0.102372
-0.102332
-0.102251
-0.102251
-0.102214
-0.102181
-0.102155
-0.102124
-0.102107
-0.10208
-0.10207
-0.102046
-0.102017
-0.101984
-0.101949
-0.101931
-0.101864
-0.101864
-0.101837
-0.101814
-0.101808
-0.10181
-0.101817
-0.101825
-0.101824
-0.101818
-0.101804
-0.101789
-0.101775
-0.101769
-0.101779
-0.101779
-0.101797
-0.101821
-0.101848
-0.101875
-0.1019
-0.101939
-0.101947
-0.101955
-0.10198
-0.102
-0.102012
-0.102041
-0.102113
-0.102113
-0.102152
-0.10219
-0.102226
-0.10226
-0.102291
-0.102348
-0.102348
-0.102378
-0.102411
-0.102448
-0.102491
-0.10256
-0.102632
-0.102655
-0.102699
-0.102738
-0.102769
-0.102793
-0.102803
-0.102824
-0.10283
-0.102843
-0.102858
-0.102878
-0.102902
-0.102942
-0.102978
-0.102988
-0.102996
-0.103006
-0.103003
-0.102989
-0.10297
-0.102925
-0.102925
-0.102903
-0.102884
-0.102869
-0.102859
-0.102851
-0.102834
-0.102834
-0.102821
-0.102791
-0.102762
-0.102725
-0.102683
-0.102616
-0.102593
-0.102549
-0.102507
-0.102468
-0.102431
-0.102413
-0.102342
-0.102342
-0.102302
-0.102258
-0.10221
-0.102161
-0.102111
-0.102017
-0.101996
-0.101958
-0.101941
-0.101912
-0.101874
-0.101851
-0.101813
-0.101799
-0.101784
-0.101751
-0.101715
-0.101659
-0.101625
-0.101587
-0.101581
-0.101579
-0.101579
-0.101605
-0.101614
-0.101632
-0.101654
-0.101654
-0.101659
-0.101662
-0.101666
-0.101671
-0.101684
-0.101708
-0.101719
-0.101749
-0.101784
-0.101825
-0.101847
-0.101915
-0.101961
-0.101983
-0.102025
-0.102064
-0.1021
-0.102134
-0.102185
-0.102243
-0.102265
-0.102312
-0.102365
-0.102422
-0.102451
-0.102509
-0.102623
-0.102623
-0.102673
-0.102738
-0.102775
-0.102809
-0.102842
-0.102892
-0.102909
-0.102947
-0.102966
-0.103024
-0.103043
-0.103078
-0.10313
-0.10313
-0.103143
-0.103145
-0.103131
-0.103117
-0.103105
-0.103099
-0.103101
-0.103111
-0.103128
-0.103136
-0.103152
-0.103162
-0.103148
-0.103148
-0.103101
-0.103058
-0.103009
-0.102957
-0.102906
-0.102833
-0.102833
-0.102785
-0.102739
-0.102668
-0.102642
-0.10256
-0.102472
-0.102441
-0.102381
-0.102322
-0.102266
-0.102213
-0.102188
-0.102091
-0.102091
-0.102042
-0.101991
-0.101938
-0.101883
-0.101797
-0.101715
-0.10169
-0.101642
-0.101601
-0.101567
-0.101553
-0.10153
-0.101493
-0.101493
-0.101475
-0.101456
-0.101434
-0.101411
-0.101389
-0.101369
-0.10137
-0.101378
-0.101394
-0.101418
-0.101448
-0.10148
-0.101533
-0.101533
-0.101567
-0.101599
-0.101642
-0.101668
-0.101695
-0.101724
-0.10174
-0.101777
-0.101819
-0.101868
-0.101921
-0.101976
-0.102088
-0.102116
-0.10217
-0.102223
-0.102276
-0.10233
-0.102358
-0.102481
-0.102481
-0.102548
-0.102616
-0.102683
-0.10278
-0.102839
-0.10292
-0.102945
-0.102992
-0.103037
-0.103059
-0.103103
-0.103147
-0.103235
-0.103256
-0.103294
-0.103326
-0.103349
-0.103361
-0.103361
-0.103345
-0.103345
-0.103331
-0.103318
-0.103307
-0.103298
-0.103291
-0.103265
-0.103265
-0.103231
-0.103199
-0.103161
-0.103118
-0.103072
-0.103002
-0.102979
-0.102934
-0.102889
-0.102844
-0.10282
-0.102771
-0.102688
-0.102658
-0.102594
-0.102526
-0.102456
-0.102386
-0.102286
-0.102193
-0.102164
-0.102107
-0.102053
-0.101998
-0.101941
-0.101881
-0.101783
-0.101783
-0.101715
-0.101646
-0.101579
-0.101515
-0.101456
-0.101361
-0.101342
-0.10131
-0.101287
-0.10127
-0.101263
-0.101248
-0.101217
-0.101217
-0.101203
-0.101196
-0.101195
-0.101203
-0.101217
-0.10124
-0.101254
-0.101288
-0.101327
-0.10137
-0.101415
-0.101459
-0.101544
-0.101544
-0.101585
-0.101624
-0.101689
-0.101737
-0.101763
-0.101884
-0.101884
-0.101953
-0.102025
-0.1021
-0.102176
-0.102252
-0.102394
-0.102394
-0.102462
-0.102527
-0.102591
-0.102656
-0.102756
-0.102864
-0.102901
-0.102976
-0.103051
-0.103124
-0.103159
-0.103226
-0.103337
-0.103337
-0.103381
-0.103417
-0.103448
-0.103486
-0.103508
-0.10354
-0.10355
-0.103567
-0.103578
-0.103582
-0.103579
-0.103574
-0.103531
-0.103531
-0.1035
-0.103462
-0.103421
-0.103377
-0.103334
-0.103252
-0.103252
-0.103211
-0.10317
-0.103105
-0.103057
-0.103003
-0.102909
-0.102874
-0.1028
-0.102761
-0.102683
-0.102604
-0.102525
-0.102373
-0.102373
-0.102261
-0.102187
-0.102111
-0.102032
-0.10195
-0.101824
-0.101824
-0.101699
-0.101618
-0.101543
-0.101473
-0.101409
-0.101322
-0.101322
-0.101242
-0.101217
-0.101166
-0.101117
-0.101071
-0.100997
-0.100985
-0.100972
-0.100974
-0.100979
-0.100996
-0.10102
-0.101076
-0.101076
-0.101104
-0.101131
-0.101155
-0.101191
-0.101217
-0.101263
-0.101281
-0.101324
-0.101348
-0.101429
-0.10149
-0.101521
-0.101652
-0.101652
-0.101717
-0.101782
-0.101848
-0.101916
-0.102026
-0.102147
-0.102147
-0.102235
-0.102327
-0.102468
-0.102562
-0.102656
-0.10279
-0.102832
-0.102913
-0.10299
-0.103063
-0.103135
-0.103206
-0.103276
-0.103312
-0.103383
-0.103452
-0.103517
-0.103576
-0.103629
-0.103704
-0.103704
-0.103726
-0.103735
-0.103736
-0.103733
-0.103728
-0.103719
-0.103717
-0.103713
-0.103703
-0.103687
-0.103665
-0.103634
-0.103548
-0.103548
-0.103496
-0.103439
-0.10338
-0.10329
-0.103229
-0.103169
-0.103139
-0.103078
-0.103015
-0.102947
-0.102875
-0.102796
-0.102621
-0.102621
-0.102527
-0.102431
-0.102333
-0.102238
-0.102145
-0.101971
-0.101971
-0.101888
-0.101806
-0.101683
-0.101599
-0.101557
-0.101383
-0.101383
-0.101297
-0.101213
-0.101096
-0.101028
-0.10097
-0.100904
-0.100887
-0.100874
-0.100847
-0.100847
-0.100836
-0.100836
-0.100837
-0.100837
-0.100839
-0.100846
-0.100859
-0.100879
-0.100909
-0.100994
-0.100994
-0.101046
-0.101131
-0.101161
-0.101251
-0.101312
-0.101401
-0.101432
-0.101494
-0.101559
-0.101594
-0.101668
-0.101748
-0.101925
-0.101925
-0.102018
-0.102112
-0.102205
-0.102344
-0.102389
-0.102571
-0.102617
-0.102663
-0.102757
-0.102855
-0.102955
-0.103058
-0.103262
-0.103262
-0.10336
-0.103452
-0.103575
-0.103645
-0.103708
-0.103786
-0.103808
-0.103848
-0.103866
-0.103899
-0.103928
-0.103952
-0.103969
-0.103969
-0.103955
-0.103945
-0.10392
-0.103887
-0.103849
-0.103766
-0.103745
-0.103702
-0.10366
-0.103618
-0.103572
-0.103521
-0.103465
-0.103434
-0.103366
-0.10329
-0.103207
-0.103119
-0.103026
-0.102838
-0.102838
-0.102746
-0.102655
-0.102565
-0.102431
-0.102341
-0.102199
-0.10215
-0.102047
-0.101941
-0.101831
-0.101776
-0.101666
-0.101453
-0.101453
-0.101354
-0.101217
-0.101132
-0.101051
-0.100974
-0.100862
-0.100827
-0.100758
-0.100727
-0.100644
-0.100605
-0.100582
-0.100577
-0.100577
-0.100589
-0.100607
-0.100629
-0.100654
-0.100691
-0.100733
-0.100749
-0.100767
-0.100827
-0.100876
-0.100903
-0.100994
-0.101096
-0.101096
-0.101168
-0.101278
-0.101353
-0.101429
-0.101509
-0.101635
-0.101635
-0.101726
-0.101823
-0.101926
-0.102032
-0.102196
-0.102361
-0.102416
-0.102522
-0.102627
-0.102731
-0.102834
-0.102939
-0.103046
-0.103101
-0.103211
-0.10332
-0.103427
-0.103529
-0.103624
-0.103791
-0.103828
-0.103863
-0.103927
-0.103983
-0.104033
-0.104078
-0.104141
-0.104141
-0.104153
-0.104155
-0.104147
-0.10413
-0.104105
-0.104034
-0.104034
-0.103992
-0.103925
-0.103903
-0.103859
-0.103789
-0.103711
-0.103682
-0.103621
-0.103552
-0.103474
-0.103432
-0.103343
-0.103149
-0.103149
-0.103048
-0.102944
-0.102791
-0.102691
-0.102589
-0.102435
-0.102383
-0.102277
-0.102166
-0.102109
-0.101991
-0.10187
-0.101684
-0.101562
-0.101443
-0.101386
-0.101276
-0.101173
-0.101077
-0.100902
-0.100902
-0.100821
-0.100745
-0.100636
-0.100568
-0.100505
-0.100428
-0.100409
-0.100383
-0.100373
-0.100379
-0.100386
-0.100407
-0.10047
-0.10047
-0.100507
-0.100545
-0.100584
-0.100648
-0.100697
-0.100782
-0.100814
-0.100885
-0.100966
-0.101053
-0.101145
-0.101192
-0.101386
-0.101386
-0.101485
-0.101582
-0.10168
-0.101778
-0.101879
-0.102094
-0.102151
-0.102271
-0.102395
-0.102523
-0.102651
-0.102716
-0.10297
-0.10297
-0.103091
-0.103208
-0.103319
-0.103426
-0.103529
-0.103727
-0.103776
-0.103873
-0.103968
-0.10406
-0.104145
-0.104223
-0.104317
-0.10434
-0.104359
-0.104381
-0.104385
-0.104374
-0.104353
-0.104295
-0.104295
-0.104262
-0.104229
-0.104176
-0.104137
-0.104093
-0.104043
-0.104015
-0.103954
-0.103883
-0.103803
-0.103717
-0.103626
-0.103438
-0.103438
-0.103295
-0.103199
-0.103101
-0.103002
-0.102951
-0.102736
-0.102736
-0.102619
-0.102496
-0.102369
-0.102237
-0.102103
-0.101838
-0.101838
-0.10171
-0.101587
-0.101409
-0.101294
-0.101182
-0.101016
-0.100961
-0.100851
-0.100797
-0.10069
-0.100588
-0.100493
-0.100332
-0.100332
-0.100272
-0.100229
-0.1002
-0.100201
-0.100213
-0.100245
-0.100258
-0.100285
-0.100314
-0.100329
-0.100361
-0.100397
-0.100493
-0.100522
-0.100588
-0.100664
-0.100747
-0.100791
-0.100882
-0.101025
-0.101074
-0.10117
-0.101267
-0.101365
-0.101466
-0.101571
-0.101792
-0.101851
-0.101974
-0.102102
-0.102235
-0.102371
-0.102509
-0.102647
-0.102715
-0.102848
-0.102978
-0.103104
-0.103289
-0.10341
-0.10359
-0.103649
-0.103769
-0.103888
-0.104003
-0.104114
-0.104167
-0.104355
-0.104355
-0.104429
-0.104486
-0.104525
-0.104543
-0.104545
-0.104519
-0.104509
-0.104499
-0.104466
-0.104442
-0.104429
-0.104399
-0.104316
-0.10429
-0.10423
-0.104161
-0.104084
-0.104044
-0.103913
-0.103775
-0.103727
-0.103679
-0.103582
-0.103431
-0.103379
-0.103269
-0.10303
-0.10303
-0.1029
-0.102767
-0.102632
-0.102495
-0.102358
-0.102157
-0.102091
-0.10196
-0.101767
-0.101703
-0.101574
-0.101377
-0.101175
-0.101175
-0.10104
-0.100906
-0.100775
-0.10065
-0.100533
-0.100333
-0.100333
-0.100252
-0.100156
-0.100108
-0.100075
-0.100055
-0.100044
-0.100044
-0.10005
-0.10006
-0.100067
-0.100088
-0.100117
-0.100204
-0.100204
-0.100261
-0.100324
-0.100428
-0.100501
-0.100576
-0.100697
-0.10074
-0.100829
-0.100876
-0.100976
-0.101084
-0.101199
-0.101445
-0.101508
-0.101636
-0.101766
-0.101896
-0.102026
-0.102159
-0.102363
-0.102363
-0.102505
-0.10265
-0.102799
-0.10295
-0.1031
-0.103394
-0.103394
-0.103534
-0.103732
-0.103857
-0.103977
-0.104093
-0.104313
-0.104313
-0.104415
-0.104508
-0.104551
-0.104628
-0.10469
-0.104752
-0.104756
-0.104752
-0.104736
-0.104713
-0.104684
-0.104651
-0.104592
-0.104569
-0.104545
-0.104492
-0.10443
-0.104359
-0.104279
-0.104147
-0.104053
-0.103954
-0.103853
-0.103802
-0.103701
-0.103545
-0.103381
-0.103381
-0.103265
-0.103143
-0.103012
-0.102874
-0.102729
-0.102427
-0.102427
-0.102274
-0.102121
-0.101898
-0.101752
-0.101609
-0.101397
-0.101327
-0.101186
-0.101116
-0.100975
-0.100834
-0.100695
-0.100428
-0.100428
-0.100305
-0.100193
-0.100093
-0.0999723
-0.0999122
-0.0998563
-0.0998462
-0.0998369
-0.0998368
-0.0998431
-0.0998553
-0.0998725
-0.0999256
-0.0999256
-0.0999625
-0.100008
-0.100097
-0.100132
-0.100208
-0.100336
-0.100382
-0.100477
-0.100625
-0.100675
-0.100777
-0.100881
-0.101101
-0.101101
-0.101218
-0.101342
-0.101473
-0.101613
-0.10176
-0.102068
-0.102068
-0.102225
-0.102383
-0.102539
-0.102693
-0.102844
-0.10314
-0.10314
-0.103288
-0.103436
-0.103662
-0.103737
-0.103962
-0.104179
-0.104249
-0.104381
-0.104502
-0.10461
-0.104659
-0.104744
-0.104859
-0.104859
-0.104888
-0.104904
-0.104912
-0.104911
-0.104906
-0.104874
-0.104874
-0.104846
-0.104808
-0.104759
-0.104665
-0.10459
-0.104463
-0.104463
-0.104371
-0.104228
-0.104129
-0.104027
-0.10392
-0.103807
-0.103748
-0.103625
-0.103494
-0.103355
-0.103211
-0.103063
-0.10276
-0.102684
-0.102534
-0.102384
-0.102234
-0.102084
-0.101933
-0.1017
-0.1017
-0.10154
-0.101377
-0.101213
-0.101048
-0.100885
-0.100576
-0.100576
-0.100434
-0.100303
-0.100181
-0.10002
-0.0999262
-0.0998052
-0.0997706
-0.0997101
-0.0996641
-0.0996472
-0.0996244
-0.0996147
-0.0996329
-0.0996459
-0.0996819
-0.0997046
-0.0997583
-0.0998208
-0.0999281
-0.100089
-0.100089
-0.100173
-0.100216
-0.100305
-0.100398
-0.100496
-0.100658
-0.100716
-0.100905
-0.101042
-0.101113
-0.10126
-0.101411
-0.10172
-0.101798
-0.101953
-0.102108
-0.102263
-0.102341
-0.102498
-0.102819
-0.102819
-0.102986
-0.10324
-0.103409
-0.103577
-0.103739
-0.103972
-0.104046
-0.104189
-0.104325
-0.104391
-0.104518
-0.104696
-0.104859
-0.104907
-0.104994
-0.105065
-0.105092
-0.105132
-0.105154
-0.105137
-0.105125
-0.105094
-0.105054
-0.105008
-0.104957
-0.104929
-0.104803
-0.104803
-0.10473
-0.104648
-0.104555
-0.1044
-0.104287
-0.104109
-0.104048
-0.103925
-0.103798
-0.103668
-0.103534
-0.103394
-0.103174
-0.103174
-0.103017
-0.102854
-0.102686
-0.102514
-0.102341
-0.101998
-0.101998
-0.101829
-0.101582
-0.101419
-0.101256
-0.101093
-0.100929
-0.100764
-0.100599
-0.100437
-0.100281
-0.100204
-0.100059
-0.099804
-0.099804
-0.099698
-0.0996066
-0.0995316
-0.0994539
-0.0994249
-0.0994085
-0.0994092
-0.0994188
-0.0994395
-0.0994713
-0.0995154
-0.0995419
-0.0996357
-0.0997085
-0.099788
-0.099873
-0.0999621
-0.100008
-0.100103
-0.100254
-0.100308
-0.100479
-0.100541
-0.100671
-0.100811
-0.100959
-0.101275
-0.101275
-0.10144
-0.10169
-0.101857
-0.102023
-0.10219
-0.102444
-0.102444
-0.102703
-0.10288
-0.103062
-0.103245
-0.103336
-0.103696
-0.103696
-0.103869
-0.104036
-0.104195
-0.104348
-0.104494
-0.104764
-0.104764
-0.10495
-0.105063
-0.105164
-0.105251
-0.105319
-0.10538
-0.105389
-0.105393
-0.105378
-0.105347
-0.105327
-0.105279
-0.10516
-0.10516
-0.105091
-0.105018
-0.104897
-0.104806
-0.104707
-0.10454
-0.10448
-0.104355
-0.104289
-0.104154
-0.104015
-0.103873
-0.10358
-0.10358
-0.103428
-0.103192
-0.103027
-0.102855
-0.102675
-0.102398
-0.102305
-0.10221
-0.102021
-0.101834
-0.101649
-0.101377
-0.101109
-0.101021
-0.100845
-0.100669
-0.100495
-0.100323
-0.100157
-0.0999227
-0.0999227
-0.0997803
-0.0996514
-0.0994872
-0.0993972
-0.0993245
-0.0992513
-0.0992355
-0.0992147
-0.0992069
-0.0992079
-0.0992195
-0.0992433
-0.0993306
-0.0993306
-0.0993925
-0.0994648
-0.0995458
-0.0996787
-0.0997252
-0.099922
-0.0999746
-0.100085
-0.100201
-0.100326
-0.100391
-0.100529
-0.100752
-0.100829
-0.100988
-0.101152
-0.101318
-0.101485
-0.101654
-0.102
-0.102
-0.102179
-0.102363
-0.10265
-0.102848
-0.103049
-0.103452
-0.103452
-0.103552
-0.103746
-0.103934
-0.104113
-0.104284
-0.104604
-0.104604
-0.104752
-0.104962
-0.105094
-0.105157
-0.105274
-0.105457
-0.105457
-0.105516
-0.105564
-0.105569
-0.105555
-0.105527
-0.105485
-0.105459
-0.105402
-0.105337
-0.105231
-0.105193
-0.105068
-0.104926
-0.104874
-0.104762
-0.104639
-0.104574
-0.104437
-0.104221
-0.103996
-0.103996
-0.103767
-0.103611
-0.103452
-0.10329
-0.103124
-0.102951
-0.102861
-0.102677
-0.102485
-0.102289
-0.101987
-0.101886
-0.101483
-0.101483
-0.101286
-0.101094
-0.100908
-0.100725
-0.100547
-0.100288
-0.100118
-0.0999518
-0.0997903
-0.0996361
-0.0994917
-0.0993596
-0.0992442
-0.0991942
-0.099112
-0.0990552
-0.0990224
-0.0990092
-0.0990113
-0.099051
-0.099051
-0.0990852
-0.0991289
-0.0992131
-0.0992826
-0.0993644
-0.0995113
-0.0995658
-0.0996816
-0.0997425
-0.0998698
-0.100003
-0.100141
-0.100425
-0.100497
-0.100645
-0.100721
-0.100877
-0.10104
-0.1013
-0.101576
-0.101671
-0.101767
-0.101962
-0.102159
-0.102356
-0.102552
-0.102943
-0.102943
-0.103237
-0.103435
-0.103535
-0.103735
-0.103936
-0.104328
-0.104328
-0.104516
-0.104694
-0.10494
-0.105088
-0.105225
-0.105403
-0.105456
-0.10555
-0.105626
-0.10568
-0.105714
-0.105723
-0.105719
-0.105719
-0.105693
-0.105651
-0.105596
-0.10553
-0.105455
-0.105288
-0.105288
-0.105197
-0.105101
-0.104999
-0.104889
-0.104771
-0.104575
-0.104504
-0.104353
-0.104193
-0.104024
-0.10385
-0.103671
-0.103306
-0.103306
-0.103123
-0.102937
-0.102749
-0.102558
-0.102363
-0.101956
-0.101851
-0.101745
-0.10153
-0.101314
-0.101099
-0.100886
-0.100478
-0.100478
-0.100285
-0.100101
-0.0999267
-0.0997607
-0.0996033
-0.0993139
-0.0992475
-0.099124
-0.0990679
-0.0989701
-0.0988951
-0.0988441
-0.0988079
-0.0988079
-0.0988207
-0.0988515
-0.0988969
-0.0989543
-0.0990213
-0.0991774
-0.0991774
-0.0992636
-0.0993561
-0.0994562
-0.0995639
-0.0996802
-0.099944
-0.099944
-0.100093
-0.100252
-0.100419
-0.100594
-0.100865
-0.101142
-0.101235
-0.101423
-0.101612
-0.101805
-0.101903
-0.102202
-0.102514
-0.102514
-0.102836
-0.102944
-0.10327
-0.103377
-0.10359
-0.104001
-0.104001
-0.1042
-0.10449
-0.104678
-0.104861
-0.105039
-0.105293
-0.105372
-0.105522
-0.105591
-0.105716
-0.105861
-0.105923
-0.105958
-0.105967
-0.105969
-0.105954
-0.105924
-0.105882
-0.105803
-0.105705
-0.105668
-0.105588
-0.105498
-0.105397
-0.105284
-0.105158
-0.104951
-0.104951
-0.104801
-0.104644
-0.104481
-0.104313
-0.104143
-0.103795
-0.103795
-0.103523
-0.103335
-0.103141
-0.102939
-0.102729
-0.102402
-0.102402
-0.102291
-0.10184
-0.101616
-0.101394
-0.101177
-0.10086
-0.100757
-0.100654
-0.100451
-0.100152
-0.100054
-0.09986
-0.0995767
-0.099486
-0.0993121
-0.0992295
-0.099003
-0.0988192
-0.0987275
-0.0986417
-0.0986259
-0.0986102
-0.0986129
-0.0986205
-0.0986455
-0.0986821
-0.0987837
-0.0987837
-0.0988851
-0.0989244
-0.0990112
-0.0991097
-0.099221
-0.099481
-0.099481
-0.0996272
-0.0997821
-0.0999433
-0.100109
-0.100365
-0.100626
-0.100716
-0.100898
-0.101087
-0.101283
-0.101488
-0.1017
-0.102029
-0.102029
-0.102253
-0.102478
-0.102702
-0.102924
-0.103254
-0.103473
-0.103582
-0.103799
-0.104016
-0.104233
-0.104449
-0.104661
-0.105062
-0.105062
-0.105332
-0.105415
-0.105569
-0.105705
-0.105821
-0.105989
-0.105989
-0.106042
-0.106091
-0.106102
-0.106099
-0.106081
-0.106023
-0.105996
-0.10593
-0.105849
-0.105755
-0.105704
-0.105593
-0.105413
-0.105349
-0.105219
-0.105082
-0.104939
-0.104788
-0.104629
-0.104279
-0.104279
-0.10409
-0.103794
-0.103589
-0.103381
-0.103171
-0.102856
-0.102751
-0.102538
-0.102431
-0.102106
-0.101885
-0.101659
-0.101312
-0.101195
-0.100959
-0.100725
-0.100494
-0.10038
-0.100159
-0.0997424
-0.0997424
-0.0995478
-0.099363
-0.099189
-0.0989487
-0.0988053
-0.0986219
-0.0986219
-0.0985275
-0.0984593
-0.0984166
-0.0983981
-0.0984017
-0.0984624
-0.0984624
-0.0985137
-0.0985755
-0.0986461
-0.0987697
-0.0988645
-0.0990275
-0.0990874
-0.0992167
-0.0993582
-0.0995106
-0.0995904
-0.0997552
-0.100102
-0.100102
-0.100281
-0.100466
-0.100655
-0.10085
-0.101053
-0.101482
-0.101482
-0.101709
-0.101942
-0.102181
-0.102423
-0.102666
-0.103148
-0.103267
-0.103501
-0.103732
-0.103846
-0.104071
-0.104294
-0.104625
-0.104734
-0.10495
-0.105158
-0.105358
-0.105545
-0.105716
-0.105997
-0.106052
-0.106145
-0.106211
-0.106254
-0.10628
-0.106289
-0.106283
-0.106274
-0.106262
-0.106174
-0.106107
-0.106026
-0.10593
-0.105766
-0.105707
-0.105581
-0.10545
-0.105313
-0.105242
-0.105094
-0.104858
-0.104774
-0.1046
-0.104319
-0.10412
-0.103912
-0.103806
-0.103374
-0.103374
-0.103154
-0.102933
-0.102708
-0.102481
-0.10225
-0.101771
-0.101771
-0.101525
-0.101277
-0.100906
-0.100663
-0.100425
-0.100084
-0.0999749
-0.099763
-0.0995599
-0.0993654
-0.0992713
-0.0990894
-0.0988337
-0.0987538
-0.0986049
-0.0984743
-0.0983667
-0.0982865
-0.0982348
-0.0982088
-0.0982088
-0.0982289
-0.0982918
-0.0983519
-0.0984239
-0.0985063
-0.0986457
-0.0986962
-0.098804
-0.0988615
-0.0989839
-0.0991166
-0.0992609
-0.0995006
-0.0995862
-0.0997647
-0.0999508
-0.100143
-0.10034
-0.100541
-0.100955
-0.100955
-0.10128
-0.101392
-0.101738
-0.101977
-0.102223
-0.102597
-0.102723
-0.102973
-0.103097
-0.103344
-0.103588
-0.10383
-0.104307
-0.104307
-0.10466
-0.104894
-0.105122
-0.105343
-0.105555
-0.105847
-0.105847
-0.10602
-0.106169
-0.106291
-0.106384
-0.10645
-0.10651
-0.106512
-0.106507
-0.106487
-0.106455
-0.10641
-0.106352
-0.10624
-0.10624
-0.106196
-0.105981
-0.105918
-0.105711
-0.105636
-0.105315
-0.105315
-0.105144
-0.104967
-0.104784
-0.104595
-0.104399
-0.103979
-0.103869
-0.103641
-0.103405
-0.103163
-0.102917
-0.102669
-0.10242
-0.102296
-0.102047
-0.101799
-0.10155
-0.1013
-0.101048
-0.100539
-0.100539
-0.100286
-0.100038
-0.0999159
-0.0995635
-0.0992369
-0.0989424
-0.0988514
-0.0987643
-0.0986027
-0.0984593
-0.0983363
-0.0982355
-0.0981011
-0.0980814
-0.0980572
-0.0980527
-0.098068
-0.0981022
-0.0981552
-0.0982653
-0.098309
-0.0983556
-0.0984568
-0.0985676
-0.0986857
-0.0988119
-0.0990927
-0.0990927
-0.0992483
-0.0994156
-0.0995958
-0.0997888
-0.0999932
-0.100427
-0.10054
-0.100769
-0.101001
-0.101234
-0.101469
-0.101706
-0.102069
-0.102069
-0.102316
-0.102569
-0.102827
-0.103089
-0.103353
-0.103878
-0.104007
-0.104261
-0.104507
-0.104747
-0.104864
-0.105094
-0.105531
-0.105635
-0.105838
-0.106028
-0.106201
-0.106354
-0.106422
-0.106625
-0.106625
-0.106684
-0.106715
-0.106724
-0.106701
-0.106686
-0.106591
-0.10656
-0.106489
-0.106405
-0.106308
-0.106197
-0.10607
-0.105854
-0.105854
-0.105692
-0.105519
-0.105336
-0.105145
-0.104948
-0.104539
-0.104539
-0.104329
-0.104113
-0.103778
-0.103545
-0.103303
-0.102924
-0.102794
-0.102663
-0.102396
-0.102126
-0.101855
-0.101586
-0.101057
-0.101057
-0.100798
-0.100543
-0.100291
-0.100042
-0.0996754
-0.0993169
-0.0992004
-0.0989738
-0.0987584
-0.0985583
-0.0984654
-0.0982971
-0.0980947
-0.0980419
-0.0979583
-0.0979009
-0.0978661
-0.0978515
-0.0978533
-0.0979051
-0.0979282
-0.0979868
-0.0980621
-0.0981543
-0.0982621
-0.0983843
-0.0985911
-0.0986653
-0.0988198
-0.0989819
-0.0991512
-0.0992385
-0.099419
-0.0997072
-0.0999119
-0.100018
-0.100354
-0.100592
-0.100838
-0.101091
-0.10148
-0.10148
-0.101873
-0.102135
-0.102265
-0.102527
-0.102789
-0.103318
-0.103318
-0.103586
-0.103993
-0.104265
-0.104536
-0.104802
-0.105189
-0.105189
-0.105434
-0.105665
-0.105881
-0.106081
-0.106263
-0.106566
-0.106566
-0.106683
-0.106775
-0.106846
-0.106893
-0.106919
-0.106909
-0.106893
-0.106848
-0.106782
-0.106698
-0.106599
-0.106485
-0.106292
-0.106223
-0.106152
-0.106004
-0.105848
-0.105683
-0.105508
-0.105125
-0.105125
-0.104915
-0.104694
-0.104465
-0.104227
-0.103861
-0.103488
-0.103363
-0.10311
-0.102855
-0.102596
-0.102333
-0.102199
-0.101792
-0.101514
-0.101232
-0.100949
-0.100808
-0.100527
-0.10025
-0.0998476
-0.0997178
-0.0994654
-0.0992231
-0.0989908
-0.0986624
-0.0984576
-0.0981797
-0.0980971
-0.0979505
-0.0978321
-0.0977435
-0.0977105
-0.0976664
-0.0976529
-0.0976529
-0.0976777
-0.0977197
-0.0977758
-0.0978439
-0.0979248
-0.0981254
-0.0981254
-0.0982458
-0.0984548
-0.0986137
-0.0987864
-0.0989718
-0.099375
-0.099375
-0.0995887
-0.0996978
-0.0999195
-0.100145
-0.100375
-0.100854
-0.100854
-0.101104
-0.101362
-0.101767
-0.102046
-0.102331
-0.102765
-0.10291
-0.1032
-0.103487
-0.10377
-0.104047
-0.10432
-0.104589
-0.104721
-0.104983
-0.105239
-0.10549
-0.105851
-0.106078
-0.106388
-0.106481
-0.106647
-0.106786
-0.106845
-0.106976
-0.107029
-0.107067
-0.107071
-0.107065
-0.107056
-0.107027
-0.106952
-0.106882
-0.106745
-0.106691
-0.106569
-0.106431
-0.106279
-0.106199
-0.106115
-0.105659
-0.105659
-0.105364
-0.105261
-0.105051
-0.104832
-0.104604
-0.104117
-0.104117
-0.103858
-0.103591
-0.103181
-0.103042
-0.102624
-0.102207
-0.102068
-0.101791
-0.101513
-0.101234
-0.100954
-0.100672
-0.100246
-0.100246
-0.0999628
-0.0995443
-0.0992744
-0.0990149
-0.098769
-0.0984305
-0.0983269
-0.0981348
-0.0979647
-0.0978185
-0.097755
-0.0976482
-0.097508
-0.097508
-0.0974717
-0.0974571
-0.0974632
-0.0974902
-0.0975385
-0.0976978
-0.0976978
-0.0978056
-0.0979288
-0.0981391
-0.098293
-0.0984559
-0.0987141
-0.0988039
-0.0989903
-0.0991865
-0.0992882
-0.0994996
-0.0997226
-0.100205
-0.100205
-0.100461
-0.100591
-0.100992
-0.101264
-0.101537
-0.10209
-0.10209
-0.102372
-0.102657
-0.102947
-0.103241
-0.103689
-0.104136
-0.104284
-0.104575
-0.104857
-0.10513
-0.105395
-0.105523
-0.105894
-0.106013
-0.106241
-0.106457
-0.106655
-0.106832
-0.106983
-0.107191
-0.107191
-0.107266
-0.107283
-0.107276
-0.107249
-0.107204
-0.10711
-0.10711
-0.107031
-0.106884
-0.106767
-0.106702
-0.106562
-0.106322
-0.106234
-0.105953
-0.105854
-0.105649
-0.105436
-0.105218
-0.104763
-0.104763
-0.104525
-0.10428
-0.104026
-0.103626
-0.103346
-0.102911
-0.102911
-0.102763
-0.102311
-0.102007
-0.101704
-0.101403
-0.100813
-0.100668
-0.100379
-0.100095
-0.0998127
-0.0995335
-0.099395
-0.0988539
-0.0988539
-0.0985964
-0.098352
-0.0981253
-0.0978284
-0.0976655
-0.0974799
-0.097434
-0.0973651
-0.0973233
-0.0973044
-0.0973057
-0.0973131
-0.0973586
-0.0973818
-0.0974403
-0.0975152
-0.097607
-0.0977167
-0.0978444
-0.0981519
-0.0982385
-0.0984213
-0.0986157
-0.0988196
-0.0990308
-0.0992485
-0.0995864
-0.0997026
-0.0999416
-0.100189
-0.100317
-0.100579
-0.100852
-0.101424
-0.101424
-0.101719
-0.102017
-0.102316
-0.102615
-0.103063
-0.103512
-0.103662
-0.103812
-0.104115
-0.104418
-0.104721
-0.105019
-0.105594
-0.105594
-0.105864
-0.106119
-0.106358
-0.106579
-0.106781
-0.107117
-0.107117
-0.107248
-0.107393
-0.107456
-0.107495
-0.107508
-0.107485
-0.107485
-0.10744
-0.107372
-0.107284
-0.107233
-0.107056
-0.106771
-0.106771
-0.106613
-0.106445
-0.106268
-0.105982
-0.105778
-0.10533
-0.10533
-0.105085
-0.104829
-0.104561
-0.104424
-0.104144
-0.103569
-0.103569
-0.103129
-0.102833
-0.102533
-0.102229
-0.102075
-0.101606
-0.101447
-0.101128
-0.100809
-0.100491
-0.100177
-0.0998705
-0.0992862
-0.0992862
-0.0990107
-0.0986192
-0.0983731
-0.0981397
-0.0979211
-0.0976267
-0.0975396
-0.0973854
-0.0972615
-0.0971691
-0.0971342
-0.0970861
-0.0970666
-0.0970847
-0.0971248
-0.0971844
-0.0972604
-0.0973503
-0.0974541
-0.0976357
-0.0976357
-0.0977745
-0.0979285
-0.0980983
-0.0982837
-0.0984841
-0.0989225
-0.0990384
-0.0992765
-0.0995219
-0.0997733
-0.100032
-0.100298
-0.100712
-0.100712
-0.101
-0.101297
-0.101602
-0.101914
-0.102231
-0.102867
-0.102867
-0.103182
-0.103496
-0.103809
-0.104275
-0.104584
-0.105044
-0.105196
-0.105348
-0.105646
-0.105937
-0.106216
-0.106481
-0.106842
-0.10695
-0.107233
-0.107384
-0.107448
-0.107553
-0.107627
-0.107698
-0.107698
-0.107701
-0.107683
-0.107616
-0.107545
-0.107453
-0.107278
-0.107211
-0.107065
-0.106987
-0.10682
-0.106643
-0.106456
-0.106051
-0.106051
-0.105832
-0.105602
-0.105358
-0.104968
-0.104694
-0.104265
-0.104119
-0.103822
-0.103522
-0.103219
-0.103066
-0.102758
-0.102129
-0.102129
-0.101808
-0.101482
-0.100987
-0.100657
-0.100329
-0.0998466
-0.09969
-0.0993835
-0.0990871
-0.0989425
-0.0986611
-0.0983912
-0.0978875
-0.0978875
-0.0976592
-0.0974525
-0.097193
-0.0970602
-0.0969618
-0.0968775
-0.0968645
-0.096859
-0.0968659
-0.0968966
-0.0969478
-0.0970163
-0.0971964
-0.09725
-0.0973676
-0.0975
-0.0976479
-0.0978117
-0.0978999
-0.0982948
-0.0982948
-0.0986278
-0.0988638
-0.0989851
-0.0992337
-0.0994894
-0.100023
-0.100023
-0.100303
-0.100591
-0.100889
-0.101198
-0.101514
-0.102166
-0.102331
-0.10266
-0.10299
-0.103317
-0.10348
-0.103804
-0.104448
-0.104448
-0.104767
-0.105085
-0.105556
-0.105862
-0.106159
-0.106579
-0.106711
-0.106957
-0.107071
-0.107278
-0.107456
-0.107604
-0.107803
-0.107834
-0.107879
-0.107901
-0.107902
-0.107881
-0.107863
-0.107738
-0.107693
-0.107588
-0.107462
-0.107392
-0.107155
-0.107067
-0.106685
-0.106685
-0.106476
-0.106258
-0.10603
-0.10567
-0.105416
-0.105012
-0.104871
-0.10458
-0.104279
-0.104126
-0.103813
-0.103495
-0.102851
-0.102851
-0.102363
-0.102036
-0.101871
-0.101538
-0.101202
-0.10052
-0.10052
-0.10018
-0.099843
-0.0995128
-0.0991921
-0.098884
-0.0983111
-0.0981775
-0.0979222
-0.0976843
-0.0974656
-0.0973642
-0.0971784
-0.0968879
-0.0968346
-0.0967506
-0.0966953
-0.0966688
-0.0966661
-0.0966812
-0.0967857
-0.0967857
-0.0968694
-0.0970266
-0.0971494
-0.0972859
-0.0973593
-0.0976882
-0.0976882
-0.097875
-0.0980783
-0.0982986
-0.0986589
-0.0989164
-0.0994639
-0.0994639
-0.0997512
-0.100044
-0.100193
-0.100492
-0.10095
-0.101261
-0.10142
-0.101741
-0.10207
-0.102406
-0.102921
-0.103267
-0.103786
-0.103958
-0.104128
-0.10463
-0.104794
-0.105117
-0.105434
-0.106047
-0.106195
-0.106342
-0.106627
-0.107028
-0.107152
-0.107382
-0.107756
-0.107756
-0.10789
-0.107988
-0.108073
-0.108094
-0.108089
-0.108041
-0.108016
-0.107952
-0.107913
-0.107821
-0.107711
-0.107582
-0.107265
-0.107265
-0.107078
-0.106876
-0.106548
-0.106315
-0.106073
-0.105695
-0.105565
-0.105299
-0.105023
-0.104882
-0.104592
-0.104291
-0.103653
-0.103653
-0.10332
-0.10298
-0.102635
-0.102288
-0.10194
-0.10125
-0.10125
-0.100909
-0.10057
-0.100234
-0.0998997
-0.0995684
-0.098915
-0.098755
-0.0984416
-0.0981393
-0.0978524
-0.0975854
-0.097343
-0.0970321
-0.0970321
-0.0968628
-0.0967262
-0.0966218
-0.0965474
-0.096499
-0.0964762
-0.0964856
-0.0965227
-0.0965832
-0.0966223
-0.0967177
-0.0968345
-0.0971254
-0.0971254
-0.0972947
-0.0974769
-0.097671
-0.0979841
-0.0982089
-0.0985711
-0.0986991
-0.098966
-0.0992468
-0.0995399
-0.0996903
-0.0999977
