-0.101303
-0.101302
-0.101301
-0.101301
-0.101301
-0.101301
-0.101302
-0.101303
-0.101304
-0.101305
-0.101306
-0.101307
-0.101308
-0.101309
-0.10131
-0.101311
-0.101312
-0.101313
-0.101314
-0.101315
-0.101316
-0.101317
-0.101318
-0.101318
-0.101319
-0.10132
-0.101321
-0.101322
-0.101323
-0.101324
-0.101325
-0.101326
-0.101327
-0.101328
-0.101328
-0.101329
-0.10133
-0.101331
-0.101332
-0.101333
-0.101334
-0.101334
-0.101335
-0.101336
-0.101337
-0.101337
-0.101338
-0.101339
-0.101339
-0.10134
-0.101341
-0.101341
-0.101342
-0.101342
-0.101343
-0.101343
-0.101344
-0.101344
-0.101344
-0.101345
-0.101345
-0.101345
-0.101345
-0.101345
-0.101345
-0.101346
-0.101346
-0.101345
-0.101345
-0.101345
-0.101345
-0.101345
-0.101344
-0.101344
-0.101344
-0.101343
-0.101343
-0.101342
-0.101342
-0.101341
-0.10134
-0.10134
-0.101339
-0.101338
-0.101337
-0.101336
-0.101335
-0.101334
-0.101333
-0.101332
-0.101331
-0.101329
-0.101328
-0.101327
-0.101325
-0.101324
-0.101322
-0.101321
-0.101319
-0.101318
-0.101316
-0.101314
-0.101312
-0.101311
-0.101309
-0.101307
-0.101305
-0.101303
-0.101301
-0.101299
-0.101297
-0.101295
-0.101292
-0.10129
-0.101288
-0.101286
-0.101283
-0.101281
-0.101279
-0.101276
-0.101274
-0.101272
-0.101269
-0.101267
-0.101264
-0.101262
-0.101259
-0.101257
-0.101255
-0.101252
-0.10125
-0.101247
-0.101245
-0.101242
-0.10124
-0.101237
-0.101235
-0.101232
-0.10123
-0.101227
-0.101225
-0.101222
-0.10122
-0.101217
-0.101215
-0.101213
-0.101211
-0.101209
-0.101206
-0.101204
-0.101202
-0.1012
-0.101198
-0.101196
-0.101194
-0.101192
-0.10119
-0.101189
-0.101187
-0.101185
-0.101184
-0.101182
-0.10118
-0.101179
-0.101178
-0.101176
-0.101175
-0.101174
-0.101173
-0.101172
-0.101171
-0.10117
-0.101169
-0.101168
-0.101168
-0.101167
-0.101166
-0.101166
-0.101166
-0.101165
-0.101165
-0.101165
-0.101165
-0.101165
-0.101165
-0.101166
-0.101166
-0.101166
-0.101167
-0.101168
-0.101168
-0.101169
-0.10117
-0.101171
-0.101172
-0.101173
-0.101175
-0.101176
-0.101178
-0.101179
-0.101181
-0.101183
-0.101184
-0.101186
-0.101188
-0.101191
-0.101193
-0.101195
-0.101198
-0.1012
-0.101203
-0.101205
-0.101208
-0.101211
-0.101214
-0.101217
-0.10122
-0.101223
-0.101227
-0.10123
-0.101233
-0.101237
-0.10124
-0.101244
-0.101248
-0.101252
-0.101256
-0.101259
-0.101263
-0.101267
-0.101271
-0.101276
-0.10128
-0.101284
-0.101288
-0.101292
-0.101297
-0.101301
-0.101306
-0.10131
-0.101314
-0.101319
-0.101323
-0.101328
-0.101333
-0.101337
-0.101342
-0.101346
-0.101351
-0.101356
-0.10136
-0.101365
-0.10137
-0.101374
-0.101379
-0.101384
-0.101388
-0.101393
-0.101398
-0.101402
-0.101407
-0.101411
-0.101416
-0.10142
-0.101425
-0.101429
-0.101433
-0.101438
-0.101442
-0.101446
-0.10145
-0.101454
-0.101458
-0.101462
-0.101466
-0.10147
-0.101474
-0.101477
-0.101481
-0.101484
-0.101487
-0.101491
-0.101494
-0.101497
-0.1015
-0.101503
-0.101506
-0.101509
-0.101511
-0.101514
-0.101516
-0.101518
-0.10152
-0.101522
-0.101524
-0.101526
-0.101528
-0.101529
-0.101531
-0.101532
-0.101533
-0.101534
-0.101535
-0.101536
-0.101536
-0.101537
-0.101537
-0.101537
-0.101537
-0.101537
-0.101537
-0.101537
-0.101536
-0.101536
-0.101535
-0.101534
-0.101533
-0.101531
-0.10153
-0.101528
-0.101527
-0.101525
-0.101523
-0.101521
-0.101518
-0.101516
-0.101513
-0.101511
-0.101508
-0.101505
-0.101502
-0.101499
-0.101495
-0.101492
-0.101488
-0.101484
-0.10148
-0.101476
-0.101472
-0.101467
-0.101463
-0.101458
-0.101453
-0.101449
-0.101444
-0.101439
-0.101433
-0.101428
-0.101423
-0.101417
-0.101412
-0.101406
-0.1014
-0.101394
-0.101388
-0.101382
-0.101376
-0.10137
-0.101364
-0.101357
-0.101351
-0.101344
-0.101338
-0.101331
-0.101325
-0.101318
-0.101311
-0.101304
-0.101297
-0.101291
-0.101284
-0.101277
-0.10127
-0.101263
-0.101256
-0.101249
-0.101242
-0.101235
-0.101228
-0.101221
-0.101213
-0.101206
-0.101199
-0.101193
-0.101186
-0.101179
-0.101172
-0.101165
-0.101159
-0.101152
-0.101145
-0.101139
-0.101132
-0.101126
-0.101119
-0.101113
-0.101107
-0.101101
-0.101095
-0.101089
-0.101083
-0.101077
-0.101072
-0.101066
-0.101061
-0.101056
-0.10105
-0.101045
-0.10104
-0.101036
-0.101031
-0.101027
-0.101022
-0.101018
-0.101014
-0.10101
-0.101006
-0.101003
-0.100999
-0.100996
-0.100993
-0.10099
-0.100987
-0.100984
-0.100982
-0.10098
-0.100978
-0.100976
-0.100974
-0.100973
-0.100971
-0.10097
-0.100969
-0.100968
-0.100968
-0.100968
-0.100967
-0.100967
-0.100968
-0.100968
-0.100969
-0.10097
-0.100971
-0.100972
-0.100973
-0.100975
-0.100977
-0.100979
-0.100981
-0.100984
-0.100987
-0.100989
-0.100993
-0.100996
-0.100999
-0.101003
-0.101007
-0.101011
-0.101015
-0.101019
-0.101024
-0.101029
-0.101034
-0.101039
-0.101045
-0.10105
-0.101056
-0.101062
-0.101068
-0.101074
-0.10108
-0.101087
-0.101093
-0.1011
-0.101107
-0.101114
-0.101121
-0.101129
-0.101136
-0.101144
-0.101152
-0.10116
-0.101168
-0.101176
-0.101184
-0.101193
-0.101201
-0.10121
-0.101219
-0.101227
-0.101236
-0.101245
-0.101254
-0.101263
-0.101272
-0.101281
-0.10129
-0.101299
-0.101308
-0.101318
-0.101327
-0.101336
-0.101346
-0.101355
-0.101365
-0.101374
-0.101383
-0.101393
-0.101402
-0.101411
-0.101421
-0.10143
-0.101439
-0.101448
-0.101458
-0.101467
-0.101476
-0.101485
-0.101493
-0.101502
-0.101511
-0.10152
-0.101528
-0.101537
-0.101545
-0.101553
-0.101561
-0.101569
-0.101577
-0.101585
-0.101592
-0.1016
-0.101607
-0.101614
-0.101621
-0.101628
-0.101634
-0.101641
-0.101647
-0.101653
-0.101659
-0.101665
-0.10167
-0.101676
-0.101681
-0.101686
-0.10169
-0.101695
-0.101699
-0.101703
-0.101707
-0.101711
-0.101714
-0.101717
-0.10172
-0.101723
-0.101726
-0.101728
-0.10173
-0.101731
-0.101733
-0.101734
-0.101735
-0.101736
-0.101736
-0.101736
-0.101736
-0.101736
-0.101736
-0.101735
-0.101734
-0.101732
-0.101731
-0.101729
-0.101727
-0.101724
-0.101722
-0.101719
-0.101716
-0.101712
-0.101709
-0.101705
-0.1017
-0.101696
-0.101691
-0.101686
-0.101681
-0.101676
-0.10167
-0.101664
-0.101658
-0.101652
-0.101645
-0.101639
-0.101632
-0.101624
-0.101617
-0.101609
-0.101602
-0.101594
-0.101586
-0.101577
-0.101568
-0.10156
-0.101551
-0.101541
-0.101532
-0.101522
-0.101513
-0.101503
-0.101493
-0.101483
-0.101473
-0.101462
-0.101452
-0.101441
-0.10143
-0.101419
-0.101408
-0.101397
-0.101386
-0.101375
-0.101363
-0.101352
-0.101341
-0.101329
-0.101317
-0.101306
-0.101294
-0.101282
-0.101271
-0.101259
-0.101247
-0.101235
-0.101224
-0.101212
-0.1012
-0.101188
-0.101177
-0.101165
-0.101153
-0.101142
-0.10113
-0.101119
-0.101107
-0.101096
-0.101085
-0.101074
-0.101063
-0.101052
-0.101041
-0.10103
-0.101019
-0.101009
-0.100999
-0.100989
-0.100979
-0.100969
-0.100959
-0.10095
-0.100941
-0.100932
-0.100923
-0.100914
-0.100906
-0.100897
-0.100889
-0.100881
-0.100874
-0.100866
-0.100859
-0.100852
-0.100845
-0.100839
-0.100833
-0.100827
-0.100821
-0.100816
-0.10081
-0.100805
-0.100801
-0.100796
-0.100793
-0.100789
-0.100786
-0.100782
-0.10078
-0.100777
-0.100775
-0.100773
-0.100771
-0.10077
-0.100769
-0.100769
-0.100768
-0.100768
-0.100768
-0.100769
-0.10077
-0.100771
-0.100772
-0.100774
-0.100776
-0.100779
-0.100782
-0.100785
-0.100788
-0.100792
-0.100796
-0.1008
-0.100805
-0.10081
-0.100815
-0.10082
-0.100826
-0.100832
-0.100839
-0.100846
-0.100853
-0.10086
-0.100867
-0.100875
-0.100883
-0.100892
-0.1009
-0.100909
-0.100918
-0.100928
-0.100937
-0.100947
-0.100957
-0.100968
-0.100978
-0.100989
-0.101
-0.101011
-0.101023
-0.101035
-0.101046
-0.101058
-0.101071
-0.101083
-0.101095
-0.101108
-0.101121
-0.101134
-0.101147
-0.10116
-0.101174
-0.101187
-0.101201
-0.101214
-0.101228
-0.101242
-0.101256
-0.10127
-0.101284
-0.101298
-0.101312
-0.101326
-0.10134
-0.101354
-0.101369
-0.101383
-0.101397
-0.101411
-0.101425
-0.101439
-0.101453
-0.101467
-0.101481
-0.101495
-0.101509
-0.101522
-0.101536
-0.101549
-0.101563
-0.101576
-0.101589
-0.101602
-0.101615
-0.101628
-0.10164
-0.101653
-0.101665
-0.101677
-0.101689
-0.101701
-0.101712
-0.101723
-0.101734
-0.101745
-0.101756
-0.101766
-0.101776
-0.101786
-0.101795
-0.101804
-0.101813
-0.101822
-0.101831
-0.101839
-0.101847
-0.101854
-0.101861
-0.101868
-0.101875
-0.101881
-0.101887
-0.101893
-0.101898
-0.101903
-0.101908
-0.101912
-0.101916
-0.10192
-0.101923
-0.101926
-0.101928
-0.10193
-0.101932
-0.101934
-0.101935
-0.101936
-0.101936
-0.101936
-0.101936
-0.101935
-0.101934
-0.101932
-0.10193
-0.101928
-0.101925
-0.101922
-0.101919
-0.101915
-0.101911
-0.101906
-0.101901
-0.101896
-0.101891
-0.101885
-0.101878
-0.101872
-0.101865
-0.101857
-0.10185
-0.101842
-0.101833
-0.101824
-0.101815
-0.101806
-0.101796
-0.101786
-0.101776
-0.101765
-0.101754
-0.101743
-0.101732
-0.10172
-0.101708
-0.101696
-0.101683
-0.10167
-0.101657
-0.101644
-0.101631
-0.101617
-0.101603
-0.101589
-0.101574
-0.10156
-0.101545
-0.10153
-0.101515
-0.1015
-0.101484
-0.101469
-0.101453
-0.101437
-0.101421
-0.101405
-0.101389
-0.101373
-0.101357
-0.10134
-0.101324
-0.101308
-0.101291
-0.101275
-0.101258
-0.101241
-0.101225
-0.101208
-0.101192
-0.101175
-0.101158
-0.101142
-0.101126
-0.101109
-0.101093
-0.101077
-0.101061
-0.101045
-0.101029
-0.101013
-0.100998
-0.100982
-0.100967
-0.100952
-0.100937
-0.100922
-0.100908
-0.100893
-0.100879
-0.100865
-0.100851
-0.100838
-0.100825
-0.100812
-0.100799
-0.100786
-0.100774
-0.100762
-0.10075
-0.100739
-0.100728
-0.100718
-0.100707
-0.100697
-0.100688
-0.100678
-0.100669
-0.10066
-0.100652
-0.100643
-0.100636
-0.100628
-0.100622
-0.100615
-0.100609
-0.100604
-0.100599
-0.100594
-0.100589
-0.100585
-0.100582
-0.100579
-0.100576
-0.100574
-0.100572
-0.10057
-0.100569
-0.100568
-0.100568
-0.100568
-0.100569
-0.10057
-0.100571
-0.100573
-0.100576
-0.100578
-0.100582
-0.100585
-0.100589
-0.100594
-0.100599
-0.100604
-0.10061
-0.100616
-0.100623
-0.10063
-0.100637
-0.100645
-0.100653
-0.100662
-0.100671
-0.10068
-0.10069
-0.1007
-0.10071
-0.100721
-0.100732
-0.100744
-0.100756
-0.100768
-0.100781
-0.100794
-0.100807
-0.100821
-0.100835
-0.100849
-0.100864
-0.100878
-0.100894
-0.100909
-0.100925
-0.10094
-0.100957
-0.100973
-0.100989
-0.101006
-0.101023
-0.10104
-0.101058
-0.101075
-0.101093
-0.101111
-0.101129
-0.101147
-0.101166
-0.101184
-0.101202
-0.101221
-0.10124
-0.101258
-0.101277
-0.101296
-0.101315
-0.101334
-0.101353
-0.101372
-0.101391
-0.10141
-0.101429
-0.101448
-0.101467
-0.101486
-0.101504
-0.101523
-0.101542
-0.10156
-0.101578
-0.101597
-0.101615
-0.101633
-0.10165
-0.101668
-0.101685
-0.101702
-0.101719
-0.101736
-0.101753
-0.101769
-0.101785
-0.101801
-0.101817
-0.101832
-0.101847
-0.101862
-0.101876
-0.10189
-0.101904
-0.101918
-0.101931
-0.101944
-0.101956
-0.101968
-0.10198
-0.101991
-0.102002
-0.102013
-0.102023
-0.102033
-0.102042
-0.102051
-0.102059
-0.102068
-0.102075
-0.102082
-0.102089
-0.102095
-0.102101
-0.102106
-0.102111
-0.102116
-0.10212
-0.102124
-0.102127
-0.10213
-0.102132
-0.102133
-0.102135
-0.102135
-0.102136
-0.102135
-0.102135
-0.102133
-0.102131
-0.102129
-0.102126
-0.102123
-0.10212
-0.102115
-0.102111
-0.102105
-0.1021
-0.102094
-0.102087
-0.10208
-0.102072
-0.102064
-0.102056
-0.102047
-0.102038
-0.102028
-0.102018
-0.102007
-0.101996
-0.101984
-0.101972
-0.10196
-0.101947
-0.101934
-0.10192
-0.101906
-0.101892
-0.101877
-0.101862
-0.101846
-0.101831
-0.101815
-0.101798
-0.101781
-0.101764
-0.101747
-0.101729
-0.101711
-0.101693
-0.101674
-0.101655
-0.101637
-0.101617
-0.101598
-0.101578
-0.101558
-0.101538
-0.101518
-0.101498
-0.101477
-0.101457
-0.101436
-0.101415
-0.101394
-0.101373
-0.101352
-0.10133
-0.101309
-0.101288
-0.101266
-0.101245
-0.101223
-0.101202
-0.10118
-0.101159
-0.101138
-0.101117
-0.101096
-0.101074
-0.101053
-0.101033
-0.101012
-0.100991
-0.100971
-0.100951
-0.100931
-0.100911
-0.100891
-0.100871
-0.100852
-0.100833
-0.100814
-0.100795
-0.100777
-0.100758
-0.100741
-0.100723
-0.100706
-0.100689
-0.100673
-0.100657
-0.100641
-0.100625
-0.10061
-0.100596
-0.100581
-0.100567
-0.100554
-0.100541
-0.100528
-0.100516
-0.100504
-0.100493
-0.100482
-0.100471
-0.100461
-0.100452
-0.100443
-0.100434
-0.100426
-0.100419
-0.100412
-0.100405
-0.100399
-0.100394
-0.100389
-0.100385
-0.100381
-0.100377
-0.100374
-0.100372
-0.10037
-0.100369
-0.100368
-0.100368
-0.100368
-0.100369
-0.100371
-0.100373
-0.100376
-0.100379
-0.100383
-0.100387
-0.100392
-0.100397
-0.100403
-0.10041
-0.100417
-0.100424
-0.100432
-0.100441
-0.10045
-0.100459
-0.100469
-0.10048
-0.100491
-0.100503
-0.100515
-0.100527
-0.10054
-0.100554
-0.100567
-0.100582
-0.100597
-0.100612
-0.100628
-0.100644
-0.10066
-0.100677
-0.100695
-0.100712
-0.10073
-0.100749
-0.100768
-0.100787
-0.100806
-0.100826
-0.100846
-0.100867
-0.100888
-0.100908
-0.10093
-0.100951
-0.100973
-0.100995
-0.101017
-0.101039
-0.101062
-0.101084
-0.101107
-0.10113
-0.101154
-0.101177
-0.1012
-0.101224
-0.101247
-0.101271
-0.101295
-0.101318
-0.101342
-0.101366
-0.10139
-0.101414
-0.101437
-0.101461
-0.101485
-0.101508
-0.101532
-0.101556
-0.101579
-0.101602
-0.101625
-0.101648
-0.101671
-0.101693
-0.101716
-0.101738
-0.10176
-0.101781
-0.101803
-0.101824
-0.101845
-0.101865
-0.101886
-0.101906
-0.101925
-0.101945
-0.101964
-0.101983
-0.102001
-0.102019
-0.102036
-0.102054
-0.10207
-0.102087
-0.102102
-0.102118
-0.102133
-0.102147
-0.102161
-0.102175
-0.102188
-0.1022
-0.102212
-0.102223
-0.102234
-0.102245
-0.102254
-0.102264
-0.102273
-0.102281
-0.102288
-0.102296
-0.102302
-0.102308
-0.102314
-0.102319
-0.102323
-0.102326
-0.102329
-0.102332
-0.102334
-0.102335
-0.102336
-0.102336
-0.102335
-0.102334
-0.102332
-0.10233
-0.102327
-0.102323
-0.102319
-0.102314
-0.102309
-0.102303
-0.102296
-0.102289
-0.102281
-0.102273
-0.102264
-0.102254
-0.102244
-0.102234
-0.102223
-0.102211
-0.102199
-0.102186
-0.102172
-0.102158
-0.102144
-0.102129
-0.102113
-0.102098
-0.102081
-0.102064
-0.102047
-0.102029
-0.102011
-0.101992
-0.101973
-0.101953
-0.101933
-0.101913
-0.101892
-0.101871
-0.101849
-0.101828
-0.101805
-0.101783
-0.10176
-0.101737
-0.101713
-0.10169
-0.101666
-0.101641
-0.101617
-0.101592
-0.101567
-0.101542
-0.101517
-0.101492
-0.101466
-0.10144
-0.101414
-0.101389
-0.101363
-0.101336
-0.10131
-0.101284
-0.101258
-0.101232
-0.101205
-0.101179
-0.101153
-0.101127
-0.101101
-0.101075
-0.101049
-0.101023
-0.100998
-0.100972
-0.100947
-0.100922
-0.100897
-0.100872
-0.100847
-0.100823
-0.100799
-0.100775
-0.100752
-0.100728
-0.100705
-0.100683
-0.10066
-0.100639
-0.100617
-0.100596
-0.100575
-0.100554
-0.100534
-0.100515
-0.100496
-0.100477
-0.100459
-0.100441
-0.100424
-0.100407
-0.10039
-0.100375
-0.100359
-0.100345
-0.10033
-0.100317
-0.100303
-0.100291
-0.100279
-0.100268
-0.100257
-0.100246
-0.100237
-0.100228
-0.100219
-0.100212
-0.100205
-0.100198
-0.100192
-0.100187
-0.100183
-0.100179
-0.100175
-0.100173
-0.100171
-0.100169
-0.100168
-0.100168
-0.100169
-0.100171
-0.100173
-0.100176
-0.100179
-0.100183
-0.100188
-0.100193
-0.100199
-0.100205
-0.100213
-0.100221
-0.100229
-0.100238
-0.100248
-0.100259
-0.10027
-0.100282
-0.100294
-0.100307
-0.10032
-0.100335
-0.100349
-0.100364
-0.10038
-0.100397
-0.100414
-0.100431
-0.100449
-0.100468
-0.100487
-0.100506
-0.100527
-0.100547
-0.100568
-0.10059
-0.100612
-0.100634
-0.100657
-0.10068
-0.100704
-0.100728
-0.100752
-0.100777
-0.100802
-0.100827
-0.100853
-0.100879
-0.100905
-0.100931
-0.100958
-0.100985
-0.101013
-0.10104
-0.101068
-0.101095
-0.101123
-0.101151
-0.10118
-0.101208
-0.101237
-0.101265
-0.101294
-0.101322
-0.101351
-0.101379
-0.101408
-0.101437
-0.101465
-0.101494
-0.101522
-0.10155
-0.101578
-0.101607
-0.101634
-0.101662
-0.10169
-0.101717
-0.101744
-0.101771
-0.101798
-0.101825
-0.101851
-0.101877
-0.101903
-0.101928
-0.101953
-0.101977
-0.102002
-0.102026
-0.102049
-0.102072
-0.102095
-0.102117
-0.102139
-0.10216
-0.102181
-0.102202
-0.102221
-0.102241
-0.10226
-0.102278
-0.102296
-0.102313
-0.102329
-0.102345
-0.102361
-0.102376
-0.10239
-0.102403
-0.102417
-0.102429
-0.102441
-0.102452
-0.102462
-0.102472
-0.102481
-0.102489
-0.102497
-0.102504
-0.102511
-0.102516
-0.102521
-0.102525
-0.102529
-0.102531
-0.102533
-0.102535
-0.102535
-0.102535
-0.102535
-0.102533
-0.102531
-0.102528
-0.102524
-0.10252
-0.102515
-0.102509
-0.102502
-0.102495
-0.102487
-0.102478
-0.102469
-0.102459
-0.102448
-0.102436
-0.102424
-0.102411
-0.102398
-0.102384
-0.102369
-0.102354
-0.102338
-0.102321
-0.102304
-0.102286
-0.102267
-0.102248
-0.102229
-0.102208
-0.102188
-0.102166
-0.102145
-0.102122
-0.102099
-0.102076
-0.102052
-0.102028
-0.102003
-0.101978
-0.101952
-0.101926
-0.1019
-0.101873
-0.101846
-0.101818
-0.10179
-0.101762
-0.101733
-0.101705
-0.101676
-0.101646
-0.101617
-0.101587
-0.101557
-0.101527
-0.101496
-0.101466
-0.101435
-0.101404
-0.101374
-0.101343
-0.101312
-0.101281
-0.10125
-0.101219
-0.101187
-0.101156
-0.101125
-0.101095
-0.101064
-0.101033
-0.101003
-0.100972
-0.100942
-0.100912
-0.100882
-0.100852
-0.100822
-0.100793
-0.100764
-0.100735
-0.100707
-0.100679
-0.100651
-0.100624
-0.100597
-0.10057
-0.100544
-0.100518
-0.100493
-0.100468
-0.100443
-0.100419
-0.100396
-0.100373
-0.10035
-0.100328
-0.100307
-0.100286
-0.100265
-0.100246
-0.100226
-0.100208
-0.10019
-0.100173
-0.100156
-0.10014
-0.100125
-0.10011
-0.100096
-0.100083
-0.10007
-0.100058
-0.100047
-0.100037
-0.100027
-0.100018
-0.10001
-0.100002
-0.0999953
-0.0999893
-0.0999841
-0.0999796
-0.0999758
-0.0999729
-0.0999707
-0.0999693
-0.0999687
-0.0999689
-0.0999698
-0.0999715
-0.0999741
-0.0999774
-0.0999815
-0.0999863
-0.099992
-0.0999983
-0.100005
-0.100013
-0.100022
-0.100032
-0.100042
-0.100053
-0.100065
-0.100077
-0.10009
-0.100104
-0.100119
-0.100134
-0.10015
-0.100167
-0.100184
-0.100202
-0.100221
-0.10024
-0.10026
-0.100281
-0.100302
-0.100324
-0.100346
-0.100369
-0.100393
-0.100417
-0.100442
-0.100467
-0.100493
-0.10052
-0.100546
-0.100574
-0.100601
-0.100629
-0.100658
-0.100687
-0.100716
-0.100746
-0.100776
-0.100807
-0.100837
-0.100869
-0.1009
-0.100932
-0.100964
-0.100996
-0.101028
-0.10106
-0.101093
-0.101126
-0.101159
-0.101192
-0.101225
-0.101259
-0.101292
-0.101326
-0.101359
-0.101393
-0.101426
-0.101459
-0.101493
-0.101526
-0.101559
-0.101592
-0.101625
-0.101658
-0.10169
-0.101723
-0.101755
-0.101787
-0.101819
-0.10185
-0.101881
-0.101912
-0.101943
-0.101973
-0.102003
-0.102032
-0.102061
-0.10209
-0.102118
-0.102146
-0.102173
-0.1022
-0.102227
-0.102253
-0.102278
-0.102303
-0.102327
-0.10235
-0.102373
-0.102396
-0.102418
-0.102439
-0.102459
-0.102479
-0.102498
-0.102517
-0.102535
-0.102552
-0.102568
-0.102584
-0.102599
-0.102614
-0.102627
-0.10264
-0.102652
-0.102663
-0.102673
-0.102683
-0.102692
-0.1027
-0.102707
-0.102713
-0.102719
-0.102724
-0.102728
-0.102731
-0.102733
-0.102735
-0.102735
-0.102735
-0.102734
-0.102732
-0.102729
-0.102726
-0.102722
-0.102716
-0.10271
-0.102703
-0.102695
-0.102687
-0.102677
-0.102667
-0.102656
-0.102644
-0.102632
-0.102618
-0.102604
-0.102589
-0.102573
-0.102557
-0.10254
-0.102522
-0.102503
-0.102484
-0.102463
-0.102443
-0.102421
-0.102399
-0.102376
-0.102353
-0.102328
-0.102304
-0.102278
-0.102252
-0.102226
-0.102199
-0.102171
-0.102143
-0.102114
-0.102085
-0.102055
-0.102025
-0.101994
-0.101963
-0.101931
-0.101899
-0.101867
-0.101834
-0.101801
-0.101768
-0.101734
-0.1017
-0.101666
-0.101631
-0.101596
-0.101561
-0.101526
-0.101491
-0.101456
-0.10142
-0.101385
-0.101349
-0.101313
-0.101277
-0.101241
-0.101206
-0.10117
-0.101134
-0.101098
-0.101062
-0.101027
-0.100991
-0.100956
-0.100921
-0.100886
-0.100851
-0.100817
-0.100783
-0.100749
-0.100715
-0.100682
-0.100648
-0.100616
-0.100583
-0.100551
-0.10052
-0.100489
-0.100458
-0.100428
-0.100398
-0.100369
-0.10034
-0.100312
-0.100284
-0.100257
-0.100231
-0.100205
-0.100179
-0.100155
-0.100131
-0.100107
-0.100085
-0.100063
-0.100042
-0.100021
-0.100001
-0.0999822
-0.0999639
-0.0999463
-0.0999296
-0.0999136
-0.0998984
-0.099884
-0.0998704
-0.0998576
-0.0998457
-0.0998346
-0.0998243
-0.0998149
-0.0998062
-0.0997985
-0.0997915
-0.0997856
-0.0997805
-0.0997764
-0.0997731
-0.0997708
-0.0997693
-0.0997688
-0.0997691
-0.0997703
-0.0997724
-0.0997754
-0.0997793
-0.0997841
-0.0997898
-0.0997964
-0.0998039
-0.0998122
-0.0998213
-0.0998313
-0.0998422
-0.0998539
-0.0998666
-0.0998802
-0.0998947
-0.09991
-0.0999262
-0.0999431
-0.0999608
-0.0999793
-0.0999986
-0.100019
-0.100039
-0.100061
-0.100083
-0.100106
-0.10013
-0.100155
-0.10018
-0.100206
-0.100232
-0.10026
-0.100288
-0.100316
-0.100345
-0.100375
-0.100405
-0.100436
-0.100467
-0.100499
-0.100531
-0.100564
-0.100597
-0.100631
-0.100665
-0.1007
-0.100735
-0.10077
-0.100806
-0.100842
-0.100878
-0.100914
-0.100951
-0.100988
-0.101025
-0.101063
-0.1011
-0.101138
-0.101176
-0.101214
-0.101253
-0.101291
-0.101329
-0.101367
-0.101406
-0.101444
-0.101482
-0.10152
-0.101558
-0.101596
-0.101634
-0.101672
-0.101709
-0.101746
-0.101783
-0.10182
-0.101857
-0.101893
-0.101929
-0.101964
-0.102
-0.102035
-0.102069
-0.102103
-0.102137
-0.10217
-0.102203
-0.102235
-0.102266
-0.102298
-0.102328
-0.102358
-0.102388
-0.102416
-0.102445
-0.102472
-0.102499
-0.102525
-0.102551
-0.102576
-0.1026
-0.102623
-0.102646
-0.102668
-0.102689
-0.102709
-0.102729
-0.102747
-0.102765
-0.102782
-0.102798
-0.102814
-0.102828
-0.102842
-0.102854
-0.102866
-0.102877
-0.102887
-0.102896
-0.102904
-0.102912
-0.102918
-0.102923
-0.102927
-0.102931
-0.102933
-0.102935
-0.102935
-0.102935
-0.102934
-0.102931
-0.102928
-0.102924
-0.102919
-0.102913
-0.102906
-0.102898
-0.102889
-0.102879
-0.102868
-0.102856
-0.102844
-0.10283
-0.102816
-0.1028
-0.102784
-0.102767
-0.102749
-0.10273
-0.10271
-0.10269
-0.102669
-0.102647
-0.102624
-0.1026
-0.102575
-0.10255
-0.102524
-0.102497
-0.102469
-0.102441
-0.102412
-0.102382
-0.102352
-0.102321
-0.10229
-0.102257
-0.102224
-0.102191
-0.102157
-0.102123
-0.102088
-0.102052
-0.102017
-0.10198
-0.101944
-0.101906
-0.101869
-0.101831
-0.101793
-0.101754
-0.101715
-0.101676
-0.101636
-0.101597
-0.101557
-0.101517
-0.101477
-0.101436
-0.101396
-0.101355
-0.101315
-0.101274
-0.101234
-0.101193
-0.101152
-0.101111
-0.101071
-0.10103
-0.10099
-0.10095
-0.10091
-0.10087
-0.10083
-0.10079
-0.100751
-0.100713
-0.100674
-0.100636
-0.100598
-0.100561
-0.100524
-0.100487
-0.100451
-0.100415
-0.10038
-0.100345
-0.100311
-0.100277
-0.100244
-0.100212
-0.10018
-0.100148
-0.100117
-0.100087
-0.100058
-0.100029
-0.100002
-0.0999747
-0.0999486
-0.0999232
-0.0998985
-0.0998747
-0.0998516
-0.0998293
-0.0998078
-0.0997872
-0.0997674
-0.0997485
-0.0997305
-0.0997133
-0.0996971
-0.0996818
-0.0996674
-0.099654
-0.0996416
-0.0996302
-0.0996197
-0.0996102
-0.0996016
-0.099594
-0.0995874
-0.0995818
-0.0995772
-0.0995737
-0.099571
-0.0995694
-0.0995688
-0.0995693
-0.0995707
-0.0995732
-0.0995767
-0.0995812
-0.0995867
-0.0995932
-0.0996007
-0.0996092
-0.0996188
-0.0996293
-0.0996408
-0.0996533
-0.0996667
-0.0996812
-0.0996966
-0.099713
-0.0997304
-0.0997486
-0.0997677
-0.0997877
-0.0998087
-0.0998305
-0.0998532
-0.0998768
-0.0999012
-0.0999264
-0.0999525
-0.0999794
-0.100007
-0.100036
-0.100065
-0.100095
-0.100126
-0.100157
-0.10019
-0.100222
-0.100256
-0.10029
-0.100325
-0.10036
-0.100396
-0.100433
-0.10047
-0.100507
-0.100545
-0.100584
-0.100623
-0.100662
-0.100702
-0.100742
-0.100783
-0.100824
-0.100865
-0.100906
-0.100948
-0.10099
-0.101032
-0.101075
-0.101118
-0.101161
-0.101204
-0.101247
-0.10129
-0.101333
-0.101376
-0.101419
-0.101462
-0.101505
-0.101548
-0.101591
-0.101634
-0.101676
-0.101718
-0.10176
-0.101802
-0.101844
-0.101885
-0.101927
-0.101967
-0.102008
-0.102048
-0.102087
-0.102127
-0.102165
-0.102203
-0.102241
-0.102279
-0.102315
-0.102351
-0.102387
-0.102422
-0.102456
-0.10249
-0.102523
-0.102555
-0.102587
-0.102618
-0.102648
-0.102678
-0.102706
-0.102734
-0.102761
-0.102787
-0.102813
-0.102837
-0.102861
-0.102883
-0.102905
-0.102926
-0.102946
-0.102965
-0.102983
-0.103
-0.103016
-0.103032
-0.103046
-0.103059
-0.103071
-0.103082
-0.103092
-0.103101
-0.103109
-0.103116
-0.103122
-0.103127
-0.10313
-0.103133
-0.103135
-0.103135
-0.103135
-0.103133
-0.103131
-0.103127
-0.103122
-0.103117
-0.10311
-0.103102
-0.103092
-0.103082
-0.103071
-0.103059
-0.103046
-0.103031
-0.103016
-0.103
-0.102982
-0.102964
-0.102945
-0.102924
-0.102903
-0.102881
-0.102858
-0.102834
-0.102809
-0.102783
-0.102756
-0.102729
-0.1027
-0.102671
-0.102641
-0.10261
-0.102578
-0.102546
-0.102512
-0.102478
-0.102444
-0.102408
-0.102372
-0.102335
-0.102298
-0.10226
-0.102221
-0.102182
-0.102143
-0.102102
-0.102062
-0.10202
-0.101979
-0.101937
-0.101894
-0.101851
-0.101808
-0.101765
-0.101721
-0.101677
-0.101632
-0.101588
-0.101543
-0.101498
-0.101452
-0.101407
-0.101362
-0.101316
-0.101271
-0.101225
-0.10118
-0.101134
-0.101089
-0.101044
-0.100998
-0.100953
-0.100908
-0.100863
-0.100819
-0.100774
-0.10073
-0.100687
-0.100644
-0.1006
-0.100558
-0.100515
-0.100474
-0.100432
-0.100391
-0.100351
-0.100311
-0.100272
-0.100233
-0.100195
-0.100158
-0.100121
-0.100085
-0.100049
-0.100014
-0.09998
-0.0999467
-0.0999142
-0.0998824
-0.0998514
-0.0998212
-0.0997919
-0.0997634
-0.0997358
-0.099709
-0.0996832
-0.0996582
-0.0996342
-0.0996111
-0.0995891
-0.099568
-0.099548
-0.099529
-0.099511
-0.099494
-0.099478
-0.0994631
-0.0994493
-0.0994366
-0.0994249
-0.0994144
-0.0994049
-0.0993966
-0.0993893
-0.0993831
-0.099378
-0.0993741
-0.0993713
-0.0993696
-0.0993691
-0.0993697
-0.0993714
-0.0993742
-0.0993782
-0.0993833
-0.0993895
-0.0993968
-0.0994053
-0.0994149
-0.0994256
-0.0994374
-0.0994503
-0.0994643
-0.0994794
-0.0994955
-0.0995127
-0.099531
-0.0995503
-0.0995707
-0.0995922
-0.0996146
-0.099638
-0.0996624
-0.0996878
-0.0997142
-0.0997416
-0.0997698
-0.099799
-0.0998291
-0.0998601
-0.099892
-0.0999246
-0.0999582
-0.0999925
-0.100028
-0.100063
-0.1001
-0.100137
-0.100175
-0.100214
-0.100253
-0.100294
-0.100334
-0.100376
-0.100417
-0.10046
-0.100503
-0.100546
-0.10059
-0.100634
-0.100679
-0.100724
-0.10077
-0.100816
-0.100862
-0.100909
-0.100955
-0.101002
-0.10105
-0.101097
-0.101145
-0.101192
-0.10124
-0.101288
-0.101336
-0.101384
-0.101432
-0.10148
-0.101528
-0.101575
-0.101623
-0.10167
-0.101718
-0.101765
-0.101812
-0.101858
-0.101904
-0.101951
-0.101996
-0.102041
-0.102086
-0.102131
-0.102175
-0.102218
-0.102261
-0.102303
-0.102345
-0.102387
-0.102428
-0.102468
-0.102507
-0.102546
-0.102585
-0.102622
-0.102659
-0.102695
-0.10273
-0.102764
-0.102797
-0.10283
-0.102861
-0.102892
-0.102922
-0.102951
-0.102979
-0.103006
-0.103032
-0.103057
-0.103082
-0.103105
-0.103127
-0.103148
-0.103168
-0.103187
-0.103205
-0.103221
-0.103237
-0.103251
-0.103265
-0.103277
-0.103288
-0.103298
-0.103307
-0.103314
-0.103321
-0.103326
-0.10333
-0.103333
-0.103335
-0.103335
-0.103335
-0.103333
-0.10333
-0.103325
-0.10332
-0.103313
-0.103306
-0.103297
-0.103287
-0.103275
-0.103263
-0.103249
-0.103234
-0.103219
-0.103202
-0.103183
-0.103164
-0.103144
-0.103122
-0.1031
-0.103076
-0.103052
-0.103026
-0.102999
-0.102972
-0.102943
-0.102913
-0.102883
-0.102851
-0.102818
-0.102785
-0.102751
-0.102715
-0.102679
-0.102642
-0.102605
-0.102566
-0.102527
-0.102487
-0.102446
-0.102405
-0.102363
-0.10232
-0.102276
-0.102232
-0.102188
-0.102143
-0.102097
-0.102051
-0.102004
-0.101957
-0.10191
-0.101862
-0.101814
-0.101765
-0.101717
-0.101667
-0.101618
-0.101568
-0.101518
-0.101468
-0.101418
-0.101368
-0.101317
-0.101267
-0.101217
-0.101166
-0.101116
-0.101066
-0.101016
-0.100966
-0.100916
-0.100867
-0.100817
-0.100768
-0.100719
-0.10067
-0.100622
-0.100574
-0.100526
-0.100479
-0.100433
-0.100387
-0.100341
-0.100296
-0.100251
-0.100207
-0.100163
-0.100121
-0.100079
-0.100037
-0.0999966
-0.0999566
-0.0999174
-0.0998789
-0.0998413
-0.0998045
-0.0997686
-0.0997335
-0.0996994
-0.0996661
-0.0996337
-0.0996023
-0.0995718
-0.0995424
-0.099514
-0.0994866
-0.0994602
-0.0994349
-0.0994106
-0.0993874
-0.0993653
-0.0993444
-0.0993246
-0.0993059
-0.0992884
-0.0992721
-0.0992569
-0.0992429
-0.0992301
-0.0992185
-0.0992081
-0.0991989
-0.0991909
-0.0991842
-0.0991787
-0.0991745
-0.0991715
-0.0991697
-0.0991691
-0.0991698
-0.0991718
-0.099175
-0.0991794
-0.0991852
-0.0991921
-0.0992003
-0.0992098
-0.0992204
-0.0992323
-0.0992454
-0.0992597
-0.0992752
-0.0992919
-0.0993099
-0.0993289
-0.0993492
-0.0993705
-0.099393
-0.0994167
-0.0994414
-0.0994673
-0.0994943
-0.0995224
-0.0995515
-0.0995817
-0.0996129
-0.0996452
-0.0996785
-0.0997127
-0.0997479
-0.099784
-0.099821
-0.0998588
-0.0998976
-0.0999371
-0.0999775
-0.100019
-0.100061
-0.100103
-0.100147
-0.100191
-0.100236
-0.100281
-0.100328
-0.100374
-0.100422
-0.10047
-0.100518
-0.100567
-0.100616
-0.100666
-0.100716
-0.100767
-0.100818
-0.100869
-0.100921
-0.100972
-0.101024
-0.101077
-0.101129
-0.101181
-0.101234
-0.101287
-0.101339
-0.101392
-0.101445
-0.101497
-0.10155
-0.101603
-0.101655
-0.101707
-0.101759
-0.101811
-0.101863
-0.101914
-0.101965
-0.102015
-0.102065
-0.102115
-0.102165
-0.102213
-0.102262
-0.102309
-0.102357
-0.102403
-0.102449
-0.102495
-0.10254
-0.102584
-0.102628
-0.10267
-0.102712
-0.102753
-0.102793
-0.102832
-0.102871
-0.102909
-0.102945
-0.102981
-0.103016
-0.10305
-0.103082
-0.103114
-0.103145
-0.103175
-0.103204
-0.103232
-0.103258
-0.103283
-0.103307
-0.10333
-0.103352
-0.103373
-0.103393
-0.103411
-0.103428
-0.103444
-0.103459
-0.103472
-0.103484
-0.103495
-0.103504
-0.103513
-0.103519
-0.103525
-0.10353
-0.103533
-0.103534
-0.103535
-0.103534
-0.103532
-0.103529
-0.103524
-0.103518
-0.103511
-0.103502
-0.103492
-0.103481
-0.103469
-0.103455
-0.10344
-0.103424
-0.103406
-0.103387
-0.103367
-0.103346
-0.103324
-0.1033
-0.103275
-0.103249
-0.103222
-0.103194
-0.103165
-0.103134
-0.103103
-0.10307
-0.103036
-0.103002
-0.102966
-0.102929
-0.102891
-0.102853
-0.102813
-0.102773
-0.102731
-0.102689
-0.102646
-0.102602
-0.102557
-0.102511
-0.102465
-0.102418
-0.102371
-0.102323
-0.102274
-0.102224
-0.102174
-0.102124
-0.102072
-0.102021
-0.101969
-0.101916
-0.101863
-0.10181
-0.101756
-0.101702
-0.101648
-0.101594
-0.101539
-0.101484
-0.101429
-0.101374
-0.101319
-0.101264
-0.101209
-0.101154
-0.101098
-0.101043
-0.100989
-0.100934
-0.100879
-0.100825
-0.100771
-0.100717
-0.100663
-0.10061
-0.100557
-0.100504
-0.100452
-0.100401
-0.10035
-0.100299
-0.100249
-0.1002
-0.100151
-0.100103
-0.100055
-0.100008
-0.099962
-0.0999167
-0.0998722
-0.0998286
-0.0997858
-0.0997439
-0.0997029
-0.0996627
-0.0996234
-0.0995851
-0.0995477
-0.0995114
-0.099476
-0.0994417
-0.0994084
-0.0993763
-0.0993452
-0.0993152
-0.0992864
-0.0992588
-0.0992323
-0.099207
-0.0991829
-0.09916
-0.0991384
-0.0991179
-0.0990988
-0.0990809
-0.0990644
-0.0990491
-0.0990352
-0.0990225
-0.0990111
-0.0990012
-0.0989925
-0.0989852
-0.0989793
-0.0989747
-0.0989714
-0.0989696
-0.0989691
-0.09897
-0.0989722
-0.0989758
-0.0989808
-0.0989871
-0.0989948
-0.0990038
-0.0990142
-0.0990259
-0.0990389
-0.0990533
-0.099069
-0.099086
-0.0991044
-0.0991241
-0.0991451
-0.0991673
-0.0991908
-0.0992155
-0.0992414
-0.0992685
-0.0992968
-0.0993264
-0.0993571
-0.099389
-0.099422
-0.0994561
-0.0994913
-0.0995277
-0.0995651
-0.0996036
-0.099643
-0.0996835
-0.099725
-0.0997674
-0.0998107
-0.0998548
-0.0998998
-0.0999458
-0.0999925
-0.10004
-0.100088
-0.100137
-0.100187
-0.100238
-0.100289
-0.10034
-0.100393
-0.100446
-0.100499
-0.100553
-0.100607
-0.100662
-0.100717
-0.100773
-0.100829
-0.100885
-0.100942
-0.100999
-0.101056
-0.101113
-0.10117
-0.101227
-0.101285
-0.101342
-0.1014
-0.101458
-0.101515
-0.101573
-0.10163
-0.101687
-0.101744
-0.101801
-0.101858
-0.101914
-0.10197
-0.102025
-0.102081
-0.102135
-0.102189
-0.102243
-0.102296
-0.102349
-0.102401
-0.102453
-0.102504
-0.102554
-0.102603
-0.102652
-0.1027
-0.102748
-0.102794
-0.102839
-0.102884
-0.102928
-0.102971
-0.103013
-0.103054
-0.103094
-0.103133
-0.103172
-0.103208
-0.103244
-0.103279
-0.103312
-0.103344
-0.103375
-0.103405
-0.103434
-0.103462
-0.103488
-0.103513
-0.103537
-0.10356
-0.103581
-0.103601
-0.103619
-0.103636
-0.103652
-0.103667
-0.10368
-0.103692
-0.103702
-0.103711
-0.103718
-0.103725
-0.103729
-0.103732
-0.103734
-0.103735
-0.103734
-0.103732
-0.103728
-0.103723
-0.103716
-0.103708
-0.103699
-0.103688
-0.103675
-0.103662
-0.103647
-0.10363
-0.103613
-0.103593
-0.103573
-0.103551
-0.103528
-0.103504
-0.103478
-0.103451
-0.103423
-0.103393
-0.103362
-0.10333
-0.103297
-0.103263
-0.103227
-0.10319
-0.103153
-0.103114
-0.103073
-0.103032
-0.10299
-0.102947
-0.102903
-0.102857
-0.102811
-0.102764
-0.102717
-0.102668
-0.102618
-0.102568
-0.102517
-0.102465
-0.102412
-0.102359
-0.102305
-0.102251
-0.102196
-0.10214
-0.102084
-0.102027
-0.10197
-0.101912
-0.101854
-0.101796
-0.101737
-0.101679
-0.101619
-0.10156
-0.1015
-0.10144
-0.101381
-0.101321
-0.101261
-0.101201
-0.101141
-0.101081
-0.101021
-0.100961
-0.100902
-0.100843
-0.100783
-0.100725
-0.100666
-0.100608
-0.10055
-0.100492
-0.100435
-0.100379
-0.100323
-0.100267
-0.100212
-0.100158
-0.100104
-0.100051
-0.0999988
-0.0999472
-0.0998963
-0.0998463
-0.099797
-0.0997487
-0.0997013
-0.0996547
-0.0996091
-0.0995645
-0.0995208
-0.0994781
-0.0994365
-0.099396
-0.0993565
-0.0993181
-0.0992809
-0.0992449
-0.09921
-0.0991763
-0.0991438
-0.0991126
-0.0990826
-0.0990539
-0.0990265
-0.0990004
-0.0989756
-0.0989521
-0.0989301
-0.0989094
-0.0988901
-0.0988722
-0.0988556
-0.0988405
-0.0988268
-0.0988145
-0.0988037
-0.0987944
-0.0987865
-0.0987801
-0.0987752
-0.0987717
-0.0987697
-0.0987692
-0.0987702
-0.0987727
-0.0987766
-0.098782
-0.0987889
-0.0987972
-0.098807
-0.0988184
-0.0988312
-0.0988455
-0.0988613
-0.0988785
-0.0988971
-0.0989171
-0.0989385
-0.0989612
-0.0989854
-0.0990109
-0.0990377
-0.0990659
-0.0990954
-0.0991263
-0.0991584
-0.0991918
-0.0992264
-0.0992624
-0.0992995
-0.0993378
-0.0993773
-0.0994179
-0.0994596
-0.0995025
-0.0995465
-0.0995915
-0.0996376
-0.0996846
-0.0997326
-0.0997814
-0.0998312
-0.0998818
-0.0999333
-0.0999856
-0.100039
-0.100093
-0.100148
-0.100203
-0.100259
-0.100316
-0.100373
-0.100431
-0.10049
-0.100549
-0.100608
-0.100668
-0.100729
-0.100789
-0.10085
-0.100912
-0.100973
-0.101035
-0.101097
-0.101159
-0.101221
-0.101284
-0.101346
-0.101408
-0.101471
-0.101533
-0.101596
-0.101658
-0.10172
-0.101781
-0.101843
-0.101904
-0.101965
-0.102025
-0.102085
-0.102145
-0.102204
-0.102263
-0.102321
-0.102379
-0.102436
-0.102493
-0.102548
-0.102604
-0.102658
-0.102712
-0.102765
-0.102817
-0.102868
-0.102918
-0.102967
-0.103016
-0.103063
-0.10311
-0.103155
-0.1032
-0.103243
-0.103285
-0.103326
-0.103366
-0.103405
-0.103442
-0.103479
-0.103514
-0.103547
-0.10358
-0.103611
-0.103641
-0.103669
-0.103696
-0.103722
-0.103746
-0.103769
-0.10379
-0.10381
-0.103829
-0.103846
-0.103862
-0.103876
-0.103888
-0.1039
-0.103909
-0.103917
-0.103924
-0.103929
-0.103932
-0.103934
-0.103935
-0.103934
-0.103931
-0.103927
-0.103921
-0.103914
-0.103905
-0.103895
-0.103883
-0.10387
-0.103855
-0.103839
-0.103821
-0.103802
-0.103781
-0.103759
-0.103735
-0.10371
-0.103684
-0.103656
-0.103626
-0.103596
-0.103564
-0.10353
-0.103496
-0.10346
-0.103422
-0.103384
-0.103344
-0.103303
-0.103261
-0.103217
-0.103173
-0.103127
-0.10308
-0.103033
-0.102984
-0.102934
-0.102883
-0.102831
-0.102779
-0.102725
-0.102671
-0.102615
-0.102559
-0.102502
-0.102445
-0.102386
-0.102327
-0.102268
-0.102208
-0.102147
-0.102086
-0.102024
-0.101961
-0.101899
-0.101836
-0.101772
-0.101709
-0.101645
-0.10158
-0.101516
-0.101452
-0.101387
-0.101322
-0.101257
-0.101193
-0.101128
-0.101063
-0.100999
-0.100934
-0.10087
-0.100806
-0.100742
-0.100678
-0.100615
-0.100552
-0.10049
-0.100428
-0.100366
-0.100305
-0.100244
-0.100184
-0.100125
-0.100067
-0.100009
-0.0999514
-0.099895
-0.0998393
-0.0997845
-0.0997305
-0.0996774
-0.0996252
-0.099574
-0.0995237
-0.0994745
-0.0994263
-0.0993791
-0.0993331
-0.0992882
-0.0992444
-0.0992018
-0.0991604
-0.0991203
-0.0990814
-0.0990437
-0.0990074
-0.0989724
-0.0989387
-0.0989064
-0.0988755
-0.098846
-0.0988179
-0.0987912
-0.098766
-0.0987423
-0.0987201
-0.0986994
-0.09868
-0.0986622
-0.0986459
-0.0986312
-0.098618
-0.0986064
-0.0985963
-0.0985877
-0.0985807
-0.0985754
-0.0985717
-0.0985696
-0.0985692
-0.0985703
-0.0985731
-0.0985775
-0.0985834
-0.098591
-0.0986001
-0.0986108
-0.0986231
-0.098637
-0.0986524
-0.0986693
-0.0986879
-0.098708
-0.0987296
-0.0987527
-0.0987773
-0.0988034
-0.098831
-0.0988601
-0.0988906
-0.0989226
-0.098956
-0.0989907
-0.0990268
-0.0990642
-0.0991029
-0.099143
-0.0991844
-0.0992269
-0.0992707
-0.0993158
-0.0993619
-0.0994093
-0.0994578
-0.0995074
-0.0995582
-0.09961
-0.0996628
-0.0997166
-0.0997713
-0.099827
-0.0998835
-0.0999408
-0.099999
-0.100058
-0.100118
-0.100178
-0.100239
-0.100301
-0.100364
-0.100427
-0.10049
-0.100554
-0.100619
-0.100684
-0.100749
-0.100815
-0.100881
-0.100947
-0.101014
-0.101081
-0.101148
-0.101215
-0.101282
-0.101349
-0.101417
-0.101484
-0.101551
-0.101618
-0.101685
-0.101752
-0.101818
-0.101884
-0.10195
-0.102016
-0.102081
-0.102146
-0.10221
-0.102274
-0.102337
-0.1024
-0.102462
-0.102523
-0.102584
-0.102644
-0.102703
-0.102762
-0.102819
-0.102876
-0.102932
-0.102987
-0.103041
-0.103095
-0.103147
-0.103198
-0.103248
-0.103297
-0.103345
-0.103391
-0.103437
-0.103481
-0.103524
-0.103565
-0.103605
-0.103644
-0.103682
-0.103719
-0.103753
-0.103787
-0.103819
-0.10385
-0.103879
-0.103906
-0.103932
-0.103957
-0.10398
-0.104001
-0.104021
-0.10404
-0.104056
-0.104071
-0.104085
-0.104097
-0.104107
-0.104116
-0.104123
-0.104128
-0.104132
-0.104134
-0.104135
-0.104134
-0.104131
-0.104126
-0.10412
-0.104112
-0.104103
-0.104092
-0.104079
-0.104065
-0.104049
-0.104031
-0.104012
-0.103991
-0.103969
-0.103945
-0.103919
-0.103892
-0.103864
-0.103834
-0.103802
-0.103769
-0.103734
-0.103698
-0.103661
-0.103622
-0.103582
-0.103541
-0.103498
-0.103454
-0.103408
-0.103361
-0.103314
-0.103264
-0.103214
-0.103163
-0.10311
-0.103057
-0.103002
-0.102946
-0.10289
-0.102832
-0.102773
-0.102714
-0.102654
-0.102592
-0.10253
-0.102468
-0.102404
-0.10234
-0.102276
-0.10221
-0.102144
-0.102078
-0.102011
-0.101944
-0.101876
-0.101808
-0.101739
-0.101671
-0.101602
-0.101533
-0.101463
-0.101394
-0.101324
-0.101254
-0.101185
-0.101115
-0.101045
-0.100976
-0.100907
-0.100837
-0.100769
-0.1007
-0.100632
-0.100564
-0.100496
-0.100429
-0.100363
-0.100297
-0.100231
-0.100166
-0.100102
-0.100038
-0.0999751
-0.0999129
-0.0998514
-0.0997908
-0.0997311
-0.0996722
-0.0996143
-0.0995573
-0.0995012
-0.0994462
-0.0993923
-0.0993395
-0.0992878
-0.0992372
-0.0991879
-0.0991397
-0.0990927
-0.0990471
-0.0990026
-0.0989595
-0.0989178
-0.0988774
-0.0988385
-0.098801
-0.098765
-0.0987304
-0.0986972
-0.0986656
-0.0986358
-0.0986074
-0.0985806
-0.0985554
-0.0985318
-0.0985097
-0.0984892
-0.0984703
-0.0984529
-0.0984371
-0.0984229
-0.0984102
-0.0983994
-0.0983902
-0.0983827
-0.0983768
-0.0983726
