-0.0959481
-0.0959494
-0.0959509
-0.0959525
-0.0959544
-0.0959563
-0.0959584
-0.0959606
-0.0959629
-0.0959652
-0.0959676
-0.0959699
-0.0959723
-0.0959746
-0.0959768
-0.0959789
-0.0959809
-0.0959828
-0.0959845
-0.0959861
-0.0959874
-0.0959885
-0.0959894
-0.09599
-0.0959903
-0.0959903
-0.09599
-0.0959894
-0.0959884
-0.0959872
-0.0959855
-0.0959835
-0.0959812
-0.0959785
-0.0959755
-0.0959721
-0.0959684
-0.0959644
-0.0959601
-0.0959554
-0.0959505
-0.0959453
-0.0959399
-0.0959342
-0.0959283
-0.0959223
-0.0959161
-0.0959099
-0.0959035
-0.0958971
-0.0958906
-0.0958842
-0.0958778
-0.0958715
-0.0958653
-0.0958593
-0.0958534
-0.0958478
-0.0958424
-0.0958374
-0.0958327
-0.0958283
-0.0958243
-0.0958208
-0.0958177
-0.0958151
-0.095813
-0.0958114
-0.0958104
-0.09581
-0.0958101
-0.0958109
-0.0958123
-0.0958143
-0.0958169
-0.0958202
-0.0958242
-0.0958287
-0.0958339
-0.0958397
-0.0958462
-0.0958532
-0.0958608
-0.0958689
-0.0958776
-0.0958868
-0.0958964
-0.0959065
-0.095917
-0.0959279
-0.0959391
-0.0959506
-0.0959623
-0.0959742
-0.0959862
-0.0959983
-0.0960105
-0.0960227
-0.0960348
-0.0960467
-0.0960585
-0.0960701
-0.0960814
-0.0960923
-0.0961028
-0.0961129
-0.0961225
-0.0961316
-0.09614
-0.0961478
-0.0961549
-0.0961613
-0.0961669
-0.0961717
-0.0961757
-0.0961787
-0.0961809
-0.0961821
-0.0961824
-0.0961818
-0.0961801
-0.0961775
-0.0961738
-0.0961692
-0.0961636
-0.096157
-0.0961495
-0.096141
-0.0961315
-0.0961212
-0.0961099
-0.0960979
-0.096085
-0.0960714
-0.0960571
-0.0960421
-0.0960265
-0.0960103
-0.0959937
-0.0959766
-0.0959591
-0.0959414
-0.0959234
-0.0959052
-0.095887
-0.0958688
-0.0958506
-0.0958326
-0.0958148
-0.0957973
-0.0957801
-0.0957635
-0.0957473
-0.0957317
-0.0957168
-0.0957027
-0.0956893
-0.0956769
-0.0956653
-0.0956548
-0.0956453
-0.0956369
-0.0956297
-0.0956236
-0.0956188
-0.0956153
-0.095613
-0.0956121
-0.0956125
-0.0956143
-0.0956174
-0.0956219
-0.0956278
-0.095635
-0.0956436
-0.0956535
-0.0956647
-0.0956772
-0.0956908
-0.0957057
-0.0957217
-0.0957388
-0.095757
-0.095776
-0.095796
-0.0958168
-0.0958384
-0.0958606
-0.0958834
-0.0959067
-0.0959305
-0.0959545
-0.0959788
-0.0960031
-0.0960275
-0.0960519
-0.096076
-0.0960999
-0.0961235
-0.0961465
-0.096169
-0.0961908
-0.0962118
-0.096232
-0.0962513
-0.0962695
-0.0962866
-0.0963025
-0.0963171
-0.0963304
-0.0963423
-0.0963527
-0.0963616
-0.0963689
-0.0963745
-0.0963785
-0.0963809
-0.0963815
-0.0963803
-0.0963774
-0.0963728
-0.0963664
-0.0963583
-0.0963485
-0.0963369
-0.0963237
-0.0963089
-0.0962925
-0.0962746
-0.0962552
-0.0962344
-0.0962122
-0.0961889
-0.0961643
-0.0961387
-0.096112
-0.0960845
-0.0960562
-0.0960273
-0.0959977
-0.0959677
-0.0959374
-0.0959069
-0.0958763
-0.0958457
-0.0958152
-0.0957851
-0.0957553
-0.0957261
-0.0956975
-0.0956697
-0.0956427
-0.0956168
-0.095592
-0.0955684
-0.0955461
-0.0955253
-0.0955059
-0.0954882
-0.0954722
-0.0954579
-0.0954455
-0.095435
-0.0954265
-0.0954199
-0.0954154
-0.0954131
-0.0954128
-0.0954146
-0.0954186
-0.0954247
-0.095433
-0.0954433
-0.0954558
-0.0954703
-0.0954868
-0.0955052
-0.0955256
-0.0955478
-0.0955717
-0.0955973
-0.0956245
-0.0956531
-0.0956832
-0.0957144
-0.0957469
-0.0957803
-0.0958147
-0.0958498
-0.0958856
-0.0959218
-0.0959584
-0.0959952
-0.0960321
-0.0960689
-0.0961054
-0.0961416
-0.0961772
-0.0962122
-0.0962463
-0.0962795
-0.0963115
-0.0963423
-0.0963718
-0.0963997
-0.0964261
-0.0964507
-0.0964734
-0.0964943
-0.096513
-0.0965297
-0.0965441
-0.0965562
-0.096566
-0.0965734
-0.0965784
-0.0965808
-0.0965808
-0.0965782
-0.0965731
-0.0965655
-0.0965554
-0.0965428
-0.0965277
-0.0965103
-0.0964905
-0.0964684
-0.0964441
-0.0964177
-0.0963892
-0.0963588
-0.0963266
-0.0962927
-0.0962572
-0.0962202
-0.096182
-0.0961426
-0.0961021
-0.0960609
-0.0960189
-0.0959764
-0.0959335
-0.0958904
-0.0958473
-0.0958043
-0.0957617
-0.0957195
-0.0956781
-0.0956374
-0.0955977
-0.0955592
-0.095522
-0.0954863
-0.0954522
-0.0954199
-0.0953895
-0.0953612
-0.095335
-0.0953111
-0.0952896
-0.0952706
-0.0952541
-0.0952403
-0.0952293
-0.095221
-0.0952156
-0.0952131
-0.0952135
-0.0952167
-0.0952229
-0.095232
-0.095244
-0.0952589
-0.0952765
-0.095297
-0.0953201
-0.0953458
-0.095374
-0.0954047
-0.0954377
-0.0954729
-0.0955101
-0.0955493
-0.0955903
-0.0956329
-0.0956769
-0.0957223
-0.0957688
-0.0958162
-0.0958644
-0.0959132
-0.0959624
-0.0960117
-0.0960611
-0.0961102
-0.096159
-0.0962071
-0.0962545
-0.0963009
-0.0963461
-0.0963899
-0.0964322
-0.0964728
-0.0965115
-0.0965482
-0.0965827
-0.0966148
-0.0966444
-0.0966714
-0.0966956
-0.096717
-0.0967355
-0.0967509
-0.0967632
-0.0967723
-0.0967782
-0.0967808
-0.0967801
-0.0967761
-0.0967688
-0.0967582
-0.0967444
-0.0967273
-0.096707
-0.0966836
-0.0966572
-0.0966278
-0.0965956
-0.0965607
-0.0965232
-0.0964832
-0.0964409
-0.0963965
-0.0963501
-0.0963018
-0.0962519
-0.0962006
-0.0961481
-0.0960945
-0.09604
-0.095985
-0.0959296
-0.0958739
-0.0958183
-0.095763
-0.0957082
-0.095654
-0.0956008
-0.0955487
-0.0954979
-0.0954487
-0.0954013
-0.0953558
-0.0953125
-0.0952715
-0.0952329
-0.0951971
-0.095164
-0.095134
-0.095107
-0.0950832
-0.0950627
-0.0950457
-0.0950321
-0.0950222
-0.0950158
-0.0950131
-0.0950141
-0.0950188
-0.0950272
-0.0950393
-0.0950551
-0.0950744
-0.0950973
-0.0951236
-0.0951533
-0.0951863
-0.0952225
-0.0952616
-0.0953037
-0.0953484
-0.0953958
-0.0954455
-0.0954974
-0.0955513
-0.095607
-0.0956642
-0.0957229
-0.0957826
-0.0958433
-0.0959046
-0.0959663
-0.0960282
-0.09609
-0.0961516
-0.0962125
-0.0962726
-0.0963317
-0.0963896
-0.0964458
-0.0965004
-0.096553
-0.0966033
-0.0966513
-0.0966967
-0.0967392
-0.0967789
-0.0968153
-0.0968485
-0.0968782
-0.0969044
-0.0969269
-0.0969455
-0.0969603
-0.0969712
-0.096978
-0.0969807
-0.0969794
-0.096974
-0.0969645
-0.0969509
-0.0969333
