-0.0958473
-0.0958486
-0.0958501
-0.0958518
-0.0958536
-0.0958556
-0.0958577
-0.0958599
-0.0958621
-0.0958644
-0.0958668
-0.0958692
-0.0958715
-0.0958738
-0.095876
-0.0958782
-0.0958802
-0.0958821
-0.0958838
-0.0958853
-0.0958867
-0.0958878
-0.0958886
-0.0958892
-0.0958895
-0.0958895
-0.0958892
-0.0958886
-0.0958877
-0.0958864
-0.0958848
-0.0958828
-0.0958804
-0.0958778
-0.0958747
-0.0958714
-0.0958677
-0.0958636
-0.0958593
-0.0958547
-0.0958497
-0.0958445
-0.0958391
-0.0958334
-0.0958276
-0.0958216
-0.0958154
-0.0958091
-0.0958027
-0.0957963
-0.0957898
-0.0957834
-0.095777
-0.0957707
-0.0957645
-0.0957585
-0.0957527
-0.095747
-0.0957417
-0.0957366
-0.0957319
-0.0957275
-0.0957236
-0.09572
-0.0957169
-0.0957143
-0.0957122
-0.0957106
-0.0957096
-0.0957092
-0.0957094
-0.0957101
-0.0957115
-0.0957135
-0.0957162
-0.0957195
-0.0957234
-0.095728
-0.0957332
-0.095739
-0.0957454
-0.0957524
-0.09576
-0.0957682
-0.0957768
-0.095786
-0.0957957
-0.0958058
-0.0958163
-0.0958271
-0.0958383
-0.0958498
-0.0958615
-0.0958734
-0.0958854
-0.0958976
-0.0959097
-0.0959219
-0.095934
-0.095946
-0.0959578
-0.0959693
-0.0959806
-0.0959915
-0.0960021
-0.0960122
-0.0960218
-0.0960308
-0.0960392
-0.096047
-0.0960542
-0.0960605
-0.0960661
-0.0960709
-0.0960749
-0.096078
-0.0960801
-0.0960814
-0.0960817
-0.096081
-0.0960794
-0.0960767
-0.0960731
-0.0960685
-0.0960629
-0.0960563
-0.0960487
-0.0960402
-0.0960308
-0.0960204
-0.0960092
-0.0959971
-0.0959843
-0.0959707
-0.0959563
-0.0959413
-0.0959257
-0.0959096
-0.0958929
-0.0958758
-0.0958584
-0.0958406
-0.0958226
-0.0958045
-0.0957863
-0.095768
-0.0957499
-0.0957318
-0.095714
-0.0956965
-0.0956794
-0.0956627
-0.0956465
-0.095631
-0.0956161
-0.0956019
-0.0955886
-0.0955761
-0.0955646
-0.095554
-0.0955445
-0.0955361
-0.0955289
-0.0955228
-0.095518
-0.0955145
-0.0955122
-0.0955113
-0.0955117
-0.0955135
-0.0955167
-0.0955212
-0.095527
-0.0955343
-0.0955429
-0.0955527
-0.0955639
-0.0955764
-0.0955901
-0.095605
-0.095621
-0.0956381
-0.0956562
-0.0956753
-0.0956953
-0.0957161
-0.0957376
-0.0957599
-0.0957827
-0.095806
-0.0958297
-0.0958537
-0.095878
-0.0959024
-0.0959268
-0.0959511
-0.0959753
-0.0959992
-0.0960227
-0.0960457
-0.0960682
-0.09609
-0.0961111
-0.0961313
-0.0961505
-0.0961687
-0.0961858
-0.0962017
-0.0962164
-0.0962297
-0.0962415
-0.0962519
-0.0962608
-0.0962681
-0.0962738
-0.0962778
-0.0962801
-0.0962807
-0.0962796
-0.0962767
-0.0962721
-0.0962657
-0.0962576
-0.0962477
-0.0962362
-0.096223
-0.0962082
-0.0961918
-0.0961738
-0.0961544
-0.0961336
-0.0961115
-0.0960881
-0.0960635
-0.0960379
-0.0960113
-0.0959838
-0.0959555
-0.0959265
-0.095897
-0.095867
-0.0958367
-0.0958061
-0.0957755
