-0.098518
-0.0985177
-0.0985181
-0.0985189
-0.0985201
-0.0985215
-0.0985231
-0.0985247
-0.0985265
-0.0985284
-0.0985304
-0.0985324
-0.0985345
-0.0985367
-0.098539
-0.0985412
-0.0985434
-0.0985456
-0.0985476
-0.0985495
-0.0985512
-0.0985529
-0.0985544
-0.0985557
-0.0985569
-0.0985579
-0.0985587
-0.0985593
-0.0985597
-0.0985599
-0.0985599
-0.0985597
-0.0985593
-0.0985586
-0.0985577
-0.0985566
-0.0985553
-0.0985537
-0.0985519
-0.0985499
-0.0985477
-0.0985452
-0.0985425
-0.0985394
-0.0985362
-0.0985327
-0.098529
-0.0985252
-0.0985211
-0.0985169
-0.0985125
-0.0985078
-0.0985031
-0.0984982
-0.0984931
-0.098488
-0.0984827
-0.0984774
-0.0984721
-0.0984667
-0.0984614
-0.098456
-0.0984507
-0.0984455
-0.0984403
-0.0984352
-0.0984302
-0.0984252
-0.0984205
-0.0984157
-0.0984112
-0.0984069
-0.0984029
-0.0983992
-0.0983958
-0.0983927
-0.0983899
-0.0983874
-0.0983852
-0.0983833
-0.0983818
-0.0983808
-0.0983801
-0.0983798
-0.0983799
-0.0983804
-0.0983814
-0.0983828
-0.0983846
-0.0983869
-0.0983895
-0.0983926
-0.0983962
-0.0984002
-0.0984046
-0.0984095
-0.0984148
-0.0984206
-0.0984267
-0.0984333
-0.0984402
-0.0984475
-0.0984551
-0.0984631
-0.0984714
-0.09848
-0.0984889
-0.098498
-0.0985073
-0.0985169
-0.0985266
-0.0985364
-0.0985463
-0.0985563
-0.0985664
-0.0985765
-0.0985867
-0.0985968
-0.0986069
-0.0986168
-0.0986267
-0.0986363
-0.0986457
-0.0986549
-0.0986638
-0.0986725
-0.0986809
-0.098689
-0.0986968
-0.0987041
-0.0987111
-0.0987175
-0.0987234
-0.0987288
-0.0987337
-0.098738
-0.0987417
-0.0987449
-0.0987475
-0.0987496
-0.098751
-0.0987518
-0.0987519
-0.0987514
-0.0987502
-0.0987482
-0.0987456
-0.0987423
-0.0987383
-0.0987335
-0.0987281
-0.0987221
-0.0987153
-0.0987079
-0.0986998
-0.098691
-0.0986817
-0.0986718
-0.0986613
-0.0986502
-0.0986386
-0.0986266
-0.0986141
-0.0986011
-0.0985878
-0.0985742
-0.0985602
-0.0985459
-0.0985314
-0.0985166
-0.0985017
-0.0984866
-0.0984715
-0.0984564
-0.0984413
-0.0984262
-0.0984112
-0.0983963
-0.0983816
-0.098367
-0.0983526
-0.0983385
-0.0983248
-0.0983114
-0.0982985
-0.0982861
-0.0982742
-0.0982629
-0.0982522
-0.0982421
-0.0982327
-0.098224
-0.098216
-0.0982088
-0.0982024
-0.0981969
-0.0981922
-0.0981883
-0.0981854
-0.0981833
-0.0981822
-0.0981819
-0.0981826
-0.0981842
-0.0981867
-0.0981903
-0.0981948
-0.0982003
-0.0982067
-0.098214
-0.0982222
-0.0982312
-0.0982411
-0.0982519
-0.0982636
-0.098276
-0.0982893
-0.0983033
-0.098318
-0.0983334
-0.0983495
-0.0983662
-0.0983835
-0.0984013
-0.0984196
-0.0984384
-0.0984575
-0.098477
-0.0984967
-0.0985167
-0.0985369
-0.0985571
-0.0985774
-0.0985978
-0.098618
-0.0986382
-0.0986582
-0.098678
-0.0986975
-0.0987167
-0.0987355
-0.0987538
-0.0987715
-0.0987887
-0.0988052
-0.0988211
-0.0988364
-0.0988509
-0.0988645
-0.0988773
-0.0988893
-0.0989002
-0.0989102
-0.0989192
-0.0989271
-0.098934
-0.0989397
-0.0989444
-0.0989477
-0.0989499
-0.0989509
-0.0989507
-0.0989494
-0.0989469
-0.0989432
-0.0989383
-0.0989321
-0.0989247
-0.0989161
-0.0989064
-0.0988954
-0.0988834
-0.0988702
-0.098856
-0.0988408
-0.0988246
-0.0988074
-0.0987893
-0.0987703
-0.0987504
-0.0987297
-0.0987083
-0.0986861
-0.0986632
-0.0986398
-0.0986159
-0.0985915
-0.0985669
-0.098542
-0.0985169
-0.0984916
-0.0984662
-0.0984407
-0.0984152
-0.0983898
-0.0983645
-0.0983395
-0.0983147
-0.0982904
-0.0982666
-0.0982434
-0.0982208
-0.0981989
-0.0981777
-0.0981574
-0.0981378
-0.0981192
-0.0981016
-0.0980849
-0.0980694
-0.098055
-0.0980418
-0.0980299
-0.0980192
-0.0980098
-0.0980017
-0.0979949
-0.0979896
-0.0979857
-0.0979832
-0.0979822
-0.0979827
-0.0979847
-0.0979882
-0.0979931
-0.0979996
-0.0980075
-0.0980169
-0.0980277
-0.0980399
-0.0980536
-0.0980686
-0.0980849
-0.0981026
-0.0981215
-0.0981416
-0.0981628
-0.0981852
-0.0982085
-0.0982329
-0.0982582
-0.0982844
-0.0983114
-0.0983391
-0.0983674
-0.0983963
-0.0984257
-0.0984556
-0.0984858
-0.0985162
-0.0985468
-0.0985775
-0.0986081
-0.0986387
-0.0986692
-0.0986994
-0.0987294
-0.0987589
-0.0987879
-0.0988164
-0.0988441
-0.0988711
-0.0988972
-0.0989225
-0.0989467
-0.09897
-0.0989921
-0.099013
-0.0990326
-0.0990509
-0.0990678
-0.0990833
-0.0990973
-0.0991098
-0.0991207
-0.09913
-0.0991377
-0.0991437
-0.099148
-0.0991505
-0.0991513
-0.0991503
-0.0991476
-0.0991431
-0.0991368
-0.0991288
-0.0991191
-0.0991077
-0.0990946
-0.0990799
-0.0990635
-0.0990455
-0.099026
-0.0990049
-0.0989824
-0.0989585
-0.0989333
-0.0989068
-0.0988792
-0.0988504
-0.0988205
-0.0987897
-0.0987579
-0.0987253
-0.0986919
-0.0986579
-0.0986233
-0.0985882
-0.0985529
-0.0985172
-0.0984813
-0.0984454
-0.0984095
-0.0983736
-0.098338
-0.0983026
-0.0982677
-0.0982334
-0.0981997
-0.0981668
-0.0981348
-0.0981036
-0.0980734
-0.0980443
-0.0980164
-0.0979896
-0.0979642
-0.0979402
-0.0979176
-0.0978966
-0.0978771
-0.0978594
-0.0978433
-0.0978291
-0.0978166
-0.097806
-0.0977973
-0.0977905
-0.0977857
-0.0977829
-0.0977822
-0.0977835
-0.0977868
-0.0977921
-0.0977995
-0.0978089
-0.0978203
-0.0978337
-0.097849
-0.0978663
-0.0978855
-0.0979066
-0.0979293
-0.0979538
-0.09798
-0.0980077
-0.098037
-0.0980677
-0.0980998
-0.0981331
-0.0981676
-0.0982032
-0.0982398
-0.0982773
-0.0983157
-0.0983547
-0.0983944
-0.0984345
-0.098475
-0.0985159
-0.0985569
-0.098598
-0.0986391
-0.09868
-0.0987208
-0.0987611
-0.0988009
-0.09884
-0.0988784
-0.0989159
-0.0989526
-0.0989882
-0.0990227
-0.099056
-0.0990878
-0.0991183
-0.0991472
-0.0991744
-0.0992
-0.0992238
-0.0992458
-0.0992658
-0.0992839
-0.0992999
-0.0993138
-0.0993256
-0.0993352
-0.0993425
-0.0993477
-0.0993505
-0.099351
-0.0993493
-0.0993452
-0.0993389
-0.0993303
-0.0993193
-0.0993062
-0.0992908
-0.0992732
-0.0992535
-0.0992316
-0.0992078
-0.0991819
-0.0991541
-0.0991244
-0.099093
-0.0990598
-0.099025
-0.0989886
-0.0989508
-0.0989117
-0.0988714
-0.0988299
-0.0987875
-0.0987441
-0.0986999
-0.098655
-0.0986096
-0.0985638
-0.0985176
-0.0984713
-0.098425
-0.0983788
-0.0983327
-0.0982869
-0.0982415
-0.0981967
-0.0981526
-0.0981094
-0.0980671
-0.098026
-0.0979862
-0.0979476
-0.0979105
-0.0978749
-0.097841
-0.0978088
-0.0977784
-0.0977499
-0.0977234
-0.0976989
-0.0976766
-0.0976565
-0.0976388
-0.0976235
-0.0976106
-0.0976001
-0.0975921
-0.0975866
-0.0975837
-0.0975833
-0.0975855
-0.0975901
-0.0975973
-0.097607
-0.0976193
-0.0976341
-0.0976514
-0.0976712
-0.0976934
-0.0977179
-0.0977448
-0.0977738
-0.097805
-0.0978382
-0.0978734
-0.0979105
-0.0979494
-0.0979901
-0.0980324
-0.0980761
-0.0981212
-0.0981676
-0.0982151
-0.0982635
-0.0983129
-0.0983629
-0.0984135
-0.0984646
-0.0985159
-0.0985675
-0.0986191
-0.0986706
-0.0987218
-0.0987726
-0.0988229
-0.0988724
-0.0989211
-0.0989688
-0.0990155
-0.0990609
-0.0991052
-0.099148
-0.0991892
-0.0992287
-0.0992664
-0.0993021
-0.0993358
-0.0993674
-0.0993967
-0.0994237
-0.0994483
-0.0994703
-0.0994898
-0.0995068
-0.099521
-0.0995325
-0.0995412
-0.0995472
-0.0995503
-0.0995505
-0.099548
-0.0995426
-0.0995343
-0.0995233
-0.0995094
-0.0994928
-0.0994734
-0.0994514
-0.0994267
-0.0993994
-0.0993696
-0.0993374
-0.0993028
-0.099266
-0.0992269
-0.0991858
-0.0991427
-0.0990978
-0.099051
-0.0990027
-0.0989528
-0.0989017
-0.0988493
-0.0987959
-0.0987416
-0.0986865
-0.0986307
-0.0985744
-0.0985178
-0.0984609
-0.098404
-0.0983473
-0.0982909
-0.0982349
-0.0981796
-0.0981251
-0.0980716
-0.0980191
-0.0979678
-0.0979177
-0.0978692
-0.0978222
-0.097777
-0.0977336
-0.0976924
-0.0976533
-0.0976164
-0.097582
-0.09755
-0.0975206
-0.0974939
-0.0974698
-0.0974486
-0.0974302
-0.0974147
-0.0974021
-0.0973926
-0.0973862
-0.097383
-0.0973828
-0.0973859
-0.097392
-0.0974013
-0.0974137
-0.0974291
-0.0974476
-0.097469
-0.0974933
-0.0975204
-0.0975504
-0.0975831
-0.0976185
-0.0976564
-0.0976969
-0.0977397
-0.0977848
-0.097832
-0.0978811
-0.0979322
-0.0979849
-0.0980392
-0.098095
-0.0981522
-0.0982105
-0.0982699
-0.0983302
-0.0983913
-0.0984529
-0.0985148
-0.0985769
-0.0986391
-0.0987011
-0.0987627
-0.0988238
-0.0988843
-0.0989439
-0.0990025
-0.0990599
-0.099116
-0.0991705
-0.0992234
-0.0992745
-0.0993236
-0.0993707
-0.0994155
-0.099458
-0.099498
-0.0995354
-0.09957
-0.0996019
-0.0996309
-0.0996568
-0.0996798
-0.0996996
-0.0997162
-0.0997296
-0.0997397
-0.0997464
-0.0997498
-0.0997497
-0.0997463
-0.0997395
-0.0997293
-0.0997159
-0.0996991
-0.099679
-0.0996557
-0.0996292
-0.0995996
-0.0995669
-0.0995312
-0.0994927
-0.0994513
-0.0994073
-0.0993606
-0.0993116
-0.0992602
-0.0992067
-0.0991512
-0.0990937
-0.0990345
-0.0989737
-0.0989115
-0.098848
-0.0987833
-0.0987178
-0.0986515
-0.0985848
-0.0985176
-0.0984502
-0.0983829
-0.0983158
-0.0982491
-0.098183
-0.0981176
-0.0980532
-0.0979898
-0.0979278
-0.0978672
-0.0978082
-0.0977511
-0.0976959
-0.0976428
-0.097592
-0.0975435
-0.0974976
-0.0974543
-0.0974139
-0.0973764
-0.097342
-0.0973107
-0.0972827
-0.097258
-0.0972367
-0.0972189
-0.0972045
-0.0971938
-0.0971865
-0.097183
-0.097183
-0.0971867
-0.0971942
-0.0972054
-0.0972202
-0.0972387
-0.0972606
-0.0972861
-0.0973149
-0.0973472
-0.0973827
-0.0974215
-0.0974634
-0.0975082
-0.0975559
-0.0976063
-0.0976593
-0.0977147
-0.0977725
-0.0978324
-0.0978944
-0.0979582
-0.0980238
-0.0980908
-0.0981591
-0.0982287
-0.0982992
-0.0983704
-0.0984423
-0.0985146
-0.0985872
-0.0986597
-0.0987321
-0.098804
-0.0988753
-0.0989457
-0.0990152
-0.0990834
-0.0991503
-0.0992156
-0.0992791
-0.0993407
-0.0994001
-0.0994572
-0.0995119
-0.099564
-0.0996133
-0.0996597
-0.0997031
-0.0997432
-0.0997801
-0.0998135
-0.0998434
-0.0998698
-0.0998925
-0.0999115
-0.0999267
-0.0999382
-0.0999457
-0.0999494
-0.0999492
-0.0999451
-0.099937
-0.0999251
-0.0999092
-0.0998895
-0.0998659
-0.0998386
-0.0998077
-0.0997731
-0.099735
-0.0996934
-0.0996485
-0.0996003
-0.0995491
-0.0994949
-0.0994379
-0.0993782
-0.0993159
-0.0992514
-0.0991846
-0.0991159
-0.0990454
-0.0989732
-0.0988997
-0.0988249
-0.0987492
-0.0986726
-0.0985954
-0.0985178
-0.09844
-0.0983623
-0.0982849
-0.0982079
-0.0981316
-0.0980561
-0.0979817
-0.0979087
-0.0978372
-0.0977674
-0.0976995
-0.0976337
-0.0975702
-0.0975091
-0.0974506
-0.097395
-0.0973422
-0.0972925
-0.0972462
-0.0972032
-0.0971637
-0.0971279
-0.0970958
-0.0970676
-0.0970432
-0.0970228
-0.0970066
-0.0969944
-0.0969865
-0.0969828
-0.0969833
-0.096988
-0.0969969
-0.0970101
-0.0970273
-0.0970487
-0.0970741
-0.0971035
-0.0971369
-0.0971741
-0.0972151
-0.0972597
-0.0973079
-0.0973595
-0.0974143
-0.0974723
-0.0975333
-0.097597
-0.0976635
-0.0977324
-0.0978036
-0.0978769
-0.0979522
-0.0980291
-0.0981074
-0.0981871
-0.0982679
-0.0983496
-0.0984319
-0.0985146
-0.0985975
-0.0986804
-0.098763
-0.0988452
-0.0989266
-0.0990071
-0.0990864
-0.0991644
-0.0992407
-0.0993152
-0.0993876
-0.0994578
-0.0995256
-0.0995907
-0.099653
-0.0997123
-0.0997685
-0.0998212
-0.0998705
-0.0999162
-0.0999581
-0.0999962
-0.10003
-0.10006
-0.100086
-0.100108
-0.100125
-0.100138
-0.100146
-0.10015
-0.100149
-0.100145
-0.100135
-0.100121
-0.100103
-0.10008
-0.100053
-0.100022
-0.0999862
-0.0999466
-0.0999029
-0.0998554
-0.0998041
-0.0997492
-0.0996907
-0.0996289
-0.0995639
-0.0994959
-0.0994251
-0.0993516
-0.0992757
-0.0991975
-0.0991173
-0.0990353
-0.0989518
-0.0988668
-0.0987808
-0.0986938
-0.0986061
-0.0985181
-0.0984299
-0.0983418
-0.0982539
-0.0981667
-0.0980802
-0.0979947
-0.0979106
-0.0978279
-0.0977469
-0.0976679
-0.0975911
-0.0975166
-0.0974447
-0.0973757
-0.0973096
-0.0972467
-0.0971871
-0.0971311
-0.0970788
-0.0970304
-0.096986
-0.0969457
-0.0969097
-0.096878
-0.0968507
-0.0968279
-0.0968097
-0.096796
-0.0967872
-0.096783
-0.0967837
-0.0967893
-0.0967996
-0.0968146
-0.0968343
-0.0968587
-0.0968875
-0.0969209
-0.0969588
-0.0970009
-0.0970473
-0.0970978
-0.0971524
-0.0972107
-0.0972728
-0.0973384
-0.0974074
-0.0974795
-0.0975546
-0.0976324
-0.0977129
-0.0977957
-0.0978806
-0.0979675
-0.098056
-0.0981459
-0.098237
-0.098329
-0.0984217
-0.0985148
-0.0986081
-0.0987013
-0.0987943
-0.0988866
-0.0989782
-0.0990687
-0.0991579
-0.0992455
-0.0993313
-0.099415
-0.0994964
-0.0995752
-0.0996513
-0.0997244
-0.0997943
-0.0998609
-0.0999238
-0.099983
-0.100038
-0.100089
-0.100136
-0.100179
-0.100217
-0.10025
-0.100279
-0.100303
-0.100322
-0.100336
-0.100346
-0.10035
-0.100349
-0.100343
-0.100333
-0.100317
-0.100296
-0.10027
-0.10024
-0.100205
-0.100165
-0.10012
-0.100071
-0.100017
-0.0999598
-0.0998981
-0.0998324
-0.099763
-0.0996901
-0.0996137
-0.0995343
-0.0994519
-0.0993667
-0.0992792
-0.0991893
-0.0990974
-0.0990038
-0.0989087
-0.0988123
-0.098715
-0.0986169
-0.0985184
-0.0984197
-0.0983212
-0.098223
-0.0981254
-0.0980288
-0.0979333
-0.0978392
-0.0977468
-0.0976564
-0.0975682
-0.0974824
-0.0973993
-0.0973191
-0.0972421
-0.0971685
-0.0970983
-0.097032
-0.0969696
-0.0969113
-0.0968573
-0.0968078
-0.0967629
-0.0967229
-0.0966876
-0.0966573
-0.0966321
-0.096612
-0.0965972
-0.0965876
-0.0965834
-0.0965844
-0.0965907
-0.0966023
-0.0966191
-0.0966412
-0.0966685
-0.0967009
-0.0967383
-0.0967806
-0.0968278
-0.0968796
-0.096936
-0.0969968
-0.0970619
-0.0971312
-0.0972043
-0.0972811
-0.0973615
-0.0974452
-0.097532
-0.0976216
-0.097714
-0.0978086
-0.0979054
-0.098004
-0.0981042
-0.0982056
-0.0983081
-0.0984113
-0.098515
-0.0986189
-0.0987226
-0.0988258
-0.0989285
-0.0990302
-0.0991306
-0.0992296
-0.0993267
-0.0994219
-0.0995147
-0.0996049
-0.0996923
-0.0997767
-0.0998577
-0.0999352
-0.100009
-0.100079
-0.100144
-0.100206
-0.100262
-0.100314
-0.100361
-0.100404
-0.100441
-0.100472
-0.100499
-0.10052
-0.100535
-0.100545
-0.10055
-0.100549
-0.100542
-0.10053
-0.100513
-0.100489
-0.100461
-0.100427
-0.100387
-0.100343
-0.100293
-0.100239
-0.100179
-0.100115
-0.100047
-0.0999739
-0.0998969
-0.0998161
-0.0997315
-0.0996434
-0.0995521
-0.0994578
-0.0993608
-0.0992612
-0.0991595
-0.0990558
-0.0989505
-0.0988438
-0.0987361
-0.0986276
-0.0985186
-0.0984095
-0.0983004
-0.0981919
-0.098084
-0.0979772
-0.0978717
-0.0977677
-0.0976656
-0.0975657
-0.0974683
-0.0973735
-0.0972818
-0.0971932
-0.0971081
-0.0970268
-0.0969494
-0.0968762
-0.0968074
-0.0967432
-0.0966837
-0.0966293
-0.09658
-0.0965359
-0.0964972
-0.0964639
-0.0964363
-0.0964145
-0.0963983
-0.096388
-0.0963835
-0.0963848
-0.0963919
-0.0964048
-0.0964235
-0.096448
-0.0964782
-0.0965139
-0.0965552
-0.096602
-0.096654
-0.0967112
-0.0967735
-0.0968406
-0.0969124
-0.0969888
-0.0970696
-0.0971545
-0.0972433
-0.0973357
-0.0974315
-0.0975305
-0.0976322
-0.0977366
-0.0978432
-0.0979518
-0.0980621
-0.0981739
-0.0982868
-0.0984005
-0.0985147
-0.0986291
-0.0987433
-0.0988571
-0.0989701
-0.0990819
-0.0991924
-0.0993013
-0.0994081
-0.0995127
-0.0996147
-0.0997138
-0.0998098
-0.0999024
-0.0999915
-0.100077
-0.100157
-0.100234
-0.100306
-0.100373
-0.100435
-0.100492
-0.100544
-0.10059
-0.10063
-0.100665
-0.100694
-0.100717
-0.100734
-0.100745
-0.10075
-0.100749
-0.100741
-0.100728
-0.100708
-0.100683
-0.100651
-0.100613
-0.10057
-0.100521
-0.100467
-0.100407
-0.100341
-0.100271
-0.100196
-0.100115
-0.100031
-0.0999421
-0.0998492
-0.0997525
-0.0996523
-0.0995488
-0.0994422
-0.099333
-0.0992214
-0.0991077
-0.0989922
-0.0988753
-0.0987573
-0.0986384
-0.098519
-0.0983994
-0.0982799
-0.0981609
-0.0980427
-0.0979256
-0.09781
-0.0976962
-0.0975845
-0.0974751
-0.0973684
-0.0972647
-0.0971642
-0.0970673
-0.0969743
-0.0968854
-0.0968008
-0.0967208
-0.0966456
-0.0965755
-0.0965106
-0.0964511
-0.0963973
-0.0963492
-0.096307
-0.0962708
-0.0962407
-0.0962169
-0.0961993
-0.0961881
-0.0961834
-0.0961849
-0.0961928
-0.096207
-0.0962275
-0.0962543
-0.0962874
-0.0963267
-0.096372
-0.0964233
-0.0964803
-0.0965431
-0.0966113
-0.0966849
-0.0967635
-0.0968471
-0.0969354
-0.0970282
-0.0971251
-0.097226
-0.0973307
-0.0974389
-0.0975502
-0.0976643
-0.0977809
-0.0978997
-0.0980204
-0.0981425
-0.0982658
-0.0983899
-0.0985145
-0.0986394
-0.098764
-0.0988882
-0.0990115
-0.0991337
-0.0992543
-0.0993731
-0.0994897
-0.0996038
-0.099715
-0.099823
-0.0999275
-0.100028
-0.100125
-0.100218
-0.100306
-0.100389
-0.100468
-0.100541
-0.100608
-0.10067
-0.100726
-0.100776
-0.10082
-0.100858
-0.100889
-0.100914
-0.100933
-0.100945
-0.10095
-0.100948
-0.10094
-0.100925
-0.100904
-0.100876
-0.100841
-0.1008
-0.100753
-0.100699
-0.10064
-0.100574
-0.100503
-0.100426
-0.100344
-0.100257
-0.100165
-0.100068
-0.099967
-0.0998617
-0.0997526
-0.09964
-0.099524
-0.0994051
-0.0992836
-0.0991598
-0.0990341
-0.0989069
-0.0987784
-0.0986491
-0.0985192
-0.0983891
-0.0982592
-0.0981298
-0.0980013
-0.0978741
-0.0977484
-0.0976247
-0.0975033
-0.0973845
-0.0972686
-0.097156
-0.0970469
-0.0969417
-0.0968407
-0.0967441
-0.0966523
-0.0965654
-0.0964839
-0.0964078
-0.0963374
-0.096273
-0.0962146
-0.0961625
-0.0961168
-0.0960775
-0.0960449
-0.096019
-0.096
-0.0959879
-0.0959828
-0.0959846
-0.0959933
-0.096009
-0.0960315
-0.0960609
-0.096097
-0.0961398
-0.0961891
-0.096245
-0.0963071
-0.0963753
-0.0964495
-0.0965295
-0.096615
-0.0967058
-0.0968017
-0.0969024
-0.0970077
-0.0971173
-0.0972309
-0.0973481
-0.0974688
-0.0975925
-0.0977189
-0.0978476
-0.0979784
-0.0981108
-0.0982445
-0.0983791
-0.0985142
-0.0986495
-0.0987846
-0.0989192
-0.0990528
-0.0991852
-0.0993158
-0.0994445
-0.0995707
-0.0996942
-0.0998146
-0.0999317
-0.100045
-0.100154
-0.100259
-0.100359
-0.100455
-0.100545
-0.100629
-0.100708
-0.100781
-0.100848
-0.100909
-0.100963
-0.101011
-0.101051
-0.101085
-0.101112
-0.101132
-0.101144
-0.10115
-0.101148
-0.101139
-0.101123
-0.101099
-0.101069
-0.101031
-0.100987
-0.100936
-0.100878
-0.100813
-0.100742
-0.100665
-0.100582
-0.100493
-0.100398
-0.100299
-0.100194
-0.100085
-0.0999707
-0.0998526
-0.0997308
-0.0996054
-0.0994769
-0.0993455
-0.0992118
-0.0990759
-0.0989384
-0.0987995
-0.0986597
-0.0985193
-0.0983788
-0.0982384
-0.0980987
-0.0979599
-0.0978225
-0.0976868
-0.0975532
-0.0974221
-0.0972938
-0.0971687
-0.0970471
-0.0969294
-0.0968159
-0.0967069
-0.0966028
-0.0965038
-0.0964102
-0.0963222
-0.0962402
-0.0961643
-0.0960948
-0.0960318
-0.0959756
-0.0959264
-0.0958842
-0.0958492
-0.0958215
-0.0958012
-0.0957884
-0.0957831
-0.0957852
-0.0957947
-0.0958117
-0.0958361
-0.0958678
-0.0959069
-0.0959532
-0.0960065
-0.0960669
-0.096134
-0.0962077
-0.0962878
-0.0963741
-0.0964664
-0.0965644
-0.0966679
-0.0967765
-0.0968901
-0.0970083
-0.0971308
-0.0972572
-0.0973873
-0.0975206
-0.0976569
-0.0977957
-0.0979367
-0.0980796
-0.0982237
-0.0983688
-0.0985144
-0.0986602
-0.0988057
-0.0989506
-0.0990944
-0.0992369
-0.0993775
-0.099516
-0.0996519
-0.0997849
-0.0999146
-0.100041
-0.100163
-0.10028
-0.100393
-0.100501
-0.100603
-0.1007
-0.100791
-0.100876
-0.100955
-0.101027
-0.101092
-0.10115
-0.101201
-0.101245
-0.101281
-0.10131
-0.101331
-0.101344
-0.10135
-0.101348
-0.101338
-0.10132
-0.101295
-0.101262
-0.101221
-0.101173
-0.101118
-0.101056
-0.100986
-0.10091
-0.100827
-0.100737
-0.100642
-0.10054
-0.100433
-0.10032
-0.100202
-0.10008
-0.0999528
-0.0998217
-0.0996869
-0.0995488
-0.0994076
-0.0992637
-0.0991177
-0.0989699
-0.0988206
-0.0986704
-0.0985196
-0.0983685
-0.0982177
-0.0980674
-0.0979183
-0.0977707
-0.0976249
-0.0974815
-0.0973407
-0.0972029
-0.0970686
-0.0969381
-0.0968117
-0.09669
-0.0965731
-0.0964614
-0.0963553
-0.096255
-0.0961608
-0.0960729
-0.0959915
-0.0959171
-0.0958496
-0.0957894
-0.0957367
-0.0956916
-0.0956541
-0.0956245
-0.0956028
-0.0955891
-0.0955833
-0.0955854
-0.0955957
-0.095614
-0.0956402
-0.0956745
-0.0957165
-0.0957662
-0.0958235
-0.0958883
-0.0959603
-0.0960394
-0.0961254
-0.0962181
-0.0963173
-0.0964226
-0.0965337
-0.0966505
-0.0967725
-0.0968994
-0.0970308
-0.0971664
-0.0973059
-0.0974489
-0.0975949
-0.0977437
-0.0978948
-0.0980478
-0.0982022
-0.0983577
-0.0985138
-0.0986701
-0.0988262
-0.0989815
-0.0991358
-0.0992885
-0.0994392
-0.0995876
-0.0997332
-0.0998756
-0.100014
-0.100149
-0.10028
-0.100406
-0.100527
-0.100642
-0.100752
-0.100856
-0.100953
-0.101044
-0.101128
-0.101205
-0.101274
-0.101336
-0.101391
-0.101438
-0.101476
-0.101507
-0.101529
-0.101544
-0.10155
-0.101547
-0.101536
-0.101518
-0.10149
-0.101455
-0.101411
-0.10136
-0.101301
-0.101234
-0.101159
-0.101078
-0.100989
-0.100893
-0.10079
-0.100682
-0.100567
-0.100446
-0.10032
-0.100189
-0.100053
-0.0999128
-0.0997686
-0.0996207
-0.0994697
-0.0993158
-0.0991595
-0.0990014
-0.0988417
-0.098681
-0.0985197
-0.0983582
-0.0981969
-0.0980363
-0.0978769
-0.0977191
-0.0975633
-0.0974099
-0.0972594
-0.0971121
-0.0969685
-0.0968291
-0.0966941
-0.0965641
-0.0964392
-0.09632
-0.0962065
-0.0960993
-0.0959986
-0.0959048
-0.095818
-0.0957386
-0.0956667
-0.0956027
-0.0955465
-0.0954985
-0.0954586
-0.0954271
-0.095404
-0.0953893
-0.0953833
-0.0953858
-0.0953969
-0.0954167
-0.0954449
-0.0954816
-0.0955265
-0.0955797
-0.095641
-0.0957103
-0.0957874
-0.095872
-0.095964
-0.0960631
-0.096169
-0.0962814
-0.0964
-0.0965245
-0.0966547
-0.0967902
-0.0969305
-0.0970754
-0.0972244
-0.0973771
-0.0975331
-0.097692
-0.0978533
-0.0980165
-0.0981813
-0.0983472
-0.0985137
-0.0986804
-0.0988469
-0.0990126
-0.0991772
-0.0993401
-0.0995009
-0.0996591
-0.0998144
-0.0999663
-0.100114
-0.100258
-0.100397
-0.100531
-0.10066
-0.100783
-0.1009
-0.101011
-0.101115
-0.101211
-0.101301
-0.101382
-0.101457
-0.101523
-0.101581
-0.10163
-0.101672
-0.101704
-0.101728
-0.101743
-0.101749
-0.101747
-0.101735
-0.101715
-0.101686
-0.101648
-0.101602
-0.101547
-0.101484
-0.101412
-0.101333
-0.101246
-0.101151
-0.101048
-0.100939
-0.100823
-0.100701
-0.100572
-0.100438
-0.100298
-0.100153
-0.100004
-0.0998499
-0.0996924
-0.0995315
-0.0993676
-0.0992012
-0.0990328
-0.0988628
-0.0986917
-0.0985199
-0.0983479
-0.0981763
-0.0980053
-0.0978356
-0.0976675
-0.0975016
-0.0973384
-0.0971782
-0.0970215
-0.0968688
-0.0967204
-0.0965768
-0.0964384
-0.0963055
-0.0961785
-0.0960578
-0.0959438
-0.0958368
-0.095737
-0.0956448
-0.0955604
-0.0954841
-0.0954161
-0.0953564
-0.0953052
