-0.0982821
-0.0982826
-0.0982835
-0.0982847
-0.0982861
-0.0982876
-0.0982892
-0.0982909
-0.0982928
-0.0982948
-0.0982968
-0.0982988
-0.0983009
-0.098303
-0.098305
-0.098307
-0.0983089
-0.0983108
-0.0983125
-0.0983142
-0.0983158
-0.0983173
-0.0983187
-0.09832
-0.0983212
-0.0983223
-0.0983231
-0.0983237
-0.0983242
-0.0983244
-0.0983243
-0.0983241
-0.0983237
-0.0983231
-0.0983222
-0.0983212
-0.0983199
-0.0983184
-0.0983166
-0.0983145
-0.0983122
-0.0983096
-0.0983068
-0.0983038
-0.0983006
-0.0982971
-0.0982935
-0.0982896
-0.0982855
-0.0982812
-0.0982768
-0.0982721
-0.0982674
-0.0982625
-0.0982575
-0.0982524
-0.0982472
-0.098242
-0.0982366
-0.0982312
-0.0982258
-0.0982204
-0.098215
-0.0982097
-0.0982045
-0.0981994
-0.0981944
-0.0981895
-0.0981847
-0.0981801
-0.0981757
-0.0981715
-0.0981676
-0.0981639
-0.0981604
-0.0981572
-0.0981544
-0.0981518
-0.0981496
-0.0981478
-0.0981463
-0.0981452
-0.0981444
-0.098144
-0.0981441
-0.0981445
-0.0981454
-0.0981467
-0.0981485
-0.0981507
-0.0981534
-0.0981566
-0.0981602
-0.0981642
-0.0981687
-0.0981736
-0.0981789
-0.0981846
-0.0981907
-0.0981973
-0.0982042
-0.0982115
-0.0982192
-0.0982272
-0.0982355
-0.0982441
-0.0982529
-0.098262
-0.0982713
-0.0982808
-0.0982905
-0.0983004
-0.0983104
-0.0983204
-0.0983306
-0.0983407
-0.0983509
-0.0983611
-0.0983711
-0.0983811
-0.098391
-0.0984006
-0.0984102
-0.0984194
-0.0984284
-0.0984372
-0.0984456
-0.0984536
-0.0984614
-0.0984687
-0.0984756
-0.0984821
-0.0984881
-0.0984935
-0.0984985
-0.0985029
-0.0985067
-0.09851
-0.0985126
-0.0985146
-0.098516
-0.0985166
-0.0985167
-0.098516
-0.0985147
-0.0985127
-0.09851
-0.0985067
-0.0985026
-0.0984979
-0.0984925
-0.0984864
-0.0984796
-0.0984722
-0.0984641
-0.0984555
-0.0984462
-0.0984363
-0.0984259
-0.0984149
-0.0984034
-0.0983914
-0.0983789
-0.098366
-0.0983527
-0.0983391
-0.0983251
-0.0983109
-0.0982964
-0.0982816
-0.0982667
-0.0982516
-0.0982365
-0.0982213
-0.0982061
-0.0981909
-0.0981758
-0.0981609
-0.0981461
-0.0981316
-0.0981173
-0.0981033
-0.0980896
-0.0980763
-0.0980635
-0.0980512
-0.0980394
-0.0980281
-0.0980174
-0.0980073
-0.0979979
-0.0979891
-0.0979811
-0.0979739
-0.0979674
-0.0979618
-0.0979569
-0.097953
-0.0979499
-0.0979475
-0.0979462
-0.0979458
-0.0979464
-0.097948
-0.0979506
-0.0979541
-0.0979585
-0.0979639
-0.0979702
-0.0979773
-0.0979854
-0.0979943
-0.0980042
-0.098015
-0.0980267
-0.0980392
-0.0980526
-0.0980667
-0.0980815
-0.098097
-0.0981132
-0.0981299
-0.0981472
-0.0981651
-0.0981834
-0.0982022
-0.0982214
-0.0982409
-0.0982606
-0.0982806
-0.0983008
-0.098321
-0.0983414
-0.0983617
-0.098382
-0.0984022
-0.0984223
-0.098442
-0.0984615
-0.0984807
-0.0984995
-0.0985178
-0.0985356
-0.0985528
-0.0985695
-0.0985854
-0.0986007
-0.0986151
-0.0986288
-0.0986416
-0.0986536
-0.0986646
-0.0986747
-0.0986837
-0.0986917
-0.0986986
-0.0987043
-0.0987089
-0.0987124
-0.0987146
-0.0987157
-0.0987156
-0.0987143
-0.0987118
-0.098708
-0.0987031
-0.0986969
-0.0986894
-0.0986808
-0.098671
-0.0986602
-0.0986482
-0.098635
-0.0986209
-0.0986056
-0.0985893
-0.0985721
-0.0985539
-0.0985348
-0.0985149
-0.0984942
-0.0984728
-0.0984507
-0.0984279
-0.0984046
-0.0983808
-0.0983566
-0.098332
-0.098307
-0.0982818
-0.0982565
-0.098231
-0.0982055
-0.09818
-0.0981546
-0.0981294
-0.0981044
-0.0980797
-0.0980555
-0.0980316
-0.0980084
-0.0979857
-0.0979637
-0.0979424
-0.0979219
-0.0979023
-0.0978836
-0.0978659
-0.0978493
-0.0978337
-0.0978193
-0.0978061
-0.0977942
-0.0977835
-0.0977741
-0.097766
-0.0977594
-0.0977541
-0.0977502
-0.0977478
-0.0977468
-0.0977474
-0.0977494
-0.0977528
-0.0977578
-0.0977642
-0.0977721
-0.0977814
-0.0977922
-0.0978045
-0.0978181
-0.0978332
-0.0978495
-0.0978671
-0.097886
-0.097906
-0.0979273
-0.0979496
-0.097973
-0.0979974
-0.0980227
-0.0980489
-0.0980758
-0.0981035
-0.0981319
-0.0981608
-0.0981902
-0.0982201
-0.0982503
-0.0982807
-0.0983113
-0.098342
-0.0983726
-0.0984033
-0.0984338
-0.098464
-0.0984939
-0.0985234
-0.0985524
-0.0985807
-0.0986084
-0.0986354
-0.0986615
-0.0986867
-0.098711
-0.0987342
-0.0987562
-0.0987771
-0.0987968
-0.0988151
-0.098832
-0.0988476
-0.0988616
-0.0988741
-0.0988849
-0.0988942
-0.0989019
-0.0989078
-0.0989121
-0.0989147
-0.0989155
-0.0989146
-0.0989119
-0.0989074
-0.0989012
-0.0988933
-0.0988836
-0.0988722
-0.0988592
-0.0988444
-0.0988281
-0.0988101
-0.0987906
-0.0987696
-0.0987472
-0.0987233
-0.0986982
-0.0986717
-0.098644
-0.0986152
-0.0985853
-0.0985544
-0.0985226
-0.09849
-0.0984567
-0.0984227
-0.0983881
-0.098353
-0.0983176
-0.0982819
-0.098246
-0.0982101
-0.0981742
-0.0981384
-0.0981029
-0.0980677
-0.0980329
-0.0979985
-0.0979648
-0.0979318
-0.0978996
-0.0978683
-0.0978381
-0.0978088
-0.0977808
-0.0977539
-0.0977284
-0.0977044
-0.0976818
-0.0976608
-0.0976415
-0.0976238
-0.0976078
-0.0975936
-0.0975812
-0.0975707
-0.0975621
-0.0975555
-0.0975508
-0.097548
-0.0975473
-0.0975486
-0.0975519
-0.0975573
-0.0975646
-0.0975739
-0.0975853
-0.0975987
-0.097614
-0.0976312
-0.0976503
-0.0976713
-0.0976939
-0.0977183
-0.0977443
-0.0977719
-0.0978011
-0.0978317
-0.0978638
-0.0978971
-0.0979316
-0.0979672
-0.0980039
-0.0980414
-0.0980798
-0.0981189
-0.0981586
-0.0981989
-0.0982395
-0.0982804
-0.0983215
-0.0983626
-0.0984037
-0.0984446
-0.0984853
-0.0985255
-0.0985653
-0.0986044
-0.0986429
-0.0986804
-0.0987171
-0.0987526
-0.0987871
-0.0988203
-0.0988521
-0.0988826
-0.0989114
-0.0989387
-0.0989643
-0.0989881
-0.09901
-0.09903
-0.0990481
-0.0990641
-0.099078
-0.0990898
-0.0990993
-0.0991066
-0.0991117
-0.0991146
-0.0991151
-0.0991134
-0.0991093
-0.099103
-0.0990944
-0.0990835
-0.0990704
-0.099055
-0.0990375
-0.0990178
-0.098996
-0.0989721
-0.0989462
-0.0989184
-0.0988888
-0.0988573
-0.0988242
-0.0987894
-0.0987531
-0.0987154
-0.0986764
-0.098636
-0.0985946
-0.098552
-0.0985086
-0.0984644
-0.0984195
-0.098374
-0.0983281
-0.098282
-0.0982357
-0.0981894
-0.0981432
-0.0980971
-0.0980513
-0.098006
-0.0979612
-0.0979173
-0.0978741
-0.0978319
-0.0977909
-0.097751
-0.0977124
-0.0976752
-0.0976395
-0.0976055
-0.0975732
-0.0975428
-0.0975143
-0.0974878
-0.0974634
-0.0974411
-0.0974211
-0.0974033
-0.0973879
-0.0973749
-0.0973643
-0.0973561
-0.0973506
-0.0973477
-0.0973473
-0.0973494
-0.0973541
-0.0973613
-0.0973711
-0.0973835
-0.0973982
-0.0974156
-0.0974354
-0.0974576
-0.0974822
-0.0975091
-0.0975382
-0.0975694
-0.0976026
-0.0976378
-0.0976749
-0.0977138
-0.0977544
-0.0977966
-0.0978404
-0.0978855
-0.0979318
-0.0979793
-0.0980277
-0.0980769
-0.0981269
-0.0981774
-0.0982284
-0.0982797
-0.0983313
-0.0983829
-0.0984344
-0.0984857
-0.0985366
-0.098587
-0.0986367
-0.0986855
-0.0987334
-0.0987802
-0.0988258
-0.09887
-0.0989128
-0.0989539
-0.0989933
-0.099031
-0.0990667
-0.0991003
-0.0991318
-0.0991611
-0.099188
-0.0992126
-0.0992346
-0.0992541
-0.099271
-0.0992852
-0.0992967
-0.0993055
-0.0993114
-0.0993146
-0.0993148
-0.0993123
-0.0993069
-0.0992987
-0.0992877
-0.0992738
-0.0992572
-0.0992379
-0.0992159
-0.0991912
-0.0991639
-0.0991341
-0.0991019
-0.0990672
-0.0990304
-0.0989913
-0.0989501
-0.098907
-0.0988621
-0.0988154
-0.0987672
-0.0987174
-0.0986663
-0.098614
-0.0985606
-0.0985063
-0.0984511
-0.0983953
-0.098339
-0.0982824
-0.0982256
-0.0981688
-0.0981122
-0.0980559
-0.098
-0.0979447
-0.0978901
-0.0978364
-0.0977838
-0.0977323
-0.0976821
-0.0976335
-0.0975866
-0.0975414
-0.0974981
-0.0974569
-0.0974179
-0.097381
-0.0973466
-0.0973146
-0.0972851
-0.0972583
-0.0972343
-0.097213
-0.0971946
-0.0971792
-0.0971667
-0.0971573
-0.0971509
-0.0971476
-0.0971474
-0.0971503
-0.0971564
-0.0971656
-0.0971779
-0.0971933
-0.0972117
-0.0972332
-0.0972575
-0.0972847
-0.0973147
-0.0973475
-0.0973829
-0.0974209
-0.0974613
-0.0975042
-0.0975493
-0.0975965
-0.0976457
-0.0976968
-0.0977496
-0.0978041
-0.09786
-0.0979172
-0.0979755
-0.0980349
-0.0980951
-0.098156
-0.0982175
-0.0982793
-0.0983413
-0.0984034
-0.0984652
-0.0985268
-0.0985879
-0.0986483
-0.0987079
-0.0987665
-0.0988238
-0.0988799
-0.0989344
-0.0989873
-0.0990384
-0.0990875
-0.0991346
-0.0991795
-0.099222
-0.099262
-0.0992995
-0.0993343
-0.0993662
-0.0993953
-0.0994213
-0.0994443
-0.0994641
-0.0994808
-0.0994942
-0.0995043
-0.099511
-0.0995145
-0.0995145
-0.0995112
-0.0995044
-0.0994943
-0.0994809
-0.0994641
-0.099444
-0.0994206
-0.0993941
-0.0993644
-0.0993317
-0.099296
-0.0992574
-0.099216
-0.099172
-0.0991254
-0.0990763
-0.099025
-0.0989714
-0.0989157
-0.0988582
-0.098799
-0.0987382
-0.098676
-0.0986125
-0.098548
-0.0984825
-0.0984164
-0.0983497
-0.0982826
-0.0982153
-0.0981481
-0.098081
-0.0980144
-0.0979483
-0.0978829
-0.0978185
-0.0977552
-0.0976931
-0.0976326
-0.0975736
-0.0975163
-0.097461
-0.0974078
-0.0973569
-0.0973084
-0.0972625
-0.0972192
-0.0971788
-0.0971414
-0.0971069
-0.0970757
-0.0970477
-0.0970229
-0.0970016
-0.0969836
-0.0969693
-0.0969585
-0.0969513
-0.0969477
-0.0969479
-0.0969517
-0.0969592
-0.0969703
-0.096985
-0.0970033
-0.0970252
-0.0970505
-0.0970794
-0.0971115
-0.097147
-0.0971856
-0.0972274
-0.0972722
-0.0973198
-0.0973702
-0.0974232
-0.0974788
-0.0975366
-0.0975966
-0.0976587
-0.0977226
-0.0977882
-0.0978554
-0.0979238
-0.0979934
-0.0980639
-0.0981351
-0.098207
-0.0982793
-0.0983518
-0.0984242
-0.0984964
-0.0985682
-0.0986395
-0.0987099
-0.0987793
-0.0988476
-0.0989144
-0.0989797
-0.0990431
-0.0991047
-0.0991641
-0.0992212
-0.0992759
-0.099328
-0.0993774
-0.0994238
-0.0994671
-0.0995073
-0.0995442
-0.0995777
-0.0996078
-0.0996343
-0.0996572
-0.0996764
-0.0996917
-0.0997032
-0.0997109
-0.0997146
-0.0997143
-0.0997101
-0.099702
-0.09969
-0.0996741
-0.0996543
-0.0996308
-0.0996034
-0.0995724
-0.0995378
-0.0994996
-0.099458
-0.099413
-0.0993648
-0.0993136
-0.0992594
-0.0992024
-0.0991427
-0.0990805
-0.099016
-0.0989493
-0.0988806
-0.0988101
-0.0987381
-0.0986646
-0.0985899
-0.0985141
-0.0984376
-0.0983604
-0.0982829
-0.0982052
-0.0981275
-0.0980501
-0.0979731
-0.0978968
-0.0978214
-0.097747
-0.097674
-0.0976025
-0.0975326
-0.0974647
-0.0973989
-0.0973353
-0.0972742
-0.0972157
-0.09716
-0.0971073
-0.0970576
-0.0970112
-0.0969683
-0.0969288
-0.096893
-0.096861
-0.0968327
-0.0968084
-0.096788
-0.0967717
-0.0967596
-0.0967515
-0.0967477
-0.0967481
-0.0967527
-0.0967616
-0.0967746
-0.0967917
-0.096813
-0.0968384
-0.0968677
-0.096901
-0.0969382
-0.0969791
-0.0970237
-0.0970718
-0.0971234
-0.0971783
-0.0972363
-0.0972972
-0.0973611
-0.0974275
-0.0974965
-0.0975678
-0.0976411
-0.0977164
-0.0977935
-0.097872
-0.0979518
-0.0980326
-0.0981144
-0.0981967
-0.0982795
-0.0983623
-0.0984451
-0.0985277
-0.0986097
-0.0986911
-0.0987716
-0.0988509
-0.0989288
-0.099005
-0.0990795
-0.0991518
-0.099222
-0.0992897
-0.0993548
-0.0994171
-0.0994764
-0.0995325
-0.0995853
-0.0996346
-0.0996803
-0.0997223
-0.0997604
-0.0997944
-0.0998244
-0.0998503
-0.0998718
-0.0998891
-0.099902
-0.0999105
-0.0999145
-0.099914
-0.0999091
-0.0998997
-0.0998858
-0.0998674
-0.0998447
-0.0998176
-0.0997863
-0.0997508
-0.0997111
-0.0996675
-0.0996199
-0.0995686
-0.0995137
-0.0994552
-0.0993934
-0.0993284
-0.0992605
-0.0991897
-0.0991162
-0.0990404
-0.0989622
-0.0988821
-0.0988002
-0.0987166
-0.0986317
-0.0985457
-0.0984588
-0.0983712
-0.0982832
-0.098195
-0.0981069
-0.098019
-0.0979317
-0.0978452
-0.0977598
-0.0976755
-0.0975928
-0.0975119
-0.0974328
-0.0973559
-0.0972814
-0.0972094
-0.0971404
-0.0970743
-0.0970114
-0.0969519
-0.0968959
-0.0968437
-0.0967953
-0.0967509
-0.0967105
-0.0966744
-0.0966426
-0.0966151
-0.0965922
-0.096574
-0.0965604
-0.0965516
-0.0965476
-0.0965484
-0.0965539
-0.0965641
-0.096579
-0.0965986
-0.0966228
-0.0966516
-0.0966849
-0.0967226
-0.0967647
-0.0968111
-0.0968616
-0.0969161
-0.0969744
-0.0970365
-0.097102
-0.097171
-0.0972431
-0.0973182
-0.0973962
-0.0974766
-0.0975595
-0.0976445
-0.0977314
-0.0978199
-0.0979099
-0.0980011
-0.0980932
-0.098186
-0.0982792
-0.0983727
-0.098466
-0.098559
-0.0986514
-0.0987429
-0.0988333
-0.0989224
-0.0990099
-0.0990956
-0.0991792
-0.0992606
-0.0993394
-0.0994154
-0.0994885
-0.0995583
-0.0996249
-0.0996878
-0.099747
-0.0998023
-0.0998535
-0.0999005
-0.0999431
-0.0999812
-0.100015
-0.100044
-0.100068
-0.100087
-0.100101
-0.10011
-0.100114
-0.100114
-0.100108
-0.100097
-0.100081
-0.100061
-0.100035
-0.100004
-0.0999691
-0.099929
-0.0998844
-0.0998353
-0.0997818
-0.0997242
-0.0996624
-0.0995968
-0.0995274
-0.0994545
-0.0993782
-0.0992988
-0.0992164
-0.0991314
-0.0990438
-0.098954
-0.0988622
-0.0987686
-0.0986735
-0.0985772
-0.0984799
-0.0983819
-0.0982834
-0.0981848
-0.0980862
-0.097988
-0.0978904
-0.0977938
-0.0976983
-0.0976042
-0.0975118
-0.0974214
-0.0973332
-0.0972474
-0.0971643
-0.0970841
-0.097007
-0.0969333
-0.0968631
-0.0967968
-0.0967343
-0.0966761
-0.0966222
-0.0965727
-0.0965279
-0.0964879
-0.0964527
-0.0964224
-0.0963971
-0.0963771
-0.0963622
-0.0963525
-0.0963481
-0.0963491
-0.0963553
-0.0963668
-0.0963835
-0.0964054
-0.0964326
-0.0964648
-0.096502
-0.0965442
-0.0965913
-0.0966431
-0.0966994
-0.0967603
-0.0968254
-0.0968947
-0.0969679
-0.0970448
-0.0971253
-0.097209
-0.0972958
-0.0973855
-0.0974778
-0.0975725
-0.0976692
-0.0977678
-0.097868
-0.0979695
-0.098072
-0.0981752
-0.098279
-0.0983829
-0.0984866
-0.09859
-0.0986927
-0.0987945
-0.098895
-0.098994
-0.0990913
-0.0991864
-0.0992792
-0.0993695
-0.0994568
-0.0995411
-0.0996221
-0.0996995
-0.0997732
-0.0998429
-0.0999085
-0.0999697
-0.100026
-0.100078
-0.100125
-0.100168
-0.100205
-0.100236
-0.100263
-0.100284
-0.1003
-0.10031
-0.100315
-0.100314
-0.100307
-0.100295
-0.100277
-0.100254
-0.100225
-0.100191
-0.100152
-0.100107
-0.100058
-0.100003
-0.0999437
-0.0998797
-0.0998112
-0.0997383
-0.0996614
-0.0995805
-0.0994959
-0.0994079
-0.0993166
-0.0992224
-0.0991254
-0.0990259
-0.0989242
-0.0988206
-0.0987154
-0.0986087
-0.0985011
-0.0983926
-0.0982836
-0.0981745
-0.0980655
-0.0979569
-0.097849
-0.0977422
-0.0976366
-0.0975327
-0.0974307
-0.0973308
-0.0972333
-0.0971386
-0.0970469
-0.0969584
-0.0968734
-0.0967921
-0.0967147
-0.0966415
-0.0965727
-0.0965085
-0.0964491
-0.0963945
-0.0963451
-0.0963009
-0.0962622
-0.096229
-0.0962014
-0.0961795
-0.0961632
-0.0961527
-0.096148
-0.0961492
-0.0961561
-0.0961689
-0.0961875
-0.0962119
-0.0962421
-0.0962779
-0.0963192
-0.0963659
-0.0964179
-0.0964751
-0.0965375
-0.0966047
-0.0966766
-0.0967531
-0.0968338
-0.0969187
-0.0970074
-0.0970997
-0.0971954
-0.0972942
-0.097396
-0.0975003
-0.0976069
-0.0977156
-0.097826
-0.0979378
-0.0980508
-0.0981645
-0.0982787
-0.0983931
-0.0985073
-0.0986211
-0.098734
-0.0988459
-0.0989564
-0.0990653
-0.0991721
-0.0992768
-0.0993788
-0.099478
-0.0995741
-0.0996667
-0.0997556
-0.0998407
-0.0999216
-0.0999982
-0.10007
-0.100137
-0.100199
-0.100256
-0.100308
-0.100354
-0.100395
-0.10043
-0.100458
-0.100481
-0.100499
-0.10051
-0.100514
-0.100513
-0.100506
-0.100492
-0.100473
-0.100447
-0.100415
-0.100378
-0.100335
-0.100286
-0.100231
-0.100171
-0.100106
-0.100035
-0.0999601
-0.09988
-0.0997955
-0.0997067
-0.0996138
-0.0995171
-0.0994169
-0.0993134
-0.0992069
-0.0990978
-0.0989863
-0.0988726
-0.0987572
-0.0986403
-0.0985222
-0.0984033
-0.0982839
-0.0981644
-0.0980449
-0.0979259
-0.0978077
-0.0976906
-0.0975751
-0.0974613
-0.0973495
-0.0972402
-0.0971336
-0.0970299
-0.0969295
-0.0968327
-0.0967397
-0.0966508
-0.0965663
-0.0964863
-0.0964111
-0.0963409
-0.096276
-0.0962164
-0.0961625
-0.0961144
-0.0960721
-0.0960358
-0.0960056
-0.0959816
-0.095964
-0.0959527
-0.0959478
-0.0959492
-0.095957
-0.0959713
-0.0959918
-0.0960186
-0.0960517
-0.0960909
-0.0961362
-0.0961875
-0.0962446
-0.0963074
-0.0963757
-0.0964493
-0.096528
-0.0966117
-0.0967
-0.0967928
-0.0968898
-0.0969908
-0.0970955
-0.0972036
-0.0973148
-0.0974288
-0.0975452
-0.0976639
-0.0977844
-0.0979065
-0.0980297
-0.0981539
-0.0982785
-0.0984033
-0.098528
-0.0986521
-0.0987754
-0.0988975
-0.0990181
-0.0991368
-0.0992534
-0.0993675
-0.0994787
-0.0995868
-0.0996915
-0.0997924
-0.0998894
-0.099982
-0.10007
-0.100153
-0.100232
-0.100305
-0.100373
-0.100434
-0.100491
-0.100541
-0.100585
-0.100623
-0.100654
-0.100679
-0.100697
-0.100709
-0.100715
-0.100713
-0.100705
-0.10069
-0.100668
-0.10064
-0.100606
-0.100565
-0.100517
-0.100464
-0.100404
-0.100339
-0.100268
-0.100191
-0.100109
-0.100021
-0.0999293
-0.0998325
-0.0997314
-0.0996261
-0.099517
-0.0994044
-0.0992886
-0.0991698
-0.0990484
-0.0989247
-0.0987991
-0.0986719
-0.0985434
-0.098414
-0.0982841
-0.0981539
-0.098024
-0.0978946
-0.0977661
-0.0976389
-0.0975133
-0.0973897
-0.0972683
-0.0971496
-0.0970337
-0.0969211
-0.0968121
-0.0967069
-0.0966059
-0.0965092
-0.0964174
-0.0963306
-0.0962491
-0.096173
-0.0961026
-0.0960381
-0.0959798
-0.0959277
-0.0958819
-0.0958427
-0.0958101
-0.0957843
-0.0957652
-0.095753
-0.0957477
-0.0957494
-0.095758
-0.0957736
-0.095796
-0.0958253
-0.0958613
-0.0959041
-0.0959534
-0.0960092
-0.0960713
-0.0961395
-0.0962137
-0.0962936
-0.0963792
-0.09647
-0.0965659
-0.0966667
-0.096772
-0.0968817
-0.0969953
-0.0971126
-0.0972332
-0.0973569
-0.0974832
-0.0976118
-0.0977425
-0.0978749
-0.0980085
-0.0981431
-0.0982782
-0.0984135
-0.0985486
-0.0986831
-0.0988167
-0.098949
-0.0990797
-0.0992083
-0.0993345
-0.0994581
-0.0995785
-0.0996956
-0.0998089
-0.0999181
-0.100023
-0.100123
-0.100219
-0.100309
-0.100393
-0.100472
-0.100546
-0.100613
-0.100673
-0.100727
-0.100775
-0.100816
-0.10085
-0.100876
-0.100896
-0.100909
-0.100914
-0.100913
-0.100904
-0.100887
-0.100864
-0.100834
-0.100796
-0.100752
-0.1007
-0.100642
-0.100578
-0.100507
-0.10043
-0.100346
-0.100258
-0.100163
-0.100063
-0.0999588
-0.0998493
-0.0997354
-0.0996174
-0.0994955
-0.0993701
-0.0992416
-0.0991103
-0.0989766
-0.0988408
-0.0987033
-0.0985645
-0.0984248
-0.0982845
-0.098144
-0.0980037
-0.097864
-0.0977252
-0.0975876
-0.0974519
-0.0973183
-0.0971872
-0.0970589
-0.0969338
-0.0968123
-0.0966947
-0.0965813
-0.0964724
-0.0963683
-0.0962693
-0.0961757
-0.0960877
-0.0960057
-0.0959298
-0.0958602
-0.0957972
-0.0957411
-0.0956918
-0.0956496
-0.0956146
-0.0955868
-0.0955663
-0.0955533
-0.0955477
-0.0955497
-0.0955591
-0.0955762
-0.0956006
-0.0956324
-0.0956714
-0.0957177
-0.095771
-0.0958313
-0.0958983
-0.095972
-0.0960521
-0.0961385
-0.0962309
-0.0963289
-0.0964324
-0.0965411
-0.0966547
-0.0967729
-0.0968954
-0.0970218
-0.0971518
-0.0972851
-0.0974213
-0.0975601
-0.097701
-0.0978437
-0.0979878
-0.0981328
-0.0982784
-0.0984242
-0.0985697
-0.0987147
-0.0988586
-0.0990011
-0.0991417
-0.0992802
-0.0994161
-0.0995491
-0.0996787
-0.0998046
-0.0999265
-0.100044
-0.100157
-0.100265
-0.100367
-0.100464
-0.100555
-0.10064
-0.100719
-0.100791
-0.100856
-0.100914
-0.100965
-0.101009
-0.101045
-0.101074
-0.101095
-0.101109
-0.101115
-0.101113
-0.101103
-0.101085
-0.10106
-0.101027
-0.100987
-0.100939
-0.100883
-0.100821
-0.100751
-0.100675
-0.100592
-0.100502
-0.100407
-0.100305
-0.100198
-0.100085
-0.0999674
-0.0998449
-0.0997179
-0.0995869
-0.0994521
-0.099314
-0.0991728
-0.0990291
-0.0988831
-0.0987353
-0.098586
-0.0984358
-0.098285
-0.098134
-0.0979832
-0.097833
-0.0976839
-0.0975363
-0.0973905
-0.0972469
-0.0971061
-0.0969684
-0.096834
-0.0967035
-0.0965772
-0.0964554
-0.0963385
-0.0962268
-0.0961206
-0.0960201
-0.0959258
-0.0958378
-0.0957565
-0.0956821
-0.0956146
-0.0955545
-0.0955017
-0.0954565
-0.095419
-0.0953893
-0.0953675
-0.0953537
-0.0953479
-0.0953501
-0.0953605
-0.0953788
-0.0954051
-0.0954393
-0.0954814
-0.0955313
-0.0955886
-0.0956534
-0.0957254
-0.0958045
-0.0958905
-0.095983
-0.096082
-0.0961872
-0.0962983
-0.096415
-0.0965369
-0.0966638
-0.0967952
-0.0969309
-0.0970704
-0.0972134
-0.0973595
-0.0975083
-0.0976593
-0.0978123
-0.0979667
-0.0981222
-0.0982783
-0.0984345
-0.0985905
-0.0987457
-0.0988999
-0.0990526
-0.0992033
-0.0993517
-0.0994972
-0.0996396
-0.0997784
-0.0999133
-0.100044
-0.10017
-0.100291
-0.100406
-0.100516
-0.10062
-0.100717
-0.100808
-0.100892
-0.100969
-0.101039
-0.101101
-0.101156
-0.101202
-0.101241
-0.101272
-0.101294
-0.101309
-0.101315
-0.101312
-0.101302
-0.101283
-0.101256
-0.10122
-0.101177
-0.101126
-0.101066
-0.100999
-0.100925
-0.100843
-0.100754
-0.100658
-0.100556
-0.100447
-0.100332
-0.100211
-0.100085
-0.099954
-0.0998181
-0.0996779
-0.0995336
-0.0993858
-0.0992348
-0.099081
-0.0989249
-0.0987668
-0.0986072
-0.0984465
-0.0982852
-0.0981237
-0.0979625
-0.097802
-0.0976426
-0.0974848
-0.0973289
-0.0971755
-0.0970251
-0.0968779
-0.0967344
-0.0965949
-0.09646
-0.0963299
-0.096205
-0.0960857
-0.0959723
-0.0958651
-0.0957644
-0.0956706
-0.0955839
-0.0955046
-0.0954328
-0.0953686
-0.0953124
-0.0952641
