-0.0968339
-0.0968352
-0.0968367
-0.0968383
-0.0968402
-0.0968421
-0.0968442
-0.0968464
-0.0968487
-0.096851
-0.0968534
-0.0968557
-0.0968581
-0.0968604
-0.0968626
-0.0968647
-0.0968667
-0.0968686
-0.0968704
-0.0968719
-0.0968732
-0.0968743
-0.0968752
-0.0968758
-0.0968761
-0.0968761
-0.0968758
-0.0968752
-0.0968742
-0.096873
-0.0968713
-0.0968693
-0.096867
-0.0968643
-0.0968613
-0.0968579
-0.0968542
-0.0968502
-0.0968459
-0.0968412
-0.0968363
-0.0968311
-0.0968257
-0.09682
-0.0968142
-0.0968081
-0.096802
-0.0967957
-0.0967893
-0.0967829
-0.0967764
-0.09677
-0.0967636
-0.0967573
-0.0967511
-0.0967451
-0.0967392
-0.0967336
-0.0967283
-0.0967232
-0.0967185
-0.0967141
-0.0967101
-0.0967066
-0.0967035
-0.0967009
-0.0966988
-0.0966972
-0.0966962
-0.0966958
-0.0966959
-0.0966967
-0.0966981
-0.0967001
-0.0967028
-0.096706
-0.09671
-0.0967145
-0.0967197
-0.0967255
-0.096732
-0.096739
-0.0967466
-0.0967547
-0.0967634
-0.0967726
-0.0967823
-0.0967923
-0.0968028
-0.0968137
-0.0968249
-0.0968364
-0.0968481
-0.09686
-0.096872
-0.0968842
-0.0968963
-0.0969085
-0.0969206
-0.0969325
-0.0969443
-0.0969559
-0.0969672
-0.0969781
-0.0969886
-0.0969987
-0.0970083
-0.0970174
-0.0970258
-0.0970336
-0.0970407
-0.0970471
-0.0970527
-0.0970575
-0.0970615
-0.0970645
-0.0970667
-0.097068
-0.0970682
-0.0970676
-0.0970659
-0.0970633
-0.0970597
-0.097055
-0.0970494
-0.0970428
-0.0970353
-0.0970268
-0.0970173
-0.097007
-0.0969958
-0.0969837
-0.0969708
-0.0969572
-0.0969429
-0.0969279
-0.0969123
-0.0968961
-0.0968795
-0.0968624
-0.0968449
-0.0968272
-0.0968092
-0.096791
-0.0967728
-0.0967546
-0.0967364
-0.0967184
-0.0967006
-0.0966831
-0.0966659
-0.0966493
-0.0966331
-0.0966175
-0.0966026
-0.0965885
-0.0965751
-0.0965627
-0.0965511
-0.0965406
-0.0965311
-0.0965227
-0.0965155
-0.0965094
-0.0965046
-0.0965011
-0.0964988
-0.0964979
-0.0964983
-0.0965001
-0.0965032
-0.0965077
-0.0965136
-0.0965209
-0.0965294
-0.0965393
-0.0965505
-0.096563
-0.0965767
-0.0965915
-0.0966075
-0.0966246
-0.0966428
-0.0966619
-0.0966818
-0.0967026
-0.0967242
-0.0967464
-0.0967692
-0.0967926
-0.0968163
-0.0968403
-0.0968646
-0.096889
-0.0969134
-0.0969377
-0.0969619
-0.0969858
-0.0970093
-0.0970323
-0.0970548
-0.0970766
-0.0970977
-0.0971178
-0.0971371
-0.0971553
-0.0971724
-0.0971883
-0.0972029
-0.0972162
-0.0972281
-0.0972385
-0.0972474
-0.0972547
-0.0972603
-0.0972644
-0.0972667
-0.0972673
-0.0972661
-0.0972633
-0.0972586
-0.0972522
-0.0972441
-0.0972343
-0.0972228
-0.0972096
-0.0971947
-0.0971783
-0.0971604
-0.097141
-0.0971202
-0.097098
-0.0970747
-0.0970501
-0.0970245
-0.0969978
-0.0969703
-0.096942
-0.0969131
-0.0968835
-0.0968535
-0.0968232
-0.0967927
-0.0967621
-0.0967315
-0.096701
-0.0966709
-0.0966411
-0.0966119
-0.0965833
-0.0965555
-0.0965285
