-0.100229
-0.100225
-0.100221
-0.100219
-0.100218
-0.100217
-0.100216
-0.100216
-0.100217
-0.100219
-0.10022
-0.100222
-0.100223
-0.100226
-0.100228
-0.100231
-0.100233
-0.100235
-0.100238
-0.100239
-0.100241
-0.100242
-0.100243
-0.100244
-0.100245
-0.100246
-0.100246
-0.100247
-0.100247
-0.100248
-0.100248
-0.100249
-0.10025
-0.100251
-0.100252
-0.100253
-0.100254
-0.100255
-0.100255
-0.100256
-0.100257
-0.100258
-0.100259
-0.10026
-0.100261
-0.100261
-0.100262
-0.100262
-0.100263
-0.100264
-0.100264
-0.100265
-0.100266
-0.100266
-0.100266
-0.100267
-0.100267
-0.100267
-0.100268
-0.100268
-0.100269
-0.100269
-0.100269
-0.10027
-0.10027
-0.10027
-0.10027
-0.10027
-0.10027
-0.10027
-0.100269
-0.100269
-0.100269
-0.100268
-0.100268
-0.100268
-0.100267
-0.100267
-0.100266
-0.100265
-0.100265
-0.100264
-0.100263
-0.100262
-0.100261
-0.10026
-0.100259
-0.100258
-0.100256
-0.100255
-0.100254
-0.100253
-0.100252
-0.100251
-0.100249
-0.100247
-0.100246
-0.100244
-0.100243
-0.100241
-0.10024
-0.100238
-0.100237
-0.100235
-0.100233
-0.100231
-0.100229
-0.100227
-0.100225
-0.100223
-0.100221
-0.100218
-0.100216
-0.100214
-0.100211
-0.100209
-0.100207
-0.100205
-0.100203
-0.100201
-0.100198
-0.100196
-0.100193
-0.100191
-0.100188
-0.100186
-0.100183
-0.100181
-0.100178
-0.100176
-0.100173
-0.100171
-0.100168
-0.100166
-0.100164
-0.100161
-0.100159
-0.100156
-0.100154
-0.100151
-0.100149
-0.100146
-0.100144
-0.100142
-0.100139
-0.100137
-0.100135
-0.100133
-0.10013
-0.100128
-0.100126
-0.100124
-0.100122
-0.10012
-0.100118
-0.100116
-0.100114
-0.100112
-0.100111
-0.100109
-0.100108
-0.100106
-0.100105
-0.100103
-0.100102
-0.1001
-0.100099
-0.100098
-0.100097
-0.100096
-0.100095
-0.100094
-0.100093
-0.100092
-0.100092
-0.100091
-0.100091
-0.10009
-0.10009
-0.10009
-0.10009
-0.10009
-0.10009
-0.10009
-0.10009
-0.10009
-0.100091
-0.100091
-0.100092
-0.100092
-0.100093
-0.100094
-0.100095
-0.100096
-0.100097
-0.100098
-0.100099
-0.100101
-0.100102
-0.100103
-0.100105
-0.100106
-0.100108
-0.10011
-0.100112
-0.100114
-0.100116
-0.100118
-0.100121
-0.100124
-0.100126
-0.100129
-0.100132
-0.100135
-0.100138
-0.100141
-0.100144
-0.100147
-0.100151
-0.100154
-0.100157
-0.100161
-0.100164
-0.100168
-0.100171
-0.100175
-0.100179
-0.100183
-0.100187
-0.100191
-0.100195
-0.100199
-0.100203
-0.100207
-0.100211
-0.100215
-0.10022
-0.100224
-0.100228
-0.100233
-0.100238
-0.100242
-0.100247
-0.100252
-0.100256
-0.100261
-0.100266
-0.100271
-0.100275
-0.10028
-0.100284
-0.100289
-0.100294
-0.100298
-0.100303
-0.100307
-0.100312
-0.100317
-0.100322
-0.100326
-0.100331
-0.100335
-0.10034
-0.100345
-0.100349
-0.100353
-0.100358
-0.100362
-0.100366
-0.10037
-0.100375
-0.100379
-0.100383
-0.100387
-0.10039
-0.100394
-0.100398
-0.100401
-0.100405
-0.100408
-0.100411
-0.100415
-0.100418
-0.100421
-0.100424
-0.100427
-0.100429
-0.100432
-0.100435
-0.100438
-0.10044
-0.100442
-0.100445
-0.100447
-0.100449
-0.10045
-0.100452
-0.100454
-0.100455
-0.100456
-0.100457
-0.100458
-0.100459
-0.10046
-0.10046
-0.100461
-0.100461
-0.100461
-0.100461
-0.100461
-0.100461
-0.100461
-0.10046
-0.10046
-0.100459
-0.100458
-0.100457
-0.100455
-0.100454
-0.100453
-0.100451
-0.100449
-0.100447
-0.100445
-0.100443
-0.10044
-0.100438
-0.100435
-0.100432
-0.100429
-0.100426
-0.100423
-0.100419
-0.100416
-0.100412
-0.100408
-0.100404
-0.1004
-0.100396
-0.100392
-0.100387
-0.100382
-0.100378
-0.100373
-0.100368
-0.100363
-0.100358
-0.100352
-0.100347
-0.100341
-0.100335
-0.100329
-0.100323
-0.100317
-0.100311
-0.100305
-0.100299
-0.100293
-0.100287
-0.100281
-0.100274
-0.100268
-0.100261
-0.100255
-0.100248
-0.100242
-0.100235
-0.100229
-0.100222
-0.100215
-0.100208
-0.100201
-0.100195
-0.100188
-0.100181
-0.100173
-0.100166
-0.100159
-0.100152
-0.100145
-0.100138
-0.100131
-0.100123
-0.100116
-0.100109
-0.100102
-0.100096
-0.100089
-0.100082
-0.100076
-0.100069
-0.100062
-0.100056
-0.100049
-0.100043
-0.100037
-0.100031
-0.100025
-0.100019
-0.100013
-0.100007
-0.100001
-0.0999955
-0.09999
-0.0999847
-0.0999795
-0.0999744
-0.0999693
-0.0999643
-0.0999593
-0.0999544
-0.0999496
-0.099945
-0.0999407
-0.0999366
-0.0999327
-0.099929
-0.0999254
-0.099922
-0.0999188
-0.0999159
-0.0999131
-0.0999106
-0.0999081
-0.0999058
-0.0999036
-0.0999016
-0.0998997
-0.099898
-0.0998965
-0.0998952
-0.0998941
-0.0998932
-0.0998925
-0.099892
-0.0998917
-0.0998916
-0.0998915
-0.0998917
-0.0998921
-0.0998929
-0.0998938
-0.0998949
-0.0998962
-0.0998976
-0.0998992
-0.099901
-0.099903
-0.0999052
-0.0999076
-0.0999103
-0.0999133
-0.0999165
-0.0999197
-0.0999231
-0.0999267
-0.0999306
-0.0999346
-0.0999389
-0.0999434
-0.099948
-0.0999527
-0.0999576
-0.0999627
-0.0999681
-0.0999738
-0.0999796
-0.0999856
-0.0999916
-0.0999978
-0.100004
-0.10001
-0.100017
-0.100024
-0.100031
-0.100038
-0.100045
-0.100053
-0.10006
-0.100068
-0.100076
-0.100084
-0.100092
-0.1001
-0.100108
-0.100117
-0.100125
-0.100134
-0.100142
-0.100151
-0.10016
-0.100169
-0.100177
-0.100186
-0.100195
-0.100204
-0.100214
-0.100223
-0.100232
-0.100242
-0.100251
-0.10026
-0.10027
-0.100279
-0.100289
-0.100298
-0.100307
-0.100317
-0.100326
-0.100335
-0.100344
-0.100354
-0.100363
-0.100372
-0.100382
-0.100391
-0.1004
-0.100409
-0.100418
-0.100426
-0.100435
-0.100444
-0.100453
-0.100461
-0.100469
-0.100478
-0.100486
-0.100494
-0.100502
-0.100509
-0.100517
-0.100524
-0.100531
-0.100538
-0.100545
-0.100552
-0.100559
-0.100565
-0.100572
-0.100578
-0.100584
-0.10059
-0.100595
-0.1006
-0.100605
-0.10061
-0.100615
-0.100619
-0.100624
-0.100628
-0.100632
-0.100635
-0.100638
-0.100641
-0.100644
-0.100646
-0.100649
-0.100651
-0.100653
-0.100655
-0.100656
-0.100658
-0.100659
-0.10066
-0.10066
-0.10066
-0.10066
-0.10066
-0.100659
-0.100659
-0.100658
-0.100657
-0.100655
-0.100653
-0.100651
-0.100649
-0.100646
-0.100643
-0.10064
-0.100637
-0.100633
-0.100629
-0.100625
-0.10062
-0.100615
-0.10061
-0.100605
-0.1006
-0.100594
-0.100589
-0.100583
-0.100576
-0.10057
-0.100563
-0.100556
-0.100549
-0.100542
-0.100534
-0.100526
-0.100519
-0.10051
-0.100502
-0.100493
-0.100484
-0.100475
-0.100466
-0.100457
-0.100447
-0.100437
-0.100427
-0.100417
-0.100407
-0.100397
-0.100387
-0.100376
-0.100365
-0.100354
-0.100343
-0.100332
-0.100321
-0.10031
-0.100298
-0.100287
-0.100276
-0.100264
-0.100253
-0.100241
-0.10023
-0.100218
-0.100207
-0.100195
-0.100184
-0.100172
-0.10016
-0.100148
-0.100136
-0.100125
-0.100113
-0.100101
-0.100089
-0.100077
-0.100065
-0.100054
-0.100042
-0.100031
-0.100019
-0.100008
-0.099997
-0.099986
-0.0999752
-0.0999646
-0.0999541
-0.0999435
-0.099933
-0.0999226
-0.0999123
-0.0999021
-0.0998923
-0.0998829
-0.0998736
-0.0998644
-0.0998554
-0.0998463
-0.0998373
-0.0998286
-0.0998202
-0.0998121
-0.0998043
-0.0997967
-0.0997893
-0.0997821
-0.0997751
-0.0997685
-0.0997622
-0.0997563
-0.0997506
-0.0997452
-0.09974
-0.0997351
-0.0997304
-0.099726
-0.0997217
-0.0997176
-0.0997137
-0.0997099
-0.0997065
-0.0997036
-0.099701
-0.0996988
-0.0996969
-0.0996954
-0.0996941
-0.0996931
-0.0996923
-0.0996919
-0.0996919
-0.0996922
-0.0996929
-0.0996938
-0.099695
-0.0996965
-0.0996983
-0.0997004
-0.0997028
-0.0997055
-0.0997086
-0.0997119
-0.0997156
-0.0997196
-0.0997238
-0.0997283
-0.0997332
-0.0997385
-0.0997442
-0.0997501
-0.0997563
-0.0997628
-0.0997696
-0.0997768
-0.0997842
-0.0997918
-0.0997996
-0.0998078
-0.0998162
-0.0998249
-0.0998338
-0.099843
-0.0998524
-0.0998619
-0.0998717
-0.0998817
-0.099892
-0.0999025
-0.0999133
-0.0999244
-0.0999356
-0.099947
-0.0999586
-0.0999704
-0.0999824
-0.0999946
-0.100007
-0.10002
-0.100033
-0.100046
-0.100059
-0.100072
-0.100085
-0.100098
-0.100111
-0.100125
-0.100138
-0.100152
-0.100166
-0.10018
-0.100194
-0.100208
-0.100222
-0.100236
-0.10025
-0.100264
-0.100278
-0.100292
-0.100306
-0.10032
-0.100335
-0.100349
-0.100363
-0.100377
-0.100392
-0.100406
-0.10042
-0.100434
-0.100447
-0.100461
-0.100475
-0.100488
-0.100501
-0.100514
-0.100527
-0.10054
-0.100553
-0.100565
-0.100577
-0.100589
-0.100601
-0.100613
-0.100625
-0.100636
-0.100647
-0.100658
-0.100669
-0.10068
-0.10069
-0.1007
-0.10071
-0.10072
-0.100729
-0.100738
-0.100747
-0.100755
-0.100763
-0.100771
-0.100778
-0.100785
-0.100792
-0.100798
-0.100804
-0.10081
-0.100816
-0.100821
-0.100826
-0.100831
-0.100836
-0.10084
-0.100844
-0.100847
-0.10085
-0.100853
-0.100855
-0.100856
-0.100858
-0.100859
-0.10086
-0.10086
-0.10086
-0.10086
-0.100859
-0.100858
-0.100857
-0.100855
-0.100853
-0.10085
-0.100847
-0.100843
-0.100839
-0.100835
-0.100831
-0.100826
-0.100821
-0.100815
-0.100809
-0.100803
-0.100796
-0.100788
-0.100781
-0.100773
-0.100765
-0.100757
-0.100748
-0.100739
-0.10073
-0.100721
-0.100711
-0.1007
-0.10069
-0.100679
-0.100668
-0.100656
-0.100644
-0.100632
-0.10062
-0.100607
-0.100595
-0.100582
-0.100568
-0.100555
-0.100541
-0.100526
-0.100512
-0.100498
-0.100483
-0.100468
-0.100453
-0.100438
-0.100423
-0.100407
-0.100392
-0.100376
-0.100361
-0.100345
-0.100329
-0.100313
-0.100297
-0.10028
-0.100264
-0.100248
-0.100231
-0.100214
-0.100197
-0.100181
-0.100164
-0.100148
-0.100131
-0.100115
-0.100098
-0.100082
-0.100065
-0.100049
-0.100032
-0.100016
-0.1
-0.0999844
-0.0999684
-0.0999526
-0.0999369
-0.0999213
-0.0999058
-0.0998905
-0.0998753
-0.0998603
-0.0998455
-0.0998309
-0.0998166
-0.0998025
-0.0997886
-0.0997748
-0.0997611
-0.0997477
-0.0997346
-0.0997218
-0.0997095
-0.0996974
-0.0996855
-0.0996739
-0.0996625
-0.0996514
-0.0996407
-0.0996305
-0.0996207
-0.0996112
-0.099602
-0.099593
-0.0995843
-0.0995759
-0.0995677
-0.0995599
-0.0995526
-0.0995457
-0.0995392
-0.099533
-0.0995273
-0.0995219
-0.0995171
-0.0995127
-0.0995089
-0.0995055
-0.0995025
-0.0994999
-0.0994977
-0.0994959
-0.0994945
-0.0994936
-0.099493
-0.0994928
-0.0994929
-0.0994933
-0.0994942
-0.0994955
-0.0994973
-0.0994993
-0.0995017
-0.0995046
-0.099508
-0.0995119
-0.0995163
-0.0995214
-0.099527
-0.099533
-0.0995393
-0.0995461
-0.0995533
-0.0995608
-0.0995688
-0.0995771
-0.0995859
-0.099595
-0.0996043
-0.0996139
-0.0996237
-0.099634
-0.0996447
-0.0996559
-0.0996676
-0.0996797
-0.0996921
-0.0997047
-0.0997177
-0.099731
-0.0997447
-0.0997588
-0.0997732
-0.0997878
-0.0998027
-0.0998179
-0.0998333
-0.0998489
-0.0998647
-0.0998808
-0.0998972
-0.0999137
-0.0999305
-0.0999474
-0.0999645
-0.0999819
-0.0999994
-0.100017
-0.100035
-0.100053
-0.100072
-0.10009
-0.100108
-0.100127
-0.100146
-0.100164
-0.100183
-0.100202
-0.100221
-0.10024
-0.100258
-0.100277
-0.100296
-0.100315
-0.100334
-0.100353
-0.100372
-0.100391
-0.10041
-0.100428
-0.100447
-0.100465
-0.100484
-0.100502
-0.10052
-0.100538
-0.100557
-0.100574
-0.100592
-0.10061
-0.100627
-0.100644
-0.100661
-0.100677
-0.100693
-0.100709
-0.100725
-0.10074
-0.100756
-0.100771
-0.100786
-0.1008
-0.100815
-0.100828
-0.100842
-0.100855
-0.100868
-0.100881
-0.100893
-0.100905
-0.100916
-0.100927
-0.100938
-0.100948
-0.100958
-0.100967
-0.100976
-0.100984
-0.100992
-0.100999
-0.101006
-0.101013
-0.10102
-0.101025
-0.101031
-0.101036
-0.10104
-0.101045
-0.101048
-0.101052
-0.101054
-0.101056
-0.101058
-0.101059
-0.10106
-0.10106
-0.10106
-0.10106
-0.101058
-0.101057
-0.101054
-0.101051
-0.101048
-0.101044
-0.10104
-0.101035
-0.10103
-0.101024
-0.101018
-0.101012
-0.101005
-0.100997
-0.10099
-0.100981
-0.100972
-0.100963
-0.100953
-0.100943
-0.100932
-0.100921
-0.100909
-0.100897
-0.100885
-0.100872
-0.100858
-0.100844
-0.100829
-0.100815
-0.1008
-0.100785
-0.100769
-0.100753
-0.100738
-0.100721
-0.100705
-0.100688
-0.100671
-0.100653
-0.100635
-0.100617
-0.100599
-0.10058
-0.100561
-0.100542
-0.100522
-0.100502
-0.100482
-0.100462
-0.100442
-0.100421
-0.100401
-0.10038
-0.100359
-0.100338
-0.100317
-0.100296
-0.100275
-0.100253
-0.100232
-0.100211
-0.100189
-0.100168
-0.100146
-0.100125
-0.100103
-0.100082
-0.10006
-0.100039
-0.100018
-0.0999971
-0.0999763
-0.0999556
-0.099935
-0.0999145
-0.0998942
-0.0998739
-0.0998538
-0.0998337
-0.0998137
-0.099794
-0.0997746
-0.0997555
-0.0997366
-0.099718
-0.0996996
-0.0996815
-0.0996637
-0.0996462
-0.0996291
-0.0996124
-0.099596
-0.0995799
-0.0995641
-0.0995488
-0.0995339
-0.0995194
-0.0995051
-0.0994913
-0.0994777
-0.0994646
-0.099452
-0.0994398
-0.0994281
-0.0994168
-0.0994058
-0.0993953
-0.0993852
-0.0993756
-0.0993666
-0.0993581
-0.0993501
-0.0993426
-0.0993355
-0.0993291
-0.0993231
-0.0993178
-0.0993129
-0.0993086
-0.0993047
-0.0993014
-0.0992986
-0.0992964
-0.0992947
-0.0992934
-0.0992927
-0.0992924
-0.0992928
-0.0992937
-0.0992952
-0.0992973
-0.0992999
-0.099303
-0.0993067
-0.099311
-0.099316
-0.0993215
-0.0993275
-0.099334
-0.0993411
-0.0993486
-0.0993567
-0.0993653
-0.0993743
-0.0993839
-0.0993938
-0.0994042
-0.0994152
-0.0994266
-0.0994387
-0.0994513
-0.0994643
-0.0994778
-0.0994916
-0.0995058
-0.0995204
-0.0995355
-0.0995511
-0.0995672
-0.0995839
-0.099601
-0.0996185
-0.0996363
-0.0996545
-0.0996731
-0.0996921
-0.0997113
-0.0997309
-0.0997507
-0.0997707
-0.099791
-0.0998117
-0.0998327
-0.099854
-0.0998753
-0.0998967
-0.0999183
-0.0999401
-0.0999622
-0.0999846
-0.100007
-0.10003
-0.100053
-0.100076
-0.1001
-0.100123
-0.100147
-0.100171
-0.100194
-0.100218
-0.100242
-0.100266
-0.10029
-0.100314
-0.100338
-0.100362
-0.100386
-0.10041
-0.100433
-0.100457
-0.10048
-0.100503
-0.100527
-0.100549
-0.100572
-0.100595
-0.100617
-0.100639
-0.100662
-0.100684
-0.100706
-0.100727
-0.100748
-0.100769
-0.10079
-0.10081
-0.10083
-0.10085
-0.100869
-0.100888
-0.100907
-0.100925
-0.100943
-0.10096
-0.100977
-0.100994
-0.10101
-0.101026
-0.101041
-0.101056
-0.101071
-0.101085
-0.101098
-0.101111
-0.101124
-0.101136
-0.101148
-0.101159
-0.101169
-0.101179
-0.101188
-0.101197
-0.101206
-0.101213
-0.101221
-0.101227
-0.101233
-0.101239
-0.101243
-0.101248
-0.101251
-0.101254
-0.101256
-0.101258
-0.10126
-0.10126
-0.10126
-0.10126
-0.101258
-0.101257
-0.101254
-0.101251
-0.101248
-0.101243
-0.101238
-0.101233
-0.101227
-0.101221
-0.101214
-0.101206
-0.101198
-0.101189
-0.101179
-0.101169
-0.101159
-0.101148
-0.101136
-0.101123
-0.10111
-0.101097
-0.101083
-0.101068
-0.101053
-0.101038
-0.101022
-0.101005
-0.100988
-0.100971
-0.100953
-0.100935
-0.100916
-0.100897
-0.100877
-0.100857
-0.100837
-0.100816
-0.100795
-0.100774
-0.100752
-0.10073
-0.100707
-0.100684
-0.100661
-0.100638
-0.100614
-0.10059
-0.100565
-0.100541
-0.100516
-0.100491
-0.100466
-0.100441
-0.100415
-0.10039
-0.100364
-0.100338
-0.100312
-0.100286
-0.10026
-0.100234
-0.100208
-0.100181
-0.100155
-0.100129
-0.100103
-0.100077
-0.100051
-0.100025
-0.0999991
-0.0999732
-0.0999475
-0.099922
-0.0998966
-0.0998713
-0.0998461
-0.0998208
-0.0997957
-0.0997707
-0.0997459
-0.0997213
-0.0996972
-0.0996734
-0.0996501
-0.0996271
-0.0996043
-0.0995818
-0.0995596
-0.0995379
-0.0995166
-0.0994962
-0.099476
-0.0994564
-0.0994371
-0.0994182
-0.0993999
-0.0993819
-0.0993643
-0.0993472
-0.0993304
-0.0993139
-0.0992979
-0.0992825
-0.0992676
-0.0992531
-0.0992389
-0.0992253
-0.0992124
-0.0992004
-0.099189
-0.0991786
-0.0991688
-0.0991595
-0.0991509
-0.0991429
-0.0991355
-0.0991286
-0.0991223
-0.0991166
-0.0991114
-0.0991067
-0.0991027
-0.0990994
-0.0990968
-0.0990948
-0.0990935
-0.0990929
-0.0990928
-0.0990935
-0.0990948
-0.0990969
-0.0990997
-0.0991032
-0.0991073
-0.099112
-0.0991173
-0.0991233
-0.0991299
-0.0991371
-0.0991451
-0.0991536
-0.0991629
-0.0991726
-0.099183
-0.099194
-0.0992056
-0.0992179
-0.0992307
-0.0992443
-0.0992584
-0.0992731
-0.0992884
-0.0993043
-0.0993207
-0.0993377
-0.0993552
-0.0993733
-0.0993919
-0.0994111
-0.0994308
-0.099451
-0.0994717
-0.0994928
-0.0995143
-0.0995363
-0.0995586
-0.0995814
-0.0996046
-0.0996283
-0.0996523
-0.0996767
-0.0997013
-0.0997262
-0.0997514
-0.0997768
-0.0998026
-0.0998286
-0.099855
-0.0998817
-0.0999088
-0.0999362
-0.0999638
-0.0999916
-0.10002
-0.100048
-0.100076
-0.100104
-0.100133
-0.100161
-0.10019
-0.100218
-0.100247
-0.100275
-0.100304
-0.100332
-0.100361
-0.100389
-0.100417
-0.100446
-0.100474
-0.100502
-0.10053
-0.100558
-0.100586
-0.100614
-0.100641
-0.100669
-0.100696
-0.100723
-0.100749
-0.100775
-0.100801
-0.100827
-0.100852
-0.100877
-0.100902
-0.100926
-0.10095
-0.100974
-0.100997
-0.10102
-0.101042
-0.101064
-0.101085
-0.101106
-0.101126
-0.101146
-0.101165
-0.101184
-0.101203
-0.101221
-0.101238
-0.101255
-0.101271
-0.101286
-0.101301
-0.101315
-0.101329
-0.101342
-0.101354
-0.101366
-0.101377
-0.101387
-0.101397
-0.101406
-0.101415
-0.101422
-0.101429
-0.101436
-0.101441
-0.101446
-0.10145
-0.101454
-0.101456
-0.101458
-0.10146
-0.10146
-0.10146
-0.101459
-0.101458
-0.101455
-0.101452
-0.101448
-0.101444
-0.101439
-0.101433
-0.101426
-0.101419
-0.101411
-0.101403
-0.101393
-0.101383
-0.101373
-0.101361
-0.101349
-0.101336
-0.101323
-0.101309
-0.101294
-0.101278
-0.101262
-0.101245
-0.101228
-0.10121
-0.101192
-0.101173
-0.101153
-0.101133
-0.101112
-0.101091
-0.101069
-0.101047
-0.101024
-0.101001
-0.100977
-0.100952
-0.100927
-0.100902
-0.100876
-0.10085
-0.100823
-0.100796
-0.100769
-0.100741
-0.100713
-0.100685
-0.100657
-0.100628
-0.100599
-0.10057
-0.100541
-0.100511
-0.100481
-0.100451
-0.100421
-0.10039
-0.10036
-0.100329
-0.100298
-0.100267
-0.100235
-0.100204
-0.100173
-0.100142
-0.100111
-0.10008
-0.100049
-0.100018
-0.0999871
-0.0999566
-0.0999261
-0.0998957
-0.0998656
-0.0998356
-0.0998057
-0.099776
-0.0997465
-0.0997172
-0.0996882
-0.0996595
-0.099631
-0.0996029
-0.0995752
-0.0995477
-0.0995207
-0.0994939
-0.0994676
-0.0994416
-0.0994163
-0.0993915
-0.0993672
-0.0993433
-0.09932
-0.0992973
-0.099275
-0.0992532
-0.0992318
-0.0992109
-0.0991904
-0.0991703
-0.0991509
-0.0991321
-0.0991139
-0.0990962
-0.0990792
-0.0990627
-0.0990471
-0.0990321
-0.099018
-0.0990046
-0.0989921
-0.0989803
-0.0989693
-0.0989591
-0.0989497
-0.098941
-0.098933
-0.0989258
-0.0989193
-0.0989134
-0.0989082
-0.0989037
-0.0989
-0.0988971
-0.098895
-0.0988936
-0.098893
-0.0988932
-0.0988941
-0.0988959
-0.0988985
-0.0989018
-0.098906
-0.0989109
-0.0989164
-0.0989227
-0.0989297
-0.0989376
-0.0989461
-0.0989554
-0.0989655
-0.0989764
-0.0989881
-0.0990005
-0.0990137
-0.0990275
-0.0990421
-0.0990574
-0.0990735
-0.0990904
-0.0991079
-0.099126
-0.0991448
-0.0991641
-0.099184
-0.0992047
-0.099226
-0.099248
-0.0992707
-0.0992938
-0.0993175
-0.0993416
-0.0993662
-0.0993912
-0.0994169
-0.0994431
-0.0994698
-0.0994971
-0.0995247
-0.0995528
-0.0995813
-0.0996101
-0.0996395
-0.0996693
-0.0996995
-0.0997301
-0.099761
-0.0997923
-0.0998239
-0.0998557
-0.0998876
-0.0999198
-0.0999522
-0.0999848
-0.100018
-0.100051
-0.100084
-0.100117
-0.10015
-0.100183
-0.100216
-0.10025
-0.100283
-0.100317
-0.10035
-0.100384
-0.100417
-0.10045
-0.100483
-0.100516
-0.100549
-0.100582
-0.100615
-0.100647
-0.10068
-0.100712
-0.100744
-0.100775
-0.100806
-0.100837
-0.100868
-0.100898
-0.100928
-0.100957
-0.100986
-0.101014
-0.101043
-0.10107
-0.101098
-0.101125
-0.101151
-0.101177
-0.101202
-0.101227
-0.101251
-0.101274
-0.101297
-0.10132
-0.101342
-0.101363
-0.101384
-0.101404
-0.101423
-0.101441
-0.101459
-0.101477
-0.101493
-0.101509
-0.101524
-0.101538
-0.101552
-0.101564
-0.101576
-0.101588
-0.101598
-0.101608
-0.101617
-0.101625
-0.101632
-0.101639
-0.101644
-0.101649
-0.101653
-0.101656
-0.101658
-0.10166
-0.10166
-0.10166
-0.101659
-0.101657
-0.101654
-0.10165
-0.101646
-0.10164
-0.101634
-0.101627
-0.101619
-0.101611
-0.101601
-0.101591
-0.10158
-0.101569
-0.101556
-0.101543
-0.101529
-0.101514
-0.101498
-0.101482
-0.101465
-0.101447
-0.101428
-0.101408
-0.101388
-0.101367
-0.101346
-0.101323
-0.1013
-0.101277
-0.101252
-0.101228
-0.101202
-0.101176
-0.10115
-0.101123
-0.101095
-0.101067
-0.101038
-0.101009
-0.100979
-0.100949
-0.100918
-0.100887
-0.100855
-0.100823
-0.100791
-0.100759
-0.100726
-0.100692
-0.100659
-0.100625
-0.10059
-0.100556
-0.100521
-0.100486
-0.10045
-0.100415
-0.10038
-0.100344
-0.100309
-0.100273
-0.100237
-0.100201
-0.100165
-0.100129
-0.100093
-0.100058
-0.100022
-0.0999861
-0.0999505
-0.0999151
-0.0998799
-0.0998448
-0.0998097
-0.0997749
-0.0997403
-0.099706
-0.0996721
-0.0996387
-0.0996055
-0.0995726
-0.09954
-0.0995077
-0.0994757
-0.099444
-0.0994127
-0.0993819
-0.0993515
-0.0993215
-0.0992921
-0.0992631
-0.0992348
-0.0992071
-0.09918
-0.0991536
-0.0991278
-0.0991026
-0.0990779
-0.0990539
-0.0990306
-0.099008
-0.098986
-0.0989648
-0.0989444
-0.0989246
-0.0989055
-0.0988872
-0.0988695
-0.0988526
-0.0988365
-0.0988213
-0.098807
-0.0987934
-0.0987807
-0.0987687
-0.0987575
-0.0987473
-0.0987379
-0.0987294
-0.0987218
-0.0987151
-0.0987093
-0.0987043
-0.0987003
-0.0986973
-0.0986951
-0.0986937
-0.0986931
-0.0986934
-0.0986946
-0.0986968
-0.0987
-0.098704
-0.0987089
-0.0987146
-0.0987211
-0.0987284
-0.0987366
-0.0987458
-0.0987559
-0.0987669
-0.0987787
-0.0987912
-0.0988047
-0.0988189
-0.0988339
-0.0988499
-0.0988667
-0.0988842
-0.0989026
-0.0989219
-0.098942
-0.098963
-0.0989847
-0.0990072
-0.0990304
-0.0990543
-0.0990789
-0.0991041
-0.0991301
-0.0991567
-0.099184
-0.0992119
-0.0992405
-0.0992696
-0.0992993
-0.0993294
-0.0993601
-0.0993912
-0.0994228
-0.0994548
-0.0994874
-0.0995206
-0.0995542
-0.0995883
-0.0996229
-0.0996581
-0.0996936
-0.0997294
-0.0997655
-0.099802
-0.0998387
-0.0998756
-0.0999127
-0.0999501
-0.0999877
-0.100025
-0.100063
-0.100101
-0.100139
-0.100177
-0.100216
-0.100254
-0.100292
-0.10033
-0.100368
-0.100407
-0.100445
-0.100483
-0.100521
-0.100559
-0.100596
-0.100634
-0.100671
-0.100708
-0.100745
-0.100782
-0.100818
-0.100854
-0.100889
-0.100925
-0.10096
-0.100994
-0.101028
-0.101061
-0.101094
-0.101127
-0.101159
-0.101191
-0.101222
-0.101252
-0.101282
-0.101311
-0.101339
-0.101367
-0.101395
-0.101422
-0.101448
-0.101474
-0.101499
-0.101523
-0.101547
-0.10157
-0.101592
-0.101613
-0.101633
-0.101653
-0.101672
-0.101689
-0.101706
-0.101723
-0.101738
-0.101753
-0.101766
-0.101779
-0.101791
-0.101802
-0.101812
-0.101821
-0.101829
-0.101836
-0.101842
-0.101848
-0.101852
-0.101855
-0.101858
-0.101859
-0.10186
-0.101859
-0.101858
-0.101856
-0.101852
-0.101848
-0.101843
-0.101837
-0.10183
-0.101821
-0.101812
-0.101802
-0.101792
-0.10178
-0.101768
-0.101754
-0.10174
-0.101725
-0.101709
-0.101692
-0.101674
-0.101655
-0.101636
-0.101615
-0.101594
-0.101571
-0.101548
-0.101524
-0.101499
-0.101474
-0.101447
-0.10142
-0.101393
-0.101364
-0.101335
-0.101306
-0.101276
-0.101245
-0.101214
-0.101182
-0.101149
-0.101116
-0.101082
-0.101048
-0.101013
-0.100977
-0.100941
-0.100905
-0.100868
-0.10083
-0.100793
-0.100755
-0.100716
-0.100678
-0.100639
-0.100599
-0.10056
-0.10052
-0.10048
-0.10044
-0.1004
-0.10036
-0.100319
-0.100279
-0.100238
-0.100197
-0.100157
-0.100116
-0.100075
-0.100035
-0.0999944
-0.099954
-0.0999137
-0.0998736
-0.0998336
-0.0997938
-0.0997543
-0.0997149
-0.0996757
-0.0996368
-0.0995982
-0.0995599
-0.099522
-0.0994845
-0.0994474
-0.0994106
-0.0993743
-0.0993385
-0.0993031
-0.0992683
-0.0992341
-0.0992005
-0.0991674
-0.099135
-0.0991033
-0.0990722
-0.0990417
-0.0990119
-0.0989828
-0.0989544
-0.0989267
-0.0988997
-0.0988734
-0.0988479
-0.0988232
-0.0987993
-0.0987762
-0.0987539
-0.0987323
-0.0987115
-0.0986916
-0.0986725
-0.0986543
-0.098637
-0.0986206
-0.0986052
-0.0985907
-0.0985772
-0.0985646
-0.0985531
-0.0985426
-0.0985332
-0.0985247
-0.0985174
-0.0985109
-0.0985055
-0.098501
-0.0984975
-0.0984952
-0.0984937
-0.0984932
-0.0984936
-0.098495
-0.0984975
-0.098501
-0.0985056
-0.0985111
-0.0985177
-0.0985252
-0.0985337
-0.0985432
-0.0985537
-0.0985652
-0.0985776
-0.098591
-0.0986053
-0.0986206
-0.0986369
-0.0986541
-0.0986723
-0.0986914
-0.0987114
-0.0987323
-0.0987542
-0.098777
-0.0988007
-0.0988253
-0.0988508
-0.098877
-0.098904
-0.0989318
-0.0989602
-0.0989894
-0.0990194
-0.0990501
-0.0990816
-0.0991138
-0.0991466
-0.09918
-0.099214
-0.0992486
-0.0992839
-0.0993199
-0.0993565
-0.0993937
-0.0994313
-0.0994695
-0.0995081
-0.0995471
-0.0995866
-0.0996265
-0.0996668
-0.0997075
-0.0997485
-0.0997898
-0.0998314
-0.0998732
-0.0999153
-0.0999576
-0.1
-0.100043
-0.100085
-0.100128
-0.100171
-0.100214
-0.100257
-0.1003
-0.100343
-0.100386
-0.100429
-0.100471
-0.100514
-0.100557
-0.100599
-0.100642
-0.100684
-0.100726
-0.100767
-0.100808
-0.100849
-0.10089
-0.100931
-0.100971
-0.10101
-0.10105
-0.101089
-0.101127
-0.101165
-0.101203
-0.101239
-0.101276
-0.101311
-0.101346
-0.101381
-0.101414
-0.101448
-0.10148
-0.101512
-0.101542
-0.101573
-0.101602
-0.10163
-0.101658
-0.101685
-0.101711
-0.101737
-0.101761
-0.101785
-0.101808
-0.101829
-0.10185
-0.10187
-0.101889
-0.101907
-0.101925
-0.101941
-0.101956
-0.10197
-0.101983
-0.101995
-0.102006
-0.102017
-0.102026
-0.102034
-0.102041
-0.102047
-0.102052
-0.102056
-0.102058
-0.10206
-0.102061
-0.10206
-0.102058
-0.102056
-0.102052
-0.102047
-0.102041
-0.102034
-0.102026
-0.102017
-0.102006
-0.101995
-0.101983
-0.101969
-0.101955
-0.10194
-0.101923
-0.101906
-0.101888
-0.101869
-0.101849
-0.101828
-0.101806
-0.101783
-0.101758
-0.101733
-0.101708
-0.101681
-0.101653
-0.101625
-0.101595
-0.101565
-0.101534
-0.101502
-0.10147
-0.101436
-0.101402
-0.101368
-0.101332
-0.101296
-0.10126
-0.101222
-0.101184
-0.101146
-0.101107
-0.101067
-0.101027
-0.100986
-0.100944
-0.100903
-0.100861
-0.100818
-0.100775
-0.100732
-0.100688
-0.100645
-0.1006
-0.100556
-0.100512
-0.100467
-0.100422
-0.100377
-0.100331
-0.100286
-0.10024
-0.100195
-0.100149
-0.100104
-0.100059
-0.100013
-0.0999674
-0.0999219
-0.0998766
-0.0998314
-0.0997865
-0.099742
-0.0996977
-0.0996538
-0.0996103
-0.0995672
-0.0995244
-0.0994818
-0.0994395
-0.0993977
-0.0993563
-0.0993155
-0.0992751
-0.0992353
-0.099196
-0.0991573
-0.0991192
-0.0990817
-0.0990448
-0.0990085
-0.0989728
-0.098938
-0.0989038
-0.0988702
-0.0988373
-0.0988053
-0.0987742
-0.0987439
-0.0987145
-0.0986859
-0.0986582
-0.0986313
-0.0986055
-0.0985807
-0.098557
-0.0985341
-0.0985123
-0.0984914
-0.0984714
-0.0984523
-0.0984341
-0.0984169
-0.0984006
-0.0983854
-0.0983714
-0.0983585
-0.0983468
-0.0983362
-0.0983268
-0.0983184
-0.0983114
-0.0983055
-0.0983008
-0.0982972
-0.0982948
-0.0982934
-0.0982929
-0.0982934
-0.0982951
-0.0982979
-0.0983019
-0.0983072
-0.0983135
-0.098321
-0.0983295
-0.0983391
-0.0983497
-0.0983615
-0.0983743
-0.0983883
-0.0984033
-0.0984193
-0.0984365
-0.0984547
-0.098474
-0.0984945
-0.0985161
-0.0985387
-0.0985623
-0.0985869
-0.0986124
-0.0986388
-0.0986662
-0.0986944
-0.0987235
-0.0987534
-0.0987842
-0.098816
-0.0988486
-0.098882
-0.0989162
-0.0989511
-0.0989868
-0.0990234
-0.0990607
-0.0990988
-0.0991376
-0.0991772
-0.0992174
-0.0992582
-0.0992994
-0.0993413
-0.0993837
-0.0994267
-0.0994702
-0.0995142
-0.0995586
-0.0996035
-0.0996487
-0.0996943
-0.0997401
-0.0997864
-0.0998329
-0.0998796
-0.0999267
-0.099974
-0.100021
-0.100069
-0.100117
-0.100165
-0.100212
-0.10026
-0.100308
-0.100356
-0.100404
-0.100452
-0.1005
-0.100547
-0.100595
-0.100642
-0.100689
-0.100736
-0.100782
-0.100828
-0.100874
-0.10092
-0.100965
-0.10101
-0.101054
-0.101098
-0.101142
-0.101185
-0.101227
-0.101269
-0.101311
-0.101352
-0.101392
-0.101431
-0.10147
-0.101508
-0.101546
-0.101582
-0.101618
-0.101653
-0.101688
-0.101721
-0.101754
-0.101786
-0.101817
-0.101847
-0.101876
-0.101904
-0.101931
-0.101957
-0.101982
-0.102006
-0.102029
-0.102051
-0.102072
-0.102092
-0.102111
-0.102129
-0.102146
-0.102161
-0.102176
-0.102189
-0.102201
-0.102212
-0.102222
-0.102231
-0.102239
-0.102246
-0.102251
-0.102255
-0.102258
-0.10226
-0.10226
-0.10226
-0.102258
-0.102255
-0.10225
-0.102245
-0.102238
-0.10223
-0.102221
-0.102211
-0.1022
-0.102187
-0.102173
-0.102158
-0.102142
-0.102125
-0.102107
-0.102088
-0.102068
-0.102047
-0.102024
-0.102001
-0.101976
-0.10195
-0.101924
-0.101896
-0.101867
-0.101837
-0.101807
-0.101775
-0.101743
-0.101709
-0.101675
-0.10164
-0.101604
-0.101567
-0.101529
-0.10149
-0.101451
-0.101411
-0.101371
-0.101329
-0.101287
-0.101244
-0.101201
-0.101157
-0.101112
-0.101067
-0.101021
-0.100975
-0.100928
-0.100881
-0.100834
-0.100786
-0.100738
-0.100689
-0.100641
-0.100592
-0.100542
-0.100493
-0.100443
-0.100393
-0.100342
-0.100292
-0.100242
-0.100191
-0.100141
-0.100091
-0.100041
-0.0999907
-0.0999408
-0.0998909
-0.099841
-0.0997913
-0.0997418
-0.0996924
-0.0996434
-0.0995947
-0.0995465
-0.0994987
-0.0994512
-0.099404
-0.0993572
-0.0993109
-0.099265
-0.0992196
-0.0991749
-0.0991309
-0.0990874
-0.0990447
-0.0990024
-0.0989607
-0.0989197
-0.0988795
-0.09884
-0.0988014
-0.0987636
-0.0987266
-0.0986904
-0.098655
-0.0986208
-0.0985875
-0.0985552
-0.0985239
-0.0984935
-0.0984639
-0.0984354
-0.0984079
-0.0983815
-0.0983565
-0.0983326
-0.0983098
-0.098288
-0.0982672
-0.0982473
-0.0982284
-0.0982107
-0.0981941
-0.0981787
-0.0981646
-0.0981517
-0.0981402
-0.0981298
-0.0981206
-0.0981128
-0.0981063
-0.098101
-0.0980971
-0.0980944
-0.098093
-0.0980927
-0.0980935
-0.0980956
-0.098099
-0.0981036
-0.0981095
-0.0981166
-0.0981248
-0.0981342
-0.0981448
-0.0981565
-0.0981694
-0.0981837
-0.0981992
-0.0982159
-0.0982339
-0.098253
-0.0982732
-0.0982944
-0.0983168
-0.0983403
-0.0983651
-0.0983911
-0.0984182
-0.0984464
-0.0984757
-0.098506
-0.0985373
-0.0985694
-0.0986026
-0.0986368
-0.098672
-0.0987082
-0.0987452
-0.0987831
-0.0988219
-0.0988614
-0.0989013
-0.098942
-0.0989834
-0.0990258
-0.099069
-0.0991132
-0.0991582
-0.0992038
-0.0992502
-0.0992971
-0.0993448
-0.0993929
-0.0994415
-0.0994905
-0.09954
-0.09959
-0.0996403
-0.0996909
-0.0997419
-0.0997932
-0.0998447
-0.0998964
-0.0999483
-0.1
-0.100053
-0.100105
-0.100158
-0.100211
-0.100263
-0.100316
-0.100369
-0.100422
-0.100475
-0.100527
-0.10058
-0.100632
-0.100684
-0.100735
-0.100787
-0.100838
-0.100889
-0.100939
-0.100989
-0.101039
-0.101088
-0.101137
-0.101186
-0.101234
-0.101281
-0.101327
-0.101373
-0.101419
-0.101464
-0.101508
-0.101551
-0.101594
-0.101636
-0.101677
-0.101717
-0.101757
-0.101796
-0.101833
-0.10187
-0.101906
-0.101941
-0.101974
-0.102007
-0.102039
-0.10207
-0.1021
-0.102128
-0.102156
-0.102183
-0.102208
-0.102232
-0.102255
-0.102277
-0.102298
-0.102317
-0.102336
-0.102353
-0.102368
-0.102383
-0.102396
-0.102408
-0.102419
-0.102429
-0.102437
-0.102444
-0.10245
-0.102454
-0.102458
-0.10246
-0.10246
-0.102459
-0.102457
-0.102454
-0.102449
-0.102443
-0.102436
-0.102427
-0.102417
-0.102406
-0.102393
-0.102379
-0.102364
-0.102348
-0.10233
-0.102312
-0.102291
-0.10227
-0.102248
-0.102224
-0.1022
-0.102174
-0.102146
-0.102118
-0.102089
-0.102058
-0.102027
-0.101994
-0.101961
-0.101926
-0.10189
-0.101854
-0.101816
-0.101778
-0.101738
-0.101697
-0.101656
-0.101614
-0.10157
-0.101526
-0.101481
-0.101436
-0.10139
-0.101343
-0.101295
-0.101247
-0.101198
-0.101148
-0.101098
-0.101048
-0.100997
-0.100945
-0.100893
-0.100841
-0.100788
-0.100735
-0.100681
-0.100627
-0.100573
-0.100518
-0.100464
-0.100409
-0.100354
-0.100298
-0.100243
-0.100188
-0.100132
-0.100077
-0.100022
-0.0999669
-0.0999121
-0.0998573
-0.0998027
-0.0997484
-0.0996944
-0.0996407
-0.0995872
-0.099534
-0.099481
-0.0994285
-0.0993763
-0.0993246
-0.0992733
-0.0992225
-0.0991723
-0.0991227
-0.0990737
-0.0990255
-0.0989779
-0.0989311
-0.098885
-0.0988397
-0.0987951
-0.0987515
-0.0987087
-0.0986669
-0.0986262
-0.0985863
-0.0985472
-0.098509
-0.0984716
-0.0984353
-0.0983999
-0.0983656
-0.0983322
-0.0982997
-0.0982683
-0.098238
-0.098209
-0.0981811
-0.0981545
-0.0981291
-0.0981049
-0.0980819
-0.0980601
-0.0980397
-0.0980206
-0.098003
-0.0979867
-0.0979717
-0.097958
-0.0979455
-0.0979342
-0.0979244
-0.0979159
-0.0979087
-0.0979028
-0.0978982
-0.097895
-0.0978931
-0.0978927
-0.0978936
-0.097896
-0.0978996
-0.0979046
-0.0979109
-0.0979186
-0.0979276
-0.097938
-0.0979497
-0.0979628
-0.0979773
-0.0979931
-0.0980102
-0.0980287
-0.0980485
-0.0980695
-0.0980916
-0.0981151
-0.0981397
-0.0981656
-0.0981929
-0.0982213
-0.0982509
-0.0982817
-0.0983136
-0.0983465
-0.0983805
-0.0984156
-0.0984518
-0.0984891
-0.0985275
-0.098567
-0.0986074
-0.0986488
-0.0986912
-0.0987346
-0.0987788
-0.098824
-0.0988701
-0.0989169
-0.0989645
-0.0990129
-0.099062
-0.0991118
-0.0991622
-0.0992133
-0.0992649
-0.0993171
-0.0993699
-0.0994232
-0.099477
-0.0995312
-0.0995859
-0.0996411
-0.0996967
-0.0997528
-0.0998092
-0.0998658
-0.0999226
-0.0999797
-0.100037
-0.100094
-0.100152
-0.100209
-0.100267
-0.100325
-0.100382
-0.100439
-0.100497
-0.100554
-0.100611
-0.100668
-0.100725
-0.100781
-0.100837
-0.100892
-0.100948
-0.101003
-0.101058
-0.101112
-0.101166
-0.10122
-0.101272
-0.101325
-0.101377
-0.101428
-0.101478
-0.101528
-0.101577
-0.101625
-0.101672
-0.101719
-0.101764
-0.101809
-0.101853
-0.101896
-0.101938
-0.101979
-0.102019
-0.102058
-0.102096
-0.102132
-0.102168
-0.102203
-0.102236
-0.102269
-0.1023
-0.10233
-0.102359
-0.102387
-0.102413
-0.102438
-0.102462
-0.102484
-0.102506
-0.102525
-0.102544
-0.102561
-0.102577
-0.102591
-0.102604
-0.102616
-0.102627
-0.102636
-0.102643
-0.10265
-0.102654
-0.102658
-0.10266
-0.10266
-0.102659
-0.102657
-0.102653
-0.102648
-0.102641
-0.102633
-0.102624
-0.102613
-0.1026
-0.102587
-0.102572
-0.102555
-0.102537
-0.102518
-0.102498
-0.102476
-0.102453
-0.102428
-0.102402
-0.102375
-0.102347
-0.102317
-0.102287
-0.102255
-0.102222
-0.102187
-0.102152
-0.102115
-0.102077
-0.102038
-0.101997
-0.101956
-0.101914
-0.101871
-0.101827
-0.101782
-0.101736
-0.101689
-0.101641
-0.101592
-0.101542
-0.101492
-0.101441
-0.101389
-0.101337
-0.101284
-0.10123
-0.101176
-0.101121
-0.101065
-0.101009
-0.100952
-0.100895
-0.100838
-0.100779
-0.100721
-0.100662
-0.100603
-0.100543
-0.100484
-0.100424
-0.100364
-0.100304
-0.100245
-0.100185
-0.100125
-0.100065
-0.100005
-0.0999451
-0.0998854
-0.0998259
-0.0997664
-0.0997072
-0.0996483
-0.0995898
-0.0995317
-0.099474
-0.0994167
-0.0993597
-0.0993031
-0.0992469
-0.0991912
-0.0991361
-0.0990816
-0.0990276
-0.0989743
-0.0989218
-0.0988702
-0.0988195
-0.0987696
-0.0987206
-0.0986724
-0.0986251
-0.0985787
-0.0985331
-0.0984885
-0.0984448
-0.0984023
-0.0983608
-0.0983203
-0.0982808
-0.0982421
-0.0982046
-0.0981683
-0.0981333
-0.0980995
-0.098067
-0.0980355
-0.0980053
-0.0979766
-0.0979493
-0.0979235
-0.0978989
-0.0978757
-0.0978538
-0.0978333
-0.097814
-0.0977961
-0.0977795
