-0.095024
-0.0950257
-0.0950268
-0.0950277
-0.0950284
-0.095029
-0.0950296
-0.0950302
-0.0950308
-0.0950313
-0.0950319
-0.0950324
-0.0950329
-0.0950334
-0.095034
-0.0950347
-0.0950354
-0.0950362
-0.095037
-0.0950378
-0.0950387
-0.0950396
-0.0950405
-0.0950414
-0.0950423
-0.0950433
-0.0950442
-0.0950451
-0.095046
-0.0950468
-0.0950477
-0.0950485
-0.0950493
-0.0950502
-0.095051
-0.0950519
-0.0950528
-0.0950537
-0.0950545
-0.0950554
-0.0950562
-0.0950569
-0.0950577
-0.0950584
-0.0950591
-0.0950598
-0.0950604
-0.095061
-0.0950616
-0.0950622
-0.0950627
-0.0950632
-0.0950637
-0.0950641
-0.0950645
-0.0950649
-0.0950653
-0.0950657
-0.0950661
-0.0950665
-0.0950668
-0.0950671
-0.0950673
-0.0950674
-0.0950675
-0.0950675
-0.0950675
-0.0950675
-0.0950674
-0.0950672
-0.095067
-0.0950668
-0.0950665
-0.0950662
-0.0950658
-0.0950653
-0.0950648
-0.0950642
-0.0950636
-0.0950629
-0.0950622
-0.0950614
-0.0950605
-0.0950597
-0.0950588
-0.0950578
-0.0950568
-0.0950558
-0.0950547
-0.0950536
-0.0950525
-0.0950513
-0.09505
-0.0950487
-0.0950474
-0.095046
-0.0950444
-0.0950428
-0.0950412
-0.0950395
-0.0950377
-0.095036
-0.0950342
-0.0950324
-0.0950306
-0.0950287
-0.0950267
-0.0950247
-0.0950227
-0.0950206
-0.0950185
-0.0950162
-0.095014
-0.0950118
-0.0950096
-0.0950074
-0.0950051
-0.0950029
-0.0950006
-0.0949983
-0.0949959
-0.0949935
-0.0949911
-0.0949886
-0.0949862
-0.0949838
-0.0949814
-0.094979
-0.0949765
-0.094974
-0.0949714
-0.0949689
-0.0949664
-0.0949638
-0.0949613
-0.094959
-0.0949567
-0.0949543
-0.094952
-0.0949496
-0.0949472
-0.0949448
-0.0949424
-0.0949399
-0.0949375
-0.0949352
-0.0949328
-0.0949305
-0.0949283
-0.0949261
-0.0949239
-0.0949218
-0.0949198
-0.0949178
-0.0949158
-0.094914
-0.0949122
-0.0949104
-0.0949087
-0.094907
-0.0949054
-0.0949039
-0.0949025
-0.0949011
-0.0948998
-0.0948985
-0.0948973
-0.0948961
-0.094895
-0.0948939
-0.0948929
-0.0948919
-0.0948911
-0.0948903
-0.0948896
-0.0948889
-0.0948884
-0.0948879
-0.0948875
-0.0948872
-0.094887
-0.0948869
-0.0948869
-0.094887
-0.0948872
-0.0948875
-0.094888
-0.0948884
-0.094889
-0.0948897
-0.0948904
-0.0948911
-0.0948919
-0.0948928
-0.0948939
-0.094895
-0.0948963
-0.0948976
-0.0948991
-0.0949008
-0.0949025
-0.0949043
-0.0949062
-0.0949082
-0.0949102
-0.0949123
-0.0949145
-0.0949168
-0.0949192
-0.0949216
-0.0949242
-0.0949269
-0.0949297
-0.0949325
-0.0949354
-0.0949385
-0.0949416
-0.0949448
-0.094948
-0.0949513
-0.0949547
-0.0949581
-0.0949617
-0.0949653
-0.094969
-0.0949727
-0.0949766
-0.0949805
-0.0949845
-0.0949885
-0.0949925
-0.0949966
-0.0950008
-0.095005
-0.0950092
-0.0950136
-0.0950179
-0.0950223
-0.0950267
-0.0950312
-0.0950357
-0.0950403
-0.095045
-0.0950497
-0.0950544
-0.0950591
-0.0950638
-0.0950685
-0.0950732
-0.095078
-0.0950827
-0.0950874
-0.0950921
-0.0950968
-0.0951015
-0.0951061
-0.0951108
-0.0951155
-0.0951202
-0.0951248
-0.0951294
-0.0951339
-0.0951384
-0.0951429
-0.0951473
-0.0951516
-0.0951559
-0.0951602
-0.0951644
-0.0951686
-0.0951727
-0.0951768
-0.0951808
-0.0951847
-0.0951886
-0.0951924
-0.0951961
-0.0951997
-0.0952032
-0.0952067
-0.09521
-0.0952133
-0.0952164
-0.0952195
-0.0952226
-0.0952255
-0.0952283
-0.095231
-0.0952336
-0.0952361
-0.0952385
-0.0952408
-0.095243
-0.0952451
-0.095247
-0.0952489
-0.0952505
-0.0952521
-0.0952535
-0.0952548
-0.0952559
-0.0952569
-0.0952578
-0.0952585
-0.0952591
-0.0952595
-0.0952598
-0.09526
-0.0952601
-0.09526
-0.0952598
-0.0952595
-0.0952591
-0.0952585
-0.0952577
-0.0952567
-0.0952555
-0.0952543
-0.0952528
-0.0952511
-0.0952493
-0.0952474
-0.0952454
-0.0952432
-0.0952408
-0.0952384
-0.0952357
-0.0952329
-0.09523
-0.095227
-0.0952238
-0.0952205
-0.0952171
-0.0952135
-0.0952098
-0.095206
-0.0952021
-0.095198
-0.0951937
-0.0951893
-0.0951848
-0.0951801
-0.0951753
-0.0951704
-0.0951653
-0.0951602
-0.095155
-0.0951498
-0.0951444
-0.0951389
-0.0951333
-0.0951276
-0.0951217
-0.0951158
-0.0951098
-0.0951037
-0.0950976
-0.0950914
-0.0950851
-0.0950788
-0.0950725
-0.0950661
-0.0950595
-0.0950529
-0.0950463
-0.0950395
-0.0950327
-0.0950259
-0.095019
-0.0950121
-0.0950052
-0.0949984
-0.0949915
-0.0949846
-0.0949776
-0.0949706
-0.0949636
-0.0949566
-0.0949496
-0.0949426
-0.0949356
-0.0949287
-0.0949217
-0.0949148
-0.094908
-0.0949012
-0.0948944
-0.0948876
-0.0948809
-0.0948742
-0.0948675
-0.0948609
-0.0948543
-0.0948478
-0.0948413
-0.094835
-0.0948288
-0.0948227
-0.0948168
-0.0948109
-0.0948052
-0.0947996
-0.0947941
-0.0947886
-0.0947832
-0.0947778
-0.0947726
-0.0947674
-0.0947625
-0.0947576
-0.094753
-0.0947485
-0.0947441
-0.0947399
-0.0947358
-0.0947318
-0.094728
-0.0947243
-0.0947208
-0.0947175
-0.0947144
-0.0947115
-0.0947087
-0.0947061
-0.0947037
-0.0947014
-0.0946993
-0.0946974
-0.0946957
-0.0946942
-0.0946928
-0.0946917
-0.0946908
-0.0946901
-0.0946896
-0.0946892
-0.0946891
-0.0946892
-0.0946894
-0.0946899
-0.0946905
-0.0946913
-0.0946924
-0.0946936
-0.0946951
-0.0946967
-0.0946985
-0.0947006
-0.0947029
-0.0947053
-0.094708
-0.0947109
-0.094714
-0.0947173
-0.0947209
-0.0947247
-0.0947286
-0.0947327
-0.094737
-0.0947414
-0.094746
-0.0947508
-0.0947557
-0.0947608
-0.0947661
-0.0947715
-0.0947772
-0.094783
-0.094789
-0.0947952
-0.0948016
-0.0948082
-0.0948149
-0.0948217
-0.0948288
-0.094836
-0.0948434
-0.0948509
-0.0948585
-0.0948662
-0.094874
-0.0948819
-0.0948899
-0.094898
-0.0949063
-0.0949146
-0.0949229
-0.0949313
-0.0949399
-0.0949485
-0.0949573
-0.0949661
-0.0949751
-0.0949841
-0.0949931
-0.0950023
-0.0950114
-0.0950206
-0.0950299
-0.0950391
-0.0950485
-0.0950578
-0.0950672
-0.0950766
-0.095086
-0.0950955
-0.095105
-0.0951144
-0.0951238
-0.0951332
-0.0951425
-0.0951517
-0.095161
-0.0951702
-0.0951794
-0.0951886
-0.0951977
-0.0952067
-0.0952156
-0.0952245
-0.0952332
-0.0952419
-0.0952504
-0.0952588
-0.0952672
-0.0952754
-0.0952836
-0.0952916
-0.0952994
-0.0953072
-0.0953148
-0.0953222
-0.0953294
-0.0953365
-0.0953434
-0.0953502
-0.0953568
-0.0953633
-0.0953696
-0.0953758
-0.0953817
-0.0953875
-0.095393
-0.0953984
-0.0954036
-0.0954086
-0.0954133
-0.0954178
-0.0954221
-0.0954262
-0.0954301
-0.0954337
-0.0954371
-0.0954403
-0.0954432
-0.095446
-0.0954485
-0.0954509
-0.095453
-0.0954548
-0.0954564
-0.0954577
-0.0954587
-0.0954595
-0.0954599
-0.0954601
-0.09546
-0.0954596
-0.095459
-0.0954582
-0.0954571
-0.0954557
-0.0954541
-0.0954522
-0.0954501
-0.0954477
-0.0954451
-0.0954422
-0.095439
-0.0954355
-0.0954318
-0.0954278
-0.0954237
-0.0954193
-0.0954147
-0.0954098
-0.0954047
-0.0953993
-0.0953937
-0.0953877
-0.0953815
-0.095375
-0.0953684
-0.0953614
-0.0953543
-0.0953469
-0.0953394
-0.0953317
-0.0953239
-0.0953158
-0.0953076
-0.0952992
-0.0952906
-0.0952818
-0.0952729
-0.0952637
-0.0952543
-0.0952447
-0.095235
-0.0952252
-0.0952153
-0.0952052
-0.0951949
-0.0951846
-0.0951741
-0.0951634
-0.0951525
-0.0951416
-0.0951305
-0.0951194
-0.0951081
-0.0950968
-0.0950854
-0.095074
-0.0950625
-0.095051
-0.0950394
-0.0950278
-0.0950162
-0.0950045
-0.0949928
-0.094981
-0.0949692
-0.0949574
-0.0949456
-0.0949338
-0.0949221
-0.0949103
-0.0948986
-0.0948869
-0.0948753
-0.0948637
-0.0948522
-0.0948407
-0.0948293
-0.094818
-0.0948068
-0.0947957
-0.0947848
-0.0947739
-0.0947632
-0.0947526
-0.0947421
-0.0947317
-0.0947215
-0.0947113
-0.0947013
-0.0946915
-0.0946818
-0.0946723
-0.094663
-0.0946538
-0.0946449
-0.0946362
-0.0946277
-0.0946194
-0.0946113
-0.0946035
-0.0945958
-0.0945884
-0.0945812
-0.0945742
-0.0945675
-0.094561
-0.0945549
-0.0945489
-0.0945433
-0.0945379
-0.0945327
-0.0945278
-0.0945231
-0.0945188
-0.0945147
-0.094511
-0.0945075
-0.0945043
-0.0945015
-0.094499
-0.0944967
-0.0944948
-0.0944931
-0.0944918
-0.0944907
-0.09449
-0.0944896
-0.0944895
-0.0944898
-0.0944903
-0.0944912
-0.0944924
-0.0944939
-0.0944957
-0.0944978
-0.0945002
-0.094503
-0.0945061
-0.0945094
-0.0945131
-0.0945171
-0.0945214
-0.094526
-0.0945309
-0.0945362
-0.0945417
-0.0945475
-0.0945537
-0.0945601
-0.0945669
-0.0945739
-0.0945812
-0.0945887
-0.0945965
-0.0946046
-0.094613
-0.0946216
-0.0946305
-0.0946397
-0.0946491
-0.0946587
-0.0946686
-0.0946788
-0.0946891
-0.0946997
-0.0947105
-0.0947216
-0.0947328
-0.0947443
-0.0947559
-0.0947677
-0.0947797
-0.0947919
-0.0948043
-0.0948168
-0.0948295
-0.0948423
-0.0948553
-0.0948684
-0.0948816
-0.0948949
-0.0949084
-0.0949219
-0.0949356
-0.0949494
-0.0949632
-0.0949772
-0.0949912
-0.0950053
-0.0950193
-0.0950335
-0.0950476
-0.0950619
-0.0950761
-0.0950903
-0.0951046
-0.0951188
-0.095133
-0.0951472
-0.0951613
-0.0951753
-0.0951893
-0.0952033
-0.0952171
-0.095231
-0.0952447
-0.0952584
-0.095272
-0.0952855
-0.0952989
-0.0953121
-0.0953252
-0.0953381
-0.0953508
-0.0953634
-0.0953757
-0.095388
-0.0954
-0.0954118
-0.0954234
-0.0954348
-0.095446
-0.095457
-0.0954678
-0.0954783
-0.0954888
-0.0954989
-0.0955088
-0.0955184
-0.0955277
-0.0955367
-0.0955454
-0.0955539
-0.095562
-0.0955699
-0.0955775
-0.0955848
-0.0955918
-0.0955985
-0.0956048
-0.0956108
-0.0956164
-0.0956217
-0.0956268
-0.0956315
-0.0956359
-0.0956399
-0.0956436
-0.0956469
-0.0956498
-0.0956524
-0.0956545
-0.0956563
-0.0956577
-0.0956587
-0.0956593
-0.0956597
-0.0956596
-0.0956593
-0.0956585
-0.0956573
-0.0956558
-0.0956538
-0.0956514
-0.0956486
-0.0956455
-0.0956421
-0.0956383
-0.0956341
-0.0956296
-0.0956248
-0.0956195
-0.0956139
-0.095608
-0.0956016
-0.095595
-0.0955879
-0.0955806
-0.0955728
-0.0955648
-0.0955563
-0.0955475
-0.0955384
-0.095529
-0.0955193
-0.0955093
-0.095499
-0.0954884
-0.0954775
-0.0954662
-0.0954547
-0.0954429
-0.0954308
-0.0954184
-0.0954058
-0.0953929
-0.0953799
-0.0953666
-0.0953531
-0.0953394
-0.0953254
-0.0953112
-0.0952966
-0.0952819
-0.095267
-0.095252
-0.0952368
-0.0952215
-0.0952061
-0.0951906
-0.095175
-0.0951593
-0.0951434
-0.0951275
-0.0951114
-0.0950953
-0.0950792
-0.0950629
-0.0950465
-0.0950301
-0.0950136
-0.0949971
-0.0949805
-0.0949638
-0.0949472
-0.0949305
-0.0949139
-0.0948973
-0.0948808
-0.0948643
-0.0948479
-0.0948315
-0.0948153
-0.0947991
-0.0947831
-0.0947672
-0.0947514
-0.0947356
-0.0947201
-0.0947046
-0.0946893
-0.0946742
-0.0946592
-0.0946445
-0.0946299
-0.0946154
-0.0946012
-0.0945873
-0.0945735
-0.09456
-0.0945468
-0.0945339
-0.0945211
-0.0945087
-0.0944965
-0.0944846
-0.094473
-0.0944617
-0.0944507
-0.0944399
-0.0944295
-0.0944194
-0.0944096
-0.0944002
-0.0943911
-0.0943824
-0.0943741
-0.0943661
-0.0943585
-0.0943512
-0.0943444
-0.0943379
-0.0943318
-0.0943261
-0.0943208
-0.0943159
-0.0943114
-0.0943074
-0.0943037
-0.0943005
-0.0942977
-0.0942953
-0.0942934
-0.0942919
-0.0942908
-0.0942901
-0.0942899
-0.09429
-0.0942906
-0.0942917
-0.0942932
-0.0942951
-0.0942975
-0.0943003
-0.0943035
-0.094307
-0.0943111
-0.0943155
-0.0943203
-0.0943256
-0.0943313
-0.0943375
-0.094344
-0.094351
-0.0943584
-0.0943661
-0.0943743
-0.0943829
-0.0943918
-0.0944012
-0.094411
-0.0944211
-0.0944316
-0.0944425
-0.0944538
-0.0944654
-0.0944774
-0.0944897
-0.0945024
-0.0945154
-0.0945286
-0.0945423
-0.0945562
-0.0945704
-0.0945849
-0.0945997
-0.0946148
-0.0946301
-0.0946457
-0.0946616
-0.0946777
-0.0946941
-0.0947106
-0.0947274
-0.0947444
-0.0947615
-0.0947788
-0.0947963
-0.0948141
-0.094832
-0.0948501
-0.0948685
-0.0948869
-0.0949055
-0.0949243
-0.0949432
-0.0949621
-0.0949809
-0.0949999
-0.0950188
-0.0950377
-0.0950566
-0.0950755
-0.0950945
-0.0951134
-0.0951323
-0.0951512
-0.09517
-0.0951888
-0.0952075
-0.0952262
-0.0952448
-0.0952634
-0.0952819
-0.0953002
-0.0953185
-0.0953366
-0.0953546
-0.0953723
-0.09539
-0.0954074
-0.0954247
-0.0954417
-0.0954585
-0.0954751
-0.0954916
-0.0955078
-0.0955237
-0.0955393
-0.0955547
-0.0955698
-0.0955847
-0.0955992
-0.0956136
-0.0956276
-0.0956412
-0.0956544
-0.0956674
-0.0956799
-0.0956921
-0.0957039
-0.0957153
-0.0957263
-0.0957369
-0.0957471
-0.0957569
-0.0957662
-0.0957752
-0.0957837
-0.0957917
-0.0957993
-0.0958065
-0.0958133
-0.0958195
-0.0958254
-0.0958308
-0.0958358
-0.0958403
-0.0958443
-0.0958479
-0.0958509
-0.0958536
-0.0958557
-0.0958574
-0.0958586
-0.0958593
-0.0958595
-0.0958593
-0.0958585
-0.0958573
-0.0958555
-0.0958532
-0.0958505
-0.0958473
-0.0958435
-0.0958393
-0.0958347
-0.0958296
-0.095824
-0.0958178
-0.0958112
-0.0958042
-0.0957966
-0.0957885
-0.0957801
-0.0957711
-0.0957617
-0.0957518
-0.0957415
-0.0957308
-0.0957196
-0.095708
-0.0956959
-0.0956833
-0.0956703
-0.095657
-0.0956433
-0.0956292
-0.0956148
-0.0956
-0.0955848
-0.0955692
-0.0955534
-0.0955372
-0.0955207
-0.0955039
-0.0954868
-0.0954693
-0.0954516
-0.0954336
-0.0954153
-0.0953967
-0.095378
-0.095359
-0.0953397
-0.0953203
-0.0953007
-0.0952808
-0.0952608
-0.0952406
-0.0952201
-0.0951996
-0.0951788
-0.095158
-0.0951371
-0.095116
-0.0950949
-0.0950738
-0.0950527
-0.0950314
-0.0950101
-0.0949887
-0.0949673
-0.0949458
-0.0949243
-0.0949029
-0.0948815
-0.0948601
-0.0948389
-0.0948177
-0.0947967
-0.0947757
-0.0947548
-0.0947339
-0.0947133
-0.0946927
-0.0946724
-0.0946522
-0.0946322
-0.0946124
-0.0945929
-0.0945736
-0.0945545
-0.0945356
-0.094517
-0.0944987
-0.0944806
-0.0944629
-0.0944454
-0.0944282
-0.0944113
-0.0943948
-0.0943786
-0.0943628
-0.0943474
-0.0943323
-0.0943177
-0.0943033
-0.0942894
-0.0942758
-0.0942627
-0.09425
-0.0942377
-0.0942259
-0.0942146
-0.0942037
-0.0941932
-0.0941833
-0.0941738
-0.0941648
-0.0941563
-0.0941483
-0.0941408
-0.0941338
-0.0941273
-0.0941212
-0.0941157
-0.0941107
-0.0941063
-0.0941023
-0.0940989
-0.0940961
-0.0940938
-0.094092
-0.0940907
-0.09409
-0.0940899
-0.0940903
-0.0940913
-0.0940928
-0.0940948
-0.0940974
-0.0941006
-0.0941043
-0.0941086
-0.0941134
-0.0941187
-0.0941246
-0.094131
-0.0941379
-0.0941454
-0.0941534
-0.0941619
-0.094171
-0.0941805
-0.0941906
-0.0942012
-0.0942122
-0.0942238
-0.0942359
-0.0942484
-0.0942614
-0.0942749
-0.0942888
-0.0943032
-0.0943181
-0.0943333
-0.094349
-0.0943651
-0.0943816
-0.0943986
-0.0944159
-0.0944336
-0.0944516
-0.0944701
-0.0944888
-0.094508
-0.0945274
-0.0945472
-0.0945673
-0.0945877
-0.0946084
-0.0946294
-0.0946507
-0.0946723
-0.0946941
-0.0947161
-0.0947383
-0.0947606
-0.0947831
-0.0948058
-0.0948286
-0.0948516
-0.0948748
-0.0948981
-0.0949215
-0.094945
-0.0949686
-0.0949923
-0.095016
-0.0950398
-0.0950636
-0.0950874
-0.0951112
-0.0951351
-0.0951589
-0.0951828
-0.0952065
-0.0952302
-0.0952538
-0.0952772
-0.0953005
-0.0953237
-0.0953468
-0.0953697
-0.0953924
-0.095415
-0.0954374
-0.0954596
-0.0954815
-0.0955032
-0.0955247
-0.095546
-0.095567
-0.0955877
-0.0956081
-0.0956283
-0.0956481
-0.0956675
-0.0956866
-0.0957054
-0.0957238
-0.0957418
-0.0957593
-0.0957764
-0.0957931
-0.0958094
-0.0958252
-0.0958405
-0.0958556
-0.0958701
-0.0958842
-0.0958977
-0.0959108
-0.0959234
-0.0959354
-0.0959469
-0.0959578
-0.0959682
-0.0959781
-0.0959874
-0.0959963
-0.0960045
-0.0960123
-0.0960195
-0.0960261
-0.0960322
-0.0960375
-0.0960423
-0.0960465
-0.09605
-0.096053
-0.0960554
-0.0960572
-0.0960585
-0.0960592
-0.0960593
-0.0960589
-0.0960578
-0.0960561
-0.0960538
-0.0960509
-0.0960473
-0.096043
-0.0960382
-0.0960328
-0.0960267
-0.0960201
-0.0960129
-0.0960051
-0.0959967
-0.0959878
-0.0959782
-0.0959681
-0.0959575
-0.0959462
-0.0959344
-0.0959221
-0.0959091
-0.0958956
-0.0958816
-0.0958671
-0.0958521
-0.0958367
-0.0958207
-0.0958043
-0.0957874
-0.09577
-0.0957522
-0.0957339
-0.0957151
-0.0956959
-0.0956762
-0.0956562
-0.0956357
-0.0956149
-0.0955938
-0.0955722
-0.0955504
-0.0955282
-0.0955058
-0.095483
-0.0954598
-0.0954364
-0.0954126
-0.0953885
-0.0953643
-0.0953398
-0.095315
-0.0952901
-0.095265
-0.0952397
-0.0952143
-0.0951887
-0.0951629
-0.0951371
-0.0951112
-0.0950851
-0.095059
-0.0950329
-0.0950067
-0.0949805
-0.0949543
-0.094928
-0.0949018
-0.0948756
-0.0948495
-0.0948234
-0.0947974
-0.0947715
-0.0947457
-0.09472
-0.0946945
-0.0946692
-0.094644
-0.094619
-0.0945941
-0.0945695
-0.0945451
-0.094521
-0.0944971
-0.0944735
-0.0944502
-0.0944273
-0.0944046
-0.0943823
-0.0943603
-0.0943387
-0.0943175
-0.0942966
-0.0942762
-0.0942562
-0.0942366
-0.0942175
-0.0941988
-0.0941806
-0.0941628
-0.0941454
-0.0941286
-0.0941122
-0.0940963
-0.094081
-0.0940661
-0.0940519
-0.0940381
-0.094025
-0.0940124
-0.0940004
-0.093989
-0.0939782
-0.093968
-0.0939584
-0.0939494
-0.093941
-0.0939332
-0.0939261
-0.0939196
-0.0939137
-0.0939085
-0.0939038
-0.0938999
-0.0938966
-0.0938939
-0.0938919
-0.0938905
-0.0938898
-0.0938898
-0.0938905
-0.0938919
-0.0938939
-0.0938965
-0.0938998
-0.0939038
-0.0939084
-0.0939137
-0.0939196
-0.0939262
-0.0939335
-0.0939414
-0.09395
-0.0939593
-0.0939692
-0.0939797
-0.0939908
-0.0940026
-0.0940149
-0.0940279
-0.0940414
-0.0940555
-0.0940703
-0.0940856
-0.0941014
-0.0941179
-0.0941349
-0.0941524
-0.0941704
-0.094189
-0.0942081
-0.0942276
-0.0942477
-0.0942683
-0.0942893
-0.0943107
-0.0943327
-0.094355
-0.0943778
-0.094401
-0.0944246
-0.0944486
-0.0944729
-0.0944976
-0.0945226
-0.094548
-0.0945736
-0.0945996
-0.0946258
-0.0946524
-0.0946791
-0.0947061
-0.0947333
-0.0947607
-0.0947883
-0.0948161
-0.094844
-0.0948721
-0.0949003
-0.0949287
-0.0949571
-0.0949856
-0.0950142
-0.0950428
-0.0950714
-0.0951
-0.0951287
-0.0951574
-0.095186
-0.0952146
-0.0952431
-0.0952715
-0.0952998
-0.0953279
-0.0953559
-0.0953837
-0.0954115
-0.095439
-0.0954664
-0.0954934
-0.0955204
-0.0955471
-0.0955736
-0.0955998
-0.0956256
-0.0956511
-0.0956761
-0.0957008
-0.0957251
-0.0957491
-0.0957726
-0.0957958
-0.0958185
-0.0958408
-0.0958626
-0.095884
-0.0959049
-0.0959252
-0.0959451
-0.0959644
-0.0959833
-0.0960016
-0.0960194
-0.0960367
-0.0960534
-0.0960695
-0.0960852
-0.0961002
-0.0961145
-0.0961282
-0.0961412
-0.0961536
-0.0961654
-0.0961765
-0.0961869
-0.0961968
-0.0962059
-0.0962144
-0.0962222
-0.0962293
-0.0962357
-0.0962414
-0.0962464
-0.0962504
-0.0962537
-0.0962564
-0.0962583
-0.0962596
-0.0962601
-0.0962599
-0.096259
-0.0962573
-0.096255
-0.0962519
-0.0962482
-0.0962437
-0.0962385
-0.0962327
-0.0962261
-0.0962188
-0.0962109
-0.0962023
-0.0961929
-0.0961829
-0.0961721
-0.0961607
-0.0961485
-0.0961355
-0.0961219
-0.0961077
-0.0960928
-0.0960773
-0.0960612
-0.0960445
-0.0960272
-0.0960093
-0.0959908
-0.0959717
-0.095952
-0.0959317
-0.0959108
-0.0958894
-0.0958674
-0.0958449
-0.0958219
-0.0957985
-0.0957747
-0.0957504
-0.0957256
-0.0957005
-0.0956749
-0.095649
-0.0956226
-0.0955958
-0.0955686
-0.0955411
-0.0955132
-0.0954851
-0.0954566
-0.0954279
-0.0953988
-0.0953694
-0.0953398
-0.0953099
-0.0952799
-0.0952496
-0.0952192
-0.0951887
-0.095158
-0.0951273
-0.0950964
-0.0950654
-0.0950344
-0.0950034
-0.0949723
-0.0949411
-0.09491
-0.0948789
-0.0948479
-0.0948169
-0.094786
-0.0947553
-0.0947248
-0.0946945
-0.0946642
-0.0946342
-0.0946043
-0.0945746
-0.0945451
-0.0945159
-0.0944868
-0.094458
-0.0944296
-0.0944014
-0.0943737
-0.0943463
-0.0943193
-0.0942928
-0.0942666
-0.0942408
-0.0942154
-0.0941904
-0.0941659
-0.0941418
-0.0941182
-0.094095
-0.0940724
-0.0940503
-0.0940287
-0.0940078
-0.0939874
-0.0939676
-0.0939484
-0.0939297
-0.0939117
-0.0938943
-0.0938776
-0.0938616
-0.0938462
-0.0938315
-0.0938175
-0.0938041
-0.0937915
-0.0937796
-0.0937683
-0.0937578
-0.093748
-0.093739
-0.0937307
-0.0937232
-0.0937165
-0.0937105
-0.0937053
-0.0937008
-0.0936971
-0.0936941
-0.0936918
-0.0936903
-0.0936897
-0.0936898
-0.0936907
-0.0936923
-0.0936948
-0.0936981
-0.0937021
-0.093707
-0.0937126
-0.0937189
-0.0937261
-0.093734
-0.0937426
-0.0937521
-0.0937623
-0.0937733
-0.093785
-0.0937975
-0.0938107
-0.0938246
-0.0938392
-0.0938546
-0.0938706
-0.0938874
-0.0939048
-0.0939229
-0.0939416
-0.093961
-0.093981
-0.0940016
-0.0940229
-0.0940448
-0.0940672
-0.0940903
-0.0941139
-0.0941381
-0.0941628
-0.094188
-0.0942138
-0.0942401
-0.0942668
-0.0942941
-0.0943217
-0.0943498
-0.0943784
-0.0944073
-0.0944366
-0.0944663
-0.0944964
-0.0945268
-0.0945576
-0.0945887
-0.09462
-0.0946517
-0.0946836
-0.0947157
-0.0947481
-0.0947806
-0.0948134
-0.0948463
-0.0948794
-0.0949128
-0.0949461
-0.0949795
-0.095013
-0.0950465
-0.0950799
-0.0951133
-0.0951467
-0.0951801
-0.0952134
-0.0952467
-0.0952799
-0.095313
-0.095346
-0.0953788
-0.0954114
-0.0954438
-0.0954761
-0.0955081
-0.0955399
-0.0955715
-0.0956029
-0.095634
-0.0956648
-0.0956952
-0.0957252
-0.0957548
-0.095784
-0.0958127
-0.0958411
-0.0958693
-0.0958969
-0.0959239
-0.0959505
-0.0959766
-0.0960021
-0.096027
-0.0960514
-0.096075
-0.0960981
-0.0961206
-0.0961424
-0.0961636
-0.0961841
-0.096204
-0.0962232
-0.0962417
-0.0962594
-0.0962765
-0.0962929
-0.0963085
-0.0963234
-0.0963376
-0.0963511
-0.0963638
-0.0963758
-0.096387
-0.0963974
-0.0964071
-0.096416
-0.0964241
-0.0964314
-0.0964379
-0.0964436
-0.0964484
-0.0964524
-0.0964555
-0.0964578
-0.0964592
-0.0964598
-0.0964595
-0.0964585
-0.0964565
-0.0964538
-0.0964502
-0.0964457
-0.0964405
-0.0964342
-0.0964272
-0.0964194
-0.0964108
-0.0964014
-0.0963913
-0.0963803
-0.0963685
-0.096356
-0.0963427
-0.0963286
-0.0963137
-0.0962979
-0.0962814
-0.0962641
-0.096246
-0.0962272
-0.0962077
-0.0961874
-0.0961665
-0.0961449
-0.0961226
-0.0960996
-0.096076
-0.0960517
-0.0960268
-0.0960013
-0.0959753
-0.0959486
-0.0959214
-0.0958937
-0.0958655
-0.0958368
-0.0958077
-0.095778
-0.0957478
-0.0957171
-0.095686
-0.0956545
-0.0956225
-0.0955902
-0.0955575
-0.0955245
-0.0954911
-0.0954574
-0.0954234
-0.095389
-0.0953545
-0.0953198
-0.0952846
-0.0952493
-0.0952139
-0.0951784
-0.0951428
-0.0951072
-0.0950715
-0.0950357
-0.0949999
-0.0949641
-0.0949282
-0.0948923
-0.0948565
-0.0948207
-0.0947849
-0.0947493
-0.0947138
-0.0946784
-0.0946433
-0.0946084
-0.0945737
-0.0945392
-0.0945049
-0.0944709
-0.0944372
-0.0944038
-0.0943707
-0.094338
-0.0943056
-0.0942736
-0.094242
-0.0942109
-0.0941801
-0.0941499
-0.0941201
-0.0940908
-0.094062
-0.0940338
-0.0940062
-0.0939791
-0.0939526
-0.0939266
-0.0939013
-0.0938766
-0.0938525
-0.0938291
-0.0938064
-0.0937844
-0.0937631
-0.0937426
-0.0937227
-0.0937036
-0.0936853
-0.0936677
-0.0936509
-0.0936349
-0.0936197
-0.0936053
-0.0935917
-0.0935789
-0.0935669
-0.0935558
-0.0935455
-0.093536
-0.0935274
-0.0935196
-0.0935128
-0.0935068
-0.0935017
-0.0934975
-0.0934942
-0.0934918
-0.0934903
-0.0934896
-0.0934899
-0.093491
-0.0934931
-0.0934961
-0.0934999
-0.0935047
-0.0935103
-0.0935169
-0.0935244
-0.0935327
-0.0935419
-0.093552
-0.0935631
-0.0935749
-0.0935877
-0.0936012
-0.0936156
-0.0936308
-0.0936469
-0.0936637
-0.0936814
-0.0936998
-0.093719
-0.093739
-0.0937598
-0.0937814
-0.0938037
-0.0938268
-0.0938506
-0.0938751
-0.0939003
-0.0939262
-0.0939527
-0.0939799
-0.0940077
-0.0940361
-0.0940652
-0.0940948
-0.094125
-0.0941558
-0.0941871
-0.0942189
-0.0942512
-0.094284
-0.0943172
-0.0943509
-0.094385
-0.0944196
-0.0944545
-0.0944897
-0.0945254
-0.0945613
-0.0945976
-0.0946341
-0.094671
-0.0947081
-0.0947455
-0.094783
-0.0948208
-0.0948587
-0.0948968
-0.094935
-0.0949733
-0.0950117
-0.09505
-0.0950884
-0.0951267
-0.095165
-0.0952032
-0.0952414
-0.0952796
-0.0953176
-0.0953555
-0.0953933
-0.0954308
-0.0954682
-0.0955053
-0.0955421
-0.0955787
-0.0956149
-0.0956509
-0.0956866
-0.0957219
-0.0957569
-0.0957915
-0.0958258
-0.0958596
-0.0958929
-0.0959257
-0.0959581
-0.0959899
-0.0960212
-0.0960519
-0.0960822
-0.0961118
-0.0961408
-0.0961691
-0.0961968
-0.0962238
-0.0962501
-0.0962756
-0.0963004
-0.0963244
-0.0963477
-0.0963703
-0.096392
-0.096413
-0.0964331
-0.0964525
-0.0964711
-0.0964889
-0.0965058
-0.096522
-0.0965373
-0.0965518
-0.0965654
-0.0965781
-0.09659
-0.096601
-0.0966111
-0.0966203
-0.0966285
-0.0966358
-0.0966421
-0.0966475
-0.0966519
-0.0966554
-0.0966579
-0.0966594
-0.09666
-0.0966596
-0.0966583
-0.096656
-0.0966526
-0.0966483
-0.0966431
-0.0966369
-0.0966299
-0.0966218
-0.0966129
-0.0966029
-0.0965921
-0.0965804
-0.0965677
-0.0965542
-0.0965398
-0.0965245
-0.0965082
-0.0964911
-0.096473
-0.0964541
-0.0964343
-0.0964137
-0.0963922
-0.09637
-0.096347
-0.0963231
-0.0962985
-0.0962731
-0.0962469
-0.09622
-0.0961924
-0.0961642
-0.0961352
-0.0961056
-0.0960753
-0.0960445
-0.096013
-0.0959809
-0.0959482
-0.0959149
-0.095881
-0.0958466
-0.0958116
-0.095776
-0.09574
-0.0957036
-0.0956668
-0.0956296
-0.095592
-0.0955541
-0.0955158
-0.0954772
-0.0954383
-0.0953991
-0.0953596
-0.0953199
-0.09528
-0.0952399
-0.0951996
-0.0951591
-0.0951185
-0.0950779
-0.0950373
-0.0949966
-0.0949559
-0.0949152
-0.0948745
-0.0948338
-0.0947933
-0.0947528
-0.0947125
-0.0946723
-0.0946323
-0.0945925
-0.0945529
-0.0945135
-0.0944744
-0.0944356
-0.0943971
-0.0943589
-0.0943212
-0.0942838
-0.0942468
-0.0942102
-0.094174
-0.0941382
-0.094103
-0.0940682
-0.094034
-0.0940003
-0.0939671
-0.0939346
-0.0939026
-0.0938713
-0.0938407
-0.0938107
-0.0937814
-0.0937529
-0.093725
-0.0936978
-0.0936715
-0.0936458
-0.093621
-0.093597
-0.0935737
-0.0935513
-0.0935297
-0.093509
-0.0934892
-0.0934702
-0.0934522
-0.093435
-0.0934188
-0.0934035
-0.0933891
-0.0933756
-0.0933631
-0.0933515
-0.0933409
-0.0933313
-0.0933226
-0.093315
-0.0933083
-0.0933027
-0.093298
-0.0932944
-0.0932918
-0.0932901
-0.0932895
-0.0932899
-0.0932914
-0.0932938
-0.0932972
-0.0933017
-0.0933071
-0.0933136
-0.0933211
-0.0933296
-0.0933391
-0.0933496
-0.0933611
-0.0933736
-0.093387
-0.0934014
-0.0934168
-0.0934332
-0.0934505
-0.0934687
-0.0934879
-0.0935079
-0.0935289
-0.0935507
-0.0935734
-0.093597
-0.0936214
-0.0936467
-0.0936729
-0.0936998
-0.0937275
-0.093756
-0.0937853
-0.0938153
-0.093846
-0.0938774
-0.0939096
-0.0939424
-0.0939759
-0.09401
-0.0940447
-0.0940801
-0.094116
-0.0941525
-0.0941895
-0.0942271
-0.0942652
-0.0943037
-0.0943427
-0.0943821
-0.0944219
-0.0944622
-0.0945029
-0.094544
-0.0945854
-0.094627
-0.0946688
-0.0947109
-0.0947532
-0.0947958
-0.0948386
-0.0948815
-0.0949245
-0.0949676
-0.0950107
-0.0950538
-0.0950969
-0.09514
-0.0951831
-0.0952262
-0.0952692
-0.095312
-0.0953547
-0.0953973
-0.0954398
-0.095482
-0.095524
-0.0955657
-0.0956071
-0.0956482
-0.0956889
-0.0957293
-0.0957694
-0.0958091
-0.0958484
-0.0958873
-0.0959257
-0.0959636
-0.096001
-0.0960378
-0.0960743
-0.0961102
-0.0961454
-0.09618
-0.0962139
-0.0962471
-0.0962796
-0.0963114
-0.0963424
-0.0963727
-0.0964022
-0.0964309
-0.0964587
-0.0964857
-0.0965119
-0.0965372
-0.0965616
-0.0965851
-0.0966078
-0.0966295
-0.0966504
-0.0966704
-0.0966895
-0.0967076
-0.0967248
-0.096741
-0.0967562
-0.0967704
-0.0967835
-0.0967956
-0.0968067
-0.0968168
-0.0968259
-0.0968339
-0.0968409
-0.0968469
-0.0968517
-0.0968555
-0.0968582
-0.0968598
-0.0968604
-0.0968599
-0.0968583
-0.0968557
-0.096852
-0.0968472
-0.0968413
-0.0968344
-0.0968264
-0.0968172
-0.096807
-0.0967958
-0.0967834
-0.09677
-0.0967557
-0.0967403
-0.0967239
-0.0967065
-0.0966881
-0.0966688
-0.0966484
-0.0966271
-0.0966049
-0.0965818
-0.0965577
-0.0965327
-0.0965068
-0.09648
-0.0964523
-0.0964237
-0.0963943
-0.0963641
-0.0963332
-0.0963014
-0.0962689
-0.0962356
-0.0962017
-0.096167
-0.0961316
-0.0960955
-0.0960588
-0.0960214
-0.0959834
-0.0959448
-0.0959057
-0.095866
-0.0958257
-0.095785
-0.0957438
-0.0957021
-0.0956599
-0.0956174
-0.0955744
-0.0955311
-0.0954875
-0.0954435
-0.0953994
-0.095355
-0.0953104
-0.0952656
-0.0952206
-0.0951754
-0.0951302
-0.0950848
-0.0950393
-0.0949938
-0.0949482
-0.0949027
-0.0948571
-0.0948116
-0.0947662
-0.0947209
-0.0946759
-0.094631
-0.0945863
-0.0945418
-0.0944975
-0.0944535
-0.0944097
-0.0943663
-0.0943232
-0.0942805
-0.0942382
-0.0941963
-0.0941549
-0.094114
-0.0940736
-0.0940336
-0.0939943
-0.0939555
-0.0939173
-0.0938798
-0.0938429
-0.0938067
-0.0937711
-0.0937363
-0.0937022
-0.0936688
-0.0936362
-0.0936043
-0.0935733
-0.0935431
-0.0935137
-0.0934851
-0.0934575
-0.0934307
-0.0934049
-0.0933799
-0.0933559
-0.0933329
-0.0933109
-0.0932898
-0.0932697
-0.0932507
-0.0932326
-0.0932156
-0.0931996
-0.0931846
-0.0931706
-0.0931577
-0.0931459
-0.0931351
-0.0931255
-0.0931171
-0.0931098
-0.0931036
-0.0930985
-0.0930946
-0.0930918
-0.0930901
-0.0930895
-0.0930901
-0.0930917
-0.0930945
-0.0930984
-0.0931033
-0.0931095
-0.0931168
-0.0931252
-0.0931347
-0.0931454
-0.0931572
-0.0931701
-0.0931842
-0.0931994
-0.0932157
-0.0932329
-0.0932512
-0.0932706
-0.0932909
-0.0933123
-0.0933346
-0.093358
-0.0933824
-0.0934078
-0.0934341
-0.0934614
-0.0934897
-0.0935188
-0.0935489
-0.0935799
-0.0936117
-0.0936444
-0.0936779
-0.0937122
-0.0937473
-0.0937832
-0.0938198
-0.0938571
-0.0938952
-0.0939339
-0.0939733
-0.0940133
-0.094054
-0.0940953
-0.0941371
-0.0941796
-0.0942225
-0.094266
-0.09431
-0.0943544
-0.0943992
-0.0944444
-0.09449
-0.094536
-0.0945823
-0.0946289
-0.0946758
-0.0947229
-0.0947702
-0.0948177
-0.0948653
-0.0949132
-0.0949612
-0.0950092
-0.0950573
-0.0951055
-0.0951535
-0.0952016
-0.0952495
-0.0952973
-0.095345
-0.0953925
-0.0954398
-0.0954869
-0.0955338
-0.0955804
-0.0956267
-0.0956728
-0.0957186
-0.0957639
-0.0958088
-0.0958533
-0.0958974
-0.095941
-0.0959841
-0.0960266
