-0.0942832
-0.0942804
-0.0942795
-0.0942794
-0.0942797
-0.0942803
-0.0942809
-0.0942817
-0.0942824
-0.0942833
-0.0942841
-0.094285
-0.0942859
-0.0942868
-0.0942877
-0.0942886
-0.0942896
-0.0942906
-0.0942915
-0.0942925
-0.0942934
-0.0942943
-0.0942951
-0.094296
-0.0942968
-0.0942976
-0.0942984
-0.0942992
-0.0943
-0.0943009
-0.0943018
-0.0943028
-0.0943037
-0.0943047
-0.0943057
-0.0943068
-0.0943077
-0.0943086
-0.0943094
-0.0943103
-0.0943111
-0.0943119
-0.0943128
-0.0943137
-0.0943149
-0.094316
-0.094317
-0.094318
-0.0943189
-0.0943198
-0.0943205
-0.0943212
-0.0943218
-0.0943224
-0.0943229
-0.0943233
-0.0943238
-0.0943241
-0.0943244
-0.0943248
-0.0943252
-0.0943255
-0.0943257
-0.0943261
-0.0943264
-0.0943267
-0.0943268
-0.0943269
-0.0943268
-0.0943267
-0.0943264
-0.0943261
-0.0943258
-0.0943254
-0.0943249
-0.0943245
-0.094324
-0.0943235
-0.094323
-0.0943225
-0.0943219
-0.0943212
-0.0943205
-0.0943197
-0.0943188
-0.0943179
-0.0943169
-0.0943159
-0.0943148
-0.0943136
-0.0943124
-0.0943112
-0.09431
-0.0943087
-0.0943073
-0.0943058
-0.0943042
-0.0943025
-0.0943008
-0.0942991
-0.0942973
-0.0942955
-0.0942937
-0.0942919
-0.0942901
-0.0942882
-0.0942863
-0.0942844
-0.0942824
-0.0942803
-0.094278
-0.0942758
-0.0942736
-0.0942714
-0.0942692
-0.094267
-0.0942648
-0.0942626
-0.0942603
-0.094258
-0.0942556
-0.094253
-0.0942505
-0.0942479
-0.0942453
-0.0942427
-0.09424
-0.0942374
-0.0942349
-0.0942323
-0.0942298
-0.0942273
-0.0942248
-0.0942223
-0.0942198
-0.0942174
-0.094215
-0.0942125
-0.0942101
-0.0942078
-0.0942054
-0.094203
-0.0942009
-0.0941988
-0.0941966
-0.0941945
-0.0941924
-0.0941902
-0.0941881
-0.0941859
-0.0941838
-0.0941817
-0.0941797
-0.0941777
-0.0941757
-0.0941738
-0.094172
-0.0941701
-0.0941684
-0.0941667
-0.0941651
-0.0941634
-0.0941619
-0.0941604
-0.094159
-0.0941578
-0.0941565
-0.0941553
-0.0941542
-0.0941532
-0.0941522
-0.0941513
-0.0941505
-0.0941498
-0.0941491
-0.0941485
-0.0941479
-0.0941474
-0.0941471
-0.0941468
-0.0941467
-0.0941466
-0.0941467
-0.0941469
-0.0941472
-0.0941474
-0.0941478
-0.0941482
-0.0941487
-0.0941493
-0.0941499
-0.0941506
-0.0941514
-0.0941524
-0.0941535
-0.0941547
-0.094156
-0.0941574
-0.094159
-0.0941606
-0.0941623
-0.0941641
-0.094166
-0.0941679
-0.0941699
-0.0941721
-0.0941743
-0.0941767
-0.0941792
-0.0941817
-0.0941844
-0.0941871
-0.0941899
-0.0941927
-0.0941956
-0.0941985
-0.0942015
-0.0942046
-0.0942079
-0.0942112
-0.0942146
-0.0942182
-0.0942217
-0.0942254
-0.0942292
-0.094233
-0.0942369
-0.0942408
-0.0942448
-0.0942488
-0.0942528
-0.0942569
-0.094261
-0.0942652
-0.0942694
-0.0942736
-0.0942778
-0.0942821
-0.0942864
-0.0942909
-0.0942954
-0.0943
-0.0943047
-0.0943094
-0.0943141
-0.0943188
-0.0943235
-0.0943277
-0.0943322
-0.0943366
-0.0943411
-0.0943456
-0.0943502
-0.0943548
-0.0943594
-0.0943641
-0.0943689
-0.0943738
-0.0943785
-0.0943832
-0.0943878
-0.0943923
-0.0943967
-0.0944011
-0.0944054
-0.0944096
-0.0944138
-0.094418
-0.0944222
-0.0944263
-0.0944305
-0.0944346
-0.0944387
-0.0944428
-0.0944468
-0.0944507
-0.0944544
-0.0944581
-0.0944616
-0.0944651
-0.0944684
-0.0944717
-0.094475
-0.0944781
-0.0944812
-0.0944842
-0.0944871
-0.0944899
-0.0944925
-0.0944952
-0.0944976
-0.0944997
-0.0945017
-0.0945036
-0.0945055
-0.0945072
-0.0945088
-0.0945103
-0.0945117
-0.0945131
-0.0945144
-0.0945157
-0.0945168
-0.0945177
-0.0945185
-0.0945191
-0.0945196
-0.0945198
-0.0945198
-0.0945197
-0.0945195
-0.0945192
-0.0945188
-0.0945182
-0.0945174
-0.0945164
-0.0945152
-0.0945138
-0.0945123
-0.0945105
-0.0945086
-0.0945066
-0.0945045
-0.0945023
-0.0945
-0.0944976
-0.0944952
-0.0944927
-0.0944901
-0.0944872
-0.0944842
-0.0944809
-0.0944775
-0.0944739
-0.0944702
-0.0944663
-0.0944622
-0.0944581
-0.0944538
-0.0944495
-0.094445
-0.0944403
-0.0944353
-0.0944303
-0.0944251
-0.0944198
-0.0944145
-0.0944092
-0.0944038
-0.0943984
-0.0943929
-0.0943873
-0.0943816
-0.0943758
-0.0943698
-0.0943638
-0.0943577
-0.0943514
-0.0943451
-0.0943386
-0.0943321
-0.0943255
-0.0943189
-0.0943123
-0.0943057
-0.0942989
-0.0942921
-0.0942853
-0.0942784
-0.0942714
-0.0942644
-0.0942574
-0.0942504
-0.0942434
-0.0942363
-0.0942292
-0.0942221
-0.094215
-0.0942078
-0.0942006
-0.0941935
-0.0941864
-0.0941794
-0.0941724
-0.0941656
-0.0941589
-0.0941523
-0.0941456
-0.0941392
-0.0941327
-0.0941262
-0.0941197
-0.0941133
-0.094107
-0.0941007
-0.0940945
-0.0940883
-0.0940822
-0.0940762
-0.0940702
-0.0940644
-0.0940587
-0.0940531
-0.0940476
-0.0940422
-0.0940369
-0.0940317
-0.0940266
-0.0940217
-0.0940169
-0.0940122
-0.0940077
-0.0940033
-0.093999
-0.0939949
-0.0939911
-0.0939873
-0.0939838
-0.0939803
-0.0939771
-0.093974
-0.0939712
-0.0939685
-0.093966
-0.0939636
-0.0939614
-0.0939594
-0.0939576
-0.0939558
-0.0939541
-0.0939526
-0.0939514
-0.0939504
-0.0939496
-0.093949
-0.0939486
-0.0939485
-0.0939486
-0.0939488
-0.0939493
-0.0939499
-0.0939508
-0.0939519
-0.0939533
-0.0939549
-0.0939567
-0.0939587
-0.0939609
-0.0939633
-0.0939658
-0.0939685
-0.0939715
-0.0939745
-0.0939778
-0.0939813
-0.0939849
-0.0939888
-0.0939929
-0.0939972
-0.0940016
-0.0940063
-0.0940111
-0.094016
-0.0940211
-0.0940264
-0.0940317
-0.0940374
-0.0940433
-0.0940493
-0.0940555
-0.0940617
-0.0940682
-0.0940745
-0.0940811
-0.094088
-0.0940951
-0.0941024
-0.0941098
-0.0941174
-0.0941251
-0.094133
-0.0941409
-0.0941489
-0.0941572
-0.0941655
-0.0941739
-0.0941823
-0.0941908
-0.0941994
-0.094208
-0.0942167
-0.0942255
-0.0942344
-0.0942433
-0.0942524
-0.0942615
-0.0942707
-0.0942798
-0.094289
-0.0942982
-0.0943073
-0.0943165
-0.0943258
-0.0943351
-0.0943444
-0.0943537
-0.094363
-0.0943723
-0.0943817
-0.094391
-0.0944002
-0.0944093
-0.0944185
-0.0944275
-0.0944366
-0.0944457
-0.0944547
-0.094464
-0.0944732
-0.0944822
-0.0944912
-0.0945
-0.0945088
-0.0945175
-0.0945261
-0.0945344
-0.0945426
-0.0945507
-0.0945587
-0.0945665
-0.0945742
-0.0945817
-0.094589
-0.0945962
-0.0946032
-0.09461
-0.0946166
-0.0946231
-0.0946294
-0.0946355
-0.0946414
-0.0946471
-0.0946527
-0.094658
-0.0946631
-0.094668
-0.0946728
-0.0946773
-0.0946816
-0.0946858
-0.0946897
-0.0946934
-0.0946968
-0.0947
-0.094703
-0.0947058
-0.0947082
-0.0947104
-0.0947124
-0.094714
-0.0947155
-0.0947167
-0.0947177
-0.0947185
-0.094719
-0.0947192
-0.0947192
-0.0947188
-0.0947181
-0.0947172
-0.0947159
-0.0947145
-0.0947128
-0.0947109
-0.094709
-0.0947067
-0.0947042
-0.0947014
-0.0946984
-0.0946951
-0.0946915
-0.0946876
-0.094683
-0.0946784
-0.0946736
-0.0946686
-0.0946634
-0.094658
-0.0946524
-0.0946464
-0.0946402
-0.0946337
-0.0946271
-0.0946202
-0.0946131
-0.0946058
-0.0945984
-0.0945909
-0.0945832
-0.0945752
-0.0945671
-0.0945587
-0.0945501
-0.0945413
-0.0945323
-0.0945231
-0.0945137
-0.0945041
-0.0944944
-0.0944846
-0.0944747
-0.0944646
-0.0944543
-0.0944439
-0.0944334
-0.0944227
-0.094412
-0.0944011
-0.0943901
-0.094379
-0.0943678
-0.0943566
-0.0943452
-0.0943337
-0.0943221
-0.0943105
-0.0942988
-0.0942871
-0.0942755
-0.0942638
-0.094252
-0.0942402
-0.0942285
-0.0942167
-0.0942049
-0.0941931
-0.0941813
-0.0941696
-0.094158
-0.0941465
-0.0941349
-0.0941235
-0.0941121
-0.0941007
-0.0940893
-0.094078
-0.0940667
-0.0940555
-0.0940443
-0.0940334
-0.0940225
-0.0940118
-0.0940012
-0.0939908
-0.0939806
-0.0939706
-0.0939607
-0.093951
-0.0939414
-0.093932
-0.0939228
-0.0939138
-0.0939048
-0.0938961
-0.0938876
-0.0938793
-0.0938712
-0.0938633
-0.0938556
-0.0938482
-0.0938409
-0.0938338
-0.0938269
-0.0938205
-0.0938144
-0.0938086
-0.093803
-0.0937978
-0.0937927
-0.0937881
-0.0937836
-0.0937794
-0.0937752
-0.0937713
-0.0937677
-0.0937642
-0.0937612
-0.0937584
-0.093756
-0.0937541
-0.0937525
-0.0937512
-0.0937503
-0.0937496
-0.0937493
-0.0937494
-0.0937497
-0.0937502
-0.093751
-0.0937521
-0.0937535
-0.0937553
-0.0937575
-0.0937603
-0.0937633
-0.0937666
-0.0937701
-0.093774
-0.0937781
-0.0937825
-0.0937871
-0.0937918
-0.0937968
-0.0938021
-0.0938077
-0.0938136
-0.0938198
-0.0938263
-0.0938332
-0.0938403
-0.0938477
-0.0938555
-0.0938636
-0.093872
-0.0938807
-0.0938897
-0.093899
-0.0939085
-0.0939182
-0.0939282
-0.0939383
-0.0939487
-0.0939592
-0.0939699
-0.093981
-0.0939923
-0.0940039
-0.0940156
-0.0940275
-0.0940395
-0.0940516
-0.0940638
-0.0940762
-0.0940884
-0.0941009
-0.0941136
-0.0941266
-0.0941399
-0.0941535
-0.0941672
-0.0941809
-0.0941949
-0.0942088
-0.0942228
-0.0942368
-0.0942508
-0.0942648
-0.0942788
-0.0942929
-0.094307
-0.0943211
-0.0943354
-0.0943496
-0.0943639
-0.094378
-0.0943922
-0.0944062
-0.0944202
-0.0944342
-0.094448
-0.0944619
-0.0944757
-0.0944895
-0.0945032
-0.0945163
-0.0945294
-0.0945424
-0.0945553
-0.0945682
-0.0945808
-0.0945934
-0.094606
-0.0946184
-0.0946307
-0.0946429
-0.0946551
-0.0946671
-0.0946789
-0.0946905
-0.0947019
-0.094713
-0.094724
-0.0947348
-0.0947452
-0.0947555
-0.0947656
-0.0947754
-0.0947849
-0.0947941
-0.0948029
-0.0948116
-0.09482
-0.0948279
-0.0948355
-0.0948427
-0.0948495
-0.094856
-0.0948622
-0.0948684
-0.0948743
-0.0948797
-0.0948848
-0.0948896
-0.0948942
-0.0948983
-0.0949021
-0.0949056
-0.0949086
-0.0949112
-0.0949134
-0.0949153
-0.0949168
-0.0949179
-0.0949186
-0.0949188
-0.0949187
-0.0949182
-0.0949174
-0.0949162
-0.0949147
-0.0949128
-0.0949106
-0.0949081
-0.0949052
-0.0949018
-0.094898
-0.0948939
-0.0948893
-0.0948844
-0.0948791
-0.0948734
-0.0948671
-0.0948606
-0.0948538
-0.0948467
-0.0948394
-0.0948317
-0.0948238
-0.0948154
-0.0948069
-0.094798
-0.0947887
-0.0947791
-0.0947689
-0.0947585
-0.0947477
-0.0947366
-0.0947252
-0.0947136
-0.0947018
-0.09469
-0.0946778
-0.0946654
-0.0946527
-0.0946397
-0.0946266
-0.0946132
-0.0945995
-0.0945856
-0.0945715
-0.0945571
-0.0945426
-0.0945277
-0.0945127
-0.0944974
-0.0944819
-0.0944663
-0.0944506
-0.0944348
-0.0944188
-0.094403
-0.0943871
-0.0943711
-0.094355
-0.0943388
-0.0943226
-0.0943063
-0.09429
-0.0942735
-0.094257
-0.0942404
-0.0942238
-0.0942072
-0.0941906
-0.094174
-0.0941574
-0.0941409
-0.0941244
-0.0941079
-0.0940915
-0.0940751
-0.0940589
-0.0940427
-0.0940265
-0.0940105
-0.0939947
-0.093979
-0.0939634
-0.0939479
-0.0939327
-0.0939176
-0.0939028
-0.0938882
-0.0938736
-0.0938593
-0.0938453
-0.0938315
-0.0938179
-0.0938045
-0.0937915
-0.0937787
-0.0937663
-0.0937542
-0.0937423
-0.0937308
-0.0937196
-0.0937087
-0.0936981
-0.0936877
-0.0936778
-0.0936683
-0.0936591
-0.0936502
-0.0936416
-0.0936333
-0.0936255
-0.093618
-0.0936108
-0.0936041
-0.0935977
-0.0935916
-0.0935859
-0.0935806
-0.0935757
-0.0935712
-0.0935672
-0.0935637
-0.0935606
-0.0935578
-0.0935555
-0.0935535
-0.0935519
-0.0935505
-0.0935496
-0.0935491
-0.0935491
-0.0935497
-0.0935507
-0.0935523
-0.0935543
-0.0935567
-0.0935596
-0.0935628
-0.0935664
-0.0935705
-0.093575
-0.0935798
-0.093585
-0.0935906
-0.0935967
-0.0936032
-0.0936105
-0.0936181
-0.0936261
-0.0936345
-0.0936432
-0.0936523
-0.0936618
-0.0936715
-0.0936816
-0.093692
-0.0937027
-0.0937138
-0.0937253
-0.0937371
-0.0937494
-0.0937619
-0.0937748
-0.093788
-0.0938014
-0.0938152
-0.0938293
-0.0938436
-0.0938583
-0.0938735
-0.093889
-0.0939048
-0.0939208
-0.0939369
-0.0939533
-0.0939699
-0.0939867
-0.0940035
-0.0940205
-0.0940378
-0.0940553
-0.0940729
-0.0940907
-0.0941087
-0.0941268
-0.0941449
-0.0941632
-0.0941816
-0.0942002
-0.0942189
-0.0942378
-0.0942568
-0.0942758
-0.0942948
-0.0943138
-0.0943328
-0.0943518
-0.0943708
-0.0943898
-0.0944089
-0.0944279
-0.0944469
-0.0944658
-0.0944846
-0.0945033
-0.0945219
-0.0945404
-0.0945589
-0.0945772
-0.0945952
-0.0946131
-0.0946309
-0.0946484
-0.0946658
-0.094683
-0.0947
-0.0947167
-0.0947333
-0.0947497
-0.0947658
-0.0947816
-0.0947972
-0.0948125
-0.0948275
-0.0948421
-0.0948565
-0.0948706
-0.0948845
-0.094898
-0.0949112
-0.0949242
-0.0949368
-0.094949
-0.0949608
-0.0949722
-0.0949833
-0.0949939
-0.0950042
-0.0950141
-0.0950237
-0.0950328
-0.0950414
-0.0950496
-0.0950572
-0.0950644
-0.0950711
-0.0950773
-0.0950832
-0.0950885
-0.0950935
-0.095098
-0.0951021
-0.0951057
-0.0951089
-0.0951116
-0.0951138
-0.0951155
-0.0951168
-0.0951175
-0.0951178
-0.0951175
-0.0951167
-0.0951155
-0.0951139
-0.0951117
-0.095109
-0.0951059
-0.0951022
-0.095098
-0.0950933
-0.0950881
-0.0950823
-0.095076
-0.0950693
-0.0950622
-0.0950546
-0.0950466
-0.0950382
-0.0950293
-0.09502
-0.0950103
-0.0950001
-0.0949895
-0.0949784
-0.0949669
-0.0949549
-0.0949426
-0.09493
-0.0949169
-0.0949033
-0.0948893
-0.094875
-0.0948602
-0.0948451
-0.0948297
-0.0948139
-0.0947977
-0.0947813
-0.0947644
-0.0947472
-0.0947298
-0.0947121
-0.094694
-0.0946755
-0.0946569
-0.094638
-0.0946188
-0.0945995
-0.09458
-0.0945603
-0.0945405
-0.0945204
-0.0945002
-0.0944798
-0.0944592
-0.0944385
-0.0944177
-0.0943967
-0.0943756
-0.0943542
-0.0943329
-0.0943116
-0.0942902
-0.0942688
-0.0942475
-0.0942261
-0.0942047
-0.0941832
-0.0941619
-0.0941406
-0.0941193
-0.0940981
-0.094077
-0.0940559
-0.0940348
-0.094014
-0.0939932
-0.0939727
-0.0939523
-0.0939321
-0.093912
-0.0938921
-0.0938723
-0.0938528
-0.0938334
-0.0938143
-0.0937955
-0.0937769
-0.0937585
-0.0937405
-0.0937227
-0.093705
-0.0936877
-0.0936708
-0.0936541
-0.0936378
-0.0936218
-0.0936062
-0.0935909
-0.0935761
-0.0935618
-0.0935478
-0.0935343
-0.0935212
-0.0935086
-0.0934964
-0.0934846
-0.0934733
-0.0934623
-0.0934516
-0.0934415
-0.0934319
-0.0934227
-0.093414
-0.0934059
-0.0933983
-0.0933913
-0.093385
-0.0933791
-0.0933738
-0.093369
-0.0933647
-0.0933609
-0.0933576
-0.0933549
-0.0933526
-0.093351
-0.0933498
-0.0933493
-0.0933492
-0.0933496
-0.0933505
-0.093352
-0.093354
-0.0933565
-0.0933596
-0.0933632
-0.0933674
-0.0933723
-0.0933776
-0.0933836
-0.0933902
-0.0933973
-0.0934049
-0.0934129
-0.0934215
-0.0934305
-0.0934401
-0.0934502
-0.0934607
-0.0934717
-0.0934832
-0.0934953
-0.0935079
-0.093521
-0.0935345
-0.0935485
-0.0935629
-0.0935778
-0.0935931
-0.0936086
-0.0936245
-0.0936409
-0.0936577
-0.0936749
-0.0936925
-0.0937105
-0.0937287
-0.0937474
-0.0937663
-0.0937857
-0.0938054
-0.0938254
-0.0938458
-0.0938665
-0.0938877
-0.0939091
-0.0939308
-0.0939527
-0.0939747
-0.0939969
-0.0940193
-0.0940418
-0.0940643
-0.0940868
-0.0941096
-0.0941326
-0.0941558
-0.0941791
-0.0942026
-0.0942263
-0.0942501
-0.0942741
-0.0942981
-0.094322
-0.0943459
-0.0943697
-0.0943935
-0.0944172
-0.0944409
-0.0944646
-0.0944882
-0.0945118
-0.0945352
-0.0945585
-0.0945815
-0.0946045
-0.0946273
-0.09465
-0.0946725
-0.0946946
-0.0947165
-0.0947383
-0.0947599
-0.0947812
-0.0948025
-0.0948235
-0.0948443
-0.0948649
-0.0948851
-0.0949048
-0.0949241
-0.0949429
-0.0949613
-0.0949794
-0.0949973
-0.0950149
-0.0950322
-0.0950491
-0.0950655
-0.0950815
-0.095097
-0.095112
-0.0951266
-0.0951407
-0.0951542
-0.0951673
-0.0951798
-0.0951919
-0.0952035
-0.0952145
-0.095225
-0.0952351
-0.0952446
-0.0952536
-0.0952619
-0.0952697
-0.095277
-0.0952836
-0.0952896
-0.095295
-0.0952998
-0.0953041
-0.0953078
-0.0953108
-0.0953133
-0.0953152
-0.0953165
-0.0953171
-0.0953174
-0.095317
-0.0953159
-0.0953141
-0.0953118
-0.0953089
-0.0953053
-0.0953012
-0.0952965
-0.0952911
-0.0952852
-0.0952787
-0.0952715
-0.0952637
-0.0952554
-0.0952465
-0.095237
-0.0952269
-0.0952162
-0.095205
-0.0951933
-0.095181
-0.0951682
-0.0951549
-0.0951411
-0.0951268
-0.095112
-0.0950966
-0.0950807
-0.0950644
-0.0950475
-0.0950301
-0.0950123
-0.094994
-0.0949752
-0.0949561
-0.0949366
-0.0949167
-0.0948963
-0.0948756
-0.0948544
-0.0948329
-0.0948108
-0.0947885
-0.0947659
-0.0947429
-0.0947197
-0.0946961
-0.0946722
-0.0946479
-0.0946234
-0.0945988
-0.094574
-0.094549
-0.0945238
-0.0944984
-0.0944727
-0.0944468
-0.094421
-0.0943951
-0.0943692
-0.0943433
-0.0943173
-0.0942913
-0.0942652
-0.094239
-0.0942128
-0.0941865
-0.0941603
-0.0941341
-0.0941079
-0.0940818
-0.0940558
-0.0940298
-0.0940039
-0.0939782
-0.0939526
-0.0939273
-0.0939021
-0.0938772
-0.0938524
-0.0938278
-0.0938035
-0.0937791
-0.0937551
-0.0937315
-0.0937082
-0.0936851
-0.0936624
-0.0936399
-0.0936179
-0.0935963
-0.093575
-0.0935541
-0.0935336
-0.0935135
-0.0934938
-0.0934744
-0.0934555
-0.093437
-0.0934187
-0.093401
-0.093384
-0.0933674
-0.0933514
-0.0933359
-0.093321
-0.0933067
-0.093293
-0.09328
-0.0932676
-0.0932557
-0.0932444
-0.0932337
-0.0932236
-0.0932142
-0.0932053
-0.0931971
-0.0931896
-0.0931827
-0.0931764
-0.0931707
-0.0931657
-0.0931613
-0.0931575
-0.0931545
-0.093152
-0.0931503
-0.0931492
-0.0931486
-0.0931486
-0.0931492
-0.0931505
-0.0931525
-0.0931552
-0.0931586
-0.0931627
-0.0931675
-0.0931729
-0.093179
-0.0931856
-0.093193
-0.0932009
-0.0932095
-0.0932189
-0.0932289
-0.0932394
-0.0932505
-0.0932623
-0.0932745
-0.0932875
-0.093301
-0.0933151
-0.0933299
-0.0933452
-0.0933611
-0.0933775
-0.0933944
-0.0934119
-0.0934299
-0.0934484
-0.0934674
-0.0934869
-0.0935069
-0.0935274
-0.0935483
-0.0935696
-0.0935914
-0.0936137
-0.0936364
-0.0936595
-0.093683
-0.093707
-0.0937314
-0.0937561
-0.0937811
-0.0938065
-0.0938321
-0.0938579
-0.0938841
-0.0939105
-0.0939373
-0.0939643
-0.0939916
-0.0940191
-0.0940468
-0.0940746
-0.0941025
-0.0941306
-0.0941587
-0.0941869
-0.0942152
-0.0942436
-0.0942721
-0.0943008
-0.0943296
-0.0943583
-0.094387
-0.0944157
-0.0944443
-0.0944728
-0.0945012
-0.0945297
-0.0945579
-0.0945861
-0.094614
-0.0946418
-0.0946694
-0.0946967
-0.0947239
-0.0947509
-0.0947777
-0.0948042
-0.0948305
-0.0948564
-0.094882
-0.0949072
-0.0949321
-0.0949566
-0.0949807
-0.0950044
-0.0950278
-0.0950508
-0.0950735
-0.0950957
-0.0951175
-0.0951388
-0.0951596
-0.0951797
-0.0951995
-0.0952187
-0.0952375
-0.0952557
-0.0952734
-0.0952905
-0.0953071
-0.0953233
-0.095339
-0.0953542
-0.0953687
-0.0953825
-0.0953957
-0.0954082
-0.0954201
-0.0954313
-0.0954418
-0.0954517
-0.095461
-0.0954695
-0.0954774
-0.0954845
-0.0954909
-0.0954967
-0.0955017
-0.0955061
-0.0955097
-0.0955125
-0.0955147
-0.095516
-0.0955167
-0.0955167
-0.095516
-0.0955146
-0.0955124
-0.0955095
-0.0955059
-0.0955015
-0.0954964
-0.0954905
-0.095484
-0.0954767
-0.0954687
-0.0954601
-0.0954507
-0.0954407
-0.0954299
-0.0954185
-0.0954063
-0.0953935
-0.0953801
-0.0953661
-0.0953514
-0.095336
-0.0953201
-0.0953035
-0.0952863
-0.0952685
-0.0952501
-0.095231
-0.0952115
-0.0951915
-0.0951708
-0.0951495
-0.0951277
-0.0951054
-0.0950826
-0.0950593
-0.0950354
-0.0950111
-0.0949863
-0.094961
-0.0949353
-0.0949093
-0.0948828
-0.0948559
-0.0948286
-0.0948009
-0.0947728
-0.0947444
-0.0947156
-0.0946865
-0.0946573
-0.0946279
-0.0945983
-0.0945685
-0.0945386
-0.0945084
-0.0944781
-0.0944476
-0.0944169
-0.0943861
-0.0943552
-0.0943241
-0.094293
-0.0942618
-0.0942307
-0.0941996
-0.0941686
-0.0941376
-0.0941066
-0.0940757
-0.0940447
-0.0940139
-0.0939832
-0.0939526
-0.0939221
-0.0938919
-0.0938617
-0.0938318
-0.0938022
-0.093773
-0.0937441
-0.0937155
-0.0936871
-0.0936591
-0.0936313
-0.0936039
-0.0935768
-0.09355
-0.0935236
-0.0934977
-0.0934723
-0.0934473
-0.0934228
-0.0933987
-0.0933751
-0.093352
-0.0933295
-0.0933075
-0.0932861
-0.0932651
-0.0932446
-0.0932248
-0.0932055
-0.0931868
-0.0931689
-0.0931516
-0.093135
-0.0931191
-0.0931038
-0.0930892
-0.0930752
-0.0930617
-0.0930491
-0.093037
-0.0930257
-0.0930151
-0.0930052
-0.0929963
-0.0929882
-0.0929808
-0.0929741
-0.0929682
-0.0929631
-0.0929588
-0.0929553
-0.0929525
-0.0929507
-0.0929496
-0.0929491
-0.0929493
-0.0929505
-0.0929523
-0.0929549
-0.0929583
-0.0929625
-0.0929673
-0.0929729
-0.0929792
-0.0929863
-0.0929942
-0.0930029
-0.0930123
-0.0930227
-0.0930338
-0.0930456
-0.093058
-0.0930711
-0.093085
-0.0930995
-0.0931147
-0.0931305
-0.0931471
-0.0931644
-0.0931823
-0.093201
-0.0932203
-0.0932402
-0.0932609
-0.0932821
-0.0933039
-0.0933262
-0.0933492
-0.0933727
-0.0933967
-0.0934214
-0.0934466
-0.0934724
-0.0934988
-0.0935257
-0.093553
-0.0935807
-0.0936088
-0.0936374
-0.0936663
-0.0936953
-0.0937248
-0.0937546
-0.093785
-0.0938157
-0.0938468
-0.0938783
-0.0939102
-0.0939423
-0.0939745
-0.0940069
-0.0940393
-0.0940719
-0.0941047
-0.0941376
-0.0941707
-0.094204
-0.0942375
-0.0942711
-0.0943046
-0.0943381
-0.0943715
-0.0944047
-0.0944377
-0.0944708
-0.0945039
-0.0945369
-0.0945698
-0.0946027
-0.0946354
-0.0946682
-0.094701
-0.0947335
-0.0947657
-0.0947976
-0.0948292
-0.0948606
-0.0948916
-0.0949222
-0.0949524
-0.0949822
-0.0950116
-0.0950406
-0.0950692
-0.0950973
-0.0951249
-0.0951521
-0.0951788
-0.0952051
-0.0952309
-0.0952563
-0.0952812
-0.0953055
-0.0953293
-0.0953525
-0.0953751
-0.0953972
-0.0954186
-0.0954392
-0.0954592
-0.0954785
-0.0954971
-0.0955149
-0.0955321
-0.0955487
-0.0955646
-0.0955797
-0.095594
-0.0956076
-0.0956204
-0.0956324
-0.0956437
-0.0956542
-0.0956639
-0.0956727
-0.0956808
-0.095688
-0.0956945
-0.0957002
-0.095705
-0.0957089
-0.095712
-0.0957143
-0.0957158
-0.0957164
-0.0957161
-0.095715
-0.0957131
-0.0957105
-0.0957069
-0.0957026
-0.0956975
-0.0956916
-0.0956848
-0.0956773
-0.095669
-0.0956599
-0.0956499
-0.0956391
-0.0956274
-0.0956148
-0.0956013
-0.0955871
-0.095572
-0.0955562
-0.0955396
-0.0955223
-0.0955043
-0.0954857
-0.0954663
-0.0954462
-0.0954254
-0.095404
-0.0953819
-0.0953591
-0.0953357
-0.0953115
-0.0952868
-0.0952614
-0.0952354
-0.0952088
-0.0951816
-0.0951538
-0.0951257
-0.095097
-0.0950679
-0.0950383
-0.0950082
-0.0949776
-0.0949463
-0.0949146
-0.0948826
-0.0948501
-0.0948173
-0.0947841
-0.0947507
-0.0947168
-0.0946825
-0.0946479
-0.0946132
-0.0945784
-0.0945434
-0.0945083
-0.0944729
-0.0944373
-0.0944013
-0.0943653
-0.0943294
-0.0942935
-0.0942575
-0.0942216
-0.0941857
-0.0941499
-0.0941141
-0.0940783
-0.0940425
-0.0940068
-0.0939712
-0.0939359
-0.0939007
-0.0938658
-0.0938311
-0.0937966
-0.0937623
-0.0937283
-0.0936946
-0.0936612
-0.0936281
-0.0935952
-0.0935628
-0.0935307
-0.093499
-0.0934677
-0.093437
-0.0934068
-0.0933771
-0.093348
-0.0933193
-0.0932912
-0.0932635
-0.0932364
-0.0932098
-0.0931838
-0.0931584
-0.0931337
-0.0931094
-0.0930859
-0.0930631
-0.093041
-0.0930197
-0.0929991
-0.0929794
-0.0929604
-0.0929421
-0.0929246
-0.0929079
-0.0928918
-0.0928765
-0.092862
-0.0928483
-0.0928354
-0.0928233
-0.0928122
-0.0928019
-0.0927926
-0.0927841
-0.0927766
-0.0927699
-0.0927641
-0.0927593
-0.0927553
-0.0927522
-0.0927501
-0.0927487
-0.0927482
-0.0927485
-0.0927498
-0.092752
-0.0927551
-0.092759
-0.092764
-0.09277
-0.0927768
-0.0927845
-0.0927931
-0.0928025
-0.0928126
-0.0928236
-0.0928354
-0.0928481
-0.0928616
-0.0928759
-0.0928911
-0.092907
-0.0929237
-0.0929412
-0.0929597
-0.0929789
-0.0929989
-0.0930197
-0.0930412
-0.0930634
-0.0930863
-0.09311
-0.0931344
-0.0931595
-0.0931854
-0.093212
-0.0932392
-0.093267
-0.0932953
-0.0933242
-0.0933537
-0.0933837
-0.0934144
-0.0934457
-0.0934775
-0.0935099
-0.0935427
-0.093576
-0.0936098
-0.093644
-0.0936785
-0.0937134
-0.0937486
-0.0937841
-0.0938199
-0.093856
-0.0938925
-0.0939293
-0.0939664
-0.0940036
-0.0940411
-0.0940787
-0.0941164
-0.0941543
-0.0941923
-0.0942305
-0.0942687
-0.0943071
-0.0943455
-0.0943839
-0.0944224
-0.094461
-0.0944996
-0.0945378
-0.0945758
-0.0946136
-0.0946511
-0.0946884
-0.0947253
-0.0947619
-0.094798
-0.0948341
-0.0948699
-0.0949055
-0.0949408
-0.0949759
-0.0950105
-0.0950449
-0.0950791
-0.0951128
-0.095146
-0.0951788
-0.0952111
-0.0952428
-0.095274
-0.0953047
-0.0953351
-0.0953649
-0.095394
-0.0954224
-0.0954502
-0.0954773
-0.0955038
-0.0955294
-0.0955545
-0.0955787
-0.0956021
-0.0956249
-0.0956469
-0.0956682
-0.0956885
-0.0957082
-0.095727
-0.095745
-0.095762
-0.0957781
-0.0957933
-0.0958076
-0.095821
-0.0958336
-0.0958452
-0.095856
-0.0958659
-0.095875
-0.0958832
-0.0958905
-0.095897
-0.0959025
-0.095907
-0.0959107
-0.0959134
-0.095915
-0.0959157
-0.0959154
-0.0959142
-0.095912
-0.0959089
-0.0959049
-0.0959
-0.0958941
-0.0958873
-0.0958794
-0.0958706
-0.0958609
-0.0958502
-0.0958386
-0.0958262
-0.0958128
-0.0957983
-0.0957829
-0.0957667
-0.0957495
-0.0957315
-0.0957126
-0.095693
-0.0956725
-0.0956512
-0.0956291
-0.0956062
-0.0955825
-0.0955581
-0.0955328
-0.0955068
-0.0954801
-0.0954527
-0.0954245
-0.0953956
-0.0953661
-0.0953358
-0.0953048
-0.0952732
-0.095241
-0.0952082
-0.0951749
-0.0951409
-0.0951063
-0.0950713
-0.0950355
-0.0949993
-0.0949626
-0.0949256
-0.0948883
-0.0948507
-0.0948126
-0.0947743
-0.0947357
-0.0946968
-0.0946576
-0.0946181
-0.0945783
-0.0945384
-0.0944982
-0.0944576
-0.0944169
-0.0943763
-0.0943356
-0.094295
-0.0942546
-0.0942141
-0.0941736
-0.0941332
-0.0940928
-0.0940525
-0.0940121
-0.0939719
-0.0939318
-0.0938917
-0.0938519
-0.0938122
-0.0937727
-0.0937334
-0.0936946
-0.093656
-0.0936178
-0.0935799
-0.0935424
-0.0935052
-0.0934683
-0.0934319
-0.0933961
-0.0933608
-0.0933261
-0.0932919
-0.0932582
-0.093225
-0.0931926
-0.0931608
-0.0931296
-0.0930992
-0.0930693
-0.0930402
-0.0930118
-0.0929841
-0.0929573
-0.092931
-0.0929055
-0.0928807
-0.0928567
-0.0928335
-0.0928111
-0.0927895
-0.0927688
-0.0927489
-0.09273
-0.0927119
-0.0926946
-0.0926783
-0.0926629
-0.0926484
-0.0926347
-0.092622
-0.0926104
-0.0925998
-0.0925903
-0.0925817
-0.0925741
-0.0925675
-0.0925621
-0.0925577
-0.0925541
-0.0925516
-0.0925502
-0.0925497
-0.0925502
-0.0925518
-0.0925544
-0.092558
-0.0925625
-0.0925681
-0.0925746
-0.0925822
-0.0925907
-0.0926002
-0.0926108
-0.0926224
-0.0926349
-0.0926483
-0.0926627
-0.0926781
-0.0926944
-0.0927116
-0.0927298
-0.0927489
-0.0927689
-0.0927898
-0.0928116
-0.0928342
-0.0928576
-0.0928817
-0.0929067
-0.0929326
-0.0929594
-0.092987
-0.0930155
-0.0930446
-0.0930746
-0.0931052
-0.0931366
-0.0931687
-0.0932014
-0.0932348
-0.0932688
-0.0933034
-0.0933387
-0.0933746
-0.0934112
-0.0934483
-0.0934859
-0.0935239
-0.0935625
-0.0936014
-0.0936408
-0.0936808
-0.0937212
-0.0937619
-0.0938028
-0.093844
-0.0938856
-0.0939274
-0.0939694
-0.0940116
-0.0940539
-0.0940964
-0.094139
-0.0941817
-0.0942245
-0.0942674
-0.0943103
-0.0943533
-0.0943963
-0.0944393
-0.0944823
-0.0945253
-0.0945681
-0.0946108
-0.0946534
-0.0946957
-0.094738
-0.09478
-0.0948217
-0.094863
-0.094904
-0.0949445
-0.0949847
-0.0950245
-0.0950639
-0.0951027
-0.0951412
-0.0951793
-0.095217
-0.0952542
-0.095291
-0.0953273
-0.095363
-0.0953981
-0.0954327
-0.0954665
-0.0954997
-0.0955322
-0.095564
-0.0955951
-0.0956255
-0.0956553
-0.0956842
-0.0957122
-0.0957392
-0.0957654
-0.0957907
-0.0958152
-0.0958388
-0.0958614
-0.0958829
-0.0959036
-0.0959235
-0.0959426
-0.0959608
-0.0959781
-0.0959945
-0.0960098
-0.0960241
-0.0960377
-0.09605
-0.0960613
-0.0960715
-0.0960807
-0.0960888
-0.0960959
-0.0961019
-0.0961068
-0.0961106
-0.0961134
-0.096115
-0.0961156
-0.0961151
-0.0961136
-0.0961111
-0.0961074
-0.0961027
-0.0960969
-0.0960901
-0.0960822
-0.0960733
-0.0960634
-0.0960524
-0.0960403
-0.0960272
-0.096013
-0.0959978
-0.0959816
-0.0959644
-0.0959462
-0.095927
-0.0959068
-0.0958857
-0.0958636
-0.0958405
-0.0958166
-0.0957917
-0.095766
-0.0957393
-0.0957117
-0.0956833
-0.095654
-0.0956239
-0.0955931
-0.0955614
-0.095529
-0.0954959
-0.0954619
-0.0954272
-0.0953919
-0.0953559
-0.0953191
-0.0952818
-0.0952438
-0.0952052
-0.0951661
-0.0951261
-0.0950856
-0.0950447
-0.0950031
-0.0949612
-0.0949188
-0.0948761
-0.094833
-0.0947895
-0.0947454
-0.0947013
-0.094657
-0.0946125
-0.094568
-0.0945234
-0.0944786
-0.0944336
-0.0943885
-0.0943431
-0.0942977
-0.0942522
-0.0942066
-0.094161
-0.0941154
-0.0940698
-0.0940242
-0.0939788
-0.0939335
-0.0938885
-0.0938438
-0.0937993
-0.093755
-0.0937108
-0.0936666
-0.0936227
-0.0935794
-0.0935366
-0.0934942
-0.0934523
-0.093411
-0.0933701
-0.0933298
-0.0932902
-0.093251
-0.0932124
-0.0931743
-0.0931368
-0.0930999
-0.0930637
-0.0930281
-0.0929933
-0.0929591
-0.0929258
-0.0928931
-0.0928613
-0.0928304
-0.0928003
-0.0927711
-0.0927427
-0.0927152
-0.0926885
-0.0926628
-0.0926378
-0.0926139
-0.0925908
-0.0925688
-0.0925477
-0.0925276
-0.0925086
-0.0924905
-0.0924735
-0.0924575
-0.0924426
-0.0924287
-0.0924158
-0.092404
-0.0923933
-0.0923837
-0.0923753
-0.092368
-0.0923618
-0.0923569
-0.0923532
-0.0923506
-0.0923491
-0.0923487
-0.0923494
-0.0923513
-0.0923543
-0.0923585
-0.0923638
-0.0923701
-0.0923774
-0.0923859
-0.0923954
-0.0924061
-0.0924178
-0.0924307
-0.0924447
-0.0924599
-0.0924761
-0.0924933
-0.0925116
-0.092531
-0.0925514
-0.0925728
-0.0925951
-0.0926184
-0.0926427
-0.0926679
-0.0926941
-0.0927213
-0.0927495
-0.0927787
-0.0928088
-0.0928398
-0.0928716
-0.0929042
-0.0929376
-0.0929719
-0.0930068
-0.0930426
-0.093079
-0.0931162
-0.093154
-0.0931925
-0.0932318
-0.0932717
-0.0933122
-0.0933534
-0.0933954
-0.0934379
-0.0934808
-0.0935243
-0.0935682
-0.0936125
-0.0936573
-0.0937025
-0.0937481
-0.0937941
-0.0938403
-0.0938868
-0.0939336
-0.0939806
-0.0940277
-0.0940749
-0.0941222
-0.0941697
-0.0942174
-0.0942651
-0.0943128
-0.0943606
-0.0944084
-0.0944561
-0.0945039
-0.0945516
-0.0945993
-0.0946468
-0.0946941
-0.0947413
-0.0947881
-0.0948345
-0.0948806
-0.0949264
-0.0949719
-0.095017
-0.0950618
-0.0951061
-0.0951501
-0.0951938
-0.0952369
-0.0952794
-0.0953213
-0.0953626
-0.0954032
-0.0954432
-0.0954826
-0.0955213
-0.0955594
-0.0955968
-0.0956335
-0.0956694
-0.0957045
-0.0957389
-0.0957724
-0.095805
-0.0958368
-0.0958677
-0.0958978
-0.0959268
-0.0959549
-0.0959821
-0.0960082
-0.0960334
-0.0960575
-0.0960806
-0.0961027
-0.0961239
-0.0961441
-0.0961632
-0.0961813
-0.0961984
-0.0962144
-0.0962292
-0.0962428
-0.0962553
-0.0962665
-0.0962766
-0.0962855
-0.0962934
-0.0963001
-0.0963055
-0.0963097
-0.0963127
-0.0963145
-0.0963151
-0.0963146
-0.0963128
-0.0963099
-0.0963058
-0.0963005
-0.0962941
-0.0962864
-0.0962776
-0.0962676
-0.0962564
-0.0962441
-0.0962306
-0.0962159
-0.0962001
-0.0961832
-0.0961652
-0.0961461
-0.0961261
-0.0961049
-0.0960826
-0.0960591
-0.0960346
-0.0960091
-0.0959825
-0.0959549
-0.0959262
-0.0958965
-0.0958658
-0.0958343
-0.0958018
-0.0957684
-0.0957341
-0.095699
-0.0956631
-0.0956263
-0.0955886
-0.0955501
-0.0955109
-0.0954709
-0.0954302
-0.0953887
-0.0953466
-0.0953038
-0.0952603
-0.0952162
-0.0951715
-0.0951264
-0.0950805
-0.0950341
-0.0949869
-0.0949395
-0.0948918
-0.0948438
-0.0947955
-0.0947469
-0.094698
-0.0946489
-0.0945993
-0.0945496
-0.0944997
-0.0944497
-0.0943995
-0.0943492
-0.0942988
-0.0942484
-0.0941975
-0.0941468
-0.0940962
-0.0940459
-0.0939956
-0.0939455
-0.0938955
-0.0938459
-0.0937965
-0.0937474
-0.0936985
-0.09365
-0.0936017
-0.0935538
-0.0935064
-0.0934593
-0.0934127
-0.0933664
-0.0933205
-0.0932752
-0.0932304
-0.0931862
-0.0931426
-0.0930997
-0.0930575
-0.0930159
-0.092975
-0.0929345
-0.092895
-0.0928563
-0.0928184
-0.0927814
-0.0927454
-0.0927102
-0.0926759
-0.0926426
-0.0926103
-0.0925788
-0.0925484
-0.0925191
-0.0924907
-0.0924634
-0.0924371
-0.0924121
-0.0923881
-0.0923651
-0.0923431
-0.0923222
-0.0923025
-0.0922838
-0.0922663
-0.09225
-0.0922348
-0.0922208
-0.0922079
-0.0921963
-0.0921859
-0.0921767
-0.0921687
-0.092162
-0.0921565
-0.0921523
-0.0921492
-0.0921475
-0.0921469
-0.0921478
-0.0921499
-0.0921533
-0.0921582
-0.0921641
-0.0921712
-0.0921795
-0.092189
-0.0921998
-0.0922118
-0.0922249
-0.0922394
-0.0922551
-0.0922719
-0.0922899
-0.092309
-0.0923292
-0.0923506
-0.0923732
-0.092397
-0.0924218
-0.0924477
-0.0924746
-0.0925026
-0.0925317
-0.0925617
-0.0925927
-0.0926246
-0.0926576
-0.0926916
-0.0927266
-0.0927626
-0.0927995
-0.0928374
-0.0928763
-0.0929159
-0.0929563
-0.0929974
-0.0930394
-0.0930821
-0.0931255
-0.0931697
-0.0932147
-0.0932603
-0.0933065
-0.0933532
-0.0934004
-0.093448
-0.0934962
-0.0935447
-0.0935938
-0.0936434
-0.0936934
-0.0937439
-0.0937947
-0.0938458
-0.0938972
-0.0939488
-0.0940008
-0.094053
-0.0941053
-0.0941579
-0.0942105
-0.0942633
-0.0943162
-0.0943689
-0.0944216
-0.0944742
-0.0945267
-0.094579
-0.0946312
-0.0946833
-0.0947351
-0.0947868
-0.0948382
-0.0948892
-0.09494
-0.0949903
-0.0950404
-0.09509
-0.0951392
-0.095188
-0.0952363
-0.0952842
-0.0953315
-0.0953782
-0.0954243
-0.0954698
-0.0955148
-0.0955593
-0.0956029
-0.0956457
-0.0956877
-0.0957288
-0.095769
-0.0958084
-0.0958467
-0.0958842
-0.0959207
-0.0959564
-0.0959911
-0.0960249
-0.0960577
-0.0960896
-0.0961203
-0.09615
-0.0961787
-0.0962062
-0.0962327
-0.0962581
-0.0962824
-0.0963056
-0.0963277
-0.0963486
-0.0963686
-0.0963873
-0.0964046
-0.0964207
-0.0964356
-0.0964491
-0.0964613
-0.0964723
-0.0964821
-0.0964907
-0.0964979
-0.0965039
-0.0965085
-0.0965117
-0.0965136
-0.0965142
-0.0965136
-0.0965117
-0.0965084
-0.0965039
-0.096498
-0.0964908
-0.0964823
-0.0964725
-0.0964615
-0.0964494
-0.0964359
-0.0964211
-0.0964049
-0.0963875
-0.0963689
-0.096349
-0.0963281
-0.096306
-0.0962827
-0.0962581
-0.0962324
-0.0962055
-0.0961775
-0.0961482
-0.0961179
-0.0960864
-0.0960538
-0.0960201
-0.0959854
-0.0959497
-0.0959131
-0.0958754
-0.0958368
-0.0957972
-0.0957567
-0.0957154
-0.0956731
-0.0956301
-0.0955862
-0.0955414
-0.0954958
-0.0954495
-0.0954025
-0.0953547
-0.0953062
-0.0952572
-0.0952076
-0.0951573
-0.0951065
-0.0950552
-0.0950035
-0.0949514
-0.0948989
-0.0948458
-0.0947924
-0.0947386
-0.0946846
-0.09463
-0.0945753
-0.0945205
-0.0944656
-0.0944104
-0.0943552
-0.0943
-0.0942446
-0.0941892
-0.0941337
-0.0940783
-0.0940232
-0.0939681
-0.0939132
-0.0938585
-0.093804
-0.0937498
-0.0936957
-0.0936419
-0.0935886
-0.0935356
-0.0934831
-0.0934311
-0.0933796
-0.0933287
-0.0932783
-0.0932283
-0.093179
-0.0931301
-0.0930819
-0.0930343
-0.0929875
-0.0929411
-0.0928953
-0.0928504
-0.0928066
-0.0927636
-0.0927215
-0.0926803
-0.0926401
-0.0926008
-0.0925624
-0.092525
-0.0924887
-0.0924533
-0.0924189
-0.0923856
-0.0923534
-0.0923225
-0.0922927
-0.092264
-0.0922365
-0.0922102
-0.0921851
-0.0921612
-0.0921384
-0.0921169
-0.0920965
-0.0920774
-0.0920597
-0.0920431
-0.0920279
-0.092014
-0.0920013
-0.0919899
-0.0919799
-0.0919712
-0.091964
-0.091958
-0.0919535
-0.0919502
-0.0919484
-0.0919481
-0.0919491
-0.0919514
-0.0919551
-0.09196
-0.0919664
-0.0919741
-0.0919833
-0.0919937
-0.0920057
-0.0920189
-0.0920334
-0.0920491
-0.0920662
-0.0920845
-0.0921041
-0.0921251
-0.0921474
-0.0921709
-0.0921957
-0.0922217
-0.0922489
-0.0922773
-0.0923069
-0.0923375
-0.0923692
-0.092402
-0.0924361
-0.0924712
-0.0925075
-0.0925448
-0.0925831
-0.0926225
-0.0926629
-0.0927043
-0.0927467
-0.0927898
-0.0928339
-0.0928788
-0.0929245
-0.0929711
-0.0930186
-0.0930667
-0.0931156
-0.0931653
-0.0932156
-0.0932665
-0.0933181
-0.0933702
-0.0934229
-0.0934763
-0.0935301
-0.0935845
-0.0936393
-0.0936945
-0.09375
-0.0938058
-0.093862
-0.0939183
-0.0939749
-0.0940318
-0.0940889
-0.0941462
-0.0942036
-0.094261
-0.0943185
-0.094376
-0.0944334
-0.0944908
-0.0945482
-0.0946055
-0.0946626
-0.0947195
-0.0947762
-0.0948326
-0.0948887
-0.0949446
-0.095
-0.095055
-0.0951095
-0.0951634
-0.0952167
-0.0952693
-0.0953216
-0.0953735
-0.095425
-0.0954759
-0.095526
-0.0955757
-0.0956247
-0.0956733
-0.0957211
-0.0957679
-0.0958138
-0.0958589
-0.095903
-0.0959462
-0.0959884
-0.0960295
-0.0960696
-0.0961087
-0.0961467
-0.0961836
-0.0962194
-0.0962541
-0.0962877
-0.0963202
-0.0963515
-0.0963816
-0.0964104
-0.096438
-0.0964643
-0.0964894
-0.0965133
-0.0965358
-0.0965571
-0.0965771
-0.0965957
-0.0966129
-0.0966288
-0.0966434
-0.0966566
-0.0966684
-0.0966791
-0.0966883
-0.0966961
-0.0967025
-0.0967074
-0.096711
-0.0967131
-0.0967137
-0.0967129
-0.0967107
-0.096707
-0.0967019
-0.0966954
-0.0966875
-0.0966782
-0.0966678
-0.0966558
-0.0966424
-0.0966276
-0.0966114
-0.0965938
-0.0965748
-0.0965544
-0.0965329
-0.09651
-0.0964857
-0.0964601
-0.0964333
-0.0964052
-0.0963758
-0.0963453
-0.0963136
-0.0962807
-0.0962466
-0.0962113
-0.0961748
-0.0961371
-0.0960983
-0.0960582
-0.0960171
-0.095975
-0.0959318
-0.0958876
-0.0958425
-0.0957964
-0.0957494
-0.0957014
-0.0956527
-0.0956031
-0.0955526
-0.0955014
-0.0954494
-0.0953966
-0.095343
-0.0952889
-0.0952342
-0.0951789
-0.0951231
-0.0950667
-0.0950097
-0.0949523
-0.0948944
-0.0948362
-0.0947778
-0.0947191
-0.0946602
-0.0946009
-0.0945415
-0.0944809
-0.0944206
-0.0943602
-0.0942999
-0.0942397
-0.0941795
-0.0941194
-0.0940593
-0.0939995
-0.0939399
-0.0938804
-0.0938212
-0.0937622
-0.0937033
-0.0936449
-0.0935867
-0.0935288
-0.0934709
-0.0934136
-0.0933567
-0.0933005
-0.0932447
-0.0931896
-0.0931349
-0.0930811
-0.0930274
-0.0929748
-0.0929231
-0.0928722
-0.0928222
-0.0927731
-0.0927249
-0.0926776
-0.0926315
-0.0925863
-0.092542
-0.0924987
-0.0924563
-0.092415
-0.0923748
-0.0923356
-0.0922976
-0.0922607
-0.0922248
-0.09219
-0.0921563
-0.0921238
-0.0920924
-0.0920623
-0.0920335
-0.0920059
-0.0919798
-0.0919551
-0.0919317
-0.0919096
-0.0918889
-0.0918695
-0.0918515
-0.0918348
-0.0918196
-0.0918059
-0.0917936
-0.0917828
-0.0917735
-0.0917657
-0.0917593
-0.0917544
-0.0917511
-0.0917492
-0.0917488
-0.0917499
-0.0917524
-0.0917564
-0.091762
-0.091769
-0.0917777
-0.0917878
-0.0917994
-0.0918123
-0.0918266
-0.0918423
-0.0918594
-0.0918779
-0.0918978
-0.0919191
-0.0919418
-0.0919658
-0.0919912
-0.0920181
-0.0920463
-0.0920758
-0.0921066
-0.0921387
-0.092172
-0.0922066
-0.0922423
-0.0922792
-0.0923173
-0.0923566
-0.092397
-0.0924385
-0.0924812
-0.092525
-0.09257
-0.0926159
-0.0926629
-0.0927108
-0.0927596
-0.0928093
-0.09286
-0.0929116
-0.0929639
-0.093017
-0.0930709
-0.0931255
-0.0931808
-0.0932368
-0.0932934
-0.0933506
-0.0934084
-0.0934667
-0.0935256
-0.093585
-0.0936447
-0.0937049
-0.0937653
-0.0938261
-0.0938873
-0.0939487
-0.0940104
-0.0940723
-0.0941344
-0.0941967
-0.0942592
-0.0943217
-0.0943841
-0.0944465
-0.0945088
-0.0945709
-0.094633
-0.0946948
-0.0947564
-0.0948176
-0.0948786
-0.0949393
-0.0949997
-0.0950598
-0.0951195
-0.0951788
-0.0952376
-0.0952959
-0.0953534
-0.0954104
-0.0954666
-0.095522
-0.0955764
-0.0956303
-0.0956835
-0.0957361
-0.0957879
-0.0958389
-0.0958891
-0.0959383
-0.0959868
-0.0960343
-0.0960812
-0.0961269
-0.0961716
-0.0962153
-0.0962578
-0.0962991
-0.0963396
-0.0963786
-0.0964163
-0.0964528
-0.096488
-0.0965219
-0.0965545
-0.0965858
-0.0966156
-0.096644
-0.096671
-0.0966966
-0.0967207
-0.0967434
-0.0967648
-0.0967847
-0.0968034
-0.0968206
-0.0968365
-0.0968508
-0.0968637
-0.096875
-0.0968849
-0.0968931
-0.0969002
-0.0969057
-0.0969095
-0.0969118
-0.0969125
-0.0969117
-0.0969094
-0.0969055
-0.0969
-0.096893
-0.0968844
-0.0968742
-0.0968626
-0.0968494
-0.0968348
-0.0968187
-0.0968011
-0.0967822
-0.096762
-0.0967401
-0.0967167
-0.0966917
-0.0966654
-0.0966376
-0.0966087
-0.0965783
-0.0965469
-0.096514
-0.0964797
-0.096444
-0.096407
-0.0963686
-0.096329
-0.0962881
-0.096246
-0.0962028
-0.0961583
-0.0961127
-0.0960661
-0.0960183
-0.0959695
-0.0959197
-0.0958686
-0.0958166
-0.0957638
-0.09571
-0.0956554
-0.0955999
-0.0955437
-0.0954867
-0.0954292
-0.0953708
-0.0953117
-0.0952521
-0.0951918
-0.095131
-0.0950694
-0.0950074
-0.0949448
-0.0948813
-0.0948176
-0.0947538
-0.0946898
-0.0946254
-0.094561
-0.0944964
-0.0944317
-0.0943665
-0.0943014
-0.0942364
-0.0941714
-0.0941065
-0.0940417
-0.0939769
-0.093912
-0.0938474
-0.0937832
-0.0937191
-0.0936553
-0.0935919
-0.0935288
-0.0934663
-0.093404
-0.0933424
-0.0932814
-0.0932209
-0.093161
-0.0931017
-0.0930432
-0.0929853
-0.0929281
-0.0928717
-0.0928162
-0.0927614
-0.0927075
-0.0926544
-0.0926022
-0.0925509
-0.0925006
-0.092451
-0.0924026
-0.0923553
-0.0923092
-0.0922643
-0.0922206
-0.0921781
-0.0921368
-0.0920967
-0.092058
-0.0920206
-0.0919843
-0.0919493
-0.0919157
-0.0918834
-0.0918525
-0.0918231
-0.0917954
-0.091769
-0.091744
-0.0917205
-0.0916983
-0.0916776
-0.0916584
-0.0916407
-0.0916245
-0.0916097
-0.0915965
-0.0915848
-0.0915746
-0.0915661
-0.0915592
-0.0915539
-0.0915502
-0.0915481
-0.0915476
-0.0915488
-0.0915515
-0.0915558
-0.0915618
-0.0915693
-0.0915784
-0.0915893
-0.0916018
-0.091616
-0.0916316
-0.0916488
-0.0916675
-0.0916876
-0.0917092
-0.0917324
-0.0917571
-0.0917833
-0.0918109
-0.0918399
-0.0918704
-0.0919023
-0.0919356
-0.0919703
-0.0920063
-0.0920437
-0.0920823
-0.0921222
-0.0921634
-0.0922059
-0.0922496
-0.0922945
-0.0923407
-0.092388
-0.0924364
-0.0924859
-0.0925365
-0.0925882
-0.0926408
-0.0926945
-0.0927491
-0.0928047
-0.0928611
-0.0929183
-0.0929763
-0.093035
-0.0930946
-0.0931549
-0.093216
-0.0932777
-0.09334
-0.0934028
-0.0934663
-0.0935302
-0.0935947
-0.0936596
-0.0937249
-0.0937906
-0.0938566
-0.0939228
-0.0939893
-0.0940561
-0.094123
-0.0941901
-0.0942573
-0.0943245
-0.0943918
-0.0944589
-0.0945259
-0.0945929
-0.0946596
-0.0947262
-0.0947926
-0.0948586
-0.0949245
-0.0949901
-0.0950553
-0.09512
-0.0951844
-0.0952482
-0.0953115
-0.0953742
-0.0954361
-0.0954973
-0.0955579
-0.0956178
-0.095677
-0.0957354
-0.095793
-0.0958496
-0.0959054
-0.0959603
-0.0960142
-0.0960671
-0.0961191
-0.0961701
-0.09622
-0.0962689
-0.0963168
-0.0963634
-0.096409
-0.0964532
-0.0964962
-0.0965379
-0.0965782
-0.0966173
-0.096655
-0.0966913
-0.0967262
-0.0967596
-0.0967916
-0.0968221
-0.0968511
-0.0968786
-0.0969047
-0.0969292
-0.0969522
-0.0969737
-0.0969938
-0.0970123
-0.0970292
-0.0970445
-0.0970581
-0.0970703
-0.0970807
-0.0970897
-0.0970973
-0.0971031
-0.0971072
-0.0971096
-0.0971103
-0.0971094
-0.0971068
-0.0971028
-0.0970972
-0.0970898
-0.0970806
-0.0970699
-0.0970574
-0.0970432
-0.0970274
-0.0970099
-0.096991
-0.096971
-0.0969491
-0.0969256
-0.0969003
-0.0968736
-0.0968453
-0.0968154
-0.096784
-0.0967514
-0.0967173
-0.0966817
-0.0966447
-0.0966065
-0.0965668
-0.0965257
-0.0964832
-0.0964395
-0.0963943
-0.0963478
-0.0963
-0.096251
-0.0962008
-0.0961494
-0.0960967
-0.096043
-0.0959881
-0.0959322
-0.0958754
-0.0958176
-0.0957589
-0.0956992
-0.0956387
-0.0955775
-0.0955154
-0.0954526
-0.095389
-0.0953247
-0.0952596
-0.0951939
-0.0951277
-0.0950611
-0.0949934
-0.0949256
-0.0948573
-0.0947887
-0.0947198
-0.0946507
-0.0945814
-0.094512
-0.0944424
-0.0943724
-0.0943025
-0.0942325
-0.0941626
-0.0940927
-0.0940231
-0.0939534
-0.093884
-0.0938148
-0.0937459
-0.0936772
-0.093609
-0.093541
-0.0934735
-0.0934064
-0.0933397
-0.0932735
-0.0932079
-0.093143
-0.0930787
-0.0930151
-0.0929521
-0.0928899
-0.0928284
-0.0927676
-0.0927076
-0.0926486
-0.0925905
-0.0925334
-0.0924773
-0.0924222
-0.0923682
-0.0923153
-0.0922634
-0.0922125
-0.092163
-0.0921145
-0.0920674
-0.0920216
-0.0919771
-0.0919342
-0.0918926
-0.0918524
-0.0918136
-0.0917762
-0.0917403
-0.0917058
-0.0916729
-0.0916414
-0.0916115
-0.091583
-0.091556
-0.0915308
-0.0915072
-0.0914851
-0.0914647
-0.0914459
-0.0914287
-0.091413
-0.0913989
-0.0913866
-0.0913758
-0.0913668
-0.0913595
-0.0913539
-0.09135
-0.0913478
-0.0913473
-0.0913485
-0.0913515
-0.0913562
-0.0913627
-0.0913708
-0.0913806
-0.0913924
-0.0914058
-0.091421
-0.0914377
-0.0914562
-0.0914762
-0.0914979
-0.0915212
-0.0915464
-0.091573
-0.0916011
-0.0916307
-0.0916619
-0.0916946
-0.0917289
-0.0917647
-0.091802
-0.0918408
-0.0918809
-0.0919225
-0.0919654
-0.0920096
-0.0920553
-0.0921023
-0.0921505
-0.0921999
-0.0922505
-0.0923023
-0.0923553
-0.0924095
-0.0924649
-0.0925214
-0.092579
-0.0926376
-0.0926973
-0.0927578
-0.0928192
-0.0928815
-0.0929446
-0.0930085
-0.0930732
-0.0931386
-0.0932048
-0.0932717
-0.0933392
-0.0934073
-0.0934759
-0.0935449
-0.0936144
-0.0936844
-0.0937548
-0.0938256
-0.0938967
-0.0939682
-0.0940398
-0.0941118
-0.0941837
-0.0942557
-0.0943277
-0.0943997
-0.0944716
-0.0945434
-0.0946151
-0.0946866
-0.094758
-0.0948293
-0.0949003
-0.094971
-0.0950414
-0.0951113
-0.0951807
-0.0952494
-0.0953176
-0.0953853
-0.0954523
-0.0955187
-0.0955843
-0.0956491
-0.0957131
-0.0957762
-0.0958385
-0.0958998
-0.0959604
-0.0960201
-0.0960789
-0.0961367
-0.0961935
-0.0962494
-0.0963041
-0.0963576
-0.0964099
-0.0964611
-0.096511
-0.0965596
-0.0966069
-0.0966528
-0.0966971
-0.09674
-0.0967814
-0.0968214
-0.09686
-0.0968971
-0.0969328
-0.0969671
-0.097
-0.0970313
-0.097061
-0.097089
-0.0971154
-0.0971401
-0.0971632
-0.0971847
-0.0972048
-0.0972231
-0.0972396
-0.0972543
-0.0972673
-0.0972785
-0.0972879
-0.0972956
-0.0973018
-0.0973061
-0.0973086
-0.0973094
-0.0973084
-0.0973056
-0.097301
-0.0972947
-0.0972868
-0.0972772
-0.0972656
-0.0972523
-0.0972371
-0.0972202
-0.0972017
-0.0971814
-0.0971598
-0.0971363
-0.0971109
-0.0970839
-0.0970551
-0.0970248
-0.0969928
-0.0969592
-0.096924
-0.0968879
-0.0968499
-0.0968103
-0.0967693
-0.0967267
-0.0966826
-0.0966372
-0.0965902
-0.0965419
-0.0964921
-0.096441
-0.0963885
-0.0963346
-0.0962796
-0.0962233
-0.0961659
-0.0961071
-0.0960474
-0.0959865
-0.0959248
-0.095862
-0.0957983
-0.0957337
-0.095668
-0.0956015
-0.0955342
-0.095466
-0.0953971
