-0.102494
-0.102492
-0.102493
-0.102494
-0.102496
-0.102498
-0.1025
-0.102502
-0.102504
-0.102506
-0.102509
-0.102511
-0.102513
-0.102516
-0.102518
-0.102521
-0.102523
-0.102525
-0.102527
-0.102529
-0.102531
-0.102532
-0.102533
-0.102533
-0.102534
-0.102534
-0.102533
-0.102533
-0.102532
-0.102531
-0.10253
-0.102528
-0.102526
-0.102524
-0.102521
-0.102517
-0.102514
-0.10251
-0.102505
-0.102501
-0.102496
-0.102491
-0.102486
-0.10248
-0.102474
-0.102468
-0.102462
-0.102456
-0.10245
-0.102444
-0.102437
-0.102431
-0.102424
-0.102418
-0.102412
-0.102405
-0.102399
-0.102394
-0.102388
-0.102383
-0.102379
-0.102375
-0.102371
-0.102367
-0.102364
-0.102362
-0.102359
-0.102358
-0.102357
-0.102356
-0.102357
-0.102357
-0.102359
-0.102361
-0.102364
-0.102367
-0.102371
-0.102375
-0.10238
-0.102386
-0.102392
-0.102399
-0.102406
-0.102415
-0.102423
-0.102433
-0.102442
-0.102453
-0.102463
-0.102474
-0.102485
-0.102497
-0.102509
-0.10252
-0.102533
-0.102545
-0.102557
-0.102569
-0.102581
-0.102593
-0.102605
-0.102616
-0.102627
-0.102638
-0.102649
-0.102659
-0.102669
-0.102678
-0.102686
-0.102694
-0.102701
-0.102708
-0.102713
-0.102718
-0.102722
-0.102725
-0.102728
-0.102729
-0.102729
-0.102729
-0.102727
-0.102724
-0.102721
-0.102716
-0.10271
-0.102703
-0.102696
-0.102687
-0.102678
-0.102668
-0.102657
-0.102644
-0.102632
-0.102618
-0.102603
-0.102588
-0.102573
-0.102557
-0.10254
-0.102523
-0.102506
-0.102488
-0.10247
-0.102452
-0.102434
-0.102416
-0.102397
-0.102379
-0.102362
-0.102344
-0.102327
-0.10231
-0.102294
-0.102279
-0.102264
-0.102249
-0.102236
-0.102224
-0.102212
-0.102201
-0.102192
-0.102183
-0.102176
-0.10217
-0.102165
-0.102162
-0.102159
-0.102159
-0.102159
-0.102161
-0.102164
-0.102168
-0.102174
-0.102181
-0.102189
-0.102199
-0.102211
-0.102223
-0.102237
-0.102252
-0.102269
-0.102286
-0.102304
-0.102323
-0.102343
-0.102364
-0.102385
-0.102408
-0.102431
-0.102454
-0.102478
-0.102502
-0.102526
-0.10255
-0.102575
-0.102599
-0.102623
-0.102647
-0.102671
-0.102694
-0.102716
-0.102738
-0.102759
-0.102779
-0.102798
-0.102816
-0.102833
-0.102849
-0.102864
-0.102877
-0.102889
-0.102899
-0.102908
-0.102915
-0.10292
-0.102924
-0.102927
-0.102927
-0.102926
-0.102923
-0.102918
-0.102912
-0.102904
-0.102894
-0.102882
-0.102869
-0.102854
-0.102837
-0.102819
-0.1028
-0.102779
-0.102757
-0.102734
-0.10271
-0.102684
-0.102658
-0.10263
-0.102602
-0.102573
-0.102544
-0.102514
-0.102483
-0.102453
-0.102423
-0.102392
-0.102362
-0.102331
-0.102302
-0.102272
-0.102243
-0.102215
-0.102188
-0.102162
-0.102138
-0.102114
-0.102092
-0.102071
-0.102051
-0.102034
-0.102018
-0.102003
-0.101991
-0.101981
-0.101972
-0.101965
-0.101961
-0.101958
-0.101958
-0.10196
-0.101964
-0.10197
-0.101978
-0.101989
-0.102001
-0.102015
-0.102032
-0.10205
-0.102071
-0.102093
-0.102117
-0.102143
-0.10217
-0.102199
-0.102229
-0.10226
-0.102293
-0.102326
-0.102361
-0.102396
-0.102432
-0.102468
-0.102505
-0.102542
-0.102579
-0.102616
-0.102652
-0.102688
-0.102724
-0.102758
-0.102792
-0.102825
-0.102857
-0.102888
-0.102917
-0.102945
-0.102971
-0.102996
-0.103019
-0.10304
-0.103058
-0.103075
-0.10309
-0.103102
-0.103112
-0.10312
-0.103125
-0.103127
-0.103127
-0.103125
-0.10312
-0.103112
-0.103102
-0.10309
-0.103074
-0.103057
-0.103037
-0.103015
-0.102991
-0.102964
-0.102936
-0.102905
-0.102873
-0.102839
-0.102804
-0.102767
-0.102729
-0.102689
-0.102649
-0.102608
-0.102566
-0.102523
-0.10248
-0.102437
-0.102394
-0.102351
-0.102308
-0.102266
-0.102225
-0.102184
-0.102145
-0.102106
-0.102069
-0.102033
-0.101999
-0.101966
-0.101936
-0.101907
-0.101881
-0.101857
-0.101836
-0.101817
-0.1018
-0.101786
-0.101775
-0.101767
-0.101762
-0.101759
-0.101759
-0.101763
-0.101769
-0.101778
-0.10179
-0.101805
-0.101822
-0.101843
-0.101866
-0.101891
-0.10192
-0.10195
-0.101984
-0.102019
-0.102056
-0.102096
-0.102137
-0.102179
-0.102223
-0.102269
-0.102315
-0.102363
-0.102411
-0.10246
-0.102509
-0.102558
-0.102607
-0.102656
-0.102705
-0.102753
-0.1028
-0.102846
-0.102891
-0.102935
-0.102978
-0.103018
-0.103057
-0.103094
-0.103128
-0.10316
-0.10319
-0.103216
-0.10324
-0.103262
-0.103281
-0.103296
-0.103309
-0.103318
-0.103324
-0.103327
-0.103326
-0.103323
-0.103315
-0.103305
-0.103291
-0.103274
-0.103254
-0.10323
-0.103204
-0.103175
-0.103142
-0.103108
-0.10307
-0.10303
-0.102988
-0.102943
-0.102897
-0.102849
-0.102799
-0.102747
-0.102695
-0.102641
-0.102587
-0.102532
-0.102476
-0.102421
-0.102365
-0.10231
-0.102255
-0.102201
-0.102148
-0.102095
-0.102045
-0.101996
-0.101948
-0.101903
-0.101859
-0.101818
-0.101779
-0.101744
-0.101711
-0.101681
-0.101654
-0.10163
-0.10161
-0.101592
-0.101579
-0.101569
-0.101562
-0.10156
-0.101561
-0.101565
-0.101574
-0.101586
-0.101602
-0.101622
-0.101645
-0.101671
-0.101701
-0.101734
-0.10177
-0.101809
-0.101851
-0.101896
-0.101943
-0.101993
-0.102045
-0.102098
-0.102154
-0.102211
-0.10227
-0.102329
-0.10239
-0.102451
-0.102513
-0.102575
-0.102637
-0.102698
-0.102759
-0.102819
-0.102878
-0.102935
-0.102992
-0.103046
-0.103099
-0.103149
-0.103197
-0.103243
-0.103285
-0.103325
-0.103362
-0.103395
-0.103425
-0.103451
-0.103473
-0.103492
-0.103507
-0.103518
-0.103525
-0.103527
-0.103526
-0.103521
-0.103511
-0.103497
-0.10348
-0.103458
-0.103433
-0.103404
-0.10337
-0.103334
-0.103294
-0.10325
-0.103204
-0.103154
-0.103102
-0.103047
-0.10299
-0.10293
-0.102869
-0.102806
-0.102741
-0.102675
-0.102608
-0.102541
-0.102473
-0.102404
-0.102336
-0.102269
-0.102202
-0.102135
-0.102071
-0.102007
-0.101945
-0.101885
-0.101827
-0.101772
-0.101719
-0.10167
-0.101623
-0.10158
-0.10154
-0.101504
-0.101471
-0.101443
-0.101418
-0.101398
-0.101382
-0.10137
-0.101363
-0.10136
-0.101361
-0.101367
-0.101378
-0.101393
-0.101412
-0.101436
-0.101464
-0.101496
-0.101533
-0.101573
-0.101617
-0.101665
-0.101716
-0.10177
-0.101828
-0.101888
-0.101951
-0.102016
-0.102083
-0.102152
-0.102223
-0.102295
-0.102368
-0.102442
-0.102516
-0.102591
-0.102665
-0.102739
-0.102812
-0.102884
-0.102955
-0.103024
-0.103092
-0.103157
-0.10322
-0.10328
-0.103338
-0.103392
-0.103443
-0.10349
-0.103533
-0.103572
-0.103607
-0.103638
-0.103665
-0.103687
-0.103704
-0.103716
-0.103724
-0.103727
-0.103725
-0.103718
-0.103706
-0.103689
-0.103668
-0.103642
-0.103611
-0.103576
-0.103537
-0.103493
-0.103445
-0.103393
-0.103337
-0.103278
-0.103216
-0.10315
-0.103082
-0.103011
-0.102938
-0.102863
-0.102786
-0.102708
-0.102629
-0.102549
-0.102468
-0.102387
-0.102307
-0.102227
-0.102148
-0.10207
-0.101993
-0.101918
-0.101845
-0.101775
-0.101707
-0.101642
-0.10158
-0.101521
-0.101467
-0.101416
-0.101369
-0.101327
-0.101289
-0.101255
-0.101227
-0.101203
-0.101184
-0.101171
-0.101163
-0.10116
-0.101162
-0.101169
-0.101182
-0.1012
-0.101223
-0.101251
-0.101285
-0.101323
-0.101366
-0.101413
-0.101465
-0.101521
-0.101582
-0.101646
-0.101713
-0.101784
-0.101857
-0.101934
-0.102013
-0.102094
-0.102177
-0.102261
-0.102347
-0.102433
-0.10252
-0.102607
-0.102694
-0.10278
-0.102866
-0.10295
-0.103033
-0.103113
-0.103192
-0.103268
-0.103341
-0.103411
-0.103477
-0.10354
-0.103599
-0.103653
-0.103704
-0.103749
-0.10379
-0.103825
-0.103856
-0.103881
-0.1039
-0.103915
-0.103923
-0.103926
-0.103924
-0.103916
-0.103902
-0.103882
-0.103857
-0.103826
-0.10379
-0.103749
-0.103703
-0.103652
-0.103596
-0.103536
-0.103471
-0.103403
-0.10333
-0.103254
-0.103175
-0.103093
-0.103008
-0.102921
-0.102832
-0.102742
-0.10265
-0.102557
-0.102464
-0.102371
-0.102278
-0.102186
-0.102094
-0.102004
-0.101916
-0.10183
-0.101746
-0.101665
-0.101586
-0.101512
-0.10144
-0.101373
-0.10131
-0.101252
-0.101198
-0.10115
-0.101106
-0.101068
-0.101036
-0.101009
-0.100988
-0.100973
-0.100964
-0.100961
-0.100963
-0.100972
-0.100987
-0.101008
-0.101035
-0.101068
-0.101106
-0.101151
-0.1012
-0.101255
-0.101315
-0.101379
-0.101449
-0.101522
-0.1016
-0.101681
-0.101766
-0.101853
-0.101944
-0.102037
-0.102131
-0.102228
-0.102326
-0.102425
-0.102524
-0.102624
-0.102723
-0.102822
-0.102919
-0.103016
-0.10311
-0.103202
-0.103291
-0.103378
-0.103461
-0.103541
-0.103617
-0.103688
-0.103755
-0.103817
-0.103874
-0.103926
-0.103972
-0.104012
-0.104046
-0.104075
-0.104097
-0.104113
-0.104122
-0.104126
-0.104122
-0.104113
-0.104097
-0.104074
-0.104046
-0.10401
-0.103969
-0.103922
-0.103869
-0.103811
-0.103747
-0.103679
-0.103605
-0.103527
-0.103444
-0.103358
-0.103268
-0.103174
-0.103078
-0.102979
-0.102878
-0.102775
-0.102671
-0.102566
-0.10246
-0.102355
-0.102249
-0.102145
-0.102041
-0.101939
-0.101839
-0.101741
-0.101646
-0.101554
-0.101466
-0.101381
-0.101301
-0.101225
-0.101154
-0.101088
-0.101028
-0.100973
-0.100924
-0.100881
-0.100844
-0.100814
-0.100791
-0.100774
-0.100764
-0.10076
-0.100764
-0.100774
-0.100792
-0.100815
-0.100846
-0.100883
-0.100927
-0.100977
-0.101033
-0.101095
-0.101162
-0.101235
-0.101313
-0.101396
-0.101484
-0.101576
-0.101671
-0.10177
-0.101873
-0.101977
-0.102085
-0.102193
-0.102304
-0.102415
-0.102527
-0.10264
-0.102752
-0.102863
-0.102972
-0.10308
-0.103186
-0.10329
-0.10339
-0.103488
-0.103582
-0.103671
-0.103756
-0.103836
-0.103911
-0.103981
-0.104044
-0.104102
-0.104153
-0.104198
-0.104237
-0.104268
-0.104293
-0.10431
-0.104321
-0.104324
-0.10432
-0.104309
-0.104291
-0.104266
-0.104233
-0.104194
-0.104148
-0.104095
-0.104036
-0.10397
-0.103899
-0.103821
-0.103739
-0.103651
-0.103558
-0.103461
-0.10336
-0.103256
-0.103148
-0.103037
-0.102924
-0.102809
-0.102692
-0.102574
-0.102456
-0.102338
-0.10222
-0.102103
-0.101987
-0.101874
-0.101762
-0.101653
-0.101546
-0.101444
-0.101345
-0.101251
-0.101161
-0.101076
-0.100997
-0.100924
-0.100856
-0.100795
-0.100741
-0.100693
-0.100652
-0.100619
-0.100593
-0.100574
-0.100563
-0.100559
-0.100564
-0.100575
-0.100595
-0.100622
-0.100656
-0.100698
-0.100747
-0.100803
-0.100865
-0.100935
-0.10101
-0.101092
-0.101179
-0.101272
-0.101369
-0.101472
-0.101578
-0.101688
-0.101802
-0.101919
-0.102038
-0.102159
-0.102282
-0.102406
-0.102531
-0.102656
-0.10278
-0.102903
-0.103026
-0.103146
-0.103264
-0.103379
-0.10349
-0.103598
-0.103701
-0.1038
-0.103894
-0.103983
-0.104066
-0.104143
-0.104214
-0.104278
-0.104335
-0.104385
-0.104427
-0.104463
-0.10449
-0.104509
-0.104521
-0.104525
-0.10452
-0.104508
-0.104487
-0.104459
-0.104423
-0.104379
-0.104327
-0.104269
-0.104203
-0.10413
-0.10405
-0.103964
-0.103873
-0.103775
-0.103673
-0.103565
-0.103453
-0.103337
-0.103218
-0.103095
-0.10297
-0.102842
-0.102713
-0.102583
-0.102452
-0.102322
-0.102191
-0.102062
-0.101934
-0.101808
-0.101684
-0.101564
-0.101447
-0.101333
-0.101225
-0.101121
-0.101022
-0.100929
-0.100841
-0.10076
-0.100686
-0.100618
-0.100558
-0.100506
-0.100461
-0.100424
-0.100396
-0.100376
-0.100364
-0.100361
-0.100366
-0.100379
-0.1004
-0.10043
-0.100468
-0.100514
-0.100568
-0.10063
-0.1007
-0.100776
-0.10086
-0.10095
-0.101046
-0.101148
-0.101255
-0.101368
-0.101485
-0.101607
-0.101732
-0.101861
-0.101992
-0.102126
-0.102261
-0.102398
-0.102535
-0.102672
-0.102809
-0.102945
-0.103079
-0.103212
-0.103341
-0.103467
-0.10359
-0.103709
-0.103822
-0.103931
-0.104035
-0.104132
-0.104223
-0.104308
-0.104385
-0.104455
-0.104518
-0.104572
-0.104618
-0.104656
-0.104686
-0.104707
-0.10472
-0.104723
-0.104718
-0.104705
-0.104682
-0.104651
-0.104611
-0.104562
-0.104506
-0.104441
-0.104369
-0.104289
-0.104202
-0.104107
-0.104006
-0.1039
-0.103787
-0.103669
-0.103546
-0.103419
-0.103287
-0.103153
-0.103015
-0.102876
-0.102734
-0.102592
-0.102448
-0.102305
-0.102162
-0.102021
-0.10188
-0.101742
-0.101607
-0.101475
-0.101347
-0.101223
-0.101104
-0.10099
-0.100881
-0.100779
-0.100684
-0.100595
-0.100514
-0.100441
-0.100375
-0.100318
-0.10027
-0.10023
-0.100199
-0.100177
-0.100164
-0.100161
-0.100166
-0.100181
-0.100205
-0.100238
-0.10028
-0.100331
-0.10039
-0.100457
-0.100533
-0.100617
-0.100708
-0.100806
-0.100911
-0.101023
-0.101141
-0.101264
-0.101392
-0.101525
-0.101662
-0.101802
-0.101946
-0.102092
-0.102239
-0.102388
-0.102538
-0.102688
-0.102837
-0.102986
-0.103132
-0.103276
-0.103418
-0.103555
-0.103689
-0.103818
-0.103943
-0.104061
-0.104174
-0.104281
-0.10438
-0.104472
-0.104556
-0.104633
-0.1047
-0.10476
-0.10481
-0.104851
-0.104883
-0.104906
-0.104919
-0.104923
-0.104917
-0.104902
-0.104877
-0.104842
-0.104798
-0.104746
-0.104683
-0.104613
-0.104534
-0.104447
-0.104352
-0.104249
-0.104139
-0.104023
-0.1039
-0.103772
-0.103638
-0.1035
-0.103357
-0.10321
-0.103061
-0.102909
-0.102755
-0.1026
-0.102444
-0.102288
-0.102133
-0.101979
-0.101827
-0.101677
-0.10153
-0.101386
-0.101247
-0.101112
-0.100983
-0.100859
-0.100741
-0.100631
-0.100527
-0.100431
-0.100343
-0.100263
-0.100192
-0.10013
-0.100078
-0.100034
-0.100001
-0.0999771
-0.0999633
-0.0999596
-0.0999658
-0.0999821
-0.100008
-0.100044
-0.10009
-0.100146
-0.10021
-0.100284
-0.100366
-0.100457
-0.100556
-0.100663
-0.100777
-0.100899
-0.101026
-0.10116
-0.101299
-0.101443
-0.101592
-0.101744
-0.101899
-0.102058
-0.102218
-0.10238
-0.102542
-0.102705
-0.102866
-0.103027
-0.103185
-0.103341
-0.103494
-0.103643
-0.103788
-0.103928
-0.104062
-0.104191
-0.104313
-0.104428
-0.104536
-0.104635
-0.104727
-0.104809
-0.104883
-0.104947
-0.105001
-0.105046
-0.10508
-0.105105
-0.105119
-0.105123
-0.105116
-0.1051
-0.105072
-0.105035
-0.104988
-0.10493
-0.104863
-0.104787
-0.104701
-0.104607
-0.104504
-0.104393
-0.104274
-0.104148
-0.104015
-0.103876
-0.103731
-0.103581
-0.103427
-0.103269
-0.103107
-0.102943
-0.102776
-0.102609
-0.10244
-0.102272
-0.102104
-0.101938
-0.101773
-0.101611
-0.101452
-0.101297
-0.101147
-0.101002
-0.100862
-0.100728
-0.100602
-0.100482
-0.10037
-0.100267
-0.100172
-0.100086
-0.10001
-0.0999426
-0.0998858
-0.0998392
-0.0998032
-0.0997778
-0.0997632
-0.0997594
-0.0997664
-0.0997841
-0.0998125
-0.0998515
-0.099901
-0.0999607
-0.100031
-0.10011
-0.100199
-0.100297
-0.100404
-0.10052
-0.100643
-0.100774
-0.100911
-0.101056
-0.101206
-0.101361
-0.101522
-0.101686
-0.101854
-0.102024
-0.102197
-0.102371
-0.102546
-0.102721
-0.102895
-0.103068
-0.103238
-0.103407
-0.103571
-0.103732
-0.103888
-0.104039
-0.104183
-0.104322
-0.104453
-0.104577
-0.104693
-0.1048
-0.104898
-0.104987
-0.105065
-0.105134
-0.105193
-0.105241
-0.105278
-0.105304
-0.105319
-0.105323
-0.105316
-0.105298
-0.105268
-0.105227
-0.105176
-0.105114
-0.105042
-0.104959
-0.104867
-0.104765
-0.104654
-0.104535
-0.104407
-0.104272
-0.104129
-0.103979
-0.103824
-0.103662
-0.103497
-0.103326
-0.103153
-0.102976
-0.102797
-0.102617
-0.102436
-0.102255
-0.102075
-0.101896
-0.101719
-0.101545
-0.101375
-0.101209
-0.101047
-0.100891
-0.100741
-0.100598
-0.100462
-0.100334
-0.100214
-0.100103
-0.100001
-0.0999088
-0.0998268
-0.0997552
-0.0996946
-0.0996449
-0.0996064
-0.0995794
-0.0995638
-0.0995597
-0.0995672
-0.0995862
-0.0996168
-0.0996588
-0.0997121
-0.0997765
-0.0998516
-0.0999373
-0.100033
-0.100139
-0.100253
-0.100377
-0.100509
-0.100649
-0.100797
-0.100952
-0.101113
-0.10128
-0.101452
-0.101628
-0.101808
-0.10199
-0.102175
-0.102362
-0.10255
-0.102737
-0.102924
-0.103109
-0.103292
-0.103472
-0.103649
-0.103821
-0.103988
-0.104149
-0.104304
-0.104452
-0.104593
-0.104725
-0.104849
-0.104963
-0.105068
-0.105163
-0.105248
-0.105321
-0.105384
-0.105435
-0.105475
-0.105503
-0.105519
-0.105523
-0.105516
-0.105496
-0.105464
-0.105421
-0.105365
-0.105299
-0.105221
-0.105133
-0.105034
-0.104925
-0.104806
-0.104678
-0.104541
-0.104396
-0.104243
-0.104083
-0.103916
-0.103744
-0.103567
-0.103385
-0.103199
-0.10301
-0.102819
-0.102626
-0.102432
-0.102239
-0.102046
-0.101855
-0.101666
-0.10148
-0.101298
-0.10112
-0.100948
-0.100781
-0.10062
-0.100467
-0.100322
-0.100185
-0.100057
-0.0999389
-0.0998303
-0.099732
-0.0996447
-0.0995685
-0.0995038
-0.0994509
-0.09941
-0.0993811
-0.0993645
-0.0993603
-0.0993685
-0.099389
-0.0994218
-0.0994668
-0.0995237
-0.0995923
-0.0996726
-0.099764
-0.0998662
-0.0999789
-0.100102
-0.100234
-0.100375
-0.100525
-0.100683
-0.100848
-0.10102
-0.101198
-0.101381
-0.101569
-0.101761
-0.101956
-0.102154
-0.102353
-0.102553
-0.102753
-0.102952
-0.10315
-0.103345
-0.103537
-0.103726
-0.103909
-0.104088
-0.10426
-0.104425
-0.104583
-0.104733
-0.104874
-0.105006
-0.105128
-0.10524
-0.105341
-0.105431
-0.105509
-0.105576
-0.10563
-0.105672
-0.105701
-0.105718
-0.105722
-0.105714
-0.105693
-0.105659
-0.105612
-0.105553
-0.105482
-0.105399
-0.105305
-0.105199
-0.105083
-0.104957
-0.10482
-0.104674
-0.10452
-0.104357
-0.104186
-0.104009
-0.103825
-0.103636
-0.103442
-0.103244
-0.103043
-0.102839
-0.102634
-0.102428
-0.102222
-0.102017
-0.101813
-0.101612
-0.101414
-0.10122
-0.101031
-0.100847
-0.10067
-0.1005
-0.100337
-0.100182
-0.100037
-0.0999006
-0.0997745
-0.099659
-0.0995547
-0.0994617
-0.0993807
-0.0993119
-0.0992557
-0.0992121
-0.0991816
-0.099164
-0.0991596
-0.0991684
-0.0991903
-0.0992252
-0.0992731
-0.0993338
-0.099407
-0.0994925
-0.09959
-0.0996989
-0.099819
-0.0999496
-0.10009
-0.100241
-0.1004
-0.100568
-0.100744
-0.100927
-0.101116
-0.101311
-0.101511
-0.101715
-0.101922
-0.102132
-0.102344
-0.102556
-0.102769
-0.102981
-0.103191
-0.103398
-0.103602
-0.103802
-0.103997
-0.104187
-0.104369
-0.104545
-0.104713
-0.104872
-0.105022
-0.105162
-0.105292
-0.10541
-0.105518
-0.105613
-0.105696
-0.105767
-0.105824
-0.105869
-0.1059
-0.105918
-0.105922
-0.105913
-0.10589
-0.105854
-0.105805
-0.105742
-0.105667
-0.105579
-0.105478
-0.105366
-0.105243
-0.105108
-0.104963
-0.104808
-0.104644
-0.104471
-0.10429
-0.104101
-0.103906
-0.103706
-0.1035
-0.10329
-0.103076
-0.10286
-0.102643
-0.102424
-0.102205
-0.101988
-0.101772
-0.101559
-0.101349
-0.101143
-0.100943
-0.100748
-0.10056
-0.100379
-0.100207
-0.100043
-0.0998884
-0.0997443
-0.0996108
-0.0994886
-0.099378
-0.0992796
-0.0991938
-0.0991208
-0.0990613
-0.0990153
-0.0989829
-0.0989643
-0.0989596
-0.098969
-0.0989923
-0.0990294
-0.0990804
-0.0991448
-0.0992226
-0.0993134
-0.0994168
-0.0995321
-0.0996594
-0.099798
-0.0999473
-0.100107
-0.100276
-0.100454
-0.10064
-0.100834
-0.101034
-0.101241
-0.101453
-0.101669
-0.101888
-0.102111
-0.102335
-0.10256
-0.102785
-0.103009
-0.103231
-0.103451
-0.103667
-0.103879
-0.104086
-0.104286
-0.10448
-0.104666
-0.104844
-0.105012
-0.105171
-0.105319
-0.105456
-0.105581
-0.105695
-0.105796
-0.105883
-0.105958
-0.106019
-0.106066
-0.106099
-0.106118
-0.106122
-0.106112
-0.106088
-0.10605
-0.105997
-0.105931
-0.105851
-0.105758
-0.105652
-0.105533
-0.105402
-0.105259
-0.105106
-0.104942
-0.104768
-0.104585
-0.104393
-0.104194
-0.103988
-0.103775
-0.103558
-0.103335
-0.10311
-0.102881
-0.102651
-0.10242
-0.102189
-0.101959
-0.10173
-0.101505
-0.101283
-0.101066
-0.100854
-0.100648
-0.100449
-0.100258
-0.100076
-0.0999029
-0.0997399
-0.0995876
-0.0994467
-0.0993176
-0.0992009
-0.0990968
-0.0990064
-0.0989296
-0.0988668
-0.0988183
-0.0987842
-0.0987647
-0.09876
-0.09877
-0.0987948
-0.0988341
-0.098888
-0.0989562
-0.0990384
-0.0991342
-0.0992435
-0.0993656
-0.0995001
-0.0996465
-0.0998043
-0.0999729
-0.100152
-0.10034
-0.100537
-0.100742
-0.100953
-0.101172
-0.101395
-0.101623
-0.101855
-0.102089
-0.102325
-0.102563
-0.1028
-0.103037
-0.103272
-0.103503
-0.103732
-0.103955
-0.104173
-0.104385
-0.10459
-0.104786
-0.104974
-0.105152
-0.105319
-0.105475
-0.10562
-0.105752
-0.105872
-0.105979
-0.106071
-0.10615
-0.106214
-0.106263
-0.106298
-0.106317
-0.106322
-0.106312
-0.106286
-0.106245
-0.10619
-0.10612
-0.106036
-0.105937
-0.105825
-0.105699
-0.105561
-0.105411
-0.105249
-0.105076
-0.104892
-0.104699
-0.104497
-0.104287
-0.104069
-0.103845
-0.103616
-0.103381
-0.103143
-0.102902
-0.10266
-0.102416
-0.102172
-0.10193
-0.101689
-0.101451
-0.101218
-0.100988
-0.100765
-0.100548
-0.100339
-0.100137
-0.0999454
-0.0997632
-0.0995915
-0.0994311
-0.0992826
-0.0991464
-0.0990236
-0.0989143
-0.098819
-0.0987381
-0.098672
-0.098621
-0.098585
-0.0985646
-0.0985597
-0.0985703
-0.0985965
-0.098638
-0.0986947
-0.0987665
-0.0988531
-0.0989542
-0.0990694
-0.0991982
-0.0993401
-0.0994945
-0.0996609
-0.0998387
-0.100027
-0.100225
-0.100432
-0.100648
-0.100871
-0.1011
-0.101336
-0.101576
-0.10182
-0.102067
-0.102316
-0.102566
-0.102816
-0.103065
-0.103312
-0.103556
-0.103796
-0.104032
-0.104261
-0.104485
-0.1047
-0.104906
-0.105103
-0.105291
-0.105467
-0.105631
-0.105784
-0.105923
-0.106049
-0.10616
-0.106258
-0.10634
-0.106408
-0.10646
-0.106496
-0.106517
-0.106522
-0.10651
-0.106483
-0.106441
-0.106382
-0.106308
-0.106219
-0.106116
-0.105998
-0.105866
-0.10572
-0.105562
-0.105391
-0.105209
-0.105016
-0.104813
-0.1046
-0.104379
-0.10415
-0.103915
-0.103673
-0.103427
-0.103177
-0.102923
-0.102668
-0.102412
-0.102156
-0.101901
-0.101648
-0.101398
-0.101152
-0.100911
-0.100676
-0.100448
-0.100228
-0.100017
-0.0998151
-0.0996237
-0.0994434
-0.0992746
-0.0991188
-0.098976
-0.0988468
-0.0987319
-0.0986318
-0.0985467
-0.0984771
-0.0984235
-0.0983859
-0.0983646
-0.0983596
-0.0983709
-0.0983985
-0.0984421
-0.0985019
-0.0985775
-0.0986686
-0.098775
-0.0988961
-0.0990315
-0.0991807
-0.099343
-0.0995179
-0.0997046
-0.0999025
-0.100111
-0.100329
-0.100555
-0.100789
-0.101031
-0.101278
-0.10153
-0.101787
-0.102046
-0.102308
-0.10257
-0.102833
-0.103094
-0.103354
-0.10361
-0.103862
-0.104109
-0.104349
-0.104583
-0.104809
-0.105026
-0.105233
-0.105429
-0.105615
-0.105787
-0.105947
-0.106093
-0.106226
-0.106343
-0.106445
-0.106532
-0.106603
-0.106657
-0.106695
-0.106717
-0.106722
-0.10671
-0.106682
-0.106637
-0.106575
-0.106498
-0.106404
-0.106295
-0.106171
-0.106032
-0.10588
-0.105713
-0.105534
-0.105343
-0.10514
-0.104927
-0.104704
-0.104472
-0.104232
-0.103985
-0.103731
-0.103473
-0.10321
-0.102945
-0.102677
-0.102408
-0.102139
-0.101872
-0.101606
-0.101344
-0.101086
-0.100834
-0.100588
-0.100349
-0.100118
-0.0998965
-0.0996848
-0.0994839
-0.0992949
-0.0991182
-0.0989546
-0.0988048
-0.0986695
-0.0985491
-0.0984441
-0.0983553
-0.0982826
-0.0982266
-0.0981874
-0.0981651
-0.0981599
-0.0981717
-0.0982007
-0.0982466
-0.0983093
-0.0983886
-0.0984843
-0.0985959
-0.098723
-0.0988651
-0.0990216
-0.0991919
-0.0993752
-0.0995709
-0.0997783
-0.0999966
-0.100225
-0.100462
-0.100708
-0.100961
-0.10122
-0.101485
-0.101753
-0.102025
-0.102299
-0.102574
-0.102849
-0.103123
-0.103395
-0.103663
-0.103927
-0.104186
-0.104438
-0.104683
-0.104919
-0.105146
-0.105363
-0.105569
-0.105762
-0.105943
-0.106111
-0.106264
-0.106402
-0.106525
-0.106632
-0.106723
-0.106797
-0.106854
-0.106894
-0.106916
-0.106921
-0.106909
-0.106879
-0.106832
-0.106767
-0.106686
-0.106588
-0.106474
-0.106344
-0.106199
-0.106039
-0.105865
-0.105677
-0.105477
-0.105265
-0.105041
-0.104807
-0.104564
-0.104313
-0.104054
-0.103789
-0.103518
-0.103243
-0.102965
-0.102685
-0.102404
-0.102123
-0.101843
-0.101565
-0.101291
-0.101021
-0.100757
-0.100499
-0.100249
-0.100008
-0.0997755
-0.0995542
-0.0993443
-0.0991466
-0.0989617
-0.0987908
-0.0986342
-0.0984925
-0.0983669
-0.0982572
-0.0981642
-0.0980882
-0.0980295
-0.0979883
-0.0979649
-0.0979595
-0.097972
-0.0980024
-0.0980505
-0.0981163
-0.0981993
-0.0982994
-0.0984161
-0.098549
-0.0986977
-0.0988615
-0.0990398
-0.0992318
-0.0994366
-0.0996536
-0.0998821
-0.100121
-0.10037
-0.100627
-0.100891
-0.101162
-0.101439
-0.10172
-0.102004
-0.102291
-0.102578
-0.102866
-0.103152
-0.103436
-0.103716
-0.103992
-0.104263
-0.104527
-0.104782
-0.105029
-0.105267
-0.105493
-0.105708
-0.10591
-0.106099
-0.106274
-0.106434
-0.106579
-0.106707
-0.106819
-0.106914
-0.106991
-0.107051
-0.107093
-0.107116
-0.107121
-0.107108
-0.107077
-0.107028
-0.10696
-0.106875
-0.106772
-0.106653
-0.106517
-0.106365
-0.106198
-0.106016
-0.10582
-0.105611
-0.105389
-0.105156
-0.104911
-0.104657
-0.104395
-0.104124
-0.103847
-0.103564
-0.103277
-0.102987
-0.102694
-0.1024
-0.102106
-0.101814
-0.101524
-0.101237
-0.100955
-0.100679
-0.10041
-0.100149
-0.0998971
-0.0996551
-0.099424
-0.0992048
-0.0989983
-0.0988055
-0.0986267
-0.0984634
-0.0983158
-0.0981845
-0.0980701
-0.097973
-0.0978936
-0.0978324
-0.0977896
-0.0977654
-0.0977599
-0.0977731
-0.0978049
-0.0978553
-0.097924
-0.0980108
-0.0981153
-0.0982371
-0.0983759
-0.098531
-0.0987019
-0.0988879
-0.0990882
-0.0993022
-0.099529
-0.0997675
-0.100017
-0.100276
-0.100544
-0.100821
-0.101104
-0.101392
-0.101685
-0.101982
-0.102281
-0.102582
-0.102882
-0.103181
-0.103477
-0.10377
-0.104058
-0.10434
-0.104615
-0.104882
-0.10514
-0.105387
-0.105624
-0.105848
-0.106059
-0.106256
-0.106438
-0.106605
-0.106756
-0.10689
-0.107007
-0.107105
-0.107186
-0.107248
-0.107292
-0.107316
-0.107321
-0.107308
-0.107275
-0.107223
-0.107153
-0.107064
-0.106957
-0.106832
-0.106691
-0.106532
-0.106358
-0.106168
-0.105963
-0.105745
-0.105513
-0.10527
-0.105015
-0.10475
-0.104476
-0.104194
-0.103905
-0.10361
-0.103311
-0.103008
-0.102702
-0.102396
-0.10209
-0.101785
-0.101482
-0.101184
-0.10089
-0.100602
-0.100322
-0.10005
-0.099787
-0.0995347
-0.0992938
-0.0990654
-0.0988501
-0.0986492
-0.0984634
-0.0982931
-0.0981392
-0.0980024
-0.0978832
-0.0977819
-0.0976994
-0.0976358
-0.0975914
-0.0975662
-0.0975603
-0.097574
-0.0976071
-0.0976596
-0.0977312
-0.0978217
-0.0979307
-0.0980579
-0.0982026
-0.0983644
-0.0985426
-0.0987365
-0.0989455
-0.0991685
-0.0994048
-0.0996534
-0.0999133
-0.100184
-0.100463
-0.100751
-0.101046
-0.101346
-0.101652
-0.101961
-0.102272
-0.102585
-0.102898
-0.103209
-0.103518
-0.103823
-0.104123
-0.104417
-0.104704
-0.104982
-0.10525
-0.105508
-0.105754
-0.105987
-0.106207
-0.106412
-0.106602
-0.106776
-0.106933
-0.107072
-0.107194
-0.107297
-0.107381
-0.107445
-0.10749
-0.107516
-0.107521
-0.107507
-0.107473
-0.107419
-0.107346
-0.107253
-0.107142
-0.107012
-0.106864
-0.106699
-0.106517
-0.106319
-0.106106
-0.105878
-0.105637
-0.105384
-0.105119
-0.104843
-0.104557
-0.104264
-0.103963
-0.103656
-0.103344
-0.103029
-0.102711
-0.102392
-0.102073
-0.101756
-0.101441
-0.10113
-0.100824
-0.100525
-0.100233
-0.0999501
-0.0996766
-0.099414
-0.0991633
-0.0989257
-0.098702
-0.098493
-0.0982996
-0.0981225
-0.0979625
-0.0978201
-0.0976963
-0.0975912
-0.0975054
-0.0974393
-0.097393
-0.0973668
-0.0973606
-0.097375
-0.0974095
-0.0974641
-0.0975387
-0.0976329
-0.0977464
-0.0978786
-0.0980292
-0.0981975
-0.0983829
-0.0985846
-0.0988019
-0.099034
-0.0992797
-0.0995385
-0.099809
-0.10009
-0.100381
-0.100681
-0.100987
-0.1013
-0.101618
-0.101939
-0.102264
-0.102589
-0.102914
-0.103238
-0.103559
-0.103876
-0.104188
-0.104494
-0.104792
-0.105081
-0.10536
-0.105628
-0.105884
-0.106127
-0.106355
-0.106569
-0.106766
-0.106947
-0.10711
-0.107255
-0.107381
-0.107488
-0.107576
-0.107643
-0.107689
-0.107716
-0.107721
-0.107706
-0.107671
-0.107614
-0.107538
-0.107442
-0.107326
-0.107191
-0.107037
-0.106865
-0.106676
-0.106471
-0.106249
-0.106013
-0.105762
-0.105498
-0.105222
-0.104936
-0.104639
-0.104333
-0.104021
-0.103702
-0.103377
-0.10305
-0.102719
-0.102388
-0.102057
-0.101727
-0.1014
-0.101077
-0.100759
-0.100448
-0.100145
-0.0998503
-0.0995662
-0.0992934
-0.0990332
-0.0987863
-0.0985538
-0.0983366
-0.0981358
-0.0979518
-0.0977858
-0.0976381
-0.0975093
-0.0974004
-0.097311
-0.0972424
-0.0971942
-0.0971672
-0.0971611
-0.097176
-0.0972118
-0.0972686
-0.0973461
-0.0974439
-0.0975618
-0.0976993
-0.0978558
-0.0980308
-0.0982235
-0.0984332
-0.0986589
-0.0989
-0.0991555
-0.0994242
-0.0997052
-0.0999973
-0.1003
-0.10061
-0.100929
-0.101254
-0.101585
-0.101919
-0.102255
-0.102593
-0.102932
-0.103268
-0.103602
-0.103932
-0.104256
-0.104573
-0.104882
-0.105182
-0.105472
-0.10575
-0.106015
-0.106267
-0.106503
-0.106725
-0.10693
-0.107117
-0.107286
-0.107437
-0.107568
-0.107679
-0.107769
-0.107839
-0.107888
-0.107915
-0.107921
-0.107906
-0.107869
-0.10781
-0.107731
-0.107631
-0.107511
-0.10737
-0.107211
-0.107032
-0.106836
-0.106622
-0.106392
-0.106147
-0.105886
-0.105613
-0.105326
-0.105028
-0.10472
-0.104403
-0.104079
-0.103747
-0.103411
-0.103071
-0.102728
-0.102384
-0.10204
-0.101698
-0.101358
-0.101023
-0.100693
-0.100371
-0.100056
-0.0997507
-0.0994559
-0.099173
-0.0989028
-0.0986467
-0.0984056
-0.0981803
-0.097972
-0.0977813
-0.097609
-0.0974558
-0.0973223
-0.0972092
-0.0971165
-0.0970454
-0.0969956
-0.0969675
-0.0969612
-0.0969767
-0.0970139
-0.0970726
-0.0971531
-0.0972547
-0.097377
-0.0975196
-0.0976819
-0.0978634
-0.0980632
-0.0982807
-0.0985151
-0.0987653
-0.0990305
-0.0993094
-0.099601
-0.099904
-0.100218
-0.10054
-0.100871
-0.101208
-0.101551
-0.101897
-0.102247
-0.102598
-0.102949
-0.103299
-0.103645
-0.103987
-0.104323
-0.104652
-0.104972
-0.105283
-0.105583
-0.105871
-0.106146
-0.106407
-0.106652
-0.106881
-0.107093
-0.107287
-0.107463
-0.107619
-0.107754
-0.10787
-0.107964
-0.108036
-0.108086
-0.108115
-0.108121
-0.108105
-0.108066
-0.108006
-0.107924
-0.10782
-0.107695
-0.10755
-0.107384
-0.107199
-0.106995
-0.106774
-0.106535
-0.10628
-0.10601
-0.105727
-0.10543
-0.105121
-0.104802
-0.104473
-0.104136
-0.103793
-0.103444
-0.103092
-0.102737
-0.10238
-0.102024
-0.101669
-0.101317
-0.10097
-0.100628
-0.100293
-0.0999673
-0.0996509
-0.0993456
-0.0990524
-0.0987725
-0.098507
-0.0982573
-0.098024
-0.0978082
-0.0976106
-0.0974323
-0.0972736
-0.0971351
-0.0970181
-0.0969226
-0.096849
-0.0967975
-0.0967685
-0.0967621
-0.096778
-0.0968168
-0.0968779
-0.0969613
-0.0970666
-0.0971933
-0.097341
-0.0975092
-0.0976972
-0.0979043
-0.0981297
-0.0983724
-0.0986316
-0.0989062
-0.099195
-0.0994971
-0.0998113
-0.100136
-0.10047
-0.100813
-0.101162
-0.101517
-0.101876
-0.102238
-0.102602
-0.102966
-0.103328
-0.103687
-0.104041
-0.104389
-0.10473
-0.105062
-0.105384
-0.105694
-0.105993
-0.106278
-0.106547
-0.106802
-0.107039
-0.107258
-0.107459
-0.10764
-0.107801
-0.107942
-0.108061
-0.108158
-0.108233
-0.108285
-0.108314
-0.108321
-0.108304
-0.108264
-0.108202
-0.108116
-0.108009
-0.10788
-0.107729
-0.107558
-0.107366
-0.107155
-0.106926
-0.106678
-0.106415
-0.106135
-0.105841
-0.105534
-0.105214
-0.104883
-0.104543
-0.104195
-0.103839
-0.103478
-0.103113
-0.102745
-0.102376
-0.102007
-0.10164
-0.101275
-0.100916
-0.100562
-0.100216
-0.0998785
-0.0995511
-0.0992351
-0.0989317
-0.0986423
-0.0983677
-0.0981091
-0.0978678
-0.0976445
-0.0974401
-0.0972555
-0.0970914
-0.0969486
-0.0968275
-0.0967284
-0.0966523
-0.0965991
-0.096569
-0.0965626
-0.0965795
-0.0966197
-0.0966829
-0.0967692
-0.096878
-0.097009
-0.097162
-0.0973362
-0.0975308
-0.0977451
-0.0979783
-0.0982294
-0.0984976
-0.0987817
-0.0990808
-0.0993934
-0.0997185
-0.100055
-0.100401
-0.100755
-0.101117
-0.101484
-0.101856
-0.102231
-0.102607
-0.102984
-0.103359
-0.10373
-0.104096
-0.104455
-0.104807
-0.10515
-0.105483
-0.105805
-0.106113
-0.106407
-0.106686
-0.106949
-0.107194
-0.107421
-0.107629
-0.107817
-0.107983
-0.108129
-0.108252
-0.108352
-0.10843
-0.108484
-0.108514
-0.108521
-0.108503
-0.108462
-0.108397
-0.108309
-0.108198
-0.108064
-0.107908
-0.107731
-0.107533
-0.107314
-0.107077
-0.106821
-0.106548
-0.106259
-0.105955
-0.105637
-0.105307
-0.104965
-0.104613
-0.104253
-0.103885
-0.103512
-0.103134
-0.102754
-0.102372
-0.101991
-0.101611
-0.101235
-0.100863
-0.100497
-0.100139
-0.0997901
-0.0994516
-0.099125
-0.0988114
-0.0985121
-0.0982283
-0.0979611
-0.0977116
-0.0974806
-0.0972695
-0.0970788
-0.0969092
-0.0967615
-0.0966361
-0.0965339
-0.096455
-0.0964002
-0.0963693
-0.0963626
-0.0963802
-0.0964217
-0.0964873
-0.0965764
-0.0966892
-0.096825
-0.0969832
-0.0971631
-0.0973642
-0.0975857
-0.0978267
-0.0980864
-0.0983636
-0.0986573
-0.0989664
-0.0992895
-0.0996255
-0.0999729
-0.10033
-0.100697
-0.10107
-0.10145
-0.101835
-0.102222
-0.102611
-0.103
-0.103386
-0.10377
-0.104149
-0.104522
-0.104885
-0.10524
-0.105583
-0.105915
-0.106234
-0.106538
-0.106826
-0.107098
-0.107351
-0.107585
-0.1078
-0.107993
-0.108166
-0.108316
-0.108443
-0.108547
-0.108627
-0.108682
-0.108713
-0.10872
-0.108702
-0.108659
-0.108593
-0.108501
-0.108387
-0.108248
-0.108087
-0.107904
-0.107699
-0.107474
-0.107228
-0.106964
-0.106682
-0.106384
-0.10607
-0.105741
-0.1054
-0.105046
-0.104683
-0.10431
-0.103931
-0.103545
-0.103155
-0.102762
-0.102368
-0.101974
-0.101582
-0.101193
-0.100809
-0.100432
-0.100062
-0.0997016
-0.099352
-0.0990146
-0.0986907
-0.0983817
-0.0980887
-0.0978127
-0.0975551
-0.0973168
-0.0970987
-0.0969018
-0.0967266
-0.0965741
-0.0964444
-0.0963391
-0.096258
-0.0962013
-0.0961695
-0.0961627
-0.0961808
-0.0962238
-0.0962916
-0.096384
-0.0965006
-0.096641
-0.0968043
-0.0969902
-0.0971978
-0.0974266
-0.0976755
-0.0979436
-0.0982299
-0.0985332
-0.0988523
-0.0991859
-0.0995328
-0.0998915
-0.100261
-0.100639
-0.101024
-0.101416
-0.101813
-0.102213
-0.102614
-0.103015
-0.103414
-0.103811
-0.104202
-0.104586
-0.104961
-0.105328
-0.105683
-0.106026
-0.106355
-0.106669
-0.106966
-0.107247
-0.107508
-0.10775
-0.107971
-0.108171
-0.108349
-0.108504
-0.108635
-0.108742
-0.108824
-0.108881
-0.108913
-0.10892
-0.108901
-0.108857
-0.108788
-0.108694
-0.108575
-0.108432
-0.108266
-0.108077
-0.107866
-0.107633
-0.10738
-0.107107
-0.106816
-0.106508
-0.106184
-0.105845
-0.105492
-0.105128
-0.104753
-0.104368
-0.103976
-0.103579
-0.103176
-0.102771
-0.102364
-0.101957
-0.101553
-0.101152
-0.100755
-0.100366
-0.0999844
-0.0996127
-0.099252
-0.0989039
-0.0985699
-0.098251
-0.0979488
-0.0976642
-0.0973985
-0.0971526
-0.0969275
-0.0967244
-0.0965434
-0.0963863
-0.0962529
-0.0961441
-0.0960603
-0.0960019
-0.0959692
-0.0959622
-0.0959812
-0.0960259
-0.0960962
-0.0961918
-0.0963121
-0.0964569
-0.0966254
-0.0968172
-0.0970315
-0.0972675
-0.0975242
-0.0978008
-0.0980961
-0.098409
-0.0987382
-0.0990823
-0.0994401
-0.0998101
-0.100191
-0.100581
-0.100979
-0.101384
-0.101793
-0.102205
-0.102618
-0.10303
-0.103443
-0.103852
-0.104255
-0.104651
-0.105039
-0.105417
-0.105783
-0.106136
-0.106475
-0.106799
-0.107106
-0.107395
-0.107664
-0.107914
-0.108142
-0.108348
-0.108531
-0.10869
-0.108825
-0.108935
-0.10902
-0.109079
-0.109112
-0.109119
-0.1091
-0.109054
-0.108983
-0.108886
-0.108764
-0.108617
-0.108445
-0.10825
-0.108032
-0.107792
-0.107531
-0.10725
-0.10695
-0.106632
-0.106298
-0.105948
-0.105585
-0.105209
-0.104822
-0.104426
-0.104022
-0.103612
-0.103197
-0.102779
-0.10236
-0.101941
-0.101524
-0.101111
-0.100702
-0.100301
-0.0999077
-0.0995245
-0.0991528
-0.0987939
-0.0984496
-0.0981211
-0.0978096
-0.0975164
-0.0972424
-0.0969888
-0.0967567
-0.0965473
-0.0963612
-0.0961991
-0.0960618
-0.0959498
-0.0958635
-0.0958034
-0.09577
-0.0957631
-0.0957828
-0.095829
-0.0959016
-0.0960002
-0.0961241
-0.0962734
-0.0964473
-0.0966448
-0.0968656
-0.0971087
-0.0973733
-0.0976582
-0.0979625
-0.0982849
-0.0986241
-0.0989788
-0.0993475
-0.0997288
-0.100121
-0.100523
-0.100934
-0.10135
-0.101772
-0.102196
-0.102622
-0.103048
-0.103473
-0.103893
-0.104309
-0.104717
-0.105117
-0.105506
-0.105883
-0.106248
-0.106597
-0.10693
-0.107246
-0.107544
-0.107821
-0.108078
-0.108313
-0.108525
-0.108713
-0.108877
-0.109016
-0.10913
-0.109217
-0.109278
-0.109312
-0.109319
-0.109299
-0.109252
-0.109179
-0.109079
-0.108953
-0.108801
-0.108624
-0.108423
-0.108198
-0.107951
-0.107682
-0.107393
-0.107083
-0.106756
-0.106412
-0.106052
-0.105677
-0.10529
-0.104892
-0.104484
-0.104068
-0.103645
-0.103218
-0.102788
-0.102356
-0.101925
-0.101495
-0.101069
-0.100649
-0.100235
-0.0998303
-0.0994356
-0.0990528
-0.0986834
-0.0983288
-0.0979905
-0.0976697
-0.0973678
-0.0970856
-0.096825
-0.0965861
-0.0963706
-0.096179
-0.096012
-0.0958707
-0.0957552
-0.0956665
-0.0956046
-0.09557
-0.0955627
-0.0955828
-0.0956303
-0.0957048
-0.0958063
-0.0959342
-0.0960879
-0.096267
-0.0964706
-0.0966981
-0.0969484
-0.097221
-0.0975146
-0.097828
-0.0981599
-0.0985091
-0.0988742
-0.0992538
-0.0996465
-0.100051
-0.100465
-0.100887
-0.101317
-0.101751
-0.102188
-0.102627
-0.103065
-0.103501
-0.103934
-0.104361
-0.104782
-0.105193
-0.105594
-0.105982
