-0.0788807
-0.0788814
-0.078882
-0.0788826
-0.0788831
-0.0788837
-0.0788843
-0.0788849
-0.0788856
-0.0788862
-0.0788869
-0.0788876
-0.0788883
-0.0788891
-0.0788899
-0.0788906
-0.0788915
-0.0788923
-0.0788931
-0.078894
-0.0788948
-0.0788957
-0.0788966
-0.0788974
-0.0788983
-0.0788992
-0.0789001
-0.0789009
-0.0789018
-0.0789027
-0.0789036
-0.0789045
-0.0789054
-0.0789063
-0.0789072
-0.078908
-0.0789089
-0.0789098
-0.0789107
-0.0789115
-0.0789123
-0.0789131
-0.0789139
-0.0789147
-0.0789154
-0.0789162
-0.0789169
-0.0789176
-0.0789182
-0.0789189
-0.0789195
-0.07892
-0.0789206
-0.078921
-0.0789215
-0.0789219
-0.0789223
-0.0789227
-0.0789231
-0.0789233
-0.0789236
-0.0789239
-0.0789241
-0.0789242
-0.0789243
-0.0789244
-0.0789245
