7.69006e-07
1.53666e-06
2.30163e-06
3.06256e-06
3.81811e-06
4.56695e-06
5.30776e-06
6.0392e-06
6.75998e-06
7.46878e-06
8.16433e-06
8.84535e-06
9.51057e-06
1.01587e-05
1.07886e-05
1.13991e-05
1.19888e-05
1.25567e-05
1.31016e-05
1.36224e-05
1.41179e-05
1.45872e-05
1.5029e-05
1.54425e-05
1.58266e-05
1.61803e-05
1.65028e-05
1.6793e-05
1.70501e-05
1.72733e-05
1.74618e-05
1.76147e-05
1.77314e-05
1.78112e-05
1.78533e-05
1.78572e-05
1.78222e-05
1.77478e-05
1.76336e-05
1.74789e-05
1.72835e-05
1.70468e-05
1.67687e-05
1.64487e-05
1.60866e-05
1.56822e-05
1.52353e-05
1.47458e-05
1.42136e-05
1.36387e-05
1.3021e-05
1.23607e-05
1.16578e-05
1.09125e-05
1.01249e-05
9.29532e-06
8.42402e-06
7.51132e-06
6.55758e-06
5.56323e-06
4.52873e-06
3.45458e-06
2.34134e-06
1.1896e-06
1.33974e-12
-1.22677e-06
-2.49e-06
-3.7889e-06
-5.12266e-06
-6.49044e-06
-7.89132e-06
-9.32439e-06
-1.07887e-05
-1.22831e-05
-1.38067e-05
-1.53583e-05
-1.69368e-05
-1.8541e-05
-2.01698e-05
-2.18218e-05
-2.34959e-05
-2.51907e-05
-2.69048e-05
-2.8637e-05
-3.03857e-05
-3.21497e-05
-3.39273e-05
-3.57172e-05
-3.75178e-05
-3.93276e-05
-4.1145e-05
-4.29684e-05
-4.47963e-05
-4.66271e-05
-4.8459e-05
-5.02904e-05
-5.21197e-05
-5.39452e-05
-5.57651e-05
-5.75777e-05
-5.93815e-05
-6.11744e-05
-6.2955e-05
-6.47214e-05
-6.64718e-05
-6.82045e-05
-6.99177e-05
-7.16098e-05
-7.32789e-05
-7.49232e-05
-7.65411e-05
-7.81307e-05
-7.96904e-05
-8.12184e-05
-8.2713e-05
-8.41724e-05
-8.55951e-05
-8.69792e-05
-8.83232e-05
-8.96254e-05
-9.08841e-05
-9.20978e-05
-9.32649e-05
-9.43837e-05
-9.54528e-05
-9.64706e-05
-9.74357e-05
-9.83466e-05
-9.92018e-05
-0.0001
-0.00010074
-0.00010142
-0.000102039
-0.000102596
-0.000103089
-0.000103518
-0.00010388
-0.000104176
-0.000104404
-0.000104563
-0.000104652
-0.00010467
-0.000104616
-0.00010449
-0.00010429
-0.000104017
-0.000103668
-0.000103244
-0.000102744
-0.000102168
-0.000101515
-0.000100784
-9.99758e-05
-9.90895e-05
-9.8125e-05
-9.7082e-05
-9.59605e-05
-9.47604e-05
-9.34817e-05
-9.21244e-05
-9.06887e-05
-8.91746e-05
-8.75826e-05
-8.59128e-05
-8.41656e-05
-8.23414e-05
-8.04407e-05
-7.84641e-05
-7.64121e-05
-7.42854e-05
-7.20847e-05
-6.98109e-05
-6.74647e-05
-6.5047e-05
-6.25589e-05
-6.00013e-05
-5.73754e-05
-5.46822e-05
-5.19231e-05
-4.90991e-05
-4.62118e-05
-4.32624e-05
-4.02524e-05
-3.71832e-05
-3.40565e-05
-3.08737e-05
-2.76367e-05
-2.4347e-05
-2.10065e-05
-1.76169e-05
-1.41801e-05
-1.06981e-05
-7.17269e-06
-3.60599e-06
-1.20577e-11
3.64314e-06
7.32132e-06
1.10324e-05
1.4774e-05
1.85441e-05
2.23402e-05
2.61601e-05
3.00013e-05
3.38615e-05
3.77382e-05
4.1629e-05
4.55313e-05
4.94427e-05
5.33606e-05
5.72823e-05
6.12054e-05
6.51271e-05
6.90449e-05
7.29561e-05
7.68581e-05
8.0748e-05
8.46233e-05
8.84812e-05
9.2319e-05
9.6134e-05
9.99235e-05
0.000103685
0.000107415
0.000111111
0.000114771
0.000118392
0.000121971
0.000125505
0.000128992
0.000132429
0.000135813
0.000139142
0.000142413
0.000145623
0.00014877
0.000151851
0.000154865
0.000157807
0.000160676
0.000163469
0.000166184
0.000168818
0.00017137
0.000173836
0.000176215
0.000178504
0.000180701
0.000182804
0.000184811
0.00018672
0.000188528
0.000190235
0.000191837
0.000193334
