7.69006e-07
1.53666e-06
2.30163e-06
3.06256e-06
3.81811e-06
4.56695e-06
5.30776e-06
6.0392e-06
6.75998e-06
7.46878e-06
8.16433e-06
8.84535e-06
9.51057e-06
1.01587e-05
1.07886e-05
1.13991e-05
1.19888e-05
1.25567e-05
1.31016e-05
1.36224e-05
1.41179e-05
1.45872e-05
1.5029e-05
1.54425e-05
1.58266e-05
1.61803e-05
1.65028e-05
1.6793e-05
1.70501e-05
1.72733e-05
1.74618e-05
1.76147e-05
1.77314e-05
1.78112e-05
1.78533e-05
1.78572e-05
1.78222e-05
1.77478e-05
1.76336e-05
1.74789e-05
1.72835e-05
1.70468e-05
1.67687e-05
1.64487e-05
1.60866e-05
1.56822e-05
1.52353e-05
1.47458e-05
1.42136e-05
1.36387e-05
1.3021e-05
1.23607e-05
1.16578e-05
1.09125e-05
1.01249e-05
9.29532e-06
8.42402e-06
7.51132e-06
6.55758e-06
5.56323e-06
4.52873e-06
3.45458e-06
2.34134e-06
1.1896e-06
1.33974e-12
-1.22677e-06
-2.49e-06
-3.7889e-06
-5.12266e-06
-6.49044e-06
-7.89132e-06
-9.32439e-06
-1.07887e-05
-1.22831e-05
-1.38067e-05
-1.53583e-05
-1.69368e-05
-1.8541e-05
-2.01698e-05
-2.18218e-05
-2.34959e-05
-2.51907e-05
-2.69048e-05
-2.8637e-05
-3.03857e-05
-3.21497e-05
-3.39273e-05
-3.57172e-05
-3.75178e-05
-3.93276e-05
-4.1145e-05
-4.29684e-05
-4.47963e-05
-4.66271e-05
-4.8459e-05
-5.02904e-05
-5.21197e-05
-5.39452e-05
-5.57651e-05
-5.75777e-05
-5.93815e-05
-6.11744e-05
-6.2955e-05
-6.47214e-05
-6.64718e-05
-6.82045e-05
-6.99177e-05
-7.16098e-05
-7.32789e-05
-7.49232e-05
-7.65411e-05
-7.81307e-05
-7.96904e-05
-8.12184e-05
-8.2713e-05
-8.41724e-05
-8.55951e-05
-8.69792e-05
-8.83232e-05
-8.96254e-05
-9.08841e-05
-9.20978e-05
-9.32649e-05
-9.43837e-05
-9.54528e-05
-9.64706e-05
-9.74357e-05
-9.83466e-05
-9.92018e-05
-0.0001
-0.00010074
-0.00010142
-0.000102039
-0.000102596
-0.000103089
-0.000103518
-0.00010388
-0.000104176
-0.000104404
-0.000104563
-0.000104652
-0.00010467
-0.000104616
-0.00010449
-0.00010429
-0.000104017
-0.000103668
-0.000103244
-0.000102744
-0.000102168
-0.000101515
-0.000100784
-9.99758e-05
-9.90895e-05
-9.8125e-05
-9.7082e-05
-9.59605e-05
-9.47604e-05
-9.34817e-05
-9.21244e-05
-9.06887e-05
-8.91746e-05
-8.75826e-05
-8.59128e-05
-8.41656e-05
-8.23414e-05
-8.04407e-05
-7.84641e-05
-7.64121e-05
-7.42854e-05
-7.20847e-05
-6.98109e-05
-6.74647e-05
-6.5047e-05
-6.25589e-05
-6.00013e-05
-5.73754e-05
-5.46822e-05
-5.19231e-05
-4.90991e-05
-4.62118e-05
-4.32624e-05
-4.02524e-05
-3.71832e-05
-3.40565e-05
-3.08737e-05
-2.76367e-05
-2.4347e-05
-2.10065e-05
-1.76169e-05
-1.41801e-05
-1.06981e-05
-7.17269e-06
-3.60599e-06
-1.20577e-11
3.64314e-06
7.32132e-06
1.10324e-05
1.4774e-05
1.85441e-05
2.23402e-05
2.61601e-05
3.00013e-05
3.38615e-05
3.77382e-05
4.1629e-05
4.55313e-05
4.94427e-05
5.33606e-05
5.72823e-05
6.12054e-05
6.51271e-05
6.90449e-05
7.29561e-05
7.68581e-05
8.0748e-05
8.46233e-05
8.84812e-05
9.2319e-05
9.6134e-05
9.99235e-05
0.000103685
0.000107415
0.000111111
0.000114771
0.000118392
0.000121971
0.000125505
0.000128992
0.000132429
0.000135813
0.000139142
0.000142413
0.000145623
0.00014877
0.000151851
0.000154865
0.000157807
0.000160676
0.000163469
0.000166184
0.000168818
0.00017137
0.000173836
0.000176215
0.000178504
0.000180701
0.000182804
0.000184811
0.00018672
0.000188528
0.000190235
0.000191837
0.000193334
0.000194724
0.000196004
0.000197173
0.00019823
0.000199173
0.0002
0.000200711
0.000201303
0.000201776
0.000202129
0.00020236
0.000202468
0.000202453
0.000202313
0.000202048
0.000201657
0.000201139
0.000200495
0.000199722
0.000198821
0.000197792
0.000196634
0.000195347
0.000193932
0.000192387
0.000190714
0.000188912
0.000186981
0.000184923
0.000182737
0.000180423
0.000177984
0.000175418
0.000172728
0.000169913
0.000166975
0.000163916
0.000160735
0.000157434
0.000154014
0.000150478
0.000146826
0.000143059
0.00013918
0.000135191
0.000131092
0.000126886
0.000122575
0.000118161
0.000113645
0.000109031
0.00010432
9.95155e-05
9.46187e-05
8.96326e-05
8.45597e-05
7.94026e-05
7.41641e-05
6.8847e-05
6.3454e-05
5.79881e-05
5.24522e-05
4.68494e-05
4.11828e-05
3.54554e-05
2.96706e-05
2.38315e-05
1.79416e-05
1.2004e-05
6.02238e-06
3.34936e-11
-6.05949e-06
-1.21526e-05
-1.82758e-05
-2.44254e-05
-3.05977e-05
-3.67891e-05
-4.29958e-05
-4.9214e-05
-5.54399e-05
-6.16698e-05
-6.78997e-05
-7.41259e-05
-8.03444e-05
-8.65513e-05
-9.27428e-05
-9.89148e-05
-0.000105064
-0.000111185
-0.000117275
-0.00012333
-0.000129346
-0.000135319
-0.000141245
-0.00014712
-0.00015294
-0.000158702
-0.000164401
-0.000170033
-0.000175595
-0.000181083
-0.000186494
-0.000191822
-0.000197065
-0.000202219
-0.00020728
-0.000212245
-0.000217109
-0.000221871
-0.000226525
-0.000231069
-0.000235498
-0.000239811
-0.000244004
-0.000248072
-0.000252014
-0.000255826
-0.000259506
-0.000263049
-0.000266453
-0.000269716
-0.000272835
-0.000275806
-0.000278628
-0.000281298
-0.000283814
-0.000286172
-0.000288372
-0.00029041
-0.000292285
-0.000293995
-0.000295537
-0.00029691
-0.000298113
-0.000299143
-0.0003
-0.000300681
-0.000301186
-0.000301514
-0.000301662
-0.000301631
-0.000301419
-0.000301026
-0.00030045
-0.000299692
-0.000298751
-0.000297627
-0.000296319
-0.000294828
-0.000293152
-0.000291294
-0.000289251
-0.000287027
-0.000284619
-0.00028203
-0.000279259
-0.000276308
-0.000273178
-0.000269869
-0.000266384
-0.000262722
-0.000258885
-0.000254876
-0.000250695
-0.000246345
-0.000241827
-0.000237142
-0.000232294
-0.000227285
-0.000222116
-0.00021679
-0.00021131
-0.000205678
-0.000199897
-0.000193969
-0.000187898
-0.000181687
-0.000175339
-0.000168857
-0.000162244
-0.000155504
-0.00014864
-0.000141656
-0.000134555
-0.000127342
-0.00012002
-0.000112593
-0.000105066
-9.74415e-05
-8.97247e-05
-8.19197e-05
-7.40306e-05
-6.60621e-05
-5.80185e-05
-4.99044e-05
-4.17243e-05
-3.3483e-05
-2.51851e-05
-1.68354e-05
-8.43879e-06
-6.56475e-11
8.47583e-06
1.69839e-05
2.55193e-05
3.40768e-05
4.26514e-05
5.1238e-05
5.98314e-05
6.84266e-05
7.70183e-05
8.56013e-05
9.41704e-05
0.00010272
0.000111246
0.000119742
0.000128203
0.000136624
0.000145
0.000153325
0.000161594
0.000169803
0.000177945
0.000186015
0.000194009
0.000201921
0.000209747
0.00021748
0.000225117
0.000232652
0.00024008
0.000247396
0.000254595
0.000261673
0.000268625
0.000275446
0.000282131
0.000288676
0.000295077
0.000301328
0.000307426
0.000313367
0.000319145
0.000324758
0.000330201
0.000335469
0.00034056
0.000345469
0.000350193
0.000354728
0.000359071
0.000363218
0.000367166
0.000370912
0.000374453
0.000377786
0.000380908
0.000383816
0.000386509
0.000388983
0.000391236
0.000393265
0.00039507
0.000396648
0.000397996
0.000399114
0.0004
0.000400652
0.00040107
0.000401251
0.000401195
0.000400902
0.00040037
0.000399598
0.000398587
0.000397336
0.000395846
0.000394115
0.000392144
0.000389933
0.000387483
0.000384795
0.000381869
0.000378706
0.000375307
0.000371672
0.000367805
0.000363705
0.000359375
0.000354816
0.000350031
0.00034502
0.000339787
0.000334334
0.000328663
0.000322776
0.000316678
0.000310369
0.000303854
0.000297136
0.000290218
0.000283102
0.000275794
0.000268296
0.000260613
0.000252748
0.000244705
0.000236489
0.000228103
0.000219553
0.000210842
0.000201976
0.000192959
0.000183796
0.000174492
0.000165052
0.000155481
0.000145784
0.000135968
0.000126036
0.000115996
0.000105851
9.56091e-05
8.52748e-05
7.48542e-05
6.43533e-05
5.3778e-05
4.31344e-05
3.24286e-05
2.16668e-05
1.08552e-05
1.08519e-10
-1.08922e-05
-2.18152e-05
-3.27627e-05
-4.37281e-05
-5.4705e-05
-6.56868e-05
-7.66671e-05
-8.76392e-05
-9.85967e-05
-0.000109533
-0.000120441
-0.000131315
-0.000142148
-0.000152933
-0.000163664
-0.000174334
-0.000184936
-0.000195465
-0.000205914
-0.000216275
-0.000226543
-0.000236711
-0.000246773
-0.000256723
-0.000266553
-0.000276259
-0.000285833
-0.00029527
-0.000304564
-0.000313708
-0.000322697
-0.000331524
-0.000340185
-0.000348672
-0.000356982
-0.000365108
-0.000373044
-0.000380786
-0.000388328
-0.000395665
-0.000402792
-0.000409705
-0.000416398
-0.000422866
-0.000429106
-0.000435112
-0.00044088
-0.000446407
-0.000451688
-0.000456719
-0.000461497
-0.000466018
-0.000470278
-0.000474273
-0.000478002
-0.000481461
-0.000484646
-0.000487555
-0.000490186
-0.000492536
-0.000494603
-0.000496385
-0.000497879
-0.000499085
-0.0005
-0.000500623
-0.000500953
-0.000500988
-0.000500728
-0.000500173
-0.00049932
-0.000498171
-0.000496724
-0.000494981
-0.00049294
-0.000490602
-0.000487968
-0.000485039
-0.000481815
-0.000478297
-0.000474486
-0.000470385
-0.000465994
-0.000461315
-0.00045635
-0.000451102
-0.000445572
-0.000439763
-0.000433678
-0.000427319
-0.000420689
-0.000413792
-0.00040663
-0.000399208
-0.000391529
-0.000383596
-0.000375414
-0.000366987
-0.000358319
-0.000349415
-0.000340278
-0.000330915
-0.000321329
-0.000311526
-0.000301511
-0.00029129
-0.000280867
-0.000270249
-0.000259441
-0.000248448
-0.000237278
-0.000225936
-0.000214428
-0.000202761
-0.000190941
-0.000178975
-0.000166869
-0.000154631
-0.000142266
-0.000129783
-0.000117188
-0.000104488
-9.169e-05
-7.88023e-05
-6.58317e-05
-5.27859e-05
-3.96721e-05
-2.64982e-05
-1.32716e-05
-1.62109e-10
1.33085e-05
2.66465e-05
4.00061e-05
5.33795e-05
6.67586e-05
8.01357e-05
9.35027e-05
0.000106852
0.000120175
0.000133464
0.000146712
0.000159909
0.000173049
0.000186124
0.000199124
0.000212043
0.000224873
0.000237605
0.000250233
0.000262747
0.000275141
0.000287407
0.000299537
0.000311524
0.00032336
0.000335037
0.00034655
0.000357889
0.000369048
0.00038002
0.000390798
0.000401375
0.000411745
0.000421899
0.000431833
0.000441539
0.000451012
0.000460244
0.00046923
0.000477964
0.000486439
0.000494652
0.000502595
0.000510263
0.000517651
0.000524754
0.000531568
0.000538086
0.000544306
0.000550221
0.000555828
0.000561123
0.000566102
0.000570761
0.000575096
0.000579105
0.000582783
0.000586128
0.000589137
0.000591807
0.000594136
0.000596122
0.000597763
0.000599056
0.0006
0.000600594
0.000600836
0.000600726
0.000600262
0.000599443
0.000598271
0.000596743
0.000594861
0.000592625
0.000590034
0.00058709
0.000583793
0.000580145
0.000576146
0.000571798
0.000567104
0.000562064
0.000556681
0.000550958
0.000544896
0.000538499
0.000531769
0.00052471
0.000517325
0.000509617
0.000501591
0.00049325
0.000484598
0.00047564
0.00046638
0.000456823
0.000446974
0.000436838
0.000426421
0.000415727
0.000404763
0.000393533
0.000382046
0.000370305
0.000358318
0.000346091
0.000333631
0.000320945
0.000308039
0.000294921
0.000281597
0.000268076
0.000254365
0.000240471
0.000226402
0.000212166
0.000197771
0.000183225
0.000168537
0.000153715
0.000138766
0.0001237
0.000108526
9.32512e-05
7.78855e-05
6.24373e-05
4.69157e-05
3.13296e-05
1.56881e-05
2.26417e-10
-1.57248e-05
-3.14778e-05
-4.72495e-05
-6.30308e-05
-7.88122e-05
-9.45845e-05
-0.000110338
-0.000126064
-0.000141753
-0.000157396
-0.000172982
-0.000188504
-0.000203951
-0.000219314
-0.000234585
-0.000249753
-0.000264809
-0.000279745
-0.000294552
-0.000309219
-0.00032374
-0.000338103
-0.000352301
-0.000366325
-0.000380166
-0.000393816
-0.000407266
-0.000420507
-0.000433532
-0.000446332
-0.0004589
-0.000471226
-0.000483304
-0.000495126
-0.000506684
-0.000517971
-0.000528979
-0.000539701
-0.000550131
-0.000560262
-0.000570086
-0.000579598
-0.000588791
-0.00059766
-0.000606197
-0.000614397
-0.000622255
-0.000629766
-0.000636923
-0.000643723
-0.000650159
-0.000656229
-0.000661927
-0.000667248
-0.00067219
-0.000676749
-0.00068092
-0.0006847
-0.000688087
-0.000691078
-0.00069367
-0.00069586
-0.000697646
-0.000699027
-0.0007
-0.000700565
-0.000700719
-0.000700463
-0.000699795
-0.000698714
-0.000697221
-0.000695316
-0.000692998
-0.000690269
-0.000687128
-0.000683577
-0.000679618
-0.00067525
-0.000670477
-0.0006653
-0.000659721
-0.000653743
-0.000647369
-0.000640601
-0.000633442
-0.000625896
-0.000617966
-0.000609657
-0.000600972
-0.000591915
-0.000582492
-0.000572707
-0.000562565
-0.000552071
-0.000541231
-0.00053005
-0.000518534
-0.00050669
-0.000494522
-0.000482039
-0.000469247
-0.000456152
-0.000442762
-0.000429083
-0.000415124
-0.000400892
-0.000386395
-0.000371641
-0.000356637
-0.000341393
-0.000325917
-0.000310216
-0.000294301
-0.00027818
-0.000261862
-0.000245357
-0.000228673
-0.00021182
-0.000194808
-0.000177646
-0.000160345
-0.000142913
-0.000125362
-0.0001077
-8.99392e-05
-7.20888e-05
-5.41592e-05
-3.6161e-05
-1.81045e-05
-3.01442e-10
1.81411e-05
3.63091e-05
5.4493e-05
7.26821e-05
9.08658e-05
0.000109033
0.000127174
0.000145277
0.000163332
0.000181327
0.000199253
0.000217098
0.000234853
0.000252505
0.000270045
0.000287462
0.000304746
0.000321885
0.000338871
0.000355692
0.000372338
0.000388799
0.000405065
0.000421126
0.000436973
0.000452594
0.000467982
0.000483126
0.000498016
0.000512645
0.000527001
0.000541077
0.000554864
0.000568353
0.000581535
0.000594402
0.000606946
0.000619159
0.000631033
0.00064256
0.000653733
0.000664545
0.000674988
0.000685056
0.000694742
0.00070404
0.000712943
0.000721445
0.000729541
0.000737224
0.000744491
0.000751335
0.000757751
0.000763736
0.000769285
0.000774393
0.000779057
0.000783273
0.000787038
0.000790349
0.000793203
0.000795597
0.000797529
0.000798997
0.0008
0.000800535
0.000800602
0.0008002
0.000799328
0.000797985
0.000796172
0.000793889
0.000791135
0.000787913
0.000784222
0.000780065
0.000775442
0.000770356
0.000764808
0.000758802
0.000752339
0.000745423
0.000738056
0.000730243
0.000721987
0.000713293
0.000704163
0.000694604
0.000684619
0.000674214
0.000663394
0.000652165
0.000640533
0.000628503
0.000616082
0.000603277
0.000590094
0.000576541
0.000562624
0.000548352
0.000533731
0.000518771
0.000503478
0.000487862
0.000471931
0.000455694
0.000439159
0.000422337
0.000405236
0.000387865
0.000370236
0.000352356
0.000334238
0.00031589
0.000297323
0.000278548
0.000259575
0.000240415
0.000221079
0.000201578
0.000181923
0.000162126
0.000142197
0.000122149
0.000101993
8.17402e-05
6.14028e-05
4.09924e-05
2.0521e-05
3.87186e-10
-2.05574e-05
-4.11403e-05
-6.17363e-05
-8.23334e-05
-0.000102919
-0.000123482
-0.00014401
-0.00016449
-0.00018491
-0.000205259
-0.000225524
-0.000245693
-0.000265754
-0.000285696
-0.000305505
-0.000325171
-0.000344682
-0.000364025
-0.00038319
-0.000402164
-0.000420936
-0.000439495
-0.000457829
-0.000475927
-0.000493779
-0.000511373
-0.000528698
-0.000545744
-0.000562501
-0.000578957
-0.000595103
-0.000610928
-0.000626424
-0.00064158
-0.000656386
-0.000670834
-0.000684914
-0.000698617
-0.000711935
-0.000724859
-0.00073738
-0.000749492
-0.000761185
-0.000772453
-0.000783288
-0.000793682
-0.00080363
-0.000813124
-0.000822158
-0.000830726
-0.000838822
-0.00084644
-0.000853576
-0.000860224
-0.000866379
-0.000872037
-0.000877194
-0.000881846
-0.000885989
-0.00088962
-0.000892736
-0.000895334
-0.000897412
-0.000898968
-0.0009
-0.000900506
-0.000900486
-0.000899937
-0.000898861
-0.000897256
-0.000895123
-0.000892461
-0.000889272
-0.000885557
-0.000881317
-0.000876552
-0.000871267
-0.000865462
-0.00085914
-0.000852303
-0.000844956
-0.000837102
-0.000828744
-0.000819886
-0.000810533
-0.000800689
-0.00079036
-0.00077955
-0.000768266
-0.000756512
-0.000744296
-0.000731623
-0.0007185
-0.000704935
-0.000690933
-0.000676504
-0.000661654
-0.000646392
-0.000630726
-0.000614664
-0.000598216
-0.000581389
-0.000564194
-0.000546641
-0.000528738
-0.000510495
-0.000491923
-0.000473033
-0.000453834
-0.000434338
-0.000414555
-0.000394497
-0.000374174
-0.000353599
-0.000332783
-0.000311739
-0.000290476
-0.000269009
-0.00024735
-0.000225509
-0.000203502
-0.000181339
-0.000159033
-0.000136598
-0.000114047
-9.13917e-05
-6.86464e-05
-4.58239e-05
-2.29375e-05
-4.83647e-10
2.29737e-05
4.59716e-05
6.89797e-05
9.19847e-05
0.000114973
0.000137931
0.000160845
0.000183702
0.000206488
0.00022919
0.000251794
0.000274287
0.000296656
0.000318886
0.000340966
0.000362881
0.000384618
0.000406165
0.000427509
0.000448636
0.000469534
0.000490191
0.000510593
0.000530729
0.000550585
0.000570151
0.000589414
0.000608363
0.000626985
0.000645269
0.000663204
0.00068078
0.000697984
0.000714807
0.000731237
0.000747265
0.000762881
0.000778075
0.000792836
0.000807157
0.000821027
0.000834439
0.000847382
0.00085985
0.000871833
0.000883325
0.000894317
0.000904803
0.000914775
0.000924227
0.000933153
0.000941546
0.0009494
0.000956711
0.000963473
0.000969681
0.000975331
0.000980418
0.000984939
0.000988891
0.000992269
0.000995071
0.000997296
0.000998939
0.001
0.00100048
0.00100037
0.000999675
0.000998394
0.000996527
0.000994073
0.000991034
0.000987409
0.000983201
0.000978411
0.00097304
0.000967091
0.000960567
0.000953471
0.000945805
0.000937574
0.000928781
0.000919431
0.000909529
0.000899079
0.000888086
0.000876557
0.000864497
0.000851913
0.000838811
0.000825198
0.000811081
0.000796468
0.000781366
0.000765784
0.000749731
0.000733214
0.000716243
0.000698827
0.000680976
0.0006627
0.000644008
0.000624911
0.000605419
0.000585544
0.000565296
0.000544688
0.000523729
0.000502433
0.00048081
0.000458874
0.000436637
0.000414111
0.000391309
0.000368244
0.000344929
0.000321378
0.000297604
0.00027362
0.000249441
0.00022508
0.000200551
0.000175869
0.000151047
0.0001261
0.000101043
7.589e-05
5.06553e-05
2.53539e-05
5.90826e-10
-2.53899e-05
-5.08028e-05
-7.62231e-05
-0.000101636
-0.000127027
-0.00015238
-0.000177681
-0.000202915
-0.000228067
-0.000253122
-0.000278065
-0.000302882
-0.000327557
-0.000352077
-0.000376426
-0.00040059
-0.000424555
-0.000448305
-0.000471828
-0.000495108
-0.000518133
-0.000540887
-0.000563357
-0.00058553
-0.000607392
-0.00062893
-0.00065013
-0.000670981
-0.000691469
-0.000711581
-0.000731306
-0.000750631
-0.000769544
-0.000788033
-0.000806088
-0.000823697
-0.000840848
-0.000857532
-0.000873738
-0.000889455
-0.000904674
-0.000919385
-0.000933579
-0.000947247
-0.000960379
-0.000972968
-0.000985005
-0.000996482
-0.00100739
-0.00101773
-0.00102748
-0.00103665
-0.00104522
-0.0010532
-0.00106057
-0.00106733
-0.00107347
-0.00107899
-0.00108389
-0.00108816
-0.0010918
-0.00109481
-0.00109718
-0.00109891
-0.0011
-0.00110045
-0.00110025
-0.00109941
-0.00109793
-0.0010958
-0.00109302
-0.00108961
-0.00108555
-0.00108085
-0.0010755
-0.00106953
-0.00106292
-0.00105567
-0.0010478
-0.00103931
-0.00103019
-0.00102046
-0.00101012
-0.000999172
-0.000987624
-0.000975483
-0.000962754
-0.000949444
-0.00093556
-0.000921109
-0.000906099
-0.000890539
-0.000874435
-0.000857798
-0.000840636
-0.000822958
-0.000804774
-0.000786094
-0.000766929
-0.000747289
-0.000727184
-0.000706626
-0.000685627
-0.000664198
-0.000642351
-0.000620098
-0.000597452
-0.000574425
-0.000551031
-0.000527283
-0.000503193
-0.000478777
-0.000454047
-0.000429019
-0.000403705
-0.00037812
-0.00035228
-0.000326199
-0.000299891
-0.000273373
-0.000246659
-0.000219764
-0.000192705
-0.000165496
-0.000138154
-0.000110695
-8.31336e-05
-5.54868e-05
-2.77704e-05
-7.08724e-10
2.78062e-05
5.5634e-05
8.34665e-05
0.000111287
0.00013908
0.000166829
0.000194516
0.000222127
0.000249645
0.000277053
0.000304336
0.000331476
0.000358459
0.000385268
0.000411887
0.0004383
0.000464491
0.000490445
0.000516147
0.000541581
0.000566731
0.000591583
0.000616121
0.000640331
0.000664198
0.000687708
0.000710847
0.000733599
0.000755953
0.000777893
0.000799407
0.000820482
0.000841103
0.00086126
0.000880939
0.000900128
0.000918816
0.00093699
0.00095464
0.000971754
0.000988321
0.00100433
0.00101978
0.00103464
0.00104892
0.00106261
0.00107569
0.00108816
0.00110001
0.00111123
0.00112182
0.00113176
0.00114105
0.00114969
0.00115766
0.00116497
0.0011716
0.00117756
0.00118284
0.00118743
0.00119134
0.00119455
0.00119706
0.00119888
0.0012
0.00120042
0.00120014
0.00119915
0.00119746
0.00119507
0.00119197
0.00118818
0.00118368
0.00117849
0.0011726
0.00116602
0.00115874
0.00115078
0.00114213
0.00113281
0.00112281
0.00111214
0.00110081
0.00108881
0.00107617
0.00106288
0.00104895
0.00103439
0.00101921
0.00100341
0.000987001
0.000969996
0.000952403
0.00093423
0.000915487
0.000896185
0.000876334
0.000855946
0.000835031
0.000813601
0.000791668
0.000769245
0.000746343
0.000722977
0.000699157
0.000674899
0.000650216
0.000625121
0.000599629
0.000573755
0.000547513
0.000520917
0.000493984
0.000466728
0.000439165
0.000411311
0.000383182
0.000354793
0.000326162
0.000297304
0.000268237
0.000238977
0.000209541
0.000179945
0.000150208
0.000120346
9.03772e-05
6.03182e-05
3.01869e-05
8.3734e-10
-3.02224e-05
-6.04652e-05
-9.07098e-05
-0.000120939
-0.000151134
-0.000181277
-0.000211352
-0.00024134
-0.000271223
-0.000300985
-0.000330606
-0.000360071
-0.000389361
-0.000418458
-0.000447347
-0.000476009
-0.000504427
-0.000532585
-0.000560466
-0.000588053
-0.000615329
-0.000642278
-0.000668885
-0.000695132
-0.000721005
-0.000746487
-0.000771563
-0.000796218
-0.000820437
-0.000844206
-0.000867509
-0.000890333
-0.000912663
-0.000934487
-0.00095579
-0.00097656
-0.000996783
-0.00101645
-0.00103554
-0.00105405
-0.00107197
-0.00108928
-0.00110597
-0.00112204
-0.00113747
-0.00115225
-0.00116638
-0.00117984
-0.00119263
-0.00120473
-0.00121615
-0.00122686
-0.00123687
-0.00124617
-0.00125476
-0.00126261
-0.00126974
-0.00127614
-0.00128179
-0.0012867
-0.00129087
-0.00129428
-0.00129695
-0.00129885
-0.0013
-0.00130039
-0.00130002
-0.00129889
-0.00129699
-0.00129434
-0.00129093
-0.00128675
-0.00128182
-0.00127613
-0.00126969
-0.0012625
-0.00125457
-0.00124588
-0.00123646
-0.00122631
-0.00121543
-0.00120382
-0.00119149
-0.00117846
-0.00116472
-0.00115028
-0.00113515
-0.00111934
-0.00110285
-0.00108571
-0.0010679
-0.00104945
-0.00103037
-0.00101066
-0.000990338
-0.000969412
-0.000947894
-0.000925797
-0.000903132
-0.000879913
-0.000856153
-0.000831864
-0.00080706
-0.000781755
-0.000755964
-0.000729701
-0.00070298
-0.000675817
-0.000648228
-0.000620228
-0.000591832
-0.000563058
-0.000533921
-0.000504438
-0.000474626
-0.000444502
-0.000414084
-0.000383388
-0.000352433
-0.000321236
-0.000289816
-0.00025819
-0.000226376
-0.000194394
-0.000162262
-0.000129998
-9.76208e-05
-6.51497e-05
-3.26034e-05
-9.76674e-10
3.26387e-05
6.52964e-05
9.79532e-05
0.00013059
0.000163187
0.000195726
0.000228188
0.000260552
0.000292802
0.000324916
0.000356877
0.000388665
0.000420262
0.000451649
0.000482807
0.000513718
0.000544364
0.000574725
0.000604785
0.000634525
0.000663927
0.000692974
0.000721649
0.000749933
0.000777811
0.000805265
0.000832279
0.000858836
0.000884921
0.000910518
0.00093561
0.000960184
0.000984223
0.00100771
0.00103064
0.00105299
0.00107475
0.00109591
0.00111644
0.00113635
0.00115562
0.00117423
0.00119217
0.00120944
0.00122602
0.0012419
0.00125707
0.00127152
0.00128525
0.00129823
0.00131048
0.00132197
0.0013327
0.00134266
0.00135185
0.00136026
0.00136788
0.00137471
0.00138074
0.00138597
0.0013904
0.00139402
0.00139683
0.00139882
0.0014
0.00140036
0.0013999
0.00139862
0.00139653
0.00139361
0.00138988
0.00138532
0.00137996
0.00137378
0.00136679
0.00135899
0.00135039
0.00134099
0.0013308
0.00131981
0.00130804
0.0012955
0.00128218
0.0012681
0.00125326
0.00123767
0.00122135
0.00120428
0.0011865
0.001168
0.0011488
0.00112891
0.00110834
0.00108709
0.00106519
0.00104264
0.00101945
0.000995648
0.000971234
0.000946226
0.000920637
0.000894482
0.000867776
0.000840534
0.00081277
0.000784502
0.000755744
0.000726513
0.000696826
0.0006667
0.000636151
0.000605198
0.000573857
0.000542147
0.000510087
0.000477693
0.000444986
0.000411983
0.000378704
0.000345168
0.000311394
0.000277403
0.000243212
0.000208843
0.000174316
0.000139649
0.000104864
6.99812e-05
3.502e-05
1.12673e-09
-3.50549e-05
-7.01276e-05
-0.000105196
-0.000140241
-0.000175241
-0.000210175
-0.000245023
-0.000279765
-0.00031438
-0.000348847
-0.000383148
-0.00041726
-0.000451164
-0.00048484
-0.000518268
-0.000551428
-0.0005843
-0.000616865
-0.000649104
-0.000680997
-0.000712525
-0.00074367
-0.000774413
-0.000804734
-0.000834617
-0.000864043
-0.000892995
-0.000921455
-0.000949405
-0.00097683
-0.00100371
-0.00103003
-0.00105578
-0.00108094
-0.00110549
-0.00112942
-0.00115272
-0.00117536
-0.00119734
-0.00121865
-0.00123926
-0.00125917
-0.00127837
-0.00129683
-0.00131456
-0.00133154
-0.00134775
-0.0013632
-0.00137786
-0.00139174
-0.00140481
-0.00141707
-0.00142852
-0.00143915
-0.00144894
-0.0014579
-0.00146602
-0.00147328
-0.00147969
