0.57558
0.575585
0.575584
0.575578
0.575569
0.57556
0.575555
0.575559
0.575569
0.575575
0.575582
0.575592
0.575598
0.575593
0.575584
0.575572
0.57557
0.575569
0.575573
0.575583
0.575594
0.575608
0.575607
0.575603
0.57559
0.575573
0.575555
0.575547
0.575535
0.575536
0.57554
0.575551
0.575562
0.57557
0.575572
0.575565
0.575544
0.575535
0.575526
0.57551
0.575498
0.575494
0.575502
0.575513
0.575524
0.575532
0.575534
0.575528
0.575514
0.575497
0.575472
0.575465
0.57546
0.575456
0.575464
0.575475
0.575503
0.575509
0.575517
0.575518
0.575511
0.575505
0.575505
0.575509
0.575514
0.575527
0.575534
0.575546
0.575557
0.575575
0.575579
0.575583
0.575595
0.575599
0.575608
0.575615
0.575634
0.575639
0.575644
0.575649
0.575664
0.57568
0.575697
0.575701
0.575709
0.57571
0.575711
0.575715
0.575732
0.575737
0.575742
0.57575
0.575757
0.575761
0.575766
0.57577
0.575769
0.575769
0.575764
0.575763
0.575766
0.575768
0.575769
0.575766
0.575762
0.575755
0.575747
0.575736
0.575736
0.575716
0.575716
0.575701
0.57569
0.575679
0.575668
0.575656
0.575645
0.57564
0.575622
0.575609
0.575603
0.575588
0.575573
0.57554
0.575532
0.575524
0.575509
0.575495
0.575481
0.575468
0.57544
0.575433
0.575426
0.575419
0.575396
0.575382
0.575368
0.575339
0.575335
0.575331
0.575324
0.575318
0.575315
0.575312
0.575299
0.575297
0.575295
0.575294
0.575295
0.575297
0.575298
0.575305
0.575313
0.575321
0.575328
0.575337
0.575341
0.575349
0.575369
0.575374
0.57538
0.575392
0.575412
0.575429
0.575437
0.575474
0.575484
0.575494
0.575521
0.575531
0.575549
0.575568
0.575607
0.575618
0.575628
0.57565
0.575683
0.575706
0.575727
0.575768
0.575768
0.575778
0.575797
0.575815
0.575832
0.575858
0.575882
0.57589
0.575898
0.57592
0.575926
0.575938
0.575948
0.57596
0.575961
0.575963
0.575965
0.575965
0.575963
0.57596
0.575954
0.575952
0.575946
0.575938
0.575928
0.575917
0.575889
0.575874
0.575859
0.575846
0.575834
0.575828
0.575789
0.57578
0.57577
0.575759
0.575737
0.575713
0.575676
0.575638
0.575625
0.575599
0.575572
0.575545
0.575519
0.575506
0.575451
0.575438
0.575424
0.575396
0.575354
0.575328
0.575303
0.575268
0.575246
0.575235
0.575235
0.575194
0.575176
0.575158
0.575128
0.575121
0.575121
0.57511
0.575102
0.575098
0.575095
0.575099
0.575101
0.575104
0.575109
0.575118
0.575122
0.575135
0.575153
0.57516
0.575175
0.575193
0.575211
0.575231
0.575241
0.575284
0.575296
0.575307
0.57533
0.575355
0.575381
0.575409
0.575469
0.575485
0.575516
0.575548
0.575581
0.575614
0.575648
0.575681
0.575714
0.575748
0.575781
0.575814
0.575847
0.57588
0.575929
0.575944
0.575959
0.576002
0.576014
0.57605
0.57606
0.5761
0.576109
0.576118
0.576133
0.576152
0.576161
0.576167
0.576166
0.576162
0.576162
0.576156
0.576149
0.57614
0.576131
0.576109
0.576102
0.576095
0.576072
0.576054
0.576033
0.57601
0.575972
0.575958
0.57593
0.575901
0.57587
0.575839
0.575808
0.575759
0.575742
0.575725
0.57567
0.575631
0.575592
0.575572
0.57549
0.575469
0.575449
0.57539
0.575351
0.575313
0.575295
0.57524
0.575204
0.575186
0.57515
0.575115
0.575082
0.575051
0.574997
0.574984
0.574962
0.574942
0.574927
0.574915
0.574906
0.574898
0.574897
0.574897
0.574901
0.57491
0.574913
0.574925
0.574944
0.574951
0.574968
0.574988
0.575009
0.57503
0.575042
0.575093
0.575107
0.575121
0.575151
0.575183
0.575235
0.575254
0.575331
0.575371
0.575392
0.575413
0.575454
0.575496
0.57556
0.575627
0.57565
0.575697
0.575744
0.57579
0.575836
0.575881
0.575926
0.57597
0.575991
0.576033
0.576074
0.576111
0.576147
0.576199
0.576215
0.576261
0.576289
0.576313
0.576332
0.576347
0.576358
0.576362
0.576363
0.57636
0.576355
0.57635
0.576345
0.576326
0.57632
0.576305
0.576288
0.576268
0.576245
0.576232
0.576176
0.576161
0.576128
0.576094
0.576059
0.576022
0.575923
0.575923
0.57588
0.575838
0.575775
0.575731
0.575642
0.575597
0.575552
0.57553
0.575487
0.575445
0.575359
0.575337
0.575292
0.575246
0.575222
0.575174
0.575127
0.575035
0.575013
0.574991
0.574929
0.574891
0.574856
0.574822
0.574778
0.574753
0.574741
0.574721
0.574713
0.574701
0.574696
0.574699
0.574706
0.574711
0.574721
0.574734
0.574763
0.574791
0.574811
0.574832
0.574854
0.574876
0.574902
0.574963
0.57498
0.574998
0.575035
0.575075
0.575116
0.575159
0.575229
0.575253
0.575304
0.57533
0.575384
0.575467
0.575524
0.57561
0.575668
0.575697
0.575755
0.575812
0.57584
0.575898
0.576013
0.576041
0.576069
0.576152
0.576205
0.576255
0.576302
0.576387
0.576406
0.576424
0.576441
0.576472
0.5765
0.576525
0.576558
0.576562
0.576565
0.576563
0.576553
0.576543
0.576531
0.576511
0.576503
0.576486
0.576467
0.576445
0.576419
0.57639
0.576341
0.576304
0.576304
0.576243
0.5762
0.576177
0.576131
0.576031
0.576005
0.575951
0.575923
0.575837
0.575778
0.575748
0.575624
0.575593
0.575561
0.575466
0.575402
0.575339
0.575276
0.575184
0.575153
0.575123
0.575032
0.575002
0.574943
0.574857
0.574777
0.574751
0.574727
0.574661
0.574641
0.574604
0.574572
0.574534
0.574516
0.574504
0.5745
0.574503
0.574506
0.574517
0.574534
0.574542
0.57456
0.574581
0.574605
0.574631
0.574692
0.574709
0.574743
0.574794
0.574813
0.574851
0.574937
0.574984
0.575009
0.575061
0.575115
0.575171
0.575229
0.575321
0.575352
0.575385
0.575451
0.575518
0.575586
0.575691
0.575796
0.575832
0.575902
0.575971
0.57604
0.576108
0.576142
0.576273
0.576304
0.576335
0.576395
0.576452
0.576507
0.57658
0.576644
0.576662
0.57668
0.57671
0.576734
0.576752
0.576762
0.576762
0.576758
0.576754
0.576743
0.576729
0.576711
0.576689
0.576637
0.576622
0.576607
0.576556
0.57652
0.57648
0.576437
0.576366
0.576315
0.576315
0.57626
0.576203
0.576143
0.57605
0.575917
0.575917
0.575883
0.575812
0.575704
0.575631
0.575556
0.57548
0.575403
0.575325
0.575247
0.575208
0.575132
0.575057
0.574946
0.574876
0.574841
0.574774
0.574709
0.574646
0.574559
0.57448
0.574456
0.574413
0.574375
0.574344
0.574331
0.574311
0.574301
0.574303
0.574307
0.574311
0.574322
0.574337
0.574355
0.574403
0.574417
0.574448
0.574483
0.574521
0.574562
0.574606
0.574653
0.574702
0.574727
0.574781
0.574838
0.574898
0.574996
0.5751
0.575135
0.575209
0.575284
0.575322
0.5754
0.575517
0.575637
0.575677
0.575717
0.575799
0.575882
0.575965
0.576047
0.576209
0.576248
0.576326
0.576401
0.576474
0.576543
0.576609
0.5767
0.576729
0.576783
0.576832
0.576875
0.576911
0.576926
0.576961
0.576963
0.57696
0.576956
0.576945
0.576932
0.576916
0.576876
0.576864
0.576851
0.576821
0.576769
0.576729
0.576686
0.576613
0.576587
0.576533
0.576476
0.576446
0.576384
0.57632
0.576148
0.576148
0.576074
0.576036
0.575959
0.575879
0.575754
0.575627
0.575584
0.575497
0.57541
0.575366
0.575234
0.575189
0.575014
0.574971
0.574884
0.574799
0.574717
0.574637
0.574562
0.574456
0.574423
0.574359
0.574329
0.574248
0.574201
0.574162
0.574117
0.574108
0.574098
0.574097
0.574102
0.574112
0.574134
0.574166
0.574166
0.574205
0.574252
0.574269
0.574287
0.574327
0.574444
0.574444
0.57447
0.574526
0.574586
0.574683
0.574716
0.574856
0.574856
0.574968
0.575006
0.575085
0.575167
0.575251
0.575429
0.575475
0.575567
0.57566
0.575753
0.575847
0.575941
0.576082
0.576128
0.576174
0.576312
0.576358
0.576446
0.576575
0.576696
0.576734
0.576771
0.576908
0.576938
0.576967
0.57702
0.577105
0.577122
0.577148
0.577162
0.577166
0.577164
0.57715
0.577123
0.577112
0.577086
0.577056
0.577023
0.576966
0.576877
0.576852
0.576827
0.576774
0.576722
0.576639
0.576517
0.576484
0.576449
0.576378
0.576342
0.576228
0.576188
0.576022
0.575979
0.57589
0.575799
0.575705
0.575609
0.575561
0.575364
0.575314
0.575265
0.575165
0.575017
0.574919
0.574821
0.574678
0.574585
0.57454
0.574452
0.574369
0.57429
0.574216
0.574115
0.574056
0.574029
0.574005
0.573963
0.573929
0.573908
0.573898
0.573902
0.573915
0.573933
0.573956
0.573982
0.574029
0.574065
0.574084
0.574104
0.574171
0.574221
0.574275
0.574334
0.574431
0.574465
0.574537
0.574575
0.574652
0.574733
0.574859
0.57499
0.575035
0.575126
0.575221
0.575318
0.575418
0.575469
0.575625
0.57573
0.575836
0.575942
0.576101
0.576101
0.576206
0.576415
0.576466
0.576517
0.576616
0.576713
0.576849
0.576893
0.577052
0.577088
0.577155
0.577214
0.577287
0.577307
0.577337
0.577359
0.577362
0.577361
0.577355
0.577342
0.577323
0.577297
0.577233
0.577214
0.577195
0.577153
0.577084
0.577059
0.576978
0.576887
0.576854
0.576784
0.57671
0.576631
0.576548
0.576505
0.576324
0.576277
0.576229
0.576133
0.575983
0.575932
0.575828
0.575611
0.575555
0.575499
0.575386
0.575272
0.575158
0.574989
0.574768
0.574714
0.574661
0.574555
0.574452
0.574401
0.574303
0.574121
0.574079
0.573999
0.573962
0.573893
0.573807
0.573729
0.573712
0.573708
0.573709
0.573724
0.573738
0.573774
0.573785
0.573798
0.573826
0.573859
0.573878
0.573921
0.574021
0.574049
0.574109
0.574173
0.574241
0.574313
0.574389
0.574511
0.574597
0.574597
0.574689
0.574784
0.574884
0.574988
0.575203
0.575258
0.57537
0.575484
0.575598
0.575656
0.575771
0.576006
0.576066
0.576185
0.576304
0.576421
0.576536
0.576648
0.576811
0.576863
0.576914
0.577013
0.577106
0.577234
0.577273
0.577412
0.577442
0.577493
0.577531
0.577553
0.577559
0.577562
0.577532
0.577521
0.577509
0.57748
0.577447
0.577428
0.577386
0.57729
0.577263
0.577234
0.577174
0.577038
0.577002
0.576926
0.576805
0.57672
0.57672
0.576631
0.576537
0.576389
0.576337
0.576006
0.575948
0.57589
0.575772
0.575772
0.575651
0.575529
0.575284
0.575222
0.575159
0.574971
0.574909
0.574784
0.574662
0.574425
0.574368
0.574313
0.574204
0.57405
0.573954
0.573864
0.573742
0.573672
0.57364
0.573585
0.573542
0.573515
0.573502
0.573505
0.573511
0.573518
0.573539
0.573566
0.573599
0.573637
0.573728
0.573754
0.573781
0.573869
0.573935
0.574007
0.574044
0.574247
0.57429
0.574336
0.574428
0.574525
0.574626
0.574784
0.574952
0.575011
0.57507
0.575129
0.57525
0.575374
0.575564
0.575756
0.57582
0.575949
0.576078
0.576207
0.5764
0.57659
0.576652
0.576775
0.576893
0.577059
0.577162
0.577349
0.577391
0.577432
0.577507
0.577542
0.577605
0.57766
0.577738
0.57775
0.577758
0.577765
0.577756
0.577739
0.577715
0.577665
0.577646
0.577603
0.57758
0.577529
0.577474
0.577414
0.577277
0.577239
0.577201
0.57712
0.577034
0.576943
0.576799
0.576646
0.576594
0.576485
0.576373
0.576256
0.576136
0.575822
0.575757
0.575628
0.575501
0.575374
0.575311
0.574996
0.574933
0.574871
0.574746
0.574621
0.574497
0.574436
0.574196
0.574196
0.574024
0.573915
0.573811
0.573762
0.573624
0.573505
0.573439
0.57341
0.573361
0.573328
0.573318
0.573308
0.57333
0.57333
0.573353
0.573384
0.573421
0.573441
0.573486
0.573593
0.573622
0.573654
0.57372
0.573793
0.573912
0.573999
0.574139
0.574188
0.574239
0.574397
0.574507
0.574621
0.574738
0.574921
0.575048
0.575113
0.575244
0.57531
0.575445
0.575583
0.575864
0.575934
0.576075
0.576216
0.576356
0.576495
0.576564
0.576837
0.576904
0.57697
0.577162
0.577224
0.577343
0.577507
0.577652
0.577695
0.577773
0.577839
0.577892
0.577929
0.577942
0.577959
0.577956
0.577943
0.57792
0.57789
0.577852
0.577807
0.577728
0.577668
0.577637
0.577569
0.577457
0.577417
0.577333
0.577195
0.577146
0.577096
0.57694
0.576885
0.576773
0.576656
0.576412
0.576348
0.576219
0.576086
0.57595
0.575881
0.575741
0.575453
0.575305
0.575231
0.575157
0.575009
0.574788
0.574715
0.574358
0.574289
0.574219
0.574083
0.573951
0.573825
0.573705
0.573487
0.573487
0.573439
0.57335
0.573274
0.573209
0.573159
0.573109
0.573106
0.57311
0.573123
0.573146
0.573176
0.573215
0.573314
0.573373
0.573434
0.573466
0.573533
0.573567
0.573756
0.573797
0.57384
0.573931
0.574028
0.574131
0.57424
0.574472
0.574532
0.574594
0.574848
0.574914
0.575049
0.575188
0.575403
0.575476
0.575624
0.575775
0.575851
0.57608
0.576233
0.576463
0.576538
0.576613
0.576761
0.576978
0.577187
0.577387
0.577451
0.57763
0.57763
0.577786
0.577877
0.578024
0.578053
0.578101
0.578133
0.578148
0.578149
0.57813
0.578119
0.578091
0.578059
0.578001
0.577955
0.577904
0.577815
0.577783
0.577714
0.57764
0.57756
0.577475
0.577384
0.577236
0.577184
0.577075
0.57696
0.576901
0.576777
0.576584
0.576382
0.576313
0.576243
0.576026
0.575878
0.575726
0.575649
0.575335
0.575256
0.575097
0.575017
0.574857
0.574698
0.574541
0.574232
0.574083
0.57401
0.573867
0.573797
0.573662
0.573534
0.5733
0.573248
0.573108
0.573069
0.573003
0.572957
0.57293
0.572919
0.572922
0.572927
0.572944
0.572971
0.573005
0.573047
0.573154
0.573185
0.573253
0.573327
0.573407
0.573449
0.573584
0.57373
0.573781
0.573834
0.574001
0.57412
0.574245
0.574376
0.574583
0.574654
0.574726
0.574874
0.575025
0.57518
0.575337
0.575739
0.575821
0.575903
0.576068
0.576151
0.576316
0.57648
0.576805
0.576884
0.577042
0.577195
0.577345
0.577489
0.577489
0.57782
0.57788
0.577993
0.578093
0.57818
0.578218
0.578278
0.57834
0.578345
0.578347
0.578341
0.578325
0.578281
0.578242
0.578168
0.57814
0.57811
0.578045
0.577971
0.577891
0.577806
0.577617
0.577566
0.577406
0.57735
0.577234
0.577113
0.576985
0.576713
0.576641
0.576641
0.576493
0.576263
0.576105
0.575943
0.575697
0.575614
0.575447
0.575279
0.575194
0.575025
0.574855
0.574514
0.57443
0.574346
0.57418
0.574016
0.573779
0.573485
0.573349
0.573222
0.573164
0.573056
0.572961
0.572812
0.572785
0.572742
0.572716
0.572705
0.572708
0.572722
0.57278
0.57278
0.5728
0.572846
0.572898
0.572958
0.573098
0.573179
0.573222
0.573267
0.573362
0.573463
0.57357
0.573684
0.573927
0.573991
0.574056
0.574261
0.574404
0.574552
0.574705
0.574944
0.575025
0.575192
0.575362
0.575535
0.575709
0.575797
0.576148
0.576236
0.576324
0.5765
0.576674
0.576848
0.577103
0.577269
0.577431
0.57751
0.577663
0.577808
0.577945
0.578072
0.578291
0.578338
0.57838
0.578451
0.578502
0.578534
0.578551
0.578537
0.578527
0.578497
0.578457
0.578408
0.578318
0.578211
0.578131
0.578045
0.578001
0.577862
0.577814
0.577606
0.577551
0.577493
0.577374
0.577249
0.577118
0.576911
0.576692
0.576617
0.576463
0.576306
0.576144
0.576061
0.575893
0.575548
0.57546
0.575372
0.575193
0.575014
0.574834
0.574654
0.574211
0.574124
0.574038
0.573868
0.573702
0.573541
0.573386
0.573168
0.5731
0.573034
0.572911
0.5728
0.572704
0.572569
0.572533
0.572521
0.572511
0.572515
0.572533
0.572561
0.57258
0.572679
0.57271
0.572815
0.572815
0.572895
0.573028
0.573124
0.573283
0.57334
0.573398
0.573518
0.573645
0.573778
0.573989
0.574213
0.57429
0.57445
0.574695
0.574779
0.574949
0.575124
0.575391
0.575572
0.575572
0.575757
0.575943
0.576225
0.576601
0.576694
0.576968
0.577057
0.57723
0.577396
0.577788
0.577862
0.577934
0.578074
0.578205
0.578326
0.578437
0.578578
0.578616
0.578616
0.578701
0.578732
0.578746
0.578731
0.578706
0.578671
0.57865
0.5786
0.578542
0.578509
0.578438
0.578272
0.578226
0.578178
0.578022
0.577908
0.577849
0.57766
0.577458
0.577388
0.577316
0.577169
0.577016
0.576857
0.576691
0.576346
0.576257
0.576075
0.575891
0.575704
0.575516
0.575326
0.575039
0.574942
0.574846
0.574654
0.574463
0.574273
0.574084
0.573717
0.573628
0.573541
0.573288
0.57313
0.573054
0.57291
0.572655
0.572599
0.572548
0.572501
0.572364
0.572328
0.572312
0.572329
0.572342
0.572358
0.572399
0.572451
0.572513
0.572583
0.572748
0.572794
0.572841
0.572891
0.57305
0.573107
0.573226
0.573489
0.573559
0.57363
0.573777
0.574007
0.574167
0.574333
0.57459
0.574767
0.574858
0.574949
0.575135
0.575325
0.575518
0.575911
0.57601
0.57611
0.576309
0.576507
0.576705
0.576999
0.577288
0.577382
0.577569
0.577749
0.577923
0.578008
0.578169
0.578461
0.578526
0.578586
0.578788
0.578827
0.578859
0.578924
0.578944
0.578943
0.578931
0.578919
0.578887
0.578816
0.578755
0.578645
0.578604
0.578516
0.57842
0.578369
0.578262
0.578147
0.577895
0.577828
0.577758
0.577613
0.577461
0.577304
0.577142
0.5768
0.576711
0.576621
0.576437
0.57625
0.576058
0.575863
0.575462
0.57536
0.575156
0.574951
0.574745
0.57454
0.574438
0.574135
0.573936
0.573838
0.573645
0.573456
0.573273
0.572931
0.572774
0.572701
0.57263
0.57244
0.572333
0.572247
0.572183
0.572128
0.572119
0.572114
0.572118
0.572136
0.572168
0.572213
0.572337
0.572374
0.572456
0.5725
0.572646
0.572753
0.572808
0.573049
0.573114
0.57318
0.573319
0.573465
0.573699
0.573781
0.574123
0.574303
0.574394
0.574487
0.574677
0.57487
0.575067
0.575471
0.575677
0.575886
0.575991
0.576097
0.576309
0.576522
0.576945
0.577049
0.577152
0.577355
0.577553
0.577747
0.577934
0.578288
0.57837
0.578451
0.578672
0.578802
0.578914
0.579006
0.579101
0.579137
0.579137
0.579152
0.579149
0.579131
0.579081
0.579004
0.578973
0.578939
0.578864
0.578731
0.578631
0.578521
0.57834
0.578276
0.57821
0.578001
0.577928
0.577777
0.577619
0.577281
0.577193
0.577103
0.576919
0.576632
0.576435
0.576235
0.575928
0.575824
0.575615
0.575403
0.575189
0.574974
0.574431
0.574323
0.574216
0.573903
0.573702
0.573507
0.573226
0.573136
0.572961
0.572795
0.572638
0.57249
0.572354
0.572125
0.572079
0.572038
0.572003
0.571951
0.571921
0.57191
0.571949
0.571967
0.571989
0.572013
0.572102
0.572174
0.572258
0.5724
0.572506
0.572563
0.572622
0.572747
0.572879
0.573019
0.573318
0.573398
0.573562
0.573647
0.573911
0.573911
0.574188
0.574579
0.57468
0.574782
0.574989
0.575307
0.575631
0.57596
0.57607
0.576292
0.576512
0.576731
0.576947
0.577367
0.57747
0.577671
0.577866
0.577961
0.578146
0.578323
0.578652
0.578728
0.578801
0.578937
0.579112
0.579161
0.579243
0.579337
0.579347
0.579353
0.57935
0.579316
0.579277
0.579225
0.579089
0.579048
0.579048
0.57896
0.578861
0.578754
0.578637
0.578375
0.578305
0.578233
0.578006
0.577845
0.577678
0.577504
0.577231
0.577137
0.577042
0.576847
0.576646
0.576438
0.576225
0.575787
0.575676
0.575564
0.575226
0.575113
0.574772
0.574545
0.574206
0.574093
0.57398
0.573757
0.573538
0.573324
0.573115
0.572724
0.572633
0.572459
0.572299
0.572154
0.572029
0.571922
0.571806
0.571779
0.571758
0.571732
0.571725
0.571736
0.571763
0.571831
0.571892
0.571927
0.572006
0.572095
0.572304
0.572484
0.572549
0.572684
0.572826
0.572973
0.573127
0.573452
0.573537
0.573624
0.573891
0.574075
0.574265
0.574461
0.574765
0.574974
0.574974
0.575188
0.575407
0.57563
0.575855
0.576312
0.576427
0.576541
0.576771
0.577
0.577227
0.577451
0.577889
0.577995
0.578203
0.578304
0.578499
0.578685
0.578858
0.579156
0.579276
0.579329
0.579375
0.57945
0.579501
0.57953
0.579532
0.579522
0.579509
0.57947
0.579418
0.579352
0.579231
0.579084
0.579029
0.578972
0.578851
0.578721
0.578582
0.578357
0.578112
0.578026
0.577849
0.577665
0.577473
0.577173
0.576862
0.576755
0.576539
0.576321
0.575988
0.575763
0.575309
0.57508
0.574965
0.574738
0.574513
0.574181
0.573856
0.57375
0.573644
0.573436
0.573131
0.572934
0.572743
0.572471
0.572301
0.57222
0.572067
0.571927
0.571803
0.571699
0.571587
0.571562
0.571542
0.571519
0.571514
0.571527
0.571556
0.571659
0.571693
0.571771
0.571859
0.571957
0.572066
0.572185
0.572378
0.572447
0.572518
0.572668
0.572826
0.572994
0.573169
0.573542
0.57364
0.573739
0.574048
0.57426
0.574369
0.574589
0.575044
0.575161
0.575397
0.575637
0.57588
0.576125
0.576248
0.576617
0.57674
0.577106
0.577346
0.577584
0.577817
0.578044
0.578373
0.578479
0.578582
0.57878
0.578967
0.579218
0.579292
0.579531
0.579574
0.579641
0.579685
0.579707
0.57971
0.579706
0.579646
0.579621
0.579594
0.579528
0.579449
0.579307
0.579014
0.578948
0.578812
0.57867
0.578521
0.578365
0.578031
0.577943
0.577853
0.577667
0.577571
0.577274
0.577173
0.576751
0.576642
0.576532
0.576308
0.576079
0.575729
0.57525
0.575129
0.574763
0.574521
0.574282
0.574044
0.573577
0.573577
0.573463
0.573238
0.573019
0.572702
0.5726
0.572216
0.572127
0.571958
0.571805
0.571667
0.571549
0.571454
0.571358
0.571339
0.571325
0.571313
0.571331
0.571346
0.571387
0.571511
0.57155
0.571637
0.571735
0.571845
0.571965
0.572096
0.572314
0.572392
0.572472
0.572638
0.572904
0.573093
0.573288
0.573594
0.573807
0.573916
0.574026
0.574251
0.574482
0.574719
0.575207
0.575332
0.575457
0.575836
0.575963
0.576347
0.576475
0.576987
0.577115
0.577368
0.577494
0.577742
0.577986
0.578338
0.578673
0.578779
0.578982
0.579078
0.579345
0.579499
0.579737
0.579816
0.579869
0.579899
0.579909
0.579908
0.579862
0.57984
0.579816
0.579756
0.579685
0.579601
0.579507
0.579287
0.579225
0.579161
0.579024
0.578878
0.578722
0.578556
0.578199
0.578104
0.578007
0.577708
0.577499
0.577283
0.57706
0.576713
0.576474
0.576474
0.57623
0.575981
0.575728
0.575342
0.574952
0.574821
0.574691
0.57456
0.57417
0.573782
0.573527
0.573153
0.57303
0.572909
0.572445
0.572445
0.572228
0.572024
0.571666
0.571589
0.571517
0.571394
0.571298
0.57123
0.571186
0.571161
0.571166
0.571176
0.57121
0.571259
0.571361
0.571447
0.571659
0.571719
0.571783
0.571917
0.572062
0.572139
0.572299
0.572646
0.572738
0.572833
0.57313
0.573339
0.573447
0.573667
0.57413
0.57425
0.574371
0.574616
0.574867
0.575121
0.575379
0.575774
0.57604
0.576174
0.576442
0.576711
0.577114
0.57738
0.577772
0.5779
0.578151
0.578274
0.578515
0.578748
0.578969
0.579375
0.579466
0.579552
0.579709
0.579896
0.579985
0.580048
0.580097
0.580102
0.580098
0.580089
0.580035
0.580009
0.579946
0.579777
0.579726
0.579673
0.579556
0.579358
0.579211
0.579053
0.578797
0.578615
0.578521
0.578424
0.578225
0.57791
0.57769
0.577228
0.577107
0.576986
0.576862
0.576611
0.576354
0.575959
0.575557
0.575421
0.575149
0.575013
0.574739
0.574465
0.574055
0.573648
0.573514
0.57325
0.572991
0.572863
0.572615
0.572375
0.571932
0.57183
0.571732
0.571549
0.571388
0.571251
0.571141
0.571001
0.570981
0.570968
0.570959
0.570979
0.570996
0.571107
0.571185
0.571279
0.571279
0.571385
0.571503
0.571634
0.571777
0.572096
0.572183
0.572364
0.572557
0.572758
0.572968
0.573187
0.573413
0.573646
0.573886
0.574132
0.574384
0.574642
0.574774
0.575175
0.575448
0.575725
0.576004
0.576283
0.576423
0.576703
0.57726
0.577397
0.577534
0.577804
0.57807
0.578458
0.578709
0.579065
0.579179
0.579289
0.579497
0.579687
0.579856
0.579999
0.5802
0.5802
0.580278
0.580301
0.580302
0.580284
0.580268
0.580159
0.580121
0.58008
0.579985
0.579876
0.57969
0.579551
0.57932
0.579238
0.579067
0.578885
0.578693
0.578593
0.578387
0.577947
0.577832
0.577714
0.577473
0.577225
0.576841
0.576174
0.576038
0.575762
0.575486
0.575208
0.57493
0.574375
0.574237
0.574099
0.573961
0.573689
0.57342
0.573155
0.572641
0.572516
0.572394
0.572156
0.572042
0.571715
0.571516
0.571175
0.571105
0.570984
0.570892
0.570803
0.570803
0.570777
0.57079
0.570828
0.57088
0.570912
0.570986
0.571173
0.571285
0.571346
0.571477
0.571618
0.571769
0.571849
0.572193
0.572285
0.57238
0.572577
0.572783
0.57311
0.57334
0.573699
0.573822
0.574074
0.574332
0.574595
0.574729
0.575
0.575556
0.575698
0.575839
0.576126
0.576414
0.576703
0.577135
0.577565
0.577706
0.577987
0.578261
0.578529
0.578789
0.579039
0.579392
0.579504
0.579713
0.579904
0.580071
0.580272
0.580405
0.580436
0.580479
0.5805
0.580492
0.58048
0.58039
0.580321
0.580281
0.580238
0.580141
0.579969
0.579838
0.579618
0.579539
0.579372
0.579195
0.579008
0.57891
0.578603
0.578276
0.578163
0.577929
0.577688
0.577438
0.57731
0.577049
0.576507
0.576367
0.576227
0.575943
0.575655
0.57522
0.574926
0.574632
0.574337
0.574042
0.573748
0.573456
0.573311
0.573026
0.572474
0.572342
0.572084
0.571721
0.571607
0.571391
0.571291
0.570944
0.57081
0.570754
0.570705
0.57063
0.570583
0.570561
0.570584
0.570602
0.570652
0.57072
0.570804
0.570904
0.571019
0.571149
0.571368
0.571448
0.571617
0.571799
0.571992
0.572521
0.572634
0.572864
0.573099
0.57334
0.573462
0.573965
0.574094
0.574225
0.574491
0.574763
0.575041
0.575324
0.576045
0.576045
0.576338
0.576631
0.576925
0.577218
0.577799
0.578086
0.578366
0.578771
0.578771
0.579155
0.579624
0.579732
0.579836
0.580031
0.580122
0.580285
0.580425
0.580619
0.580651
0.580676
0.580715
0.580714
0.580694
0.580654
0.580597
0.580479
0.580432
0.580381
0.580268
0.580141
0.580001
0.579685
0.579599
0.579509
0.579224
0.57902
0.578806
0.578581
0.578226
0.578103
0.57785
0.577589
0.577456
0.577184
0.576764
0.576331
0.576184
0.576036
0.575737
0.575434
0.575127
0.574664
0.5742
0.574046
0.57374
0.573437
0.573138
0.572845
0.572559
0.572144
0.572011
0.571753
0.571509
0.57128
0.571173
0.570975
0.570657
0.570597
0.570499
0.570462
0.570408
0.570379
0.570375
0.570456
0.570487
0.570522
0.570605
0.570705
0.570821
0.571099
0.571177
0.571344
0.571523
0.57171
0.571906
0.572324
0.572434
0.57266
0.572896
0.57314
0.573391
0.57365
0.574053
0.574191
0.574472
0.574758
0.575049
0.575344
0.575642
0.576096
0.576402
0.576555
0.576708
0.577016
0.577476
0.577781
0.578231
0.578378
0.578524
0.578809
0.579086
0.57948
0.579726
0.580065
0.580168
0.580265
0.580519
0.580652
0.580753
0.580825
0.580882
0.580888
0.580889
0.580873
0.580837
0.580745
0.580662
0.580507
0.580447
0.580316
0.58017
0.580092
0.579837
0.579746
0.579349
0.579242
0.579021
0.578789
0.57867
0.578423
0.578167
0.57763
0.577491
0.57735
0.577062
0.576766
0.576311
0.576
0.575527
0.575368
0.575049
0.574729
0.574568
0.574248
0.573927
0.573294
0.573138
0.572829
0.572528
0.572233
0.571949
0.571812
0.57142
0.571179
0.571065
0.570759
0.570587
0.570512
0.570384
0.57022
0.57018
0.57017
0.570167
0.570175
0.570207
0.57026
0.570424
0.570475
0.570591
0.570655
0.570794
0.571031
0.571206
0.571596
0.571702
0.57181
0.572037
0.572154
0.57265
0.573045
0.573319
0.5736
0.573886
0.574177
0.574324
0.574923
0.575076
0.57523
0.575539
0.57585
0.576007
0.576478
0.577107
0.577107
0.57742
0.577887
0.578194
0.578496
0.578792
0.579222
0.57936
0.579495
0.579755
0.58
0.580226
0.580524
0.580763
0.580828
0.580934
0.580976
0.58106
0.581083
0.581086
0.581038
0.581013
0.580983
0.580864
0.580815
0.580705
0.580579
0.580282
0.580199
0.580113
0.579931
0.579736
0.57942
0.579194
0.578834
0.578581
0.578581
0.578043
0.577903
0.577761
0.577471
0.576871
0.576717
0.576561
0.576086
0.575763
0.5756
0.575271
0.574604
0.574437
0.574103
0.57377
0.573276
0.573113
0.572952
0.572325
0.572174
0.572025
0.571735
0.571457
0.571068
0.570948
0.570525
0.570436
0.570354
0.570215
0.570109
0.570034
0.569988
0.569972
0.569999
0.569999
0.570048
0.570158
0.570255
0.570311
0.570576
0.570733
0.570817
0.571091
0.571189
0.571291
0.571502
0.571961
0.572083
0.572335
0.572598
0.572871
0.573154
0.573298
0.5739
0.574212
0.57453
0.57469
0.575016
0.57518
0.575511
0.576184
0.576353
0.576523
0.577034
0.577375
0.577713
0.578047
0.578538
0.578698
0.578855
0.579163
0.579459
0.579742
0.580011
0.580492
0.580598
0.580698
0.580954
0.581085
0.581183
0.581251
0.581299
0.581302
0.581289
0.581274
0.581195
0.581116
0.58107
0.580839
0.58077
0.580697
0.58054
0.580275
0.580179
0.579976
0.57953
0.579411
0.579289
0.579036
0.578638
0.578361
0.578075
0.577629
0.57732
0.57732
0.577004
0.576844
0.576354
0.575852
0.575342
0.575171
0.574827
0.574483
0.574138
0.573967
0.573624
0.572949
0.572783
0.572618
0.572295
0.57198
0.571676
0.571385
0.570852
0.570731
0.570617
0.570406
0.570222
0.57007
0.569902
0.569805
0.569787
0.56977
0.569779
0.569812
0.569868
0.569904
0.570099
0.570223
0.570223
0.570442
0.570608
0.570696
0.570884
0.571192
0.571414
0.571651
0.571774
0.572029
0.572296
0.572574
0.573159
0.573311
0.573465
0.573779
0.574262
0.574593
0.57527
0.575443
0.575965
0.576315
0.576663
0.577009
0.577523
0.57786
0.578027
0.578356
0.578678
0.578993
0.5793
0.579741
0.579882
0.580153
0.580282
0.580527
0.580852
0.581037
0.581257
0.581362
0.581402
0.581462
0.581494
0.5815
0.581493
0.581412
0.581378
0.581338
0.581245
0.581071
0.581003
0.580777
0.580516
0.580422
0.580223
0.580011
0.579785
0.579547
0.579167
0.579035
0.578762
0.578478
0.578185
0.577882
0.577572
0.576929
0.576598
0.576263
0.575926
0.575586
0.575415
0.574554
0.574382
0.574209
0.573865
0.573694
0.573186
0.572853
0.572364
0.572204
0.57189
0.571585
0.571293
0.571151
0.570879
0.570508
0.570188
0.570188
0.57001
0.569802
0.569666
0.569597
0.569587
0.569593
0.569606
0.569676
0.56995
0.570011
0.570075
0.570215
0.57029
0.570449
0.570619
0.570996
0.571098
0.571311
0.571422
0.571772
0.572019
0.572685
0.572685
0.573111
0.573256
0.573549
0.573848
0.574462
0.574778
0.574938
0.575262
0.575591
0.575925
0.576094
0.576772
0.576942
0.577113
0.577623
0.577961
0.578295
0.578624
0.579108
0.579267
0.579422
0.579876
0.580163
0.580434
0.581016
0.581113
0.581284
0.581357
0.581479
0.581604
0.581674
0.581677
0.581649
0.581606
0.581543
0.581463
0.581309
0.58125
0.581119
0.580973
0.580812
0.580637
0.580449
0.580141
0.580032
0.579805
0.579565
0.579313
0.579049
0.57849
0.578195
0.577893
0.577586
0.577274
0.576957
0.57647
0.576139
0.575972
0.575634
0.575293
0.575121
0.574776
0.574081
0.573906
0.573732
0.573386
0.572873
0.572536
0.57188
0.571565
0.571262
0.570973
0.570699
0.570443
0.570096
0.569896
0.569896
0.569724
0.569583
0.569476
0.569401
0.569335
0.569335
0.569354
0.569395
0.569458
0.569541
0.56959
0.569834
0.569907
0.569984
0.570152
0.570335
0.57064
0.570861
0.571217
0.571342
0.571601
0.571871
0.572154
0.5723
0.5726
0.57323
0.57356
0.573727
0.574069
0.574417
0.574772
0.574951
0.575678
0.576046
0.576231
0.576416
0.576787
0.577344
0.577714
0.578261
0.578442
0.578797
0.579144
0.579314
0.579645
0.579963
0.580554
0.58069
0.580944
0.581172
0.581371
0.581458
0.581606
0.581799
0.581826
0.581847
0.581866
0.581857
0.581823
0.581765
0.581585
0.581527
0.581396
0.581247
0.581078
0.580892
0.580689
0.58047
0.580235
0.580113
0.579725
0.579589
0.579164
0.578557
0.578398
0.578073
0.577739
0.577399
0.577052
0.576344
0.576165
0.575803
0.575438
0.575071
0.574704
0.574337
0.573786
0.573603
0.573239
0.572878
0.572699
0.572346
0.572172
0.571335
0.571335
0.57087
0.570723
0.570443
0.570184
0.56995
0.569569
0.569494
0.569427
0.569319
0.569217
0.569186
0.569181
0.569227
0.569255
0.569327
0.569372
0.569477
0.569602
0.569746
0.570089
0.570185
0.570285
0.570497
0.570845
0.571095
0.571226
0.571782
0.571929
0.572078
0.572387
0.572868
0.573201
0.573542
0.574071
0.57425
0.574615
0.574985
0.575362
0.575743
0.576127
0.576707
0.577094
0.577094
0.577479
0.577861
0.578428
0.578614
0.57934
0.579516
0.579689
0.580024
0.580345
0.580648
0.58106
0.581413
0.581515
0.581695
0.581839
0.581947
0.582024
0.582084
0.582082
0.582056
0.582006
0.581889
0.581784
0.581516
0.581355
0.581179
0.580989
0.580785
0.580678
0.580221
0.580099
0.579973
0.579578
0.579441
0.579157
0.578863
0.578244
0.578083
0.577756
0.577589
0.577249
0.576725
0.576368
0.57582
0.575634
0.575447
0.575071
0.574692
0.574311
0.57393
0.573172
0.572985
0.572614
0.572248
0.571889
0.57154
0.5712
0.570716
0.570563
0.570415
0.570135
0.569763
0.569653
0.569459
0.569175
0.569126
0.569085
0.569028
0.568997
0.569001
0.569051
0.569158
0.569205
0.569315
0.569447
0.569599
0.56977
0.56996
0.570389
0.570389
0.570506
0.570752
0.571147
0.571427
0.571721
0.572186
0.572511
0.572511
0.572847
0.573194
0.573913
0.574471
0.574851
0.575234
0.575619
0.576006
0.576394
0.57717
0.577364
0.57775
0.57813
0.578504
0.579226
0.579573
0.579743
0.579909
0.580233
0.580542
0.580835
0.58111
0.581593
0.581697
0.581883
0.581964
0.5821
0.5822
0.582268
0.582315
0.582297
0.582279
0.582256
0.58215
0.582104
0.581996
0.581719
0.581637
0.58155
0.581363
0.581158
0.58082
0.580575
0.58018
0.580041
0.579607
0.579457
0.579303
0.578986
0.578657
0.577968
0.57779
0.57761
0.577057
0.576679
0.576295
0.575513
0.575117
0.574722
0.574326
0.573932
0.573539
0.572572
0.572572
0.572383
0.572196
0.571829
0.571296
0.570957
0.570476
0.570324
0.570176
0.569898
0.569526
0.569417
0.569136
0.568937
0.568888
0.568816
0.568766
0.568764
0.568782
0.5688
0.568893
0.568984
0.569097
0.569231
0.569387
0.569563
0.569757
0.5702
0.5702
0.570321
0.570575
0.570983
0.571272
0.571574
0.572051
0.572216
0.572384
0.572728
0.573263
0.573632
0.574009
0.574589
0.574785
0.575181
0.575582
0.575783
0.576188
0.576595
0.57741
0.577614
0.577817
0.578221
0.578817
0.579206
0.579585
0.580129
0.580303
0.580474
0.580956
0.58125
0.581519
0.581965
0.582055
