0.531774
0.531775
0.531779
0.53178
0.531776
0.531774
0.531772
0.531772
0.531774
0.531777
0.531786
0.531799
0.5318
0.531798
0.531791
0.531785
0.53178
0.531769
0.531764
0.531761
0.531761
0.531765
0.531773
0.531782
0.531785
0.531787
0.531785
0.531783
0.531779
0.531779
0.53178
0.531783
0.531784
0.531784
0.531784
0.53178
0.531778
0.531779
0.531781
0.531782
0.53178
0.531778
0.531778
0.531774
0.531773
0.531774
0.531779
0.531779
0.531779
0.531775
0.531773
0.531772
0.53177
0.53177
0.531769
0.531761
0.531761
0.531761
0.531761
0.531762
0.531766
0.531766
0.531766
0.531766
0.531746
0.531742
0.531738
0.531736
0.531736
0.531738
0.531742
0.531752
0.531757
0.531769
0.53177
0.53177
0.531764
0.531758
0.531745
0.531737
0.531729
0.531722
0.531706
0.531705
0.531705
0.531708
0.531718
0.531725
0.531732
0.531745
0.531751
0.531754
0.531748
0.531742
0.531734
0.531727
0.531719
0.531712
0.531712
0.531696
0.531697
0.5317
0.531704
0.531705
0.531705
0.531704
0.531701
0.531697
0.531693
0.531681
0.531683
0.531685
0.531687
0.531691
0.531692
0.531693
0.531692
0.531691
0.531682
0.53168
0.531681
0.531682
0.531685
0.531692
0.531696
0.5317
0.531703
0.531699
0.531694
0.531688
0.531676
0.531671
0.531666
0.531662
0.53166
0.531662
0.53168
0.531688
0.531697
0.531705
0.531713
0.531727
0.531731
0.531733
0.531734
0.531705
0.531699
0.531695
0.531691
0.531689
0.531689
0.531693
0.531697
0.531714
0.531721
0.531723
0.531724
0.531723
0.531721
0.531717
0.531716
0.531715
0.53172
0.531729
0.531733
0.531737
0.531741
0.531744
0.531747
0.531752
0.531754
0.531762
0.531765
0.531765
0.531767
0.531769
0.531771
0.531774
0.531777
0.531779
0.531789
0.531791
0.531793
0.531796
0.531797
0.531799
0.531801
0.531809
0.531825
0.531827
0.531827
0.531825
0.531823
0.531821
0.53182
0.531819
0.531819
0.531842
0.53185
0.53185
0.531857
0.53187
0.53187
0.531878
0.531879
0.531879
0.531867
0.531865
0.531866
0.531866
0.531869
0.531874
0.53188
0.531895
0.531902
0.531923
0.531924
0.531922
0.53192
0.531917
0.531914
0.531912
0.53191
0.531926
0.531932
0.531938
0.531943
0.531947
0.531952
0.531952
0.53195
0.531947
0.531929
0.531924
0.531924
0.531929
0.531933
0.531944
0.531944
0.531955
0.531964
0.531962
0.531959
0.531954
0.53195
0.531946
0.531941
0.531936
0.53195
0.531956
0.531962
0.531971
0.531975
0.531976
