0.514312
0.514308
0.514306
0.514299
0.514293
0.514287
0.514285
0.514299
0.514305
0.514317
0.514323
0.514335
0.514345
0.514347
0.514347
0.514338
0.514335
0.514328
0.514322
0.514318
0.51431
0.51431
0.514307
0.514305
0.514303
0.514302
0.5143
0.514298
0.514295
0.514289
0.514285
0.514283
0.514279
0.514274
0.514269
0.514267
0.514262
0.514253
0.514252
0.51425
0.514248
0.514246
0.514242
0.514237
0.51423
0.514228
0.514226
0.514226
0.514226
0.514226
0.514225
0.514225
0.514227
0.514232
0.514232
0.514232
0.51423
0.51423
0.514231
0.514234
0.514248
0.514251
0.514256
0.51426
0.514262
0.514267
0.514288
0.514291
0.514295
0.514298
0.514305
0.514309
0.514319
0.514326
0.514338
0.514338
0.514347
0.514363
0.514374
0.514384
0.514394
0.514412
0.514416
0.514424
0.514434
0.514438
0.514443
0.514453
0.514457
0.514461
0.514469
0.514481
0.514487
0.514492
0.514497
0.514497
0.514497
0.514496
0.514491
0.514488
0.514487
0.514492
0.514492
0.514494
0.514497
0.514496
0.514491
0.51447
0.51447
0.514465
0.51446
0.514449
0.514432
0.514421
0.51441
0.514395
0.514384
0.514368
0.514358
0.514348
0.514337
0.514312
0.514298
0.514284
0.51427
0.514264
0.514252
0.51422
0.514208
0.514195
0.514184
0.514178
0.514167
0.514148
0.514122
0.51411
0.514098
0.514089
0.514085
0.514073
0.514066
0.514056
0.514049
0.514049
0.514042
0.514034
0.51403
0.514028
0.514029
0.514029
0.51403
0.514033
0.514041
0.514048
0.514055
0.51407
0.51407
0.514074
0.514082
0.514096
0.514107
0.514119
0.514139
0.514139
0.514161
0.514177
0.514194
0.514211
0.514266
0.514266
0.514285
0.514303
0.51432
0.514337
0.514355
0.514383
0.514393
0.514402
0.514432
0.514451
0.514471
0.514519
0.514528
0.514537
0.514565
0.514582
0.514597
0.514612
0.514634
0.514634
0.514647
0.514665
0.514675
0.514683
0.51469
0.514694
0.514696
0.514696
0.514693
0.51469
0.51469
0.51469
0.51469
0.514686
0.514675
0.514663
0.51465
0.514636
0.514622
0.5146
0.5146
0.514586
0.514562
0.514545
0.514526
0.514506
0.514473
0.514473
0.51445
0.514415
0.514392
0.514368
0.514344
0.514307
0.514307
0.514294
0.514242
0.514214
0.514187
0.514159
0.514131
0.514077
0.514051
0.514027
0.514006
0.513996
0.513967
0.513939
0.51392
0.513911
0.513894
0.513878
0.513871
0.513857
0.51384
0.513837
0.513834
0.513834
0.513835
0.513838
0.513842
0.513853
0.51386
0.513869
0.513878
0.513888
0.513899
0.513927
0.513927
0.513943
0.513951
0.513979
0.513998
0.514018
0.514064
0.514089
0.514115
0.514129
0.514156
0.514182
0.514209
0.514263
0.514263
0.514292
0.514321
0.514366
0.514396
0.514427
0.51449
0.514523
0.514557
0.514573
0.514604
0.514647
0.5147
0.5147
0.514725
0.514737
0.514761
0.514784
0.514816
0.514846
0.514854
0.51487
0.514877
0.514892
0.514897
0.514898
0.514891
0.514886
0.514879
0.514872
0.514869
0.514862
0.514849
0.514837
0.514809
0.514809
0.51479
0.51477
0.514748
0.514736
0.514712
0.514647
0.514619
0.51459
0.514561
0.514547
0.514503
0.514474
0.514426
0.51441
0.514375
0.51434
0.514303
0.514266
0.514229
0.514174
0.514156
0.514118
0.51408
0.514061
0.514023
0.513986
0.513912
0.513894
0.513859
0.513842
0.513794
0.513765
0.513751
0.513714
0.513682
0.513682
0.513665
0.513644
0.513636
0.513632
0.513631
0.513639
0.513647
0.513651
0.513661
0.513672
0.513691
0.513714
0.513722
0.51374
0.51375
0.51377
0.513792
0.513828
0.513854
0.513913
0.513913
0.513945
0.513962
0.514016
0.514054
0.514092
0.514171
0.514171
0.514212
0.514254
0.514297
0.51434
0.514361
0.514471
0.514517
0.514562
0.514607
0.514649
0.51467
0.514711
0.514787
0.514823
0.514841
0.514875
0.514908
0.514924
0.514971
0.515026
0.515049
0.515069
0.515084
0.515089
0.515094
0.515092
0.515086
0.515079
0.515071
0.515063
0.515054
0.515039
0.515032
0.515018
0.515001
0.514982
0.514972
0.514949
0.514882
0.514867
0.51482
0.514788
0.514755
0.514738
0.514667
0.514667
0.51463
0.514571
0.514528
0.514484
0.514438
0.514367
0.514367
0.514318
0.514244
0.514194
0.514144
0.514094
0.513993
0.513993
0.513943
0.513893
0.513845
0.513821
0.513774
0.513706
0.513623
0.513586
0.513569
0.513538
0.513511
0.513488
0.513469
0.513437
0.513434
0.513432
0.513434
0.513442
0.513449
0.513463
0.513469
0.513483
0.51349
0.513508
0.513538
0.51356
0.51361
0.513624
0.513639
0.513654
0.513685
0.513737
0.513775
0.513856
0.513856
0.513877
0.513921
0.51399
0.514039
0.51409
0.514169
0.514196
0.514251
0.514308
0.514364
0.514421
0.514479
0.514594
0.514594
0.514594
0.514707
0.514735
0.514818
0.514872
0.51495
0.514975
0.515024
0.515071
0.515093
0.515135
0.51519
0.515235
0.515247
0.515268
0.515283
0.515288
0.515294
0.515291
0.515275
0.515275
0.515263
0.515256
0.515239
0.51522
0.515186
0.515132
0.515101
0.515085
0.515038
0.515005
0.514971
0.514897
0.514897
0.514877
0.514814
0.514769
0.514722
0.514672
0.514594
0.514594
0.514538
0.514452
0.514393
0.514333
0.514272
0.51418
0.514119
0.514056
0.513994
0.513904
0.513845
0.513703
0.513703
0.513648
0.513571
0.513525
0.513502
0.513422
0.513403
0.513369
0.513338
0.513323
0.513284
0.513262
0.513234
0.51323
0.513232
0.513238
0.513242
0.513252
0.513273
0.513299
0.513309
0.513331
0.513355
0.513381
0.513396
0.513425
0.513493
0.513511
0.513551
0.513593
0.513639
0.513687
0.513737
0.513815
0.513842
0.51387
0.513926
0.514014
0.514075
0.514138
0.514236
0.514236
0.514302
0.514405
0.514474
0.514543
0.514613
0.514749
0.514783
0.514849
0.514944
0.515004
0.515063
0.515119
0.515199
0.515225
0.51525
0.51532
0.515362
0.5154
0.515432
0.515469
0.515482
0.515482
0.515488
0.515486
0.515479
0.515469
0.515449
0.515441
0.515422
0.515401
0.515376
0.515348
0.515332
0.515245
0.515205
0.515163
0.515119
0.515074
0.51505
0.514951
0.514926
0.514872
0.514817
0.514759
0.514699
0.514636
0.514538
0.514505
0.514471
0.514403
0.514299
0.514228
0.514156
0.514047
0.514047
0.513973
0.513863
0.51379
0.513717
0.513646
0.513509
0.513509
0.513444
0.513413
0.513353
0.513296
0.513218
0.513149
0.513129
0.513093
0.513065
0.513047
0.513041
0.513034
0.513046
0.513061
0.513078
0.513098
0.51312
0.513132
0.513187
0.513187
0.513236
0.513272
0.513311
0.513352
0.513397
0.513471
0.513471
0.513551
0.513579
0.513668
0.513729
0.513761
0.513926
0.513926
0.513996
0.514032
0.514106
0.514181
0.514259
0.514416
0.514456
0.514537
0.514617
0.514697
0.514777
0.514816
0.514971
0.515009
0.515084
0.515158
0.515229
0.515299
0.515365
0.515457
0.515457
0.515512
0.515561
0.515603
0.515638
0.515664
0.515688
0.515689
0.515686
0.515678
0.515665
0.515648
0.515627
0.515589
0.515589
0.515558
0.515523
0.515484
0.51542
0.515374
0.5153
0.515274
0.51522
0.515163
0.515103
0.51504
0.514974
0.514868
0.514868
0.514795
0.514682
0.514604
0.514524
0.514442
0.514318
0.514318
0.514192
0.514106
0.51402
0.513933
0.513846
0.513674
0.51359
0.513549
0.513469
0.513393
0.51332
0.513185
0.513185
0.513123
0.513038
0.512987
0.512942
0.512903
0.512851
0.51284
0.512836
0.51284
0.512849
0.512855
0.51291
0.512921
0.512947
0.512975
0.51299
0.513021
0.513094
0.513114
0.513135
0.513203
0.513252
0.513305
0.513361
0.513481
0.513481
0.513513
0.513578
0.513681
0.513753
0.513828
0.513988
0.513988
0.51403
0.514115
0.514246
0.514335
0.514425
0.514652
0.514698
0.514743
0.514834
0.514966
0.515052
0.515177
0.515218
0.515298
0.515337
0.515414
0.515523
0.515591
0.515711
0.515711
0.515761
0.515783
0.515838
0.515863
0.515879
0.515886
0.515884
0.515884
0.515874
0.515859
0.515827
0.5158
0.515768
0.515712
0.51567
0.5156
0.51555
0.515499
0.515445
0.515359
0.515329
0.515266
0.515201
0.515132
0.515061
0.514987
0.51487
0.51487
0.514746
0.514661
0.514573
0.514484
0.514394
0.514255
0.514208
0.514114
0.514019
0.513922
0.513826
0.51373
0.51354
0.513447
0.513357
0.513269
0.513186
0.513146
0.512996
0.512996
0.512895
0.512835
0.512781
0.512734
0.512713
0.512655
0.512647
0.512638
0.512638
0.512646
0.512659
0.512678
0.512689
0.512745
0.512761
0.512798
0.51284
0.512886
0.51291
0.512962
0.513077
0.513107
0.513172
0.51324
0.513311
0.513348
0.513425
0.513587
0.513672
0.513716
0.513806
0.513852
0.513945
0.51409
0.514239
0.514289
0.51439
0.514491
0.514542
0.514643
0.514797
0.51495
0.515051
0.515102
0.515202
0.5153
0.515349
0.515443
0.515622
0.515664
0.515744
0.515818
0.515885
0.515915
0.515969
0.516029
0.516056
0.51608
0.51608
0.516079
0.516071
0.516055
0.516045
0.516021
0.515956
0.515915
0.515893
0.515845
0.515793
0.515737
0.515707
0.515578
0.515578
0.515509
0.515436
0.51536
0.515279
0.515194
0.515016
0.515016
0.514923
0.514779
0.514681
0.514581
0.514478
0.51432
0.514267
0.514159
0.51405
0.513941
0.513831
0.513721
0.513558
0.513504
0.513399
0.513295
0.513194
0.513145
0.513049
0.512957
0.512747
0.512747
0.51271
0.51264
0.51258
0.512511
0.512481
0.512453
0.512454
0.512461
0.512476
0.512495
0.51252
0.512565
0.512565
0.51262
0.512662
0.512685
0.512735
0.512818
0.512982
0.513017
0.513053
0.513127
0.513203
0.513322
0.51349
0.513579
0.51367
0.513763
0.513858
0.513954
0.514051
0.514251
0.514251
0.514302
0.514404
0.514507
0.514663
0.514821
0.514927
0.514927
0.515034
0.51514
0.515299
0.515403
0.515505
0.515747
0.515793
0.51588
0.515922
0.515999
0.516068
0.516181
0.516223
0.516223
0.516265
0.516281
0.516287
0.516284
0.51628
0.516243
0.516243
0.516214
0.51618
0.516119
0.516073
0.516023
0.515908
0.515877
0.515845
0.515777
0.515704
0.515666
0.515587
0.515325
0.515278
0.515182
0.515084
0.514985
0.514884
0.514676
0.514676
0.514622
0.514514
0.514403
0.514235
0.514122
0.513892
0.513892
0.513777
0.513719
0.513604
0.51349
0.513377
0.513155
0.5131
0.512994
0.512942
0.51284
0.512695
0.512606
0.512449
0.512449
0.512385
0.512357
0.512311
0.512278
0.512251
0.512247
0.51225
0.512263
0.512283
0.512309
0.512342
0.512361
0.512451
0.512451
0.512505
0.512564
0.512664
0.512737
0.512815
0.512897
0.513072
0.513072
0.513166
0.513214
0.513364
0.513469
0.513578
0.513862
0.513921
0.51398
0.514099
0.514219
0.514399
0.514519
0.51476
0.51476
0.51482
0.515061
0.515061
0.515241
0.515359
0.515532
0.515644
0.515699
0.515806
0.515908
0.515957
0.516051
0.516221
0.516293
0.516354
0.516404
0.516441
0.516466
0.516484
0.516479
0.516456
0.516432
0.516403
0.516368
0.516285
0.516285
0.516237
0.516184
0.516156
0.516097
0.515999
0.515891
0.515853
0.515772
0.515687
0.515597
0.515503
0.515404
0.515301
0.515196
0.515142
0.515031
0.514918
0.514741
0.51462
0.514306
0.514242
0.514112
0.514048
0.513918
0.513725
0.513598
0.51341
0.513348
0.513225
0.513106
0.512989
0.512875
0.512765
0.512607
0.512508
0.512461
0.512415
0.512291
0.512254
0.51219
0.512137
0.512062
0.512056
0.512053
0.512061
0.512077
0.5121
0.512165
0.512165
0.512185
0.512255
0.512281
0.51237
0.512437
0.512626
0.512668
0.512753
0.512842
0.512933
0.51298
0.513077
0.513334
0.513442
0.513553
0.513666
0.513782
0.51384
0.51402
0.514327
0.514389
0.514513
0.514575
0.514699
0.514883
0.515128
0.515249
0.515369
0.515487
0.515602
0.515714
0.515825
0.515879
0.516086
0.516135
0.516229
0.516317
0.516399
0.516471
0.516534
0.516607
0.516607
0.51664
0.51666
0.516671
0.516666
0.516653
0.516633
0.516569
0.516569
0.516526
0.516476
0.516419
0.516389
0.516289
0.516097
0.516055
0.515968
0.515922
0.515781
0.515682
0.515526
0.515472
0.515362
0.515248
0.51513
0.515071
0.514949
0.514633
0.514568
0.514438
0.514307
0.514109
0.513977
0.513843
0.513643
0.513576
0.513443
0.513311
0.513246
0.513116
0.512988
0.512801
0.512622
0.512565
0.512454
0.512349
0.512251
0.512205
0.512119
0.51198
0.51198
0.511929
0.511891
0.511866
0.511851
0.511856
0.511881
0.511893
0.511926
0.511966
0.512013
0.51204
0.512198
0.512198
0.512198
0.512439
0.512531
0.512626
0.512676
0.512884
0.512993
0.513049
0.513162
0.51328
0.51334
0.513463
0.513721
0.513855
0.513923
0.514061
0.51413
0.514271
0.514486
0.514702
0.514775
0.51492
0.515065
0.515137
0.515352
0.515494
0.515703
0.515772
0.515906
0.515972
0.5161
0.516279
0.51639
0.516586
0.516586
0.516667
0.516704
0.516767
0.516839
0.516871
0.516896
0.516895
0.516895
0.516884
0.516847
0.51681
0.516764
0.516613
0.516613
0.51654
0.516421
0.516334
0.516043
0.516043
0.516043
0.515989
0.515879
0.515705
0.515584
0.515459
0.515265
0.515265
0.515132
0.514925
0.514784
0.514641
0.514495
0.514272
0.514272
0.514121
0.513893
0.51374
0.513587
0.513436
0.513211
0.513137
0.513064
0.512848
0.512708
0.512572
0.51244
0.512255
0.512255
0.512141
0.511986
0.511898
0.511821
0.511758
0.511688
0.511688
0.511647
0.511636
0.511637
0.51165
0.511674
0.511727
0.511775
0.511802
0.511864
0.511934
0.512011
0.512053
0.512287
0.512392
0.512503
0.51262
0.51274
0.512801
0.512926
0.513185
0.513185
0.513321
0.513459
0.513601
0.51382
0.51397
0.514198
0.514275
0.514429
0.514585
0.514741
0.514819
0.514975
0.515287
0.515365
0.515518
0.51567
0.515818
0.515892
0.516035
0.516174
0.516433
0.516493
0.516606
0.51671
0.516757
0.516843
0.51695
0.517048
0.517048
0.517078
0.517095
0.517099
0.517096
0.517069
0.517016
0.516994
0.516941
0.51688
0.516846
0.516772
0.516646
0.516504
0.516454
0.516348
0.516235
0.516176
0.516054
0.51586
0.515583
0.515583
0.515438
0.51529
0.515215
0.515062
0.514827
0.514504
0.51434
0.514175
0.514009
0.513843
0.513678
0.513352
0.513192
0.513035
0.512882
0.512734
0.512661
0.512318
0.512191
0.51207
0.511958
0.511855
0.511807
0.51168
0.511581
0.511554
0.51151
0.511478
0.511468
0.511456
0.511461
0.511504
0.511504
0.511539
0.511583
0.511608
0.511694
0.511761
0.511916
0.511916
0.511959
0.512051
0.512149
0.512308
0.512422
0.512665
0.512665
0.512729
0.512928
0.513066
0.513208
0.513355
0.513582
0.513582
0.513739
0.51398
0.514144
0.514309
0.514477
0.514729
0.514729
0.514898
0.515152
0.515319
0.515485
0.515648
0.515889
0.515889
0.516122
0.516272
0.516416
0.516553
0.516682
0.516906
0.516955
0.517081
0.51715
0.517206
0.517251
0.517305
0.517307
0.517305
0.517292
0.517252
0.517212
0.517162
0.517068
0.517033
0.516956
0.516871
0.51678
0.516732
0.51663
0.516408
0.516348
0.516225
0.516095
0.51596
0.515819
0.515747
0.515447
0.515447
0.515211
0.51505
0.514885
0.514718
0.514549
0.514291
0.514118
0.513943
0.513682
0.513509
0.513337
0.513001
0.512837
0.512756
0.512598
0.512371
0.512226
0.511956
0.511832
0.511718
0.511666
0.51157
0.511486
0.511358
0.511334
0.511296
0.511272
0.511259
0.51126
0.511264
0.511326
0.511326
0.511367
0.511392
0.511447
0.511547
0.511624
0.511754
0.511802
0.511901
0.512007
0.512063
0.512178
0.512363
0.512561
0.512629
0.51277
0.512916
0.513067
0.513145
0.513303
0.513716
0.513886
0.514059
0.514232
0.514406
0.514493
0.514842
0.514842
0.515104
0.515278
0.515451
0.515622
0.515792
0.51604
0.51604
0.516278
0.516431
0.516577
0.516715
0.516781
0.517022
0.517075
0.517172
0.517257
0.517329
0.517389
0.517414
0.517481
0.517489
0.517497
0.517492
0.517474
0.517461
0.517424
0.517315
0.517281
0.517205
0.517119
0.517024
0.516973
0.516864
0.51662
0.516486
0.516417
0.516273
0.516124
0.516047
0.515889
0.51556
0.515474
0.5153
0.515122
0.51494
0.514848
0.514662
0.514379
0.514093
0.513998
0.513806
0.513614
0.513424
0.513329
0.513049
0.512596
0.512509
0.512337
0.512171
0.512091
0.511867
0.511605
0.511492
0.511392
0.511305
0.51123
0.511167
0.511079
0.511079
0.511043
0.511044
0.511058
0.511084
0.511121
0.511144
0.511262
0.511262
0.511375
0.511461
0.511555
0.511658
0.511712
0.511947
0.512011
0.512143
0.512282
0.512427
0.512577
0.512732
0.512974
0.512974
0.513141
0.513313
0.513488
0.513667
0.514221
0.514221
0.514411
0.514506
0.514698
0.514794
0.514986
0.515177
0.515555
0.515649
0.515834
0.516015
0.516193
0.516367
0.516451
0.51677
0.516845
0.516986
0.517115
0.517231
0.517285
0.517382
0.51757
0.517622
0.517663
0.517678
0.5177
0.517711
0.517702
0.517665
0.517646
0.517624
0.51757
0.517465
0.517424
0.517334
0.517063
0.517001
0.516937
0.516803
0.516662
0.516512
0.516435
0.516111
0.516111
0.515853
0.515674
0.515583
0.515396
0.515206
0.514814
0.514814
0.514515
0.514314
0.514112
0.513909
0.513706
0.513302
0.513201
0.513003
0.512713
0.512525
0.512342
0.512167
0.511838
0.511838
0.511762
0.511618
0.511425
0.511312
0.51121
0.511082
0.511011
0.51093
0.510892
0.510867
0.510855
0.510869
0.510869
0.510914
0.510986
0.511049
0.511122
0.51125
0.511347
0.511452
0.511625
0.511749
0.511881
0.512165
0.512165
0.51224
0.512472
0.512634
0.5128
0.512972
0.513237
0.513237
0.513418
0.513697
0.513886
0.514079
0.514274
0.51457
0.51457
0.514769
0.515068
0.515268
0.515465
0.515661
0.51595
0.516044
0.51623
0.516412
0.516587
0.516756
0.516837
0.517139
0.517208
0.517336
0.517451
0.517554
0.517643
0.517683
0.517809
0.517833
0.517871
0.517896
0.517909
0.517911
0.517905
0.517812
0.517785
0.517722
0.517686
0.517603
0.517456
0.517344
0.517086
0.517086
0.517015
0.516868
0.516633
0.516467
0.516294
0.515928
0.515928
0.515833
0.515638
0.515337
0.515132
0.514924
0.514606
0.514606
0.514392
0.514069
0.513853
0.513637
0.513422
0.512996
0.512891
0.512582
0.512383
0.512286
0.512098
0.511586
0.511511
0.511369
0.51124
0.51118
0.511069
0.510885
0.510847
0.510781
0.510727
0.510687
0.510659
0.510644
0.510652
0.510662
0.510711
0.51076
0.510788
0.510855
0.510977
0.511125
0.51118
0.511297
0.511426
0.511493
0.511636
0.511865
0.512196
0.512372
0.512372
0.512463
0.512648
0.512937
0.513135
0.51344
0.513543
0.513753
0.513966
0.514181
0.514399
0.514618
0.514947
0.514947
0.515273
0.515381
0.515595
0.515807
0.516015
0.516418
0.516515
0.516703
0.516883
0.517053
0.517213
0.517288
0.517614
0.517669
0.517816
0.517898
0.517967
0.518024
0.518113
0.518122
0.518129
0.518123
0.518104
0.518089
0.517969
0.517936
0.51786
0.517771
0.51767
0.517498
0.51737
0.517086
0.517086
0.516931
0.516767
0.516682
0.516506
0.516228
0.515935
0.515835
0.51563
0.515422
0.515209
0.514994
0.514553
0.514441
0.514103
0.513878
0.513654
0.513431
0.512994
0.512887
0.512675
0.512366
0.512168
0.511976
0.511793
0.511533
0.511451
0.511372
0.511154
0.511025
0.510909
0.510806
0.510606
0.510606
0.510547
0.510502
0.510469
0.510449
0.510441
0.510476
0.510513
0.510562
0.510624
0.51066
0.510741
0.510942
0.511058
0.511121
0.511253
0.511394
0.511468
0.511622
0.512046
0.512228
0.512228
0.512418
0.512515
0.512713
0.513021
0.513232
0.513666
0.513887
0.513998
0.514222
0.514559
0.514783
0.515007
0.515341
0.515341
0.515562
0.515889
0.516102
0.516311
0.516513
0.516804
0.516804
0.517077
0.517247
0.517406
0.517551
0.517619
0.517861
0.517913
0.518009
0.518093
0.518163
0.518221
0.518244
0.518296
0.51832
0.518314
0.518295
0.518281
0.518243
0.518193
0.517965
0.517916
0.517808
0.51775
0.517623
0.51741
0.517002
0.516913
0.516731
0.516637
0.516347
0.516146
0.515621
0.515512
0.515291
0.51518
0.514954
0.514726
0.514382
0.514036
0.51392
0.513689
0.51346
0.513232
0.513007
0.512785
0.512459
0.512353
0.512143
0.51194
0.511744
0.511556
0.511466
0.511059
0.511059
0.510987
0.510853
0.510731
0.510573
0.510484
0.510374
0.510343
0.510291
0.510252
0.510225
0.51021
0.510208
0.510243
0.51026
0.51028
0.510303
0.51036
0.510469
0.510557
0.510658
0.510965
0.511036
0.51111
0.511266
0.511523
0.511707
0.512104
0.512104
0.512317
0.512538
0.512766
0.512882
0.513118
0.513602
0.513849
0.513974
0.514225
0.514477
0.514604
0.514857
0.515358
0.515483
0.515729
0.51597
0.516206
0.516321
0.516546
0.517064
0.517064
0.51725
0.517424
0.517585
0.517733
0.51787
0.51805
0.518104
0.518201
0.518286
0.518357
0.518416
0.518463
0.51851
0.51852
0.518526
0.518529
0.518519
0.51848
0.518439
0.518278
0.518236
0.518191
0.518091
0.517978
0.517785
0.517403
0.517403
0.517228
0.517042
0.51674
0.516526
0.516303
0.515708
0.515584
0.515333
0.515206
0.514949
0.514559
0.514297
0.513775
0.513775
0.513645
0.513386
0.513004
0.512753
0.512508
0.512039
0.512039
0.511819
0.511713
0.511511
0.511232
0.511145
0.51083
0.51076
0.510627
0.510507
0.5104
0.510305
0.510262
0.510122
0.510095
0.510051
0.51002
0.510002
0.509997
0.51
0.510041
0.510059
0.51008
0.510131
0.510195
0.510315
0.51041
0.510577
0.510639
0.510772
0.510919
0.511079
0.511251
0.511437
0.511739
0.511846
0.512069
0.512184
0.512421
0.512793
0.513051
0.513723
0.513862
0.514
0.51428
0.5147
0.514978
0.515661
0.515794
0.515925
0.516181
0.516548
0.516779
0.516997
0.517397
0.517397
0.517489
0.517665
0.517904
0.518047
0.518177
0.518398
0.518445
0.518568
0.518634
0.518687
0.518728
0.518756
0.518775
0.518775
0.518772
0.518745
0.518711
0.518663
0.518603
0.518442
0.518442
0.518343
0.518288
0.51817
0.517969
0.51782
0.517484
0.517297
0.517097
0.516885
0.516661
0.516425
0.515924
0.515793
0.515526
0.515254
0.514839
0.514559
0.514277
0.513995
0.513572
0.513432
0.513293
0.512881
0.512615
0.512357
0.512109
0.511873
0.511542
0.511542
0.51124
0.511055
0.510883
0.510723
0.510575
0.510317
0.510317
0.510206
0.510155
0.510064
0.509986
0.50992
0.509829
0.509814
0.509803
0.509787
0.509792
0.509809
0.509839
0.509937
0.509937
0.510004
0.510043
0.510129
0.510228
0.510401
0.510604
0.510604
0.510756
0.51092
0.51119
0.511385
0.511592
0.512045
0.51229
0.512547
0.512813
0.51295
0.513228
0.513802
0.513948
0.514242
0.514538
0.514835
0.515129
0.515275
0.515844
0.516119
0.516119
0.516384
0.516763
0.517001
0.517226
0.517539
0.517539
0.517823
0.517997
0.518079
0.518233
0.518375
0.51862
0.518673
0.51877
0.518854
0.518927
0.518958
0.519012
0.519081
0.519096
0.519098
0.519093
0.519075
0.519061
0.519025
0.518946
0.518797
0.518704
0.518599
0.518541
0.518417
0.518206
0.517967
0.517881
0.517699
0.517602
0.5174
0.517073
0.516839
0.516335
0.516066
0.515788
0.515645
0.515354
0.514908
0.514606
0.514149
0.513846
0.513694
0.513544
0.513246
0.512954
0.512531
0.512003
0.512003
0.511758
0.511641
0.511415
0.5111
0.510905
0.510553
0.510553
0.510472
0.510321
0.510183
0.51
0.509893
0.509719
0.509684
0.509623
0.509556
0.509527
0.50951
0.509513
0.509513
0.509522
0.509548
0.509612
0.509671
0.509742
0.509978
0.510035
0.510095
0.510224
0.510442
0.510604
0.510963
0.511161
0.511372
0.511481
0.511711
0.511954
0.512478
0.512478
0.512901
0.513193
0.513492
0.513795
0.513948
0.514564
0.514718
0.515024
0.515327
0.515625
0.515625
0.5162
0.516338
0.516864
0.516988
0.516988
0.517339
0.517661
0.51786
0.518045
0.518379
0.518379
0.518454
0.518527
0.518726
0.518897
0.518994
0.519117
0.519151
0.51921
0.519257
0.51929
0.51931
0.519318
0.519305
0.519305
0.519265
0.519223
0.519168
0.519101
0.519022
0.518823
0.518704
0.518572
0.518428
0.518271
0.518102
0.51792
0.517518
0.51741
0.517184
0.516821
0.516563
0.516293
0.515717
0.515717
0.515415
0.515107
0.514795
0.514479
0.514163
0.513532
0.513532
0.513376
0.513067
0.512614
0.512322
0.51204
0.511638
0.511638
0.51151
0.511145
0.510918
0.510601
0.510406
0.509976
0.5099
0.509827
0.509691
0.509509
0.509404
0.509231
0.509195
0.509162
0.509107
0.509084
0.509047
0.509015
0.50901
0.50904
0.509055
0.509055
0.509096
0.509182
0.509254
0.509338
0.509545
0.509545
0.509604
0.509733
0.509949
0.510109
0.510282
0.510566
0.510566
0.510771
0.51099
0.511342
0.511592
0.511855
0.512128
0.512555
0.512702
0.512999
0.513301
0.513607
0.513915
0.514223
0.514682
0.514984
0.514984
0.515424
0.515709
0.515983
0.516245
0.516615
0.516615
0.516844
0.517166
0.517364
0.517551
0.517725
0.517963
0.517963
0.518171
0.518294
0.518404
0.518501
0.518585
0.518716
0.51874
0.518796
0.518817
0.518826
0.518822
0.518793
0.518793
0.518757
0.518709
0.518611
0.51853
0.518436
0.518272
0.518272
0.518148
0.517938
0.517782
0.517613
0.517431
0.517134
0.517134
0.516919
0.516692
0.516328
0.51607
0.515803
0.515104
0.515104
0.514671
0.514381
0.51409
0.513801
0.513657
0.513093
0.512956
0.512688
0.512431
0.512185
0.511952
0.51184
0.511425
0.511425
0.511148
0.510979
0.510823
0.51068
0.510612
0.510274
0.510228
0.510147
0.510078
0.510049
0.51
0.509942
0.509935
0.509931
0.50994
0.509961
0.509977
0.510017
0.510135
0.510213
0.510257
0.510354
0.510463
0.510523
0.510652
0.511032
0.511032
0.511207
0.511298
0.511491
0.511803
0.512026
0.512385
0.512511
0.512769
0.512901
0.513309
0.513588
0.513869
0.514435
0.514435
0.514576
0.514856
0.515267
0.515533
0.51579
0.516275
0.5165
0.516712
0.516912
0.517099
0.517273
0.517509
0.517509
0.517715
0.517838
0.517947
0.518045
0.518234
0.518287
0.518309
0.518343
0.518364
0.518373
0.518372
0.518321
0.518278
0.518223
0.518155
0.518075
0.51782
0.51782
0.517696
0.517629
0.517485
0.517327
0.517157
0.517068
0.516678
0.516572
0.516353
0.516121
0.515877
0.515623
0.515493
0.514819
0.514681
0.514263
0.513984
0.513707
0.513433
0.512774
0.512774
0.512649
0.512526
0.512288
0.511954
0.511746
0.511551
0.511198
0.511041
0.510897
0.510767
0.510649
0.510543
0.510495
0.510335
0.510335
0.510248
0.510205
0.510175
0.510158
0.510153
0.510182
0.510216
0.510264
0.510324
0.510396
0.510437
0.510528
0.510747
0.51081
0.510945
0.511093
0.511253
0.511339
0.511614
0.511918
0.512136
0.51225
0.512487
0.51261
0.512863
0.51326
0.51367
0.51381
0.51409
0.514373
0.514515
0.514797
0.515217
0.515757
0.515757
0.516015
0.51614
0.516382
0.516722
0.516933
0.517317
0.517317
0.517405
0.517572
0.5178
0.517935
0.518059
0.518267
0.518311
0.518389
0.518482
0.518528
0.518561
0.518588
0.518591
0.518591
0.518571
0.518542
0.5185
0.518445
0.518338
0.518338
0.518251
0.51815
0.517976
0.517844
0.5177
0.51746
0.517374
0.517284
0.517096
0.516791
0.516572
0.516339
0.51584
0.51571
0.515443
0.515033
0.514755
0.514476
0.513921
0.513921
0.513784
0.513513
0.513117
0.512864
0.51262
0.512276
0.512276
0.512061
0.511763
0.51167
0.511493
0.511252
0.510917
0.51086
0.510806
0.510707
0.51062
0.510546
0.510436
0.510416
0.510386
0.510368
0.510363
0.510365
0.510379
0.510446
0.5105
0.510531
0.510604
0.510689
0.510787
0.51084
0.511154
0.511302
0.511463
0.511636
0.511727
0.51192
0.512344
0.512458
0.512695
0.512944
0.513203
0.513469
0.513605
0.514159
0.514159
0.514582
0.514864
0.515146
0.515424
0.515698
0.515832
0.516349
0.516472
0.516708
0.516932
0.517143
0.517342
0.517437
0.517784
0.517863
0.518011
0.518147
0.51827
0.518381
0.518431
0.518522
0.518666
0.518693
0.518739
0.518772
0.518793
0.518802
0.518802
0.518754
0.518712
0.518656
0.518588
0.518507
0.518462
0.518362
0.518123
0.518056
0.517911
0.517754
0.517585
0.517403
0.517308
0.516669
0.516551
0.516305
0.516047
0.51578
0.515643
0.515079
0.515079
0.514645
0.514353
0.514062
0.513773
0.513629
0.513068
0.513068
0.512665
0.512408
0.512163
0.511929
0.511708
0.511303
0.511211
0.510952
0.510796
0.510653
0.510522
0.51035
0.51035
0.510252
0.510166
0.51006
0.510005
0.509963
0.509914
0.509914
0.509909
0.509911
0.509925
0.509952
0.509993
0.510112
0.51015
0.510235
0.510333
0.510443
0.510565
0.510631
0.510927
0.511009
0.511094
0.511273
0.511567
0.511779
0.512004
0.51249
0.512619
0.512881
0.513287
0.513564
0.513844
0.514126
0.514549
0.514549
0.514829
0.51524
0.515507
0.515765
0.516014
0.516366
0.516476
0.516688
0.516887
0.517072
0.517245
0.517327
0.517623
0.517689
0.517752
0.517869
0.517974
0.518065
0.518144
0.518283
0.518316
0.518337
0.518344
0.518339
0.518322
0.518272
0.518249
0.518195
0.518163
0.518089
0.517956
0.51785
0.517667
0.517528
0.517454
0.517297
0.517213
0.517037
0.516749
0.516433
0.516322
0.516089
0.515968
0.51572
0.515462
0.515197
0.51465
0.514511
0.514371
0.513952
0.513674
0.513399
0.51313
0.512491
0.512371
0.512253
0.512027
0.511813
0.511613
0.511424
0.511008
0.510863
0.510731
0.510611
0.510505
0.510411
0.510296
0.510264
0.510236
0.510188
0.510152
0.510129
0.510117
0.510134
0.510146
0.510179
0.510225
0.510283
0.510317
0.510395
0.51059
0.51059
