0.527952
0.527953
0.527963
0.527968
0.527972
0.527979
0.52798
0.527978
0.527974
0.527969
0.527942
0.52794
0.527939
0.527942
0.527945
0.52795
0.527954
0.527959
0.527963
0.527966
0.527963
0.527961
0.527957
0.527956
0.527956
0.527958
0.527959
0.527961
0.527962
0.527959
0.527957
0.527956
0.527955
0.527956
0.527958
0.527959
0.527959
0.527952
0.527951
0.527951
0.527954
0.527954
0.527962
0.527966
0.527971
0.527975
0.527977
0.527973
0.527968
0.527956
0.527951
0.527941
0.527938
0.527937
0.527953
0.527953
0.527961
0.527964
0.527965
0.527963
0.527959
0.527954
0.527949
0.527943
0.527925
0.527924
0.527924
0.527927
0.52793
0.527939
0.527944
0.527948
