0.523458
0.523458
0.523459
0.523459
0.523458
0.523457
0.523457
0.523461
0.523464
0.523471
0.523471
0.52347
0.523464
0.523461
0.523457
0.523454
0.52345
0.523451
0.523469
0.523475
0.523488
0.523493
0.523497
0.523499
0.523497
0.523493
0.523488
0.523457
0.523449
0.523443
0.523437
0.523431
0.523431
0.523434
0.523438
0.523443
0.523462
0.523473
0.523477
0.52348
0.523479
0.523476
0.523473
0.52347
0.523466
0.523461
0.523461
0.523466
0.523469
0.523472
0.523473
0.523472
0.52347
0.523455
0.523451
0.523448
0.523444
0.523443
0.523445
0.523446
0.523451
0.523453
0.52345
0.523442
0.523442
0.523435
0.523432
0.52343
