0.579768
0.579782
0.579789
0.579788
0.579784
0.57978
0.579774
0.579768
0.579756
0.579747
0.579747
0.57975
0.579758
0.579763
0.579767
0.579772
0.579776
0.579776
0.57976
0.579754
0.579749
0.579744
0.57974
0.579736
0.579737
0.57974
0.579745
0.579775
0.579784
0.579792
0.579805
0.57981
0.579813
0.579814
0.579808
0.579762
0.57975
0.579739
0.57972
0.579713
0.579708
0.579707
0.57971
0.579739
0.579748
0.579757
0.579772
0.579778
0.579782
0.579785
0.579783
0.57978
0.579766
0.579761
0.579756
0.579749
0.579748
0.579749
0.579752
0.579752
0.579755
0.579773
0.579773
0.579772
0.579766
0.579755
0.57975
0.579744
0.579732
0.579733
0.579734
0.579735
0.579734
0.579734
0.579733
0.579731
0.579724
0.579721
0.579717
0.579718
0.579719
0.579722
0.579722
0.579713
0.579713
0.579711
0.579712
0.579712
0.579712
0.579712
0.579709
0.579705
0.579702
0.579702
0.579701
0.579702
0.579704
0.579705
0.579705
0.579694
0.579686
0.579682
0.579676
0.579675
0.579676
0.579686
0.579705
0.57971
0.579709
0.579707
0.5797
0.579696
0.579691
0.579682
0.579677
0.579678
0.57968
0.579684
0.579684
0.579683
0.579681
0.579679
0.579678
0.57968
0.57968
0.57968
0.579678
0.579676
0.579675
0.579674
0.579679
0.57968
0.57968
0.579674
0.579672
0.579672
0.57967
0.579686
0.57969
0.579698
0.579699
0.579699
0.579697
0.579689
0.579683
0.579677
0.579663
0.57966
0.579668
0.579668
0.579682
0.57969
0.579707
0.579733
0.579736
0.579737
0.579734
0.57973
0.579719
0.579714
0.579708
0.579703
0.579698
0.5797
0.579705
0.579719
0.579728
0.579738
0.579747
0.57977
0.579775
0.579772
0.579767
0.579756
0.579745
0.579741
0.579739
0.579739
0.57976
0.579769
0.579777
0.579793
0.579801
0.579812
0.579812
0.579815
0.579816
0.579803
0.579798
0.579792
0.579782
0.579778
0.579776
0.579776
0.579783
0.579826
0.579835
0.579843
0.579849
0.579854
0.579856
0.579856
0.579851
0.57984
0.579829
0.57982
0.579817
0.579816
0.579817
0.579832
0.579839
0.579847
0.579879
0.579891
0.579894
0.579896
0.579896
0.579895
0.579895
0.579894
0.579897
0.57991
0.579915
0.57992
0.579924
0.579928
0.579928
0.579926
0.579923
0.579901
0.579898
0.579897
0.579897
0.579914
0.579922
0.579932
0.579942
0.579984
0.579988
0.579986
0.579982
0.579975
0.579958
0.579939
0.579911
0.579904
0.579894
0.579894
0.579897
0.579902
0.579909
0.579917
0.579971
0.579978
0.579978
0.579983
0.579982
0.579971
0.579963
0.579954
0.579913
0.579904
0.579891
0.579886
0.579888
0.579892
0.579897
0.579905
0.579913
0.579949
0.579957
0.579964
0.57997
0.579976
0.579975
0.579971
0.579965
0.579958
0.579918
0.579908
0.579899
0.579884
0.57988
0.579879
0.579882
0.579885
0.579903
0.579906
0.579901
0.579887
0.579878
0.579858
0.579849
0.579824
0.579818
0.579812
0.579812
0.579814
0.579816
0.57982
0.579824
0.579837
0.579833
0.57982
0.579802
0.579791
0.579771
0.579741
0.579744
0.579752
0.579757
0.579762
0.579766
0.579769
0.57977
0.579757
0.579749
0.57974
0.579731
0.579721
0.579702
0.579693
0.57968
0.579667
0.579659
0.579656
0.579655
0.579653
0.579653
0.579652
0.579647
0.57963
0.57963
0.579617
0.579607
0.579603
0.579599
0.579593
0.57959
0.579587
0.579578
0.57957
0.57957
0.579563
0.579561
0.579557
0.579556
0.579552
0.579536
0.579536
0.57953
0.579529
0.579529
0.579531
0.579533
0.579534
0.579535
0.579528
0.579522
0.579516
0.579501
0.579493
0.579486
0.57947
0.579468
0.579473
0.579478
0.57949
0.579496
0.579503
0.579513
0.579516
0.579516
0.579515
0.57949
0.579481
0.579464
0.579457
0.579448
0.579446
0.57945
0.579454
0.579473
0.579479
0.57949
0.579493
0.579495
0.579494
0.579491
0.579488
0.579476
0.579477
0.57948
0.579488
0.579488
0.579494
0.5795
0.579516
0.57952
0.579521
0.579518
0.579515
0.579512
0.579509
0.579505
0.579505
0.579512
0.579518
0.579558
0.579569
0.57959
0.579599
0.579606
0.579614
0.579612
0.579595
0.579592
0.579592
0.579595
0.5796
0.579606
0.579621
0.57963
0.579664
0.579675
0.579675
0.57968
0.579681
0.579681
0.579681
0.579681
0.579681
0.579698
0.579706
0.579723
0.579732
0.579741
0.579749
0.579765
0.579772
0.579786
0.5798
0.579807
0.579817
0.579821
0.579824
0.579829
0.579832
0.579837
0.579842
0.579856
0.57988
0.579893
0.579898
0.579903
0.579906
0.57991
0.579919
0.579925
0.579931
0.579952
0.579967
0.579974
0.579979
0.579982
0.579985
0.579985
0.579985
0.579986
0.58001
0.580018
0.580026
0.580033
0.580047
0.580049
0.580051
0.580051
0.580061
0.580066
0.58007
0.58008
0.580085
0.580089
0.580094
0.580101
0.580114
0.580115
0.580115
0.580113
0.580112
0.580111
0.580112
0.580114
0.580126
0.580134
0.580137
0.58014
0.580141
0.580139
0.580137
0.580141
0.580144
0.580148
0.580156
0.58016
0.580164
0.580166
0.580166
0.580164
0.580146
0.580141
0.580137
0.580133
0.580133
0.580138
0.580142
0.580147
0.580147
0.580164
0.580164
0.580163
0.58016
0.580155
0.580139
0.580129
0.580108
0.580099
0.580074
0.580073
0.580074
0.580077
0.580081
0.580095
0.580099
0.580104
0.580093
0.580086
0.580086
0.580078
0.580059
0.580049
0.580039
0.580018
0.579975
0.579971
0.579968
0.579967
0.579968
0.579969
0.579969
0.579969
0.579964
0.579951
0.579932
0.579922
0.579912
0.579902
0.579892
0.579874
0.579866
0.57985
0.579826
0.57981
0.579798
0.579792
0.579787
0.579777
0.579772
0.579772
0.57974
0.579732
0.579723
0.579715
0.579708
0.579696
0.57969
0.579685
0.579672
0.579641
0.579633
0.579626
0.579616
0.579613
0.57961
0.579608
0.579605
0.579605
0.57958
0.579572
0.579555
0.579547
0.579538
0.579522
0.579514
0.579505
0.579473
0.57946
0.579455
0.579451
0.579447
0.57944
0.57944
0.579431
0.579408
0.579401
0.57939
0.579386
0.579384
0.579383
0.579383
0.579384
0.579384
0.579379
0.579366
0.579357
0.579337
0.579327
0.579308
0.579308
0.579295
0.579295
0.579299
0.579309
0.579314
0.579321
0.579321
0.579323
0.579321
0.579283
0.579275
0.579259
0.579253
0.579248
0.579244
0.579245
0.579248
0.579268
0.579273
0.579282
0.579287
0.579289
0.57929
0.579291
0.579293
0.579296
0.579297
0.579298
0.579302
0.579305
0.579313
0.579317
0.579321
0.579333
0.579334
0.579336
0.579338
0.579341
0.579345
0.579349
0.579359
0.579365
0.57939
0.579395
0.579399
0.579404
0.579405
0.579407
0.579413
0.579424
0.57945
0.579467
0.579474
0.57948
0.579489
0.579494
0.579504
0.579504
0.579509
0.579545
0.579552
0.579558
0.579568
0.579568
0.579574
0.579578
0.579583
0.579588
0.579612
0.579623
0.579658
0.579669
0.57968
0.579699
0.579707
0.579724
0.579749
0.579764
0.57977
0.579776
0.579782
0.579793
0.579815
0.579839
0.579866
0.579866
0.579875
0.579879
0.579882
0.579888
0.579892
0.579904
0.579911
0.579928
0.579945
0.579954
0.579963
0.579972
0.580004
0.580044
0.580052
0.580064
0.580064
0.58007
0.580076
0.580079
0.580105
0.580134
0.580151
0.580162
0.580165
0.580166
0.580165
0.580164
0.580165
0.580171
0.580177
0.580184
0.580192
0.58021
0.580228
0.580262
0.580267
0.580271
0.580273
0.580271
0.580268
0.580264
0.580259
0.580254
0.580243
0.580242
0.580246
0.580251
0.580267
0.580277
0.580287
0.58031
0.580321
0.58036
0.580362
0.580363
0.580361
0.580356
0.580352
0.580349
0.580346
0.580346
0.580348
0.580351
0.580355
0.580356
0.580356
0.580354
0.580346
0.580321
0.580314
0.580304
0.580301
0.580301
0.580299
0.580302
0.580304
0.580307
0.580303
0.580297
0.580291
0.580276
0.580269
0.580261
0.580254
0.580224
0.580216
0.58021
0.5802
0.580196
0.580193
0.580189
0.580185
0.58018
0.580148
0.580129
0.580129
0.580104
0.580097
0.58009
0.580083
0.580076
0.580036
0.58002
0.580013
0.580008
0.58
0.579998
0.579992
0.579969
0.57996
0.57995
0.57993
0.57992
0.57991
0.5799
0.57989
0.57988
0.579815
0.579804
0.579793
0.579774
0.579765
0.579757
0.579739
0.579739
0.579687
0.579679
0.579665
0.579659
0.579648
0.579642
0.579642
0.579617
0.579589
0.579589
0.57957
0.579553
0.579545
0.579536
0.579527
0.579506
0.579447
0.579437
0.579421
0.579415
0.579412
0.579406
0.579398
0.57938
0.579372
0.579363
0.579355
0.57933
0.579311
0.579311
0.579266
0.579253
0.579249
0.579246
0.579243
0.579241
0.579235
0.579209
0.5792
0.579191
0.579174
0.579158
0.579156
0.579156
0.579161
0.579159
0.579159
0.57915
0.579143
0.579136
0.57912
0.579107
0.579098
0.579098
0.579103
0.579107
0.57911
0.579113
0.579113
0.579103
0.579082
0.579082
0.579075
0.579058
0.579055
0.579055
0.579056
0.579059
0.579064
0.57909
0.579102
0.579107
0.57911
0.579112
0.579111
0.579109
0.579107
0.579104
0.579103
0.579103
0.579113
0.57912
0.579134
0.579142
0.579151
0.579159
0.579176
0.579208
0.579214
0.579224
0.579228
0.579233
0.579233
0.579237
0.579242
0.579248
0.57929
0.5793
0.579318
0.579318
0.579327
0.579345
0.579366
0.579405
0.579405
0.579414
0.579432
0.57944
0.579456
0.579473
0.579481
0.579508
0.579527
0.579537
0.579545
0.579562
0.57957
0.579579
0.579598
0.579653
0.579653
0.579688
0.579699
0.579699
0.579718
0.579727
0.579736
0.579766
0.579798
0.57982
0.57983
0.57983
0.579859
0.579878
0.579888
0.579898
0.579939
0.57996
0.57997
0.579979
0.579996
0.580004
0.580013
0.580022
0.580032
0.580067
0.580103
0.580124
0.580134
0.580144
0.580153
0.580171
0.580171
0.580223
0.580234
0.580243
0.580252
0.580267
0.580274
0.58028
0.580296
0.580296
0.580359
0.58037
0.580379
0.580387
0.580398
0.580401
0.580403
0.580414
0.580419
0.580426
0.580433
0.580448
0.580455
0.580462
0.580494
0.580499
0.580503
0.580507
0.580507
0.580507
0.580508
0.580508
0.580534
0.58054
0.580551
0.580551
0.58055
0.580548
0.580541
0.580528
0.580527
0.580532
0.580537
0.580537
0.580549
0.580567
0.580571
0.580571
0.580559
0.580552
0.580543
0.580534
0.580517
0.58051
0.580504
0.5805
0.580502
0.580503
0.580504
0.580502
0.580499
0.580494
0.580488
0.580444
0.580434
0.580424
0.580407
0.580392
0.580384
0.580368
0.580359
0.580325
0.580317
0.580303
0.580292
0.580287
0.580276
0.580269
0.580234
0.580215
0.580198
0.580191
0.580191
0.580173
0.580166
0.580159
0.580093
0.580081
0.580071
0.580052
0.580043
0.580035
0.580018
0.580009
0.579976
0.57995
0.579938
0.579926
0.579905
0.579873
0.579861
0.5798
0.579788
0.579769
0.579762
0.579755
0.579749
0.579738
0.579723
0.579714
0.579663
0.579647
0.579632
0.579616
0.579587
0.579559
0.579534
0.579488
0.579479
0.579462
0.579462
0.57945
0.579439
0.579433
0.579433
0.579426
0.579363
0.579349
0.579321
0.579321
0.579295
0.579271
0.579259
0.579201
0.579191
0.579182
0.579167
0.57916
0.57916
0.579142
0.579133
0.579081
0.579071
0.579062
0.579049
0.579045
0.579038
0.579034
0.57903
0.578993
0.578983
0.578957
0.578945
0.578943
0.578942
0.578956
0.578965
0.57897
0.578973
0.578976
0.578975
0.578972
0.578967
0.578953
0.578924
0.578913
0.57889
0.57888
0.57887
0.578857
0.578857
0.578856
0.578856
0.578884
0.578893
0.578902
0.578917
0.578923
0.578927
0.578928
0.578928
0.578906
0.5789
0.578895
0.578887
0.578886
0.578888
0.578892
0.578906
0.578949
0.578961
0.578985
0.578985
0.578995
0.579005
0.579032
0.579049
0.579078
0.579085
0.579092
0.579098
0.579105
0.579113
0.57913
0.579139
0.5792
0.579209
0.579224
0.57923
0.579235
0.57924
0.57925
0.57925
0.579264
0.579309
0.579323
0.579337
0.579365
0.579394
0.579423
0.579437
0.579491
0.579503
0.579514
0.579533
0.57955
0.579559
0.579592
0.579633
0.579647
0.579661
0.579674
0.579687
0.579723
0.579736
0.579749
0.57982
0.579833
0.579846
0.579857
0.579876
0.579885
0.579901
0.57991
0.579932
0.579959
0.579991
0.580008
0.580025
0.580058
0.580074
0.580074
0.58012
0.58012
0.580195
0.580209
0.580222
0.580234
0.580247
0.580272
0.580285
0.580313
0.580365
0.580378
0.5804
0.580409
0.580425
0.580433
0.580448
0.580498
0.580508
0.580524
0.580536
0.58054
0.580544
0.580553
0.580583
0.580602
0.580612
0.580621
0.580629
0.580636
0.580645
0.580649
0.580665
0.580671
0.580678
0.580692
0.580699
0.580705
0.58071
0.580719
0.580723
0.580727
0.58074
0.580743
0.580744
0.580745
0.580745
0.580745
0.580746
0.580747
0.580747
0.580743
0.580741
0.580738
0.580736
0.580733
0.580731
0.580725
0.580721
0.580717
0.580704
0.580699
0.580688
0.580683
0.580679
0.580672
0.580668
0.580659
0.580629
0.58062
0.580611
0.580597
0.580591
0.580586
0.580581
0.58057
0.580534
0.580523
0.580489
0.580479
0.580461
0.580454
0.580441
0.580411
0.580402
0.580392
0.580383
0.580373
0.580351
0.580339
0.580326
0.580313
0.580256
0.580241
0.580227
0.580213
0.580187
0.580173
0.580143
0.580127
0.580111
0.580077
0.580026
0.580026
0.579994
0.579978
0.579949
0.579934
0.579903
0.579838
0.579822
0.579808
0.57978
0.57978
0.579753
0.57974
0.579711
0.579664
0.57963
0.579613
0.579597
0.579582
0.579555
0.579542
0.579529
0.579455
0.579439
0.579425
0.579411
0.579397
0.579372
0.579358
0.579345
0.579331
0.579239
0.579239
0.579224
0.57921
0.579184
0.57917
0.579157
0.579129
0.579058
0.579047
0.579027
0.579019
0.579011
0.579002
0.578993
0.578972
0.578924
0.578912
0.57889
0.57888
0.578864
0.578857
0.578851
0.578844
0.57881
0.578791
0.578791
0.578763
0.578759
0.578751
0.578739
0.578734
0.578729
0.578722
0.578719
0.578711
0.578707
0.5787
0.578689
0.578689
0.578693
0.578693
0.578695
0.578697
0.578696
0.578696
0.57869
0.578677
0.578676
0.578676
0.578681
0.578681
0.578696
0.578696
0.578702
0.578732
0.578738
0.578742
0.578745
0.578745
0.578744
0.578743
0.578744
0.578762
0.578771
0.57878
0.578791
0.578802
0.578826
0.578838
0.578862
0.578862
0.578908
0.578919
0.578931
0.578952
0.578974
0.578985
0.578997
0.579009
0.579072
0.579086
0.579099
0.579122
0.579133
0.579144
0.579155
0.579166
0.579178
0.579235
0.579251
0.579266
0.579281
0.579312
0.579327
0.579359
0.579375
0.579446
0.579481
0.579497
0.579513
0.579528
0.579543
0.579574
0.579608
0.579659
0.579677
0.579695
0.579728
0.579744
0.579759
0.579807
0.579823
0.579894
0.579911
0.579928
0.579975
0.579989
0.580004
0.580017
0.580045
0.580106
0.580121
0.580151
0.580151
0.580181
0.580196
0.580211
0.580241
0.580303
0.580334
0.580349
0.580364
0.580379
0.58041
0.580425
0.58044
0.580501
0.580515
0.580527
0.58055
0.580561
0.580583
0.580595
0.580607
0.580675
0.580688
0.5807
0.580711
0.58072
0.580735
0.580741
0.580748
0.580806
0.580817
0.580835
0.580841
0.58085
0.580854
0.580862
0.580867
0.580892
0.5809
0.580915
0.580921
0.58093
0.580931
0.580932
0.580936
0.58094
0.580943
0.580944
0.580945
0.580944
0.580943
0.580943
0.58095
0.580951
0.580951
0.580949
0.580947
0.58094
0.580936
0.580931
0.580901
0.580895
0.58089
0.58088
0.58088
0.580877
0.580875
0.580867
0.580837
0.580828
0.580819
0.580803
0.580796
0.580782
0.580776
0.58076
0.580719
0.580707
0.580685
0.580675
0.580666
0.580649
0.58064
0.58063
0.580582
0.580543
0.580529
0.580502
0.580488
0.580475
0.580452
0.580408
0.580397
0.580374
0.580363
0.580351
0.580339
0.580325
0.580311
0.580295
0.580202
0.580182
0.580162
0.580123
0.580105
0.580068
0.580051
0.579963
0.579946
0.579931
0.579904
0.579893
0.579882
0.57986
0.579848
0.579835
0.579768
0.579749
0.579729
0.579689
0.579669
0.579649
0.579608
0.579588
0.579567
0.579484
0.579463
0.579421
0.579402
0.579383
0.579365
0.579311
0.57926
0.579227
0.579212
0.579197
0.579183
0.579155
0.57914
0.579125
0.579042
0.579009
0.578993
0.578978
0.578964
0.578937
0.578924
0.578897
0.578856
0.578828
0.578815
0.578792
0.578781
0.578771
0.578761
0.578751
0.5787
0.578674
0.578662
0.578642
0.578635
0.578628
0.578622
0.578616
0.578602
0.578565
0.578556
0.578547
0.578532
0.578526
0.578516
0.578509
0.578496
0.578493
0.578492
0.578493
0.578494
0.578497
0.578501
0.578503
0.578495
0.578492
0.578489
0.578485
0.578485
0.578488
0.578495
0.578514
0.578518
0.578518
0.578517
0.578514
0.578512
0.578512
0.578512
0.578532
0.578541
0.578551
0.578574
0.578586
0.578611
0.578634
0.578644
0.578687
0.578697
0.578706
0.57872
0.578726
0.578732
0.578737
0.57875
0.578802
0.578831
0.578846
0.57886
0.578874
0.578902
0.578917
0.578948
0.579015
0.579048
0.579079
0.579092
0.579104
0.579116
0.579128
0.579139
0.579194
0.57921
0.579227
0.579279
0.579279
0.579297
0.579316
0.579355
0.579375
0.579462
0.579485
0.579508
0.579551
0.579572
0.579612
0.579653
0.579734
0.579754
0.579789
0.579805
0.57982
0.579848
0.579862
0.579877
0.579962
0.57998
0.579999
0.580035
0.580053
0.580071
0.58009
0.580108
0.580206
0.580225
0.580262
0.580279
0.580297
0.580332
0.580332
0.580367
0.580443
0.580461
0.580497
0.580514
0.580531
0.580564
0.580581
0.580615
0.580615
0.580683
0.5807
0.580717
0.580748
0.580763
0.580777
0.580805
0.580833
0.580876
0.58089
0.580914
0.580925
0.580925
0.580945
0.580955
0.580965
0.580976
0.581053
0.581062
0.58107
0.581077
0.581077
0.581073
0.581058
0.581058
0.581056
0.581059
0.581064
0.58108
0.58109
0.5811
0.581149
0.581156
0.58116
0.581164
0.581163
0.581161
0.581154
0.581149
0.581128
0.581124
0.581122
0.581121
0.581121
0.581123
0.581123
0.581122
0.581099
0.581081
0.581081
0.581052
0.581042
0.581032
0.581014
0.581005
0.581005
0.580964
0.580953
0.580941
0.580916
0.580891
0.580878
0.58084
0.580805
0.580784
0.580775
0.580767
0.580761
0.580749
0.580743
0.58073
0.580721
0.580671
0.580653
0.580635
0.580597
0.580557
0.580557
0.580517
0.580497
0.580411
0.580389
0.580367
0.580325
0.580305
0.580285
0.580265
0.580221
0.580131
0.580089
0.58007
0.580053
0.580036
0.580005
0.579989
0.579972
0.579872
0.57985
0.579828
0.579786
0.579766
0.579745
0.579725
0.579704
0.579597
0.579575
0.579534
0.579514
0.579494
0.579475
0.579436
0.579395
0.579293
0.579293
0.579236
0.579199
0.579181
0.579163
0.579145
0.579058
0.579041
0.579011
0.578997
0.578984
0.578959
0.578947
0.578934
0.578854
0.578836
0.578801
0.578784
0.578768
0.578752
0.57872
0.578704
0.578623
0.578608
0.57858
0.578568
0.578558
0.578549
0.57853
0.578521
0.57851
0.57846
0.578432
0.578407
0.578396
0.578374
0.578369
0.578351
0.578346
0.578337
0.578332
0.578326
0.578315
0.57831
0.578305
0.578301
0.578289
0.578286
0.578286
0.578287
0.578288
0.578289
0.578289
0.578288
0.578287
0.578283
0.578284
0.578289
0.578293
0.578298
0.57831
0.578316
0.578323
0.57833
0.578355
0.578373
0.57838
0.578393
0.578398
0.578403
0.578414
0.578421
0.578458
0.578484
0.578497
0.57851
0.578522
0.578536
0.578549
0.578562
0.578588
0.57866
0.578674
0.578702
0.578715
0.578741
0.578741
0.578768
0.578831
0.578847
0.578864
0.57888
0.578896
0.578943
0.578961
0.578978
0.579074
0.579093
0.579111
0.579128
0.57916
0.579175
0.579192
0.579209
0.579248
0.579335
0.579358
0.579381
0.579427
