0.57351
0.573507
0.573503
0.573491
0.573466
0.573462
0.573461
0.573466
0.573466
0.573471
0.573478
0.573496
0.573505
0.573538
0.573538
0.573535
0.573525
0.57351
0.573502
0.573495
0.573485
0.57349
0.573506
0.573515
0.573533
0.573542
0.573549
0.573559
0.573558
0.573554
0.573549
0.573544
0.573538
0.573533
0.573529
0.573522
0.573521
0.573528
0.57353
0.573533
0.573536
0.573536
0.573532
0.573528
0.573523
0.573503
0.573499
0.573496
0.573495
0.573497
0.573503
0.573506
0.573509
0.573517
0.573516
0.573509
0.573504
0.573499
0.573494
0.573484
0.57348
0.573478
0.573488
0.573492
0.573496
0.5735
0.573504
0.573503
0.573501
0.573476
0.573471
0.573467
0.573467
0.57347
0.57348
0.573486
0.573491
0.573503
0.573499
0.573494
0.573481
0.573473
0.573465
0.573458
0.573445
0.573439
0.573441
0.573449
0.573453
0.573458
0.573464
0.573464
0.573464
0.573441
0.573436
0.573432
0.573426
0.573426
0.573427
0.573433
0.573437
0.573449
0.573449
0.573448
0.573441
0.573435
0.57343
0.573424
0.573414
0.573411
0.573409
0.573415
0.573419
0.573427
0.57343
0.573432
0.573428
0.573407
0.573397
0.573393
0.573391
0.573391
0.573392
0.573401
0.573447
0.573455
0.573466
0.57347
0.57347
0.57347
0.573466
0.57346
0.573409
0.573397
0.573376
0.573367
0.573361
0.573357
0.573359
0.573364
0.573371
0.573409
0.573418
0.573426
0.573438
0.573441
0.573441
0.573438
0.57343
0.573409
0.573405
0.573403
0.573404
0.573408
0.573419
0.573427
0.573435
0.573473
0.573478
0.573482
0.573483
0.573483
0.573477
0.573473
0.573467
0.573462
0.573443
0.573442
0.573452
0.573459
0.573467
0.573476
0.573494
0.573521
0.573521
0.573517
0.573512
0.573506
0.573492
0.573485
0.573479
0.573474
0.573478
0.573485
0.573503
0.573513
0.573513
0.573532
0.573541
0.573547
0.57356
0.57356
0.57356
0.573559
0.573557
0.573553
0.573552
0.573555
0.573578
0.573595
0.573603
0.57361
0.573616
0.573623
0.573624
0.573618
0.573594
0.573588
0.573582
0.573575
0.573574
0.573574
0.573577
0.573581
0.573616
0.573623
0.573629
0.573641
0.573646
0.573656
0.573661
0.573663
0.573658
0.573656
0.573655
0.573655
0.573656
0.573664
0.573669
0.573679
0.573679
0.573688
0.573686
0.57368
0.573678
0.573675
0.573674
0.573675
0.573677
0.573679
0.573694
0.573697
0.573698
0.573699
0.573697
0.573695
0.573694
0.573694
0.573693
0.573691
0.573688
0.573683
0.573681
0.573681
0.573681
0.573682
0.573689
0.573712
0.573713
0.57371
0.573705
0.5737
0.573693
0.573679
0.573679
0.573673
0.573664
0.573667
0.573672
0.573677
0.573682
0.573691
0.573694
0.573696
0.573695
0.573666
0.573656
0.573647
0.573638
0.573623
0.573623
0.573618
0.573614
0.573613
0.573632
0.573637
0.573647
0.57365
0.573652
0.573651
0.573647
0.573642
0.573605
0.573598
0.573592
0.573582
0.573577
0.573572
0.573567
0.573556
0.573551
0.573533
0.573528
0.573524
0.57352
0.573518
0.573518
0.573519
0.573518
0.573503
0.573489
0.573483
0.573471
0.573467
0.573463
0.573459
0.573455
0.573452
0.573443
0.573438
0.573436
0.573436
0.573436
0.573436
0.573434
0.573431
0.573402
0.573402
0.573396
0.573388
0.573388
0.573377
0.573374
0.573367
0.573344
0.573337
0.573331
0.573322
0.57332
0.57332
0.573321
0.573323
0.573327
0.573321
0.573317
0.573311
0.573305
0.573292
0.573286
0.573281
0.573265
0.573266
0.573272
0.573276
0.573281
0.573284
0.573287
0.573287
0.573284
0.573266
0.573259
0.573251
0.57324
0.573236
0.573234
0.573236
0.573239
0.573253
0.573253
0.573252
0.573248
0.573244
0.573232
0.573215
0.57321
0.573204
0.573209
0.573213
0.573218
0.573224
0.573236
0.573236
0.573247
0.573255
0.573256
0.573254
0.573246
0.57324
0.573228
0.573222
0.573217
0.573212
0.573212
0.573217
0.573223
0.573244
0.573257
0.573267
0.57327
0.57327
0.573269
0.573269
0.573272
0.573274
0.573276
0.573283
0.573299
0.57331
0.573315
0.573317
0.573319
0.573319
0.573318
0.573317
0.573327
0.573333
0.57334
0.573355
0.573355
0.573378
0.573383
0.573387
0.5734
0.573403
0.573407
0.573416
0.57342
0.573424
0.573427
0.573433
0.573454
0.573461
0.573469
0.573489
0.573489
0.573493
0.5735
0.573504
0.573529
0.573534
0.573539
0.573544
0.573551
0.573555
0.573559
0.573574
0.573591
0.573597
0.573603
0.573612
0.573616
0.573623
0.573628
0.573638
0.573662
0.573667
0.573671
0.573677
0.573678
0.573679
0.573681
0.573686
0.573712
0.57372
0.57372
0.573743
0.573748
0.573752
0.573756
0.573756
0.573757
0.573761
0.573765
0.573769
0.57378
0.573786
0.5738
0.573806
0.573813
0.573825
0.573837
0.573838
0.573839
0.57384
0.573841
0.573845
0.573847
0.573849
0.573866
0.573877
0.573883
0.573887
0.57389
0.573891
0.573889
0.573886
0.573856
0.573854
0.573854
0.573856
0.57386
0.573874
0.573882
0.5739
0.573928
0.573934
0.573933
0.573925
0.573919
0.573911
0.573902
0.573884
0.573849
0.573842
0.573837
0.573834
0.573836
0.573839
0.573851
0.573851
0.573867
0.573901
0.573907
0.573911
0.573913
0.573912
0.573894
0.573884
0.573873
0.573862
0.573827
0.573818
0.57381
0.573801
0.573799
0.573799
0.573799
0.573799
0.573781
0.573774
0.573774
0.573751
0.573744
0.573737
0.573731
0.573725
0.573697
0.573694
0.573691
0.573691
0.573692
0.573693
0.573694
0.573694
0.573693
0.573674
0.573666
0.573657
0.573649
0.573639
0.57363
0.573601
0.573583
0.573545
0.573536
0.573528
0.573514
0.573509
0.573504
0.573498
0.573493
0.573466
0.573459
0.573453
0.573442
0.573435
0.57342
0.57342
0.573402
0.573367
0.573359
0.573354
0.573349
0.573347
0.573347
0.573348
0.573348
0.573349
0.573335
0.573303
0.573278
0.573266
0.573266
0.573254
0.573244
0.573228
0.573212
0.573199
0.573196
0.573194
0.573191
0.573183
0.573178
0.573165
0.573149
0.57314
0.573132
0.573113
0.57311
0.573109
0.573113
0.573117
0.573128
0.573125
0.573125
0.573121
0.573107
0.573099
0.573081
0.573071
0.573042
0.573038
0.573037
0.573041
0.573045
0.573056
0.573061
0.573074
0.573075
0.573072
0.57306
0.573053
0.573037
0.57303
0.573022
0.573016
0.573007
0.573009
0.573013
0.573022
0.573022
0.573034
0.573038
0.573035
0.573029
0.573026
0.573022
0.573022
0.57302
0.573022
0.573026
0.573054
0.573074
0.573084
0.573102
0.573102
0.573115
0.573115
0.573108
0.573085
0.57308
0.573076
0.573074
0.573077
0.573083
0.573091
0.573113
0.573126
0.573168
0.573182
0.573204
0.573213
0.573222
0.573222
0.573224
0.573224
0.57322
0.573216
0.573219
0.573219
0.573247
0.573259
0.573271
0.573284
0.57331
0.573359
0.57337
0.573379
0.573387
0.573398
0.573406
0.57341
0.573414
0.573436
0.573443
0.573459
0.573467
0.573495
0.573506
0.573517
0.573528
0.573562
0.573583
0.573592
0.573599
0.573609
0.573613
0.573617
0.573621
0.573656
0.573678
0.573689
0.5737
0.57371
0.573729
0.573747
0.573755
0.573781
0.573797
0.573797
0.573802
0.57381
0.573811
0.573812
0.573812
0.573814
0.573835
0.573845
0.573845
0.573857
0.573894
0.573894
0.573906
0.573917
0.573935
0.573959
0.573964
0.573968
0.573972
0.573975
0.573982
0.573987
0.574007
0.574029
0.574034
0.574038
0.574041
0.57404
0.574039
0.574038
0.574038
0.57404
0.574064
0.574072
0.574079
0.574086
0.574095
0.574095
0.574095
0.574085
0.574076
0.57407
0.57407
0.574071
0.574079
0.574092
0.574099
0.574099
0.574116
0.574116
0.574111
0.574104
0.574096
0.574066
0.574057
0.574048
0.574041
0.574037
0.574047
0.574054
0.574068
0.574074
0.574079
0.574082
0.574081
0.574064
0.574054
0.574031
0.574007
0.573984
0.573974
0.573965
0.573949
0.573949
0.573952
0.573953
0.573952
0.573951
0.573948
0.573943
0.573892
0.573881
0.573871
0.573862
0.573845
0.573837
0.573837
0.573821
0.573778
0.57377
0.573758
0.573753
0.573748
0.573738
0.573724
0.573671
0.57366
0.573634
0.573634
0.573622
0.573619
0.573616
0.573601
0.573584
0.573574
0.573564
0.573554
0.573543
0.573508
0.573496
0.57345
0.57345
0.573431
0.573423
0.573411
0.573411
0.573402
0.573397
0.573391
0.573353
0.573328
0.573315
0.57329
0.57329
0.573268
0.57326
0.573252
0.573222
0.573204
0.573186
0.573186
0.573166
0.573166
0.573145
0.573134
0.573085
0.573078
0.573065
0.573061
0.573058
0.573056
0.573051
0.573048
0.573014
0.573005
0.572997
0.572989
0.572982
0.572976
0.572969
0.572955
0.572922
0.572906
0.572899
0.572891
0.57289
0.57289
0.572891
0.572896
0.572902
0.572901
0.572894
0.572888
0.572881
0.572873
0.572864
0.572847
0.572833
0.572823
0.572826
0.572826
0.572829
0.572839
0.572844
0.572849
0.572852
0.572852
0.572843
0.572837
0.572824
0.572818
0.572809
0.572807
0.572814
0.572852
0.57286
0.572872
0.572875
0.572876
0.572872
0.572863
0.572865
0.572868
0.572872
0.572878
0.572885
0.572894
0.572903
0.572913
0.572953
0.57297
0.572977
0.572981
0.572986
0.572987
0.572989
0.572994
0.573032
0.573032
0.573052
0.573062
0.573091
0.5731
0.573115
0.573133
0.573145
0.57315
0.573161
0.573184
0.573194
0.573204
0.573246
0.573257
0.573266
0.573275
0.573283
0.573306
0.573314
0.573323
0.573366
0.573378
0.573389
0.573399
0.573408
0.573434
0.573443
0.573463
0.573506
0.573517
0.573537
0.573547
0.573568
0.573578
0.5736
0.573655
0.573665
0.573673
0.573689
0.573696
0.573703
0.57371
0.573752
0.573762
0.573773
0.573784
0.573795
0.573817
0.573828
0.573838
0.573847
0.57389
0.573901
0.573911
0.573931
0.573939
0.573946
0.573953
0.573968
0.573975
0.574004
0.574028
0.57404
0.574052
0.574063
0.574082
0.574091
0.574107
0.57414
0.574148
0.574156
0.574169
0.574174
0.574185
0.574191
0.574191
0.574197
0.574223
0.57423
0.574236
0.574242
0.574252
0.574257
0.574261
0.574266
0.574276
0.574288
0.574288
0.574283
0.57428
0.574276
0.574275
0.574279
0.574294
0.574305
0.574309
0.574312
0.574311
0.574308
0.574302
0.574289
0.574267
0.574266
0.574269
0.574274
0.57428
0.574287
0.5743
0.574306
0.574311
0.574306
0.574289
0.574267
0.574241
0.574228
0.574215
0.574203
0.574168
0.574161
0.574155
0.574147
0.574145
0.574143
0.574142
0.57414
0.574115
0.574105
0.574095
0.574084
0.574062
0.574052
0.574042
0.574023
0.573976
0.573951
0.57394
0.57393
0.573911
0.573902
0.573883
0.573875
0.573839
0.573829
0.573819
0.573809
0.573789
0.573779
0.573779
0.573757
0.573683
0.573671
0.57365
0.573641
0.573633
0.573618
0.57361
0.573602
0.573555
0.573526
0.573512
0.573499
0.573477
0.573456
0.573445
0.573435
0.573425
0.57338
0.57338
0.573367
0.573338
0.573308
0.573292
0.573277
0.573261
0.573186
0.573163
0.573163
0.573145
0.573138
0.573131
0.573124
0.573116
0.57306
0.573047
0.573022
0.573001
0.573001
0.572984
0.572976
0.572968
0.572912
0.572899
0.572887
0.572876
0.572856
0.572847
0.572838
0.572829
0.572791
0.572785
0.57278
0.572773
0.57277
0.572768
0.572765
0.572758
0.572753
0.572714
0.572704
0.572685
0.572677
0.572669
0.572662
0.572658
0.572657
0.572659
0.572659
0.572667
0.572668
0.572667
0.572667
0.572661
0.572641
0.572636
0.572632
0.572628
0.572628
0.572629
0.572631
0.572633
0.572636
0.572643
0.572642
0.57264
0.572638
0.572638
0.572638
0.57264
0.572648
0.572668
0.572675
0.572689
0.572695
0.572701
0.572706
0.572717
0.572723
0.57273
0.572767
0.572767
0.572774
0.572786
0.572793
0.572808
0.572827
0.572881
0.57289
0.572898
0.57291
0.572916
0.572916
0.572922
0.572937
0.572946
0.57298
0.573007
0.573021
0.573035
0.573047
0.573071
0.573083
0.573095
0.573107
0.573162
0.573177
0.573191
0.57322
0.573263
0.573277
0.573291
0.573304
0.573352
0.573364
0.573376
0.573387
0.573398
0.57341
0.573422
0.57345
0.573465
0.573532
0.573549
0.573566
0.573597
0.573612
0.573639
0.573652
0.573665
0.573717
0.573745
0.573759
0.573773
0.573786
0.573813
0.573827
0.57384
0.573894
0.573907
0.573919
0.57394
0.57395
0.573961
0.573985
0.573999
0.574071
0.574071
0.574086
0.574111
0.574122
0.574131
0.57414
0.574156
0.574218
0.574242
0.574253
0.574264
0.574275
0.574295
0.574304
0.574341
0.574356
0.574365
0.574366
0.574365
0.574363
0.574361
0.574361
0.574371
0.574378
0.574387
0.574397
0.574419
0.574431
0.574442
0.574453
0.574479
0.574488
0.57449
0.574491
0.57449
0.574487
0.574485
0.574482
0.574486
0.574488
0.574491
0.574491
0.57449
0.574489
0.574485
0.574481
0.574481
0.574482
0.574485
0.574486
0.574486
0.574484
0.574475
0.574475
0.574452
0.574444
0.574436
0.574423
0.574417
0.574411
0.574406
0.574384
0.574375
0.574342
0.574331
0.574308
0.574297
0.574279
0.57427
0.574263
0.574255
0.574246
0.574219
0.574209
0.574198
0.574186
0.574175
0.57415
0.574124
0.574109
0.574052
0.574039
0.574027
0.574006
0.573996
0.573976
0.573953
0.573941
0.573902
0.573873
0.573858
0.573843
0.573829
0.573801
0.573787
0.573762
0.573707
0.573692
0.573678
0.57365
0.573635
0.57362
0.573605
0.573572
0.573504
0.573487
0.573455
0.573441
0.573428
0.573416
0.573404
0.573381
0.573356
0.573311
0.573259
0.573241
0.573225
0.573208
0.573192
0.57316
0.573098
0.573083
0.573069
0.573042
0.57303
0.573018
0.572993
0.572978
0.572916
0.572887
0.572874
0.572863
0.572854
0.572846
0.572832
0.572825
0.572817
0.572772
0.572758
0.572744
0.572715
0.5727
0.57267
0.572656
0.572629
0.572586
0.572586
0.572572
0.572568
0.572562
0.572559
0.572557
0.572542
0.572536
0.572522
0.572515
0.572508
0.572501
0.572486
0.572479
0.572471
0.572442
0.572434
0.572434
0.572433
0.572434
0.57244
0.572445
0.572452
0.572452
0.572447
0.57244
0.572424
0.572415
0.572407
0.5724
0.572392
0.572404
0.572424
0.572436
0.572449
0.572461
0.572495
0.572495
0.572512
0.572523
0.572523
0.572521
0.572519
0.572518
0.572518
0.572523
0.572553
0.572563
0.572574
0.572585
0.572607
0.57262
0.572646
0.572659
0.572688
0.57273
0.572755
0.572766
0.572766
0.572786
0.572805
0.572816
0.572838
0.572893
0.572908
0.572923
0.572937
0.572951
0.572964
0.572978
0.573006
0.57302
0.573115
0.573133
0.573149
0.573179
0.573191
0.573201
0.573218
0.573246
0.573265
0.573278
0.573292
0.573325
0.573343
0.573381
0.573401
0.573482
0.573502
0.573521
0.573539
0.573591
0.573591
0.573607
0.573624
0.57366
0.573715
0.57375
0.573766
0.573794
0.573807
0.573819
0.573819
0.573847
0.573862
0.573934
0.573955
0.573976
0.574019
0.574039
0.574058
0.574076
0.574126
0.574184
0.574197
0.57421
0.574222
0.574247
0.574261
0.574275
0.57429
0.574367
0.574381
0.574393
0.574414
0.574414
0.574429
0.574429
0.574436
0.574451
0.57446
0.574495
0.574522
0.574536
0.574562
0.574573
0.574583
0.574591
0.574604
0.574629
0.574634
0.574638
0.574644
0.574646
0.574648
0.57465
0.574657
0.574695
0.574701
0.574706
0.57471
0.574712
0.57471
0.574702
0.574684
0.574678
0.574668
0.574664
0.574662
0.574662
0.574667
0.574672
0.574677
0.574684
0.574713
0.574719
0.574723
0.574726
0.574723
0.574718
0.57471
0.574687
0.574672
0.574605
0.574588
0.574573
0.574546
0.574533
0.574522
0.574511
0.5745
0.574449
0.574436
0.574409
0.574397
0.574377
0.574368
0.574359
0.57435
0.57433
0.574318
0.574274
0.574257
0.574222
0.574204
0.574187
0.57417
0.574136
0.574119
0.574101
0.574034
0.574017
0.573984
0.573968
0.573936
0.573919
0.573903
0.57387
0.573815
0.573777
0.573741
0.573724
0.573694
0.57368
0.573653
0.573569
0.573551
0.573533
0.573516
0.5735
0.573458
0.573445
0.573368
0.573351
0.573335
0.57332
0.573291
0.573277
0.573262
0.573247
0.573162
0.573145
0.573111
0.573095
0.573079
0.573063
0.57303
0.573012
0.572993
0.572918
0.5729
0.572882
0.572864
0.572831
0.572815
0.572782
0.572765
0.572692
0.572674
0.572657
0.572628
0.572605
0.572584
0.572523
0.572523
0.572513
0.572484
0.572475
0.572475
0.572454
0.572443
0.572422
0.572383
0.572374
0.572357
0.572351
0.572345
0.572335
0.57233
0.572325
0.572299
0.572292
0.572286
0.57228
0.572274
0.572263
0.572257
0.572251
0.572238
0.572228
0.572225
0.572225
0.572226
0.572228
0.57223
0.572232
0.572238
0.57224
0.57224
0.57224
0.572241
0.572241
0.572243
0.572245
0.572249
0.572269
0.572305
0.572314
0.572321
0.57233
0.57233
0.572334
0.572334
0.572335
0.572348
0.572356
0.572378
0.57239
0.572403
0.572431
0.572445
0.572459
0.572473
0.572542
0.572556
0.57257
0.572584
0.572584
0.572621
0.572634
0.572648
0.572677
0.572727
0.572744
0.572778
0.572794
0.572839
0.572854
0.572869
0.572869
0.57298
0.57298
0.572997
0.573014
0.573062
0.573078
0.573093
0.573156
0.573174
0.57321
0.573247
0.573247
0.573287
0.573307
0.573326
0.573403
0.573441
0.573459
0.573476
0.573493
0.573527
0.573545
0.573563
0.573581
0.573665
0.573688
0.573711
0.573756
0.573778
0.5738
0.573843
0.573864
0.573864
0.57395
0.573992
0.574013
0.574034
0.574055
0.574077
0.574098
0.57414
0.57422
0.574256
0.574256
0.574287
0.574301
0.574328
0.574342
0.574357
0.574425
0.574443
0.574461
0.574493
0.574507
0.574533
0.574545
0.574558
0.57457
0.574608
0.574637
0.574651
0.574666
0.574693
0.574707
0.57472
0.574748
0.574762
0.574775
0.574811
0.574821
0.574835
0.574839
0.574843
0.574845
0.574848
0.574849
0.574851
0.574872
0.574879
0.574885
0.574891
0.574896
0.5749
0.574898
0.574895
0.574892
0.574879
0.574875
0.574871
0.574871
0.574872
0.574873
0.574874
0.574873
0.574857
0.574842
0.574824
0.574816
0.574816
0.574801
0.574793
0.574784
0.574775
0.574721
0.574713
0.574706
0.574699
0.574693
0.574679
0.574671
0.574627
0.574615
0.574592
0.574581
0.57457
0.57456
0.574549
0.574523
0.574457
0.574423
0.574406
0.574392
0.574378
0.574352
0.574352
0.574325
0.574311
0.574238
0.574216
0.574195
0.574173
0.57413
0.574088
0.574067
0.574046
0.574025
0.57394
0.57394
0.573918
0.57385
0.57385
0.573827
0.573803
0.573756
0.573664
0.573641
0.57362
0.573579
0.573561
0.573542
0.573523
0.573484
0.573442
0.573372
0.573348
0.573325
0.57328
0.573259
0.573216
0.573195
0.573175
0.573175
0.573063
0.572992
0.57297
0.572949
0.57293
0.572896
0.572881
0.572808
0.572793
0.572776
0.57276
0.572728
0.572711
0.572694
0.572676
0.572637
0.572572
0.572529
0.572508
0.572488
0.57247
0.572437
0.572437
0.572406
0.572332
0.572316
0.572301
0.572274
0.572274
0.572251
0.572241
0.572241
0.57222
0.572165
0.572155
0.572146
0.572137
0.57213
0.572118
0.572112
0.572106
0.5721
0.572067
0.57205
0.572044
0.572034
0.572033
0.572035
0.572038
0.572047
0.572062
0.572066
0.572069
0.572071
0.572069
0.57206
0.572053
0.572045
0.572037
0.572011
0.571998
0.571995
0.571997
0.572002
0.572011
0.572022
0.57205
0.572115
0.572131
0.572145
0.572158
0.572178
0.572187
0.572195
0.572214
0.572224
0.572281
0.572297
0.572314
0.57233
0.572359
0.572372
0.572385
0.572408
0.572434
0.572492
0.572492
0.572525
0.572559
0.572577
0.572595
0.572613
0.572702
0.57272
0.572736
0.572752
0.572767
0.572783
0.572815
0.572833
0.57287
0.572934
0.572957
0.57298
0.573025
0.573048
0.57307
0.573091
0.573112
0.573133
0.573244
0.573267
0.573292
0.573316
0.573341
0.573388
0.573411
0.573434
0.573458
0.573509
0.573589
0.573615
0.573642
0.573667
0.573739
0.573739
0.573762
0.573807
0.573829
0.573928
0.573955
0.573981
0.574008
0.574033
0.574081
0.574103
0.574126
0.574148
0.574262
0.574262
0.57433
0.574351
0.574372
0.574394
0.574416
0.574439
0.574548
0.574585
0.574601
0.574616
0.574629
0.574682
0.574697
0.574759
0.574774
0.574788
0.574802
0.574815
0.574829
0.574855
0.574882
0.574931
0.574942
0.574952
0.57496
0.574967
0.574973
0.574984
0.57499
0.574997
0.575032
0.575042
0.575052
0.575074
0.575082
0.575084
0.575086
0.575092
0.575099
0.575103
0.575105
0.575106
0.575104
0.575104
0.575093
0.575077
0.575072
0.575072
0.575072
0.575073
0.575071
0.575036
0.575026
0.575006
0.574991
0.574983
0.57498
0.574979
0.574978
0.574965
0.574958
0.57495
0.57493
0.574918
0.574918
0.574892
0.574878
0.574847
0.574798
0.574767
0.574738
0.574725
0.574696
0.574682
0.574667
0.574569
0.574552
0.574536
0.574522
0.574508
0.574496
0.574472
0.574445
0.574395
0.574375
0.574354
0.574331
0.574309
0.574262
0.574213
0.574188
0.574069
0.574048
0.574027
0.573989
0.57397
0.573952
0.573935
0.573917
0.573878
0.573792
0.573769
0.573747
0.573703
0.573681
0.573658
0.573635
0.573586
0.57356
0.573476
0.57342
0.573393
0.573393
0.573315
0.573315
0.573263
0.573237
0.573098
0.57307
0.573016
0.572991
0.572967
0.572967
0.572901
0.572901
0.572778
0.572757
0.572716
0.572697
0.572678
0.572659
0.572619
0.572598
0.572511
0.572488
0.572466
0.572425
0.572407
0.572407
0.57239
0.572358
0.572342
0.572276
0.57224
0.572222
0.572205
0.572188
0.572171
0.572136
0.572119
0.572102
0.572021
0.571993
0.571981
0.571971
0.571962
0.571954
0.57194
0.571933
0.571902
0.571893
0.571874
0.571865
0.571857
0.571851
0.571844
0.571843
0.571844
0.571857
0.57186
0.571863
0.571865
0.571865
0.571863
0.57186
0.571852
0.571836
0.571834
0.571834
0.571835
0.571838
0.57185
0.571857
0.571865
0.571874
0.571928
0.57195
0.57196
0.571968
0.571984
0.571991
0.571999
0.572006
0.572048
0.572075
0.572089
0.572117
0.57213
0.572142
0.572155
0.572168
0.572196
0.572196
0.572261
0.57228
0.572299
0.572318
0.572338
0.572378
0.572399
0.572441
0.57255
0.572594
0.572594
0.57267
0.572687
0.572687
0.572722
0.572815
0.572832
0.572849
0.572864
0.572879
0.572893
0.572922
0.572939
0.572957
0.573047
0.573072
0.573124
0.573149
0.5732
0.573225
0.573275
0.5733
0.573326
0.573467
0.573498
0.573559
0.573588
0.573617
0.573617
0.573674
0.573702
0.573838
0.573865
0.573891
0.573917
0.573941
0.573964
0.57401
0.574032
0.574126
0.574175
0.574198
0.574221
0.574244
0.574266
0.574309
0.574332
0.574355
0.574457
0.574484
0.574511
0.574538
0.574564
0.574613
0.574636
0.574659
0.574681
0.574771
0.574794
0.574817
0.574839
0.574861
0.574902
0.574922
0.574941
0.574976
0.575054
0.575067
0.575067
0.575079
0.57509
0.575101
0.575123
0.575135
0.575148
0.575201
0.575214
0.575235
0.575242
0.575251
0.575253
0.575255
0.575257
0.575267
0.57528
0.575287
0.5753
0.575304
0.575307
0.575307
0.575303
0.575299
0.575283
0.575272
0.575269
0.575265
0.575263
0.575256
0.575253
0.575248
0.575218
0.575199
0.575181
0.575172
0.575157
0.575157
0.575136
0.575109
0.575098
0.575073
0.57506
0.575048
0.575024
0.574999
0.574972
0.574915
0.574915
0.574902
0.574876
0.574864
0.574852
0.57484
0.574812
0.574796
0.574716
0.574694
0.574671
0.574649
0.574627
0.574605
0.574583
0.574538
0.574515
0.574443
0.57439
0.574362
0.574281
0.574255
0.574204
0.574179
0.574155
0.574058
0.574058
0.573983
0.573983
0.573935
0.57391
0.573859
0.573833
0.573699
0.573673
0.573648
0.573625
0.573602
0.573557
0.573533
0.573508
0.573455
0.57337
0.57334
0.573309
0.57325
0.573221
0.573193
0.573164
0.573135
0.573106
0.572953
0.572923
0.572894
0.572867
0.572842
0.572771
0.572747
0.572698
0.572595
0.572595
0.572569
0.572519
0.572495
0.572471
0.572447
0.572398
0.572302
0.572279
0.572239
0.572203
0.572203
0.572185
0.572167
0.572128
0.572108
0.572006
0.571987
0.571952
0.571937
0.571922
0.571895
0.571881
0.571881
0.571806
0.571792
0.57177
0.571761
0.571746
0.571746
0.571731
0.571722
0.571673
0.571663
0.571655
0.571648
0.571642
0.571634
0.571631
0.571628
0.571626
0.571628
0.571632
0.571636
0.571645
0.571648
0.57165
0.571651
0.571649
0.571641
0.571642
0.571645
0.571649
0.571655
0.571662
0.571671
0.57168
0.5717
0.571751
0.571765
0.571779
0.571793
0.571807
0.571834
0.571848
0.571876
0.571932
0.571946
0.571959
0.571981
0.571993
0.572004
0.572016
0.57203
0.572062
0.572119
0.572163
0.572186
0.572209
0.572231
0.572275
0.572297
0.572342
0.572366
0.572468
0.572494
0.57252
0.572569
0.572592
0.572616
0.572639
0.57279
0.572817
0.572844
0.57287
0.572921
0.572946
0.572995
0.573019
0.573091
0.573139
0.573163
0.573187
0.57321
0.573234
0.573259
0.573312
0.57334
0.573398
0.573494
0.573527
0.573625
0.573656
0.573716
0.573745
0.573772
0.5738
0.573912
0.573941
0.573971
0.574029
0.574057
0.574165
0.574192
0.574297
0.574322
0.574345
0.574368
0.574409
0.574429
0.57447
0.57449
0.574512
0.574608
0.574608
0.574633
0.574658
0.574707
0.57473
0.574753
0.574777
0.574824
0.574898
0.574924
0.574977
0.575028
0.575052
0.575098
0.575119
0.575138
0.575205
0.57522
0.575234
0.575261
0.575273
0.575285
0.575298
0.575324
0.575338
0.57538
0.575394
0.575408
0.57543
0.575439
0.575446
0.575452
0.575463
0.575468
0.575481
0.575485
0.575491
0.575492
0.575493
0.575491
0.575491
0.575488
0.575487
0.57548
0.575476
0.57547
0.575455
0.575447
0.575433
0.575421
0.575395
0.575388
0.575381
0.575368
0.575361
0.575353
0.575344
0.575322
0.575268
0.575254
0.575229
0.575217
0.575207
0.575186
0.575186
0.575162
0.575148
0.575082
0.575042
0.575022
0.575002
0.574959
0.574937
0.574915
0.574892
0.574869
0.574799
0.574775
0.574751
0.574703
0.574679
0.574656
0.574632
0.574581
0.574441
0.574412
0.574384
0.574356
0.57433
0.574278
0.574278
0.574225
0.574084
0.574054
0.574025
0.573969
0.573942
0.573914
0.573886
0.57383
0.573653
0.573624
0.573569
0.573569
0.573516
0.57349
0.573437
0.573359
0.573333
0.573307
0.573258
0.573234
0.573186
0.573161
0.573135
0.572984
0.572951
0.572918
0.572854
0.572823
0.572793
0.572735
0.572707
0.572568
0.572568
0.57254
0.572512
0.572458
0.572431
0.572378
0.572351
0.572217
0.572192
0.572168
0.572146
0.572104
0.572065
0.572046
0.571948
0.571928
0.571909
0.571874
0.571858
0.571827
0.571812
0.571812
0.571796
0.57173
0.571712
0.571695
0.57166
0.571642
0.571625
0.571608
0.571574
0.571516
0.571504
0.571495
0.571482
0.571481
0.571482
0.571484
0.571486
0.571487
0.571475
0.571467
0.571457
0.571434
0.571422
0.571401
0.571392
0.571382
0.571387
0.571402
0.571432
0.571442
0.571453
0.571472
0.571498
0.571505
0.571512
0.571524
0.57153
0.571536
0.571551
0.57156
0.571571
0.571583
0.571637
0.571665
0.571679
0.571708
0.571736
0.571749
0.571763
0.571849
0.571868
0.571904
0.57192
0.571934
0.571948
0.571962
0.572005
0.572082
0.572104
0.572128
0.572152
0.572201
0.572226
0.572251
0.572277
0.572384
0.572436
0.572461
0.572484
0.572507
0.572552
0.572575
0.5726
0.572743
0.572773
0.572832
0.57286
0.572915
0.572942
0.572968
0.572995
0.573049
0.573139
0.57317
0.573236
0.57327
0.573303
0.573336
0.573403
0.573437
0.573505
0.573645
0.573678
0.57371
0.573742
0.573802
0.573833
0.573895
0.573927
0.573927
0.574063
0.574099
0.574134
0.574203
0.574237
0.57427
0.574333
0.574364
0.574394
0.574483
0.574544
0.574575
0.574606
0.574637
0.574699
0.57473
0.574761
0.574792
0.574945
0.574973
0.575026
0.57505
0.575118
0.575139
0.57516
0.575225
0.575247
0.575289
0.575308
0.575326
0.575342
0.575371
0.575399
0.575414
0.575463
0.575463
0.575515
0.57553
0.57553
0.575545
0.575588
0.5756
0.5756
0.575641
0.575649
0.575655
0.575663
0.575665
0.575666
0.575668
0.575673
0.575677
0.575682
0.575705
0.575705
0.575711
0.575712
0.575709
0.575705
0.57569
0.57567
0.575628
0.57561
0.575603
0.575598
0.575594
0.575592
0.57559
0.575589
0.575588
0.575586
0.575569
0.57556
0.575549
0.575536
0.575521
0.575504
0.575485
0.575444
0.575421
0.575314
0.575256
0.575256
0.575201
0.575174
0.575148
0.575122
0.575097
0.574971
0.574919
0.574894
0.574842
0.574816
0.574789
0.574761
0.574705
0.574619
0.574591
0.574535
0.574509
0.574483
0.574459
0.574435
0.574385
0.574359
0.574274
0.574209
0.574175
0.574141
0.574107
0.574074
0.574008
0.573976
0.573943
0.573808
0.573773
0.573669
0.573634
0.573565
0.573531
0.573464
0.57333
0.573297
0.573265
0.573233
0.573203
0.573145
0.573086
0.573055
0.572958
0.572925
0.57286
0.572829
0.572799
0.57277
0.572741
0.572683
0.572654
0.5725
0.572438
0.572407
0.572348
0.572319
0.572263
0.572263
0.572235
0.572125
0.572098
0.572072
0.572047
0.572023
0.571973
0.571948
0.571896
0.571896
0.571842
0.57173
0.571703
0.571651
0.571627
0.571605
0.571584
0.571528
0.571511
0.571458
0.571441
0.571424
0.571409
0.571395
0.571367
0.571354
0.571327
0.571281
0.571272
0.571264
0.571251
0.571248
0.571246
0.571248
0.571251
0.571254
0.571266
0.571268
0.571268
0.571267
0.57126
0.57125
0.571245
0.57124
0.571227
0.571228
0.571231
0.571242
0.571251
0.571261
0.571285
0.571299
0.571377
0.571393
0.571408
0.571423
0.571449
0.571461
0.571473
0.571498
0.571554
0.57157
0.571587
0.571622
0.57164
0.57168
0.5717
0.571722
0.571814
0.571837
0.571859
0.57188
0.57192
0.571961
0.571981
0.572003
0.572101
0.572156
0.572183
0.57221
0.572237
0.572264
0.57229
0.572345
0.572491
0.572522
0.572551
0.572609
0.572637
0.572694
0.572723
0.572723
0.572878
0.57291
0.572942
0.572973
0.573036
0.573068
0.573101
0.573167
0.573341
0.573376
0.57341
0.573443
0.573505
0.573536
0.573567
0.57363
0.573769
0.573806
0.573843
0.573915
0.573984
0.573984
0.574053
0.574216
0.574248
0.574278
0.574307
0.574363
0.57439
0.574416
0.574443
0.57447
0.574585
0.574615
0.574646
0.574707
0.574737
0.574768
0.5748
0.574832
0.574864
0.574996
0.575059
0.57509
0.575119
0.575176
0.575203
0.575229
0.575256
0.575282
0.575391
0.575418
0.575444
0.57547
0.575519
0.575564
0.575564
0.575606
0.575668
0.575724
0.575724
0.575754
0.575766
0.575785
0.575793
0.575805
0.575825
0.575833
0.575841
0.575866
0.575874
0.575884
0.575887
0.575889
0.575891
0.575892
0.575896
0.575898
0.575898
0.575901
0.575901
0.575898
0.575864
0.575854
0.575833
0.575833
0.575805
0.575805
0.575796
0.57578
0.575751
0.575728
0.575728
0.575696
0.575686
0.575663
0.575663
0.57562
0.575548
0.575548
0.575528
0.575508
0.575448
0.575429
0.575411
0.575392
0.575291
0.57527
0.575248
0.575204
0.575204
0.575181
0.575133
0.575107
0.57508
0.57496
0.57496
0.574898
0.574868
0.574838
0.574779
0.574749
0.574687
0.574587
0.574486
0.574486
0.574421
0.574328
0.574297
0.574266
0.574235
0.57414
0.574073
0.57404
0.574006
0.573973
0.573908
0.573875
0.573842
0.573808
0.573705
0.573631
0.573594
0.573518
0.573479
0.57344
0.5734
0.57336
0.57328
0.573198
0.573157
0.573077
0.573038
0.573
0.572884
0.572845
0.572805
0.572766
0.572606
0.572566
0.572526
0.572487
0.57245
0.572413
0.572309
0.572275
0.572175
0.572175
0.572076
0.572012
0.571981
0.571949
0.571918
0.571887
0.571827
0.571738
0.571681
0.571681
0.571627
0.571553
0.571529
0.571482
0.571393
0.571372
0.571353
0.571317
0.5713
0.571284
0.571269
0.571254
0.571196
0.57117
0.571158
0.571148
0.571139
0.571117
0.57111
0.571103
0.571069
0.57106
0.571052
0.57104
0.571036
0.571034
0.571034
0.571035
0.571036
0.571037
0.571038
0.571046
0.57105
0.571055
0.571061
0.571073
0.571078
0.571096
0.571112
0.571121
0.57113
0.571149
0.571169
0.57118
0.571192
0.571249
0.571265
0.57133
0.571371
0.571383
0.571383
0.571448
0.571462
0.571492
0.571509
0.571526
0.571545
0.571584
0.571697
0.57172
0.571743
0.571765
0.571805
0.571824
0.571843
0.571883
0.571904
0.571975
0.57203
0.572058
0.572088
0.572088
0.572151
0.572185
0.57222
0.572256
0.572448
0.572487
0.572563
0.572634
0.572669
0.572704
0.572737
0.572771
0.572942
0.572978
0.573051
0.573086
0.573121
0.573191
0.573226
0.57326
0.573295
0.573433
0.57347
0.57347
0.573544
0.573619
0.573657
0.573696
0.573775
0.573816
0.57394
0.573981
0.574062
0.574101
0.57414
0.574217
0.574217
0.574256
0.574333
0.574455
0.574622
0.574662
0.574701
0.574739
0.574776
0.574843
0.574938
0.574969
0.575059
0.575088
0.575117
0.575145
0.575173
0.57523
0.575343
0.57537
0.575422
0.575446
0.57547
0.575494
0.575543
0.575568
0.57567
0.575694
0.575718
0.575759
0.575777
0.575794
0.575809
0.575838
0.575911
0.575926
0.57594
0.575953
0.575965
0.575989
0.576001
0.576026
0.576077
0.576094
0.576098
0.5761
0.5761
0.576098
0.576094
0.576085
0.576081
0.576074
0.576075
0.576076
0.576077
0.576076
0.576073
0.576063
0.576049
0.576029
0.576017
0.576004
0.575979
0.575955
0.575944
0.57592
0.575908
0.575855
0.57584
0.575825
0.575809
0.575776
0.575758
0.57574
0.575721
0.575597
0.575558
0.575523
0.575506
0.575489
0.575471
0.575453
0.575415
0.575323
0.575298
0.575298
0.57525
0.575225
0.575147
0.575119
0.575091
0.57497
0.574936
0.574869
0.574835
0.574802
0.574769
0.574701
0.574701
0.574668
0.574496
0.574461
0.574425
0.57439
0.574354
0.574282
0.574245
0.574208
0.57417
0.574013
0.573973
0.573933
0.573855
0.573816
0.573777
0.573737
0.573657
0.573487
0.573444
0.57336
0.57328
0.57328
0.573204
0.573167
0.573129
0.573091
0.572891
0.57285
0.572731
0.572693
0.572621
0.572586
0.57255
0.572516
0.572411
0.572341
0.572307
0.572241
0.572175
0.572141
0.572073
0.572073
0.571937
0.571905
0.571873
0.571812
0.571812
0.571722
0.571692
0.571632
0.571511
0.571482
0.571427
0.571378
0.571378
0.571354
0.571332
0.57131
0.571219
0.571172
0.571149
0.571126
0.571066
0.571047
0.57103
0.570998
0.570944
0.570931
0.570908
0.570899
0.570891
0.570881
0.570876
0.570876
0.570873
0.570868
0.570865
0.570841
0.570833
0.570825
0.570804
0.570804
0.570795
0.570799
0.570805
0.570812
0.570819
0.570828
0.570846
0.570856
0.570866
0.570918
0.57095
0.570966
0.570982
0.571014
0.571029
0.571029
0.571044
0.571059
0.571106
0.571142
0.571161
0.571204
0.571225
0.571247
0.571269
0.571313
0.571336
0.571457
0.571482
0.571534
0.571584
0.571608
0.571633
0.571658
0.571684
0.571711
0.571826
0.571857
0.571888
0.57195
0.57198
0.572011
0.572073
0.572105
0.572138
0.572241
0.572279
0.572354
0.572392
0.57243
0.572507
0.572546
0.572586
0.572785
0.572826
0.572866
0.572945
0.572986
0.573026
0.573068
0.573151
0.573193
0.573321
0.573364
0.573407
0.573449
0.573531
0.573572
0.573613
0.573654
0.573737
0.573913
0.573959
0.574051
0.574096
0.574183
0.574226
0.574267
0.574349
0.574504
0.574578
0.574615
0.574651
0.574686
0.574756
0.574791
0.574862
0.575006
0.575041
0.575075
0.575139
0.57517
0.575231
0.575262
0.575292
0.575418
0.575483
0.575483
0.575514
0.575573
0.575601
0.575628
0.575654
0.57568
0.575833
0.575859
0.575884
0.575908
0.575955
0.575977
0.576022
0.576022
0.576064
0.576143
0.576161
0.576177
0.576204
0.576214
0.57623
0.57623
0.576242
0.576249
0.576288
0.576307
0.576307
0.57631
0.576311
0.576309
0.576299
0.576285
0.576272
0.576266
0.57626
0.576261
0.576266
0.57627
0.576275
0.576284
0.576274
0.576265
0.576253
0.576239
0.576208
0.576208
0.576173
0.576154
0.576115
0.576051
0.576004
0.575979
0.575955
0.575931
0.575906
0.575882
0.575831
0.575727
0.575651
0.575651
0.575627
0.575582
0.575559
0.575536
0.575513
0.575381
0.575322
0.575322
0.575292
0.575262
0.575231
0.575168
0.575103
0.57507
0.574968
0.574934
0.574899
0.574828
0.574792
0.574717
0.574678
0.574638
0.574598
0.574385
0.574343
0.574263
0.574225
0.574225
0.574151
0.574114
0.574078
0.573884
0.573843
0.573802
0.57372
0.573637
0.573637
0.573553
0.573381
0.573297
0.573256
0.573217
0.573179
0.573067
0.573031
0.572877
0.572837
0.572798
0.572686
0.57265
0.572614
0.572578
0.572542
0.572469
0.572357
0.572319
0.572319
0.572206
0.572168
0.57213
0.572091
0.572053
0.571854
0.571814
0.571737
0.571701
0.571666
0.5716
0.571567
0.571535
0.571468
0.571368
0.571334
0.571302
0.571239
0.57121
0.571155
0.571128
0.571076
0.570975
0.57095
0.570926
0.570903
0.570882
0.570863
0.570828
0.570812
0.570812
0.570739
0.570725
0.570712
0.570701
0.570681
0.570672
0.570663
0.570654
0.570637
0.570623
0.570624
0.570626
0.570629
0.570638
0.570638
0.570643
0.570652
0.570657
0.57069
0.570697
0.57071
0.570716
0.570726
0.570732
0.570738
0.570774
0.5708
0.5708
0.570829
0.570844
0.570878
0.570896
0.570914
0.57101
0.571031
0.571052
0.571073
0.571095
0.571117
0.571161
0.571184
0.571208
0.571287
0.571345
0.571375
0.571437
0.571468
0.571499
0.571531
0.571596
0.571628
0.571729
0.571764
0.571798
0.571832
0.571867
0.571939
0.571976
0.572013
0.57209
0.572169
0.572208
0.572328
0.572368
0.572407
0.572487
0.572527
0.572569
0.572611
0.572744
0.572791
0.572839
0.572936
0.572984
0.573031
0.573125
0.573172
0.573219
0.573409
0.573458
0.573507
0.573556
0.573654
0.573703
0.573751
0.5738
0.573848
0.57404
0.574088
0.574184
0.574184
0.574324
0.57437
0.574416
0.574506
0.57455
0.574724
0.574766
0.574807
0.574847
0.574925
0.575003
0.575043
0.575084
0.575246
0.575328
0.575367
0.575367
0.575405
0.575509
0.575541
0.575573
0.575604
0.575727
0.575791
0.575822
0.575853
0.575883
0.575912
0.575941
0.575997
0.576025
0.576053
0.57616
0.576186
0.57621
0.576232
0.576253
0.576272
0.576291
0.57636
0.576407
0.57642
0.57642
0.576448
0.576454
0.576457
0.576462
0.576464
0.576473
0.576477
0.576481
0.576489
0.576492
0.576495
0.576494
0.576488
0.576461
0.576452
0.576443
0.576433
0.576423
0.576402
0.57639
0.576378
0.576365
0.576325
0.576295
0.57628
0.57625
0.576234
0.576202
0.576202
0.576083
0.576083
0.57606
0.576016
0.575956
0.575956
0.575896
0.575875
0.575758
0.575732
0.575706
0.57568
0.575653
0.575627
0.575544
0.575514
0.575453
0.575391
0.575328
0.575266
0.575235
0.575204
0.575204
0.575172
0.575139
0.575069
0.574918
0.574877
0.574836
0.574753
0.574711
0.574625
0.574582
0.574538
0.574312
0.574266
0.574222
0.574179
0.574137
0.573973
0.573931
0.573719
0.573676
0.573676
0.57355
0.57351
0.573433
0.573394
0.573356
0.573199
0.573159
0.57312
0.573044
0.573005
0.572967
0.572887
0.572845
0.572802
0.572623
0.572578
0.572533
0.572488
0.5724
0.572357
0.572314
0.572271
0.572271
0.572046
0.572001
0.571955
0.571866
0.571822
0.571779
0.571735
0.571692
0.571608
0.571446
0.571406
0.571367
0.571329
0.571291
0.571217
0.571181
0.571112
0.571013
0.570981
0.57095
0.570921
0.570869
0.570845
0.570801
0.570779
0.570642
0.570598
0.570579
0.570563
0.570549
0.570538
0.57053
0.570521
0.570518
0.570512
0.570509
0.570503
0.570496
0.570487
0.570463
0.57045
0.570423
0.570381
0.570376
0.570373
0.570374
0.570377
0.570383
0.570392
0.570438
0.570465
0.57048
0.57048
0.570534
0.570546
0.570571
0.570585
0.570614
0.570664
0.570682
0.570699
0.570731
0.570764
0.570764
0.570799
0.570799
0.570932
0.570959
0.570959
0.571012
0.571037
0.571088
0.571113
0.571138
0.571164
0.571277
0.571339
0.571371
0.571403
0.571469
0.571504
0.571539
0.571613
0.571727
0.571803
0.571803
0.57191
0.571945
0.572014
0.57205
0.572241
0.572319
0.572357
0.572394
0.572467
0.572504
0.572579
0.572617
0.572774
0.572815
0.572856
0.572939
0.572981
0.573024
0.573067
0.573153
0.573331
0.573376
0.573465
0.573465
0.573554
0.573599
0.573645
0.573691
0.573784
0.573975
0.574023
0.57407
0.574161
0.574207
0.574252
0.574341
0.574387
0.574575
0.57467
0.574715
0.57476
0.574804
0.57489
0.57489
0.574933
0.574975
0.575194
0.575238
0.575282
0.575369
0.575411
0.575453
0.575494
0.575535
0.575688
0.575726
0.575798
0.575833
0.575867
0.575901
0.575999
0.576031
0.576156
0.576187
0.576216
0.576245
0.576298
0.576323
0.576371
0.576394
0.576417
0.576498
0.576516
0.576532
0.576562
0.576575
0.576586
0.576597
0.576618
0.57668
0.576688
0.576693
0.576696
0.576695
0.576692
0.576688
0.576683
0.576669
0.576668
0.576668
0.576669
0.576673
0.576674
0.576674
0.576669
0.576664
0.576617
0.576617
0.576601
0.576584
0.576549
0.576515
0.576497
0.57648
0.576461
0.576398
0.576375
0.576352
0.576304
0.57628
0.576257
0.576233
0.576183
0.576157
0.576075
0.576014
0.575982
0.575949
0.575884
0.575851
0.575818
0.575751
0.57561
0.575576
0.575541
0.575472
0.575438
0.575366
0.575329
0.575253
0.575096
0.575056
0.575056
0.574978
0.57494
0.574902
0.574827
0.574788
0.57462
0.574531
0.574487
0.574443
0.574399
0.574313
0.574269
0.574225
0.574181
0.573997
0.573949
0.573901
0.573805
0.573756
0.573707
0.573609
0.573559
0.573311
0.573262
0.573214
0.573118
0.57307
0.57307
0.572973
0.572973
0.572874
0.572674
0.572625
0.572576
0.57248
0.572433
0.572386
0.572293
0.572247
0.572199
0.572004
0.571955
0.571907
0.571814
0.57177
0.571728
0.571686
0.571645
0.571476
0.571433
0.57139
0.571305
0.571264
0.571224
0.571185
0.571109
0.570967
0.570933
0.570868
0.570808
0.570808
0.57078
0.570726
0.570699
0.570672
0.570562
0.570536
0.57051
0.570486
0.570444
0.570424
0.570406
0.57039
0.570374
0.570318
0.570318
0.570292
0.57026
0.57026
0.57025
0.570225
0.570225
0.57022
0.57022
0.57023
0.570236
0.570248
0.570254
0.57026
0.570267
0.570281
0.570318
0.570328
0.570339
0.570361
0.570373
0.570399
0.570399
0.570428
0.570444
0.570496
0.570514
0.570533
0.570569
0.570589
0.570629
0.570651
0.570674
0.570777
0.570833
0.57086
0.570887
0.570912
0.570938
0.570964
0.571017
0.571045
0.57121
0.571247
0.57136
0.571397
0.571434
0.571505
0.57154
0.571644
0.57168
0.571716
0.571752
0.571825
0.571863
0.571902
0.571942
0.571982
0.572244
0.572288
0.572333
0.572419
0.572462
0.572504
0.572547
0.572634
0.572773
0.572871
0.572919
0.572967
0.573014
0.573061
0.573108
0.573203
0.573251
0.573348
0.573499
0.573551
0.573656
0.573763
0.573763
0.573816
0.573869
0.573924
0.574035
0.574259
0.574314
0.574422
0.574474
0.574525
0.574575
0.574672
0.574719
0.574813
0.574957
0.575006
0.575055
0.575151
0.575198
0.575246
0.575341
0.575388
0.575388
0.575572
0.575617
0.575751
0.575794
0.575836
0.575878
0.57596
0.57611
0.576178
0.576209
0.576238
0.576266
0.576318
0.576344
0.57637
0.576396
0.576506
0.576534
0.576561
0.576613
0.576637
0.57666
0.576702
0.576722
0.576793
0.576809
0.576836
0.576847
0.576865
0.576873
0.576887
0.576887
0.576888
0.576888
0.576886
0.576884
0.576881
0.576879
0.576877
0.576871
0.576868
0.576825
0.576815
0.576804
0.576794
0.576784
0.576763
0.576752
0.57674
0.576671
0.576656
0.576641
0.576626
0.57661
0.576577
0.576558
0.576539
0.576496
0.576397
0.576397
0.57632
0.576293
0.57624
0.576213
0.576184
0.576033
0.576002
0.575972
0.575914
0.575886
0.575857
0.575828
0.575798
0.575735
0.575628
0.57559
0.575551
0.575471
0.575431
0.57535
0.575267
0.575225
0.57505
0.575004
0.574957
0.57491
0.574863
0.574769
0.574721
0.574674
0.574625
0.57448
0.57438
0.57433
0.574279
0.574229
0.574178
0.574127
0.574021
0.573968
0.573914
0.573638
0.573584
0.57353
0.573477
0.573425
0.57332
0.573214
0.57316
0.572994
0.572881
0.572881
0.572769
0.572769
0.57266
0.572607
0.572502
0.572502
0.572293
0.57224
0.572187
0.572082
0.572029
0.571976
0.571924
0.57182
0.571768
0.571515
0.571423
0.571379
0.571296
0.571257
0.571218
0.571181
0.570988
0.57095
0.570913
0.570845
0.570813
0.570782
0.570721
0.570691
0.570634
0.570548
0.570518
0.570518
0.57046
0.570431
0.570404
0.570376
0.570349
0.570296
0.570199
0.570178
0.570159
0.570142
0.570127
0.570103
0.570093
0.570083
0.570063
0.570034
0.570025
0.570018
0.57001
0.570012
0.570023
0.57003
0.570037
0.57007
0.570078
0.570085
0.570096
0.570102
0.570107
0.570113
0.57013
0.570141
0.570169
0.570204
0.570223
0.570243
0.570263
0.570304
0.570325
0.570346
0.570367
0.570458
0.570482
0.570507
0.570558
0.570585
0.570613
0.570643
0.570674
0.570739
0.570841
0.570877
0.570913
0.570984
0.571019
0.571054
0.571124
0.571161
0.571199
0.571363
0.571407
0.57145
0.571538
0.571582
0.571626
0.571671
0.571761
0.571807
0.571999
0.571999
0.572049
0.572151
0.572203
0.572255
0.572308
0.572414
0.572628
0.572735
0.572788
0.57284
0.572943
0.572994
0.573046
0.573098
0.573152
0.573207
0.573435
0.573493
0.57355
0.573606
0.573662
0.573772
0.573828
0.573938
0.574164
0.574222
0.574279
0.574335
0.574391
0.574503
0.574559
0.574614
0.574777
0.574884
0.574937
0.575039
0.575088
0.575186
0.575282
0.575329
0.575519
0.575567
0.575614
0.575704
0.575746
0.575787
0.575826
0.575901
0.575938
0.57605
0.576088
0.576167
0.576207
0.576246
0.576322
0.57636
0.576432
0.576568
0.5766
0.576631
0.57666
0.576715
0.576741
0.576766
0.576816
0.57684
0.576931
0.576951
0.577003
0.577003
0.577016
0.577035
0.577042
0.577048
0.577065
0.577068
0.577072
0.57708
0.577085
0.577088
0.577093
0.577093
0.577092
0.577071
0.577055
0.577047
0.577039
0.577029
0.577008
0.576997
0.576984
0.576928
0.576912
0.576897
0.576868
0.576854
0.576838
0.576805
0.576787
0.576696
0.57667
0.576617
0.57659
0.576564
0.576538
0.576486
0.576461
0.576321
0.576289
0.576224
0.576191
0.576158
0.576089
0.576089
0.576053
0.576017
0.575865
0.575825
0.575785
0.575744
0.575703
0.575621
0.575537
0.575494
0.575263
0.575263
0.575216
0.575125
0.57508
0.574991
0.574946
0.5749
0.574658
0.574608
0.574511
0.574464
0.574417
0.574372
0.57428
0.574233
0.574036
0.574036
0.57388
0.57388
0.573828
0.573723
0.573617
0.573617
0.57351
0.573346
0.57329
0.573233
0.573119
0.573062
0.573004
0.572946
0.57283
0.572658
0.57249
0.572436
0.572279
0.572279
0.572228
0.572177
0.571972
0.571817
0.571817
0.571767
0.571718
0.571624
0.571578
0.571444
0.571267
0.571181
0.571181
0.5711
0.571061
0.571024
0.570952
0.57088
0.570705
0.570671
0.570606
0.570574
0.570543
0.570514
0.570457
0.570371
0.570286
0.570286
0.570212
0.570169
0.570129
0.570035
0.570018
0.570002
0.569987
0.569973
0.569948
0.569937
0.569914
0.569881
0.569861
0.569853
0.569842
0.56984
0.569838
0.569839
0.569839
0.569842
0.569838
0.569835
0.569834
0.56984
0.56984
0.569863
0.569898
0.56991
0.569922
0.569944
0.569955
0.569967
0.56998
0.56998
0.569993
0.570084
0.57013
0.570153
0.570177
0.570225
0.570249
0.570249
0.570297
0.570323
0.570495
0.570527
0.57059
0.570621
0.570621
0.570682
0.570712
0.570906
0.570939
0.570972
0.571005
0.571068
0.571099
0.571131
0.571197
0.571302
0.571339
0.571377
0.571455
0.571495
0.571579
0.571621
0.571664
0.571893
0.57194
0.572033
0.572033
0.57208
0.572173
0.572221
0.572269
0.572419
0.57258
0.57258
0.57269
0.57269
0.572745
0.572908
0.572964
0.573076
0.573133
0.57337
0.57337
0.57349
0.57349
0.573667
0.573726
0.573842
0.574126
0.574181
0.574289
0.574342
0.574446
0.574497
0.574548
0.574599
0.574801
0.574852
0.574903
0.575049
0.575097
0.575144
0.57519
0.575283
0.575469
0.575516
0.575562
0.575652
0.575696
0.575783
0.575826
0.576077
0.576117
0.576156
0.576195
0.576232
0.576268
0.576304
0.576373
0.576408
0.576548
0.576583
0.576682
0.576682
0.576742
0.576742
0.57683
0.57686
0.576917
0.577025
0.577025
0.577073
0.577073
0.577113
0.57713
0.577176
0.577176
0.577259
0.577259
0.57727
0.577279
0.577293
0.577294
0.577294
0.577294
0.57729
0.577271
0.577264
0.577257
0.577251
0.577245
0.57724
0.577233
0.577229
0.577224
0.577188
0.577188
0.577174
0.577142
0.577088
0.577088
0.577068
0.577048
0.577027
0.576911
0.576886
0.576861
0.576836
0.576811
0.576758
0.57673
0.576701
0.576671
0.576539
0.576503
0.576468
0.576397
0.576361
0.576326
0.57629
0.576217
0.576179
0.576017
0.575974
0.57593
0.575886
0.575842
0.575797
0.575708
0.57557
0.575427
0.575329
0.57528
0.57523
0.57518
0.575077
0.575025
0.574972
0.574919
0.574703
0.574649
0.574594
0.574488
0.574436
0.574333
0.574281
0.574012
0.573957
0.573902
0.573796
0.573743
0.573691
0.573638
0.573586
0.573321
0.573266
0.57321
0.573155
0.573044
0.572988
0.572933
