0.509066
0.509065
0.509066
0.509069
0.509076
0.509078
0.509076
0.509073
0.509077
0.509081
0.509084
0.509085
0.509082
0.509064
0.509063
0.509067
0.509071
0.509073
0.509071
0.509069
0.509066
0.509063
0.509057
0.509057
0.509057
0.509057
0.509055
0.509042
0.509037
0.509036
0.509034
0.509026
0.509024
0.509026
0.50903
0.509024
0.509017
0.509006
0.509001
0.509
0.508994
0.508988
0.508985
0.508985
0.508989
0.508984
0.508978
0.508975
0.508985
0.50899
0.508995
0.508992
0.508988
0.508982
0.508982
0.508984
0.508992
0.508997
0.509001
0.509001
0.509006
0.509014
0.509023
0.509027
0.50903
0.509037
0.509042
0.509063
0.509065
0.509071
0.509078
0.509083
0.509097
0.50911
0.509114
0.509124
0.509131
0.509146
0.509149
0.509156
0.509162
0.509172
0.509189
0.509195
0.509199
0.509202
0.509206
0.509223
0.509227
0.509238
0.509241
0.509241
0.509239
0.50924
0.509244
0.509249
0.509254
0.509253
0.509252
0.509253
0.509255
0.509256
0.509246
0.509238
0.509227
0.509222
0.509221
0.509219
0.50921
0.509203
0.50919
0.509175
0.509151
0.509146
0.509143
0.509139
0.509137
0.50912
0.5091
0.509086
0.509064
0.509044
0.509023
0.509007
0.508993
0.508984
0.508964
0.508953
0.508942
0.508927
0.508916
0.50889
0.508881
0.508872
0.508859
0.50885
0.508833
0.508822
0.508817
0.508813
0.508808
0.508799
0.508791
0.508788
0.508788
0.508788
0.508786
0.50878
0.50878
0.508786
0.508796
0.50881
0.508813
0.508814
0.508813
0.508813
0.508825
0.508835
0.508848
0.508867
0.508888
0.508916
0.508922
0.508938
0.508946
0.508954
0.508991
0.509
0.509017
0.509044
0.509061
0.509103
0.509111
0.509127
0.50915
0.509166
0.509209
0.509231
0.509237
0.509249
0.509266
0.509303
0.509319
0.509327
0.509342
0.509362
0.509374
0.509396
0.509407
0.509416
0.509423
0.50943
0.50945
0.50945
0.509446
0.509442
0.509446
0.509449
0.509451
0.509449
0.509445
0.509428
0.509419
0.509411
0.509403
0.509393
0.509358
0.509346
0.509336
0.509322
0.509311
0.509267
0.509253
0.509233
0.509221
0.5092
0.509184
0.509166
0.509138
0.509108
0.509086
0.509042
0.509011
0.509001
0.508971
0.508951
0.508901
0.508882
0.508864
0.508846
0.508818
0.508771
0.508746
0.508732
0.508726
0.508713
0.508668
0.508655
0.508644
0.50863
0.508625
0.508602
0.508595
0.508589
0.508586
0.508585
0.508591
0.508594
0.508596
0.5086
0.508606
0.508626
0.508638
0.508649
0.508662
0.508682
0.508694
0.508705
0.508723
0.508746
0.508782
0.508801
0.508819
0.508837
0.508865
0.508918
0.508941
0.508962
0.508981
0.509001
0.50907
0.509095
0.509121
0.509159
0.509183
0.509232
0.509256
0.509292
0.509304
0.509328
0.509391
0.509426
0.509446
0.509466
0.509485
0.509544
0.50956
0.509573
0.509583
0.509598
0.509614
0.509632
0.509643
0.50965
0.509653
0.509649
0.509647
0.509648
0.509649
0.509648
0.509636
0.509624
0.509611
0.509591
0.509571
0.50954
0.509532
0.509509
0.509494
0.509477
0.509418
0.509387
0.509356
0.509324
0.509269
0.509235
0.509206
0.509186
0.509112
0.509101
0.509069
0.509036
0.509011
0.508948
0.508935
0.508908
0.508882
0.508855
0.508767
0.508737
0.508722
0.508682
0.508658
0.508596
0.50856
0.508538
0.508527
0.508494
0.50845
0.508436
0.508425
0.50841
0.5084
0.508388
0.508386
0.508388
0.50839
0.508394
0.508408
0.508415
0.508421
0.508427
0.508431
0.50845
0.508465
0.508482
0.508512
0.508534
0.508558
0.508596
0.508635
0.508672
0.508711
0.508725
0.508781
0.50881
0.50884
0.508887
0.50892
0.509003
0.509037
0.509071
0.509122
0.509157
0.509227
0.509262
0.509312
0.509343
0.509391
0.509456
0.509487
0.509515
0.509542
0.509568
0.509662
0.509687
0.509708
0.509739
0.509767
0.5098
0.509813
0.509824
0.509838
0.509846
0.509851
0.509848
0.509843
0.509839
0.509833
0.509814
0.509804
0.509794
0.509779
0.509761
0.509731
0.509715
0.509706
0.509687
0.509667
0.509577
0.509548
0.509505
0.509491
0.509448
0.509389
0.509358
0.509327
0.509296
0.509263
0.509155
0.509118
0.509063
0.509008
0.508971
0.508912
0.508855
0.508818
0.508783
0.508748
0.508659
0.508621
0.508585
0.508532
0.508497
0.508429
0.508398
0.50837
0.508332
0.508308
0.508286
0.508237
0.508222
0.508208
0.508195
0.508189
0.508193
0.508196
0.508199
0.508217
0.508231
0.50824
0.508256
0.508288
0.508309
0.508322
0.508343
0.50836
0.508401
0.508424
0.508448
0.508473
0.5085
0.508615
0.508666
0.508699
0.508734
0.508786
0.508859
0.508898
0.508956
0.508995
0.509016
0.509137
0.509178
0.50926
0.50928
0.509417
0.509454
0.509488
0.509554
0.509585
0.509634
0.509669
0.50972
0.509737
0.509787
0.509852
0.509898
0.509925
0.50996
0.509981
0.510017
0.510037
0.510045
0.510047
0.510047
0.51004
0.510036
0.510031
0.51002
0.510016
0.50999
0.509975
0.509949
0.50993
0.509909
0.509852
0.509827
0.509802
0.50976
0.50973
0.509681
0.509625
0.509585
0.509522
0.509479
0.509326
0.509283
0.509221
0.509165
0.509054
0.509017
0.508962
0.508944
0.508906
0.508781
0.508738
0.508697
0.508655
0.508592
0.50857
0.508483
0.50842
0.508379
0.508319
0.508282
0.508227
0.508175
0.508144
0.508115
0.508087
0.508019
0.508006
0.507995
0.507993
0.507992
0.507996
0.508001
0.508008
0.508016
0.508034
0.508077
0.508107
0.508133
0.50815
0.508167
0.50821
0.508236
0.508264
0.508294
0.508345
0.508423
0.508465
0.508528
0.50857
0.508613
0.508703
0.508774
0.508819
0.508865
0.508911
0.509058
0.509109
0.509135
0.509213
0.5094
0.509451
0.509497
0.509563
0.509605
0.509686
0.509746
0.509766
0.509805
0.509864
0.509965
0.510022
0.510039
0.510071
0.510116
0.510184
0.510206
0.510224
0.510235
0.510243
0.510245
0.510242
0.510238
0.510227
0.510217
0.510187
0.51017
0.510153
0.510134
0.510101
0.510048
0.51002
0.509976
0.509946
0.509898
0.509823
0.509783
0.509722
0.509681
0.509638
0.509521
0.509471
0.50942
0.50937
0.509319
0.509162
0.509081
0.509029
0.508951
0.508897
0.508791
0.508738
0.508687
0.50861
0.508585
0.508454
0.508377
0.508326
0.508275
0.508225
0.508107
0.508063
0.508022
0.507965
0.50793
0.507857
0.507836
0.507818
0.507804
0.507791
0.507794
0.507807
0.507814
0.50782
0.507847
0.507866
0.50788
0.507897
0.507917
0.507974
0.508001
0.508029
0.508076
0.50811
0.508147
0.508207
0.508271
0.508317
0.508365
0.50844
0.508545
0.5086
0.508655
0.508767
0.508851
0.508938
0.508997
0.509085
0.509145
0.509353
0.509436
0.509489
0.509542
0.509618
0.509744
0.509793
0.509865
0.509911
0.510044
0.510125
0.510161
0.510212
0.510286
0.510323
0.510355
0.510414
0.510426
0.510433
0.510435
0.510428
0.510433
0.510443
0.510453
0.510457
0.510451
0.51044
0.510415
0.510394
0.510315
0.510269
0.510238
0.510191
0.510088
0.510052
0.510017
0.509983
0.509927
0.509819
0.509772
0.509725
0.509652
0.509601
0.509492
0.509435
0.509377
0.509316
0.509223
0.509062
0.508996
0.508931
0.508865
0.508765
0.50863
0.508562
0.508497
0.508432
0.508338
0.508214
0.508124
0.508067
0.507989
0.50794
0.507849
0.507807
0.507753
0.507721
0.507692
0.507628
0.507609
0.507591
0.507588
0.50761
0.50762
0.507632
0.507644
0.507665
0.50768
0.507706
0.507727
0.507751
0.507827
0.507862
0.507915
0.507952
0.507993
0.508081
0.50813
0.508203
0.508277
0.508356
0.508468
0.508526
0.508585
0.508643
0.508734
0.508862
0.508928
0.509029
0.509132
0.509342
0.509409
0.509536
0.509596
0.509769
0.509823
0.509874
0.509925
0.510028
0.510105
0.510156
0.510205
0.510276
0.510323
0.510435
0.510476
0.510512
0.510545
0.510587
0.510637
0.510643
0.51065
0.510647
0.510641
0.51062
0.510606
0.510589
0.51057
0.510525
0.510471
0.510441
0.510409
0.510376
0.51034
0.510216
0.510194
0.51015
0.510104
0.51003
0.509922
0.509865
0.509777
0.509717
0.509657
0.509461
0.509427
0.509357
0.509285
0.509177
0.508993
0.508918
0.508842
0.508767
0.508653
0.508503
0.508428
0.508356
0.508249
0.50818
0.50801
0.507912
0.507822
0.507741
0.507623
0.507584
0.507536
0.507522
0.507497
0.507439
0.507411
0.507397
0.50739
0.507388
0.507402
0.507413
0.507427
0.507452
0.507472
0.50753
0.507558
0.507588
0.507638
0.507773
0.507813
0.507872
0.507912
0.507995
0.508064
0.508114
0.508165
0.508248
0.508337
0.508463
0.50853
0.508598
0.508702
0.508951
0.509057
0.509159
0.509225
0.50939
0.509456
0.509521
0.509585
0.50968
0.509845
0.509912
0.509978
0.510044
0.510108
0.510266
0.510329
0.510389
0.510475
0.51053
0.510631
0.510697
0.510734
0.510783
0.510808
0.51084
0.510845
0.510844
0.510839
0.510829
0.510791
0.510762
0.51073
0.510706
0.510637
0.510606
0.510573
0.510538
0.510479
0.510367
0.510318
0.510293
0.510215
0.51016
0.510072
0.509944
0.509911
0.509843
0.509772
0.509697
0.509503
0.509383
0.509301
0.50922
0.509094
0.508924
0.508839
0.508713
0.508588
0.508506
0.508343
0.508303
0.508185
0.508108
0.507958
0.507812
0.507741
0.507673
0.507608
0.507576
0.507409
0.507361
0.507318
0.507281
0.507235
0.507198
0.507192
0.507194
0.507201
0.50721
0.507251
0.507271
0.507295
0.50732
0.507362
0.507427
0.507465
0.507525
0.507568
0.507615
0.507742
0.507796
0.507853
0.507911
0.507973
0.50814
0.508211
0.508282
0.508392
0.508467
0.508709
0.508793
0.508918
0.509001
0.509083
0.509205
0.509288
0.509415
0.5095
0.509629
0.509844
0.50997
0.510051
0.510168
0.510245
0.510395
0.51043
0.5105
0.5106
0.510662
0.51083
0.510854
0.5109
0.510941
0.510993
0.511046
0.511049
0.511047
0.511038
0.51099
0.510974
0.510959
0.510935
0.510855
0.510826
0.510796
0.510748
0.510712
0.510629
0.510557
0.510505
0.51045
0.510392
0.510236
0.510168
0.5101
0.509993
0.509917
0.509759
0.509678
0.509554
0.50947
0.509384
0.509161
0.509025
0.50898
0.508891
0.508756
0.508526
0.508433
0.508341
0.508296
0.508161
0.507944
0.50782
0.50774
0.507662
0.507623
0.507408
0.507344
0.507283
0.507202
0.507153
0.507054
0.50704
0.507016
0.506997
0.506993
0.507006
0.507017
0.50703
0.507046
0.507077
0.507149
0.507184
0.507221
0.50728
0.507301
0.507416
0.507467
0.507521
0.507607
0.507698
0.507828
0.507933
0.508006
0.508044
0.50816
0.508363
0.508405
0.508531
0.508618
0.508706
0.508938
0.509033
0.509176
0.509271
0.509367
0.509611
0.509709
0.509806
0.509948
0.51004
0.510222
0.510356
0.510442
0.510525
0.510644
0.510791
0.510859
0.510953
0.511012
0.511065
0.511156
0.511204
0.511223
0.511234
0.511236
0.511221
0.511209
0.511194
0.511168
0.511147
0.511092
0.51104
0.511003
0.510964
0.510902
0.510806
0.510752
0.510695
0.510604
0.510506
0.510366
0.510293
0.510217
0.51014
0.510018
0.5098
0.509665
0.50953
0.509397
0.509216
0.509082
0.508993
0.508949
0.50886
0.508584
0.50849
0.508398
0.508261
0.508171
0.507988
0.507853
0.507764
0.507677
0.507593
0.507392
0.507315
0.507242
0.50714
0.507076
0.506961
0.506913
0.506856
0.506818
0.506799
0.506809
0.50682
0.506843
0.506881
0.50689
0.50691
0.506959
0.506988
0.50704
0.507101
0.507145
0.507194
0.507302
0.507424
0.507489
0.507556
0.507625
0.507697
0.507934
0.508017
0.5081
0.50823
0.508319
0.508507
0.508652
0.50875
0.508799
0.508947
0.509205
0.509309
0.50936
0.509463
0.509566
0.509719
0.509925
0.510028
0.51018
0.510281
0.510332
0.510674
0.510765
0.510852
0.510935
0.511051
0.511185
0.511271
0.51132
0.511362
0.511395
0.511438
0.51144
0.511436
0.51142
0.511405
0.511348
0.511319
0.511303
0.511253
0.511216
0.51111
0.511035
0.511008
0.510953
0.510863
0.510694
0.510621
0.510547
0.510471
0.510351
0.510137
0.510049
0.50996
0.509869
0.509728
0.509581
0.509481
0.50933
0.509228
0.509126
0.508861
0.508753
0.508591
0.50843
0.50827
0.508109
0.508003
0.507898
0.507742
0.50764
0.507394
0.507302
0.507257
0.50713
0.507049
0.506804
0.506749
0.506703
0.506651
0.506598
0.506594
0.506603
0.506612
0.50664
0.506658
0.506678
0.506713
0.506756
0.506829
0.506871
0.506915
0.50696
0.507008
0.507147
0.50721
0.507276
0.507382
0.507458
0.507666
0.507753
0.507842
0.507933
0.508028
0.508328
0.508485
0.508589
0.508692
0.508795
0.509058
0.509165
0.509272
0.50938
0.509545
0.509767
0.509933
0.510042
0.51015
0.510312
0.510524
0.510627
0.510776
0.510871
0.510917
0.511178
0.511256
0.511328
0.511393
0.51148
0.51157
0.511616
0.511626
0.511639
0.511644
0.511628
0.511603
0.511581
0.511542
0.511526
0.511431
0.511385
0.511314
0.511263
0.511208
0.511053
0.510985
0.510915
0.510843
0.510768
0.510522
0.510433
0.510296
0.510202
0.510155
0.509804
0.509647
0.509542
0.509383
0.509276
0.509061
0.508898
0.508843
0.508678
0.508345
0.508183
0.508077
0.507923
0.507821
0.507572
0.507477
0.507292
0.507203
0.507118
0.506954
0.506876
0.506802
0.506732
0.506635
0.506501
0.506462
0.506423
0.506409
0.506404
0.506417
0.506431
0.506448
0.506469
0.506495
0.506525
0.5066
0.506645
0.506668
0.506745
0.506831
0.506963
0.507109
0.507185
0.507299
0.507378
0.507546
0.507634
0.507724
0.507866
0.507915
0.508173
0.508281
0.508389
0.508498
0.508666
0.50902
0.509201
0.509262
0.509443
0.509563
0.509802
0.50992
0.510038
0.510154
0.510326
0.510667
0.510778
0.510884
0.511036
0.511134
0.511361
0.511443
0.511519
0.511619
0.511701
0.511766
0.511811
0.511829
0.511838
0.511839
0.511804
0.51177
0.511745
0.511702
0.511686
0.511615
0.511573
0.511503
0.511452
0.511396
0.511236
0.511165
0.511054
0.510977
0.510896
0.51081
0.510626
0.510528
0.510375
0.510215
0.510106
0.509937
0.509821
0.509703
0.509523
0.509339
0.509088
0.508961
0.508835
0.508644
0.508517
0.508197
0.50807
0.508007
0.507881
0.507694
0.507571
0.507333
0.50716
0.507104
0.506942
0.506607
0.506489
0.506454
0.50636
0.506235
0.506207
0.506199
0.506198
0.506201
0.506242
0.506264
0.506277
0.506305
0.506354
0.506454
0.506526
0.506526
0.506633
0.506693
0.506826
0.506897
0.507009
0.507087
0.507212
0.507392
0.507535
0.507584
0.507683
0.507784
0.507943
0.508111
0.508285
0.508404
0.508465
0.508651
0.508976
0.509109
0.509244
0.509379
0.509514
0.509921
0.510055
0.510187
0.51038
0.510507
0.510757
0.510939
0.511055
0.511168
0.511276
0.511379
0.511571
0.511659
0.511741
0.511848
0.511908
0.511995
0.512028
0.512038
0.512039
0.512033
0.511973
0.511924
0.511887
0.511825
0.511671
0.511614
0.511554
0.511461
0.511221
0.511185
0.511076
0.510965
0.510725
0.5106
0.510557
0.51047
0.51038
0.510031
0.509924
0.509765
0.509658
0.509494
0.509266
0.509151
0.509034
0.508858
0.508677
0.508429
0.508367
0.508242
0.508052
0.507924
0.507668
0.507478
0.507354
0.507233
0.507054
0.506772
0.506719
0.506617
0.506521
0.50643
0.506167
0.506113
0.50607
0.50604
0.506021
0.506011
0.50602
0.506033
0.506063
0.50609
0.506181
0.506203
0.506276
0.50633
0.506387
0.506546
0.506581
0.506731
0.506772
0.506855
0.507083
0.50718
0.50733
0.507434
0.507541
0.507767
0.507947
0.50807
0.508196
0.508322
0.508716
0.508919
0.509121
0.509256
0.509658
0.50979
0.509982
0.510169
0.510477
0.510657
0.510827
0.510936
0.511094
0.511297
0.511395
0.51149
0.511627
0.511911
0.511947
0.512042
0.512097
0.512163
0.512209
0.512234
0.51224
0.51224
0.512235
0.51217
0.512123
0.512088
0.51205
0.511892
0.51184
0.511786
0.511701
0.51151
0.511408
0.511339
0.511268
0.510989
0.510861
0.51073
0.51064
0.510547
0.510353
0.510252
0.510149
0.509989
0.509934
0.50952
0.509394
0.509202
0.509073
0.509007
0.508674
0.508539
0.508404
0.508269
0.508134
0.50793
0.507657
0.507521
0.507319
0.507186
0.507055
0.506803
0.506624
0.506511
0.506456
0.506301
0.506076
0.506002
0.505939
0.505889
0.505851
0.505808
0.505808
0.505816
0.505831
0.505868
0.505884
0.505964
0.506038
0.506124
0.506188
0.506408
0.506489
0.506614
0.506745
0.506835
0.506977
0.507075
0.507176
0.507333
0.507499
0.507735
0.507858
0.507983
0.50811
0.508304
0.508642
0.508782
0.508923
0.509064
0.509206
0.509494
0.509712
0.509858
0.510004
0.510223
0.510662
0.510804
0.510941
0.511201
0.511561
0.511721
0.511866
0.511955
0.512078
0.512186
0.512249
0.512304
0.51237
0.512401
0.512434
0.512427
0.512407
0.512377
0.512352
0.512305
0.512267
0.51218
0.51213
0.511924
0.511858
0.511756
0.511648
0.511413
0.511332
0.511165
0.511081
0.510994
0.510807
0.510708
0.510551
0.510442
0.510328
0.509958
0.509829
0.5097
0.509504
0.509303
0.509097
0.508958
0.508748
0.508608
0.508467
0.508111
0.507967
0.507824
0.50768
0.507537
0.507111
0.506973
0.506772
0.506643
0.506518
0.506177
0.506077
0.505987
0.505868
0.505798
0.505687
0.505649
0.505614
0.505604
0.505603
0.505626
0.505648
0.50569
0.505726
0.505769
0.505901
0.505963
0.506029
0.506134
0.50621
0.506376
0.506466
0.506559
0.506707
0.50681
0.507142
0.507321
0.507442
0.507628
0.507756
0.50802
0.508223
0.508291
0.508428
0.508567
0.508927
0.50915
0.509374
0.509524
0.509674
0.510129
0.510281
0.510431
0.510652
0.510798
0.511149
0.511283
0.511414
0.51154
0.511602
0.512009
0.512063
0.512213
0.512303
0.512383
0.512561
0.512609
0.512627
0.512635
0.512635
0.512611
0.512589
0.512561
0.512508
0.512465
0.5123
0.512235
0.512131
0.512057
0.51198
0.511856
0.511723
0.511629
0.511531
0.51148
0.511323
0.511095
0.510974
0.510848
0.510719
0.510516
0.51023
0.510004
0.509851
0.509694
0.509536
0.50905
0.508887
0.508643
0.508401
0.508
0.507766
0.507612
0.507462
0.50696
0.506758
0.50663
0.506451
0.506123
0.506023
0.505887
0.505844
0.505763
0.505555
0.505502
0.505443
0.505408
0.505397
0.5054
0.505413
0.505431
0.505472
0.505505
0.505591
0.505641
0.505722
0.505782
0.505847
0.506033
0.506117
0.506204
0.506294
0.506436
0.506694
0.506916
0.507032
0.507211
0.507461
0.507655
0.507783
0.507913
0.508043
0.50845
0.508663
0.508881
0.509029
0.509403
0.509628
0.509774
0.509989
0.510131
0.510486
0.510557
0.510699
0.510913
0.511057
0.511478
0.511612
0.511803
0.511924
0.512039
0.512254
0.512398
0.512487
0.512529
0.512642
0.512779
0.512823
0.512837
0.512838
0.512795
0.512766
0.512715
0.512675
0.512632
0.512464
0.512362
0.512252
0.512174
0.511921
0.511831
0.511741
0.511648
0.511552
0.511233
0.51106
0.51094
0.510757
0.510694
0.510438
0.510305
0.510102
0.509963
0.509821
0.509675
0.509448
0.509292
0.509054
0.508809
0.508559
0.508306
0.508052
0.507883
0.50763
0.507379
0.507133
0.506972
0.506814
0.506661
0.506438
0.506157
0.506024
0.505838
0.505724
0.505619
0.505439
0.505337
0.505284
0.505245
0.505209
0.505209
0.505227
0.505252
0.505268
0.505326
0.505375
0.505496
0.505606
0.505687
0.505774
0.505913
0.506065
0.506227
0.50634
0.506457
0.506579
0.506907
0.507045
0.507186
0.507402
0.50755
0.507936
0.508174
0.508334
0.508576
0.509152
0.509234
0.509398
0.509641
0.509802
0.510207
0.510447
0.510603
0.51091
0.511059
0.511352
0.511495
0.511703
0.511837
0.51203
0.51233
0.51244
0.512543
0.512684
0.512767
0.512931
0.512955
0.512994
0.51302
0.513033
0.513014
0.512978
0.512929
0.512889
0.512843
0.5127
0.512633
0.512597
0.512521
0.512398
0.512309
0.512118
0.512013
0.511904
0.511789
0.511609
0.51135
0.511213
0.511073
0.510854
0.510702
0.510223
0.510058
0.50981
0.509643
0.509476
0.509221
0.508962
0.508789
0.508615
0.508351
0.507907
0.50773
0.507643
0.50747
0.507212
0.506794
0.506631
0.506396
0.506246
0.506101
0.505828
0.505639
0.505522
0.505416
0.505278
0.505138
0.505087
0.505049
0.505024
0.505011
0.505013
0.505053
0.505087
0.505129
0.505205
0.505298
0.505408
0.50549
0.505625
0.505722
0.505826
0.506109
0.506231
0.506356
0.506486
0.50662
0.507125
0.507276
0.507429
0.50766
0.507816
0.508136
0.508382
0.508549
0.508718
0.508972
0.509315
0.509576
0.50975
0.509924
0.510098
0.510614
0.510868
0.511033
0.511196
0.511671
0.511897
0.512039
0.512239
0.512365
0.5126
0.512762
0.512859
0.512947
0.513057
0.513159
0.513191
0.513218
0.513223
0.513218
0.513182
0.513116
0.513073
0.512997
0.512808
0.512735
0.512698
0.51262
0.512495
0.51226
0.512157
0.51205
0.51194
0.511826
0.51152
0.511389
0.511186
0.511044
0.510896
0.510509
0.510349
0.510104
0.509853
0.509341
0.50917
0.508914
0.508743
0.508574
0.508151
0.507983
0.507816
0.507648
0.507481
0.507061
0.506894
0.506731
0.506571
0.506414
0.505962
0.505751
0.505619
0.505493
0.505375
0.505122
0.50504
0.504971
0.50489
0.504853
0.504816
0.504815
0.504835
0.504873
0.504908
0.505002
0.505091
0.505157
0.505192
0.505305
0.505572
0.505724
0.50583
0.505941
0.506055
0.506366
0.5065
0.506638
0.506709
0.50693
0.50732
0.507481
0.507645
0.507812
0.507982
0.508424
0.508695
0.508877
0.509152
0.509337
0.509799
0.510076
0.510259
0.51053
0.510709
0.511062
0.51115
0.511322
0.511575
0.51174
0.512216
0.512366
0.512508
0.512708
0.513092
0.513215
0.513282
0.513335
0.513391
0.51342
0.513426
0.513416
0.513399
0.513357
0.513272
0.51319
0.513128
0.513061
0.512988
0.512822
0.51273
0.512633
0.512428
0.512081
0.511955
0.511761
0.511561
0.511424
0.511066
0.510917
0.510764
0.510532
0.510375
0.510051
0.509718
0.509465
0.509296
0.508782
0.508695
0.508522
0.50826
0.507996
0.507733
0.507558
0.507211
0.507041
0.506789
0.506542
0.50638
0.506222
0.505991
0.505768
0.505418
0.505352
0.505228
0.505113
0.50496
0.504798
0.504737
0.504668
0.504637
0.50462
0.504627
0.504664
0.5047
0.504746
0.50486
0.504966
0.505044
0.505173
0.505219
0.505421
0.505646
0.505766
0.50589
0.506019
0.506153
0.506591
0.506669
0.506827
0.506987
0.50715
0.507576
0.507753
0.508025
0.508208
0.508393
0.508864
0.509055
0.509247
0.509536
0.509731
0.510221
0.510416
0.510705
0.510991
0.511179
0.511636
0.511811
0.511981
0.512303
0.512746
0.512879
0.513004
0.513119
0.513223
0.513498
0.513548
0.513586
0.513611
0.513624
0.513616
0.513598
0.513572
0.513516
0.513467
0.513314
0.513241
0.513122
0.513034
0.512942
0.512688
0.512633
0.51252
0.51234
0.512213
0.511869
0.511721
0.511494
0.511339
0.511259
0.510846
0.510586
0.51041
0.510231
0.509958
0.509489
0.509297
0.509106
0.508913
0.508622
0.50823
0.507935
0.507739
0.507545
0.507354
0.507068
0.506785
0.506507
0.506325
0.50606
0.505888
0.505481
0.505331
0.505189
0.505057
0.504879
0.504645
0.504574
0.504515
0.504491
0.504436
0.504409
0.50442
0.504443
0.504476
0.504519
0.504669
0.504745
0.504829
0.50497
0.505072
0.505418
0.505545
0.505676
0.50588
0.506021
0.50632
0.506476
0.506634
0.506796
0.507129
0.50748
0.507753
0.507846
0.508034
0.508225
0.508921
0.509223
0.509522
0.509721
0.510119
0.510315
0.510604
0.510795
0.510984
0.51145
0.511632
0.511898
0.512072
0.512241
0.512646
0.512798
0.512941
0.513141
0.513204
0.51352
0.513636
0.513697
0.513766
0.513817
0.513802
0.513767
0.513734
0.513692
0.513588
0.513526
0.513459
0.513385
0.513305
0.512969
0.512914
0.512801
0.512622
0.512497
0.512158
0.512013
0.511864
0.511635
0.511397
0.511062
0.510889
0.510714
0.510536
0.510355
0.510078
0.509695
0.509499
0.509301
0.5091
0.508896
0.508376
0.508063
0.507856
0.507648
0.507442
0.506928
0.506628
0.506433
0.506336
0.506147
0.505693
0.505521
0.505277
0.505125
0.504982
0.504672
0.504523
0.504439
0.504369
0.504287
0.504222
0.504206
0.504206
0.50423
0.504261
0.504355
0.504418
0.504528
0.504612
0.504704
0.505032
0.505155
0.505283
0.505417
0.505628
0.506082
0.506242
0.506485
0.506736
0.506821
0.507173
0.507355
0.50754
0.507825
0.508118
0.508417
0.508619
0.508926
0.509132
0.509443
0.509864
0.510179
0.510283
0.510491
0.510801
0.511312
0.511512
0.511804
0.511994
0.512272
0.512627
0.512796
0.512956
0.513108
0.513319
0.513562
0.513665
0.513795
0.513866
0.513925
0.514015
0.514029
0.51403
0.514019
0.513978
0.513854
0.513751
0.51363
0.513541
0.513225
0.513107
0.512921
0.512727
0.512309
0.512237
0.51209
0.511864
0.511709
0.511301
0.511131
0.511046
0.510785
0.510607
0.510145
0.509857
0.509661
0.509462
0.50926
0.508749
0.508542
0.508335
0.508127
0.507814
0.507289
0.507081
0.506979
0.506775
0.506473
0.505984
0.505795
0.505613
0.505437
0.505268
0.504876
0.504734
0.504602
0.504428
0.504328
0.504133
0.504078
0.504054
0.504004
0.503983
0.503998
0.504025
0.504087
0.504114
0.50421
0.504422
0.504523
0.504632
0.504748
0.504871
0.505213
0.505363
0.505519
0.505764
0.505936
0.506296
0.506578
0.50677
0.506966
0.507166
0.507684
0.507898
0.508114
0.508331
0.508659
0.509326
0.509548
0.50988
0.510101
0.51032
0.510859
0.511071
0.511384
0.511692
0.511991
0.51228
0.512467
0.512735
0.512907
0.513072
0.513448
0.513516
0.513643
0.513758
0.51386
0.514089
0.51414
0.514178
0.514204
0.514217
0.514193
0.514142
0.514094
0.514035
0.513968
0.513708
0.513657
0.513548
0.513372
0.513244
0.51282
0.512667
0.51251
0.512267
0.512013
0.511747
0.511565
0.511378
0.511089
0.510892
0.510282
0.510072
0.509967
0.509755
0.509539
0.508878
0.508656
0.508433
0.50821
0.507875
0.507427
0.507205
0.506986
0.506664
0.506348
0.505939
0.505742
0.505458
0.505366
0.505188
0.504699
0.504554
0.504421
0.5043
0.504192
0.503978
0.503915
0.503843
0.503812
0.503793
0.5038
0.503826
0.503864
0.503914
0.504012
0.504183
0.504285
0.504394
0.504573
0.50477
0.50506
0.505296
0.505377
0.505542
0.505713
0.506261
0.506454
0.50675
0.506952
0.507364
0.507786
0.507893
0.508109
0.508326
0.508546
0.509103
0.509328
0.509552
0.509888
0.509999
0.510671
0.511006
0.511227
0.511446
0.511664
0.512088
0.512396
0.512595
0.512787
0.512973
0.513403
0.513559
0.513704
0.513897
0.51401
0.514237
0.514306
0.514362
0.514405
0.514446
0.514451
0.51443
0.514397
0.514352
0.514294
0.514051
0.513949
0.513838
0.513719
0.513526
0.513163
0.513005
0.512839
0.512668
0.5124
0.512024
0.51183
0.511631
0.511428
0.51122
0.510571
0.510459
0.510235
0.510009
0.509666
0.509083
0.508846
0.508609
0.508373
0.508138
0.507551
0.507318
0.507086
0.506743
0.506517
0.505968
0.505862
0.505654
0.505355
0.505069
0.504718
0.504557
0.504407
0.50427
0.504035
0.503849
0.503776
0.503715
0.503667
0.503618
0.503598
0.503607
0.503629
0.503664
0.503711
0.503928
0.504023
0.504129
0.504245
0.504437
0.504726
0.504882
0.505045
0.505301
0.50548
0.505957
0.506057
0.506261
0.506574
0.506788
0.50734
0.507683
0.507799
0.508033
0.50827
0.508996
0.509242
0.509488
0.509855
0.510099
0.510585
0.510825
0.511062
0.511412
0.511755
0.51209
0.512307
0.512623
0.512926
0.513119
0.51348
0.513722
0.513869
0.514003
0.514065
0.514371
0.514447
0.514511
0.514583
0.514601
0.514641
0.514636
0.514603
0.514565
0.514515
0.514334
0.51424
0.514136
0.513962
0.513834
0.513474
0.513314
0.513063
0.512798
0.512326
0.51213
0.511929
0.511725
0.51141
0.510863
0.510639
0.510299
0.509957
0.509381
0.50915
0.50892
0.508577
0.508349
0.507891
0.507663
0.507322
0.506982
0.506644
0.506312
0.506095
0.505777
0.505467
0.505268
0.504887
0.504797
0.504537
0.504299
0.503848
0.503747
0.503621
0.503496
0.503422
0.503405
0.5034
0.503415
0.503458
0.503553
0.503584
0.503652
0.503773
0.503915
0.504133
0.504254
0.504382
0.504517
0.504734
0.50505
0.505302
0.505477
0.505657
0.505842
0.506333
0.506539
0.506748
0.50696
0.507175
0.50773
0.507959
0.508308
0.508544
0.508903
0.50939
0.509635
0.50988
0.510124
0.510489
0.510975
0.511216
0.511571
0.511803
0.512145
0.512586
0.512797
0.513001
0.513198
0.513387
0.513898
0.514044
0.514179
0.5143
0.514459
0.514659
0.514717
0.51478
0.514815
0.514809
0.514784
0.514747
0.514697
0.514598
0.514424
0.514321
0.514209
0.514089
0.513892
0.5136
0.513358
0.513187
0.513012
0.51283
0.512248
0.512146
0.511938
0.511616
0.511395
0.510827
0.510594
0.510359
0.510121
0.509759
0.509266
0.509016
0.508767
0.508392
0.508142
0.507515
0.50739
0.50702
0.506777
0.506537
0.505723
0.505502
0.505182
0.504977
0.504415
0.504248
0.504095
0.503952
0.503761
0.503464
0.503358
0.503303
0.503245
0.503211
0.50322
0.503241
0.503273
0.503318
0.503519
0.503606
0.503704
0.50381
0.503925
0.504249
0.504392
0.504543
0.504781
0.50495
0.505399
0.505589
0.505784
0.505983
0.506293
0.506837
0.507063
0.507177
0.507407
0.507757
0.508355
0.508476
0.508719
0.509084
0.509207
0.509947
0.510319
0.510443
0.510691
0.511185
0.511672
0.511912
0.512148
0.512379
0.512718
0.513149
0.513353
0.513548
0.513732
0.51407
0.514358
0.514541
0.514596
0.514696
0.514822
