0.576454
0.576456
0.576459
0.576458
0.576458
0.576457
0.576457
0.576458
0.576469
0.576473
0.576481
0.576483
0.576482
0.57648
0.576475
0.576464
0.576441
0.576438
0.576437
0.576438
0.576447
0.576453
0.57647
0.576479
0.576508
0.576511
0.57651
0.5765
0.576494
0.576487
0.576479
0.576466
0.576466
0.57646
0.576467
0.576471
0.576476
0.576484
0.576486
0.576487
0.576485
0.576454
0.576448
0.576437
0.576434
0.576434
0.576435
0.576438
0.576442
0.57646
0.576462
0.576461
0.576459
0.576456
0.576449
0.576446
0.576441
0.576441
0.576443
0.576446
0.576446
0.576445
0.576445
0.576442
0.576442
0.576441
0.57643
0.576425
0.576424
0.576424
0.576425
0.576427
0.576429
0.576429
0.576429
0.576424
0.576423
0.576422
0.576423
0.576424
0.576425
0.576424
0.576423
0.576404
0.576401
0.576398
0.576397
0.576398
0.5764
0.576408
0.576413
0.576418
0.576432
0.576432
0.576427
0.576415
0.576407
0.576399
0.576391
0.576383
0.576358
0.576356
0.576358
0.576361
0.576365
0.57637
0.576374
0.576378
0.576384
0.576384
0.576382
0.576379
0.576368
0.576365
0.576363
0.576366
0.576382
0.576386
0.57639
0.576392
0.576394
0.576392
0.57639
0.576387
0.57638
0.576372
0.576371
0.576371
0.576372
0.576373
0.576373
0.576371
0.576367
0.576366
0.576372
0.576374
0.576376
0.576377
0.576376
0.576374
0.576371
0.576369
0.576374
0.576379
0.576383
0.576392
0.576395
0.576397
0.576396
0.576394
0.576391
0.576371
0.576366
0.576359
0.576359
0.576359
0.576365
0.576387
0.576425
0.576439
0.576443
0.576444
0.576443
0.576436
0.576436
0.57643
0.576423
0.5764
0.576402
0.576411
0.576411
0.576425
0.576432
0.576448
0.576455
0.57646
0.576468
0.576468
0.576468
0.576468
0.576469
0.576468
0.576468
0.576469
0.576469
0.57648
0.576489
0.576494
0.576497
0.5765
0.576502
0.576503
0.576504
0.576505
0.576515
0.576519
0.57652
0.57652
0.57652
0.576521
0.576522
0.576528
0.576533
0.576551
0.576567
0.57657
0.576571
0.57657
0.576563
0.576558
0.576553
0.576541
0.576542
0.576549
0.576555
0.57657
0.576579
0.576588
0.576596
0.576621
0.57662
0.576618
0.576609
0.576604
0.576599
0.576594
0.576589
0.576587
0.576591
0.576604
0.576611
0.576619
0.576627
0.576634
0.576646
0.57665
0.576646
0.576642
0.576632
0.576627
0.57662
0.576618
0.576617
0.576626
0.576632
0.576635
0.576636
0.576637
0.576637
0.576637
0.576638
0.576651
0.576657
0.576662
0.576667
0.576671
0.576675
0.576673
0.576665
0.576639
0.576629
0.576627
0.576626
0.576626
0.576631
0.576635
0.576641
0.576646
0.576651
0.576657
0.576654
0.576648
0.576631
0.576621
0.5766
0.57659
0.57658
0.576559
0.576558
0.576564
0.57657
0.576592
0.5766
0.576608
0.576616
0.576636
0.576638
0.576637
0.576629
0.576623
0.576606
0.576606
0.576586
0.576529
0.576513
0.576508
0.576506
0.576506
0.576508
0.576514
0.576519
0.576528
0.576526
0.576522
0.576509
0.5765
0.576491
0.57648
0.576459
0.576428
0.576425
0.576425
0.57643
0.576437
0.57644
0.57644
0.576442
0.576428
0.576401
0.576384
0.576376
0.576371
0.576366
0.576363
0.576369
0.57637
0.57637
0.576365
0.576359
0.576352
0.576333
0.576323
0.576289
0.576283
0.576284
0.576287
0.576292
0.576305
0.576312
0.576319
0.576325
0.576322
0.576314
0.576303
0.576291
0.576264
0.576264
0.57625
0.576183
0.576177
0.576174
0.576174
0.576176
0.576188
0.576196
0.576206
0.576264
0.576274
0.576283
0.576295
0.576296
0.57629
0.576282
0.576273
0.576202
0.576188
0.576174
0.576161
0.576151
0.576138
0.576136
0.576139
0.576161
0.576168
0.576173
0.576181
0.576182
0.576181
0.576178
0.576171
0.576157
0.576156
0.576157
0.576164
0.576164
0.576181
0.576187
0.576192
0.576197
0.576194
0.576186
0.576181
0.576177
0.576172
0.576171
0.576172
0.576175
0.576199
0.576207
0.576222
0.576222
0.576235
0.576239
0.576242
0.576241
0.576222
0.576216
0.57621
0.576202
0.576199
0.576198
0.576201
0.576205
0.576205
0.57624
0.576251
0.576263
0.576287
0.576299
0.57632
0.576335
0.576341
0.576348
0.576348
0.576347
0.576348
0.576353
0.576357
0.576367
0.576396
0.576412
0.576419
0.57643
0.576435
0.576439
0.576442
0.576447
0.57646
0.576463
0.576466
0.576469
0.576472
0.576476
0.576488
0.576495
0.576503
0.576535
0.576543
0.576556
0.57656
0.576563
0.576564
0.576565
0.576565
0.576566
0.576584
0.576592
0.576601
0.57661
0.576629
0.576637
0.576637
0.576656
0.576673
0.576676
0.576678
0.57668
0.576685
0.576688
0.576694
0.576725
0.576732
0.576739
0.576748
0.57675
0.57675
0.576746
0.576743
0.576737
0.57674
0.576745
0.576759
0.576766
0.576774
0.576781
0.576793
0.576797
0.576794
0.576791
0.576788
0.576784
0.576784
0.576784
0.576788
0.576788
0.576806
0.57683
0.576842
0.576842
0.576848
0.576849
0.576847
0.576843
0.576837
0.576831
0.576801
0.576797
0.576796
0.576798
0.576802
0.576808
0.576814
0.57682
0.576827
0.576845
0.576849
0.576852
0.576848
0.576844
0.576833
0.576822
0.576806
0.576805
0.576806
0.576809
0.576809
0.576811
0.576811
0.576809
0.576801
0.576779
0.576774
0.576769
0.576765
0.576756
0.576752
0.576746
0.576746
0.576724
0.576709
0.576702
0.576695
0.576684
0.576682
0.576681
0.576682
0.576687
0.576689
0.576682
0.576674
0.576654
0.576643
0.57662
0.57661
0.57661
0.576591
0.576568
0.576561
0.576555
0.576547
0.576544
0.576539
0.576536
0.576526
0.576518
0.576482
0.576471
0.576471
0.576451
0.576442
0.576435
0.576424
0.576419
0.57639
0.576384
0.576379
0.576369
0.576364
0.576352
0.576344
0.576327
0.576299
0.576293
0.57629
0.576287
0.576286
0.576285
0.576283
0.576281
0.576272
0.576246
0.576234
0.576199
0.576199
0.576179
0.576171
0.576165
0.576165
0.576168
0.576172
0.57617
0.576165
0.576159
0.576151
0.576132
0.576091
0.576082
0.576074
0.576067
0.576062
0.57606
0.576059
0.57606
0.576063
0.576067
0.576067
0.576065
0.576062
0.576051
0.576043
0.576024
0.576014
0.576004
0.575967
0.575967
0.575956
0.575955
0.575955
0.575963
0.575969
0.575985
0.575985
0.576019
0.576025
0.576029
0.576028
0.576022
0.576015
0.576005
0.575968
0.575931
0.575921
0.575914
0.575907
0.575908
0.575913
0.57592
0.575941
0.575954
0.57601
0.576035
0.576055
0.576062
0.576067
0.57607
0.576067
0.576063
0.576039
0.576018
0.576008
0.575997
0.575987
0.575978
0.575971
0.575962
0.575962
0.575991
0.576004
0.576017
0.576032
0.576047
0.576079
0.576095
0.576127
0.576184
0.576195
0.576204
0.576216
0.57622
0.576228
0.576232
0.576236
0.576268
0.576277
0.576287
0.576296
0.576305
0.576321
0.576338
0.576387
0.576387
0.576399
0.5764
0.576399
0.576397
0.576397
0.576397
0.576409
0.576409
0.576417
0.576427
0.576452
0.576466
0.576494
0.576508
0.576566
0.576586
0.576594
0.5766
0.576605
0.57661
0.576613
0.576616
0.576641
0.576649
0.576677
0.576687
0.576707
0.576716
0.576733
0.576755
0.576763
0.576777
0.576784
0.576789
0.5768
0.576804
0.576814
0.576838
0.576845
0.576852
0.576863
0.576869
0.576874
0.576879
0.576892
0.576925
0.576927
0.576927
0.576928
0.576928
0.576929
0.576933
0.576967
0.576975
0.576982
0.576993
0.576995
0.576996
0.576996
0.576995
0.577008
0.577012
0.577021
0.577025
0.577029
0.577036
0.577039
0.57704
0.577027
0.577022
0.577022
0.577016
0.577014
0.577015
0.577018
0.577029
0.577037
0.57706
0.577074
0.577074
0.577072
0.577068
0.577061
0.577054
0.577036
0.577027
0.577003
0.577003
0.577005
0.577008
0.577016
0.577018
0.57702
0.576989
0.576979
0.576962
0.576954
0.576942
0.576938
0.576935
0.576924
0.576914
0.576908
0.576902
0.576895
0.576887
0.576878
0.57686
0.576816
0.576809
0.576809
0.576799
0.576796
0.576796
0.576797
0.576799
0.576801
0.576787
0.576779
0.576768
0.576757
0.576732
0.57672
0.576707
0.576642
0.57663
0.576619
0.576599
0.576592
0.576585
0.576579
0.576574
0.576544
0.576528
0.576519
0.57651
0.5765
0.576488
0.576464
0.57645
0.576381
0.576369
0.57636
0.576347
0.576344
0.576342
0.57634
0.576337
0.576316
0.576306
0.576294
0.576267
0.576253
0.57621
0.576197
0.576184
0.576152
0.576143
0.576128
0.576119
0.576115
0.576115
0.576108
0.576099
0.576066
0.576046
0.576037
0.576028
0.576019
0.576004
0.575996
0.575978
0.57594
0.575931
0.575923
0.575915
0.575906
0.575903
0.575901
0.575898
0.575868
0.57586
0.575853
0.57584
0.575835
0.575835
0.575828
0.575825
0.575813
0.575809
0.575801
0.575798
0.575795
0.575795
0.575795
0.575799
0.575796
0.575796
0.575792
0.575787
0.575775
0.57577
0.575765
0.575762
0.575779
0.575791
0.575798
0.575799
0.575795
0.575791
0.57578
0.575761
0.575759
0.575759
0.575763
0.575775
0.575792
0.575802
0.57582
0.57584
0.575844
0.575846
0.575845
0.575842
0.575839
0.575832
0.575828
0.575825
0.575821
0.575827
0.575832
0.57584
0.575861
0.575887
0.575915
0.57593
0.575973
0.576002
0.576026
0.576026
0.576035
0.576048
0.576053
0.576057
0.576074
0.576089
0.576098
0.576107
0.576117
0.576128
0.576151
0.576163
0.576175
0.576225
0.576237
0.576249
0.576271
0.576281
0.57629
0.576299
0.576309
0.576319
0.576368
0.576382
0.576411
0.576426
0.576439
0.576465
0.576477
0.576487
0.576487
0.576534
0.576544
0.576555
0.576575
0.576575
0.576596
0.576608
0.576621
0.576634
0.576704
0.576717
0.576738
0.576747
0.576762
0.576769
0.576784
0.576793
0.576823
0.576847
0.576859
0.576881
0.57689
0.576899
0.576908
0.576915
0.576931
0.576957
0.576967
0.576987
0.576997
0.577017
0.577027
0.577038
0.577049
0.57707
0.577095
0.577106
0.577106
0.57711
0.577112
0.577114
0.577115
0.57712
0.577125
0.577158
0.577158
0.577177
0.577177
0.577194
0.577207
0.577211
0.577217
0.577219
0.577219
0.57722
0.577221
0.577228
0.577233
0.577238
0.577246
0.577249
0.57725
0.577246
0.577243
0.577237
0.577234
0.577234
0.577234
0.577233
0.57723
0.577219
0.577216
0.577211
0.577211
0.577211
0.577213
0.577213
0.577215
0.577205
0.577199
0.577192
0.577184
0.577176
0.577169
0.577153
0.577145
0.577137
0.5771
0.577078
0.577078
0.577057
0.577047
0.577039
0.577031
0.577017
0.576989
0.576975
0.576969
0.576963
0.576957
0.576944
0.576937
0.576928
0.576871
0.57686
0.576849
0.576831
0.576807
0.576799
0.576791
0.576756
0.576744
0.576721
0.576709
0.576697
0.576674
0.576661
0.576634
0.576634
0.576581
0.576569
0.576558
0.576538
0.576529
0.57652
0.57651
0.576487
0.576487
0.576429
0.576396
0.576396
0.576364
0.576349
0.576321
0.576308
0.576295
0.576282
0.576232
0.576218
0.576205
0.576178
0.576178
0.576164
0.57615
0.57612
0.576106
0.576051
0.576039
0.576027
0.576008
0.576
0.575991
0.575982
0.575961
0.575895
0.575881
0.575869
0.575849
0.575842
0.575837
0.575832
0.575827
0.575794
0.575784
0.575775
0.575756
0.575746
0.575725
0.575714
0.575703
0.575668
0.575666
0.575668
0.575671
0.57568
0.575682
0.575682
0.575666
0.575657
0.575647
0.575624
0.575613
0.575591
0.575582
0.575582
0.57556
0.575562
0.575565
0.57557
0.575576
0.575596
0.575602
0.575608
0.575613
0.575618
0.57561
0.575605
0.5756
0.575588
0.575583
0.575579
0.575588
0.575595
0.575609
0.575616
0.575623
0.575634
0.575638
0.575651
0.575655
0.575659
0.575664
0.575673
0.575678
0.575683
0.575696
0.57573
0.57575
0.575759
0.575767
0.575782
0.575789
0.575795
0.575809
0.57584
0.575857
0.575866
0.57588
0.57588
0.575893
0.575899
0.575912
0.57595
0.575962
0.575975
0.576002
0.576015
0.576027
0.576039
0.576061
0.576128
0.576144
0.576159
0.576187
0.576212
0.576236
0.576236
0.576247
0.5763
0.576311
0.576322
0.576332
0.576364
0.576377
0.57639
0.576403
0.576461
0.576506
0.57652
0.576532
0.576542
0.576553
0.576563
0.576585
0.576585
0.576659
0.576676
0.576693
0.576709
0.576725
0.576739
0.576752
0.576778
0.576842
0.576867
0.576878
0.576878
0.576901
0.576912
0.576925
0.576953
0.576968
0.577027
0.57704
0.577052
0.577064
0.577074
0.577084
0.577094
0.577127
0.577182
0.577195
0.577218
0.577226
0.577226
0.577237
0.577246
0.577264
0.577273
0.577294
0.577294
0.577316
0.577338
0.577348
0.577348
0.577365
0.577392
0.577394
0.577396
0.577399
0.5774
0.577402
0.577414
0.577428
0.577432
0.577438
0.577439
0.577439
0.577435
0.577432
0.57743
0.577439
0.577444
0.57745
0.577462
0.577466
0.577468
0.577465
0.577453
0.577423
0.577413
0.577402
0.577385
0.577375
0.577372
0.577373
0.577375
0.577382
0.577391
0.577398
0.5774
0.5774
0.577399
0.577392
0.577385
0.577365
0.577313
0.577286
0.577272
0.577247
0.577235
0.577223
0.57721
0.577197
0.577139
0.577129
0.57712
0.577113
0.577088
0.577082
0.577082
0.577025
0.577013
0.57699
0.576978
0.576954
0.576943
0.576919
0.576881
0.576854
0.576841
0.576819
0.576809
0.576789
0.576778
0.576754
0.576694
0.576677
0.576659
0.576642
0.576626
0.576595
0.576581
0.576567
0.576475
0.576459
0.576444
0.576431
0.576399
0.576399
0.576372
0.576306
0.57629
0.576256
0.57624
0.576225
0.576212
0.5762
0.576152
0.576141
0.576106
0.576093
0.576067
0.576053
0.576038
0.576023
0.575927
0.575904
0.575896
0.575888
0.575882
0.575876
0.575862
0.575853
0.575821
0.575808
0.575781
0.575767
0.575736
0.57572
0.575689
0.575689
0.575635
0.575614
0.575606
0.575595
0.575592
0.575587
0.575584
0.575581
0.575551
0.575539
0.575526
0.575484
0.575472
0.57545
0.575435
0.575429
0.575431
0.575433
0.575434
0.575434
0.575432
0.575429
0.575424
0.575409
0.575377
0.575377
0.575371
0.575365
0.575362
0.575362
0.575366
0.575374
0.575392
0.575395
0.575395
0.575393
0.575393
0.575387
0.575384
0.575378
0.575384
0.57539
0.575398
0.575406
0.575415
0.575433
0.575442
0.57546
0.575486
0.575495
0.575503
0.575517
0.575517
0.575536
0.575542
0.575557
0.575565
0.575593
0.575603
0.575613
0.575647
0.57566
0.575674
0.575689
0.575717
0.575771
0.575783
0.575794
0.575803
0.575812
0.57582
0.575837
0.575848
0.575859
0.575903
0.575938
0.575957
0.575994
0.576012
0.576044
0.576059
0.576087
0.576144
0.576144
0.57616
0.576191
0.576206
0.576235
0.57625
0.576282
0.576351
0.576369
0.576401
0.576401
0.576416
0.576445
0.576459
0.576506
0.57656
0.57658
0.576617
0.576635
0.576652
0.576685
0.576701
0.576701
0.576745
0.576791
0.576808
0.576824
0.576874
0.576891
0.576909
0.576927
0.576945
0.577014
0.577031
0.577065
0.57708
0.577094
0.577121
0.577121
0.577149
0.577208
0.577239
0.577253
0.577279
0.577302
0.577324
0.577334
0.57737
0.577378
0.577401
0.577401
0.577418
0.577428
0.577439
0.57745
0.577493
0.577511
0.577523
0.577528
0.577538
0.577543
0.577548
0.577563
0.577588
0.577596
0.577604
0.57761
0.577615
0.577627
0.57763
0.577632
0.577629
0.577626
0.577623
0.577619
0.577619
0.577623
0.577627
0.577636
0.577648
0.577649
0.577644
0.577639
0.577633
0.577612
0.577606
0.577589
0.57759
0.577593
0.577599
0.577602
0.577605
0.577605
0.577571
0.57756
0.577536
0.577524
0.577505
0.577497
0.577489
0.577481
0.577465
0.577438
0.577428
0.577416
0.577404
0.577377
0.577363
0.577348
0.577333
0.577302
0.577242
0.577229
0.577216
0.577193
0.57717
0.577158
0.577133
0.577075
0.577059
0.57703
0.577017
0.577005
0.576982
0.576971
0.576959
0.576947
0.576886
0.576868
0.576848
0.576829
0.576789
0.576769
0.576749
0.57671
0.57671
0.57663
0.57661
0.57655
0.576532
0.576496
0.57648
0.576446
0.57639
0.576352
0.576334
0.576317
0.576301
0.576255
0.576224
0.576158
0.576126
0.576111
0.576097
0.576084
0.576057
0.576044
0.576015
0.575951
0.575906
0.575892
0.575878
0.575864
0.575835
0.575804
0.575753
0.575737
0.575722
0.575695
0.575684
0.575672
0.575649
0.575637
0.575624
0.575595
0.575563
0.575529
0.575512
0.575496
0.57548
0.57545
0.575435
0.575421
0.575407
0.575347
0.575328
0.575321
0.575321
0.575314
0.575308
0.575296
0.57529
0.575283
0.575239
0.575231
0.575224
0.575212
0.575212
0.575203
0.575199
0.575195
0.575195
0.575177
0.575175
0.575175
0.575176
0.575177
0.575178
0.575179
0.575179
0.575178
0.575173
0.575174
0.575179
0.575184
0.575196
0.575203
0.575224
0.575243
0.575249
0.575252
0.575255
0.575256
0.575258
0.575259
0.575261
0.575267
0.575286
0.575296
0.575308
0.575336
0.575351
0.575366
0.575382
0.575413
0.575428
0.575488
0.575503
0.575516
0.575529
0.575541
0.575566
0.575579
0.575593
0.575608
0.575675
0.575691
0.575707
0.575735
0.575749
0.575778
0.575793
0.575809
0.575906
0.575927
0.575968
0.575987
0.576021
0.576037
0.576069
0.576085
0.576145
0.576145
0.57616
0.576192
0.576209
0.576227
0.576245
0.576285
0.576306
0.576393
0.576416
0.576438
0.57648
0.576501
0.576542
0.576562
0.576606
0.576673
0.576718
0.576718
0.57678
0.576798
0.576831
0.576846
0.576909
0.576941
0.576956
0.576984
0.576998
0.577025
0.577039
0.577054
0.577142
0.577159
0.577159
0.577192
0.577208
0.577241
0.577257
0.577273
0.57729
0.577362
0.577381
0.577416
0.577432
0.577448
0.577463
0.577478
0.577493
0.577522
0.577578
0.577592
0.577605
0.577629
0.57764
0.57764
0.577664
0.577688
0.577736
0.577746
0.577755
0.577767
0.577772
0.57778
0.57778
0.57779
0.577816
0.577822
0.577828
0.577835
0.577836
0.577836
0.577836
0.577835
0.577835
0.577839
0.577843
0.577844
0.577844
0.577841
0.577839
0.577835
0.577827
0.577823
0.577807
0.577801
0.577796
0.577784
0.577779
0.577766
0.577758
0.57775
0.577704
0.577697
0.577692
0.577684
0.577682
0.577677
0.577674
0.577669
0.577631
0.577631
0.577604
0.577575
0.577561
0.577532
0.577518
0.577431
0.577418
0.577394
0.577394
0.577376
0.577361
0.577354
0.577347
0.577301
0.577288
0.577288
0.577259
0.577242
0.577203
0.577182
0.57716
0.577063
0.576988
0.576965
0.576943
0.576923
0.576904
0.576885
0.576849
0.57683
0.576769
0.576747
0.576703
0.576681
0.576658
0.576611
0.576588
0.576564
0.576541
0.576474
0.576428
0.576405
0.576382
0.576338
0.576315
0.576292
0.576245
0.576149
0.5761
0.576078
0.576056
0.576056
0.576036
0.575999
0.575963
0.575927
0.575846
0.575826
0.575786
0.575767
0.575749
0.575731
0.575713
0.575677
0.575587
0.575553
0.575537
0.575522
0.575508
0.575494
0.57548
0.575466
0.575401
0.575367
0.575352
0.575337
0.575324
0.575301
0.575278
0.575267
0.575192
0.575192
0.57518
0.575168
0.575148
0.575138
0.575129
0.575119
0.575066
0.575056
0.57504
0.575034
0.575028
0.575028
0.575032
0.575042
0.575042
0.575042
0.575037
0.575031
0.575015
0.575006
0.574996
0.574949
0.574942
0.574937
0.574934
0.57494
0.574946
0.574953
0.574969
0.575007
0.575016
0.575016
0.575024
0.575037
0.575043
0.575049
0.575061
0.575067
0.575095
0.575103
0.575112
0.57512
0.575129
0.575149
0.575161
0.575173
0.575186
0.575243
0.575257
0.575271
0.575283
0.575295
0.575307
0.575319
0.575345
0.57536
0.575376
0.575432
0.575472
0.575493
0.575513
0.575534
0.575573
0.575593
0.575632
0.575709
0.575728
0.575765
0.5758
0.575819
0.575838
0.575858
0.575879
0.576009
0.576009
0.576046
0.576077
0.576091
0.576105
0.576105
0.57615
0.576188
0.576255
0.576278
0.576301
0.576347
0.57637
0.576393
0.576416
0.576511
0.576562
0.576588
0.576613
0.576661
0.576685
0.576709
0.576732
0.576829
0.576877
0.576899
0.57692
0.576959
0.576978
0.576997
0.577035
0.577056
0.577122
0.577146
0.577195
0.577243
0.577265
0.577287
0.577308
0.577329
0.577368
0.577448
0.577448
0.577468
0.577488
0.577526
0.577546
0.577565
0.577605
0.5777
0.577716
0.57773
0.577753
0.577762
0.577771
0.577786
0.577786
0.577838
0.577851
0.577864
0.577888
0.577922
0.577931
0.577939
0.577965
0.577971
0.57798
0.577983
0.577986
0.577992
0.577995
0.577999
0.578005
0.578033
0.57804
0.578047
0.578056
0.578059
0.57806
0.578059
0.578052
0.57803
0.57802
0.578017
0.578015
0.578014
0.578014
0.578013
0.578012
0.578009
0.577984
0.577974
0.577964
0.577953
0.577943
0.577924
0.577914
0.577894
0.577831
0.577818
0.577804
0.577791
0.577778
0.57775
0.577737
0.577709
0.577656
0.577643
0.577631
0.577619
0.577595
0.577582
0.577568
0.577519
0.577463
0.577443
0.577405
0.577387
0.577387
0.577353
0.57732
0.577302
0.577285
0.577205
0.577183
0.57716
0.577115
0.577115
0.577068
0.577044
0.57702
0.576997
0.576904
0.576857
0.576834
0.576811
0.576788
0.576741
0.576717
0.576691
0.576555
0.576527
0.576501
0.576453
0.576431
0.576389
0.576389
0.576368
0.576347
0.576253
0.576227
0.5762
0.576146
0.576119
0.576092
0.576065
0.575985
0.575905
0.575854
0.575829
0.575784
0.575743
0.575723
0.575682
0.575595
0.575573
0.575551
0.575511
0.575492
0.575475
0.575443
0.575411
0.575341
0.575322
0.575284
0.575267
0.575249
0.575232
0.575216
0.575199
0.575116
0.5751
0.575086
0.575073
0.575051
0.575041
0.575032
0.575011
0.574939
0.574924
0.574924
0.57491
0.574887
0.574878
0.574871
0.574865
0.574821
0.574821
0.574811
0.574811
0.574795
0.574786
0.574766
0.574762
0.574759
0.574758
0.57476
0.574764
0.574772
0.574777
0.57478
0.574786
0.574786
0.574787
0.574788
0.574794
0.574799
0.574814
0.574822
0.57485
0.574877
0.574877
0.574884
0.574895
0.574899
0.574904
0.574923
0.574956
0.574982
0.575007
0.57502
0.575055
0.575077
0.575121
0.575131
0.575141
0.57515
0.575158
0.575166
0.575195
0.575235
0.575304
0.575304
0.575321
0.575338
0.575389
0.575407
0.575443
0.575461
0.57548
0.575569
0.575593
0.575616
0.57566
0.575682
0.575724
0.575744
0.575765
0.575855
0.575904
0.575929
0.575953
0.575977
0.576024
0.576048
0.576095
0.576192
0.576216
0.57624
0.576287
0.576309
0.576332
0.576379
0.576404
0.576404
0.57654
0.576569
0.576597
0.576651
0.576677
0.576702
0.576728
0.576753
0.576882
0.576965
0.577016
0.577064
0.577087
0.57711
0.577132
0.577216
0.577216
0.577256
0.577293
0.577311
0.57733
0.577349
0.577368
0.57743
0.577476
0.5775
0.577525
0.577573
0.57762
0.577643
0.577643
0.577686
0.577705
0.577781
0.577781
0.577817
0.577835
0.577852
0.577888
0.577907
0.577927
0.578035
0.578049
0.578071
0.578079
0.578092
0.578096
0.578108
0.578138
0.578138
0.578159
0.57817
0.578191
0.5782
0.578206
0.578222
0.578222
0.578225
0.578227
0.578232
0.578238
0.578242
0.578245
0.578245
0.578237
0.578232
0.578227
0.578219
0.578215
0.578211
0.578206
0.578202
0.578186
0.578174
0.578169
0.578161
0.578157
0.578146
0.578138
0.578128
0.578079
0.578065
0.578051
0.578025
0.578001
0.577989
0.577965
0.577953
0.577883
0.577883
0.577835
0.577821
0.577807
0.577794
0.577781
0.577767
0.577707
0.57769
0.577673
0.577638
0.57762
0.577581
0.57756
0.577515
0.577442
0.577392
0.577368
0.577322
0.57728
0.57724
0.577221
0.577158
0.577113
0.577113
0.577048
0.577027
0.577007
0.576986
0.576943
0.57685
0.576825
0.5768
0.576749
0.576698
0.576671
0.576644
0.576588
0.576502
0.576445
0.576418
0.576391
0.576366
0.576319
0.576296
0.576226
0.576147
0.576119
0.57609
0.576033
0.576004
0.575948
0.575921
0.575867
0.575768
0.575768
0.575744
0.575699
0.575677
0.575609
0.57556
0.575457
0.575432
0.57541
0.575389
0.57537
0.575318
0.575301
0.575284
0.575192
0.575192
0.575171
0.575151
0.575109
0.575088
0.575068
0.575048
0.575007
0.57493
0.57493
0.574895
0.574879
0.574864
0.574836
0.574823
0.574809
0.574732
0.574717
0.574704
0.574683
0.574674
0.574666
0.574651
0.574644
0.574611
0.574605
0.5746
0.574596
0.574593
0.57459
0.574587
0.574585
0.574582
0.57457
0.574566
0.574566
0.574567
0.574574
0.574578
0.574588
0.574593
0.574616
0.574622
0.574633
0.574633
0.574646
0.574649
0.574658
0.574658
0.574706
0.574717
0.574728
0.574738
0.574749
0.574771
0.574783
0.574796
0.574858
0.574875
0.574909
0.574925
0.574941
0.574975
0.574992
0.575028
0.575083
0.575121
0.57514
0.575175
0.575191
0.575225
0.575261
0.575345
0.575345
0.57541
0.57543
0.57545
0.575489
0.575508
0.575508
0.575529
0.575646
0.575672
0.575698
0.575723
0.575775
0.575802
0.575829
0.575883
0.576022
0.57605
0.576077
0.576105
0.576132
0.576158
0.576186
0.576242
0.576363
0.576425
0.576425
0.576511
0.576537
0.576588
0.576588
0.576637
0.576773
0.576773
0.576801
0.57683
0.576885
0.576938
0.576963
0.577138
0.577163
0.577186
0.577208
0.577249
0.577269
0.577306
0.577324
0.577343
0.577424
0.577446
0.57749
0.577513
0.577559
0.577606
0.57763
0.577733
0.577758
0.577827
0.577849
0.577889
0.577908
0.577926
0.577996
0.578013
0.578028
0.578043
0.57807
0.578098
0.578112
0.578112
0.578191
0.578224
0.578239
0.578254
0.57829
0.5783
0.57831
0.578321
0.578365
0.578376
0.578386
0.578402
0.578408
0.578413
0.578421
0.578424
0.578428
0.578434
0.578437
0.578438
0.578438
0.578437
0.578433
0.578431
0.578427
0.578411
0.578411
0.578406
0.578394
0.578388
0.578381
0.578368
0.578362
0.578323
0.578315
0.578308
0.578296
0.57829
0.578284
0.578276
0.578268
0.578203
0.578203
0.578171
0.578155
0.578141
0.578112
0.578097
0.578065
0.577968
0.577968
0.577946
0.577904
0.577884
0.577846
0.57781
0.57781
0.577737
0.577697
0.577656
0.577617
0.577598
0.577579
0.57754
0.577454
0.577431
0.577408
0.577364
0.577342
0.577321
0.577299
0.577277
0.577153
0.577126
0.577069
0.577041
0.576981
0.57695
0.57692
0.576857
0.576759
0.576695
0.576665
0.576609
0.576583
0.576557
0.576532
0.576482
0.576345
0.576345
0.576316
0.576258
0.576229
0.576199
0.576168
0.576106
0.57598
0.575918
0.575888
0.575859
0.575804
0.575778
0.575752
0.575699
0.575583
0.575525
0.575498
0.575472
0.575447
0.575402
0.57538
0.575358
0.575215
0.575191
0.575145
0.575124
0.575083
0.575063
0.575043
0.574961
0.57494
0.574921
0.574884
0.574865
0.574846
0.574828
0.574809
0.57477
0.574688
0.574667
0.574647
0.574609
0.574592
0.574575
0.57456
0.574547
0.57451
0.574476
0.574476
0.574465
0.574446
0.574429
0.574422
0.574414
0.574399
0.574377
0.574377
0.574377
0.57438
0.574382
0.574384
0.574385
0.574384
0.574372
0.57437
0.574371
0.574374
0.574379
0.574395
0.574404
0.574424
0.574434
0.574479
0.574498
0.574506
0.574519
0.574532
0.574538
0.574575
0.5746
0.574625
0.574637
0.57465
0.574673
0.574684
0.574696
0.574735
0.574765
0.574781
0.574813
0.574831
0.57485
0.574871
0.574893
0.575012
0.575036
0.575102
0.575122
0.575143
0.575163
0.575183
0.575203
0.57527
0.575375
0.575401
0.575426
0.57545
0.575473
0.575518
0.575541
0.575637
0.575663
0.575689
0.575716
0.5758
0.57583
0.575894
0.576021
0.576053
0.576083
0.576167
0.576194
0.576248
0.576275
0.576303
0.576448
0.576505
0.576532
0.576532
0.576532
0.576609
0.576635
0.576661
0.576833
0.576863
0.576892
0.57692
0.576975
0.577001
0.577028
0.577055
0.577082
0.577228
0.57726
0.577322
0.577353
0.577384
0.577415
0.577447
0.577511
0.577543
0.577638
0.577669
0.577698
0.577783
0.577809
0.577835
0.57786
0.577886
0.577912
0.57802
0.578047
0.578102
0.578128
0.578152
0.578175
0.578216
0.578235
0.578253
0.57836
0.578378
0.57841
0.578425
0.578439
0.578451
0.578463
0.578524
0.578551
0.578563
0.578563
0.578593
0.578599
0.578603
0.578605
0.578605
0.578595
0.578587
0.578584
0.578583
0.578583
0.57859
0.578598
0.578617
0.578657
0.578665
0.57867
0.578673
0.578669
0.578653
0.578642
0.578642
0.578603
0.57856
0.578547
0.578534
0.578511
0.5785
0.578478
0.578452
0.578392
0.578377
0.578352
0.578331
0.578314
0.578314
0.578305
0.578286
0.578233
0.578216
0.578182
0.578164
0.578144
0.578124
0.578103
0.578057
0.577955
0.577929
0.577904
0.577856
0.577833
0.577787
0.577764
0.577764
0.577716
0.577606
0.577577
0.577548
0.577519
0.57749
0.577433
0.577404
0.577345
0.577314
0.57718
0.57718
0.577144
0.577002
0.576968
0.576934
0.576902
0.57687
0.576744
0.576712
0.576681
0.576651
0.576621
0.576591
0.576498
0.576465
0.576325
0.576291
0.576257
0.576164
0.576105
0.576075
0.576046
0.575899
0.575869
0.575811
0.575783
0.575729
0.575729
0.575702
0.57562
0.575503
0.575473
0.575444
0.575416
0.57536
0.575331
0.575302
0.575272
0.575088
0.575061
0.575036
0.57499
0.574969
0.574931
0.574912
0.574893
0.57481
0.574787
0.57474
0.574717
0.574694
0.574648
0.574625
0.574602
0.574579
0.574514
0.574494
0.574457
0.574457
0.574408
0.574392
0.574359
0.574342
0.574325
0.574248
0.574236
0.574218
0.574218
0.574211
0.574211
0.574213
0.574214
0.57421
0.574204
0.574191
0.574191
0.574177
0.574172
0.574168
0.574167
0.574181
0.574189
0.574197
0.574215
0.574223
0.574245
0.574252
0.574259
0.57429
0.574298
0.574305
0.574321
0.57433
0.57434
0.574352
0.574379
0.574379
0.574444
0.574479
0.574514
0.574531
0.574548
0.57458
0.574596
0.574686
0.574686
0.574722
0.574739
0.574771
0.574788
0.574805
0.574843
0.574962
0.574962
0.574988
0.57504
0.575066
0.575119
0.575146
0.575172
0.575306
0.575359
0.575385
0.575385
0.57541
0.575461
0.575487
0.575543
0.575665
0.57573
0.575762
0.575794
0.575886
0.575918
0.575949
0.575982
0.576116
0.57615
0.576184
0.576251
0.576285
0.57635
0.576383
0.576415
0.576545
0.576609
0.576671
0.576702
0.576733
0.576764
0.576828
0.576993
0.577054
0.577082
0.577135
0.57716
0.577185
0.57721
0.577236
0.577353
0.577385
0.577451
0.577484
0.577516
0.577578
0.577608
0.577608
0.577669
0.57779
0.577821
0.577852
0.577915
0.577946
0.577977
0.578008
0.578069
0.578188
0.578243
0.578268
0.578313
0.578333
0.578352
0.578371
0.578408
0.57849
0.578531
0.57855
0.578568
0.578586
0.578617
0.578632
0.578646
0.578712
0.578724
0.578734
0.578742
0.578757
0.578763
0.578763
0.578777
0.578832
0.578847
0.578852
0.578855
0.578854
0.578846
0.578839
0.57883
0.578793
0.578786
0.578781
0.578779
0.578782
0.578782
0.578804
0.578814
0.578824
0.578853
0.578865
0.578868
0.578867
0.578864
0.578857
0.578846
0.578833
0.578775
0.578678
0.578651
0.578599
0.578574
0.578526
0.578481
0.578458
0.578435
0.578342
0.578318
0.578273
0.578251
0.57823
0.578209
0.578188
0.578166
0.578048
0.578022
0.577969
0.577941
0.577913
0.577885
