0.576642
0.576645
0.576637
0.576633
0.576629
0.576626
0.576623
0.576621
0.57662
0.576633
0.576637
0.576646
0.57665
0.576655
0.576654
0.576649
0.576638
0.576635
0.576632
0.576631
0.576633
0.576641
0.576647
0.576658
0.576671
0.57667
0.576667
0.576658
0.576652
0.576643
0.57664
0.576649
0.576655
0.576664
0.576668
0.576668
0.576669
0.576662
0.576656
0.576622
0.576621
0.576625
0.576629
0.576634
0.57664
0.576652
0.576673
0.576674
0.57667
0.576665
0.57666
0.57664
0.576626
0.576613
0.576613
0.576615
0.576624
0.576631
0.576646
0.576654
0.576666
0.576668
0.576658
0.57665
0.576642
0.576633
0.576617
0.576611
0.576604
0.576614
0.576626
0.576638
0.576644
0.576652
0.576654
0.576654
0.576634
0.576628
0.576621
0.576614
0.576601
0.576596
0.576593
0.576601
0.576603
0.576604
0.576604
0.576595
0.576591
0.576587
0.576583
0.57658
0.576585
0.576591
0.576589
0.576586
0.576582
0.576578
0.57657
0.576566
0.576568
0.576572
0.576575
0.576577
0.576578
0.576576
0.576573
0.576565
0.576557
0.576553
0.576553
0.576554
0.576559
0.576564
0.576565
0.576564
0.576552
0.576544
0.576541
0.57654
0.57654
0.576542
0.576544
0.576554
0.576559
0.576572
0.576571
0.576568
0.576556
0.57655
0.576537
0.576532
0.576528
0.576538
0.576545
0.576554
0.576572
0.576581
0.576596
0.576601
0.576605
0.576593
0.576585
0.576557
0.576547
0.576527
0.576527
0.57651
0.576502
0.576506
0.576513
0.576531
0.576541
0.576552
0.576563
0.576574
0.576592
0.576607
0.576607
0.576604
0.576601
0.576597
0.576587
0.576585
0.576585
0.576593
0.576597
0.576601
0.57661
0.576614
0.576617
0.57662
0.57662
0.576621
0.576625
0.576632
0.576636
0.576641
0.576645
0.576649
0.576656
0.576658
0.576652
0.576649
0.576641
0.576638
0.576635
0.576635
0.576638
0.576643
0.576701
0.576711
0.576711
0.576726
0.576731
0.576732
0.576731
0.576728
0.576724
0.576701
0.5767
0.576701
0.576703
0.576713
0.576719
0.576725
0.576741
0.576749
0.576753
0.576751
0.576749
0.576747
0.576744
0.576741
0.576736
0.576736
0.576745
0.57676
0.57677
0.57678
0.576791
0.576802
0.576821
0.576829
0.576833
0.576819
0.57681
0.57679
0.57678
0.576771
0.576757
0.576752
0.576753
0.576773
0.576782
0.576791
0.5768
0.57681
0.576819
0.576828
0.576836
0.576851
0.576849
0.576846
0.576838
0.576838
0.576834
0.576829
0.576825
0.57682
0.57683
0.576834
0.576834
0.576836
0.576838
0.576837
0.576832
0.576823
0.576814
0.576817
0.57682
0.576827
0.576831
0.576831
0.576829
0.576825
0.576806
0.576798
0.576796
0.576796
0.576801
0.576804
0.576808
0.576811
0.576802
0.576802
0.576795
0.576772
0.57676
0.57676
0.576755
0.576755
0.576755
0.576769
0.576769
0.576773
0.576772
0.576766
0.576766
0.576755
0.576743
0.576723
0.576719
0.576719
0.576713
0.576712
0.576712
0.576711
0.57671
0.576697
0.576692
0.576688
0.576679
0.576674
0.57667
0.576665
0.57666
0.576655
0.576626
0.576621
0.576615
0.576615
0.576616
0.576617
0.576618
0.576616
0.576592
0.576586
0.576578
0.576575
0.576569
0.576565
0.576556
0.576529
0.576524
0.576522
0.576521
0.576524
0.576527
0.576531
0.57652
0.57652
0.576514
0.576514
0.576501
0.576489
0.576484
0.576473
0.576469
0.57646
0.57646
0.57646
0.57646
0.576458
0.576453
0.576448
0.576438
0.576423
0.576415
0.576415
0.576417
0.576419
0.576424
0.576427
0.576432
0.576428
0.576416
0.576408
0.576398
0.576388
0.576356
0.576347
0.576332
0.576341
0.576349
0.576358
0.576368
0.576379
0.576398
0.576405
0.576412
0.576415
0.576403
0.576403
0.576386
0.576368
0.576349
0.576341
0.576321
0.576318
0.57632
0.576338
0.576338
0.576357
0.576367
0.576387
0.576403
0.576403
0.576399
0.576394
0.576382
0.576376
0.576376
0.576365
0.576385
0.576389
0.576393
0.576397
0.576395
0.576394
0.576392
0.576393
0.576401
0.576412
0.576418
0.576424
0.576436
0.57644
0.576444
0.576443
0.576439
0.576437
0.576435
0.576436
0.576441
0.576468
0.576488
0.576498
0.576507
0.576522
0.576527
0.576527
0.576531
0.576531
0.576528
0.576528
0.576532
0.576542
0.57655
0.576568
0.576577
0.576586
0.576622
0.576625
0.576628
0.576629
0.57663
0.576631
0.576631
0.576642
0.576648
0.576663
0.57668
0.57668
0.576689
0.576705
0.576712
0.576732
0.576737
0.576741
0.57675
0.576754
0.576761
0.576764
0.576771
0.576794
0.576801
0.576808
0.576819
0.576824
0.576829
0.576836
0.57684
0.576855
0.576862
0.576865
0.576867
0.576871
0.576874
0.576876
0.57688
0.576902
0.576908
0.576919
0.576924
0.57693
0.57693
0.576933
0.576937
0.576939
0.576955
0.576961
0.576968
0.576974
0.57698
0.576985
0.576993
0.576995
0.576996
0.576988
0.576988
0.576986
0.576985
0.576988
0.576996
0.57701
0.577017
0.577038
0.577042
0.577043
0.577041
0.577035
0.577029
0.577021
0.577004
0.576996
0.576981
0.576983
0.576988
0.577
0.577008
0.577016
0.577023
0.577034
0.577038
0.577035
0.57703
0.577025
0.577019
0.577006
0.577
0.576991
0.576987
0.576986
0.576986
0.57699
0.576992
0.576995
0.576992
0.576984
0.576963
0.576943
0.576938
0.576938
0.576935
0.576932
0.576931
0.57693
0.576929
0.576905
0.576897
0.57689
0.576883
0.576876
0.576863
0.576857
0.57685
0.576838
0.576827
0.576821
0.576816
0.576807
0.576802
0.576793
0.576788
0.576782
0.576745
0.576739
0.576733
0.576723
0.576719
0.576715
0.57671
0.576699
0.576691
0.576666
0.576649
0.576642
0.576631
0.576625
0.576625
0.57662
0.576601
0.576567
0.576567
0.576538
0.576537
0.576537
0.576535
0.576523
0.576506
0.576497
0.576488
0.576479
0.576465
0.576458
0.576452
0.576446
0.576441
0.576417
0.57641
0.576397
0.576391
0.576378
0.576372
0.576359
0.576334
0.576331
0.576328
0.576325
0.576322
0.576322
0.57632
0.576319
0.576313
0.576297
0.576289
0.57628
0.576271
0.576262
0.576235
0.576228
0.576222
0.576215
0.576215
0.576215
0.576215
0.576214
0.576209
0.576206
0.576202
0.576193
0.576177
0.576169
0.576166
0.576169
0.576172
0.576177
0.576178
0.57617
0.576159
0.576143
0.576141
0.576141
0.57614
0.576146
0.576151
0.576157
0.576178
0.576178
0.57618
0.576178
0.576175
0.57616
0.576156
0.576149
0.576151
0.576155
0.576161
0.576176
0.576184
0.576201
0.57621
0.576217
0.576237
0.576236
0.576233
0.576225
0.57622
0.576215
0.57621
0.576207
0.576221
0.576241
0.576241
0.576263
0.576274
0.576294
0.576303
0.576311
0.57634
0.576346
0.576351
0.576362
0.576368
0.576375
0.576396
0.576423
0.576428
0.576432
0.576437
0.576437
0.576436
0.576435
0.576434
0.576433
0.576436
0.576449
0.576467
0.576478
0.57649
0.576504
0.576577
0.57659
0.576601
0.576619
0.576626
0.576632
0.576638
0.576655
0.576691
0.576701
0.576718
0.576725
0.576731
0.576736
0.576745
0.57675
0.576781
0.576791
0.576801
0.57682
0.576829
0.576837
0.576845
0.576852
0.576867
0.576891
0.5769
0.576909
0.576926
0.576935
0.576953
0.576953
0.576978
0.577005
0.57701
0.577015
0.577019
0.577022
0.577027
0.57703
0.577034
0.577039
0.577058
0.577082
0.577089
0.577095
0.577101
0.577107
0.577121
0.577128
0.577167
0.577172
0.577172
0.577176
0.577175
0.577172
0.577169
0.577161
0.57717
0.577177
0.577185
0.577192
0.577206
0.577211
0.577214
0.577217
0.577212
0.57721
0.57721
0.577207
0.577206
0.577209
0.577213
0.577217
0.577241
0.577252
0.57726
0.577262
0.57726
0.577256
0.577245
0.577215
0.577205
0.577203
0.577203
0.577204
0.577207
0.57721
0.577217
0.577217
0.577217
0.577211
0.577203
0.577193
0.577181
0.577156
0.577143
0.577122
0.577113
0.577099
0.5771
0.577102
0.577104
0.577106
0.577108
0.577109
0.577109
0.577107
0.577082
0.577073
0.577052
0.57704
0.577027
0.577014
0.576999
0.576971
0.576956
0.576903
0.576893
0.576884
0.57687
0.576864
0.576858
0.576851
0.576823
0.576801
0.57679
0.576769
0.57676
0.576744
0.576736
0.576728
0.576703
0.576651
0.576641
0.576632
0.576618
0.576607
0.576601
0.576573
0.576565
0.576549
0.576542
0.576536
0.57653
0.576519
0.576508
0.576508
0.576471
0.576459
0.576446
0.57642
0.576407
0.576382
0.576382
0.57636
0.576323
0.576316
0.576309
0.576297
0.576285
0.576278
0.576271
0.576253
0.576214
0.576205
0.576197
0.576191
0.576186
0.576168
0.576161
0.576152
0.576116
0.576106
0.576098
0.576091
0.576082
0.57608
0.576078
0.576076
0.576058
0.576052
0.576045
0.576032
0.576027
0.576016
0.576012
0.576005
0.575996
0.575991
0.575983
0.57598
0.57598
0.575981
0.575983
0.575988
0.575988
0.575984
0.575977
0.575962
0.575953
0.575953
0.575945
0.575931
0.575927
0.575935
0.575941
0.575964
0.575971
0.57598
0.575982
0.57598
0.575967
0.575967
0.575964
0.575964
0.575966
0.575981
0.575988
0.575996
0.576038
0.576045
0.576051
0.576055
0.576058
0.576057
0.576046
0.576031
0.576027
0.576026
0.576029
0.576035
0.576056
0.576085
0.5761
0.576147
0.576162
0.576175
0.576208
0.576216
0.576228
0.576233
0.576238
0.576274
0.576284
0.576305
0.576315
0.576333
0.576342
0.57635
0.5764
0.576411
0.576421
0.576439
0.576447
0.576455
0.576462
0.576478
0.576518
0.576544
0.576556
0.576578
0.576587
0.576599
0.576599
0.576604
0.576634
0.576644
0.576681
0.576694
0.576707
0.576719
0.576744
0.576757
0.576802
0.576812
0.576839
0.576847
0.576865
0.576875
0.576886
0.576938
0.576938
0.576948
0.576964
0.576971
0.576986
0.576995
0.577004
0.57706
0.577071
0.577081
0.577098
0.577106
0.57712
0.57712
0.577137
0.577179
0.577189
0.577198
0.577206
0.577223
0.577229
0.577234
0.577254
0.577281
0.577298
0.577305
0.577311
0.577314
0.577318
0.577321
0.577321
0.577337
0.577345
0.577353
0.577362
0.57737
0.577378
0.577385
0.577391
0.577396
0.577409
0.57741
0.577409
0.57741
0.577411
0.577413
0.577417
0.577425
0.577436
0.577434
0.577432
0.577425
0.577419
0.577417
0.577421
0.577424
0.57742
0.577416
0.577409
0.577405
0.577398
0.577395
0.577383
0.577381
0.577379
0.577379
0.577378
0.577377
0.577372
0.577338
0.57733
0.577321
0.577313
0.577298
0.577292
0.577286
0.577282
0.577268
0.57725
0.577242
0.577233
0.577216
0.577208
0.57719
0.577181
0.577171
0.577131
0.577121
0.577113
0.577106
0.577093
0.577087
0.577072
0.577004
0.576992
0.576982
0.576973
0.576961
0.576956
0.576947
0.576941
0.576934
0.57689
0.576876
0.576861
0.576832
0.576832
0.576817
0.576803
0.576789
0.576763
0.576709
0.576694
0.576662
0.576647
0.576632
0.576604
0.57659
0.576577
0.576518
0.576518
0.576507
0.576486
0.576464
0.576452
0.576452
0.576412
0.57636
0.576347
0.576335
0.576324
0.576305
0.576287
0.57627
0.576218
0.576208
0.576198
0.57619
0.576174
0.576165
0.576146
0.576135
0.576089
0.576078
0.576068
0.576052
0.576046
0.576033
0.576011
0.575984
0.575974
0.575965
0.575949
0.575943
0.575938
0.575929
0.575918
0.575912
0.575879
0.57587
0.57587
0.575861
0.575836
0.575836
0.575818
0.575813
0.575806
0.575805
0.575804
0.575801
0.575794
0.575789
0.575778
0.575773
0.57576
0.575762
0.575767
0.57577
0.575771
0.575768
0.575759
0.575741
0.57574
0.575741
0.575747
0.575753
0.575759
0.57577
0.57577
0.575789
0.575792
0.5758
0.575803
0.575807
0.575811
0.575821
0.575826
0.575842
0.575848
0.575863
0.575867
0.57587
0.575874
0.575888
0.575927
0.575935
0.57595
0.575957
0.575969
0.575974
0.575985
0.576006
0.576014
0.576023
0.576031
0.576039
0.576056
0.576065
0.576074
0.576084
0.576135
0.576149
0.576163
0.57619
0.576204
0.576216
0.576229
0.576253
0.576265
0.576307
0.576337
0.576351
0.576364
0.576389
0.576401
0.576413
0.576437
0.57645
0.576492
0.576492
0.576523
0.576553
0.576568
0.576616
0.576633
0.576707
0.576718
0.576728
0.576736
0.576743
0.57675
0.576757
0.576772
0.576772
0.576827
0.576842
0.576856
0.576872
0.576903
0.576919
0.576936
0.576972
0.577047
0.577064
0.577094
0.577117
0.577127
0.577127
0.577138
0.577161
0.577218
0.577233
0.577272
0.577283
0.577283
0.577293
0.577312
0.577321
0.577359
0.577379
0.577389
0.577397
0.577405
0.577419
0.577426
0.577433
0.577472
0.577481
0.577489
0.577505
0.577513
0.577527
0.577534
0.577541
0.577568
0.577574
0.577578
0.577584
0.577585
0.577586
0.577588
0.577589
0.577594
0.577615
0.577621
0.577627
0.577637
0.57764
0.577643
0.577643
0.577639
0.577602
0.577596
0.577585
0.577585
0.577583
0.577582
0.577584
0.577593
0.577615
0.577623
0.577629
0.577638
0.577637
0.577632
0.577624
0.577603
0.577551
0.577539
0.577528
0.577518
0.577503
0.577497
0.577491
0.577484
0.577467
0.577409
0.577409
0.577386
0.577376
0.577368
0.57736
0.577349
0.577343
0.577313
0.577302
0.57729
0.577265
0.577253
0.577253
0.577241
0.577216
0.577161
0.577132
0.577117
0.577104
0.577091
0.577067
0.577055
0.577043
0.577019
0.57696
0.57696
0.576945
0.57693
0.5769
0.576884
0.576868
0.576835
0.576819
0.57677
0.576736
0.576719
0.576702
0.576686
0.576652
0.576635
0.5766
0.576546
0.576511
0.576496
0.576481
0.576467
0.576426
0.576411
0.576395
0.576379
0.576329
0.576312
0.576296
0.576268
0.576254
0.576241
0.576227
0.576199
0.576136
0.576101
0.576085
0.576055
0.57603
0.576018
0.575996
0.575944
0.575933
0.575915
0.575907
0.5759
0.575892
0.575884
0.575868
0.575837
0.575826
0.575815
0.575804
0.575781
0.57577
0.575757
0.575744
0.57572
0.575681
0.575673
0.575673
0.575661
0.575652
0.575651
0.575649
0.575648
0.575638
0.575633
0.575626
0.575609
0.5756
0.575581
0.575564
0.575557
0.57555
0.575552
0.575557
0.575562
0.575572
0.575576
0.575579
0.57558
0.575579
0.575558
0.575545
0.57554
0.575536
0.575535
0.575536
0.575553
0.575562
0.575572
0.575616
0.575626
0.575626
0.575644
0.575651
0.575664
0.575664
0.575683
0.575718
0.575727
0.575748
0.575754
0.57576
0.575766
0.575782
0.575824
0.575836
0.575848
0.575868
0.575877
0.575885
0.575892
0.575907
0.575965
0.57598
0.57601
0.576023
0.576036
0.576069
0.576079
0.576134
0.576146
0.576158
0.57618
0.576189
0.576199
0.576218
0.576295
0.576309
0.576323
0.576349
0.576375
0.576388
0.576401
0.576428
0.576489
0.576505
0.576522
0.576556
0.576573
0.576573
0.576625
0.576644
0.576698
0.576733
0.57675
0.576766
0.576781
0.576796
0.576826
0.576841
0.576874
0.576929
0.576948
0.576967
0.576985
0.577001
0.577033
0.577049
0.577082
0.577156
0.577175
0.577193
0.577227
0.577241
0.577268
0.57728
0.577292
0.577304
0.577362
0.577378
0.577393
0.577423
0.577437
0.577451
0.577465
0.577492
0.577545
0.577558
0.577571
0.577605
0.577624
0.577632
0.577641
0.57767
0.57767
0.57769
0.577703
0.577711
0.577718
0.577734
0.577742
0.577775
0.577779
0.577781
0.577779
0.577774
0.577773
0.577771
0.577777
0.577782
0.577787
0.577799
0.577805
0.577811
0.577816
0.577824
0.577824
0.577821
0.577819
0.577818
0.577815
0.577815
0.577814
0.577813
0.577808
0.5778
0.577791
0.577783
0.577779
0.577763
0.577755
0.577747
0.577715
0.577704
0.577704
0.577697
0.577694
0.577687
0.577682
0.577675
0.577666
0.577621
0.577608
0.577596
0.577574
0.577552
0.577541
0.577531
0.577509
0.577457
0.577443
0.577429
0.577415
0.577389
0.577377
0.577351
0.577338
0.577259
0.577242
0.577226
0.577198
0.577186
0.577161
0.577149
0.577136
0.577123
0.577077
0.577041
0.577023
0.577004
0.576985
0.576947
0.576929
0.576911
0.576836
0.576796
0.576776
0.576718
0.5767
0.576665
0.576632
0.576586
0.576571
0.576558
0.576545
0.576521
0.576508
0.576495
0.57648
0.576447
0.57639
0.576371
0.576351
0.576332
0.576295
0.576257
0.576216
0.576194
0.576091
0.576074
0.576045
0.576025
0.576016
0.576007
0.575952
0.575924
0.575924
0.575896
0.575869
0.575856
0.575842
0.575815
0.575755
0.57574
0.575695
0.575682
0.575669
0.57564
0.575605
0.575598
0.575591
0.575579
0.575579
0.57557
0.575565
0.575555
0.575525
0.575515
0.575492
0.57548
0.575468
0.575457
0.575446
0.575425
0.575416
0.575393
0.575384
0.575382
0.575381
0.575382
0.575381
0.575379
0.575356
0.575353
0.575351
0.575353
0.575356
0.57536
0.575366
0.57538
0.575384
0.575382
0.57538
0.575372
0.575373
0.575376
0.575381
0.57542
0.575427
0.575439
0.575443
0.575453
0.575458
0.575473
0.575501
0.575521
0.57553
0.575538
0.575544
0.575554
0.575559
0.575571
0.5756
0.575626
0.57564
0.575665
0.575678
0.575691
0.575703
0.575716
0.575729
0.575788
0.575805
0.575821
0.575853
0.575869
0.575885
0.575901
0.575933
0.575933
0.576016
0.576051
0.576068
0.576086
0.576104
0.576122
0.57614
0.576159
0.576178
0.576258
0.576279
0.576299
0.57632
0.57634
0.576381
0.576402
0.576423
0.576467
0.576535
0.576557
0.57658
0.576624
0.576646
0.576667
0.576689
0.576731
0.576849
0.576871
0.57691
0.57691
0.576927
0.576943
0.576958
0.577007
0.577084
0.577106
0.577127
0.577168
0.577188
0.577206
0.577274
0.577338
0.577353
0.577353
0.577367
0.577402
0.577414
0.577425
0.577448
0.577507
0.577523
0.577539
0.577572
0.577589
0.577606
0.577624
0.577659
0.577721
0.577734
0.577745
0.577754
0.577762
0.57777
0.577791
0.577798
0.577839
0.577851
0.577863
0.577886
0.577896
0.577916
0.577935
0.57797
0.577976
0.577984
0.577987
0.57799
0.577996
0.577999
0.578006
0.578022
0.578025
0.578026
0.578024
0.578022
0.578017
0.578017
0.578017
0.578023
0.578027
0.578039
0.578038
0.578035
0.57803
0.578015
0.577976
0.577968
0.577961
0.577952
0.577949
0.577946
0.577944
0.577941
0.577937
0.577915
0.577891
0.577878
0.577865
0.577815
0.577803
0.577792
0.577745
0.577735
0.577735
0.577714
0.577702
0.577689
0.577676
0.577649
0.577635
0.577577
0.577562
0.577546
0.577531
0.577515
0.577482
0.577464
0.577447
0.577429
0.577358
0.577339
0.577303
0.577284
0.577265
0.577224
0.577203
0.577181
0.57707
0.57707
0.577029
0.577029
0.577009
0.576971
0.576952
0.576934
0.576894
0.576829
0.576807
0.576785
0.576763
0.576722
0.576681
0.57666
0.576617
0.576617
0.576493
0.576467
0.576416
0.576393
0.576371
0.576351
0.576313
0.576294
0.576235
0.576192
0.576169
0.576147
0.576125
0.576083
0.576021
0.576
0.57594
0.575902
0.575884
0.575868
0.575835
0.575819
0.575787
0.575704
0.575688
0.575674
0.575661
0.575635
0.575635
0.575622
0.575582
0.575582
0.575519
0.575503
0.575487
0.575457
0.575443
0.575429
0.575414
0.575386
0.575341
0.575314
0.575302
0.575292
0.575277
0.575271
0.575266
0.57526
0.575224
0.575215
0.575208
0.575196
0.575192
0.575184
0.575181
0.575178
0.575167
0.575166
0.575164
0.575163
0.575161
0.575159
0.575157
0.575156
0.57516
0.57516
0.57517
0.575182
0.575188
0.575194
0.575199
0.575223
0.575229
0.575235
0.575247
0.575253
0.575266
0.575272
0.575272
0.575316
0.575327
0.575339
0.575362
0.575373
0.575393
0.575403
0.575413
0.575457
0.57547
0.575483
0.575512
0.575525
0.575539
0.575552
0.57558
0.57564
0.575672
0.575688
0.575703
0.575719
0.575751
0.575769
0.575826
0.575883
0.575903
0.575958
0.575975
0.576008
0.576024
0.576056
0.576127
0.576145
0.576145
0.57618
0.576198
0.576215
0.576249
0.576287
0.576378
0.576402
0.576425
0.576447
0.57649
0.576511
0.576532
0.576572
0.576662
0.576687
0.576712
0.576736
0.576784
0.576807
0.576853
0.576876
0.576898
0.576964
0.576987
0.577009
0.577054
0.5771
0.577124
0.577147
0.577195
0.577242
0.577309
0.57733
0.577349
0.577387
0.577424
0.577443
0.577463
0.577583
0.577583
0.577621
0.577638
0.577655
0.577671
0.577703
0.57777
0.577786
0.577802
0.577843
0.577855
0.577867
0.577879
0.577907
0.577954
0.577985
0.577998
0.57801
0.578037
0.578045
0.578061
0.5781
0.578111
0.578121
0.578139
0.578147
0.578155
0.578162
0.578174
0.578174
0.578204
0.578208
0.578214
0.578215
0.578213
0.578211
0.578209
0.578204
0.57821
0.578215
0.578222
0.578229
0.578244
0.578251
0.578261
0.578252
0.578243
0.578231
0.578206
0.578192
0.578167
0.578155
0.578146
0.578111
0.578104
0.578097
0.578088
0.578079
0.57806
0.578049
0.578027
0.578015
0.57799
0.577965
0.577952
0.57794
0.577928
0.577902
0.577887
0.577872
0.577855
0.577784
0.577765
0.577747
0.577713
0.577696
0.577679
0.577661
0.577623
0.577539
0.577518
0.577497
0.577459
0.577441
0.577422
0.577403
0.577364
0.577343
0.577252
0.577228
0.577204
0.57716
0.577139
0.577076
0.577055
0.576943
0.576921
0.576899
0.576879
0.576843
0.576826
0.57681
0.576794
0.576759
0.576697
0.576674
0.576623
0.576597
0.576569
0.576487
0.57646
0.576433
0.576354
0.576277
0.576253
0.576229
0.576229
0.576181
0.576156
0.576132
0.576108
0.576033
0.575983
0.575912
0.575889
0.575866
0.575842
0.575796
0.575772
0.575682
0.57566
0.575639
0.575619
0.57558
0.57558
0.575561
0.575521
0.575521
0.575393
0.575373
0.575355
0.575324
0.575324
0.575298
0.575285
0.575272
0.575176
0.575176
0.57516
0.575146
0.575113
0.575104
0.575095
0.575087
0.57508
0.575046
0.575037
0.575028
0.57502
0.575007
0.575001
0.574995
0.574984
0.574968
0.574967
0.574968
0.574973
0.574976
0.574979
0.574984
0.574984
0.574985
0.574973
0.574968
0.574962
0.574957
0.574952
0.574945
0.574944
0.574957
0.574978
0.575005
0.57502
0.57505
0.575064
0.575077
0.575089
0.575101
0.575112
0.575123
0.57519
0.575205
0.57522
0.575246
0.575258
0.57527
0.575281
0.57532
0.575379
0.575413
0.57543
0.575447
0.575463
0.575493
0.575507
0.575583
0.575599
0.575615
0.57563
0.575662
0.575678
0.575715
0.575735
0.575756
0.575844
0.575867
0.57589
0.575914
0.575937
0.575985
0.576011
0.576064
0.576175
0.576203
0.576276
0.576298
0.576319
0.576339
0.576358
0.576398
0.576464
0.576488
0.576512
0.57656
0.576584
0.576631
0.576656
0.576656
0.576732
0.576787
0.576874
0.576902
0.57693
0.576957
0.577011
0.577038
0.577064
0.577143
0.577223
0.577248
0.577274
0.577298
0.577348
0.577373
0.577423
0.577498
0.577546
0.577546
0.577613
0.577634
0.577654
0.577674
0.577715
0.577797
0.577816
0.577836
0.577873
0.577891
0.57791
0.577928
0.577946
0.577984
0.578044
0.578064
0.578119
0.578135
0.578151
0.578165
0.578192
0.578247
0.578261
0.578287
0.578307
0.578314
0.578326
0.578337
0.578369
0.578377
0.578389
0.578389
0.578393
0.578398
0.578399
0.5784
0.578403
0.578418
0.578423
0.57843
0.57843
0.578433
0.578429
0.578425
0.57842
0.578392
0.578392
0.578388
0.578387
0.578391
0.578393
0.578393
0.578371
0.578371
0.578352
0.578342
0.578331
0.57832
0.578309
0.578287
0.578275
0.578207
0.578207
0.578176
0.578161
0.578147
0.578133
0.578107
0.578095
0.578039
0.578023
0.578006
0.577972
0.577937
0.577937
0.577899
0.577879
0.577858
0.577771
0.57775
0.577729
0.577688
0.577668
0.577624
0.577624
0.577601
0.57747
0.577445
0.577421
0.577376
0.577355
0.577312
0.57729
0.577266
0.577266
0.577159
0.57713
0.577101
0.577072
0.577044
0.576989
0.576961
0.576934
0.576878
0.576757
0.576725
0.576663
0.576604
0.576575
0.576521
0.576496
0.576398
0.576373
0.576348
0.576324
0.5763
0.57623
0.576206
0.576206
0.576156
0.576049
0.576021
0.575993
0.575908
0.575881
0.575854
0.575827
0.575775
0.575699
0.57565
0.57565
0.575627
0.575605
0.575561
0.575538
0.575515
0.575468
0.575395
0.575371
0.575348
0.575304
0.575282
0.575261
0.575221
0.5752
0.575099
0.575079
0.57506
0.575027
0.575013
0.575
0.574988
0.574965
0.574952
0.574912
0.574884
0.574884
0.57487
0.574847
0.574837
0.574828
0.574814
0.57479
0.574785
0.57478
0.574779
0.57478
0.574781
0.574783
0.574787
0.574789
0.574786
0.574784
0.574781
0.574775
0.574773
0.574773
0.574774
0.574781
0.574787
0.574787
0.574823
0.574835
0.574847
0.574858
0.574877
0.574886
0.574895
0.574914
0.574958
0.574971
0.574983
0.575007
0.575007
0.575044
0.575071
0.575084
0.575142
0.575158
0.575188
0.575203
0.575234
0.575251
0.575268
0.575285
0.575377
0.575416
0.575434
0.575453
0.575472
0.575533
0.575578
0.575646
0.575689
0.575708
0.575726
0.575743
0.575775
0.575775
0.575848
0.575916
0.575941
0.575991
0.575991
0.576016
0.576041
0.576067
0.576121
0.57615
0.576337
0.576337
0.576397
0.576425
0.576478
0.576504
0.576529
0.576579
0.57669
0.57669
0.576749
0.576806
0.576834
0.576861
0.576887
0.576915
0.57697
0.577088
0.577118
0.577148
0.577177
0.577233
0.57726
0.577288
0.577341
0.577368
0.57748
0.577508
0.577536
0.577564
0.57762
0.577647
0.577702
0.577729
0.577833
0.577885
0.57791
0.577934
0.577934
0.57798
0.578023
0.578045
0.578067
0.578171
0.57819
0.578227
0.578245
0.57828
0.578297
0.578313
0.578377
0.578392
0.578405
0.578428
0.578439
0.578448
0.578458
0.578478
0.578489
0.578515
0.578554
0.578566
0.578584
0.57859
0.578595
0.578599
0.578602
0.578605
0.578612
0.578629
0.578633
0.578635
0.578635
0.578634
0.578631
0.578627
0.578609
0.578588
0.578577
0.578572
0.578569
0.578568
0.578568
0.578568
0.578568
0.578548
0.578539
0.578528
0.578503
0.578503
0.578476
0.578449
0.578434
0.578386
0.57835
0.578314
0.578298
0.578282
0.578266
0.578251
0.578221
0.578205
0.578188
0.57811
0.578088
0.578064
0.578041
0.577996
0.577974
0.577951
0.577928
0.577906
0.577785
0.577758
0.577732
0.577705
0.577678
0.57765
0.577621
0.577565
0.577536
0.577422
0.577393
0.577363
0.577333
0.577273
0.577212
0.577182
0.577122
0.577034
0.577005
0.576949
0.576922
0.576894
0.576866
0.576837
0.576807
0.576777
0.576616
0.576552
0.576522
0.576462
0.576462
0.576377
0.576377
0.576199
0.57612
0.576098
0.576076
0.576056
0.576017
0.576017
0.575956
0.575908
0.575856
0.57583
0.575803
0.575751
0.575725
0.575698
0.575645
0.575504
0.575476
0.575448
0.575398
0.575375
0.575352
0.57533
0.575309
0.575196
0.575149
0.575127
0.575105
0.575083
0.575062
0.575041
0.57502
0.574999
0.5749
0.574881
0.574829
0.574813
0.574787
0.574764
0.574721
0.574711
0.574693
0.574679
0.574674
0.574668
0.574658
0.574651
0.574628
0.574591
0.574591
0.574582
0.574562
0.574559
0.574557
0.574556
0.574557
0.574566
0.574573
0.574577
0.574579
0.574581
0.574581
0.57458
0.574578
0.574577
0.57458
0.574586
0.574593
0.574614
0.574626
0.574639
0.574667
0.574681
0.574736
0.574749
0.574775
0.574799
0.574823
0.574823
0.574849
0.574864
0.574931
0.574948
0.574981
0.574996
0.57501
0.575025
0.57504
0.575056
0.575093
0.57518
0.575203
0.575226
0.57527
0.575292
0.575315
0.575337
0.575408
0.575517
0.575545
0.575573
0.575599
0.575652
0.575678
0.575704
0.57573
0.575782
0.575917
0.575946
0.575975
0.576033
0.576061
0.576089
0.576118
0.576146
0.576261
0.576291
0.576321
0.576351
0.576381
0.576442
0.576506
0.576539
0.576572
0.576671
0.576705
0.576738
0.576804
0.576838
0.576908
0.576943
0.576978
0.577117
0.57715
0.577214
0.577244
0.577303
0.577332
0.577393
0.577424
0.577581
0.577612
0.577641
0.577695
0.57772
0.57772
0.577745
0.577793
0.5779
0.577958
0.577986
0.578014
0.578091
0.578115
0.578159
0.578238
0.578258
0.578277
0.578313
0.57833
0.578363
0.57838
0.578397
0.57847
0.578489
0.578509
0.578546
0.578546
0.578581
0.578598
0.578614
0.57863
0.57869
0.578703
0.578716
0.578728
0.578748
0.578766
0.578776
0.578785
0.578821
0.578825
0.578827
0.578825
0.578822
0.578819
0.578815
0.578812
0.578814
0.578818
0.578826
0.578827
0.578827
0.578825
0.578816
0.578809
0.578783
0.578764
0.578755
0.578745
0.578735
0.578723
0.578711
0.578683
0.578623
0.578608
0.578582
0.578571
0.57856
0.57854
0.578528
0.578516
0.578408
0.578387
0.578348
0.578348
0.578312
0.578294
0.578276
0.578238
0.578173
0.57815
0.578126
0.578081
0.578059
0.57799
0.57799
0.577844
0.577819
0.577794
0.577746
0.577724
0.577679
0.577656
0.577632
0.577533
0.577505
0.577477
0.577448
0.577419
0.57736
0.5773
0.577269
0.577146
0.577114
0.577083
0.57702
0.57699
0.576959
0.576928
0.576866
0.576833
0.576664
0.576631
0.576597
0.576565
0.5765
0.5765
0.576467
0.576434
0.576366
0.576332
0.576224
0.576117
0.576083
0.57605
0.576017
0.575983
0.575949
0.575914
0.575733
0.575663
0.575663
0.575598
0.575567
0.575536
0.575506
0.575477
0.575448
0.575327
0.575295
0.575264
0.575173
0.575173
0.575117
0.57509
0.575064
0.575012
0.574934
0.574908
0.574855
0.574831
0.574807
0.574785
0.574744
0.574725
0.574614
0.574597
0.574581
0.574567
0.574545
0.574536
0.574529
0.574523
0.574503
0.574496
0.574489
0.574469
0.574458
0.574432
0.574419
0.574393
0.574362
0.57436
0.574361
0.574363
0.574371
0.574371
0.574376
0.574377
0.574379
0.574381
0.574384
0.574387
0.574398
0.574406
0.574423
0.574478
0.574488
0.574496
0.574504
0.574517
0.574523
0.574528
0.574552
0.57456
0.574569
0.57458
0.574592
0.574621
0.574655
0.574674
0.574758
0.574801
0.574822
0.574841
0.574878
0.574897
0.574936
0.574979
0.575122
0.575146
0.575168
0.575189
0.575245
0.575263
0.575321
0.575364
0.575387
0.575435
0.57546
0.575485
0.575537
0.575563
0.575645
0.575703
0.575732
0.575761
0.57579
0.57582
0.57588
0.575912
0.575912
0.576042
0.57611
0.576144
0.576178
0.576247
0.576282
0.576355
0.57643
0.57654
0.576576
0.576611
0.576712
0.576746
0.576816
0.576852
0.576889
0.577
0.577071
0.577105
0.577138
0.57717
0.57717
0.577263
0.577295
0.577327
0.577467
0.577504
0.577541
0.577578
0.577648
0.577682
0.577716
0.577783
0.577817
0.577953
0.577988
0.578022
0.578055
0.578087
0.578148
0.578177
0.578177
0.578206
0.578374
0.578402
0.578457
0.578483
0.578508
0.578508
0.578556
0.5786
0.578663
0.578683
0.578702
0.578738
0.578756
0.578774
0.578774
0.578828
0.578845
0.578912
0.578926
0.578938
0.578948
0.578967
0.578976
0.578976
0.578991
0.579027
0.57903
0.57903
0.579028
0.579028
0.579024
0.579015
0.579012
0.579008
0.57901
0.579011
0.57901
0.579007
0.579003
0.578997
0.578997
0.57897
0.578914
0.578903
0.578879
0.578872
0.578865
0.578848
0.578837
0.578777
0.578742
0.578709
0.578694
0.578681
0.578668
0.578655
0.578628
0.578558
0.578517
0.578496
0.578476
0.578437
0.578418
0.578398
0.578378
0.578287
0.578236
0.578236
0.57821
0.578158
0.578132
0.578105
0.578079
0.578052
0.577936
0.577905
0.577872
0.577806
0.577773
0.577739
0.577705
0.577636
0.577425
0.577425
0.57739
0.57732
