0.573827
0.573838
0.573843
0.573848
0.573852
0.573855
0.573855
0.573842
0.573827
0.57382
0.573812
0.573805
0.573799
0.57379
0.573788
0.57379
0.573809
0.573828
0.573839
0.573851
0.573873
0.573873
0.573891
0.5739
0.573877
0.573868
0.57385
0.57385
0.573841
0.573829
0.573825
0.573823
0.573826
0.573841
0.573851
0.573851
0.573863
0.573864
0.573862
0.573852
0.573824
0.573817
0.573804
0.573799
0.573796
0.573797
0.573804
0.573828
0.573833
0.573837
0.57384
0.573839
0.573837
0.573834
0.573826
0.573822
0.573819
0.573821
0.573823
0.573827
0.573828
0.573828
0.57382
0.573809
0.573805
0.573806
0.57381
0.573813
0.573816
0.573818
0.573819
0.573817
0.573804
0.573799
0.573793
0.573784
0.57378
0.573778
0.57378
0.573784
0.573788
0.573806
0.573809
0.57381
0.573808
0.573805
0.573795
0.573789
0.573781
0.573753
0.573748
0.573743
0.57374
0.573742
0.573745
0.573755
0.573761
0.573788
0.573789
0.573787
0.573783
0.573777
0.573762
0.573753
0.573737
0.573721
0.57372
0.573723
0.573732
0.573738
0.573745
0.573751
0.573756
0.57376
0.573766
0.573754
0.573754
0.573748
0.573733
0.573726
0.573718
0.573712
0.573706
0.573702
0.573706
0.573717
0.573735
0.573741
0.573745
0.573747
0.573748
0.573733
0.57373
0.573726
0.573726
0.573729
0.573733
0.573744
0.57375
0.573774
0.573773
0.573769
0.573763
0.573742
0.573734
0.57371
0.573712
0.573716
0.57372
0.573726
0.573738
0.573744
0.573751
0.573758
0.573773
0.573773
0.573771
0.573765
0.573765
0.573758
0.573755
0.573754
0.573774
0.573782
0.57379
0.573809
0.573812
0.573813
0.573813
0.57381
0.573792
0.573791
0.573792
0.573795
0.573799
0.573819
0.573826
0.573832
0.57384
0.573837
0.573832
0.573832
0.573828
0.573817
0.573816
0.573817
0.573838
0.573856
0.573866
0.573885
0.573885
0.573906
0.57391
0.573911
0.573904
0.573895
0.573886
0.573882
0.573882
0.573881
0.573884
0.573884
0.573888
0.573919
0.573935
0.573942
0.573947
0.573951
0.573952
0.573951
0.573948
0.573944
0.573919
0.573909
0.573906
0.573904
0.573903
0.573914
0.57392
0.573927
0.573935
0.573971
0.573971
0.573987
0.573996
0.573996
0.573996
0.573993
0.573984
0.573984
0.573959
0.573958
0.573959
0.573962
0.573984
0.573993
0.574003
0.574039
0.574041
0.574042
0.574038
0.574034
0.574021
0.574018
0.574015
0.574015
0.574018
0.574026
0.574026
0.574033
0.574036
0.574039
0.574038
0.574025
0.574017
0.574013
0.574011
0.574009
0.574009
0.57401
0.574004
0.574002
0.574001
0.574001
0.574002
0.574005
0.574006
0.574005
0.573993
0.573982
0.573974
0.57397
0.57397
0.573976
0.573995
0.574002
0.574003
0.574003
0.574
0.57399
0.573982
0.573974
0.573946
0.573922
0.573922
0.573924
0.573924
0.573927
0.573939
0.573952
0.573958
0.573966
0.573963
0.573957
0.573942
0.573942
0.573922
0.573912
0.573901
0.573891
0.573853
0.573853
0.573856
0.573858
0.573861
0.573864
0.573866
0.573868
0.573867
0.573843
0.573833
0.573823
0.573812
0.573801
0.573781
0.573772
0.573761
0.573761
0.573764
0.573768
0.573768
0.573778
0.57378
0.57378
0.573776
0.57377
0.573735
0.573714
0.573704
0.573694
0.573686
0.573679
0.573671
0.573671
0.57367
0.573681
0.573685
0.573687
0.573689
0.573687
0.573687
0.573677
0.57367
0.573609
0.573601
0.573591
0.57359
0.573591
0.573594
0.573599
0.573604
0.573609
0.573622
0.573619
0.573615
0.573603
0.573596
0.573588
0.573579
0.573564
0.573546
0.573547
0.57355
0.573554
0.573558
0.573564
0.573569
0.573579
0.573583
0.573585
0.573581
0.573576
0.573551
0.573542
0.573525
0.573525
0.573518
0.573512
0.573522
0.573529
0.573535
0.573547
0.573552
0.573555
0.573556
0.573555
0.573537
0.573532
0.573533
0.573533
0.573536
0.573546
0.573552
0.573558
0.573577
0.573577
0.573572
0.573568
0.573565
0.573558
0.573556
0.573555
0.573578
0.573587
0.573597
0.573607
0.573618
0.573628
0.573637
0.573652
0.573657
0.573657
0.57365
0.573646
0.573642
0.573638
0.573634
0.573634
0.573636
0.57364
0.573674
0.573695
0.573705
0.573715
0.57373
0.573737
0.573737
0.573743
0.573748
0.573769
0.573782
0.573788
0.573793
0.573797
0.5738
0.573804
0.573809
0.573832
0.573839
0.573845
0.573851
0.573862
0.573867
0.573872
0.573872
0.573887
0.573904
0.573914
0.573918
0.573922
0.573926
0.573929
0.573933
0.573943
0.57395
0.573979
0.573986
0.573992
0.573997
0.574001
0.574001
0.574009
0.574011
0.574041
0.574049
0.574056
0.57407
0.57407
0.574078
0.574081
0.574081
0.574077
0.574077
0.574079
0.574083
0.574089
0.574103
0.574111
0.574119
0.574127
0.574145
0.574153
0.574153
0.574155
0.574156
0.574154
0.574153
0.574151
0.574151
0.574151
0.574167
0.574175
0.574183
0.574192
0.5742
0.574215
0.57422
0.574224
0.574225
0.574214
0.574209
0.574204
0.574193
0.574188
0.574185
0.574183
0.574185
0.574188
0.574208
0.574225
0.574233
0.574252
0.574255
0.574255
0.574252
0.574247
0.574208
0.574196
0.574184
0.574162
0.574154
0.574147
0.574141
0.574142
0.574146
0.57418
0.574188
0.574195
0.574207
0.574211
0.574213
0.574211
0.574211
0.574192
0.574162
0.574162
0.57414
0.574118
0.574107
0.574097
0.57408
0.574061
0.574056
0.574051
0.574047
0.574047
0.574048
0.574048
0.574047
0.57402
0.57401
0.573991
0.573982
0.573982
0.573965
0.573946
0.573924
0.573919
0.573915
0.573912
0.57391
0.573907
0.573905
0.573902
0.573867
0.573847
0.573847
0.573827
0.573818
0.573804
0.573804
0.573791
0.573778
0.573765
0.573765
0.573758
0.573744
0.573737
0.573725
0.573706
0.573685
0.573678
0.573667
0.573662
0.573658
0.57365
0.573646
0.573641
0.573615
0.573601
0.573595
0.573589
0.573583
0.573572
0.573566
0.573552
0.57352
0.573514
0.57351
0.573507
0.573505
0.573504
0.573503
0.573501
0.57348
0.573472
0.573465
0.573458
0.573445
0.573439
0.573434
0.573428
0.573418
0.573397
0.573393
0.573393
0.573389
0.573385
0.573386
0.573388
0.573391
0.573391
0.573383
0.573369
0.573369
0.573352
0.573344
0.573328
0.573322
0.573318
0.573326
0.573331
0.573343
0.573343
0.573349
0.573358
0.57336
0.573361
0.573358
0.573347
0.573341
0.573339
0.57334
0.573343
0.573347
0.573352
0.573358
0.573383
0.573384
0.573384
0.573379
0.573375
0.573371
0.573367
0.57336
0.573371
0.573379
0.573389
0.573412
0.573423
0.573434
0.573453
0.57346
0.573465
0.573461
0.573456
0.573452
0.573444
0.573444
0.573441
0.573441
0.573443
0.573448
0.573487
0.573501
0.573515
0.573544
0.573571
0.573584
0.573595
0.573635
0.573645
0.57365
0.573659
0.573664
0.573669
0.573675
0.573682
0.573732
0.573745
0.573745
0.573752
0.573756
0.573756
0.573759
0.573762
0.57379
0.573801
0.573813
0.573836
0.573848
0.57387
0.57388
0.573898
0.573929
0.573937
0.573944
0.573944
0.573956
0.573963
0.57397
0.573986
0.573995
0.574041
0.57405
0.574072
0.574077
0.574081
0.574084
0.574091
0.574121
0.574129
0.574145
0.574152
0.57417
0.574175
0.574175
0.574209
0.574216
0.574223
0.574235
0.57424
0.574244
0.574253
0.574264
0.574285
0.574285
0.57429
0.5743
0.574303
0.574309
0.574313
0.574321
0.574347
0.574357
0.57436
0.574361
0.574361
0.57436
0.574357
0.574356
0.574367
0.574379
0.574386
0.574398
0.574401
0.574404
0.574402
0.5744
0.574384
0.574381
0.57438
0.57438
0.574386
0.57439
0.574396
0.574408
0.574425
0.574424
0.574422
0.574419
0.574412
0.574407
0.574403
0.574395
0.574378
0.574376
0.574373
0.574373
0.574377
0.574378
0.574379
0.574369
0.574363
0.57435
0.574343
0.57433
0.574325
0.574319
0.574309
0.574292
0.574287
0.574278
0.574275
0.574273
0.574271
0.574271
0.57427
0.574254
0.574247
0.574229
0.57422
0.57421
0.5742
0.574189
0.574168
0.574126
0.574107
0.574098
0.574091
0.574084
0.574072
0.574066
0.57405
0.574012
0.574002
0.573993
0.573985
0.573971
0.573964
0.573958
0.573944
0.573905
0.573894
0.573872
0.573862
0.573852
0.573843
0.573825
0.573816
0.573806
0.573768
0.573746
0.573746
0.573736
0.573726
0.573708
0.573699
0.57368
0.573641
0.573631
0.573621
0.573611
0.573594
0.573579
0.573571
0.57352
0.573513
0.573503
0.573499
0.573494
0.573491
0.573488
0.573479
0.573434
0.573411
0.573399
0.573379
0.573371
0.573366
0.573362
0.573362
0.573374
0.573374
0.573378
0.573379
0.573373
0.573366
0.573347
0.573335
0.573262
0.573249
0.573236
0.573225
0.573208
0.573203
0.5732
0.5732
0.57322
0.573231
0.573231
0.573229
0.573224
0.573218
0.573175
0.573167
0.57316
0.573151
0.573151
0.573149
0.57315
0.573151
0.573147
0.573141
0.573139
0.573137
0.573137
0.573139
0.573145
0.57315
0.573161
0.573159
0.573153
0.573149
0.573144
0.573145
0.573149
0.573177
0.573186
0.573193
0.573205
0.573208
0.57321
0.57321
0.57321
0.573227
0.573227
0.573234
0.573243
0.573259
0.573275
0.573283
0.573298
0.573305
0.573319
0.573333
0.573339
0.573344
0.573354
0.573363
0.57337
0.573377
0.573422
0.573432
0.573432
0.57344
0.573449
0.573465
0.573474
0.573493
0.573547
0.573559
0.57357
0.573591
0.5736
0.573609
0.573617
0.573637
0.573678
0.573687
0.573703
0.573709
0.573715
0.573728
0.573728
0.573745
0.573794
0.57382
0.573831
0.573842
0.573862
0.573871
0.573881
0.573901
0.57396
0.57396
0.573972
0.573995
0.574005
0.574024
0.574034
0.574055
0.574101
0.574113
0.574125
0.574136
0.574147
0.574158
0.574178
0.574197
0.574232
0.574241
0.574249
0.574262
0.574268
0.574281
0.574281
0.574288
0.574334
0.574354
0.574363
0.574372
0.57438
0.574396
0.574396
0.574414
0.574424
0.574462
0.57447
0.574478
0.574491
0.574495
0.5745
0.5745
0.5745
0.574509
0.574526
0.574543
0.574552
0.574569
0.574576
0.574581
0.574585
0.574588
0.574586
0.574587
0.574588
0.574594
0.574604
0.574614
0.574618
0.574622
0.574623
0.57462
0.574617
0.574612
0.574603
0.5746
0.574595
0.574594
0.574595
0.57461
0.574614
0.574618
0.574625
0.574626
0.574626
0.574623
0.574612
0.574604
0.574574
0.574562
0.57455
0.574538
0.574518
0.57451
0.574498
0.574494
0.574467
0.574456
0.574452
0.574449
0.574446
0.574439
0.57443
0.574423
0.574386
0.574376
0.574365
0.574355
0.574336
0.574318
0.574308
0.574298
0.574256
0.574234
0.574215
0.5742
0.574194
0.574188
0.574183
0.574177
0.574146
0.574146
0.574137
0.574115
0.574103
0.574078
0.574064
0.574033
0.573972
0.573945
0.573934
0.573924
0.573914
0.573894
0.573884
0.573873
0.57381
0.573797
0.573772
0.573761
0.573751
0.573741
0.573708
0.57366
0.573647
0.573622
0.573611
0.573601
0.573591
0.573582
0.573562
0.573518
0.573493
0.573481
0.573469
0.573447
0.573436
0.573436
0.573415
0.573405
0.573356
0.573343
0.57333
0.573304
0.573293
0.573272
0.573262
0.573252
0.573201
0.573191
0.573183
0.573169
0.573169
0.573159
0.573155
0.573147
0.573109
0.573088
0.57307
0.57307
0.573056
0.573051
0.573043
0.573024
0.573013
0.573005
0.573002
0.572994
0.57299
0.572986
0.572966
0.572957
0.572954
0.572953
0.572956
0.572959
0.572968
0.572973
0.572984
0.572979
0.572974
0.572966
0.572949
0.57294
0.572931
0.572922
0.572908
0.572898
0.572899
0.572902
0.572915
0.572923
0.572932
0.572942
0.572963
0.572973
0.573004
0.573013
0.573026
0.573033
0.573033
0.573033
0.57303
0.573048
0.573057
0.573078
0.573089
0.5731
0.573109
0.573127
0.573136
0.573171
0.57318
0.573188
0.573204
0.573211
0.573219
0.573228
0.573248
0.573295
0.573317
0.573327
0.573336
0.573353
0.573353
0.573363
0.573372
0.573394
0.573447
0.573461
0.573476
0.573504
0.573518
0.573532
0.573545
0.573572
0.573626
0.57364
0.573652
0.573675
0.573685
0.573706
0.573717
0.573742
0.573802
0.573818
0.573833
0.573858
0.573869
0.573879
0.5739
0.573912
0.573982
0.573998
0.574014
0.574042
0.574042
0.574055
0.57408
0.574092
0.574105
0.574163
0.574195
0.57421
0.574225
0.57424
0.574254
0.574268
0.574294
0.574306
0.574358
0.574371
0.574383
0.574405
0.574405
0.574425
0.574435
0.574458
0.574508
0.574533
0.574544
0.574555
0.574565
0.574574
0.574583
0.5746
0.574646
0.574656
0.574665
0.574682
0.574689
0.574694
0.574699
0.574708
0.574731
0.574745
0.574751
0.574756
0.574763
0.574765
0.574766
0.574768
0.574769
0.574782
0.574788
0.574795
0.574809
0.574815
0.574825
0.574827
0.574827
0.574814
0.574801
0.574794
0.574787
0.574781
0.574772
0.57477
0.574771
0.574778
0.574798
0.574805
0.574813
0.574824
0.574828
0.574829
0.574828
0.574816
0.574807
0.574772
0.574759
0.574746
0.574722
0.574711
0.574688
0.574677
0.574656
0.574614
0.574603
0.574594
0.574579
0.574573
0.574567
0.57456
0.574554
0.574546
0.574503
0.574476
0.574462
0.574448
0.574434
0.574409
0.574396
0.574371
0.57432
0.574308
0.574297
0.574287
0.574277
0.574255
0.574243
0.574229
0.574156
0.574128
0.574116
0.574105
0.574094
0.574083
0.574058
0.574045
0.573982
0.57395
0.573935
0.573906
0.573893
0.573879
0.573865
0.573835
0.573835
0.573767
0.573749
0.573732
0.5737
0.573667
0.573651
0.573635
0.573619
0.573552
0.57352
0.573505
0.573492
0.573478
0.573451
0.573437
0.573407
0.573407
0.573359
0.573326
0.573311
0.573297
0.57327
0.573257
0.57323
0.573216
0.573157
0.573142
0.573114
0.57309
0.57308
0.573071
0.573062
0.573054
0.573005
0.572983
0.572973
0.572964
0.572955
0.572946
0.572938
0.572929
0.572919
0.572869
0.57286
0.572852
0.572846
0.572839
0.572829
0.572823
0.572817
0.57281
0.572785
0.572761
0.572756
0.572752
0.57275
0.57275
0.572752
0.57276
0.572781
0.572789
0.572791
0.572789
0.572786
0.572775
0.572775
0.572768
0.57273
0.572725
0.572721
0.57272
0.572722
0.572726
0.57274
0.57275
0.572772
0.572815
0.572823
0.572823
0.57283
0.572842
0.572847
0.57285
0.572853
0.572884
0.572894
0.572903
0.572913
0.572923
0.572933
0.572954
0.572964
0.572975
0.573023
0.573048
0.573059
0.573069
0.573079
0.573097
0.573106
0.573128
0.57314
0.573197
0.573213
0.573229
0.573229
0.573245
0.57326
0.573292
0.573308
0.573339
0.573408
0.573426
0.573444
0.573461
0.573476
0.573506
0.57352
0.573535
0.57355
0.573616
0.573634
0.573652
0.573688
0.573706
0.573723
0.573741
0.573778
0.57387
0.573903
0.573918
0.573932
0.573945
0.573957
0.573969
0.573981
0.574058
0.574094
0.574094
0.574129
0.574145
0.574178
0.574194
0.57421
0.574295
0.574313
0.574331
0.574362
0.574362
0.574375
0.574401
0.574414
0.574427
0.574505
0.574522
0.574539
0.574556
0.574586
0.574613
0.574613
0.57464
0.574705
0.574717
0.574728
0.574738
0.574758
0.574767
0.574776
0.574796
0.574826
0.574836
0.574854
0.574876
0.574883
0.574891
0.574891
0.574914
0.574937
0.57495
0.574956
0.574961
0.574966
0.57497
0.574974
0.574983
0.574988
0.574988
0.575006
0.575009
0.575011
0.575011
0.575009
0.575006
0.575005
0.575006
0.57501
0.575011
0.575013
0.575009
0.575005
0.574994
0.574988
0.574958
0.574958
0.574955
0.574956
0.574959
0.574963
0.57497
0.574974
0.574976
0.574978
0.574968
0.574959
0.574949
0.574937
0.574924
0.574893
0.574875
0.574839
0.574764
0.574731
0.574716
0.574704
0.574682
0.574682
0.574661
0.574651
0.574585
0.574569
0.574553
0.574524
0.574511
0.574488
0.574488
0.574477
0.57441
0.574395
0.574365
0.574351
0.574336
0.574308
0.574293
0.574278
0.574192
0.574173
0.574155
0.574104
0.574088
0.574072
0.574056
0.574039
0.573971
0.573954
0.573919
0.573902
0.573886
0.573856
0.573842
0.57381
0.573758
0.57372
0.5737
0.573662
0.573644
0.573626
0.573608
0.573573
0.573464
0.573464
0.573431
0.573414
0.573383
0.573367
0.573352
0.57332
0.573271
0.573254
0.573223
0.57321
0.57321
0.573182
0.573168
0.573154
0.573123
0.573053
0.573034
0.573016
0.572983
0.572968
0.572939
0.572939
0.572924
0.572852
0.572838
0.572824
0.5728
0.57279
0.572771
0.572771
0.572754
0.572712
0.57269
0.57268
0.572671
0.572664
0.572651
0.572646
0.572634
0.572634
0.572603
0.572594
0.572585
0.572571
0.572566
0.57256
0.572559
0.572559
0.572558
0.572556
0.57255
0.572547
0.572544
0.572541
0.572542
0.572544
0.572549
0.572559
0.572562
0.572564
0.572566
0.572566
0.572567
0.572567
0.572571
0.572607
0.572617
0.572617
0.572645
0.572645
0.572653
0.572667
0.572673
0.572713
0.572721
0.572729
0.572744
0.572752
0.572769
0.572769
0.572789
0.57284
0.572867
0.57288
0.572892
0.572903
0.572923
0.572933
0.572944
0.572956
0.573014
0.57303
0.573046
0.573076
0.573092
0.573124
0.573141
0.573177
0.573234
0.573253
0.573288
0.573305
0.57332
0.573349
0.573363
0.573394
0.573488
0.573507
0.573526
0.573545
0.573564
0.573582
0.573601
0.573639
0.573659
0.573765
0.573786
0.573826
0.573846
0.573883
0.573901
0.573918
0.573988
0.574025
0.574044
0.57408
0.574097
0.574114
0.574131
0.574166
0.574243
0.574262
0.57428
0.574314
0.57433
0.574364
0.574381
0.5744
0.574419
0.574496
0.574517
0.574556
0.574592
0.57461
0.574628
0.574663
0.57468
0.574731
0.574749
0.574765
0.574796
0.57481
0.574824
0.574837
0.574849
0.574874
0.574951
0.574968
0.574983
0.574998
0.575021
0.57503
0.575037
0.575043
0.575082
0.575082
0.575091
0.5751
0.575119
0.575128
0.575138
0.575147
0.575156
0.575184
0.575192
0.575192
0.575192
0.575188
0.575186
0.575185
0.575184
0.575195
0.575201
0.575201
0.575221
0.575228
0.575239
0.575243
0.575244
0.575219
0.575209
0.575197
0.575185
0.575173
0.57515
0.57514
0.575126
0.575113
0.575109
0.575105
0.5751
0.575094
0.575079
0.575079
0.57506
0.575049
0.574999
0.574985
0.574972
0.574947
0.574934
0.574907
0.574893
0.574879
0.574818
0.57479
0.574778
0.574766
0.574747
0.574737
0.574728
0.574706
0.574694
0.574648
0.574631
0.574612
0.574575
0.574555
0.574535
0.574515
0.574472
0.574356
0.574333
0.574312
0.574274
0.574257
0.574241
0.574226
0.57421
0.574194
0.574118
0.574096
0.574074
0.574029
0.574007
0.573985
0.573921
0.573921
0.573832
0.573784
0.57376
0.573736
0.573714
0.57367
0.573648
0.573626
0.573582
0.573491
0.573469
0.573447
0.573425
0.573425
0.573361
0.573339
0.573318
0.573296
0.57321
0.573189
0.573168
0.573131
0.573112
0.573094
0.573075
0.573056
0.573036
0.57295
0.572928
0.572907
0.572866
0.572847
0.572829
0.572794
0.572759
0.572706
0.572673
0.572632
0.57262
0.5726
0.572593
0.572579
0.572548
0.572538
0.572527
0.572517
0.572507
0.572487
0.572477
0.572456
0.572416
0.572409
0.572402
0.572396
0.572395
0.572395
0.572395
0.572396
0.572384
0.572378
0.572371
0.572357
0.572346
0.572341
0.572338
0.572338
0.572357
0.572368
0.572368
0.572372
0.572376
0.572375
0.572373
0.57237
0.572366
0.572373
0.57238
0.572388
0.572407
0.572407
0.572428
0.572438
0.572448
0.572502
0.572513
0.572532
0.572541
0.57255
0.572568
0.572589
0.572601
0.572653
0.572668
0.572695
0.572721
0.572733
0.572744
0.572767
0.57282
0.572834
0.572848
0.572875
0.572903
0.572918
0.572951
0.573041
0.573057
0.573071
0.573097
0.573097
0.573123
0.573137
0.573169
0.573247
0.573269
0.573311
0.573331
0.573351
0.57337
0.57339
0.57341
0.57343
0.57352
0.573545
0.573596
0.573621
0.57367
0.573694
0.573717
0.573763
0.573857
0.573882
0.573906
0.573951
0.573973
0.573994
0.574015
0.574057
0.574146
0.574168
0.57419
0.57423
0.574249
0.574289
0.574309
0.574351
0.574439
0.57446
0.574481
0.57452
0.574539
0.574577
0.574595
0.574633
0.574713
0.574733
0.57477
0.574787
0.574804
0.574837
0.574853
0.574937
0.574953
0.574984
0.574998
0.575011
0.575036
0.575049
0.575076
0.575119
0.575134
0.575163
0.575188
0.575199
0.57521
0.575219
0.575238
0.575248
0.575294
0.575294
0.575304
0.575323
0.575331
0.575346
0.575354
0.575367
0.57539
0.575395
0.575398
0.575399
0.575398
0.575396
0.575393
0.575387
0.575383
0.575391
0.575396
0.575403
0.575416
0.575421
0.575421
0.575426
0.575411
0.575403
0.575394
0.575375
0.575365
0.575355
0.575346
0.575337
0.575328
0.575289
0.575279
0.575268
0.575246
0.575236
0.575225
0.575214
0.57519
0.57512
0.575107
0.575082
0.575071
0.575049
0.575038
0.575026
0.575013
0.574985
0.574938
0.574921
0.574887
0.57487
0.574853
0.574835
0.574799
0.57478
0.574659
0.574639
0.574621
0.574603
0.574585
0.574567
0.574529
0.574508
0.574376
0.574356
0.574319
0.574302
0.574269
0.574252
0.574217
0.574158
0.574136
0.574114
0.57407
0.574048
0.574027
0.573985
0.573963
0.573842
0.573816
0.57379
0.573765
0.573718
0.573695
0.573672
0.573627
0.573511
0.573489
0.573447
0.573426
0.573385
0.573363
0.573341
0.573297
0.573253
0.573207
0.573184
0.573161
0.573139
0.573117
0.573095
0.57305
0.573027
0.572934
0.572911
0.572887
0.572842
0.572819
0.572774
0.572752
0.572752
0.572707
0.572619
0.572598
0.572559
0.572541
0.572525
0.572498
0.572486
0.572475
0.572414
0.572399
0.572384
0.572354
0.572341
0.572329
0.572307
0.572297
0.572286
0.572242
0.572231
0.57221
0.57221
0.572201
0.572193
0.572181
0.572176
0.572172
0.572151
0.572147
0.572141
0.57214
0.57214
0.57214
0.572144
0.572149
0.572163
0.572165
0.572167
0.572166
0.572166
0.572166
0.572167
0.572198
0.572208
0.572218
0.572237
0.572245
0.572258
0.572264
0.57227
0.572302
0.572313
0.572335
0.572346
0.572357
0.572379
0.572391
0.572404
0.572417
0.57249
0.57249
0.572537
0.572552
0.572565
0.572579
0.572606
0.572621
0.572636
0.572707
0.572727
0.572747
0.572767
0.572788
0.57281
0.572854
0.572877
0.572991
0.573014
0.573036
0.573076
0.573096
0.573136
0.573157
0.573157
0.573272
0.573321
0.573344
0.573344
0.573389
0.573433
0.573456
0.573504
0.573631
0.573631
0.573656
0.57368
0.573727
0.573751
0.573775
0.573823
0.573848
0.573957
0.573984
0.574012
0.574064
0.574064
0.574089
0.574139
0.574188
0.57432
0.57432
0.574347
0.574397
0.574422
0.574446
0.574493
0.574516
0.57454
0.574637
0.574684
0.574707
0.574707
0.574729
0.574772
0.574794
0.574839
0.574932
0.574977
0.57502
0.575039
0.575058
0.575075
0.575111
0.575146
0.575234
0.575265
0.57528
0.575292
0.575304
0.575323
0.575369
0.575379
0.575389
0.575398
0.575408
0.575431
0.575443
0.575455
0.57552
0.575533
0.575544
0.575562
0.575562
0.575571
0.575574
0.575575
0.57559
0.575596
0.575602
0.575608
0.575608
0.575616
0.575618
0.575617
0.575614
0.575601
0.575593
0.575592
0.575591
0.575593
0.575595
0.575597
0.575599
0.575599
0.575577
0.575566
0.575555
0.575543
0.575517
0.575504
0.575476
0.575461
0.575461
0.575397
0.575382
0.575353
0.575328
0.575315
0.57529
0.575277
0.575263
0.575215
0.57518
0.575163
0.575146
0.575129
0.575098
0.575065
0.575065
0.57503
0.574949
0.574904
0.574859
0.574837
0.574796
0.574796
0.574755
0.57467
0.574648
0.574627
0.574585
0.574564
0.574521
0.574499
0.574476
0.574379
0.574354
0.574328
0.574279
0.574255
0.574206
0.574181
0.574129
0.57405
0.574023
0.573972
0.573924
0.573877
0.573853
0.573829
0.573804
0.573699
0.573642
0.573614
0.573587
0.57356
0.573533
0.573508
0.573482
0.573431
0.573348
0.573291
0.573262
0.573233
0.573175
0.573147
0.573119
0.573091
0.573064
0.572954
0.572926
0.572899
0.572847
0.572821
0.572796
0.572771
0.572721
0.572697
0.572623
0.572599
0.57255
0.572504
0.572481
0.572437
0.572416
0.572396
0.572396
0.572271
0.572256
0.572242
0.57223
0.572209
0.572209
0.572139
0.572128
0.572106
0.572095
0.572095
0.572074
0.572056
0.572019
0.571995
0.57199
0.571983
0.571981
0.571976
0.571973
0.57195
0.571939
0.571939
0.571931
0.571933
0.571935
0.571939
0.571943
0.571968
0.571971
0.571971
0.571969
0.571964
0.571961
0.571959
0.571965
0.57198
0.57199
0.572001
0.572036
0.572048
0.57206
0.572071
0.572083
0.57213
0.572143
0.572169
0.572195
0.572221
0.572221
0.572249
0.572308
0.572323
0.572352
0.572378
0.572378
0.572403
0.572403
0.572443
0.572443
0.572516
0.572537
0.572559
0.572603
0.572625
0.572648
0.57267
0.572717
0.572817
0.572869
0.572895
0.572921
0.572945
0.572968
0.572991
0.573062
0.573087
0.573166
0.573194
0.573277
0.573305
0.573334
0.573362
0.573416
0.573549
0.573575
0.573649
0.573672
0.573696
0.573719
0.573766
0.573866
0.573891
0.573915
0.573983
0.574006
0.574052
0.574075
0.574099
0.574179
0.574235
0.574262
0.574314
0.574339
0.574364
0.57439
0.574441
0.574522
0.574551
0.574551
0.574669
0.574697
0.574726
0.574753
0.574807
0.574834
0.574914
0.574967
0.574993
0.575018
0.575044
0.575069
0.575093
0.575143
0.575168
0.575266
0.575289
0.575311
0.575331
0.575369
0.575406
0.575425
0.575444
0.575464
0.575539
0.575557
0.575592
0.575608
0.575623
0.575638
0.575652
0.575677
0.575729
0.575738
0.575746
0.575758
0.575768
0.575773
0.575778
0.57579
0.575806
0.575811
0.575814
0.575817
0.575817
0.575807
0.575802
0.575791
0.575781
0.575786
0.575791
0.575796
0.575805
0.575805
0.575809
0.575813
0.575813
0.575791
0.575781
0.575769
0.575742
0.575728
0.575698
0.575698
0.575682
0.575594
0.575576
0.575542
0.575526
0.575512
0.575498
0.575471
0.575456
0.575372
0.575353
0.575335
0.5753
0.575267
0.57525
0.5752
0.575151
0.575134
0.575099
0.575082
0.575046
0.575027
0.574987
0.574966
0.574872
0.574847
0.574821
0.574772
0.574748
0.574724
0.574677
0.574652
0.574628
0.574519
0.57449
0.574461
0.574432
0.574373
0.574343
0.574313
0.574253
0.574223
0.574129
0.574098
0.574067
0.574007
0.573977
0.573914
0.573882
0.573849
0.573714
0.573681
0.573649
0.573561
0.573533
0.573505
0.573477
0.57342
0.5733
0.573269
0.573239
0.573211
0.573184
0.57313
0.573103
0.573076
0.57302
0.572933
0.572874
0.572845
0.572817
0.572788
0.572731
0.572702
0.572673
0.572643
0.572526
0.572497
0.572468
0.572412
0.572386
0.57236
0.572335
0.572286
0.572193
0.572152
0.572133
0.5721
0.572085
0.572071
0.572056
0.572042
0.571967
0.571952
0.571937
0.571924
0.571911
0.571885
0.571872
0.571846
0.571834
0.571801
0.571784
0.571777
0.571777
0.571773
0.571768
0.571766
0.571763
0.571761
0.571746
0.571737
0.571734
0.571733
0.571733
0.571735
0.571743
0.571748
0.571773
0.571781
0.571796
0.571803
0.57181
0.571825
0.571834
0.571844
0.571889
0.57191
0.57192
0.571929
0.571945
0.571953
0.571962
0.571972
0.571984
0.572046
0.572065
0.572083
0.57212
0.572139
0.572176
0.572196
0.572217
0.572308
0.572331
0.572375
0.572396
0.572416
0.572437
0.572478
0.572501
0.572547
0.572645
0.57267
0.572694
0.572742
0.572765
0.572789
0.572812
0.572862
0.572971
0.573
0.573058
0.573087
0.573116
0.573145
0.573174
0.573202
0.573383
0.573414
0.573475
0.573506
0.573536
0.573594
0.573623
0.573623
0.573771
0.573801
0.57383
0.573859
0.573916
0.573946
0.573976
0.574039
0.574071
0.574208
0.574242
0.574277
0.57431
0.574343
0.574376
0.574439
0.574504
0.574633
0.574696
0.574727
0.574756
0.574785
0.574813
0.574841
0.574869
0.574925
0.575041
0.575069
0.575097
0.575151
0.575178
0.575204
0.575204
0.575256
0.575387
0.575413
0.575437
0.575481
0.575501
0.575522
0.575542
0.575581
0.575601
0.57566
0.575679
0.575699
0.575737
0.575755
0.575788
0.575805
0.575821
0.575893
0.575905
0.575916
0.575932
0.575938
0.575949
0.575954
0.575954
0.575988
0.575996
0.576003
0.576018
0.576018
0.576019
0.576019
0.576008
0.575985
0.57598
0.575975
0.575971
0.575972
0.575973
0.575976
0.575979
0.575983
0.57599
0.575988
0.575977
0.575968
0.575956
0.575927
0.575911
0.575895
0.575804
0.575787
0.575771
0.57574
0.575726
0.575711
0.575696
0.575662
0.575643
0.575582
0.575539
0.575539
0.575497
0.575476
0.575435
0.575414
0.575393
0.575371
0.575244
0.575216
0.575188
0.57516
0.575133
0.575079
0.575053
0.575025
0.574882
0.574852
0.574793
0.574765
0.574737
0.574711
0.574684
0.57463
0.574515
0.574453
0.574422
0.574392
0.574392
0.574302
0.574302
0.574243
0.574213
0.574052
0.574018
0.574018
0.573985
0.573952
0.573886
0.573853
0.573787
0.573648
0.573613
0.573546
0.573513
0.57348
0.573447
0.573382
0.573349
0.573316
0.573178
0.573109
0.573076
0.573043
0.573011
0.57298
0.572948
0.572917
0.572727
0.572694
0.572662
0.5726
0.572569
0.572539
0.57251
0.572454
0.572342
0.572313
0.572286
0.572235
0.572211
0.572145
0.572123
0.572123
0.572018
0.571998
0.571998
0.571959
0.571942
0.57191
0.571895
0.571881
0.5718
0.571784
0.571767
0.571736
0.571708
0.571695
0.571671
0.571628
0.571609
0.571593
0.571593
0.571583
0.57158
0.571577
0.571575
0.571553
0.571547
0.571535
0.571529
0.57152
0.571517
0.571517
0.571535
0.571549
0.571556
0.571556
0.571571
0.571578
0.571586
0.571594
0.571601
0.571649
0.571658
0.571675
0.571689
0.571696
0.571704
0.571723
0.571734
0.571791
0.571806
0.571822
0.571837
0.571852
0.571884
0.571918
0.571955
0.572034
0.572055
0.572055
0.572119
0.572139
0.572139
0.572181
0.572203
0.572225
0.572323
0.572376
0.572376
0.572403
0.572429
0.572481
0.572508
0.572563
0.572683
0.572776
0.572776
0.572834
0.572863
0.57292
0.572948
0.572977
0.573093
0.573156
0.573218
0.573248
0.573278
0.573336
0.573365
0.573365
0.573511
0.573574
0.573605
0.573637
0.573669
0.573702
0.573735
0.573768
0.573837
0.573979
0.574015
0.574052
0.574124
0.574159
0.574231
0.574266
0.574303
0.574451
0.574488
0.574524
0.574593
0.574627
0.574692
0.574725
0.574757
0.574922
0.574922
0.574989
0.575021
0.575052
0.575082
0.575111
0.57517
0.575319
0.575349
0.575378
0.575432
0.575459
0.575485
0.57551
0.575535
0.575583
0.575656
0.57568
0.575727
0.57575
0.575771
0.575793
0.575814
0.575855
0.575875
0.575956
0.575976
0.575996
0.576033
0.57605
0.576079
0.576079
0.576091
0.576102
0.576145
0.576155
0.576172
0.57618
0.576187
0.5762
0.576206
0.576213
0.576211
0.576205
0.576201
0.576198
0.576196
0.576195
0.576195
0.576196
0.576195
0.576189
0.576176
0.576167
0.576148
0.576137
0.576116
0.576105
0.576081
0.576029
0.576
0.575974
0.575962
0.575951
0.57594
0.575916
0.575861
0.575846
0.575816
0.5758
0.575748
0.575729
0.575709
0.575689
0.575605
0.575583
0.575562
0.57554
0.575498
0.575452
0.575428
0.575403
0.575377
0.575292
0.575262
0.575232
0.575173
0.575143
0.575143
0.575085
0.575055
0.575025
0.574858
0.574823
0.574754
0.574754
0.574721
0.574653
0.574653
0.574548
0.574363
0.574325
0.574325
0.57425
0.574214
0.574179
0.574109
0.574074
0.573895
0.573859
0.573823
0.573753
0.573719
0.573685
0.57365
0.573615
0.57344
0.573404
0.573369
0.573299
0.573228
0.573193
0.573158
0.573089
0.572954
0.572922
0.572891
0.572862
0.572834
0.572778
0.57275
0.572721
0.572691
0.572561
0.572527
0.572461
0.572429
0.572397
0.572334
0.572302
0.57227
0.572238
0.572138
0.572072
0.572009
0.57198
0.571926
0.5719
0.571875
0.57185
0.571753
0.57173
0.571686
0.571686
0.571647
0.571628
0.571594
0.571577
0.571509
0.571492
0.571461
0.571447
0.571426
0.571418
0.571407
0.571404
0.571386
0.571381
0.571369
0.571363
0.571357
0.571347
0.571347
0.571343
0.571341
0.571349
0.571353
0.571361
0.571365
0.571369
0.571379
0.571392
0.571399
0.571433
0.571453
0.571463
0.571472
0.571482
0.571492
0.571511
0.571521
0.571582
0.571597
0.571613
0.571644
0.571659
0.571689
0.571689
0.571722
0.571798
0.571818
0.571839
0.571881
0.571902
0.571924
0.571946
0.571991
0.572015
0.572117
0.572144
0.572171
0.572225
0.572252
0.57228
0.572308
0.572366
0.57249
0.572523
0.572555
0.572587
0.572648
0.572679
0.57274
0.572771
0.572803
0.572905
0.57294
0.572976
0.573047
0.573083
0.573154
0.57319
0.573227
0.573265
0.57342
0.573503
0.573544
0.573544
0.573584
0.573664
0.573702
0.573778
0.573974
0.574013
0.574052
0.574127
0.574163
0.574163
0.574199
0.574306
0.574452
0.574526
0.5746
0.574636
0.574672
0.574743
0.574743
0.574777
0.574847
0.574983
0.575016
0.575049
0.575049
0.575179
0.575244
0.575276
0.575276
0.575406
0.575468
0.575498
0.575498
0.575527
0.575583
0.575611
0.575639
0.575695
0.575809
0.575809
0.575864
0.57589
0.575915
0.575939
0.575964
0.576013
0.576038
0.576112
0.576157
0.576178
0.576215
0.576232
0.576263
0.576278
0.576291
0.57634
0.576352
0.576373
0.576381
0.576387
0.576394
0.576396
0.576396
0.576401
0.576403
0.576408
0.576408
0.576406
0.576404
0.576402
0.576395
0.576379
0.576358
0.576353
0.576344
0.576341
0.576338
0.576335
0.576331
0.576327
0.576274
0.576241
0.576223
0.576206
0.576188
0.576171
0.576154
0.576102
0.576044
0.576024
0.575984
0.575965
0.575945
0.575925
0.575905
0.575883
0.575862
0.575741
0.575714
0.575687
0.57566
0.575633
0.575577
0.575549
0.57552
0.575491
0.575367
0.575334
0.575237
0.575204
0.575139
0.575106
0.575106
0.57504
0.574869
0.574834
0.574799
0.574732
0.574699
0.574667
0.574634
0.574565
0.57453
0.574418
0.57438
0.574342
0.574269
0.574232
0.574195
0.574119
0.57408
0.574041
0.574
0.573876
0.57379
0.573748
0.573706
0.573625
0.573584
0.573502
0.57346
0.57346
0.573285
0.57324
0.573194
0.573105
0.573061
0.573017
0.572974
0.572849
0.572684
0.572644
0.572569
0.5725
0.572467
0.572434
0.57237
0.572339
0.572244
0.572212
0.572181
0.572119
0.572088
0.572057
0.572027
0.571967
0.571815
0.571815
0.571786
0.571709
0.571686
0.571665
0.571644
0.571624
0.571582
0.571515
0.571469
0.571469
0.571446
0.571424
0.571381
0.571361
0.571341
0.571305
0.571224
0.571202
0.571194
0.571188
0.571185
0.571184
0.571185
0.571186
0.571191
0.571188
0.571184
0.57118
0.571168
0.571162
0.571155
0.57115
0.571144
0.571138
0.571141
0.571147
0.571155
0.571175
0.571187
0.571201
0.571215
0.571246
0.571297
0.571314
0.571331
0.571362
0.571377
0.571392
0.571424
0.571459
0.57154
0.571562
0.571583
0.571603
0.571623
0.571662
0.571683
0.571727
0.571822
0.571873
0.571898
0.571923
0.571975
0.572001
0.572028
0.572054
0.572196
0.572227
0.572258
0.572288
0.572347
0.572376
0.572405
0.572436
0.572466
0.572599
0.572635
0.572672
0.572745
0.572783
0.572857
0.572895
0.572932
0.572971
0.573009
0.573212
0.573254
0.573339
0.573381
0.573466
0.573507
0.573549
0.57359
0.573713
0.573754
0.573795
0.573878
0.57396
0.574001
0.574043
0.574085
0.574127
0.574298
0.574383
0.574424
0.574505
0.574545
0.574585
0.574666
0.574826
0.574904
0.574941
0.575011
0.575045
0.575078
0.575111
0.575144
0.575177
0.575351
0.575423
0.575458
0.575523
0.575554
0.575584
0.575613
0.575643
0.575673
0.575798
0.57583
0.575861
0.575922
0.575952
0.57598
0.576008
0.576062
0.576089
0.576168
0.576195
0.576221
0.576272
0.576296
0.576342
0.576364
0.576407
0.576477
0.576491
0.576504
0.576525
0.576541
0.576541
0.576549
0.576557
0.576575
0.576601
0.576615
0.576619
0.576621
0.576621
0.576615
0.576611
0.576606
0.5766
0.57658
0.576575
0.576569
0.57656
0.576555
0.576543
0.576536
0.576528
0.576484
0.576471
0.576456
0.576427
0.576412
0.576384
0.57637
0.576355
0.576324
0.576248
0.576227
0.576206
0.576139
0.576117
0.576071
0.576048
0.575939
0.575917
0.575896
0.575875
0.575833
0.575811
0.575789
0.575765
0.575714
0.575598
0.575567
0.575536
0.575504
0.575442
0.575378
0.575378
0.57531
0.575164
0.575126
0.575088
0.57505
0.574977
0.57494
0.574868
0.574832
0.574794
0.574641
0.574602
0.574562
0.574483
0.574483
0.574402
0.574361
0.57432
0.574105
0.574061
0.574017
0.573932
0.573891
0.57381
0.57377
0.57373
0.573563
0.573521
0.573439
0.573399
0.57332
0.57328
0.57324
0.57316
0.572998
0.572958
0.572879
0.572803
0.572766
0.572729
0.572659
0.572624
0.57248
0.57248
0.572444
0.572407
0.572334
0.572297
0.57226
0.572186
0.572149
0.572
0.571962
0.571925
0.571889
0.571854
0.571787
0.571753
0.571688
0.571561
0.57153
0.571471
0.571443
0.571418
0.571393
0.571347
0.571324
0.571301
0.571257
0.571191
0.571169
0.571147
0.571126
0.571107
0.571073
0.571059
0.571045
0.571032
0.570988
0.570978
0.570963
0.570957
0.570953
0.570947
0.570944
0.570939
0.570938
0.570945
0.570949
0.570954
0.570959
0.570971
0.570977
0.570983
0.570996
0.571024
0.571047
0.571059
0.571072
0.571085
0.571112
0.571112
0.571126
0.571141
0.571173
0.571245
0.571285
0.571325
0.571344
0.571364
0.571383
0.571403
0.571534
0.571557
0.571579
0.5716
0.57164
0.57166
0.57168
0.571723
0.571747
0.571829
0.57186
0.571892
0.571958
0.571992
0.572062
0.572133
0.57217
0.572281
0.572356
0.572394
0.57243
0.572467
0.57254
0.572578
0.572654
0.572692
0.572814
0.572855
0.572897
0.57298
0.573022
0.573107
0.573151
0.573239
0.573417
0.573461
0.573503
0.573545
0.573585
0.573665
0.573706
0.573747
0.573789
0.573967
0.574015
0.574062
0.574157
0.574204
0.57425
0.574339
0.574382
0.574644
0.574687
0.574729
0.574813
0.574855
0.574896
0.575013
0.575125
0.575161
0.575232
0.575266
0.5753
0.575334
0.575368
0.575402
0.575437
0.575615
0.575615
0.575651
0.575723
0.575759
0.57583
0.575865
0.575901
0.575937
0.576079
0.576114
0.576182
0.576182
0.576215
0.576276
0.576304
0.576332
0.576385
0.57649
0.576514
0.576514
0.57656
0.5766
0.576619
0.576637
0.576669
0.576743
0.576754
0.576764
0.576771
0.576781
0.576784
0.576788
0.576789
0.576808
0.576813
0.576813
0.576818
0.576825
0.576826
0.576822
0.576816
0.576809
0.576772
0.576761
0.57674
0.57673
0.576721
0.576711
0.576701
0.576677
0.576663
0.576616
0.576583
0.576566
0.576549
0.576514
0.576497
0.576497
0.57646
0.57644
0.576343
0.576316
0.576288
0.57626
0.576233
0.576151
0.576124
0.576097
0.575982
0.575952
0.575891
0.575861
0.575831
0.575774
0.575746
0.575689
0.575529
0.575529
0.575495
0.575429
0.575395
0.575361
0.575326
0.575253
0.5751
0.575019
0.575019
0.574897
0.574858
0.574818
0.574779
0.574738
0.574697
0.57453
0.574487
0.574399
0.574399
0.574311
0.574222
0.574176
0.574131
0.574085
0.573894
0.573846
0.573753
0.573707
0.573661
0.573616
0.573524
0.573477
0.573285
0.573237
0.57319
0.5731
0.573056
0.573012
0.572969
0.572927
0.572883
0.572662
0.572617
0.572572
0.572529
0.572444
0.572361
0.57232
0.572279
0.572078
0.572078
0.572038
0.571959
0.571922
0.571849
0.571813
0.571743
0.571605
0.57154
0.57154
0.571481
0.571453
0.571453
0.571397
0.571341
0.571313
0.5712
0.571172
0.571144
0.571092
0.571067
0.571043
0.57102
0.570998
0.570977
0.570898
0.570865
0.570851
0.570839
0.570827
0.570807
0.570797
0.570786
0.570776
0.570739
0.570738
0.570742
0.570747
0.570758
0.570764
0.570769
0.570773
0.570782
0.570783
0.570786
0.570794
0.570801
0.570819
0.57083
0.570856
0.570901
0.570916
0.570943
0.570956
0.570982
0.570995
0.57101
0.571043
0.571043
0.571121
0.571144
0.571166
0.571188
0.571234
0.571257
0.571281
0.571331
0.571472
0.571501
0.571531
0.571561
0.571591
0.571621
0.571651
0.571746
0.571881
0.571915
0.571948
0.572011
0.572042
0.572104
0.572136
0.572169
0.57231
0.572384
0.572422
0.57246
0.572498
0.572576
0.572654
0.572694
0.572863
0.572906
0.572949
0.572991
0.573033
0.573117
0.57316
0.573247
0.573291
0.573426
0.573472
0.573518
0.57361
0.573656
0.573703
0.57375
0.573845
0.573894
0.574093
0.574143
0.574244
0.574294
0.574343
0.574442
0.574442
0.574542
0.574794
0.574794
0.574842
0.574934
0.574977
0.575064
0.575107
0.575149
0.575367
0.575367
0.575452
0.575531
0.575569
0.575606
0.575643
0.57568
0.575867
0.575905
0.57598
0.576053
0.576089
0.576125
0.57616
0.576194
0.576228
0.576362
0.576394
0.576426
0.576514
0.576541
0.576569
0.576621
0.576621
0.576646
0.576741
0.576763
0.576804
0.576823
0.576856
0.576856
0.576901
0.576915
0.576952
0.576963
0.576982
0.576988
0.576993
0.576996
0.576996
0.576995
0.576994
0.576991
0.576992
0.576994
0.576995
0.576995
0.576993
0.57699
0.576971
0.576928
0.576916
0.576904
0.576893
0.576869
0.576856
0.576856
0.576828
0.576813
0.576743
0.576725
0.576706
0.576669
0.57665
0.57663
0.576587
0.576564
0.576462
0.576434
0.576407
0.576352
0.576325
0.576272
0.576245
0.576186
0.57606
0.576027
0.575996
0.575965
0.575905
0.575845
0.575813
0.57578
0.57578
0.575636
0.575554
0.575512
0.57547
0.575428
0.575344
0.575302
0.575259
0.575216
0.575034
0.574987
0.574939
0.574892
0.574798
0.574751
0.574703
0.574608
0.57456
0.574412
0.574362
0.57431
0.574207
0.574155
0.57405
0.573997
0.573945
0.573841
0.573686
0.573635
0.573584
0.573534
0.573434
0.573384
0.573284
0.573233
0.573182
0.573027
0.572975
0.572873
0.572824
0.572775
0.572727
0.572631
0.572582
0.572485
0.572287
0.572239
0.572192
0.572146
0.572057
0.572014
0.571929
