0.581577
0.581579
0.581581
0.581582
0.581584
0.581586
0.58159
0.581591
0.581585
0.581581
0.581576
0.581569
0.581567
0.581566
0.581567
0.58157
0.581573
0.581593
0.581596
0.581597
0.581597
0.581596
0.581594
0.581589
0.581587
0.581585
0.581585
0.581589
0.58159
0.58159
0.581588
0.581586
0.581583
0.581581
0.581578
0.581589
0.581594
0.581598
0.581602
0.581602
0.5816
0.581596
0.58159
0.581582
0.581549
0.581538
0.581536
0.581536
0.581538
0.581544
0.581559
0.581559
0.581608
0.581611
0.581612
0.581606
0.5816
0.581592
0.581575
0.581567
0.581553
0.581545
0.581551
0.581555
0.58156
0.58157
0.581573
0.581575
0.581573
0.581542
0.581534
0.581528
0.581522
0.581518
0.581518
0.581521
0.581529
0.58155
0.58155
0.581549
0.581547
0.581541
0.581537
0.581528
0.581525
0.581515
0.581513
0.581512
0.581513
0.581517
0.581519
0.581521
0.581523
0.581523
0.581524
0.581523
0.581522
0.581522
0.581521
0.581519
0.581517
0.58151
0.581505
0.581486
0.581486
0.581492
0.581497
0.581501
0.581505
0.581511
0.58151
0.581501
0.581497
0.581494
0.581492
0.581493
0.581497
0.581501
0.581503
0.581503
0.581499
0.581496
0.581492
0.581489
0.581486
0.581485
0.581485
0.581487
0.58149
0.58149
0.581488
0.581486
0.58148
0.581478
0.581476
0.581475
0.581491
0.581497
0.581503
0.581509
0.581519
0.581522
0.581524
0.581522
0.581506
0.581504
0.581504
0.581506
0.581509
0.581512
0.581515
0.581519
0.581518
0.581507
0.581504
0.581501
0.581501
0.581499
0.581501
0.581504
0.581516
0.581548
0.581551
0.581552
0.58155
0.581543
0.581543
0.581528
0.581524
0.581526
0.581531
0.581545
0.581553
0.581568
0.581575
0.581581
0.581585
0.58159
0.581587
0.581586
0.581586
0.581586
0.581587
0.581589
0.581591
0.581592
0.581594
0.581611
0.581624
0.581629
0.581637
0.581638
0.581634
0.581634
0.581625
0.581614
0.581604
0.581607
0.581618
0.581626
0.581644
0.581653
0.581662
0.581671
0.581695
0.581695
0.581691
0.581688
0.581684
0.581679
0.581672
0.581669
0.581673
0.581678
0.581684
0.581699
0.581707
0.581715
0.581722
0.581731
0.581733
0.581728
0.581721
0.581718
0.581716
0.581715
0.58172
0.581725
0.581738
0.581767
0.581769
0.581769
0.581767
0.581764
0.581757
0.581754
0.581756
0.581756
0.581763
0.581764
0.581763
0.58176
0.581751
0.581746
0.581737
0.581734
0.581741
0.581741
0.581754
0.581762
0.58178
0.581784
0.581785
0.581765
0.581758
0.581743
0.581736
0.58173
0.581725
0.581722
0.58172
0.581736
0.581741
0.581748
0.581753
0.581759
0.581768
0.581764
0.581736
0.581727
0.581719
0.581705
0.581701
0.581699
0.581702
0.581707
0.581741
0.581746
0.581746
0.581749
0.581746
0.581733
0.581733
0.581725
0.581707
0.581679
0.581675
0.581676
0.581678
0.581682
0.581683
0.581683
0.581662
0.581662
0.581654
0.58164
0.581627
0.581622
0.581617
0.581616
0.581617
0.581621
0.581621
0.581619
0.581615
0.581611
0.581598
0.581583
0.581576
0.581553
0.581549
0.581548
0.581548
0.581549
0.581549
0.581549
0.581548
0.581545
0.581524
0.581517
0.58151
0.581497
0.581492
0.581487
0.581482
0.581474
0.581458
0.581456
0.581456
0.581457
0.581457
0.581457
0.581456
0.581451
0.581433
0.581418
0.581411
0.581404
0.581398
0.58139
0.58139
0.581387
0.581392
0.581392
0.581392
0.581386
0.581386
0.581369
0.581361
0.581329
0.581326
0.581326
0.581331
0.581343
0.58135
0.58137
0.581379
0.581365
0.581357
0.581348
0.581338
0.581328
0.581311
0.581304
0.581297
0.581301
0.581304
0.581309
0.58131
0.58131
0.581304
0.5813
0.581295
0.58129
0.581279
0.581282
0.581286
0.581297
0.581297
0.581303
0.58131
0.581322
0.581322
0.581316
0.581311
0.581307
0.581303
0.581299
0.581297
0.581297
0.581303
0.581323
0.581331
0.581334
0.581334
0.581333
0.58133
0.581327
0.58132
0.581312
0.581313
0.581316
0.58133
0.581337
0.581353
0.58136
0.581368
0.581386
0.581386
0.581388
0.58139
0.581392
0.581394
0.581398
0.581411
0.581421
0.581426
0.581431
0.581435
0.581447
0.581454
0.58146
0.581474
0.581484
0.58149
0.581491
0.581487
0.581484
0.581481
0.581477
0.581473
0.581498
0.581509
0.581521
0.581559
0.581571
0.581591
0.581606
0.581602
0.581591
0.581585
0.581578
0.581571
0.581565
0.58156
0.581565
0.581573
0.581583
0.581608
0.581622
0.581649
0.581673
0.581713
0.581717
0.58172
0.581721
0.58172
0.581719
0.581717
0.581714
0.581717
0.581722
0.581729
0.581747
0.581758
0.58177
0.581794
0.581805
0.581839
0.581841
0.581842
0.581842
0.581841
0.581839
0.581839
0.581844
0.581869
0.581876
0.581889
0.581895
0.581901
0.581911
0.581915
0.581919
0.581926
0.581926
0.581923
0.581919
0.581916
0.58191
0.58191
0.581909
0.581909
0.581939
0.581948
0.581964
0.581971
0.581976
0.58198
0.58198
0.581977
0.58195
0.581945
0.581938
0.581938
0.581936
0.581936
0.581941
0.581952
0.581989
0.581996
0.582003
0.582004
0.581999
0.581994
0.581987
0.581978
0.581931
0.581924
0.581916
0.581916
0.581918
0.581922
0.581932
0.581943
0.581953
0.581953
0.581952
0.581943
0.581936
0.581921
0.581912
0.581904
0.581868
0.581863
0.58186
0.581859
0.58186
0.581862
0.581864
0.581868
0.581864
0.581845
0.581836
0.581826
0.581815
0.581793
0.581783
0.581773
0.581764
0.581734
0.581728
0.581723
0.581716
0.581714
0.581707
0.581703
0.581689
0.581653
0.581653
0.581637
0.581627
0.581625
0.581625
0.581625
0.581627
0.581628
0.581623
0.581623
0.581611
0.581602
0.581582
0.58157
0.581558
0.581547
0.58149
0.58147
0.581463
0.581463
0.581451
0.58145
0.58145
0.581436
0.581429
0.581411
0.581402
0.581382
0.581382
0.581362
0.581327
0.581324
0.581323
0.581323
0.581325
0.581327
0.58133
0.581331
0.581329
0.581303
0.581293
0.581281
0.58127
0.581247
0.581217
0.58121
0.581205
0.581195
0.581192
0.581191
0.581188
0.581187
0.581183
0.58118
0.581171
0.581144
0.581138
0.58113
0.58113
0.581128
0.581131
0.581137
0.581139
0.581143
0.581142
0.581135
0.58113
0.581124
0.581112
0.581106
0.581097
0.581094
0.581099
0.581105
0.581107
0.581108
0.581107
0.581103
0.581095
0.581095
0.581096
0.581098
0.581101
0.581104
0.581108
0.58111
0.581109
0.5811
0.581098
0.581097
0.581099
0.581108
0.581114
0.58112
0.581135
0.581162
0.581166
0.58117
0.58117
0.581169
0.581168
0.581167
0.581169
0.581197
0.581204
0.581218
0.581223
0.581229
0.581234
0.581246
0.581253
0.581261
0.581281
0.581291
0.581295
0.581299
0.581301
0.581302
0.581305
0.581313
0.581359
0.581369
0.581378
0.581386
0.581393
0.581399
0.581412
0.581419
0.581426
0.581463
0.581463
0.581473
0.581493
0.581501
0.581508
0.581515
0.581527
0.581534
0.58157
0.581592
0.581603
0.581614
0.581625
0.581635
0.581644
0.581662
0.581669
0.5817
0.581708
0.581728
0.581735
0.581748
0.581756
0.581772
0.581796
0.581803
0.58181
0.581822
0.581826
0.581831
0.581836
0.581848
0.581856
0.581905
0.581905
0.581923
0.58193
0.581935
0.581941
0.581943
0.581948
0.581952
0.581956
0.581969
0.581976
0.581993
0.582002
0.582019
0.582045
0.582053
0.582066
0.58207
0.582073
0.582077
0.58208
0.582086
0.582106
0.582114
0.582114
0.582117
0.582118
0.582119
0.582119
0.582119
0.582132
0.582142
0.582147
0.582155
0.582158
0.58216
0.58216
0.582165
0.582167
0.582169
0.582171
0.58217
0.582168
0.582166
0.58216
0.582157
0.582158
0.58216
0.582163
0.582164
0.582165
0.582166
0.582165
0.58214
0.582134
0.582127
0.582116
0.582111
0.582108
0.582108
0.582108
0.582113
0.58211
0.582106
0.582101
0.582088
0.58208
0.582072
0.582064
0.582046
0.582018
0.582009
0.581987
0.581983
0.58198
0.581981
0.581984
0.581982
0.581979
0.581973
0.581959
0.581959
0.58194
0.581929
0.581907
0.581872
0.581849
0.581838
0.581818
0.581809
0.581801
0.581793
0.581777
0.581769
0.581742
0.581732
0.581712
0.581703
0.581694
0.581677
0.581668
0.581659
0.581639
0.581608
0.581586
0.581586
0.581576
0.581566
0.581545
0.581523
0.581501
0.581461
0.581451
0.581433
0.581426
0.581419
0.581405
0.581397
0.581353
0.581344
0.581331
0.581326
0.581321
0.581311
0.581305
0.581298
0.581259
0.581248
0.581228
0.58122
0.581212
0.581198
0.581191
0.581176
0.581149
0.581131
0.581123
0.581117
0.581112
0.581105
0.581103
0.581097
0.581079
0.581062
0.581043
0.581033
0.581024
0.581006
0.580997
0.580988
0.580954
0.580954
0.580957
0.580961
0.580971
0.580975
0.580979
0.580975
0.580975
0.580962
0.580954
0.580935
0.580917
0.580909
0.580889
0.580888
0.580892
0.580896
0.5809
0.580909
0.580913
0.580916
0.580905
0.580899
0.580886
0.580881
0.580878
0.580876
0.580876
0.580878
0.580889
0.580915
0.580931
0.580938
0.580947
0.580948
0.580948
0.580948
0.580945
0.580943
0.580942
0.580945
0.580949
0.580956
0.580963
0.580971
0.580988
0.581007
0.581044
0.581058
0.581063
0.581066
0.581068
0.581068
0.581068
0.581068
0.581085
0.581095
0.581108
0.581136
0.581151
0.581181
0.581181
0.581195
0.581255
0.581264
0.581273
0.58128
0.581291
0.581303
0.581309
0.581325
0.581366
0.581377
0.581387
0.581406
0.581416
0.581437
0.581448
0.58147
0.581516
0.581526
0.581536
0.581554
0.581562
0.581578
0.581587
0.581605
0.581641
0.581654
0.581668
0.581694
0.581706
0.581726
0.581726
0.581745
0.581754
0.58181
0.58181
0.581822
0.581835
0.581848
0.581883
0.581894
0.581906
0.581947
0.581958
0.581977
0.581985
0.581993
0.582005
0.58201
0.582022
0.582028
0.582063
0.582074
0.582074
0.582094
0.582104
0.582126
0.582138
0.582149
0.582199
0.582206
0.582212
0.582219
0.58222
0.582221
0.582222
0.582226
0.582252
0.582271
0.582281
0.582298
0.582305
0.58231
0.582315
0.582318
0.582331
0.582334
0.582336
0.582339
0.58234
0.582341
0.582342
0.58236
0.582368
0.582372
0.582375
0.582376
0.582374
0.582372
0.582368
0.58236
0.582349
0.582348
0.582349
0.582354
0.582358
0.582364
0.582375
0.582379
0.582385
0.582377
0.582362
0.582352
0.582352
0.582331
0.58232
0.582309
0.58229
0.582281
0.582246
0.582241
0.582237
0.582234
0.582232
0.582229
0.582223
0.582219
0.582189
0.582178
0.582158
0.582148
0.582138
0.582113
0.582105
0.582097
0.58206
0.58205
0.58204
0.582022
0.582014
0.581997
0.581988
0.581968
0.581925
0.581925
0.581915
0.581897
0.581887
0.581877
0.581854
0.581841
0.581828
0.581772
0.581758
0.581745
0.581721
0.581709
0.581684
0.581671
0.581658
0.581588
0.581576
0.581564
0.581545
0.581536
0.581527
0.581506
0.581495
0.581444
0.58143
0.581418
0.581396
0.581387
0.581377
0.581368
0.581347
0.581284
0.581284
0.58127
0.581244
0.58123
0.581189
0.581176
0.581152
0.581123
0.581105
0.581097
0.58109
0.581074
0.581065
0.581065
0.581045
0.581034
0.580983
0.58097
0.580959
0.580948
0.58093
0.580922
0.580905
0.580905
0.580887
0.580849
0.580831
0.580824
0.580818
0.580811
0.580809
0.580807
0.580805
0.580769
0.58075
0.580741
0.580728
0.580724
0.580722
0.580723
0.580725
0.580744
0.580744
0.580753
0.58076
0.580761
0.580758
0.580754
0.580748
0.580717
0.580701
0.580694
0.580688
0.580684
0.580682
0.580684
0.580686
0.58069
0.580711
0.580716
0.580725
0.580727
0.580728
0.580728
0.580727
0.580725
0.580724
0.580731
0.580737
0.580745
0.580763
0.580773
0.580783
0.580804
0.580815
0.580825
0.580864
0.580873
0.580882
0.580891
0.580898
0.580913
0.580921
0.580928
0.580937
0.580992
0.581004
0.581015
0.581025
0.581035
0.581052
0.581052
0.581071
0.581134
0.581149
0.581163
0.581188
0.581199
0.581208
0.581217
0.581231
0.581239
0.58128
0.581294
0.58131
0.581326
0.581357
0.581373
0.581388
0.581403
0.581418
0.581496
0.581511
0.581527
0.581541
0.581555
0.581583
0.581597
0.581597
0.581611
0.581686
0.581716
0.581731
0.581745
0.58176
0.581774
0.581789
0.581819
0.581878
0.581908
0.581923
0.581949
0.581961
0.581984
0.581995
0.582007
0.582069
0.582081
0.582093
0.582103
0.582112
0.582128
0.582152
0.582204
0.582204
0.582239
0.58225
0.582277
0.582286
0.582302
0.582315
0.582323
0.582337
0.582343
0.582349
0.58236
0.582374
0.582374
0.582383
0.582426
0.582438
0.58246
0.582468
0.582475
0.582483
0.582484
0.582485
0.582485
0.582493
0.582499
0.582506
0.582514
0.58253
0.582537
0.58255
0.582555
0.582558
0.582558
0.582555
0.58255
0.582548
0.582548
0.582549
0.582551
0.582562
0.582563
0.582559
0.582556
0.582552
0.582542
0.582542
0.582532
0.582518
0.582515
0.582508
0.582504
0.582504
0.582488
0.582482
0.582477
0.582466
0.582453
0.582438
0.582431
0.582423
0.582416
0.582409
0.582402
0.582386
0.582377
0.582337
0.582325
0.582314
0.582291
0.58228
0.582257
0.582245
0.582233
0.582174
0.582164
0.582153
0.582136
0.582127
0.582119
0.582109
0.582087
0.582029
0.582014
0.581987
0.581961
0.581961
0.581935
0.581921
0.581906
0.581828
0.581812
0.581797
0.581771
0.581771
0.581748
0.581737
0.581713
0.581713
0.581651
0.581616
0.581582
0.581565
0.581533
0.581518
0.581504
0.581436
0.581421
0.581408
0.581395
0.581372
0.58135
0.581338
0.581325
0.581268
0.581252
0.581236
0.581176
0.581161
0.581161
0.58113
0.58104
0.58104
0.581029
0.581012
0.581005
0.580999
0.580986
0.580978
0.580903
0.580889
0.580874
0.58086
0.580847
0.580834
0.580834
0.580785
0.580737
0.580726
0.580716
0.580708
0.580696
0.580691
0.580687
0.580683
0.580676
0.580651
0.580643
0.580635
0.580616
0.580606
0.580596
0.580574
0.580563
0.580527
0.580521
0.580521
0.580521
0.580527
0.580536
0.580541
0.580545
0.580545
0.58054
0.580533
0.580515
0.580505
0.580495
0.580476
0.580468
0.580449
0.580451
0.580456
0.58047
0.580478
0.580497
0.580507
0.580516
0.580559
0.580563
0.580565
0.580565
0.580563
0.58056
0.580554
0.580551
0.58055
0.580563
0.580584
0.580597
0.580611
0.580625
0.58064
0.580671
0.580698
0.580737
0.580762
0.580774
0.580796
0.580806
0.580817
0.580839
0.580896
0.580908
0.580919
0.58093
0.58095
0.58096
0.58098
0.580992
0.581073
0.581086
0.581099
0.581112
0.581136
0.581148
0.581161
0.581175
0.581204
0.581271
0.581271
0.581306
0.581322
0.581353
0.581368
0.581382
0.581412
0.581462
0.581496
0.581496
0.581528
0.581542
0.581556
0.581584
0.581599
0.581615
0.581668
0.58173
0.581751
0.581772
0.581793
0.581814
0.581835
0.581875
0.581895
0.58197
0.582003
0.582018
0.582032
0.582057
0.582069
0.582082
0.582095
0.582174
0.582191
0.582222
0.582235
0.582259
0.582269
0.582301
0.582312
0.582365
0.58238
0.582394
0.582408
0.582421
0.582446
0.582458
0.58247
0.582515
0.582539
0.58255
0.58256
0.582578
0.582585
0.582591
0.582604
0.582636
0.582645
0.582653
0.582668
0.582674
0.582687
0.582694
0.58271
0.582736
0.582738
0.582738
0.582736
0.58273
0.582728
0.582725
0.582737
0.582744
0.582757
0.582763
0.582769
0.582777
0.582778
0.582775
0.582753
0.582746
0.58274
0.582729
0.582725
0.582722
0.582721
0.582722
0.582731
0.582731
0.58273
0.582724
0.582724
0.58271
0.582691
0.58268
0.582631
0.582619
0.582609
0.582593
0.582582
0.582577
0.582577
0.582565
0.582526
0.582513
0.582488
0.582475
0.582451
0.582439
0.582427
0.582402
0.582348
0.582334
0.582321
0.582295
0.582283
0.58227
0.582257
0.582228
0.582146
0.58213
0.582116
0.58209
0.58209
0.582077
0.582051
0.582036
0.581954
0.581935
0.581916
0.581879
0.581861
0.581825
0.581825
0.581789
0.581699
0.581683
0.581652
0.581638
0.581611
0.581597
0.581583
0.581567
0.581517
0.581499
0.581481
0.581444
0.581408
0.58139
0.581371
0.581331
0.581249
0.581228
0.581189
0.581171
0.581155
0.581139
0.581109
0.581094
0.581006
0.581006
0.580969
0.580951
0.580934
0.580903
0.580888
0.580844
0.580814
0.580784
0.580769
0.580756
0.580743
0.580719
0.580707
0.580682
0.580614
0.5806
0.5806
0.580574
0.580561
0.580536
0.580523
0.580497
0.580453
0.580445
0.580439
0.580434
0.580425
0.58042
0.580415
0.580403
0.580403
0.58037
0.580361
0.580352
0.580335
0.580328
0.580321
0.580307
0.580301
0.580293
0.580295
0.580297
0.5803
0.580301
0.580298
0.580295
0.58029
0.580291
0.580295
0.5803
0.580309
0.580314
0.580319
0.580328
0.580333
0.580337
0.580353
0.580359
0.580371
0.580383
0.580388
0.580394
0.580414
0.580422
0.580437
0.580454
0.580471
0.580487
0.580504
0.580504
0.580522
0.580587
0.580598
0.580618
0.580618
0.580634
0.580641
0.580656
0.580702
0.580717
0.580732
0.580762
0.580777
0.580791
0.580806
0.580834
0.580895
0.580927
0.580941
0.580969
0.580983
0.581011
0.581026
0.581104
0.581134
0.581134
0.581149
0.581191
0.58122
0.581237
0.581271
0.581339
0.581357
0.581392
0.58141
0.581428
0.581446
0.581466
0.581506
0.581547
0.581625
0.581662
0.581679
0.581696
0.581712
0.581727
0.581743
0.581758
0.581791
0.58187
0.581891
0.581911
0.581952
0.581972
0.582012
0.582032
0.582053
0.58214
0.582162
0.582183
0.582221
0.582238
0.58227
0.582285
0.582314
0.582376
0.582394
0.582411
0.582445
0.582462
0.582462
0.58248
0.582515
0.582533
0.582602
0.582618
0.582645
0.582657
0.582669
0.582692
0.582703
0.582725
0.582772
0.582783
0.582804
0.582813
0.582829
0.582837
0.582844
0.582852
0.582883
0.582891
0.582908
0.582915
0.582928
0.582933
0.582942
0.582949
0.582953
0.582954
0.582957
0.582959
0.582961
0.582964
0.582966
0.582967
0.582954
0.582948
0.582943
0.582935
0.582934
0.582935
0.582937
0.582939
0.582939
0.582929
0.582923
0.582909
0.582901
0.582886
0.582879
0.582839
0.582831
0.582823
0.582816
0.582804
0.582799
0.582787
0.58278
0.582716
0.582702
0.582689
0.582676
0.582663
0.58264
0.582628
0.582616
0.582535
0.582521
0.582508
0.582494
0.582481
0.582468
0.582439
0.582422
0.582405
0.582329
0.582309
0.58227
0.582252
0.582234
0.582201
0.582149
0.582074
0.582056
0.582038
0.582021
0.582006
0.581976
0.58196
0.581928
0.581851
0.581809
0.58177
0.581751
0.581715
0.581698
0.581698
0.581648
0.581573
0.581553
0.58151
0.581489
0.581468
0.581448
0.581406
0.581386
0.581282
0.581262
0.581225
0.581225
0.58119
0.581172
0.581135
0.581116
0.581096
0.581015
0.580994
0.580954
0.580935
0.580916
0.580897
0.580878
0.580839
0.580818
0.580797
0.580711
0.580711
0.580669
0.580649
0.580613
0.580578
0.580561
0.580476
0.580462
0.580449
0.580428
0.580419
0.5804
0.58039
0.580379
0.580331
0.580304
0.580304
0.580279
0.580267
0.580256
0.580246
0.580228
0.580182
0.580173
0.580165
0.580153
0.580142
0.580137
0.580132
0.580126
0.580105
0.5801
0.580097
0.580095
0.580097
0.580103
0.580112
0.580125
0.580124
0.580121
0.580118
0.580114
0.580105
0.580101
0.580095
0.580102
0.580108
0.580124
0.580133
0.580143
0.580161
0.58017
0.580179
0.580188
0.580226
0.580235
0.580244
0.580259
0.580267
0.580285
0.580294
0.580316
0.580369
0.580382
0.580382
0.580406
0.580416
0.580438
0.580449
0.580473
0.580531
0.580565
0.580565
0.580582
0.580598
0.580614
0.580661
0.580677
0.580693
0.580766
0.580785
0.580806
0.580846
0.580865
0.580865
0.580904
0.580925
0.580946
0.580967
0.581057
0.581081
0.581129
0.581153
0.581177
0.581224
0.581247
0.581271
0.581392
0.581438
0.58148
0.5815
0.58152
0.581559
0.581601
0.581685
0.581705
0.581705
0.581742
0.58176
0.581795
0.581814
0.581854
0.58194
0.581962
0.581983
0.582022
0.582041
0.582079
0.582097
0.582137
0.582202
0.582247
0.582268
0.582308
0.582308
0.582346
0.582383
0.582402
0.582481
0.582501
0.58252
0.582557
0.582574
0.582591
0.582625
0.582642
0.582736
0.582755
0.582773
0.582806
0.582806
0.582833
0.582845
0.582868
0.582919
0.582933
0.582959
0.582971
0.582983
0.583004
0.583014
0.583024
0.583064
0.583081
0.583089
0.583095
0.583103
0.583106
0.583107
0.583109
0.583116
0.583121
0.583126
0.583138
0.583144
0.583157
0.583162
0.58317
0.583159
0.583155
0.58315
0.583147
0.583144
0.583145
0.583148
0.583159
0.583158
0.583155
0.583149
0.583133
0.583122
0.583111
0.583085
0.583072
0.583033
0.583021
0.58301
0.582994
0.582987
0.582977
0.582972
0.582959
0.582915
0.582885
0.58287
0.58284
0.58284
0.582809
0.582793
0.582776
0.582688
0.58267
0.582652
0.582635
0.582604
0.582589
0.582558
0.582542
0.582489
0.582449
0.582429
0.58239
0.582371
0.582352
0.582332
0.582293
0.58221
0.582166
0.582144
0.582122
0.582078
0.582056
0.582033
0.582011
0.581897
0.581874
0.581853
0.581812
0.581792
0.581751
0.581729
0.581729
0.581609
0.581585
0.581561
0.581538
0.581515
0.581447
0.581423
0.581399
0.581274
0.581248
0.581223
0.581177
0.581155
0.581113
0.581071
0.581048
0.580977
0.580953
0.58093
0.580887
0.580866
0.580827
0.580807
0.580767
0.580658
0.580636
0.580615
0.580596
0.580545
0.580529
0.580498
0.580435
0.58042
0.580404
0.580376
0.580361
0.580347
0.580332
0.5803
0.580232
0.580215
0.5802
0.580173
0.580162
0.58014
0.580129
0.580107
0.580071
0.580043
0.580029
0.580016
0.580003
0.579981
0.579971
0.579953
0.579929
0.579925
0.579927
0.579929
0.579933
0.579938
0.579947
0.57995
0.579939
0.57993
0.579919
0.579895
0.579883
0.57986
0.57985
0.579835
0.57983
0.57984
0.579849
0.579859
0.57987
0.579882
0.579907
0.579921
0.579933
0.579987
0.580001
0.580016
0.580043
0.580055
0.580077
0.580089
0.580124
0.580161
0.580161
0.580186
0.580198
0.580223
0.580235
0.580249
0.580263
0.580293
0.580361
0.580378
0.580396
0.580412
0.580429
0.580464
0.580483
0.580503
0.580524
0.580546
0.580634
0.580657
0.58072
0.580741
0.580763
0.580785
0.580807
0.58083
0.580953
0.580978
0.581002
0.581025
0.581091
0.581113
0.581134
0.581156
0.581198
0.581294
0.58132
0.581346
0.581371
0.581422
0.581447
0.581472
0.581523
0.581631
0.581688
0.581716
0.581743
0.581769
0.581819
0.581844
0.581868
0.581985
0.582009
0.582057
0.582081
0.582129
0.582153
0.582176
0.582284
0.582305
0.582324
0.58236
0.582378
0.582414
0.582434
0.582477
0.582544
0.582566
0.582609
0.582629
0.582668
0.582687
0.582706
0.582726
0.582857
0.582879
0.5829
0.582919
0.582936
0.58295
0.582975
0.582986
0.583007
0.58306
0.583076
0.583092
0.583109
0.58314
0.583155
0.583168
0.583195
0.583245
0.583256
0.583266
0.583283
0.583291
0.583298
0.583305
0.58332
0.583349
0.583353
0.583357
0.583357
0.583356
0.583352
0.583351
0.583349
0.583359
0.583363
0.583369
0.583371
0.583371
0.583369
0.583362
0.583334
0.583325
0.583317
0.583302
0.583295
0.583281
0.583274
0.583256
0.583225
0.583213
0.583203
0.583185
0.583178
0.583172
0.583161
0.583149
0.583101
0.583085
0.583048
0.583029
0.58301
0.582954
0.582954
0.582936
0.582866
0.582832
0.582816
0.582801
0.582786
0.582755
0.582739
0.582704
0.582602
0.582583
0.582564
0.582545
0.582527
0.582508
0.582467
0.582445
0.582422
0.582347
0.58232
0.582266
0.582212
0.582186
0.582133
0.582054
0.581974
0.581947
0.581922
0.581897
0.581851
0.581829
0.581784
0.581762
0.581715
0.581639
0.581612
0.581559
0.581532
0.581506
0.581479
0.581426
0.581399
0.581262
0.581207
0.58118
0.58118
0.581153
0.5811
0.581074
0.581021
0.580995
0.580888
0.580861
0.580834
0.580781
0.580756
0.58073
0.580704
0.580651
0.580543
0.580517
0.58047
0.58045
0.58043
0.580391
0.580372
0.580372
0.580245
0.580225
0.580205
0.580171
0.580142
0.580128
0.580114
0.580083
0.580033
0.580015
0.579996
0.579961
0.579944
0.579927
0.579896
0.579882
0.57983
0.579807
0.579798
0.579781
0.579775
0.579763
0.579757
0.579751
0.579721
0.579713
0.579707
0.579697
0.579694
0.579693
0.579695
0.579697
0.579697
0.579702
0.579702
0.579701
0.579699
0.579699
0.579702
0.579706
0.579718
0.579751
0.579759
0.579766
0.579772
0.579783
0.579789
0.579803
0.579812
0.579869
0.579869
0.57988
0.57989
0.579909
0.579919
0.57993
0.57997
0.580034
0.58005
0.580065
0.580093
0.580106
0.580119
0.580132
0.580161
0.580231
0.580251
0.580272
0.580313
0.580335
0.580358
0.580381
0.580405
0.580453
0.580551
0.580576
0.5806
0.580647
0.580669
0.580714
0.580714
0.580737
0.580868
0.580896
0.580924
0.580977
0.581003
0.581029
0.581055
0.58108
0.581132
0.581246
0.581276
0.581336
0.581336
0.581366
0.581396
0.581455
0.581484
0.581513
0.581633
0.581664
0.581696
0.581758
0.581758
0.581851
0.581851
0.581913
0.582064
0.582093
0.582149
0.582177
0.582231
0.582258
0.582285
0.582312
0.582417
0.582442
0.582491
0.582491
0.582538
0.582562
0.58261
0.582635
0.582762
0.582787
0.58281
0.582852
0.582872
0.582892
0.582911
0.582931
0.583032
0.583053
0.583073
0.583113
0.583132
0.583172
0.583192
0.583212
0.583291
0.583309
0.583324
0.583351
0.583362
0.583382
0.583411
0.583452
0.583462
0.583471
0.583478
0.583483
0.583492
0.583496
0.583504
0.583529
0.583536
0.583542
0.583553
0.583558
0.583562
0.583569
0.583571
0.58357
0.58355
0.583545
0.583541
0.583537
0.583536
0.583537
0.583539
0.583541
0.583535
0.583528
0.583518
0.583507
0.583495
0.58347
0.583458
0.583445
0.583389
0.583374
0.583359
0.58333
0.583316
0.583287
0.583272
0.583258
0.583181
0.583164
0.583148
0.583131
0.583114
0.583078
0.583059
0.58302
0.582937
0.582916
0.582896
0.582858
0.582841
0.582823
0.582806
0.582768
0.582657
0.582631
0.582605
0.582553
0.582553
0.582502
0.582476
0.582423
0.582317
0.582266
0.582241
0.582216
0.582166
0.58214
0.582113
0.582057
0.581944
0.581916
0.581889
0.581837
0.581811
0.581785
0.581758
0.58173
0.581672
0.581578
0.581546
0.581514
0.581451
0.581419
0.581358
0.581327
0.581265
0.581105
0.581105
0.581073
0.581014
0.580958
0.58093
0.580903
0.580849
0.58074
0.580712
0.580686
0.580633
0.580608
0.580583
0.580532
0.580532
0.580402
0.580375
0.580348
0.580321
0.58027
0.580244
0.580193
0.580167
0.580142
0.580044
0.580022
0.579982
0.579982
0.579948
0.579931
0.579915
0.579897
0.579861
0.579782
0.579762
0.579742
0.579724
0.579693
0.57968
0.579667
0.579654
0.57959
0.579576
0.579553
0.579543
0.579532
0.57953
0.579531
0.579531
0.579539
0.579538
0.57953
0.579523
0.579515
0.579498
0.57949
0.579476
0.579467
0.579475
0.579475
0.579481
0.579489
0.579507
0.579527
0.579537
0.579584
0.579594
0.579603
0.57962
0.579629
0.579639
0.579649
0.579672
0.579721
0.579735
0.579748
0.579774
0.579787
0.579814
0.579828
0.579858
0.579922
0.579922
0.579938
0.57997
0.579987
0.580005
0.580043
0.580086
0.580177
0.5802
0.580223
0.580267
0.580289
0.580311
0.580333
0.580357
0.580381
0.580487
0.580515
0.580544
0.580599
0.580626
0.58068
0.580707
0.580735
0.580883
0.580915
0.580947
0.58101
0.58101
0.581103
0.581133
0.581163
0.581279
0.581336
0.581364
0.581392
0.581419
0.581446
0.581502
0.581502
0.581531
0.581694
0.581729
0.581763
0.581831
0.581864
0.581928
0.581959
0.581991
0.582148
0.58218
0.58218
0.582272
0.582272
0.582331
0.58236
0.58239
0.582539
0.582596
0.582623
0.582623
0.582649
0.5827
0.582725
0.582777
0.582881
0.582934
0.58296
0.582986
0.583012
0.583063
0.583088
0.583137
0.583208
0.583231
0.583275
0.583295
0.583314
0.583348
0.583382
0.5834
0.583474
0.583493
0.583527
0.583542
0.583556
0.583581
0.583592
0.583604
0.583616
0.583653
0.583677
0.583688
0.583698
0.583715
0.583722
0.58373
0.583737
0.583761
0.58376
0.583758
0.583755
0.583753
0.583748
0.583747
0.583747
0.583759
0.583761
0.583762
0.583761
0.583754
0.583748
0.583741
0.583732
0.583662
0.583648
0.583634
0.58362
0.583595
0.583584
0.583563
0.583553
0.583511
0.583498
0.583486
0.583459
0.583445
0.583415
0.583398
0.583381
0.583304
0.583283
0.583263
0.583222
0.583202
0.583161
0.58314
0.583118
0.583005
0.582982
0.582938
0.582917
0.582917
0.582876
0.582854
0.582807
0.582699
0.58267
0.582613
0.582585
0.582557
0.582503
0.582477
0.582423
0.582337
0.582307
0.582248
0.582219
0.58219
0.582131
0.582101
0.58204
0.581914
0.581882
0.58185
0.581786
0.581754
0.581688
0.581587
0.581488
0.581426
0.581398
0.581371
0.581345
0.581296
0.581271
0.581247
0.581221
0.581107
0.581075
0.581043
0.581011
0.580946
0.580912
0.580878
0.580811
0.580811
0.580675
0.580642
0.580576
0.580544
0.580513
0.58045
0.580385
0.580227
0.580197
0.580169
0.580118
0.580094
0.580047
0.580024
0.58
0.5799
0.579875
0.579851
0.579806
0.579747
0.579728
0.579691
0.579639
0.579606
0.57959
0.579576
0.579549
0.579537
0.579513
0.579489
0.579434
0.57942
0.57942
0.579394
0.579382
0.579372
0.579353
0.579338
0.579316
0.579313
0.579312
0.579313
0.579313
0.579315
0.579318
0.579318
0.579292
0.579286
0.579286
0.579275
0.579268
0.579268
0.579271
0.579284
0.579313
0.579336
0.579347
0.579359
0.57937
0.579382
0.579407
0.579421
0.579483
0.579514
0.579528
0.579541
0.579553
0.579565
0.579577
0.579603
0.579692
0.579713
0.579734
0.579755
0.579795
0.579814
0.579854
0.579874
0.579895
0.579981
0.580004
0.580028
0.580077
0.580077
0.580154
0.580154
0.580206
0.580316
0.580316
0.580345
0.580428
0.580455
0.580484
0.580513
0.580543
0.580574
0.58067
0.580736
0.580769
0.580801
0.580867
0.5809
0.580967
0.581036
0.581177
0.581212
0.581245
0.581306
0.581336
0.581365
0.581394
0.581424
0.581454
0.581587
0.581661
0.581699
0.581736
0.581774
0.581849
0.581886
0.581923
0.58196
0.582106
0.582144
0.582181
0.582217
0.582291
0.582366
0.582403
0.582439
0.582583
0.582618
0.582652
0.582685
0.582749
0.58278
0.582811
0.582843
0.582938
0.583066
0.583066
0.583097
0.583126
0.583183
0.58321
0.583263
0.583289
0.583419
0.583444
0.583468
0.58349
0.583547
0.583565
0.583581
0.583597
0.583664
0.583682
0.583717
0.583733
0.583749
0.583765
0.58378
0.583809
0.583861
0.583884
0.583894
0.58391
0.583915
0.58392
0.583927
0.583931
0.583934
0.583952
0.583958
0.583958
0.583967
0.583971
0.583974
0.583973
0.583966
0.583938
0.58393
0.583917
0.583912
0.583907
0.583903
0.583898
0.583893
0.583887
0.583824
0.583824
0.583797
0.583783
0.583756
0.583742
0.583728
0.583697
0.583651
0.583619
0.583604
0.583589
0.583558
0.583541
0.583524
0.583486
0.583466
0.583398
0.58335
0.583326
0.583302
0.583278
0.58323
0.583206
0.58318
0.583126
0.583008
0.582978
0.582917
0.582917
0.582888
0.58286
0.582775
0.582745
0.582715
0.582586
0.582586
0.582485
0.582485
0.582452
0.582419
0.58232
0.582287
0.582253
0.582112
0.582075
0.582
0.581963
0.581891
0.581891
0.581822
0.581788
0.581615
0.58158
0.581511
0.581477
0.581443
0.581374
0.581304
0.581268
0.581231
0.581086
0.580979
0.580979
0.580944
0.580909
0.580842
0.580809
0.580639
0.580574
0.580544
0.580515
0.580461
0.580435
0.580408
0.580381
0.580325
0.580202
0.580171
0.58014
0.58011
0.58008
0.580051
0.579995
0.579966
0.579816
0.579756
0.579728
0.579701
0.579654
0.579634
0.579614
0.579595
0.579556
0.579468
0.579468
0.579444
0.579378
0.579358
0.579339
0.579323
0.579294
0.579214
0.579214
0.579191
0.579181
0.579172
0.579163
0.579145
0.579135
0.579103
0.579098
0.579094
0.579094
0.579096
0.579098
0.5791
0.579103
0.579103
0.579107
0.579111
0.579116
0.579122
0.579128
0.579134
0.579148
0.579163
0.57917
0.579205
0.579216
0.579228
0.579252
0.579277
0.57929
0.579303
0.579317
0.579393
0.579409
0.57944
0.579455
0.579471
0.579486
0.579518
0.579535
0.579651
0.579651
0.57967
0.579689
0.579725
0.579745
0.579787
0.57981
0.579858
0.579963
0.580018
0.580045
0.5801
0.580156
0.580184
0.580351
0.580378
0.580404
0.580428
0.580475
0.580498
0.580498
0.580545
0.580685
0.580751
0.580819
0.580853
0.580888
0.580922
0.58099
0.581059
0.581161
0.581194
0.581227
0.58129
0.581321
0.581385
0.581417
0.581451
0.581631
0.581668
0.581705
0.581741
0.581777
0.581848
0.581883
0.581917
0.582099
0.582136
0.582173
0.582209
0.582278
0.582312
0.582379
0.582412
0.582582
0.582617
0.582719
0.582752
0.582785
0.582817
0.582848
0.583001
0.58303
0.583058
0.583111
0.583136
0.583187
0.583213
0.583267
0.583382
0.583411
0.583439
0.583493
0.583519
0.583545
0.58357
0.583621
0.58372
0.583743
0.583766
0.583822
0.583838
0.583854
0.58387
0.583886
0.58397
0.583988
0.584021
0.584035
0.584049
0.584061
0.584071
0.584081
0.584089
0.584131
0.584138
0.584143
0.58415
0.584151
0.584152
0.584152
0.584152
0.584157
0.584159
0.584161
0.584161
0.584159
0.584155
0.58415
0.584135
0.584105
0.584083
0.584072
0.584052
0.584043
0.584015
0.584005
0.583995
0.58396
0.583946
0.583915
0.583899
0.583867
0.583851
0.583834
0.5838
0.583782
0.583724
0.583702
0.583679
0.583655
0.583631
0.583581
0.583555
0.583503
0.583393
0.583366
0.583312
0.583285
0.583259
0.583204
0.583176
0.583117
0.582996
0.582965
0.582936
0.582879
0.58285
0.582793
0.582763
0.5827
0.582598
0.582563
0.582528
0.582494
0.582427
0.582392
0.582323
0.582287
0.582251
0.5821
0.58206
0.582021
0.581982
0.581904
0.581865
0.581826
0.581708
0.581586
0.581545
0.581503
0.581421
0.58138
0.581299
0.581259
0.581181
0.581027
0.580989
0.580914
0.580877
0.580842
0.580772
0.580737
0.580702
0.580556
0.580519
0.580482
0.58041
0.580375
0.580306
0.580272
0.580169
0.580067
0.580034
0.580002
0.579971
0.579941
0.579883
0.579855
0.579798
0.579682
0.579624
0.579596
0.579542
0.579516
0.579468
0.579446
0.579424
0.579338
0.579293
0.579293
0.579271
0.579228
0.579208
0.57917
0.579135
0.579069
0.579055
0.57904
0.579027
0.579001
0.578989
0.578976
0.57895
0.578908
0.578903
0.578901
0.578903
0.578907
0.578916
0.578922
0.578926
0.578932
0.578928
0.578924
0.57892
0.57892
0.57891
0.57891
0.578911
0.578914
0.578936
0.578959
0.578985
0.578999
0.579012
0.579025
0.579052
0.579066
0.579096
0.579112
0.579165
0.579184
0.579204
0.579246
0.579267
0.579308
0.579328
0.57937
0.579485
0.579509
0.579509
0.579557
0.579581
0.579605
0.579629
0.579679
0.579813
0.57984
0.579867
0.579921
0.579948
0.579975
0.580003
0.580061
0.580091
0.580186
0.580253
0.580287
0.580321
0.580355
0.580424
0.580497
0.580536
0.580655
0.580734
0.580734
0.580843
0.580877
0.580912
0.580946
0.581017
0.581167
0.581208
0.581292
0.581335
0.581377
0.581463
0.581463
0.581506
0.581548
0.581718
0.581801
0.581842
0.581882
0.582
0.582039
0.582117
0.582312
0.58235
0.582423
0.582457
0.582491
0.582523
0.582588
0.58262
0.582755
0.582791
0.582827
0.582899
0.582934
0.583003
0.583037
0.583037
0.583071
0.583211
0.583282
0.583317
0.583352
0.583421
0.583455
0.583488
0.583554
0.583679
0.583736
0.583763
0.583788
0.583814
0.583839
0.583863
0.583912
0.583961
0.584055
0.584076
0.584095
0.584113
0.58413
0.584162
0.584193
0.584209
0.58424
0.584295
0.584306
0.584306
0.584325
0.584332
0.584339
0.584341
0.584342
0.584344
0.584346
0.58435
0.584358
0.584358
0.584361
0.584364
0.584368
0.584368
0.584349
0.58434
0.584318
0.584305
0.584292
0.584266
0.584252
0.584238
0.584175
0.584144
0.584129
0.584104
0.584092
0.584068
0.584054
0.584054
0.583967
0.583947
0.583926
0.583885
0.583865
0.583824
0.583803
0.58376
0.58366
0.583633
0.583606
0.583581
0.583555
0.583505
0.583479
0.583453
0.583278
0.583246
0.583246
0.583182
0.58315
0.583085
0.583051
0.582982
0.582838
0.582802
0.582766
0.582696
0.582661
0.582592
0.582557
0.582522
0.582369
0.582292
0.582255
0.582184
0.582114
0.582079
0.582043
0.582007
0.581852
0.581811
0.58177
0.581688
0.581647
0.581607
0.581527
0.581487
0.581447
0.58132
0.581275
0.581186
0.581141
0.581097
0.58101
0.580967
0.580882
0.580711
0.580668
0.580626
0.580584
0.580502
0.580461
0.58042
0.580338
0.580137
0.580099
0.580062
0.580027
0.579993
0.57996
0.579929
0.579897
0.579834
0.579659
0.579588
0.579552
0.579518
0.579454
0.579454
0.579424
0.579368
0.579237
0.579211
0.579211
0.579163
0.57914
0.579076
0.579056
0.578957
0.578924
0.578909
0.578896
0.578883
0.578871
0.578858
0.578818
0.578764
0.578753
0.578743
0.578735
0.578723
0.578718
0.578715
0.578711
0.578691
0.578688
0.578689
0.578695
0.5787
0.578706
0.578712
0.578731
0.578751
0.578758
0.578767
0.578771
0.578779
0.578784
0.578797
0.578797
0.578868
0.578881
0.578907
0.57892
0.578934
0.578948
0.578978
0.578994
0.579094
0.579094
0.579134
0.579154
0.579191
0.57921
0.579248
0.579269
0.579365
0.579418
0.579418
0.579445
0.579472
0.579527
0.579583
0.579611
0.579727
0.579791
0.579823
0.579856
0.579888
0.57992
0.579983
0.580016
0.580225
0.580225
0.580263
0.580339
0.580377
0.580416
0.580456
0.580534
0.580731
0.58077
0.580809
0.580848
0.580887
0.580963
0.581002
0.581041
0.581041
0.581249
0.581292
0.581335
0.581418
0.58146
0.581545
0.581631
0.58181
0.581855
0.5819
0.581985
0.582027
0.58211
0.582152
0.582193
0.582395
0.582395
0.582474
0.582549
0.582585
0.582621
0.582694
0.582731
0.582963
0.583002
0.58304
0.583077
0.583145
0.583177
0.583209
0.583374
0.583408
0.583408
0.583474
0.583506
0.583537
0.583599
0.583631
0.583788
0.583818
0.583848
0.583877
0.583905
0.583958
0.584011
0.584037
0.584063
0.584164
0.584189
0.584238
0.584261
0.584304
0.584325
0.584364
0.584383
0.584432
0.58446
0.58446
0.584492
0.5845
0.584509
0.584518
0.584527
0.584535
0.584563
0.584565
0.584566
0.584564
0.584555
0.584551
0.584546
0.584541
0.584529
0.584518
0.584506
0.584506
0.58449
0.584484
0.58447
0.584461
0.584451
0.584399
0.584384
0.584354
0.584339
0.584324
0.584296
0.584281
0.584249
0.58419
0.584168
0.584122
0.584098
0.584076
0.584031
0.584008
0.583962
0.583861
0.583833
0.583778
0.583751
0.583723
0.583695
0.583667
0.583638
0.583579
0.583485
0.583419
0.583385
0.58335
0.583279
0.583206
0.583169
0.583132
0.582977
0.582937
0.582898
0.58282
0.582781
0.582741
0.582701
0.58262
0.582578
0.582408
0.582366
0.582324
0.58224
0.58224
0.582198
0.582111
0.582066
0.581835
0.581787
0.581739
0.581647
0.581601
0.581511
0.581465
0.581376
0.581241
0.581195
0.581107
0.581022
0.580981
0.58094
0.580899
0.580817
0.580646
0.580602
0.580558
0.580516
0.580473
0.580389
0.580348
0.580268
0.580061
0.580019
0.579978
0.579938
0.57986
0.579821
0.579782
0.579705
0.579557
0.579522
0.579488
0.579423
0.579393
0.579333
0.579303
0.579272
0.579149
0.579119
0.57906
0.579033
0.579008
0.57896
0.578937
0.578891
0.578799
0.578778
0.578757
0.578739
0.578706
0.578691
0.578676
0.578662
0.578633
0.578589
0.578575
0.578561
0.578537
0.578526
0.578509
0.578503
0.578499
0.578512
0.578516
0.578521
0.578526
0.578527
0.578523
0.578523
0.578517
0.57851
0.578513
0.578518
0.578536
0.578548
0.578578
0.578595
0.578631
0.578704
0.578721
0.578738
0.578754
0.578769
0.578797
0.578797
0.578842
0.578859
0.578945
0.578969
0.578994
0.579019
0.579045
0.579072
0.579126
0.579183
0.579275
0.579341
0.579407
0.57944
0.579504
0.579535
0.579595
0.579625
0.579747
0.579747
0.579812
0.579846
0.579879
0.579913
0.579984
0.580021
0.580211
0.580249
0.580288
0.580364
0.580403
0.580442
0.580482
0.580523
0.580737
0.580824
0.580868
0.580954
0.580954
0.581042
0.581086
0.581176
0.581358
0.581447
0.581489
0.58157
0.58157
0.58165
0.581691
0.581905
0.58195
0.58204
0.582085
0.582174
0.582219
0.582306
0.582349
0.582475
0.582558
0.582599
0.582677
0.582715
0.582828
0.582867
0.582947
0.583109
0.583149
0.583188
0.583226
0.583298
0.583334
0.583369
0.583439
0.583475
0.583623
0.58366
0.583697
0.583733
0.583768
0.583802
0.583836
0.583904
0.584072
0.584138
0.584199
0.584228
0.584256
0.584308
0.584308
0.584333
0.584424
0.584466
0.584486
0.584505
0.584524
0.58456
0.584578
0.584613
0.584678
0.584691
0.584703
0.584721
0.584732
0.584736
0.584736
0.584743
0.584753
0.584763
0.584764
0.584764
0.584762
0.584754
0.584748
0.584735
0.584698
0.584698
0.584691
0.584679
0.584673
0.584659
0.584649
0.584639
0.584574
0.584558
0.584527
0.584512
0.584497
0.584481
0.584465
0.584431
0.584349
0.584306
0.584285
0.584264
0.584243
0.584223
0.58418
0.584157
0.584132
0.584017
0.583955
0.583924
0.583863
0.583834
0.583806
0.58375
0.583595
0.583561
0.583561
0.583491
0.583456
0.58342
0.583383
0.583308
0.583152
0.583073
0.583073
0.582958
0.58292
0.582882
0.582842
0.5828
0.582715
0.582581
0.582581
0.582446
0.582402
0.582358
0.582314
0.582225
0.582133
0.582085
0.581887
0.581837
0.581837
0.581738
0.581689
0.581543
0.581495
0.581249
0.581199
0.581149
0.581101
0.58101
0.580966
0.580923
0.580838
0.580795
0.580751
0.580614
0.580566
0.580518
0.580422
0.580374
0.580326
0.580279
0.580185
0.580139
0.579953
0.57986
0.579814
0.579723
0.579723
0.579633
0.579588
0.579544
0.579373
0.579333
0.579258
0.579223
0.57919
0.579158
0.579126
0.579095
0.579031
0.57893
0.578862
0.578829
0.578797
0.578766
0.578737
0.578737
0.578656
0.578607
0.578508
0.578485
0.578464
0.578444
0.578426
0.578383
0.57837
0.578348
0.578321
0.578314
0.578308
0.578303
0.578303
0.578303
0.578305
0.578308
0.578309
0.578312
0.578322
0.578328
0.578333
0.57834
0.578346
0.578361
0.578361
0.578381
0.578422
0.578454
0.578454
0.578502
0.578517
0.578532
0.578563
0.578579
0.578655
0.578677
0.578699
0.578722
0.578766
0.578788
0.57881
0.578856
0.57888
0.57896
0.579019
0.579049
0.579142
0.579173
0.579234
0.579264
0.579416
0.579447
0.579479
0.57951
0.579541
0.579541
0.579636
0.57967
0.579705
0.579853
0.579893
0.579934
0.580058
0.580101
0.580144
0.580187
0.580276
0.580367
0.580459
0.580551
0.580596
0.580641
0.58073
0.580775
0.58082
0.580866
0.58111
0.58116
0.58121
0.58126
0.581355
0.581403
0.58145
0.581547
0.581697
0.581799
0.581851
0.581902
0.581954
0.582057
0.582109
0.582212
0.582418
0.582468
0.582517
0.582611
0.582657
0.582748
0.582794
0.58284
0.582885
0.583118
0.583166
0.583213
0.58326
0.583349
0.583392
0.583477
0.583519
0.583768
0.583808
0.583847
0.583884
0.58392
0.583955
0.58402
0.584052
0.584183
0.584216
0.584216
0.584312
0.584312
0.584374
0.584404
0.584434
0.584463
0.584575
0.5846
0.584649
0.584649
0.584693
0.584715
0.584757
0.584778
0.584799
0.58487
0.584899
0.584911
0.584921
0.584935
0.58494
0.584944
0.584947
0.584953
0.584962
0.584962
0.584956
0.584952
0.584946
0.584934
0.584928
0.584921
0.584888
0.584879
0.58487
0.584861
0.584852
0.584843
0.584833
0.584822
0.584796
0.584707
0.584686
0.584666
0.584627
0.584608
0.584589
0.584569
0.584529
0.584406
0.584379
0.584352
0.58427
0.584243
0.584215
0.584159
0.584075
0.584018
0.583989
0.583931
0.583902
0.583871
0.583807
0.583632
0.583597
0.583562
0.583529
0.583462
0.583429
0.583396
0.583291
0.583097
0.583056
0.582976
0.582938
0.582863
0.582826
0.582789
0.582751
0.582543
0.582499
0.582455
0.582411
0.582367
0.582278
0.582234
0.582188
0.58195
0.5819
0.581851
0.581802
0.581706
0.581658
0.58161
0.581562
0.581514
0.581313
0.581261
0.581155
0.581101
0.580993
0.580939
0.580885
0.580831
0.580619
0.580568
0.580467
0.580418
0.580322
0.580275
0.580226
0.580177
0.580129
0.579931
0.579833
0.579785
0.579739
0.579649
0.579605
0.579561
0.579517
0.579296
0.579252
0.57921
0.579169
0.57913
0.579092
0.579018
0.578982
0.578946
0.578767
0.578731
0.578696
0.578662
0.57863
0.578568
0.578539
0.578511
0.578511
0.578406
0.578355
0.57833
0.578306
0.578261
0.578239
0.578219
0.5782
0.578182
0.578125
0.578115
0.578108
0.578103
0.578101
0.578108
0.578108
0.578117
0.578136
0.578138
0.57814
0.578138
0.578135
0.578128
0.578125
0.578122
0.578122
0.578122
0.578138
0.57815
0.578183
0.578183
0.578202
0.578246
0.57827
0.578296
0.578378
0.578435
0.578435
0.578491
0.578491
0.578519
0.578576
0.578667
0.578801
0.578835
0.578869
0.578901
0.578964
0.578995
0.579026
0.579089
0.579224
0.579261
0.579297
0.579372
0.57941
0.579449
0.579489
0.579571
0.579612
0.57974
0.579783
0.579826
0.57991
0.579953
0.579995
0.580038
0.580126
0.580314
0.580413
0.580463
0.580512
0.58061
0.580658
0.580756
0.580806
0.581004
0.581053
0.581152
0.581201
0.58125
0.581347
0.581445
0.581494
0.581702
0.581755
0.581808
0.58186
0.581911
0.582012
0.582063
0.582166
0.582324
0.582485
0.582589
0.58264
0.582738
0.582786
0.582876
0.583052
0.583095
0.583137
0.583221
0.583221
0.583304
0.583346
0.583387
0.583429
0.583597
0.583641
0.583685
0.583728
0.583772
0.583815
0.583859
0.583946
0.58399
0.584166
0.584253
0.584295
0.584336
0.584377
0.584416
0.584492
0.584529
0.584703
0.584734
0.584762
0.58481
0.584851
0.58487
0.584888
0.584907
0.585003
0.585022
0.585055
0.58507
0.585084
0.585108
0.585128
0.585136
0.585152
0.585156
0.585163
0.585165
0.585165
0.585165
0.585164
0.585159
0.585154
0.585125
0.585116
0.585108
0.585092
0.585085
0.585076
0.585067
0.585046
0.585033
0.584988
0.584954
0.584936
0.584919
0.584885
0.584868
0.584849
0.58483
0.584713
0.584686
0.584658
0.5846
0.584571
0.584512
0.584512
0.584452
0.584297
0.584266
0.584235
0.584235
0.584205
0.584141
0.584107
0.584073
0.584037
0.583884
0.583805
0.583766
0.583688
0.583649
0.58357
0.583528
0.583486
0.583262
0.583214
0.583168
0.583121
0.583075
0.58303
0.582985
0.582893
0.582845
0.582645
0.582592
0.582539
0.582432
0.582379
0.582221
0.582169
0.581958
0.581906
0.581802
0.581751
0.5817
0.58165
0.58155
0.5815
0.581449
0.58124
0.581188
0.581083
0.581031
0.58098
0.58098
0.580928
0.580768
0.580548
0.580439
0.580385
0.580334
0.580283
0.580139
0.580091
0.580043
0.579847
0.579798
0.579749
0.579655
0.579609
0.579565
0.579521
0.579433
0.579389
0.57921
0.579164
0.579119
0.579031
0.578989
0.578948
0.578868
0.578828
0.578638
0.578601
0.578601
0.578564
0.578529
0.578494
0.578394
0.578362
0.578211
0.57816
0.578138
0.578118
0.5781
0.578084
0.578057
0.578045
0.578034
0.577977
0.577965
0.577954
0.577934
0.577924
0.577916
0.577916
0.577905
0.577902
0.577904
0.577906
0.577912
0.577914
0.577919
0.577922
0.577926
0.577931
0.577966
0.577978
0.577992
0.578006
0.578036
0.578052
0.578086
0.578104
0.578185
0.578226
0.578246
0.578285
0.578303
0.578342
0.578363
0.578409
0.57849
0.578519
0.578548
0.578607
0.578636
0.578666
0.578727
0.578759
0.578791
0.57893
0.578967
0.579005
0.579043
0.579082
0.579161
0.579202
0.579285
0.579457
0.579501
0.579588
0.579631
0.579674
0.579718
0.579763
0.579807
0.579853
0.580042
0.580091
0.58019
0.580239
0.580339
0.580389
0.58044
0.580544
0.580762
0.580817
0.580873
0.58098
0.581032
0.581084
0.581188
0.58124
0.581518
0.581575
0.581631
0.581743
0.581798
0.581852
0.581907
0.581961
0.582287
0.582342
0.582397
0.582451
0.582605
0.582655
0.582705
0.582803
0.582949
0.583046
0.583094
0.583142
0.583191
0.583239
0.583337
0.583483
0.583579
0.583672
0.583716
0.583759
0.583802
0.583884
0.583926
0.583968
0.584011
0.58423
0.584274
0.584317
0.584398
0.584438
0.584476
0.584515
0.584553
0.584628
0.584742
0.584742
0.584818
0.584854
0.584923
0.584955
0.584986
0.585016
0.585045
0.58515
0.585175
0.585222
0.585262
0.585279
0.585308
0.58533
0.585355
0.585357
0.585357
0.585356
0.585354
0.585349
0.585347
0.585344
0.585344
0.585345
0.585344
0.585344
0.585336
0.585329
0.585321
0.58531
0.585286
0.585258
0.585187
0.585168
0.585129
0.585109
0.585089
0.585068
0.585025
0.585003
0.584932
0.584908
0.584883
0.584833
0.584808
0.584781
0.584754
0.584726
0.584666
0.584533
0.584497
0.584462
0.584426
0.584392
0.584357
0.584287
0.584251
0.584213
0.58405
0.583961
0.583915
0.58387
0.583824
0.583732
0.583685
0.583638
0.583344
0.583344
0.583293
0.583242
0.583192
0.583142
0.583045
0.582997
0.58295
0.58275
0.582644
0.58259
