0.583487
0.583489
0.58349
0.58349
0.583491
0.583492
0.583492
0.583493
0.583493
0.583494
0.583494
0.583495
0.583495
0.583495
0.583496
0.583496
0.583496
0.583496
0.583496
0.583496
0.583496
0.583496
0.583496
0.583496
0.583496
0.583496
0.583496
0.583496
0.583495
0.583495
0.583495
0.583494
0.583494
0.583494
0.583493
0.583493
0.583492
0.583492
0.583491
0.58349
0.58349
0.583489
0.583488
0.583487
0.583486
0.583485
0.583485
0.583484
0.583483
0.583482
0.583481
0.583479
0.583478
0.583477
0.583476
0.583475
0.583474
0.583472
0.583471
0.58347
0.583468
0.583467
0.583465
0.583464
0.583463
0.583461
0.58346
0.583458
0.583457
0.583455
0.583454
0.583452
0.583451
0.583449
0.583448
0.583446
0.583445
0.583443
0.583442
0.58344
0.583439
0.583437
0.583436
0.583434
0.583433
0.583431
0.58343
0.583428
0.583427
0.583425
0.583424
0.583423
0.583421
0.58342
0.583419
0.583417
0.583416
0.583415
0.583414
0.583412
0.583411
0.58341
0.583409
0.583408
0.583407
0.583406
0.583405
0.583405
0.583404
0.583403
0.583402
0.583402
0.583401
0.583401
0.5834
0.5834
0.5834
0.583399
0.583399
0.583399
0.583399
0.583399
0.583399
0.583399
0.583399
0.583399
0.5834
0.5834
0.5834
0.583401
0.583402
0.583402
0.583403
0.583404
0.583405
0.583405
0.583407
0.583408
0.583409
0.58341
0.583411
0.583412
0.583414
0.583415
0.583417
0.583418
0.58342
0.583422
0.583424
0.583426
0.583428
0.58343
0.583432
0.583434
0.583436
0.583439
0.583441
0.583443
0.583446
0.583448
0.583451
0.583454
0.583456
0.583459
0.583462
0.583465
0.583468
0.583471
0.583474
0.583477
0.58348
0.583483
0.583486
0.58349
0.583493
0.583496
0.583499
0.583503
0.583506
0.58351
0.583513
0.583516
0.58352
0.583523
0.583527
0.58353
0.583534
0.583538
0.583541
0.583545
0.583548
0.583552
0.583555
0.583559
0.583562
0.583566
0.583569
0.583573
0.583576
0.58358
0.583583
0.583587
0.58359
0.583594
0.583597
0.5836
0.583603
0.583606
0.58361
0.583613
0.583616
0.583619
0.583622
0.583624
0.583627
0.58363
0.583633
0.583635
0.583638
0.58364
0.583643
0.583645
0.583647
0.58365
0.583652
0.583654
0.583656
0.583658
0.583659
0.583661
0.583663
0.583664
0.583665
0.583667
0.583668
0.583669
0.58367
0.583671
0.583672
0.583672
0.583673
0.583673
0.583673
0.583674
0.583674
0.583674
0.583674
0.583673
0.583673
0.583672
0.583672
0.583671
0.58367
0.583669
0.583668
0.583667
0.583666
0.583664
0.583663
0.583661
0.583659
0.583657
0.583655
0.583653
0.583651
0.583648
0.583646
0.583643
0.58364
0.583638
0.583635
0.583632
0.583628
0.583625
0.583622
0.583618
0.583615
0.583611
0.583607
0.583603
0.583599
0.583595
0.583591
0.583586
0.583582
0.583577
0.583573
0.583568
0.583563
0.583559
0.583554
0.583549
0.583544
0.583539
0.583533
0.583528
0.583523
0.583517
0.583512
0.583506
0.583501
0.583495
0.58349
0.583484
0.583479
0.583473
0.583467
0.583461
0.583455
0.58345
0.583444
0.583438
0.583432
0.583426
0.58342
0.583414
0.583409
0.583403
0.583397
0.583391
0.583385
0.58338
0.583374
0.583368
0.583363
0.583357
0.583352
0.583346
0.583341
0.583335
0.58333
0.583325
0.58332
0.583315
0.583309
0.583305
0.5833
0.583295
0.58329
0.583285
0.583281
0.583276
0.583272
0.583268
0.583263
0.583259
0.583256
0.583252
0.583248
0.583245
0.583241
0.583238
0.583235
0.583232
0.583229
0.583226
0.583223
0.583221
0.583219
0.583216
0.583214
0.583213
0.583211
0.583209
0.583208
0.583207
0.583206
0.583205
0.583204
0.583203
0.583203
0.583203
0.583202
0.583202
0.583203
0.583203
0.583204
0.583205
0.583205
0.583207
0.583208
0.583209
0.583211
0.583213
0.583215
0.583217
0.58322
0.583222
0.583225
0.583228
0.583231
0.583234
0.583237
0.583241
0.583244
0.583248
0.583252
0.583256
0.583261
0.583265
0.58327
0.583275
0.58328
0.583285
0.58329
0.583296
0.583301
0.583307
0.583313
0.583319
0.583325
0.583331
0.583337
0.583344
0.58335
0.583357
0.583364
0.583371
0.583378
0.583385
0.583392
0.583399
0.583407
0.583414
0.583422
0.583429
0.583437
0.583445
0.583453
0.583461
0.583468
0.583476
0.583484
0.583492
0.583501
0.583509
0.583517
0.583525
0.583533
0.583541
0.583549
0.583558
0.583566
0.583574
0.583582
0.58359
0.583598
0.583606
0.583614
0.583622
0.58363
0.583638
0.583646
0.583654
0.583662
0.58367
0.583677
0.583685
0.583692
0.5837
0.583707
0.583714
0.583721
0.583728
0.583735
0.583742
0.583748
0.583755
0.583761
0.583767
0.583773
0.583779
0.583785
0.583791
0.583796
0.583801
0.583807
0.583811
0.583816
0.583821
0.583825
0.58383
0.583834
0.583837
0.583841
0.583845
0.583848
0.583851
0.583854
0.583857
0.583859
0.583861
0.583863
0.583865
0.583867
0.583868
0.58387
0.583871
0.583871
0.583872
0.583872
0.583872
0.583872
0.583872
0.583871
0.58387
0.583869
0.583868
0.583866
0.583864
0.583862
0.58386
0.583858
0.583855
0.583852
0.583849
0.583846
0.583842
0.583838
0.583834
0.58383
0.583825
0.583821
0.583816
0.583811
0.583805
0.5838
0.583794
0.583788
0.583782
0.583776
0.583769
0.583762
0.583755
0.583748
0.583741
0.583734
0.583726
0.583718
0.58371
0.583702
0.583694
0.583686
0.583677
0.583668
0.583659
0.58365
0.583641
0.583632
0.583622
0.583613
0.583603
0.583593
0.583583
0.583574
0.583564
0.583554
0.583543
0.583533
0.583523
0.583512
0.583502
0.583492
0.583481
0.583471
0.58346
0.58345
0.583439
0.583428
0.583418
0.583407
0.583397
0.583386
0.583376
0.583365
0.583355
0.583344
0.583334
0.583324
0.583313
0.583303
0.583293
0.583283
0.583273
0.583263
0.583253
0.583244
0.583234
0.583225
0.583216
0.583206
0.583197
0.583188
0.58318
0.583171
0.583163
0.583154
0.583146
0.583138
0.583131
0.583123
0.583116
0.583109
0.583102
0.583095
0.583088
0.583082
0.583076
0.58307
0.583064
0.583058
0.583053
0.583048
0.583043
0.583039
0.583035
0.583031
0.583027
0.583023
0.58302
0.583017
0.583015
0.583012
0.58301
0.583008
0.583007
0.583005
0.583004
0.583004
0.583003
0.583003
0.583003
0.583004
0.583004
0.583005
0.583007
0.583008
0.58301
0.583012
0.583015
0.583017
0.58302
0.583024
0.583027
0.583031
0.583035
0.583039
0.583044
0.583049
0.583054
0.58306
0.583066
0.583072
0.583078
0.583084
0.583091
0.583098
0.583106
0.583113
0.583121
0.583129
0.583137
0.583146
0.583154
0.583163
0.583172
0.583182
0.583191
0.583201
0.583211
0.583221
0.583232
0.583243
0.583253
0.583264
0.583275
0.583287
0.583298
0.58331
0.583321
0.583333
0.583345
0.583357
0.583369
0.583381
0.583394
0.583406
0.583419
0.583431
0.583444
0.583457
0.583469
0.583482
0.583495
0.583508
0.583521
0.583534
0.583547
0.58356
0.583573
0.583586
0.583599
0.583612
0.583625
0.583638
0.58365
0.583663
0.583676
0.583688
0.583701
0.583713
0.583725
0.583738
0.58375
0.583762
0.583773
0.583785
0.583797
0.583808
0.583819
0.583831
0.583841
0.583852
0.583863
0.583873
0.583883
0.583893
0.583903
0.583913
0.583922
0.583931
0.58394
0.583948
0.583957
0.583965
0.583973
0.58398
0.583987
0.583995
0.584001
0.584008
0.584014
0.58402
0.584026
0.584031
0.584036
0.584041
0.584045
0.584049
0.584053
0.584056
0.584059
0.584062
0.584064
0.584067
0.584068
0.58407
0.584071
0.584072
0.584072
0.584072
0.584072
0.584071
0.58407
0.584069
0.584067
0.584065
0.584063
0.58406
0.584057
0.584053
0.58405
0.584045
0.584041
0.584036
0.584031
0.584026
0.58402
0.584014
0.584007
0.584001
0.583994
0.583986
0.583979
0.583971
0.583962
0.583954
0.583945
0.583936
0.583926
0.583917
0.583907
0.583896
0.583886
0.583875
0.583864
0.583853
0.583841
0.58383
0.583818
0.583806
0.583793
0.583781
0.583768
0.583754
0.583741
0.583728
0.583714
0.5837
0.583686
0.583672
0.583658
0.583643
0.583629
0.583614
0.583599
0.583584
0.58357
0.583554
0.583539
0.583524
0.583509
0.583494
0.583479
0.583463
0.583448
0.583433
0.583417
0.583402
0.583386
0.583371
0.583356
0.58334
0.583325
0.58331
0.583295
0.58328
0.583265
0.58325
0.583236
0.583221
0.583207
0.583192
0.583178
0.583164
0.58315
0.583136
0.583122
0.583109
0.583096
0.583083
0.58307
0.583057
0.583045
0.583033
0.583021
0.583009
0.582998
0.582987
0.582976
0.582965
0.582955
0.582945
0.582935
0.582926
0.582917
0.582908
0.582899
0.582891
0.582883
0.582876
0.582869
0.582862
0.582856
0.58285
0.582844
0.582838
0.582833
0.582829
0.582825
0.582821
0.582817
0.582814
0.582811
0.582809
0.582807
0.582806
0.582805
0.582804
0.582804
0.582804
0.582804
0.582805
0.582806
0.582808
0.58281
0.582813
0.582816
0.582819
0.582823
0.582827
0.582831
0.582836
0.582841
0.582847
0.582853
0.582859
0.582866
0.582873
0.582881
0.582889
0.582897
0.582906
0.582915
0.582924
0.582934
0.582944
0.582954
0.582965
0.582976
0.582987
0.582999
0.583011
0.583023
0.583036
0.583049
0.583062
0.583076
0.583089
0.583103
0.583118
0.583132
0.583147
0.583162
0.583178
0.583193
0.583209
0.583225
0.583241
0.583257
0.583273
0.58329
0.583306
0.583323
0.58334
0.583357
0.583375
0.583392
0.58341
0.583427
0.583445
0.583462
0.58348
0.583498
0.583516
0.583534
0.583551
0.583569
0.583587
0.583605
0.583622
0.58364
0.583658
0.583675
0.583693
0.58371
0.583728
0.583745
0.583762
0.583779
0.583796
0.583812
0.583829
0.583845
0.583861
0.583877
0.583893
0.583909
0.583924
0.583939
0.583954
0.583969
0.583983
0.583997
0.584011
0.584025
0.584038
0.584051
0.584064
0.584076
0.584088
0.5841
0.584112
0.584123
0.584134
0.584144
0.584154
0.584164
0.584173
0.584182
0.58419
0.584198
0.584206
0.584213
0.58422
0.584227
0.584233
0.584239
0.584244
0.584248
0.584253
0.584257
0.58426
0.584263
0.584266
0.584268
0.584269
0.584271
0.584271
0.584272
0.584271
0.584271
0.58427
0.584268
0.584266
0.584264
0.584261
0.584258
0.584254
0.584249
0.584244
0.584239
0.584233
0.584227
0.584221
0.584214
0.584206
0.584198
0.58419
0.584181
0.584172
0.584163
0.584153
0.584142
0.584131
0.58412
0.584108
0.584096
0.584084
0.584071
0.584058
0.584045
0.584031
0.584017
0.584003
0.583988
0.583973
0.583957
0.583942
0.583925
0.583909
0.583892
0.583875
0.583858
0.58384
0.583823
0.583805
0.583787
0.583768
0.58375
0.583731
0.583712
0.583693
0.583674
0.583655
0.583635
0.583616
0.583596
0.583576
0.583556
0.583536
0.583516
0.583496
0.583476
0.583456
0.583435
0.583415
0.583395
0.583375
0.583355
0.583335
0.583315
0.583295
0.583275
0.583255
0.583235
0.583216
0.583196
0.583177
0.583158
0.583139
0.58312
0.583101
0.583083
0.583064
0.583046
0.583028
0.583011
0.582993
0.582976
0.582959
0.582943
0.582926
0.58291
0.582895
0.582879
0.582864
0.582849
0.582835
0.582821
0.582807
0.582794
0.582781
0.582769
0.582757
0.582745
0.582734
0.582723
0.582713
0.582703
0.582694
0.582684
0.582676
0.582668
0.58266
0.582653
0.582646
0.58264
0.582634
0.582629
0.582624
0.58262
0.582616
0.582613
0.58261
0.582608
0.582606
0.582605
0.582604
0.582603
0.582604
0.582604
0.582606
0.582608
0.58261
0.582613
0.582616
0.58262
0.582625
0.58263
0.582635
0.582641
0.582648
0.582655
0.582662
0.58267
0.582678
0.582687
0.582697
0.582707
0.582717
0.582728
0.582739
0.582751
0.582763
0.582776
0.582789
0.582803
0.582817
0.582831
0.582846
0.582861
0.582877
0.582893
0.582909
0.582926
0.582943
0.582961
0.582979
0.582997
0.583015
0.583034
0.583053
0.583072
0.583092
0.583112
0.583132
0.583152
0.583173
0.583194
0.583215
0.583236
0.583257
0.583279
0.5833
0.583322
0.583344
0.583366
0.583389
0.583411
0.583434
0.583456
0.583479
0.583501
0.583524
0.583546
0.583569
0.583591
0.583614
0.583636
0.583659
0.583681
0.583704
0.583726
0.583748
0.58377
0.583792
0.583814
0.583835
0.583857
0.583878
0.583899
0.58392
0.583941
0.583961
0.583981
0.584001
0.584021
0.58404
0.584059
0.584078
0.584096
0.584114
0.584132
0.58415
0.584167
0.584183
0.5842
0.584216
0.584231
0.584246
0.584261
0.584275
0.584289
0.584302
0.584315
0.584328
0.58434
0.584352
0.584363
0.584373
0.584383
0.584393
0.584402
0.58441
0.584418
0.584425
0.584432
0.584438
0.584444
0.58445
0.584454
0.584459
0.584462
0.584465
0.584468
0.584469
0.584471
0.584471
0.584472
0.584471
0.58447
0.584469
0.584467
0.584464
0.58446
0.584456
0.584452
0.584447
0.584441
0.584435
0.584428
0.584421
0.584413
0.584405
0.584396
0.584386
0.584377
0.584366
0.584355
0.584344
0.584331
0.584319
0.584306
0.584292
0.584278
0.584263
0.584248
0.584233
0.584217
0.584201
0.584184
0.584166
0.584149
0.58413
0.584112
0.584093
0.584073
0.584053
0.584033
0.584012
0.583991
0.58397
0.583948
0.583927
0.583905
0.583882
0.58386
0.583837
0.583814
0.583791
0.583767
0.583743
0.583719
0.583695
0.583671
0.583646
0.583622
0.583597
0.583573
0.583548
0.583523
0.583498
0.583473
0.583448
0.583423
0.583398
0.583373
0.583348
0.583323
0.583298
0.583273
0.583248
0.583224
0.583199
0.583175
0.583151
0.583127
0.583103
0.583079
0.583056
0.583032
0.583009
0.582987
0.582964
0.582942
0.58292
0.582898
0.582877
0.582856
0.582835
0.582815
0.582795
0.582775
0.582756
0.582737
0.582719
0.582701
0.582684
0.582666
0.58265
0.582634
0.582618
0.582603
0.582588
0.582574
0.58256
0.582547
0.582534
0.582522
0.582511
0.5825
0.582489
0.582479
0.58247
0.582461
0.582453
0.582446
0.582439
0.582433
0.582427
0.582422
0.582417
0.582414
0.58241
0.582408
0.582406
0.582404
0.582404
0.582403
0.582404
0.582405
0.582407
0.582409
0.582413
0.582416
0.582421
0.582426
0.582431
0.582438
0.582444
0.582452
0.58246
0.582469
0.582478
0.582488
0.582498
0.58251
0.582521
0.582534
0.582547
0.58256
0.582574
0.582588
0.582604
0.582619
0.582635
0.582652
0.582669
0.582687
0.582705
0.582724
0.582743
0.582762
0.582783
0.582803
0.582824
0.582845
0.582867
0.582889
0.582912
0.582935
0.582958
0.582981
0.583005
0.58303
0.583054
0.583079
0.583104
0.58313
0.583155
0.583181
0.583207
0.583233
0.58326
0.583286
0.583313
0.58334
0.583367
0.583394
0.583421
0.583449
0.583476
0.583504
0.583531
0.583558
0.583586
0.583613
0.583641
0.583668
0.583695
0.583723
0.58375
0.583777
0.583803
0.58383
0.583857
0.583883
0.583909
0.583935
0.58396
0.583986
0.584011
0.584036
0.584061
0.584085
0.584109
0.584133
0.584156
0.584179
0.584202
0.584224
0.584246
0.584267
0.584288
0.584308
0.584329
0.584348
0.584367
0.584386
0.584404
0.584422
0.584439
0.584455
0.584471
0.584487
0.584502
0.584516
0.58453
0.584543
0.584556
0.584568
0.584579
0.58459
0.5846
0.584609
0.584618
0.584626
0.584634
0.58464
0.584647
0.584652
0.584657
0.584661
0.584664
0.584667
0.584669
0.584671
0.584672
0.584672
0.584671
0.58467
0.584668
0.584665
0.584661
0.584657
0.584652
0.584646
0.58464
0.584633
0.584626
0.584617
0.584608
0.584599
0.584589
0.584578
0.584566
0.584554
0.584541
0.584528
0.584514
0.584499
0.584484
0.584468
0.584451
0.584434
0.584417
0.584398
0.58438
0.58436
0.584341
0.584321
0.5843
0.584279
0.584257
0.584235
0.584212
0.584189
0.584165
0.584141
0.584117
0.584092
0.584067
0.584041
0.584015
0.583989
0.583962
0.583935
0.583908
0.58388
0.583853
0.583824
0.583796
0.583767
0.583738
0.583709
0.583679
0.58365
0.58362
0.58359
0.58356
0.583531
0.583501
0.583471
0.583441
0.583411
0.583381
0.583351
0.583321
0.583292
0.583262
0.583232
0.583203
0.583174
0.583145
0.583116
0.583087
0.583059
0.583031
0.583002
0.582975
0.582947
0.582919
0.582892
0.582865
0.582839
0.582813
0.582787
0.582762
0.582737
0.582712
0.582688
0.582664
0.582641
0.582618
0.582596
0.582574
0.582553
0.582532
0.582512
0.582492
0.582473
0.582455
0.582437
0.582419
0.582403
0.582387
0.582371
0.582356
0.582342
0.582328
0.582315
0.582303
0.582292
0.582281
0.58227
0.582261
0.582252
0.582244
0.582237
0.58223
0.582224
0.582219
0.582215
0.582211
0.582208
0.582206
0.582205
0.582204
0.582204
0.582205
0.582206
0.582209
0.582212
0.582215
0.58222
0.582225
0.582231
0.582238
0.582246
0.582254
0.582263
0.582272
0.582283
0.582294
0.582306
0.582319
0.582332
0.582346
0.58236
0.582376
0.582392
0.582408
0.582426
0.582444
0.582462
0.582481
0.582501
0.582521
0.582542
0.582564
0.582586
0.582609
0.582632
0.582656
0.58268
0.582705
0.58273
0.582756
0.582782
0.582809
0.582836
0.582863
0.582891
0.582919
0.582948
0.582977
0.583006
0.583036
0.583066
0.583096
0.583126
0.583157
0.583188
0.583219
0.58325
0.583282
0.583314
0.583345
0.583377
0.583409
0.583442
0.583474
0.583506
0.583538
0.583571
0.583603
0.583635
0.583668
0.5837
0.583732
0.583764
0.583795
0.583827
0.583858
0.58389
0.583921
0.583952
0.583982
0.584013
0.584043
0.584073
0.584102
0.584132
0.58416
0.584189
0.584217
0.584245
0.584272
0.584299
0.584325
0.584351
0.584377
0.584402
0.584426
0.58445
0.584474
0.584496
0.584519
0.584541
0.584562
0.584582
0.584602
0.584622
0.58464
0.584658
0.584676
0.584692
0.584708
0.584723
0.584738
0.584752
0.584765
0.584778
0.584789
0.5848
0.58481
0.58482
0.584828
0.584836
0.584843
0.584849
0.584855
0.58486
0.584864
0.584867
0.584869
0.584871
0.584871
0.584871
0.58487
0.584868
0.584866
0.584862
0.584858
0.584853
0.584848
0.584841
0.584834
0.584826
0.584817
0.584807
0.584797
0.584785
0.584774
0.584761
0.584747
0.584733
0.584718
0.584702
0.584686
0.584668
0.58465
0.584631
0.584612
0.584592
0.584571
0.58455
0.584528
0.584505
0.584482
0.584458
0.584433
0.584408
0.584382
0.584356
0.584329
0.584302
0.584275
0.584246
0.584218
0.584189
0.584159
0.584129
0.584099
0.584068
0.584037
0.584006
0.583974
0.583941
0.583909
0.583876
0.583843
0.58381
0.583776
0.583743
0.583709
0.583674
0.58364
0.583606
0.583571
0.583537
0.583502
0.583467
0.583433
0.583398
0.583363
0.583329
0.583294
0.58326
0.583225
0.583191
0.583157
0.583123
0.583089
0.583055
0.583022
0.582989
0.582956
0.582923
0.582891
0.582859
0.582828
0.582796
0.582765
0.582735
0.582705
0.582675
0.582646
0.582617
0.582588
0.58256
0.582533
0.582506
0.58248
0.582454
0.582429
0.582405
0.582381
0.582357
0.582335
0.582313
0.582291
0.582271
0.582251
0.582231
0.582213
0.582195
0.582178
0.582162
0.582146
0.582131
0.582117
0.582103
0.582091
0.582079
0.582068
0.582058
0.582049
0.582041
0.582033
0.582027
0.582021
0.582016
0.582012
0.582008
0.582006
0.582004
0.582003
0.582004
0.582005
0.582006
0.582009
0.582013
0.582017
0.582023
0.582029
0.582036
0.582044
0.582053
0.582063
0.582073
0.582085
0.582097
0.58211
0.582124
0.582138
0.582154
0.58217
0.582187
0.582205
0.582223
0.582243
0.582263
0.582283
0.582305
0.582327
0.58235
0.582374
0.582398
0.582423
0.582448
0.582475
0.582501
0.582529
0.582557
0.582585
0.582615
0.582644
0.582674
0.582705
0.582736
0.582768
0.5828
0.582833
0.582866
0.582899
0.582933
0.582967
0.583002
0.583037
0.583072
0.583107
0.583143
0.583179
0.583215
0.583251
0.583288
0.583324
0.583361
0.583398
0.583435
0.583472
0.583509
0.583546
0.583583
0.58362
0.583657
0.583694
0.583731
0.583768
0.583805
0.583841
0.583878
0.583914
0.58395
0.583986
0.584021
0.584057
0.584091
0.584126
0.58416
0.584194
0.584227
0.58426
0.584293
0.584325
0.584357
0.584388
0.584419
0.584449
0.584479
0.584508
0.584537
0.584565
0.584592
0.584619
0.584645
0.584671
0.584695
0.58472
0.584743
0.584766
0.584788
0.584809
0.58483
0.584849
0.584868
0.584887
0.584904
0.584921
0.584936
0.584951
0.584965
0.584979
0.584991
0.585003
0.585013
0.585023
0.585032
0.58504
0.585047
0.585053
0.585059
0.585063
0.585067
0.585069
0.585071
0.585071
0.585071
0.58507
0.585068
0.585065
0.585061
0.585056
0.585051
0.585044
0.585036
0.585028
0.585018
0.585008
0.584997
0.584984
0.584971
0.584958
0.584943
0.584927
0.584911
0.584894
0.584876
0.584856
0.584837
0.584816
0.584794
0.584772
0.584749
0.584725
0.584701
0.584676
0.58465
0.584623
0.584596
0.584569
0.58454
0.584511
0.584481
0.584451
0.58442
0.584388
0.584356
0.584323
0.584289
0.584255
0.584221
0.584186
0.58415
0.584115
0.584078
0.584042
0.584005
0.583968
0.583931
0.583893
0.583855
0.583817
0.583778
0.58374
0.583701
0.583662
0.583623
0.583584
0.583544
0.583505
0.583465
0.583426
0.583386
0.583347
0.583307
0.583268
0.583228
0.583189
0.58315
0.583111
0.583072
0.583034
0.582996
0.582958
0.58292
0.582882
0.582845
0.582809
0.582772
0.582736
0.582701
0.582665
0.582631
0.582597
0.582563
0.58253
0.582497
0.582465
0.582433
0.582402
0.582372
0.582342
0.582313
0.582284
0.582256
0.582229
0.582203
0.582177
0.582152
0.582128
0.582105
0.582082
0.58206
0.582039
0.582019
0.581999
0.581981
0.581963
0.581946
0.58193
0.581915
0.581901
0.581888
0.581876
0.581865
0.581854
0.581845
0.581836
0.581829
0.581822
0.581817
0.581812
0.581809
0.581806
0.581804
0.581804
0.581804
0.581805
0.581808
0.581811
0.581815
0.58182
0.581826
0.581834
0.581842
0.581851
0.581861
0.581872
0.581884
0.581897
0.581911
0.581926
0.581941
0.581958
0.581976
0.581994
0.582014
0.582034
0.582055
0.582077
0.5821
0.582123
0.582148
0.582173
0.582199
0.582226
0.582254
0.582282
0.582311
0.582341
0.582371
0.582402
0.582434
0.582467
0.5825
0.582533
0.582568
0.582603
0.582638
0.582674
0.582711
0.582748
0.582785
0.582823
0.582861
0.5829
0.582939
0.582978
0.583018
0.583058
0.583098
0.583139
0.58318
0.583221
0.583262
0.583303
0.583345
0.583386
0.583428
0.58347
0.583512
0.583554
0.583596
0.583638
0.583679
0.583721
0.583763
0.583804
0.583846
0.583887
0.583928
0.583969
0.584009
0.58405
0.58409
0.58413
0.584169
0.584208
0.584247
0.584285
0.584323
0.584361
0.584398
0.584434
0.58447
0.584505
0.584539
0.584573
0.584607
0.58464
0.584672
0.584703
0.584734
0.584764
0.584794
0.584822
0.58485
0.584878
0.584904
0.584929
0.584954
0.584978
0.585001
0.585023
0.585044
0.585065
0.585084
0.585103
0.585121
0.585138
0.585153
0.585168
0.585182
0.585195
0.585207
0.585218
0.585228
0.585237
0.585245
0.585252
0.585258
0.585262
0.585266
0.585269
0.585271
0.585271
0.585271
0.58527
0.585267
0.585264
0.585259
0.585254
0.585247
0.58524
0.585231
0.585221
0.585211
0.585199
0.585186
0.585172
0.585157
0.585142
0.585125
0.585107
0.585088
0.585069
0.585048
0.585027
0.585005
0.584981
0.584957
0.584932
0.584906
0.584879
0.584852
0.584824
0.584795
0.584765
0.584734
0.584703
0.584671
0.584638
0.584604
0.58457
0.584534
0.584499
0.584462
0.584425
0.584387
0.584349
0.584311
0.584272
0.584232
0.584192
0.584152
0.584111
0.584069
0.584028
0.583986
0.583943
0.5839
0.583857
0.583814
0.583771
0.583727
0.583683
0.58364
0.583596
0.583551
0.583507
0.583463
0.583419
0.583375
0.583331
0.583286
0.583242
0.583198
0.583154
0.58311
0.583066
0.583023
0.582979
0.582936
0.582894
0.582851
0.582809
0.582768
0.582726
0.582686
0.582645
0.582605
0.582566
0.582527
0.582489
0.582451
0.582414
0.582377
0.582341
0.582306
0.582271
0.582237
0.582204
0.582171
0.582139
0.582108
0.582078
0.582048
0.582019
0.581991
0.581964
0.581938
0.581913
0.581889
0.581865
0.581843
0.581821
0.581801
0.581781
0.581762
0.581745
0.581728
0.581712
0.581697
0.581684
0.581671
0.58166
0.581649
0.58164
0.581631
0.581624
0.581618
0.581613
0.581609
0.581606
0.581604
0.581603
0.581604
0.581606
0.581608
0.581612
0.581617
0.581623
0.58163
0.581638
0.581647
0.581658
0.581669
0.581681
0.581695
0.581709
0.581725
0.581742
0.581759
0.581778
0.581798
0.581819
0.58184
0.581863
0.581887
0.581912
0.581937
0.581964
0.581991
0.58202
0.582049
0.582079
0.58211
0.582142
0.582174
0.582208
0.582242
0.582277
0.582313
0.582349
0.582386
0.582424
0.582462
0.582501
0.58254
0.58258
0.582621
0.582662
0.582704
0.582746
0.582789
0.582832
0.582876
0.58292
0.582964
0.583009
0.583054
0.583099
0.583145
0.583191
0.583237
0.583283
0.583329
0.583376
0.583422
0.583469
0.583515
0.583562
0.583609
0.583656
0.583702
0.583749
0.583795
0.583841
0.583888
0.583933
0.583979
0.584025
0.58407
0.584115
0.584159
0.584204
0.584247
0.584291
0.584334
0.584377
0.584419
0.58446
0.584502
0.584542
0.584582
0.584621
0.584659
0.584697
0.584734
0.584771
0.584806
0.584841
0.584876
0.584909
0.584942
0.584974
0.585005
0.585036
0.585065
0.585093
0.585121
0.585148
0.585173
0.585198
0.585221
0.585244
0.585265
0.585286
0.585305
0.585324
0.585341
0.585358
0.585373
0.585388
0.585401
0.585413
0.585424
0.585434
0.585443
0.58545
0.585457
0.585462
0.585466
0.585469
0.585471
0.585471
0.585471
0.585469
0.585466
0.585462
0.585457
0.585451
0.585443
0.585435
0.585425
0.585414
0.585402
0.585389
0.585374
0.585359
0.585343
0.585325
0.585307
0.585287
0.585266
0.585245
0.585222
0.585198
0.585173
0.585147
0.58512
0.585092
0.585064
0.585034
0.585003
0.584972
0.584939
0.584906
0.584871
0.584836
0.5848
0.584764
0.584726
0.584688
0.584649
0.584609
0.584569
0.584528
0.584486
0.584444
0.584401
0.584358
0.584314
0.58427
0.584225
0.584179
0.584133
0.584087
0.58404
0.583993
0.583946
0.583899
0.583851
0.583802
0.583754
0.583706
0.583657
0.583608
0.583559
0.58351
0.583461
0.583412
0.583363
0.583313
0.583264
0.583215
0.583166
0.583118
0.583069
0.583021
0.582972
0.582925
0.582877
0.58283
0.582783
0.582737
0.582691
0.582645
0.582599
0.582555
0.58251
0.582467
0.582424
0.582381
0.582339
0.582298
0.582257
0.582217
0.582178
0.58214
0.582102
0.582065
0.582029
0.581994
0.58196
0.581926
0.581894
0.581862
0.581831
0.581801
0.581772
0.581744
0.581717
0.581691
0.581666
0.581643
0.58162
0.581598
0.581577
0.581558
0.581539
0.581522
0.581505
0.581491
0.581477
0.581464
0.581453
0.581442
0.581433
0.581425
0.581419
0.581413
0.581409
0.581406
0.581404
0.581403
0.581404
0.581406
0.581409
0.581413
0.581418
0.581425
0.581433
0.581442
0.581452
0.581464
0.581476
0.58149
0.581505
0.581521
0.581539
0.581557
0.581577
0.581598
0.58162
0.581643
0.581667
0.581692
0.581718
0.581745
0.581774
0.581803
0.581834
0.581865
0.581898
0.581931
0.581966
0.582001
0.582037
0.582074
0.582112
0.58215
0.58219
0.58223
0.582271
0.582313
0.582355
0.582398
0.582442
0.582487
0.582532
0.582577
0.582624
0.58267
0.582717
0.582765
0.582813
0.582861
0.58291
0.58296
0.583009
0.583059
0.58311
0.58316
0.583211
0.583262
0.583313
0.583364
0.583416
0.583467
0.583519
0.58357
0.583622
0.583673
0.583725
0.583776
0.583827
0.583878
0.583929
0.58398
0.58403
0.58408
0.58413
0.58418
0.584229
0.584278
0.584326
0.584374
0.584421
0.584468
0.584514
0.58456
0.584605
0.58465
0.584694
0.584737
0.584779
0.584821
0.584862
0.584902
0.584942
0.58498
0.585018
0.585055
0.585091
0.585126
0.58516
0.585193
0.585225
0.585257
0.585287
0.585316
0.585344
0.585371
0.585397
0.585422
0.585446
0.585469
0.58549
0.58551
0.58553
0.585548
0.585564
0.58558
0.585594
0.585608
0.58562
0.58563
0.58564
0.585648
0.585655
0.585661
0.585665
0.585669
0.585671
0.585671
0.585671
0.585669
0.585666
0.585661
0.585656
0.585649
0.58564
0.585631
0.58562
0.585608
0.585595
0.58558
0.585564
0.585547
0.585529
0.58551
0.585489
0.585467
0.585445
0.58542
0.585395
0.585369
0.585342
0.585313
0.585284
0.585253
0.585222
0.585189
0.585155
0.58512
0.585084
0.585048
0.58501
0.584972
0.584932
0.584892
0.58485
0.584808
0.584766
0.584722
0.584677
0.584632
0.584586
0.584539
0.584492
0.584444
0.584396
0.584347
0.584298
0.584248
0.584198
0.584147
0.584096
0.584044
0.583992
0.58394
0.583887
0.583834
0.583781
0.583727
0.583674
0.58362
0.583566
0.583512
0.583458
0.583404
0.58335
0.583296
0.583243
0.583189
0.583135
0.583082
0.583028
0.582975
0.582923
0.58287
0.582818
0.582766
0.582715
0.582663
0.582613
0.582563
0.582513
0.582464
0.582415
0.582367
0.58232
0.582273
0.582227
0.582182
0.582137
0.582094
0.582051
0.582009
0.581968
0.581927
0.581888
0.581849
0.581811
0.581775
0.581739
0.581704
0.58167
0.581638
0.581606
0.581575
0.581546
0.581517
0.58149
0.581464
0.581439
0.581415
0.581393
0.581371
0.581351
0.581332
0.581315
0.581299
0.581283
0.58127
0.581257
0.581246
0.581236
0.581227
0.58122
0.581214
0.581209
0.581206
0.581204
0.581203
0.581204
0.581206
0.58121
0.581214
0.581221
0.581228
0.581237
0.581247
0.581258
0.581271
0.581285
0.5813
0.581316
0.581334
0.581353
0.581374
0.581395
0.581418
0.581442
0.581467
0.581494
0.581522
0.58155
0.58158
0.581612
0.581644
0.581678
0.581712
0.581748
0.581784
0.581822
0.581861
0.5819
0.581941
0.581982
0.582025
0.582068
0.582112
0.582157
0.582202
0.582249
0.582296
0.582344
0.582393
0.582442
0.582492
0.582542
0.582594
0.582645
0.582697
0.58275
0.582803
0.582857
0.582911
0.582965
0.58302
0.583075
0.58313
0.583186
0.583242
0.583298
0.583354
0.58341
0.583466
0.583522
0.583579
0.583635
0.583691
0.583747
0.583803
0.583859
0.583915
0.58397
0.584026
0.584081
0.584136
0.58419
0.584244
0.584298
0.584351
0.584404
0.584456
0.584508
0.584559
0.58461
0.58466
0.584709
0.584758
0.584806
0.584853
0.5849
0.584945
0.58499
0.585034
0.585077
0.585119
0.58516
0.5852
0.585239
0.585278
0.585315
0.585351
0.585386
0.58542
0.585453
0.585485
0.585515
0.585545
0.585573
0.585601
0.585626
0.585651
0.585675
0.585697
0.585718
0.585737
0.585756
0.585773
0.585788
0.585803
0.585816
0.585827
0.585838
0.585847
0.585854
0.58586
0.585865
0.585868
0.58587
0.585871
0.58587
0.585868
0.585865
0.58586
0.585854
0.585846
0.585837
0.585827
0.585815
0.585802
0.585787
0.585771
0.585754
0.585735
0.585716
0.585695
0.585672
0.585649
0.585624
0.585597
0.58557
0.585541
0.585511
0.585479
0.585447
0.585413
0.585378
0.585342
0.585305
0.585267
0.585228
0.585188
0.585147
0.585105
0.585062
0.585018
0.584973
0.584927
0.58488
0.584832
0.584784
0.584734
0.584684
0.584634
0.584582
0.58453
0.584478
0.584424
0.584371
0.584316
0.584261
0.584206
0.58415
0.584094
0.584037
0.58398
0.583923
0.583865
0.583807
0.583749
0.583691
0.583632
0.583574
0.583515
0.583456
0.583397
0.583338
0.583279
0.583221
0.583162
0.583103
0.583045
0.582987
0.582929
0.582872
0.582815
0.582758
0.582702
0.582646
0.58259
0.582535
0.582481
0.582427
0.582373
0.58232
0.582268
0.582217
0.582166
0.582116
0.582067
0.582018
0.581971
0.581924
0.581878
0.581833
0.581789
0.581746
0.581704
0.581663
0.581623
0.581584
0.581546
0.58151
0.581474
0.58144
0.581407
0.581375
0.581344
0.581314
0.581286
0.581259
0.581233
0.581208
0.581185
0.581163
0.581143
0.581124
0.581106
0.581089
0.581074
0.581061
0.581049
0.581038
0.581029
0.581021
0.581014
0.58101
0.581006
0.581004
0.581004
0.581004
0.581007
0.581011
0.581016
0.581022
0.581031
0.58104
0.581051
0.581063
0.581077
0.581092
0.581109
0.581127
0.581147
0.581167
0.58119
0.581213
0.581238
0.581265
0.581292
0.581321
0.581352
0.581383
0.581416
0.58145
0.581485
0.581521
0.581559
0.581598
0.581637
0.581678
0.58172
0.581763
0.581807
0.581852
0.581898
0.581945
0.581993
0.582042
0.582091
0.582142
0.582193
0.582245
0.582298
0.582351
0.582406
0.582461
0.582516
0.582572
0.582629
0.582687
0.582744
0.582803
0.582861
0.58292
0.58298
0.58304
0.5831
0.58316
0.583221
0.583281
0.583342
0.583403
0.583464
0.583525
0.583586
0.583647
0.583709
0.58377
0.583831
0.583891
0.583952
0.584012
0.584072
0.584132
0.584192
0.584251
0.584309
0.584367
0.584425
0.584482
0.584539
0.584595
0.584651
0.584706
0.58476
0.584813
0.584866
0.584918
0.584969
0.585019
0.585069
0.585117
0.585165
0.585211
0.585257
0.585302
0.585345
0.585388
0.585429
0.58547
0.585509
0.585547
0.585584
0.585619
0.585654
0.585687
0.585719
0.585749
0.585779
0.585807
0.585834
0.585859
0.585883
0.585906
0.585927
0.585947
0.585965
0.585982
0.585997
0.586011
0.586024
0.586035
0.586045
0.586053
0.58606
0.586065
0.586068
0.586071
0.586071
0.586071
0.586068
0.586064
0.586059
0.586053
0.586044
0.586034
0.586023
0.58601
0.585996
0.58598
0.585963
0.585944
0.585924
0.585902
0.585879
0.585854
0.585829
0.585801
0.585773
0.585743
0.585711
0.585679
0.585645
0.585609
0.585573
0.585535
0.585496
0.585456
0.585415
0.585373
0.585329
0.585284
0.585239
0.585192
0.585144
0.585096
0.585046
0.584995
0.584944
0.584892
0.584838
0.584784
0.58473
0.584674
0.584618
0.584561
0.584503
0.584445
0.584385
0.584326
0.584266
0.584205
0.584144
0.584083
0.584021
0.583959
0.583896
0.583833
0.58377
0.583707
0.583644
0.58358
0.583517
0.583453
0.58339
0.583326
0.583262
0.583199
0.583135
0.583072
0.583009
0.582946
0.582884
0.582821
0.58276
0.582698
0.582637
0.582577
0.582517
0.582458
0.582399
0.58234
0.582283
0.582225
0.582169
0.582113
0.582058
0.582004
0.581951
0.581898
0.581847
0.581796
0.581747
0.581698
0.581651
0.581604
0.581559
0.581515
0.581471
0.581429
0.581389
0.581349
0.581311
0.581274
0.581238
0.581203
0.58117
0.581138
0.581107
0.581078
0.58105
0.581024
0.580999
0.580975
0.580953
0.580932
0.580913
0.580895
0.580879
0.580865
0.580852
0.58084
0.58083
0.580822
0.580815
0.58081
0.580806
0.580804
0.580804
0.580805
0.580807
0.580812
0.580817
0.580825
0.580833
0.580844
0.580856
0.58087
0.580885
0.580901
0.580919
0.580939
0.58096
0.580983
0.581007
0.581032
0.581059
0.581087
0.581117
0.581149
0.581181
0.581215
0.58125
0.581287
0.581325
0.581364
0.581405
0.581447
0.581489
0.581534
0.581579
0.581625
0.581673
0.581721
0.581771
0.581822
0.581873
0.581926
0.58198
0.582034
0.58209
0.582146
0.582203
0.582261
0.582319
0.582379
0.582439
0.582499
0.582561
0.582622
0.582685
0.582748
0.582811
0.582875
0.58294
0.583004
0.583069
0.583134
0.5832
0.583265
0.583331
0.583397
0.583463
0.583529
0.583595
0.583661
0.583727
0.583792
0.583858
0.583923
0.583989
0.584054
0.584118
0.584183
0.584247
0.58431
0.584373
0.584436
0.584498
0.58456
0.584621
0.584682
0.584742
0.584801
0.584859
0.584917
0.584974
0.58503
0.585085
0.585139
0.585192
0.585245
0.585296
0.585346
0.585395
0.585444
0.58549
0.585536
0.585581
0.585624
0.585667
0.585708
0.585747
0.585786
0.585823
0.585858
0.585893
0.585926
0.585957
0.585987
0.586016
0.586044
0.586069
0.586094
0.586117
0.586138
0.586158
0.586176
0.586192
0.586207
0.586221
0.586233
0.586243
0.586252
0.586259
0.586264
0.586268
0.586271
0.586271
0.586271
0.586268
0.586264
0.586258
0.58625
0.586241
0.586231
0.586218
0.586204
0.586189
0.586172
0.586153
0.586133
0.586111
0.586087
0.586063
0.586036
0.586008
0.585979
0.585948
0.585916
0.585882
0.585847
0.58581
0.585772
0.585733
0.585692
0.58565
0.585607
0.585562
0.585517
0.58547
0.585422
0.585373
0.585322
0.585271
0.585218
0.585165
0.58511
0.585055
0.584999
0.584941
0.584883
0.584824
0.584764
0.584703
0.584642
0.58458
0.584517
0.584453
0.584389
0.584325
0.584259
0.584194
0.584128
0.584061
0.583994
0.583927
0.583859
0.583792
0.583724
0.583655
0.583587
0.583519
0.58345
0.583382
0.583313
0.583245
0.583177
0.583109
0.583041
0.582973
0.582905
0.582838
0.582771
0.582705
0.582639
0.582573
0.582508
0.582443
0.582379
0.582316
0.582253
0.582191
0.58213
0.582069
0.58201
0.581951
0.581892
0.581835
0.581779
0.581723
0.581669
0.581616
0.581564
0.581513
0.581463
0.581414
0.581366
0.58132
0.581274
0.58123
0.581188
0.581146
0.581106
0.581068
0.581031
0.580995
0.580961
0.580928
0.580897
0.580867
0.580839
0.580812
0.580787
0.580763
0.580741
0.58072
0.580702
0.580684
0.580669
0.580655
0.580643
0.580632
0.580623
0.580616
0.58061
0.580607
0.580604
0.580604
0.580605
0.580608
0.580612
0.580619
0.580627
0.580636
0.580647
0.58066
0.580675
0.580691
0.580709
0.580728
0.580749
0.580772
0.580796
0.580822
0.58085
0.580879
0.580909
0.580941
0.580975
0.58101
0.581047
0.581085
0.581124
0.581165
0.581207
0.581251
0.581296
0.581342
0.58139
0.581439
0.581489
0.58154
0.581592
0.581646
0.5817
0.581756
0.581812
0.58187
0.581928
0.581988
0.582048
0.582109
0.582171
0.582234
0.582298
0.582362
0.582427
0.582493
0.582559
0.582626
0.582694
0.582762
0.582831
0.582899
0.582969
0.583038
0.583108
0.583178
0.583249
0.583319
0.58339
0.583461
0.583532
0.583603
0.583673
0.583744
0.583815
0.583885
0.583955
0.584025
0.584095
0.584164
0.584233
0.584302
0.58437
0.584438
0.584506
0.584572
0.584639
0.584704
0.584769
0.584833
0.584896
0.584959
0.585021
0.585081
0.585141
0.585201
0.585259
0.585316
0.585372
0.585427
0.585481
0.585533
0.585585
0.585635
0.585684
0.585732
0.585779
0.585824
0.585868
0.585911
0.585952
0.585992
0.58603
0.586067
0.586102
0.586136
0.586168
0.586199
0.586228
0.586255
0.586281
0.586306
0.586328
0.586349
0.586369
0.586387
0.586403
0.586417
0.58643
0.586441
0.586451
0.586458
0.586464
0.586468
0.586471
0.586472
0.586471
0.586468
0.586463
0.586457
0.586449
0.586439
0.586427
0.586414
0.586399
0.586382
0.586364
0.586344
0.586322
0.586299
0.586274
0.586247
0.586219
0.586189
0.586157
0.586124
0.58609
0.586053
0.586016
0.585976
0.585936
0.585894
0.58585
0.585805
0.585759
0.585711
0.585662
0.585612
0.58556
0.585508
0.585454
0.585398
0.585342
0.585285
0.585226
0.585167
0.585106
0.585045
0.584982
0.584919
0.584855
0.58479
0.584724
0.584657
0.58459
0.584522
0.584453
0.584384
0.584314
0.584244
0.584173
0.584102
0.58403
0.583958
0.583886
0.583813
0.583741
0.583668
0.583595
0.583521
0.583448
0.583375
0.583302
0.583228
0.583155
0.583082
0.58301
0.582937
0.582865
0.582793
0.582721
0.58265
0.582579
0.582509
0.582439
0.58237
0.582302
0.582234
0.582167
0.5821
0.582035
0.58197
0.581906
0.581843
0.581781
0.581719
0.581659
0.5816
0.581542
0.581485
0.581429
0.581375
0.581321
0.581269
0.581218
0.581169
0.58112
0.581074
0.581028
0.580984
0.580941
0.5809
0.58086
0.580822
0.580785
0.58075
0.580716
0.580685
0.580654
0.580626
0.580599
0.580573
0.58055
0.580528
0.580508
0.58049
0.580473
0.580458
0.580445
0.580434
0.580424
0.580417
0.580411
0.580407
0.580405
0.580404
0.580405
0.580408
0.580413
0.58042
0.580429
0.580439
0.580451
0.580465
0.580481
0.580498
0.580517
0.580538
0.580561
0.580585
0.580612
0.580639
0.580669
0.5807
0.580733
0.580767
0.580803
0.580841
0.58088
0.58092
0.580963
0.581006
0.581051
0.581098
0.581146
0.581195
0.581246
0.581298
0.581351
0.581406
0.581462
0.581519
0.581577
0.581636
0.581697
0.581758
0.581821
0.581884
0.581949
0.582014
0.582081
0.582148
0.582216
0.582285
0.582355
0.582425
0.582496
0.582567
0.582639
0.582712
0.582785
0.582859
0.582933
0.583007
0.583082
0.583157
0.583232
0.583308
0.583383
0.583459
0.583535
0.58361
0.583686
0.583761
0.583837
0.583912
0.583987
0.584062
0.584136
0.584211
0.584284
0.584358
0.58443
0.584503
0.584575
0.584646
0.584717
0.584787
0.584856
0.584924
0.584992
0.585059
0.585125
0.58519
0.585254
0.585317
0.585379
0.58544
0.5855
0.585558
0.585616
0.585672
0.585727
0.585781
0.585833
0.585884
0.585934
0.585982
0.586029
0.586074
0.586118
0.58616
0.586201
0.58624
0.586278
0.586314
0.586348
0.586381
0.586412
0.586442
0.586469
0.586495
0.58652
0.586542
0.586563
0.586582
0.586599
0.586615
0.586628
0.58664
0.58665
0.586658
0.586664
0.586669
0.586671
0.586672
0.58667
0.586667
0.586662
0.586655
0.586647
0.586636
0.586624
0.58661
0.586594
0.586576
0.586556
0.586535
0.586512
0.586487
0.58646
0.586431
0.586401
0.586369
0.586335
0.5863
0.586263
0.586224
0.586184
0.586142
0.586098
0.586053
0.586007
0.585959
0.585909
0.585858
0.585806
0.585752
0.585697
0.585641
0.585583
0.585525
0.585465
0.585404
0.585342
0.585278
0.585214
0.585148
0.585081
0.585014
0.584945
0.584876
0.584806
0.584735
0.584663
0.58459
0.584517
0.584443
0.584369
0.584293
0.584218
0.584142
0.584065
0.583989
0.583912
0.583834
0.583757
0.583679
0.583601
0.583524
0.583446
0.583368
0.58329
0.583212
0.583134
0.583056
0.582978
0.582901
0.582824
0.582747
0.582671
0.582595
0.58252
0.582445
0.58237
0.582297
0.582224
0.582151
0.58208
0.582009
0.581939
0.58187
0.581802
0.581734
0.581668
0.581603
0.581539
0.581476
0.581414
0.581354
0.581294
0.581236
0.581179
0.581124
0.58107
0.581017
0.580965
0.580916
0.580867
0.58082
0.580775
0.580731
0.580689
0.580648
0.580609
0.580571
0.580535
0.580501
0.580469
0.580439
0.58041
0.580383
0.580359
0.580335
0.580314
0.580295
0.580277
0.580261
0.580248
0.580236
0.580226
0.580218
0.580212
0.580207
0.580205
0.580204
0.580206
0.580209
0.580215
0.580222
0.580231
0.580242
0.580255
0.58027
0.580286
0.580305
0.580326
0.580348
0.580372
0.580398
0.580426
0.580455
0.580487
0.58052
0.580555
0.580591
0.58063
0.58067
0.580711
0.580755
0.5808
0.580846
0.580894
0.580944
0.580995
0.581047
0.581101
0.581157
0.581213
0.581272
0.581331
0.581392
0.581454
0.581517
0.581581
0.581647
0.581713
0.581781
0.58185
0.581919
0.58199
0.582062
0.582134
0.582207
0.582282
0.582356
0.582432
0.582508
0.582585
0.582662
0.58274
0.582819
0.582897
0.582977
0.583056
0.583136
0.583216
0.583296
0.583377
0.583457
0.583538
0.583618
0.583699
0.583779
0.583859
0.583939
0.584019
0.584098
0.584178
0.584256
0.584335
0.584413
0.58449
0.584567
0.584644
0.58472
0.584795
0.584869
0.584943
0.585016
0.585087
0.585158
0.585229
0.585298
0.585366
0.585433
0.585499
0.585564
0.585627
0.58569
0.585751
0.58581
0.585868
0.585925
0.585981
0.586035
0.586088
0.586139
0.586189
0.586237
0.586284
0.586329
0.586372
0.586414
0.586454
0.586492
0.586529
0.586563
0.586597
0.586628
0.586657
0.586685
0.586711
0.586735
0.586757
0.586777
0.586795
0.586811
0.586826
0.586838
0.586848
0.586857
0.586864
0.586868
0.586871
0.586872
0.58687
0.586867
0.586862
0.586854
0.586845
0.586834
0.586821
0.586805
0.586788
0.586769
0.586749
0.586726
0.586701
0.586674
0.586646
0.586616
0.586583
0.586549
0.586514
0.586476
0.586436
0.586395
0.586352
0.586308
0.586262
0.586214
0.586164
0.586113
0.58606
0.586006
0.58595
0.585893
0.585835
0.585775
0.585714
0.585651
0.585588
0.585523
0.585457
0.585389
0.585321
0.585251
0.58518
0.585108
0.585036
0.584962
0.584887
0.584811
0.584735
0.584658
0.58458
0.584501
0.584422
0.584343
0.584263
0.584182
0.584101
0.58402
0.583938
0.583856
0.583773
0.583691
0.583608
0.583525
0.583442
0.583359
0.583276
0.583194
0.583111
0.583028
0.582946
0.582864
0.582782
0.582701
0.58262
0.58254
0.58246
0.58238
0.582302
0.582223
0.582146
0.582069
0.581993
0.581918
0.581844
0.581771
0.581699
0.581628
0.581557
0.581488
0.58142
0.581353
0.581288
0.581223
0.58116
0.581099
0.581038
0.580979
0.580922
0.580866
0.580811
0.580759
0.580707
0.580658
0.580609
0.580562
0.580517
0.580474
0.580433
0.580393
0.580355
0.580319
0.580285
0.580253
0.580222
0.580194
0.580168
0.580143
0.580121
0.5801
0.580081
0.580065
0.58005
0.580038
0.580027
0.580019
0.580012
0.580008
0.580005
0.580005
0.580007
0.58001
0.580016
0.580023
0.580033
0.580045
0.580059
0.580075
0.580093
0.580112
0.580134
0.580158
0.580183
0.580211
0.58024
0.580272
0.580305
0.58034
0.580377
0.580416
0.580456
0.580499
0.580543
0.580589
0.580637
0.580686
0.580737
0.580789
0.580844
0.580899
0.580957
0.581016
0.581076
0.581137
0.5812
0.581265
0.581331
0.581398
0.581466
0.581535
0.581606
0.581678
0.581751
0.581825
0.5819
0.581976
0.582052
0.58213
0.582209
0.582288
0.582368
0.582449
0.58253
0.582612
0.582695
0.582778
0.582861
0.582945
0.58303
0.583114
0.583199
0.583284
0.583369
0.583455
0.58354
0.583625
0.583711
0.583796
0.583881
0.583966
0.58405
0.584135
0.584219
0.584303
0.584386
0.584468
0.58455
0.584632
0.584713
0.584793
0.584873
0.584951
0.585029
0.585106
0.585183
0.585258
0.585332
0.585405
0.585478
0.585549
0.585618
0.585687
0.585754
0.585821
0.585885
0.585948
0.58601
0.586071
0.58613
0.586187
0.586243
0.586297
0.58635
0.586401
0.58645
0.586498
0.586544
0.586588
0.58663
0.586671
0.586709
0.586746
0.586781
0.586815
0.586846
0.586875
0.586902
0.586928
0.586951
0.586972
0.586991
0.587008
0.587024
0.587037
0.587048
0.587057
0.587064
0.587069
0.587072
0.587072
0.587071
0.587067
0.587062
0.587054
0.587044
0.587032
0.587018
0.587001
0.586983
0.586963
0.58694
0.586916
0.58689
0.586862
0.586831
0.586799
0.586765
0.586729
0.586691
0.586652
0.58661
0.586566
0.586521
0.586474
0.586425
0.586374
0.586322
0.586268
0.586212
0.586155
0.586096
0.586036
0.585974
0.58591
0.585846
0.585779
0.585712
0.585643
0.585572
0.585501
0.585428
0.585354
0.585279
0.585203
0.585126
0.585048
0.584969
0.584889
0.584808
0.584726
0.584644
0.584561
0.584477
0.584393
0.584308
0.584223
0.584137
0.584051
0.583964
0.583877
0.58379
0.583703
0.583615
0.583527
0.58344
0.583352
0.583264
0.583177
0.583089
0.583002
0.582915
0.582828
0.582742
0.582656
0.58257
0.582485
0.5824
0.582316
0.582233
0.58215
0.582068
0.581987
0.581907
0.581828
0.581749
0.581672
0.581595
0.58152
0.581445
0.581372
0.5813
0.58123
0.581161
0.581093
0.581026
0.580961
0.580897
0.580834
0.580774
0.580714
0.580657
0.580601
0.580546
0.580493
0.580443
0.580393
0.580346
0.5803
0.580257
0.580215
0.580175
0.580137
0.580101
0.580067
0.580035
0.580005
0.579977
0.579951
0.579927
0.579905
0.579886
0.579868
0.579853
0.579839
0.579828
0.579819
0.579812
0.579808
0.579805
0.579805
0.579807
0.579811
0.579817
0.579825
0.579835
0.579848
0.579863
0.579879
0.579898
0.579919
0.579942
0.579967
0.579994
0.580023
0.580055
0.580088
0.580123
0.58016
0.5802
0.580241
0.580284
0.580329
0.580376
0.580425
0.580475
0.580527
0.580581
0.580637
0.580695
0.580754
0.580814
0.580877
0.58094
0.581006
0.581072
0.58114
0.58121
0.581281
0.581353
0.581426
0.581501
0.581577
0.581654
0.581732
0.581811
0.581891
0.581972
0.582054
0.582137
0.582221
0.582305
0.58239
0.582476
0.582563
0.58265
0.582738
0.582826
0.582915
0.583004
0.583093
0.583183
0.583273
0.583363
0.583453
0.583543
0.583634
0.583724
0.583814
0.583904
0.583993
0.584083
0.584172
0.584261
0.584349
0.584437
0.584524
0.584611
0.584697
0.584782
0.584867
0.584951
0.585034
0.585117
0.585198
0.585279
0.585358
0.585436
0.585514
0.58559
0.585665
0.585739
0.585811
0.585882
0.585952
0.58602
0.586087
0.586152
0.586216
0.586278
0.586339
0.586398
0.586455
0.586511
0.586565
0.586616
0.586667
0.586715
0.586762
0.586806
0.586849
0.58689
0.586929
0.586966
0.587001
0.587034
0.587065
0.587093
0.58712
0.587144
0.587167
0.587187
0.587205
0.587221
0.587235
0.587247
0.587256
0.587263
0.587268
0.587271
0.587272
0.58727
0.587267
0.587261
0.587252
0.587242
0.587229
0.587214
0.587197
0.587178
0.587157
0.587133
0.587107
0.58708
0.58705
0.587018
0.586984
0.586947
0.586909
0.586869
0.586827
0.586783
0.586737
0.586689
0.586639
0.586587
0.586533
0.586478
0.586421
0.586362
0.586301
0.586239
0.586175
0.58611
0.586043
0.585975
0.585905
0.585834
0.585761
0.585687
0.585611
0.585535
0.585457
0.585378
0.585298
0.585216
0.585134
0.58505
0.584966
0.584881
0.584795
0.584708
0.58462
0.584532
0.584443
0.584353
0.584263
0.584172
0.584081
0.58399
0.583898
0.583806
0.583714
0.583622
0.583529
0.583437
0.583344
0.583252
0.583159
0.583067
0.582975
0.582884
0.582792
0.582701
0.582611
0.58252
0.58243
0.582341
0.582253
0.582165
0.582078
0.581991
