0.527953
0.527954
0.527955
0.527955
0.527956
0.527956
0.527957
0.527957
0.527958
0.527958
0.527959
0.527959
0.527959
0.52796
0.52796
0.52796
0.527961
0.527961
0.527961
0.527961
0.527961
0.527961
0.527961
0.527961
0.527961
0.527961
0.527961
0.527961
0.52796
0.52796
0.52796
0.527959
0.527959
0.527959
0.527958
0.527958
0.527957
0.527956
0.527956
0.527955
0.527954
0.527954
0.527953
0.527952
0.527951
0.52795
0.527949
0.527949
0.527948
0.527947
0.527945
0.527944
0.527943
0.527942
0.527941
0.52794
0.527939
0.527937
0.527936
0.527935
0.527934
0.527932
0.527931
0.527929
0.527928
0.527927
0.527925
0.527924
0.527922
0.527921
0.527919
