0.575582
0.575584
0.575586
0.575587
0.575588
0.575589
0.575589
0.57559
0.57559
0.575589
0.575589
0.575588
0.575587
0.575586
0.575584
0.575582
0.57558
0.575578
0.575575
0.575573
0.57557
0.575566
0.575563
0.57556
0.575556
0.575552
0.575548
0.575544
0.57554
0.575536
0.575532
0.575528
0.575524
0.575521
0.575517
0.575513
0.57551
0.575507
0.575504
0.575501
0.575499
0.575497
0.575495
0.575494
0.575493
0.575492
0.575492
0.575492
0.575493
0.575494
0.575496
0.575498
0.5755
0.575503
0.575507
0.575511
0.575516
0.575521
0.575526
0.575532
0.575538
0.575545
0.575552
0.575559
0.575567
0.575575
0.575583
0.575592
0.575601
0.57561
0.575619
0.575628
0.575637
0.575646
0.575655
0.575665
0.575674
0.575682
0.575691
0.575699
0.575707
0.575715
0.575722
0.575729
0.575736
0.575742
0.575747
0.575752
0.575756
0.57576
0.575762
0.575765
0.575766
0.575767
0.575767
0.575766
0.575764
0.575761
0.575758
0.575754
0.575749
0.575743
0.575737
0.575729
0.575721
0.575713
0.575703
0.575693
0.575682
0.57567
0.575658
0.575646
0.575633
0.575619
0.575605
0.575591
0.575576
0.575561
0.575546
0.575531
0.575516
0.575501
0.575485
0.575471
0.575456
0.575441
0.575427
0.575413
0.5754
0.575387
0.575375
0.575364
0.575353
0.575343
0.575334
0.575326
0.575318
0.575312
0.575306
0.575302
0.575299
0.575297
0.575295
0.575296
0.575297
0.575299
0.575303
0.575307
0.575313
0.57532
0.575329
0.575338
0.575349
0.57536
0.575373
0.575386
0.575401
0.575416
0.575433
0.57545
0.575468
0.575486
0.575506
0.575525
0.575545
0.575566
0.575587
0.575608
0.57563
0.575651
0.575672
0.575694
0.575715
0.575735
0.575756
0.575775
0.575795
0.575813
0.575831
0.575848
0.575864
0.575879
0.575894
0.575907
0.575919
0.57593
0.575939
0.575947
0.575954
0.575959
0.575963
0.575965
0.575966
0.575965
0.575962
0.575958
0.575953
0.575946
0.575937
0.575927
0.575916
0.575903
0.575889
0.575873
0.575856
0.575838
0.575818
0.575797
0.575775
0.575753
0.575729
0.575704
0.575679
0.575653
0.575626
0.5756
0.575572
0.575545
0.575517
0.57549
0.575462
0.575435
0.575408
0.575382
0.575356
0.575331
0.575307
0.575283
0.575261
0.575239
0.575219
0.5752
0.575182
0.575166
0.575152
0.575139
0.575127
0.575117
0.575109
0.575103
0.575099
0.575097
0.575096
0.575098
0.575101
0.575107
0.575114
0.575123
0.575134
0.575147
0.575162
0.575179
0.575197
0.575217
0.575239
0.575262
0.575287
0.575313
0.57534
0.575368
0.575398
0.575428
0.57546
0.575492
0.575524
0.575558
0.575591
0.575625
0.575659
0.575692
0.575726
0.575759
0.575792
0.575824
0.575855
0.575885
0.575915
0.575943
0.575971
0.575996
0.576021
0.576043
0.576064
0.576084
0.576101
0.576116
0.57613
0.576141
0.57615
0.576157
0.576162
0.576164
0.576165
0.576162
0.576158
0.576151
0.576142
0.57613
0.576117
0.576101
0.576083
0.576063
0.57604
0.576016
0.57599
0.575962
0.575932
0.575901
0.575868
0.575834
0.575799
0.575762
0.575725
0.575686
0.575647
0.575608
0.575568
0.575528
0.575488
0.575448
0.575409
0.57537
0.575331
0.575293
0.575256
0.575221
0.575186
0.575153
0.575121
0.575091
0.575062
0.575036
0.575011
0.574989
0.574969
0.574951
0.574936
0.574923
0.574912
0.574904
0.574899
0.574897
0.574897
0.5749
0.574906
0.574914
0.574925
0.574939
0.574955
0.574974
0.574995
0.575019
0.575045
0.575074
0.575105
0.575138
0.575172
0.575209
0.575247
0.575287
0.575328
0.57537
0.575414
0.575458
0.575503
0.575549
0.575595
0.575641
0.575687
0.575733
0.575779
0.575824
0.575869
0.575912
0.575955
0.575996
0.576036
0.576074
0.57611
0.576145
0.576177
0.576207
0.576235
0.576261
0.576283
0.576304
0.576321
0.576336
0.576347
0.576356
0.576362
0.576364
0.576364
0.57636
0.576354
0.576344
0.576331
0.576315
0.576296
0.576274
0.576249
0.576222
0.576191
0.576159
0.576123
0.576086
0.576046
0.576004
0.575961
0.575915
0.575868
0.57582
0.57577
0.57572
0.575668
0.575617
0.575564
0.575512
0.575459
0.575407
0.575355
0.575304
0.575254
0.575205
0.575157
0.57511
0.575065
0.575022
0.574981
0.574943
0.574906
0.574872
0.574841
0.574812
0.574786
0.574764
0.574744
0.574728
0.574715
0.574706
0.5747
0.574697
0.574698
0.574702
0.57471
0.574721
0.574736
0.574754
0.574776
0.574801
0.574829
0.57486
0.574894
0.574931
0.574971
0.575013
0.575058
0.575105
0.575154
0.575205
0.575258
0.575312
0.575368
0.575425
0.575482
0.57554
0.575599
0.575658
0.575716
0.575775
0.575833
0.57589
0.575946
0.576001
0.576054
0.576106
0.576156
0.576204
0.57625
0.576293
0.576333
0.576371
0.576406
0.576438
0.576466
0.576491
0.576512
0.57653
0.576544
0.576555
0.576561
0.576564
0.576563
0.576558
0.576549
0.576536
0.57652
0.576499
0.576475
0.576447
0.576416
0.576381
0.576343
0.576302
0.576258
0.576211
0.576161
0.576109
0.576054
0.575997
0.575939
0.575878
0.575817
0.575754
0.57569
0.575625
0.575561
0.575496
0.575431
0.575366
0.575302
0.575239
0.575177
0.575116
0.575057
0.575
0.574945
0.574892
0.574842
0.574794
0.574749
0.574708
0.57467
0.574635
0.574604
0.574576
0.574553
0.574534
0.574518
0.574507
0.5745
0.574497
0.574498
0.574504
0.574514
0.574528
0.574547
0.57457
0.574596
0.574627
0.574662
0.5747
0.574742
0.574788
0.574837
0.574889
0.574944
0.575001
0.575061
0.575124
0.575188
0.575254
0.575322
0.575391
0.575461
0.575532
0.575603
0.575674
0.575745
0.575816
0.575886
0.575955
0.576023
0.576089
0.576154
0.576217
0.576277
0.576335
0.576389
0.576441
0.57649
0.576535
0.576577
0.576615
0.576649
0.576678
0.576704
0.576725
0.576742
0.576754
0.576761
0.576764
0.576762
0.576756
0.576745
0.576729
0.576709
0.576684
0.576654
0.576621
0.576583
0.576541
0.576495
0.576445
0.576391
0.576335
0.576275
0.576212
0.576146
0.576078
0.576008
0.575936
0.575863
0.575787
0.575711
0.575634
0.575557
0.575479
0.575402
0.575325
0.575249
0.575174
0.5751
0.575028
0.574958
0.57489
0.574824
0.574762
0.574702
0.574646
0.574593
0.574544
0.574499
0.574458
0.574421
0.574389
0.574362
0.574339
0.574321
0.574308
0.5743
0.574297
0.574299
0.574306
0.574319
0.574336
0.574358
0.574385
0.574417
0.574454
0.574495
0.574541
0.574591
0.574645
0.574703
0.574764
0.574829
0.574897
0.574968
0.575042
0.575118
0.575196
0.575276
0.575357
0.57544
0.575523
0.575607
0.57569
0.575774
0.575857
0.57594
0.576021
0.5761
0.576178
0.576254
0.576327
0.576397
0.576465
0.576529
0.57659
0.576647
0.576699
0.576748
0.576792
0.576831
0.576866
0.576895
0.576919
0.576939
0.576953
0.576961
0.576964
0.576962
0.576954
0.57694
0.576922
0.576897
0.576868
0.576833
0.576794
0.576749
0.5767
0.576646
0.576588
0.576525
0.576459
0.576389
0.576316
0.576239
0.57616
0.576078
0.575994
0.575908
0.575821
0.575732
0.575643
0.575553
0.575462
0.575373
0.575283
0.575195
0.575108
0.575022
0.574939
0.574857
0.574779
0.574703
0.574631
0.574562
0.574497
0.574436
0.57438
0.574328
0.574281
0.574239
0.574202
0.57417
0.574144
0.574124
0.574109
0.5741
0.574097
0.5741
0.574108
0.574123
0.574143
0.574169
0.574201
0.574238
0.574281
0.574328
0.574381
0.574439
0.574502
0.574569
0.57464
0.574715
0.574793
0.574875
0.57496
0.575048
0.575138
0.57523
0.575324
0.575418
0.575514
0.57561
0.575707
0.575803
0.575899
0.575993
0.576086
0.576177
0.576267
0.576353
0.576437
0.576518
0.576595
0.576669
0.576738
0.576803
0.576863
0.576919
0.576969
0.577014
0.577053
0.577086
0.577114
0.577136
0.577151
0.577161
0.577164
0.577161
0.577152
0.577136
0.577114
0.577086
0.577053
0.577013
0.576967
0.576916
0.576859
0.576798
0.576731
0.576659
0.576583
0.576503
0.576419
0.576332
0.576241
0.576148
0.576052
0.575954
0.575854
0.575753
0.575651
0.575549
0.575446
0.575344
0.575242
0.575141
0.575042
0.574945
0.57485
0.574758
0.574668
0.574583
0.5745
0.574422
0.574349
0.57428
0.574216
0.574157
0.574104
0.574056
0.574014
0.573979
0.57395
0.573927
0.57391
0.5739
0.573897
0.5739
0.573911
0.573927
0.57395
0.57398
0.574016
0.574059
0.574107
0.574162
0.574222
0.574288
0.574359
0.574435
0.574515
0.5746
0.57469
0.574783
0.574879
0.574978
0.57508
0.575184
0.57529
0.575397
0.575506
0.575614
0.575723
0.575832
0.57594
0.576047
0.576152
0.576255
0.576355
0.576453
0.576548
0.576639
0.576726
0.576809
0.576887
0.57696
0.577027
0.57709
0.577146
0.577196
0.57724
0.577278
0.577309
0.577333
0.57735
0.577361
0.577364
0.57736
0.577349
0.577332
0.577307
0.577275
0.577237
0.577192
0.57714
0.577083
0.577019
0.576949
0.576874
0.576793
0.576708
0.576618
0.576523
0.576425
0.576323
0.576218
0.57611
0.576
0.575888
0.575774
0.57566
0.575545
0.57543
0.575315
0.575201
0.575088
0.574977
0.574868
0.574761
0.574658
0.574558
0.574462
0.57437
0.574283
0.5742
0.574123
0.574052
0.573986
0.573927
0.573874
0.573827
0.573788
0.573755
0.57373
0.573711
0.573701
0.573697
0.573701
0.573713
0.573732
0.573758
0.573791
0.573832
0.573879
0.573934
0.573995
0.574063
0.574136
0.574216
0.574301
0.574391
0.574486
0.574586
0.57469
0.574797
0.574908
0.575022
0.575138
0.575256
0.575376
0.575497
0.575618
0.57574
0.575861
0.575981
0.5761
0.576217
0.576332
0.576444
0.576553
0.576658
0.576759
0.576856
0.576948
0.577035
0.577116
0.577191
0.57726
0.577323
0.577379
0.577428
0.577469
0.577504
0.57753
0.577549
0.577561
0.577564
0.57756
0.577547
0.577527
0.5775
0.577464
0.577422
0.577371
0.577314
0.577249
0.577178
0.577101
0.577017
0.576927
0.576832
0.576732
0.576627
0.576518
0.576405
0.576288
0.576168
0.576046
0.575922
0.575796
0.575669
0.575541
0.575413
0.575286
0.575159
0.575034
0.574911
0.574791
0.574673
0.574558
0.574448
0.574341
0.57424
0.574143
0.574052
0.573967
0.573888
0.573815
0.57375
0.573691
0.57364
0.573596
0.57356
0.573532
0.573513
0.573501
0.573497
0.573502
0.573515
0.573536
0.573565
0.573602
0.573647
0.5737
0.573761
0.573828
0.573903
0.573985
0.574073
0.574167
0.574267
0.574372
0.574482
0.574597
0.574716
0.574838
0.574964
0.575092
0.575223
0.575355
0.575488
0.575622
0.575756
0.57589
0.576022
0.576153
0.576282
0.576409
0.576533
0.576653
0.576769
0.57688
0.576987
0.577088
0.577183
0.577273
0.577355
0.577431
0.5775
0.577561
0.577615
0.577661
0.577698
0.577727
0.577748
0.57776
0.577764
0.577759
0.577745
0.577723
0.577692
0.577653
0.577606
0.57755
0.577487
0.577416
0.577338
0.577252
0.57716
0.577061
0.576957
0.576846
0.576731
0.576611
0.576486
0.576358
0.576226
0.576092
0.575955
0.575817
0.575677
0.575537
0.575397
0.575257
0.575118
0.574981
0.574846
0.574713
0.574584
0.574459
0.574337
0.574221
0.574109
0.574003
0.573903
0.57381
0.573724
0.573644
0.573572
0.573508
0.573452
0.573405
0.573366
0.573335
0.573314
0.573301
0.573297
0.573303
0.573317
0.57334
0.573372
0.573413
0.573463
0.573521
0.573587
0.573662
0.573744
0.573833
0.57393
0.574033
0.574142
0.574257
0.574378
0.574504
0.574634
0.574768
0.574906
0.575046
0.575189
0.575334
0.57548
0.575626
0.575773
0.575919
0.576064
0.576207
0.576348
0.576486
0.576621
0.576752
0.576879
0.577001
0.577117
0.577228
0.577332
0.577429
0.577519
0.577602
0.577677
0.577744
0.577802
0.577852
0.577893
0.577924
0.577947
0.57796
0.577964
0.577958
0.577943
0.577919
0.577885
0.577842
0.57779
0.57773
0.57766
0.577583
0.577497
0.577404
0.577303
0.577195
0.577081
0.576961
0.576835
0.576704
0.576568
0.576428
0.576284
0.576138
0.575989
0.575838
0.575686
0.575533
0.57538
0.575228
0.575077
0.574927
0.57478
0.574636
0.574495
0.574359
0.574227
0.5741
0.573979
0.573864
0.573755
0.573654
0.57356
0.573473
0.573395
0.573326
0.573265
0.573213
0.573171
0.573138
0.573115
0.573101
0.573097
0.573103
0.573119
0.573145
0.57318
0.573224
0.573278
0.573342
0.573414
0.573495
0.573584
0.573681
0.573786
0.573899
0.574018
0.574143
0.574274
0.574411
0.574552
0.574698
0.574848
0.575
0.575155
0.575313
0.575471
0.57563
0.575789
0.575948
0.576105
0.576261
0.576414
0.576564
0.57671
0.576852
0.57699
0.577122
0.577248
0.577367
0.57748
0.577586
0.577684
0.577773
0.577854
0.577926
0.57799
0.578043
0.578087
0.578122
0.578146
0.57816
0.578164
0.578158
0.578141
0.578114
0.578078
0.578031
0.577975
0.577909
0.577834
0.57775
0.577657
0.577555
0.577446
0.577329
0.577206
0.577075
0.576939
0.576797
0.576649
0.576498
0.576342
0.576184
0.576022
0.575859
0.575695
0.575529
0.575364
0.575199
0.575035
0.574874
0.574715
0.574559
0.574407
0.574259
0.574116
0.573979
0.573848
0.573724
0.573607
0.573497
0.573395
0.573302
0.573218
0.573143
0.573078
0.573022
0.572976
0.572941
0.572916
0.572901
0.572897
0.572904
0.572921
0.572949
0.572987
0.573035
0.573094
0.573162
0.573241
0.573328
0.573425
0.57353
0.573643
0.573764
0.573893
0.574029
0.57417
0.574318
0.574471
0.574628
0.574789
0.574954
0.575122
0.575291
0.575462
0.575634
0.575806
0.575977
0.576146
0.576314
0.576479
0.576641
0.576799
0.576952
0.5771
0.577242
0.577378
0.577507
0.577629
0.577742
0.577848
0.577944
0.578031
0.578109
0.578177
0.578235
0.578282
0.578319
0.578345
0.57836
0.578364
0.578357
0.578339
0.57831
0.57827
0.57822
0.578159
0.578088
0.578007
0.577916
0.577816
0.577707
0.577589
0.577463
0.57733
0.57719
0.577042
0.576889
0.576731
0.576568
0.5764
0.57623
0.576056
0.57588
0.575703
0.575525
0.575347
0.57517
0.574994
0.57482
0.574649
0.574482
0.574318
0.574159
0.574006
0.573859
0.573718
0.573584
0.573458
0.57334
0.573231
0.573131
0.573041
0.572961
0.57289
0.572831
0.572782
0.572744
0.572717
0.572702
0.572697
0.572705
0.572723
0.572753
0.572794
0.572846
0.57291
0.572983
0.573067
0.573161
0.573265
0.573378
0.5735
0.573631
0.573769
0.573914
0.574067
0.574225
0.574389
0.574558
0.574732
0.574908
0.575088
0.57527
0.575454
0.575638
0.575822
0.576005
0.576188
0.576367
0.576544
0.576718
0.576887
0.577051
0.57721
0.577363
0.577508
0.577647
0.577777
0.577899
0.578011
0.578115
0.578208
0.578292
0.578364
0.578426
0.578476
0.578516
0.578543
0.578559
0.578564
0.578556
0.578537
0.578506
0.578463
0.578409
0.578344
0.578267
0.57818
0.578083
0.577975
0.577858
0.577732
0.577597
0.577454
0.577304
0.577146
0.576982
0.576813
0.576638
0.576459
0.576276
0.57609
0.575901
0.575712
0.575521
0.575331
0.575141
0.574953
0.574767
0.574584
0.574404
0.574229
0.574059
0.573895
0.573738
0.573587
0.573444
0.57331
0.573184
0.573067
0.572961
0.572864
0.572778
0.572703
0.572639
0.572587
0.572547
0.572518
0.572502
0.572497
0.572505
0.572525
0.572557
0.572602
0.572657
0.572725
0.572804
0.572894
0.572995
0.573106
0.573227
0.573357
0.573496
0.573644
0.5738
0.573963
0.574132
0.574308
0.574488
0.574673
0.574862
0.575055
0.575249
0.575445
0.575642
0.575838
0.576034
0.576229
0.576421
0.57661
0.576796
0.576976
0.577152
0.577321
0.577484
0.577639
0.577787
0.577926
0.578056
0.578176
0.578286
0.578386
0.578474
0.578552
0.578617
0.578671
0.578713
0.578742
0.578759
0.578764
0.578755
0.578735
0.578701
0.578656
0.578598
0.578528
0.578447
0.578354
0.57825
0.578135
0.57801
0.577875
0.577731
0.577579
0.577418
0.57725
0.577075
0.576894
0.576708
0.576517
0.576322
0.576123
0.575923
0.575721
0.575517
0.575314
0.575112
0.574912
0.574713
0.574518
0.574327
0.574141
0.57396
0.573785
0.573617
0.573457
0.573305
0.573161
0.573027
0.572903
0.57279
0.572687
0.572595
0.572516
0.572448
0.572393
0.57235
0.572319
0.572302
0.572298
0.572306
0.572328
0.572362
0.572409
0.572469
0.572541
0.572625
0.572721
0.572828
0.572946
0.573075
0.573214
0.573362
0.57352
0.573685
0.573859
0.574039
0.574226
0.574418
0.574615
0.574816
0.575021
0.575228
0.575436
0.575645
0.575855
0.576063
0.57627
0.576475
0.576676
0.576873
0.577065
0.577252
0.577432
0.577605
0.57777
0.577927
0.578074
0.578212
0.57834
0.578457
0.578563
0.578657
0.578739
0.578809
0.578866
0.57891
0.578941
0.578959
0.578963
0.578955
0.578932
0.578897
0.578848
0.578787
0.578713
0.578626
0.578527
0.578416
0.578294
0.578162
0.578018
0.577866
0.577703
0.577533
0.577354
0.577168
0.576976
0.576778
0.576575
0.576368
0.576157
0.575944
0.575729
0.575514
0.575298
0.575083
0.57487
0.57466
0.574453
0.57425
0.574052
0.57386
0.573675
0.573496
0.573326
0.573165
0.573013
0.572871
0.572739
0.572619
0.57251
0.572413
0.572328
0.572257
0.572198
0.572152
0.572121
0.572102
0.572098
0.572107
0.57213
0.572166
0.572216
0.57228
0.572356
0.572445
0.572547
0.572661
0.572787
0.572923
0.573071
0.573228
0.573395
0.573571
0.573755
0.573946
0.574144
0.574348
0.574557
0.57477
0.574987
0.575206
0.575428
0.575649
0.575871
0.576092
0.576312
0.576528
0.576741
0.57695
0.577154
0.577351
0.577542
0.577726
0.577901
0.578067
0.578223
0.578369
0.578504
0.578628
0.57874
0.57884
0.578927
0.579
0.579061
0.579107
0.57914
0.579159
0.579163
0.579154
0.57913
0.579093
0.579041
0.578976
0.578897
0.578805
0.5787
0.578583
0.578454
0.578313
0.578162
0.578
0.577828
0.577647
0.577458
0.577261
0.577057
0.576848
0.576633
0.576414
0.576191
0.575965
0.575738
0.57551
0.575282
0.575054
0.574829
0.574606
0.574387
0.574173
0.573963
0.57376
0.573564
0.573376
0.573196
0.573025
0.572864
0.572714
0.572575
0.572448
0.572333
0.57223
0.572141
0.572065
0.572003
0.571955
0.571922
0.571902
0.571898
0.571907
0.571932
0.57197
0.572024
0.572091
0.572172
0.572266
0.572374
0.572494
0.572627
0.572772
0.572928
0.573094
0.573271
0.573457
0.573651
0.573853
0.574063
0.574278
0.574499
0.574724
0.574953
0.575185
0.575419
0.575653
0.575888
0.576121
0.576353
0.576582
0.576807
0.577027
0.577242
0.577451
0.577653
0.577846
0.578031
0.578206
0.578371
0.578526
0.578668
0.578799
0.578917
0.579022
0.579114
0.579192
0.579255
0.579304
0.579339
0.579359
0.579363
0.579353
0.579328
0.579288
0.579234
0.579165
0.579082
0.578984
0.578874
0.57875
0.578613
0.578465
0.578305
0.578134
0.577952
0.577761
0.577562
0.577354
0.577139
0.576918
0.576691
0.576459
0.576224
0.575986
0.575747
0.575506
0.575265
0.575025
0.574788
0.574553
0.574322
0.574095
0.573875
0.573661
0.573454
0.573255
0.573065
0.572885
0.572716
0.572558
0.572411
0.572277
0.572155
0.572048
0.571954
0.571874
0.571808
0.571758
0.571723
0.571703
0.571698
0.571708
0.571734
0.571775
0.571831
0.571902
0.571987
0.572087
0.572201
0.572328
0.572468
0.57262
0.572785
0.57296
0.573146
0.573342
0.573547
0.57376
0.573981
0.574208
0.574441
0.574678
0.57492
0.575164
0.57541
0.575657
0.575904
0.57615
0.576394
0.576635
0.576872
0.577104
0.577331
0.577551
0.577763
0.577967
0.578161
0.578346
0.57852
0.578682
0.578832
0.57897
0.579094
0.579205
0.579301
0.579383
0.57945
0.579502
0.579538
0.579559
0.579563
0.579553
0.579526
0.579484
0.579427
0.579354
0.579266
0.579164
0.579047
0.578917
0.578773
0.578616
0.578448
0.578268
0.578077
0.577876
0.577666
0.577447
0.577221
0.576988
0.576749
0.576505
0.576258
0.576008
0.575755
0.575502
0.575249
0.574997
0.574746
0.574499
0.574256
0.574018
0.573786
0.573561
0.573343
0.573134
0.572935
0.572746
0.572568
0.572401
0.572247
0.572106
0.571978
0.571865
0.571766
0.571682
0.571614
0.571561
0.571524
0.571503
0.571498
0.571509
0.571536
0.571579
0.571638
0.571713
0.571803
0.571908
0.572027
0.572161
0.572308
0.572469
0.572642
0.572826
0.573022
0.573228
0.573443
0.573668
0.5739
0.574138
0.574383
0.574633
0.574886
0.575143
0.575402
0.575661
0.575921
0.576179
0.576436
0.576689
0.576938
0.577182
0.577419
0.57765
0.577873
0.578087
0.578291
0.578485
0.578668
0.578838
0.578996
0.579141
0.579271
0.579387
0.579489
0.579574
0.579645
0.579699
0.579737
0.579758
0.579763
0.579752
0.579724
0.57968
0.579619
0.579543
0.57945
0.579343
0.57922
0.579083
0.578932
0.578768
0.578591
0.578402
0.578201
0.57799
0.577769
0.57754
0.577302
0.577058
0.576807
0.576551
0.576292
0.576029
0.575764
0.575498
0.575232
0.574968
0.574705
0.574446
0.574191
0.573941
0.573697
0.573461
0.573233
0.573014
0.572804
0.572606
0.572419
0.572244
0.572083
0.571935
0.571801
0.571682
0.571579
0.571491
0.571419
0.571364
0.571325
0.571303
0.571298
0.571309
0.571338
0.571383
0.571445
0.571524
0.571618
0.571728
0.571854
0.571994
0.572149
0.572317
0.572498
0.572692
0.572897
0.573114
0.57334
0.573575
0.573818
0.574068
0.574325
0.574587
0.574853
0.575122
0.575393
0.575665
0.575937
0.576208
0.576477
0.576742
0.577003
0.577259
0.577508
0.57775
0.577984
0.578208
0.578422
0.578625
0.578816
0.578995
0.57916
0.579312
0.579449
0.57957
0.579676
0.579766
0.579839
0.579896
0.579936
0.579958
0.579963
0.579951
0.579922
0.579875
0.579812
0.579732
0.579635
0.579522
0.579394
0.57925
0.579092
0.578919
0.578734
0.578536
0.578325
0.578104
0.577873
0.577633
0.577384
0.577128
0.576865
0.576597
0.576325
0.57605
0.575773
0.575494
0.575216
0.574939
0.574664
0.574392
0.574125
0.573864
0.573609
0.573361
0.573122
0.572893
0.572674
0.572466
0.572271
0.572088
0.571919
0.571764
0.571624
0.5715
0.571392
0.5713
0.571225
0.571167
0.571126
0.571103
0.571098
0.57111
0.57114
0.571188
0.571253
0.571335
0.571434
0.571549
0.571681
0.571827
0.571989
0.572166
0.572355
0.572558
0.572773
0.572999
0.573236
0.573482
0.573736
0.573998
0.574267
0.574541
0.574819
0.575101
0.575384
0.575669
0.575954
0.576237
0.576518
0.576796
0.577069
0.577336
0.577597
0.57785
0.578094
0.578328
0.578552
0.578765
0.578965
0.579151
0.579324
0.579482
0.579625
0.579753
0.579863
0.579957
0.580034
0.580093
0.580134
0.580158
0.580163
0.58015
0.58012
0.580071
0.580004
0.57992
0.579819
0.579701
0.579567
0.579417
0.579251
0.579071
0.578877
0.578669
0.57845
0.578219
0.577977
0.577725
0.577465
0.577197
0.576923
0.576643
0.576359
0.576071
0.575781
0.57549
0.575199
0.57491
0.574623
0.574339
0.57406
0.573787
0.57352
0.573262
0.573012
0.572772
0.572544
0.572327
0.572122
0.571931
0.571755
0.571593
0.571447
0.571317
0.571204
0.571108
0.57103
0.570969
0.570927
0.570903
0.570898
0.570911
0.570942
0.570992
0.57106
0.571146
0.571249
0.57137
0.571507
0.571661
0.57183
0.572014
0.572212
0.572424
0.572649
0.572885
0.573132
0.573389
0.573655
0.573928
0.574209
0.574495
0.574785
0.575079
0.575376
0.575673
0.57597
0.576266
0.576559
0.576849
0.577134
0.577413
0.577685
0.577949
0.578204
0.578449
0.578683
0.578904
0.579113
0.579308
0.579488
0.579653
0.579802
0.579935
0.580051
0.580149
0.580229
0.58029
0.580333
0.580358
0.580363
0.58035
0.580318
0.580267
0.580197
0.58011
0.580004
0.579881
0.57974
0.579583
0.579411
0.579223
0.57902
0.578804
0.578574
0.578333
0.578081
0.577818
0.577547
0.577268
0.576981
0.576689
0.576392
0.576092
0.57579
0.575486
0.575183
0.574881
0.574581
0.574285
0.573994
0.573709
0.573432
0.573162
0.572902
0.572652
0.572413
0.572187
0.571974
0.571775
0.571591
0.571422
0.57127
0.571135
0.571017
0.570917
0.570835
0.570772
0.570728
0.570703
0.570698
0.570712
0.570744
0.570796
0.570867
0.570957
0.571065
0.571191
0.571334
0.571494
0.57167
0.571862
0.572069
0.57229
0.572524
0.572771
0.573028
0.573296
0.573573
0.573858
0.574151
0.574449
0.574752
0.575058
0.575367
0.575677
0.575986
0.576295
0.576601
0.576903
0.5772
0.57749
0.577774
0.578049
0.578315
0.57857
0.578813
0.579044
0.579261
0.579464
0.579652
0.579824
0.57998
0.580118
0.580238
0.58034
0.580423
0.580487
0.580532
0.580557
0.580563
0.580549
0.580515
0.580462
0.58039
0.580298
0.580188
0.58006
0.579914
0.57975
0.57957
0.579374
0.579163
0.578938
0.578699
0.578448
0.578185
0.577911
0.577629
0.577338
0.577039
0.576735
0.576426
0.576113
0.575798
0.575482
0.575166
0.574852
0.57454
0.574232
0.573929
0.573632
0.573343
0.573062
0.572791
0.572531
0.572283
0.572047
0.571826
0.571618
0.571427
0.571251
0.571093
0.570952
0.57083
0.570726
0.570641
0.570575
0.57053
0.570504
0.570498
0.570512
0.570547
0.570601
0.570675
0.570768
0.57088
0.571011
0.571161
0.571327
0.571511
0.571711
0.571926
0.572156
0.5724
0.572656
0.572924
0.573203
0.573491
0.573788
0.574093
0.574403
0.574718
0.575037
0.575358
0.575681
0.576003
0.576324
0.576642
0.576956
0.577265
0.577568
0.577863
0.578149
0.578425
0.57869
0.578944
0.579184
0.57941
0.579621
0.579817
0.579995
0.580157
0.580301
0.580426
0.580532
0.580618
0.580684
0.580731
0.580757
0.580763
0.580748
0.580713
0.580657
0.580582
0.580487
0.580372
0.580239
0.580086
0.579916
0.579729
0.579525
0.579306
0.579071
0.578823
0.578562
0.578288
0.578004
0.57771
0.577407
0.577097
0.576781
0.57646
0.576135
0.575807
0.575478
0.57515
0.574823
0.574499
0.574178
0.573863
0.573555
0.573254
0.572962
0.572681
0.57241
0.572152
0.571908
0.571677
0.571462
0.571263
0.57108
0.570916
0.57077
0.570642
0.570534
0.570446
0.570378
0.570331
0.570304
0.570298
0.570313
0.570349
0.570405
0.570482
0.570579
0.570696
0.570832
0.570987
0.57116
0.571351
0.571559
0.571783
0.572022
0.572275
0.572542
0.57282
0.57311
0.57341
0.573718
0.574034
0.574357
0.574684
0.575016
0.57535
0.575685
0.576019
0.576353
0.576683
0.57701
0.577331
0.577645
0.577951
0.578249
0.578536
0.578811
0.579074
0.579323
0.579558
0.579778
0.579981
0.580166
0.580334
0.580483
0.580613
0.580723
0.580813
0.580882
0.58093
0.580957
0.580962
0.580947
0.58091
0.580853
0.580774
0.580675
0.580556
0.580417
0.580259
0.580083
0.579888
0.579677
0.579449
0.579205
0.578947
0.578676
0.578392
0.578097
0.577791
0.577477
0.577155
0.576827
0.576493
0.576156
0.575816
0.575474
0.575133
0.574794
0.574457
0.574125
0.573798
0.573478
0.573166
0.572863
0.57257
0.57229
0.572022
0.571768
0.571529
0.571305
0.571099
0.57091
0.570739
0.570587
0.570455
0.570343
0.570251
0.570181
0.570132
0.570104
0.570098
0.570113
0.570151
0.570209
0.570289
0.57039
0.570511
0.570653
0.570814
0.570994
0.571192
0.571408
0.57164
0.571888
0.572151
0.572427
0.572716
0.573017
0.573328
0.573648
0.573976
0.574311
0.574651
0.574995
0.575341
0.575688
0.576036
0.576382
0.576724
0.577063
0.577396
0.577722
0.57804
0.578348
0.578646
0.578932
0.579204
0.579463
0.579706
0.579934
0.580144
0.580337
0.580511
0.580665
0.5808
0.580914
0.581007
0.581079
0.581129
0.581156
0.581162
0.581146
0.581108
0.581049
0.580967
0.580864
0.58074
0.580596
0.580432
0.580249
0.580047
0.579828
0.579591
0.579339
0.579071
0.578789
0.578495
0.578189
0.577872
0.577547
0.577213
0.576872
0.576526
0.576176
0.575824
0.57547
0.575117
0.574765
0.574416
0.574071
0.573732
0.5734
0.573077
0.572763
0.57246
0.572169
0.571891
0.571628
0.57138
0.571149
0.570934
0.570738
0.570561
0.570404
0.570267
0.570151
0.570056
0.569983
0.569933
0.569904
0.569898
0.569914
0.569953
0.570013
0.570096
0.570201
0.570327
0.570473
0.57064
0.570827
0.571032
0.571256
0.571497
0.571754
0.572026
0.572313
0.572613
0.572924
0.573247
0.573578
0.573918
0.574265
0.574617
0.574973
0.575332
0.575692
0.576052
0.576411
0.576766
0.577117
0.577461
0.577799
0.578128
0.578448
0.578756
0.579052
0.579335
0.579603
0.579855
0.58009
0.580308
0.580508
0.580688
0.580848
0.580987
0.581105
0.581202
0.581276
0.581328
0.581357
0.581363
0.581346
0.581306
0.581244
0.58116
0.581053
0.580925
0.580776
0.580606
0.580416
0.580207
0.579979
0.579734
0.579472
0.579195
0.578904
0.578599
0.578282
0.577954
0.577616
0.577271
0.576918
0.57656
0.576197
0.575832
0.575466
0.5751
0.574736
0.574374
0.574017
0.573666
0.573323
0.572988
0.572663
0.572349
0.572048
0.571761
0.571488
0.571232
0.570992
0.57077
0.570567
0.570384
0.570221
0.57008
0.56996
0.569862
0.569786
0.569734
0.569704
0.569698
0.569715
0.569755
0.569818
0.569903
0.570012
0.570142
0.570294
0.570467
0.57066
0.570873
0.571104
0.571353
0.57162
0.571902
0.572198
0.572509
0.572831
0.573165
0.573508
0.57386
0.574219
0.574583
0.574952
0.575323
0.575696
0.576069
0.576439
0.576807
0.57717
0.577527
0.577876
0.578217
0.578547
0.578866
0.579173
0.579465
0.579742
0.580003
0.580247
0.580472
0.580679
0.580865
0.58103
0.581175
0.581297
0.581396
0.581473
0.581527
0.581556
0.581562
0.581545
0.581504
0.58144
0.581353
0.581242
0.58111
0.580955
0.580779
0.580582
0.580366
0.58013
0.579877
0.579606
0.57932
0.579018
0.578703
0.578375
0.578035
0.577686
0.577329
0.576964
0.576593
0.576219
0.575841
0.575462
0.575083
0.574707
0.574333
0.573964
0.573601
0.573245
0.572899
0.572563
0.572239
0.571927
0.57163
0.571348
0.571083
0.570835
0.570606
0.570396
0.570207
0.570039
0.569892
0.569768
0.569667
0.569589
0.569535
0.569504
0.569498
0.569515
0.569557
0.569622
0.569711
0.569823
0.569957
0.570115
0.570293
0.570493
0.570713
0.570953
0.57121
0.571486
0.571777
0.572084
0.572405
0.572738
0.573083
0.573438
0.573802
0.574173
0.57455
0.574931
0.575315
0.5757
0.576085
0.576468
0.576848
0.577223
0.577592
0.577953
0.578306
0.578647
0.578977
0.579293
0.579596
0.579882
0.580152
0.580403
0.580636
0.580849
0.581042
0.581213
0.581362
0.581488
0.581591
0.58167
0.581725
0.581756
0.581762
0.581744
0.581702
0.581635
0.581545
0.581431
0.581294
0.581134
0.580952
0.580749
0.580525
0.580282
0.58002
0.579741
0.579444
0.579133
0.578807
0.578468
0.578117
0.577757
0.577387
0.57701
0.576627
0.57624
0.57585
0.575458
0.575067
0.574678
0.574292
0.57391
0.573535
0.573168
0.57281
0.572463
0.572128
0.571807
0.5715
0.571208
0.570934
0.570679
0.570442
0.570225
0.57003
0.569856
0.569705
0.569577
0.569472
0.569392
0.569336
0.569304
0.569298
0.569316
0.569359
0.569426
0.569518
0.569634
0.569773
0.569935
0.57012
0.570326
0.570554
0.570801
0.571067
0.571352
0.571653
0.57197
0.572301
0.572645
0.573002
0.573368
0.573744
0.574127
0.574516
0.57491
0.575306
0.575704
0.576101
0.576497
0.57689
0.577277
0.577658
0.578031
0.578394
0.578747
0.579087
0.579414
0.579726
0.580022
0.5803
0.58056
0.5808
0.58102
0.581219
0.581395
0.581549
0.581679
0.581785
0.581867
0.581924
0.581956
0.581962
0.581944
0.5819
0.581831
0.581738
0.58162
0.581478
0.581313
0.581125
0.580916
0.580685
0.580433
0.580163
0.579874
0.579568
0.579246
0.57891
0.57856
0.578198
0.577826
0.577444
0.577055
0.57666
0.576261
0.575858
0.575454
0.57505
0.574649
0.57425
0.573857
0.57347
0.573091
0.572722
0.572363
0.572018
0.571686
0.571369
0.571069
0.570786
0.570522
0.570278
0.570054
0.569853
0.569673
0.569517
0.569385
0.569277
0.569194
0.569137
0.569104
0.569098
0.569116
0.569161
0.56923
0.569325
0.569445
0.569588
0.569756
0.569947
0.57016
0.570394
0.570649
0.570924
0.571218
0.571528
0.571855
0.572197
0.572553
0.57292
0.573298
0.573686
0.574081
0.574483
0.574889
0.575297
0.575708
0.576118
0.576526
0.576931
0.57733
0.577723
0.578108
0.578483
0.578847
0.579198
0.579535
0.579856
0.580161
0.580448
0.580716
0.580964
0.581191
0.581396
0.581578
0.581736
0.58187
0.58198
0.582064
0.582123
0.582156
0.582163
0.582144
0.582098
0.582027
0.581931
0.581809
0.581663
0.581493
0.581299
0.581083
0.580844
0.580585
0.580306
0.580008
0.579693
0.579361
0.579014
0.578653
0.57828
0.577896
0.577503
0.577101
0.576694
0.576282
0.575867
0.57545
0.575034
0.57462
0.574209
0.573803
0.573404
0.573014
0.572633
0.572264
0.571907
0.571565
0.571239
0.570929
0.570638
0.570365
0.570114
0.569883
0.569676
0.569491
0.56933
0.569194
0.569083
0.568997
0.568938
0.568904
0.568898
0.568917
0.568963
0.569035
0.569132
0.569256
0.569404
0.569577
0.569773
0.569993
0.570235
0.570498
0.570781
0.571084
0.571404
0.571741
0.572093
0.57246
0.572838
0.573228
0.573628
0.574035
0.574449
0.574867
0.575289
0.575712
0.576134
0.576555
0.576972
0.577384
0.577789
0.578185
0.578572
0.578946
0.579308
0.579655
0.579987
0.580301
0.580597
0.580873
0.581128
0.581362
0.581573
0.581761
0.581924
0.582062
0.582175
0.582262
0.582322
0.582356
0.582363
0.582343
0.582296
0.582223
0.582124
0.581998
0.581848
0.581672
0.581472
0.581249
0.581004
0.580737
0.580449
0.580142
0.579817
0.579475
0.579118
0.578746
0.578361
0.577966
0.577561
0.577147
0.576727
0.576303
0.575875
0.575446
0.575017
0.574591
0.574167
0.573749
0.573339
0.572936
0.572544
0.572164
0.571797
0.571444
0.571108
0.570789
0.570489
0.570209
0.56995
0.569712
0.569498
0.569308
0.569143
0.569002
0.568888
0.5688
0.568739
0.568705
0.568697
0.568718
0.568765
0.568839
0.56894
0.569067
0.569219
0.569397
0.5696
0.569826
0.570075
0.570346
0.570638
0.570949
0.571279
0.571626
0.571989
0.572367
0.572757
0.573158
0.57357
0.573989
0.574415
0.574846
0.57528
0.575716
0.576151
0.576584
0.577013
0.577437
0.577854
0.578262
0.57866
0.579046
0.579419
0.579776
0.580117
0.580441
0.580745
0.581029
0.581292
0.581533
0.58175
0.581943
0.582111
0.582253
0.582369
0.582458
0.582521
0.582556
0.582563
0.582542
0.582494
0.582419
0.582317
0.582188
0.582032
0.581851
0.581646
