0.575134
0.575137
0.575139
0.57514
0.575141
0.575142
0.575142
0.575143
0.575143
0.575144
0.575144
0.575144
0.575145
0.575145
0.575145
0.575145
0.575145
0.575145
0.575145
0.575145
0.575145
0.575145
0.575145
0.575145
0.575144
0.575144
0.575144
0.575144
0.575144
0.575143
0.575143
0.575143
0.575142
0.575142
0.575141
0.575141
0.57514
0.57514
0.575139
0.575138
0.575138
0.575137
0.575136
0.575135
0.575134
0.575133
0.575132
0.575131
0.57513
0.57513
0.575129
0.575128
0.575126
0.575125
0.575124
0.575123
0.575122
0.575121
0.575119
0.575118
0.575117
0.575115
0.575114
0.575112
0.575111
0.575109
0.575108
0.575107
0.575105
0.575104
0.575102
0.575101
0.575099
0.575098
0.575096
0.575095
0.575093
0.575092
0.57509
0.575088
0.575087
0.575085
0.575084
0.575082
0.575081
0.57508
0.575078
0.575077
0.575075
0.575074
0.575072
0.575071
0.575069
0.575068
0.575067
0.575066
0.575064
0.575063
0.575062
0.575061
0.57506
0.575059
0.575058
0.575057
0.575056
0.575055
0.575054
0.575053
0.575052
0.575051
0.575051
0.57505
0.575049
0.575049
0.575048
0.575048
0.575048
0.575047
0.575047
0.575047
0.575047
0.575047
0.575047
0.575047
0.575047
0.575048
0.575048
0.575048
0.575049
0.575049
0.57505
0.575051
0.575051
0.575052
0.575053
0.575054
0.575055
0.575056
0.575057
0.575058
0.57506
0.575061
0.575062
0.575064
0.575065
0.575067
0.575068
0.57507
0.575072
0.575074
0.575076
0.575078
0.57508
0.575082
0.575085
0.575087
0.575089
0.575092
0.575094
0.575097
0.575099
0.575102
0.575105
0.575108
0.575111
0.575114
0.575117
0.57512
0.575123
0.575126
0.575129
0.575132
0.575135
0.575138
0.575141
0.575144
0.575148
0.575151
0.575155
0.575158
0.575161
0.575165
0.575168
0.575172
0.575176
0.575179
0.575183
0.575186
0.57519
0.575193
0.575197
0.5752
0.575204
0.575207
0.575211
0.575214
0.575218
0.575221
0.575225
0.575228
0.575232
0.575235
0.575239
0.575242
0.575245
0.575248
0.575251
0.575255
0.575258
0.575261
0.575264
0.575267
0.57527
0.575273
0.575275
0.575278
0.575281
0.575283
0.575286
0.575289
0.575291
0.575293
0.575296
0.575298
0.5753
0.575302
0.575304
0.575306
0.575308
0.575309
0.575311
0.575312
0.575314
0.575315
0.575316
0.575317
0.575318
0.575319
0.57532
0.57532
0.575321
0.575321
0.575322
0.575322
0.575322
0.575322
0.575322
0.575322
0.575321
0.575321
0.57532
0.575319
0.575319
0.575318
0.575316
0.575315
0.575314
0.575312
0.575311
0.575309
0.575307
0.575305
0.575303
0.575301
0.575299
0.575296
0.575294
0.575291
0.575289
0.575286
0.575283
0.57528
0.575276
0.575273
0.575269
0.575266
0.575262
0.575258
0.575255
0.575251
0.575247
0.575243
0.575239
0.575234
0.57523
0.575226
0.575221
0.575216
0.575212
0.575207
0.575202
0.575197
0.575192
0.575187
0.575181
0.575176
0.575171
0.575165
0.57516
0.575154
0.575149
0.575143
0.575138
0.575132
0.575126
0.575121
0.575115
0.575109
0.575103
0.575098
0.575092
0.575086
0.57508
0.575074
0.575068
0.575062
0.575056
0.57505
0.575044
0.575039
0.575033
0.575027
0.575021
0.575016
0.57501
0.575005
0.574999
0.574994
0.574988
0.574983
0.574978
0.574972
0.574967
0.574962
0.574957
0.574952
0.574947
0.574943
0.574938
0.574934
0.574929
0.574925
0.57492
0.574916
0.574912
0.574908
0.574904
0.5749
0.574896
0.574892
0.574889
0.574886
0.574883
0.57488
0.574877
0.574874
0.574871
0.574869
0.574867
0.574865
0.574862
0.574861
0.574859
0.574857
0.574856
0.574855
0.574854
0.574853
0.574852
0.574851
0.574851
0.574851
0.574851
0.574851
0.574851
0.574852
0.574852
0.574853
0.574854
0.574855
0.574856
0.574858
0.574859
0.574861
0.574863
0.574865
0.574868
0.57487
0.574873
0.574876
0.574879
0.574882
0.574886
0.574889
0.574893
0.574897
0.574901
0.574905
0.574909
0.574914
0.574919
0.574923
0.574928
0.574934
0.574939
0.574944
0.57495
0.574956
0.574962
0.574967
0.574974
0.57498
0.574986
0.574993
0.574999
0.575006
0.575013
0.57502
0.575027
0.575034
0.575041
0.575048
0.575056
0.575063
0.575071
0.575078
0.575086
0.575093
0.575101
0.575109
0.575117
0.575125
0.575133
0.575141
0.575149
0.575157
0.575166
0.575174
0.575182
0.57519
0.575198
0.575207
0.575215
0.575223
0.575231
0.575239
0.575247
0.575255
0.575264
0.575272
0.575279
0.575287
0.575295
0.575303
0.57531
0.575318
0.575326
0.575333
0.575341
0.575348
0.575355
0.575362
0.57537
0.575377
0.575383
0.57539
0.575397
0.575403
0.575409
0.575416
0.575422
0.575428
0.575434
0.575439
0.575445
0.57545
0.575455
0.57546
0.575465
0.575469
0.575474
0.575478
0.575482
0.575486
0.57549
0.575493
0.575496
0.575499
0.575502
0.575505
0.575507
0.575509
0.575511
0.575513
0.575515
0.575516
0.575517
0.575518
0.575519
0.57552
0.57552
0.57552
0.57552
0.57552
0.575519
0.575518
0.575517
0.575516
0.575514
0.575512
0.57551
0.575508
0.575506
0.575503
0.5755
0.575497
0.575494
0.57549
0.575486
0.575482
0.575478
0.575473
0.575469
0.575464
0.575459
0.575453
0.575448
0.575442
0.575436
0.57543
0.575423
0.575417
0.57541
0.575403
0.575396
0.575389
0.575381
0.575374
0.575366
0.575358
0.57535
0.575342
0.575333
0.575325
0.575316
0.575307
0.575298
0.575289
0.575279
0.57527
0.575261
0.575251
0.575241
0.575231
0.575221
0.575211
0.575201
0.575191
0.575181
0.57517
0.57516
0.57515
0.575139
0.575129
0.575118
0.575108
0.575098
0.575087
0.575077
0.575066
0.575056
0.575045
0.575035
0.575024
0.575014
0.575003
0.574993
0.574982
0.574972
0.574961
0.574951
0.574941
0.574931
0.574921
0.574911
0.574901
0.574891
0.574882
0.574872
0.574863
0.574854
0.574845
0.574836
0.574827
0.574819
0.574811
0.574802
0.574794
0.574787
0.574779
0.574771
0.574764
0.574757
0.57475
0.574743
0.574736
0.57473
0.574724
0.574718
0.574712
0.574707
0.574702
0.574697
0.574692
0.574688
0.574684
0.57468
0.574676
0.574672
0.574669
0.574666
0.574663
0.574661
0.574659
0.574657
0.574655
0.574654
0.574653
0.574653
0.574652
0.574652
0.574652
0.574653
0.574653
0.574654
0.574656
0.574657
0.574659
0.574661
0.574664
0.574667
0.57467
0.574673
0.574677
0.57468
0.574685
0.574689
0.574694
0.574699
0.574704
0.574709
0.574715
0.574721
0.574727
0.574734
0.574741
0.574748
0.574755
0.574763
0.57477
0.574779
0.574787
0.574795
0.574804
0.574813
0.574822
0.574831
0.574841
0.574851
0.574861
0.574871
0.574881
0.574892
0.574903
0.574913
0.574925
0.574936
0.574947
0.574959
0.57497
0.574982
0.574994
0.575006
0.575018
0.575031
0.575043
0.575055
0.575068
0.57508
0.575093
0.575106
0.575118
0.575131
0.575144
0.575157
0.57517
0.575183
0.575196
0.575209
0.575222
0.575235
0.575248
0.575261
0.575274
0.575286
0.575299
0.575312
0.575324
0.575337
0.575349
0.575362
0.575374
0.575386
0.575399
0.575411
0.575422
0.575434
0.575446
0.575457
0.575468
0.57548
0.57549
0.575501
0.575512
0.575522
0.575532
0.575542
0.575552
0.575561
0.575571
0.575579
0.575588
0.575597
0.575605
0.575613
0.575621
0.575628
0.575636
0.575643
0.57565
0.575656
0.575662
0.575668
0.575674
0.575679
0.575684
0.575688
0.575693
0.575697
0.5757
0.575704
0.575707
0.57571
0.575712
0.575714
0.575716
0.575717
0.575718
0.575719
0.575719
0.575719
0.575719
0.575718
0.575717
0.575716
0.575714
0.575712
0.57571
0.575707
0.575704
0.575701
0.575697
0.575693
0.575689
0.575684
0.575679
0.575673
0.575668
0.575662
0.575655
0.575648
0.575641
0.575634
0.575626
0.575618
0.57561
0.575602
0.575593
0.575584
0.575574
0.575564
0.575555
0.575545
0.575534
0.575524
0.575513
0.575502
0.57549
0.575478
0.575466
0.575454
0.575441
0.575429
0.575416
0.575403
0.575389
0.575376
0.575362
0.575348
0.575334
0.57532
0.575306
0.575292
0.575277
0.575263
0.575248
0.575233
0.575218
0.575203
0.575188
0.575173
0.575157
0.575142
0.575127
0.575111
0.575096
0.57508
0.575065
0.575049
0.575034
0.575019
0.575003
0.574988
0.574973
0.574958
0.574943
0.574928
0.574913
0.574898
0.574883
0.574868
0.574854
0.574839
0.574825
0.574811
0.574797
0.574783
0.57477
0.574756
0.574743
0.57473
0.574717
0.574705
0.574693
0.574681
0.574669
0.574657
0.574646
0.574635
0.574624
0.574613
0.574603
0.574593
0.574583
0.574574
0.574565
0.574556
0.574548
0.57454
0.574532
0.574524
0.574517
0.57451
0.574504
0.574498
0.574492
0.574487
0.574482
0.574477
0.574473
0.574469
0.574466
0.574463
0.57446
0.574458
0.574456
0.574454
0.574453
0.574453
0.574453
0.574453
0.574453
0.574454
0.574455
0.574457
0.574459
0.574462
0.574465
0.574468
0.574471
0.574476
0.57448
0.574485
0.57449
0.574496
0.574502
0.574509
0.574515
0.574523
0.57453
0.574538
0.574547
0.574555
0.574565
0.574574
0.574584
0.574594
0.574604
0.574615
0.574626
0.574637
0.574649
0.574661
0.574673
0.574686
0.574699
0.574712
0.574726
0.57474
0.574754
0.574768
0.574783
0.574798
0.574813
0.574828
0.574843
0.574859
0.574875
0.574891
0.574907
0.574923
0.57494
0.574957
0.574974
0.57499
0.575008
0.575025
0.575042
0.57506
0.575077
0.575095
0.575112
0.57513
0.575148
0.575165
0.575183
0.575201
0.575218
0.575236
0.575254
0.575271
0.575289
0.575307
0.575324
0.575342
0.575359
0.575376
0.575393
0.57541
0.575427
0.575444
0.575461
0.575477
0.575494
0.57551
0.575526
0.575542
0.575558
0.575573
0.575588
0.575603
0.575618
0.575632
0.575646
0.57566
0.575674
0.575687
0.5757
0.575713
0.575725
0.575737
0.575749
0.57576
0.575771
0.575782
0.575792
0.575802
0.575812
0.575821
0.57583
0.575838
0.575846
0.575854
0.575861
0.575868
0.575874
0.57588
0.575886
0.575891
0.575896
0.5759
0.575904
0.575907
0.57591
0.575913
0.575915
0.575917
0.575918
0.575919
0.575919
0.575919
0.575918
0.575917
0.575915
0.575913
0.575911
0.575908
0.575904
0.5759
0.575896
0.575891
0.575886
0.57588
0.575874
0.575868
0.575861
0.575853
0.575845
0.575837
0.575828
0.575819
0.57581
0.5758
0.575789
0.575778
0.575767
0.575755
0.575743
0.575731
0.575718
0.575705
0.575691
0.575677
0.575663
0.575649
0.575634
0.575618
0.575603
0.575587
0.575571
0.575555
0.575538
0.575521
0.575504
0.575487
0.575469
0.575451
0.575433
0.575415
0.575396
0.575377
0.575359
0.57534
0.575321
0.575301
0.575282
0.575262
0.575243
0.575223
0.575203
0.575183
0.575163
0.575143
0.575123
0.575103
0.575083
0.575062
0.575042
0.575022
0.575002
0.574982
0.574962
0.574942
0.574922
0.574902
0.574882
0.574863
0.574843
0.574824
0.574805
0.574786
0.574767
0.574748
0.57473
0.574711
0.574693
0.574675
0.574658
0.57464
0.574623
0.574606
0.57459
0.574574
0.574558
0.574542
0.574527
0.574512
0.574497
0.574483
0.574469
0.574456
0.574442
0.57443
0.574417
0.574405
0.574394
0.574382
0.574372
0.574361
0.574351
0.574342
0.574333
0.574324
0.574316
0.574308
0.574301
0.574295
0.574288
0.574283
0.574277
0.574273
0.574268
0.574265
0.574261
0.574259
0.574256
0.574255
0.574253
0.574253
0.574253
0.574253
0.574254
0.574256
0.574258
0.57426
0.574263
0.574266
0.57427
0.574275
0.57428
0.574285
0.574291
0.574298
0.574305
0.574312
0.574321
0.574329
0.574338
0.574347
0.574357
0.574368
0.574379
0.57439
0.574402
0.574414
0.574427
0.57444
0.574454
0.574468
0.574482
0.574497
0.574512
0.574528
0.574544
0.57456
0.574577
0.574594
0.574611
0.574629
0.574647
0.574665
0.574684
0.574703
0.574722
0.574742
0.574762
0.574782
0.574803
0.574823
0.574844
0.574865
0.574886
0.574907
0.574929
0.57495
0.574972
0.574994
0.575016
0.575039
0.575061
0.575083
0.575106
0.575128
0.575151
0.575173
0.575196
0.575218
0.575241
0.575263
0.575286
0.575308
0.575331
0.575353
0.575375
0.575397
0.575419
0.575441
0.575463
0.575485
0.575506
0.575527
0.575548
0.575569
0.57559
0.57561
0.57563
0.57565
0.575669
0.575689
0.575708
0.575727
0.575745
0.575763
0.575781
0.575798
0.575815
0.575832
0.575848
0.575864
0.57588
0.575895
0.575909
0.575923
0.575937
0.575951
0.575963
0.575976
0.575988
0.575999
0.57601
0.57602
0.57603
0.57604
0.576049
0.576057
0.576065
0.576072
0.576079
0.576085
0.576091
0.576096
0.5761
0.576104
0.576108
0.576111
0.576114
0.576115
0.576117
0.576118
0.576118
0.576118
0.576117
0.576115
0.576113
0.576111
0.576107
0.576104
0.576099
0.576094
0.576089
0.576082
0.576076
0.576068
0.576061
0.576052
0.576043
0.576034
0.576024
0.576013
0.576002
0.57599
0.575978
0.575965
0.575952
0.575939
0.575925
0.57591
0.575895
0.57588
0.575864
0.575847
0.57583
0.575813
0.575795
0.575777
0.575758
0.575739
0.575719
0.575699
0.575679
0.575659
0.575638
0.575616
0.575595
0.575573
0.575551
0.575528
0.575506
0.575483
0.57546
0.575437
0.575413
0.575389
0.575366
0.575342
0.575318
0.575293
0.575269
0.575244
0.57522
0.575195
0.57517
0.575145
0.57512
0.575095
0.57507
0.575045
0.57502
0.574995
0.57497
0.574946
0.574921
0.574896
0.574871
0.574847
0.574822
0.574798
0.574774
0.57475
0.574726
0.574703
0.57468
0.574657
0.574634
0.574611
0.574589
0.574567
0.574546
0.574524
0.574503
0.574482
0.574462
0.574442
0.574423
0.574404
0.574385
0.574367
0.574349
0.574331
0.574315
0.574298
0.574282
0.574266
0.574251
0.574236
0.574222
0.574209
0.574195
0.574183
0.574171
0.574159
0.574148
0.574138
0.574128
0.574119
0.57411
0.574102
0.574095
0.574088
0.574081
0.574076
0.574071
0.574066
0.574063
0.574059
0.574057
0.574055
0.574054
0.574053
0.574053
0.574054
0.574055
0.574057
0.574059
0.574062
0.574066
0.574071
0.574076
0.574081
0.574088
0.574094
0.574102
0.57411
0.574119
0.574128
0.574138
0.574149
0.57416
0.574171
0.574184
0.574197
0.57421
0.574224
0.574239
0.574254
0.57427
0.574286
0.574303
0.57432
0.574338
0.574356
0.574375
0.574394
0.574413
0.574433
0.574454
0.574475
0.574496
0.574518
0.57454
0.574563
0.574586
0.574609
0.574633
0.574656
0.574681
0.574705
0.57473
0.574755
0.574781
0.574806
0.574832
0.574858
0.574884
0.574911
0.574937
0.574964
0.574991
0.575018
0.575045
0.575072
0.575099
0.575126
0.575154
0.575181
0.575208
0.575236
0.575263
0.57529
0.575318
0.575345
0.575372
0.575399
0.575426
0.575452
0.575479
0.575505
0.575531
0.575558
0.575584
0.575609
0.575635
0.57566
0.575685
0.57571
0.575734
0.575758
0.575782
0.575805
0.575828
0.575851
0.575873
0.575895
0.575916
0.575937
0.575957
0.575977
0.575997
0.576016
0.576034
0.576052
0.57607
0.576087
0.576103
0.576119
0.576135
0.576149
0.576163
0.576177
0.57619
0.576203
0.576214
0.576226
0.576237
0.576247
0.576256
0.576265
0.576273
0.57628
0.576287
0.576293
0.576299
0.576304
0.576308
0.576311
0.576314
0.576316
0.576317
0.576317
0.576317
0.576317
0.576315
0.576313
0.57631
0.576307
0.576303
0.576298
0.576293
0.576286
0.57628
0.576272
0.576264
0.576255
0.576245
0.576235
0.576224
0.576212
0.5762
0.576187
0.576174
0.57616
0.576145
0.57613
0.576114
0.576098
0.576081
0.576063
0.576045
0.576026
0.576007
0.575987
0.575967
0.575946
0.575924
0.575902
0.57588
0.575857
0.575834
0.57581
0.575786
0.575762
0.575737
0.575711
0.575686
0.57566
0.575633
0.575606
0.575579
0.575552
0.575525
0.575497
0.575469
0.57544
0.575412
0.575383
0.575354
0.575324
0.575295
0.575266
0.575236
0.575206
0.575177
0.575147
0.575117
0.575087
0.575057
0.575027
0.574998
0.574968
0.574938
0.574909
0.574879
0.57485
0.574821
0.574792
0.574763
0.574734
0.574705
0.574677
0.574649
0.574621
0.574593
0.574566
0.574539
0.574512
0.574485
0.574459
0.574434
0.574408
0.574383
0.574359
0.574335
0.574311
0.574288
0.574265
0.574243
0.574221
0.5742
0.57418
0.574159
0.57414
0.574121
0.574102
0.574084
0.574067
0.57405
0.574034
0.574019
0.574004
0.57399
0.573976
0.573963
0.573951
0.57394
0.573929
0.573919
0.573909
0.573901
0.573893
0.573885
0.573879
0.573873
0.573868
0.573863
0.57386
0.573857
0.573855
0.573853
0.573853
0.573853
0.573854
0.573856
0.573858
0.573861
0.573865
0.57387
0.573875
0.573881
0.573888
0.573896
0.573904
0.573913
0.573923
0.573933
0.573945
0.573957
0.573969
0.573982
0.573997
0.574011
0.574027
0.574043
0.574059
0.574077
0.574095
0.574114
0.574133
0.574153
0.574173
0.574194
0.574216
0.574238
0.574261
0.574284
0.574308
0.574332
0.574357
0.574382
0.574408
0.574434
0.574461
0.574488
0.574515
0.574543
0.574571
0.5746
0.574629
0.574658
0.574687
0.574717
0.574747
0.574778
0.574808
0.574839
0.57487
0.574902
0.574933
0.574965
0.574997
0.575029
0.57506
0.575093
0.575125
0.575157
0.575189
0.575221
0.575253
0.575286
0.575318
0.57535
0.575382
0.575413
0.575445
0.575477
0.575508
0.575539
0.57557
0.575601
0.575632
0.575662
0.575692
0.575722
0.575752
0.575781
0.57581
0.575838
0.575866
0.575894
0.575921
0.575948
0.575974
0.576
0.576026
0.57605
0.576075
0.576099
0.576122
0.576145
0.576167
0.576189
0.57621
0.57623
0.57625
0.576269
0.576288
0.576306
0.576323
0.576339
0.576355
0.57637
0.576385
0.576399
0.576412
0.576424
0.576436
0.576447
0.576457
0.576466
0.576475
0.576482
0.576489
0.576495
0.576501
0.576506
0.576509
0.576513
0.576515
0.576516
0.576517
0.576517
0.576516
0.576514
0.576511
0.576508
0.576503
0.576498
0.576493
0.576486
0.576479
0.576471
0.576462
0.576453
0.576443
0.576432
0.57642
0.576407
0.576394
0.576379
0.576364
0.576348
0.576332
0.576314
0.576296
0.576278
0.576258
0.576239
0.576218
0.576197
0.576175
0.576153
0.576129
0.576106
0.576081
0.576056
0.57603
0.576004
0.575977
0.57595
0.575922
0.575894
0.575865
0.575836
0.575807
0.575776
0.575746
0.575715
0.575683
0.575652
0.57562
0.575587
0.575555
0.575522
0.575489
0.575456
0.575423
0.575389
0.575355
0.575321
0.575286
0.575252
0.575217
0.575182
0.575148
0.575113
0.575079
0.575044
0.575009
0.574975
0.57494
0.574906
0.574871
0.574837
0.574803
0.574769
0.574736
0.574702
0.574669
0.574636
0.574603
0.574571
0.574539
0.574506
0.574475
0.574443
0.574412
0.574381
0.574351
0.574321
0.574292
0.574264
0.574235
0.574207
0.57418
0.574153
0.574127
0.574101
0.574076
0.574052
0.574028
0.574005
0.573983
0.573961
0.57394
0.573919
0.573899
0.57388
0.573861
0.573843
0.573826
0.57381
0.573794
0.573779
0.573765
0.573752
0.573739
0.573728
0.573717
0.573707
0.573698
0.57369
0.573682
0.573676
0.57367
0.573665
0.573661
0.573658
0.573656
0.573654
0.573654
0.573654
0.573655
0.573657
0.57366
0.573663
0.573668
0.573673
0.57368
0.573687
0.573695
0.573704
0.573714
0.573724
0.573736
0.573748
0.573761
0.573775
0.57379
0.573805
0.573821
0.573838
0.573856
0.573875
0.573894
0.573914
0.573935
0.573957
0.573979
0.574002
0.574026
0.57405
0.574075
0.574101
0.574127
0.574154
0.574182
0.57421
0.574239
0.574268
0.574298
0.574328
0.574359
0.57439
0.574422
0.574454
0.574486
0.574519
0.574552
0.574586
0.57462
0.574654
0.574689
0.574724
0.574759
0.574795
0.574831
0.574867
0.574903
0.574939
0.574976
0.575013
0.57505
0.575087
0.575124
0.575161
0.575197
0.575234
0.575271
0.575308
0.575345
0.575381
0.575418
0.575455
0.575491
0.575527
0.575563
0.575599
0.575635
0.57567
0.575706
0.575741
0.575775
0.575809
0.575843
0.575876
0.575909
0.575942
0.575974
0.576006
0.576037
0.576068
0.576098
0.576127
0.576156
0.576185
0.576213
0.57624
0.576267
0.576293
0.576318
0.576343
0.576367
0.57639
0.576413
0.576435
0.576456
0.576476
0.576496
0.576515
0.576533
0.57655
0.576567
0.576583
0.576598
0.576612
0.576625
0.576637
0.576649
0.57666
0.576669
0.576678
0.576686
0.576693
0.576699
0.576705
0.576709
0.576712
0.576715
0.576716
0.576717
0.576717
0.576715
0.576713
0.57671
0.576706
0.576701
0.576695
0.576688
0.576681
0.576672
0.576662
0.576652
0.576641
0.576629
0.576616
0.576602
0.576588
0.576572
0.576556
0.576538
0.57652
0.576501
0.576482
0.576461
0.57644
0.576418
0.576396
0.576372
0.576348
