0.584405
0.584407
0.584409
0.58441
0.584411
0.584411
0.584412
0.584413
0.584413
0.584413
0.584414
0.584414
0.584414
0.584414
0.584415
0.584415
0.584415
0.584415
0.584415
0.584414
0.584414
0.584414
0.584414
0.584414
0.584414
0.584415
0.584415
0.584414
0.584414
0.584414
0.584414
0.584413
0.584413
0.584412
0.584411
0.584411
0.58441
0.584409
0.584408
0.584408
0.584407
0.584406
0.584405
0.584404
0.584404
0.584403
0.584402
0.584401
0.5844
0.584399
0.584398
0.584397
0.584395
0.584394
0.584393
0.584392
0.584391
0.58439
0.584388
0.584387
0.584386
0.584384
0.584383
0.584381
0.58438
0.584378
0.584377
0.584375
0.584374
0.584372
0.584371
0.584369
0.584368
0.584366
0.584364
0.584363
0.584361
0.58436
0.584358
0.584357
0.584355
0.584353
0.584352
0.58435
0.584349
0.584347
0.584346
0.584344
0.584343
0.584341
0.58434
0.584339
0.584337
0.584336
0.584335
0.584334
0.584332
0.584331
0.58433
0.584329
0.584328
0.584327
0.584326
0.584325
0.584324
0.584323
0.584322
0.584321
0.58432
0.584319
0.584319
0.584318
0.584317
0.584317
0.584316
0.584316
0.584316
0.584315
0.584315
0.584315
0.584315
0.584315
0.584315
0.584315
0.584315
0.584316
0.584316
0.584317
0.584317
0.584318
0.584318
0.584319
0.58432
0.58432
0.584321
0.584322
0.584323
0.584324
0.584325
0.584326
0.584327
0.584329
0.58433
0.584332
0.584334
0.584335
0.584337
0.584339
0.584341
0.584342
0.584344
0.584346
0.584349
0.584351
0.584353
0.584355
0.584358
0.58436
0.584362
0.584365
0.584368
0.58437
0.584373
0.584376
0.584379
0.584381
0.584384
0.584387
0.58439
0.584393
0.584396
0.584399
0.584403
0.584406
0.584409
0.584412
0.584416
0.584419
0.584422
0.584426
0.584429
0.584433
0.584436
0.58444
0.584443
0.584447
0.58445
0.584454
0.584458
0.584461
0.584465
0.584468
0.584472
0.584475
0.584479
0.584482
0.584486
0.584489
0.584492
0.584496
0.584499
0.584503
0.584506
0.58451
0.584513
0.584516
0.58452
0.584523
0.584526
0.584529
0.584532
0.584535
0.584538
0.584541
0.584544
0.584547
0.584549
0.584552
0.584554
0.584557
0.584559
0.584561
0.584564
0.584566
0.584568
0.58457
0.584572
0.584574
0.584576
0.584577
0.584579
0.584581
0.584582
0.584583
0.584585
0.584586
0.584587
0.584588
0.584588
0.584589
0.58459
0.58459
0.584591
0.584591
0.584591
0.584591
0.584591
0.584591
0.58459
0.58459
0.584589
0.584588
0.584587
0.584586
0.584585
0.584584
0.584582
0.584581
0.584579
0.584578
0.584576
0.584574
0.584572
0.58457
0.584568
0.584565
0.584563
0.58456
0.584558
0.584555
0.584552
0.584549
0.584546
0.584542
0.584539
0.584535
0.584531
0.584528
0.584524
0.58452
0.584516
0.584512
0.584508
0.584503
0.584499
0.584494
0.58449
0.584485
0.584481
0.584476
0.584471
0.584466
0.584461
0.584455
0.58445
0.584445
0.584439
0.584434
0.584428
0.584423
0.584417
0.584412
0.584406
0.5844
0.584395
0.584389
0.584383
0.584377
0.584372
0.584366
0.58436
0.584354
0.584349
0.584343
0.584337
0.584331
0.584326
0.58432
0.584314
0.584308
0.584303
0.584297
0.584291
0.584285
0.58428
0.584274
0.584268
0.584263
0.584257
0.584252
0.584246
0.584241
0.584236
0.584231
0.584226
0.584221
0.584216
0.584211
0.584206
0.584202
0.584197
0.584193
0.584188
0.584184
0.58418
0.584176
0.584172
0.584168
0.584164
0.584161
0.584157
0.584154
0.584151
0.584148
0.584145
0.584142
0.58414
0.584137
0.584135
0.584132
0.58413
0.584129
0.584127
0.584125
0.584124
0.584123
0.584122
0.584121
0.58412
0.584119
0.584119
0.584119
0.584118
0.584119
0.584119
0.584119
0.58412
0.584121
0.584122
0.584123
0.584124
0.584125
0.584127
0.584129
0.584131
0.584133
0.584135
0.584138
0.584141
0.584143
0.584146
0.58415
0.584153
0.584156
0.58416
0.584164
0.584168
0.584172
0.584177
0.584181
0.584186
0.584191
0.584196
0.584201
0.584206
0.584211
0.584217
0.584223
0.584228
0.584234
0.58424
0.584247
0.584253
0.584259
0.584266
0.584273
0.58428
0.584287
0.584294
0.584301
0.584309
0.584316
0.584323
0.584331
0.584338
0.584346
0.584353
0.584361
0.584369
0.584377
0.584384
0.584392
0.5844
0.584408
0.584416
0.584425
0.584433
0.584441
0.584449
0.584457
0.584466
0.584474
0.584482
0.58449
0.584498
0.584507
0.584515
0.584523
0.584531
0.584539
0.584547
0.584555
0.584563
0.58457
0.584578
0.584586
0.584593
0.584601
0.584608
0.584616
0.584623
0.584631
0.584638
0.584645
0.584652
0.584658
0.584665
0.584671
0.584678
0.584684
0.58469
0.584695
0.584701
0.584707
0.584712
0.584718
0.584723
0.584728
0.584733
0.584737
0.584742
0.584746
0.58475
0.584754
0.584758
0.584761
0.584765
0.584768
0.584771
0.584773
0.584776
0.584778
0.58478
0.584782
0.584784
0.584785
0.584786
0.584787
0.584788
0.584789
0.584789
0.584789
0.584789
0.584788
0.584788
0.584787
0.584786
0.584785
0.584783
0.584781
0.584779
0.584777
0.584774
0.584772
0.584769
0.584766
0.584762
0.584759
0.584755
0.584751
0.584747
0.584742
0.584738
0.584733
0.584727
0.584722
0.584717
0.584711
0.584705
0.584699
0.584692
0.584686
0.584679
0.584672
0.584665
0.584658
0.58465
0.584643
0.584635
0.584627
0.584619
0.584611
0.584602
0.584594
0.584585
0.584576
0.584567
0.584558
0.584549
0.58454
0.58453
0.58452
0.584511
0.584501
0.584491
0.584481
0.584471
0.584461
0.584451
0.584441
0.58443
0.58442
0.584409
0.584399
0.584388
0.584378
0.584368
0.584357
0.584347
0.584337
0.584326
0.584316
0.584306
0.584295
0.584285
0.584274
0.584264
0.584253
0.584243
0.584232
0.584222
0.584212
0.584201
0.584191
0.584181
0.584171
0.584162
0.584152
0.584142
0.584133
0.584124
0.584115
0.584106
0.584097
0.584088
0.58408
0.584071
0.584063
0.584055
0.584047
0.58404
0.584032
0.584025
0.584018
0.584011
0.584005
0.583998
0.583992
0.583986
0.583981
0.583975
0.58397
0.583965
0.58396
0.583956
0.583951
0.583947
0.583944
0.58394
0.583937
0.583934
0.583931
0.583929
0.583927
0.583925
0.583923
0.583922
0.583921
0.58392
0.583919
0.583919
0.583919
0.58392
0.583921
0.583922
0.583923
0.583924
0.583926
0.583928
0.583931
0.583933
0.583936
0.58394
0.583943
0.583947
0.583951
0.583956
0.58396
0.583965
0.58397
0.583976
0.583982
0.583988
0.583994
0.584
0.584007
0.584014
0.584021
0.584029
0.584037
0.584045
0.584053
0.584062
0.58407
0.584079
0.584089
0.584098
0.584108
0.584117
0.584127
0.584138
0.584148
0.584158
0.584169
0.58418
0.584191
0.584202
0.584214
0.584225
0.584237
0.584249
0.584261
0.584273
0.584285
0.584297
0.584309
0.584322
0.584334
0.584347
0.58436
0.584373
0.584386
0.584398
0.584411
0.584424
0.584437
0.58445
0.584463
0.584476
0.584489
0.584502
0.584515
0.584528
0.584541
0.584553
0.584566
0.584579
0.584592
0.584605
0.584617
0.584629
0.584642
0.584654
0.584666
0.584678
0.58469
0.584701
0.584713
0.584724
0.584736
0.584747
0.584758
0.584769
0.584779
0.58479
0.5848
0.58481
0.584819
0.584829
0.584838
0.584848
0.584856
0.584865
0.584874
0.584882
0.58489
0.584897
0.584904
0.584911
0.584918
0.584924
0.58493
0.584936
0.584942
0.584947
0.584952
0.584957
0.584961
0.584965
0.584969
0.584973
0.584976
0.584979
0.584981
0.584983
0.584985
0.584986
0.584987
0.584988
0.584989
0.584989
0.584988
0.584988
0.584987
0.584985
0.584983
0.584981
0.584979
0.584976
0.584973
0.58497
0.584966
0.584962
0.584958
0.584953
0.584948
0.584943
0.584937
0.584931
0.584925
0.584918
0.584911
0.584904
0.584896
0.584888
0.58488
0.584871
0.584862
0.584853
0.584844
0.584834
0.584824
0.584814
0.584803
0.584792
0.584781
0.58477
0.584758
0.584746
0.584734
0.584722
0.58471
0.584697
0.584684
0.584671
0.584658
0.584644
0.58463
0.584617
0.584602
0.584588
0.584574
0.58456
0.584545
0.584531
0.584516
0.584501
0.584487
0.584472
0.584457
0.584441
0.584426
0.584411
0.584396
0.58438
0.584365
0.584349
0.584334
0.584319
0.584303
0.584288
0.584273
0.584258
0.584242
0.584227
0.584212
0.584197
0.584182
0.584167
0.584153
0.584138
0.584123
0.584109
0.584095
0.584081
0.584067
0.584053
0.584039
0.584026
0.584013
0.584
0.583987
0.583974
0.583962
0.58395
0.583938
0.583926
0.583915
0.583904
0.583893
0.583882
0.583872
0.583862
0.583852
0.583843
0.583833
0.583825
0.583816
0.583808
0.5838
0.583792
0.583785
0.583779
0.583772
0.583766
0.58376
0.583755
0.58375
0.583745
0.583741
0.583737
0.583734
0.58373
0.583728
0.583725
0.583723
0.583722
0.583721
0.58372
0.58372
0.58372
0.58372
0.583721
0.583722
0.583724
0.583726
0.583729
0.583731
0.583735
0.583738
0.583742
0.583747
0.583752
0.583757
0.583763
0.583769
0.583775
0.583782
0.583789
0.583797
0.583805
0.583813
0.583822
0.583831
0.58384
0.58385
0.58386
0.583871
0.583881
0.583892
0.583904
0.583916
0.583928
0.58394
0.583953
0.583966
0.583979
0.583992
0.584006
0.58402
0.584034
0.584049
0.584064
0.584079
0.584095
0.58411
0.584126
0.584141
0.584157
0.584174
0.58419
0.584207
0.584223
0.58424
0.584257
0.584274
0.584292
0.584309
0.584326
0.584344
0.584361
0.584379
0.584396
0.584414
0.584432
0.58445
0.584467
0.584485
0.584503
0.584521
0.584539
0.584556
0.584574
0.584592
0.584609
0.584627
0.584644
0.584661
0.584678
0.584695
0.584712
0.584729
0.584745
0.584762
0.584778
0.584794
0.58481
0.584826
0.584841
0.584856
0.584871
0.584886
0.5849
0.584914
0.584928
0.584942
0.584955
0.584968
0.584981
0.584993
0.585005
0.585017
0.585028
0.585039
0.58505
0.58506
0.58507
0.58508
0.585089
0.585098
0.585107
0.585115
0.585123
0.58513
0.585137
0.585144
0.58515
0.585155
0.585161
0.585165
0.58517
0.585174
0.585177
0.58518
0.585182
0.585184
0.585186
0.585187
0.585188
0.585188
0.585188
0.585187
0.585186
0.585185
0.585183
0.585181
0.585178
0.585175
0.585171
0.585166
0.585162
0.585156
0.585151
0.585145
0.585138
0.585131
0.585124
0.585116
0.585107
0.585099
0.585089
0.58508
0.58507
0.58506
0.585049
0.585038
0.585026
0.585014
0.585002
0.584989
0.584976
0.584963
0.584949
0.584935
0.58492
0.584905
0.58489
0.584875
0.584859
0.584843
0.584826
0.58481
0.584793
0.584775
0.584758
0.58474
0.584722
0.584703
0.584685
0.584666
0.584648
0.584629
0.58461
0.584591
0.584572
0.584552
0.584533
0.584513
0.584494
0.584474
0.584454
0.584434
0.584414
0.584394
0.584374
0.584353
0.584333
0.584313
0.584293
0.584272
0.584252
0.584232
0.584212
0.584192
0.584172
0.584153
0.584133
0.584113
0.584094
0.584075
0.584055
0.584037
0.584018
0.583999
0.583981
0.583963
0.583945
0.583927
0.58391
0.583892
0.583876
0.583859
0.583843
0.583827
0.583811
0.583796
0.583781
0.583766
0.583752
0.583738
0.583724
0.583711
0.583698
0.583686
0.583674
0.583662
0.583651
0.58364
0.58363
0.58362
0.58361
0.583601
0.583593
0.583584
0.583577
0.583569
0.583563
0.583556
0.58355
0.583545
0.58354
0.583536
0.583532
0.583529
0.583526
0.583524
0.583522
0.583521
0.58352
0.58352
0.58352
0.583521
0.583523
0.583524
0.583527
0.58353
0.583533
0.583537
0.583541
0.583546
0.583552
0.583558
0.583564
0.583571
0.583579
0.583587
0.583595
0.583604
0.583614
0.583623
0.583634
0.583645
0.583656
0.583668
0.58368
0.583693
0.583706
0.58372
0.583733
0.583748
0.583763
0.583778
0.583794
0.583809
0.583826
0.583843
0.58386
0.583877
0.583895
0.583913
0.583931
0.58395
0.583969
0.583988
0.584008
0.584028
0.584048
0.584068
0.584089
0.58411
0.584131
0.584152
0.584173
0.584195
0.584216
0.584238
0.58426
0.584282
0.584304
0.584327
0.584349
0.584372
0.584394
0.584417
0.584439
0.584462
0.584484
0.584507
0.584529
0.584552
0.584574
0.584597
0.584619
0.584641
0.584664
0.584686
0.584708
0.584729
0.584751
0.584773
0.584794
0.584815
0.584836
0.584857
0.584877
0.584897
0.584917
0.584937
0.584956
0.584975
0.584994
0.585012
0.585031
0.585048
0.585066
0.585083
0.5851
0.585116
0.585132
0.585147
0.585163
0.585177
0.585192
0.585206
0.585219
0.585232
0.585244
0.585256
0.585268
0.585279
0.585289
0.585299
0.585309
0.585318
0.585327
0.585335
0.585343
0.58535
0.585356
0.585362
0.585368
0.585372
0.585376
0.58538
0.585382
0.585385
0.585386
0.585388
0.585388
0.585388
0.585388
0.585387
0.585385
0.585383
0.58538
0.585377
0.585373
0.585369
0.585364
0.585358
0.585352
0.585345
0.585338
0.58533
0.585322
0.585313
0.585304
0.585294
0.585283
0.585272
0.58526
0.585248
0.585235
0.585222
0.585209
0.585195
0.585181
0.585165
0.58515
0.585134
0.585117
0.5851
0.585083
0.585065
0.585047
0.585029
0.58501
0.584991
0.584971
0.584951
0.58493
0.58491
0.584889
0.584867
0.584845
0.584823
0.584801
0.584778
0.584755
0.584732
0.584708
0.584685
0.584661
0.584637
0.584613
0.584589
0.584565
0.58454
0.584516
0.584491
0.584466
0.584441
0.584416
0.584391
0.584366
0.584341
0.584316
0.584291
0.584266
0.584241
0.584216
0.584192
0.584167
0.584142
0.584118
0.584093
0.584069
0.584045
0.584021
0.583998
0.583974
0.583951
0.583928
0.583905
0.583882
0.58386
0.583838
0.583816
0.583794
0.583773
0.583753
0.583732
0.583712
0.583692
0.583673
0.583654
0.583636
0.583618
0.5836
0.583583
0.583567
0.583551
0.583535
0.58352
0.583505
0.583491
0.583477
0.583464
0.583451
0.583439
0.583428
0.583417
0.583406
0.583396
0.583387
0.583378
0.58337
0.583363
0.583356
0.583349
0.583344
0.583339
0.583334
0.58333
0.583327
0.583324
0.583322
0.583321
0.58332
0.58332
0.583321
0.583322
0.583324
0.583326
0.583329
0.583333
0.583337
0.583342
0.583348
0.583354
0.583361
0.583368
0.583377
0.583385
0.583395
0.583405
0.583415
0.583426
0.583438
0.58345
0.583463
0.583476
0.58349
0.583505
0.58352
0.583535
0.583552
0.583568
0.583585
0.583603
0.583621
0.58364
0.583659
0.583679
0.583699
0.583719
0.58374
0.583761
0.583783
0.583805
0.583828
0.583851
0.583874
0.583898
0.583922
0.583946
0.58397
0.583995
0.58402
0.584046
0.584071
0.584097
0.584123
0.584149
0.584176
0.584202
0.584229
0.584256
0.584283
0.58431
0.584337
0.584365
0.584392
0.584419
0.584447
0.584474
0.584502
0.584529
0.584556
0.584584
0.584611
0.584638
0.584665
0.584692
0.584719
0.584746
0.584772
0.584799
0.584825
0.584851
0.584876
0.584902
0.584927
0.584952
0.584976
0.585001
0.585025
0.585048
0.585072
0.585095
0.585117
0.585139
0.585161
0.585182
0.585203
0.585224
0.585244
0.585264
0.585283
0.585302
0.58532
0.585338
0.585355
0.585372
0.585388
0.585404
0.585419
0.585433
0.585447
0.58546
0.585472
0.585484
0.585495
0.585506
0.585516
0.585526
0.585535
0.585543
0.58555
0.585557
0.585563
0.585569
0.585573
0.585578
0.585581
0.585584
0.585586
0.585588
0.585588
0.585588
0.585587
0.585586
0.585584
0.585581
0.585578
0.585574
0.585569
0.585564
0.585558
0.585551
0.585544
0.585535
0.585527
0.585517
0.585507
0.585496
0.585485
0.585472
0.585459
0.585446
0.585432
0.585417
0.585402
0.585386
0.585369
0.585352
0.585335
0.585316
0.585298
0.585278
0.585258
0.585238
0.585217
0.585195
0.585173
0.585151
0.585128
0.585105
0.585081
0.585057
0.585033
0.585008
0.584982
0.584957
0.584931
0.584904
0.584878
0.584851
0.584823
0.584796
0.584768
0.584739
0.584711
0.584682
0.584653
0.584624
0.584595
0.584566
0.584536
0.584507
0.584477
0.584447
0.584417
0.584388
0.584358
0.584328
0.584298
0.584268
0.584238
0.584209
0.584179
0.58415
0.58412
0.584091
0.584062
0.584033
0.584004
0.583976
0.583947
0.583919
0.583891
0.583864
0.583836
0.583809
0.583782
0.583756
0.58373
0.583704
0.583679
0.583654
0.583629
0.583605
0.583582
0.583558
0.583535
0.583513
0.583491
0.58347
0.583449
0.583429
0.583409
0.58339
0.583372
0.583354
0.583336
0.583319
0.583303
0.583288
0.583273
0.583259
0.583245
0.583232
0.58322
0.583208
0.583197
0.583187
0.583178
0.583169
0.583161
0.583153
0.583147
0.583141
0.583136
0.583131
0.583127
0.583125
0.583122
0.583121
0.58312
0.58312
0.583121
0.583123
0.583125
0.583128
0.583132
0.583136
0.583142
0.583148
0.583154
0.583162
0.58317
0.583179
0.583189
0.583199
0.58321
0.583222
0.583235
0.583248
0.583262
0.583277
0.583292
0.583308
0.583324
0.583342
0.58336
0.583378
0.583397
0.583417
0.583437
0.583458
0.58348
0.583502
0.583525
0.583548
0.583572
0.583596
0.583621
0.583646
0.583672
0.583698
0.583725
0.583752
0.583779
0.583807
0.583836
0.583864
0.583893
0.583923
0.583953
0.583983
0.584013
0.584043
0.584074
0.584105
0.584136
0.584167
0.584199
0.58423
0.584262
0.584294
0.584326
0.584358
0.58439
0.584423
0.584455
0.584487
0.584519
0.584551
0.584583
0.584616
0.584648
0.584679
0.584711
0.584743
0.584774
0.584806
0.584837
0.584868
0.584898
0.584929
0.584959
0.584989
0.585019
0.585048
0.585077
0.585105
0.585133
0.585161
0.585188
0.585215
0.585241
0.585267
0.585293
0.585318
0.585342
0.585366
0.58539
0.585413
0.585435
0.585457
0.585478
0.585498
0.585518
0.585538
0.585556
0.585575
0.585592
0.585609
0.585625
0.58564
0.585655
0.585669
0.585682
0.585694
0.585706
0.585717
0.585727
0.585736
0.585745
0.585753
0.58576
0.585766
0.585772
0.585777
0.585781
0.585784
0.585786
0.585788
0.585788
0.585788
0.585787
0.585785
0.585783
0.58578
0.585775
0.58577
0.585765
0.585758
0.585751
0.585742
0.585734
0.585724
0.585713
0.585702
0.58569
0.585677
0.585664
0.58565
0.585635
0.585619
0.585602
0.585585
0.585567
0.585548
0.585529
0.585509
0.585488
0.585467
0.585444
0.585422
0.585399
0.585375
0.58535
0.585325
0.5853
0.585273
0.585247
0.58522
0.585192
0.585164
0.585135
0.585106
0.585076
0.585046
0.585016
0.584985
0.584954
0.584922
0.58489
0.584858
0.584826
0.584793
0.58476
0.584727
0.584693
0.584659
0.584626
0.584591
0.584557
0.584523
0.584488
0.584454
0.584419
0.584385
0.58435
0.584316
0.584281
0.584246
0.584212
0.584178
0.584143
0.584109
0.584075
0.584041
0.584007
0.583973
0.58394
0.583907
0.583874
0.583841
0.583809
0.583777
0.583745
0.583714
0.583682
0.583652
0.583622
0.583592
0.583562
0.583534
0.583505
0.583477
0.58345
0.583423
0.583397
0.583372
0.583347
0.583322
0.583298
0.583275
0.583252
0.58323
0.583209
0.583188
0.583168
0.583149
0.58313
0.583112
0.583095
0.583078
0.583063
0.583048
0.583034
0.58302
0.583008
0.582996
0.582985
0.582975
0.582966
0.582958
0.58295
0.582944
0.582938
0.582933
0.582928
0.582925
0.582923
0.582921
0.58292
0.582921
0.582922
0.582924
0.582926
0.58293
0.582935
0.58294
0.582946
0.582953
0.582961
0.58297
0.582979
0.58299
0.583001
0.583013
0.583026
0.58304
0.583055
0.58307
0.583086
0.583103
0.583121
0.583139
0.583159
0.583179
0.583199
0.583221
0.583243
0.583266
0.58329
0.583314
0.583339
0.583364
0.58339
0.583417
0.583445
0.583473
0.583501
0.583531
0.58356
0.583591
0.583621
0.583652
0.583684
0.583716
0.583749
0.583782
0.583815
0.583849
0.583883
0.583918
0.583953
0.583988
0.584023
0.584059
0.584095
0.584131
0.584168
0.584204
0.584241
0.584278
0.584314
0.584351
0.584388
0.584425
0.584463
0.5845
0.584537
0.584574
0.58461
0.584647
0.584684
0.58472
0.584757
0.584793
0.584829
0.584865
0.584901
0.584937
0.584972
0.585007
0.585041
0.585075
0.585109
0.585143
0.585176
0.585208
0.585241
0.585273
0.585304
0.585335
0.585365
0.585395
0.585424
0.585453
0.585481
0.585508
0.585535
0.585561
0.585587
0.585611
0.585636
0.585659
0.585682
0.585704
0.585726
0.585746
0.585766
0.585785
0.585803
0.585821
0.585837
0.585853
0.585868
0.585882
0.585896
0.585908
0.585919
0.58593
0.58594
0.585949
0.585957
0.585964
0.58597
0.585976
0.58598
0.585983
0.585986
0.585988
0.585988
0.585988
0.585987
0.585985
0.585982
0.585978
0.585973
0.585967
0.585961
0.585953
0.585944
0.585935
0.585925
0.585913
0.585901
0.585888
0.585874
0.58586
0.585844
0.585828
0.585811
0.585793
0.585774
0.585754
0.585733
0.585712
0.585689
0.585666
0.585643
0.585618
0.585593
0.585567
0.58554
0.585513
0.585485
0.585456
0.585427
0.585397
0.585367
0.585335
0.585304
0.585271
0.585239
0.585205
0.585172
0.585137
0.585103
0.585067
0.585032
0.584996
0.584959
0.584923
0.584885
0.584848
0.58481
0.584772
0.584734
0.584696
0.584657
0.584618
0.584579
0.58454
0.5845
0.584461
0.584422
0.584382
0.584343
0.584303
0.584264
0.584224
0.584185
0.584146
0.584106
0.584068
0.584029
0.58399
0.583952
0.583913
0.583875
0.583838
0.5838
0.583763
0.583726
0.58369
0.583654
0.583618
0.583583
0.583548
0.583514
0.58348
0.583447
0.583414
0.583382
0.58335
0.583319
0.583289
0.583259
0.58323
0.583201
0.583174
0.583146
0.58312
0.583094
0.583069
0.583045
0.583022
0.582999
0.582977
0.582956
0.582936
0.582916
0.582898
0.58288
0.582863
0.582848
0.582833
0.582818
0.582805
0.582793
0.582782
0.582771
0.582762
0.582753
0.582746
0.582739
0.582734
0.582729
0.582726
0.582723
0.582721
0.58272
0.582721
0.582722
0.582724
0.582727
0.582732
0.582737
0.582743
0.58275
0.582758
0.582767
0.582777
0.582788
0.5828
0.582813
0.582827
0.582842
0.582858
0.582874
0.582892
0.58291
0.58293
0.58295
0.582971
0.582993
0.583016
0.583039
0.583064
0.583089
0.583115
0.583142
0.583169
0.583198
0.583227
0.583256
0.583287
0.583318
0.58335
0.583382
0.583415
0.583449
0.583483
0.583518
0.583554
0.58359
0.583626
0.583663
0.583701
0.583738
0.583777
0.583815
0.583854
0.583894
0.583934
0.583974
0.584014
0.584055
0.584096
0.584137
0.584178
0.58422
0.584261
0.584303
0.584345
0.584387
0.584429
0.584471
0.584513
0.584555
0.584596
0.584638
0.58468
0.584721
0.584763
0.584804
0.584845
0.584886
0.584926
0.584966
0.585006
0.585046
0.585085
0.585124
0.585163
0.585201
0.585238
0.585276
0.585313
0.585349
0.585385
0.585421
0.585455
0.585489
0.585523
0.585556
0.585588
0.585619
0.58565
0.58568
0.58571
0.585738
0.585766
0.585794
0.58582
0.585846
0.58587
0.585894
0.585917
0.58594
0.585961
0.585982
0.586001
0.58602
0.586038
0.586054
0.58607
0.586085
0.586099
0.586112
0.586124
0.586135
0.586145
0.586154
0.586162
0.586169
0.586175
0.58618
0.586183
0.586186
0.586188
0.586189
0.586188
0.586187
0.586184
0.58618
0.586176
0.58617
0.586164
0.586156
0.586147
0.586138
0.586127
0.586116
0.586103
0.586089
0.586075
0.586059
0.586042
0.586025
0.586006
0.585987
0.585966
0.585945
0.585923
0.585899
0.585875
0.58585
0.585824
0.585797
0.58577
0.585741
0.585712
0.585681
0.585651
0.585619
0.585586
0.585553
0.585519
0.585485
0.58545
0.585414
0.585377
0.58534
0.585303
0.585265
0.585226
0.585188
0.585148
0.585109
0.585068
0.585028
0.584986
0.584945
0.584903
0.584861
0.584818
0.584775
0.584732
0.584688
0.584645
0.584601
0.584557
0.584513
0.584469
0.584424
0.58438
0.584336
0.584291
0.584247
0.584203
0.584159
0.584115
0.584071
0.584027
0.583983
0.58394
0.583897
0.583854
0.583811
0.583769
0.583727
0.583685
0.583644
0.583603
0.583563
0.583523
0.583484
0.583445
0.583406
0.583368
0.583331
0.583294
0.583258
0.583223
0.583188
0.583154
0.583121
0.583088
0.583056
0.583025
0.582995
0.582965
0.582936
0.582908
0.582881
0.582855
0.58283
0.582806
0.582782
0.58276
0.582738
0.582717
0.582698
0.582679
0.582661
0.582645
0.582629
0.582614
0.582601
0.582588
0.582577
0.582566
0.582557
0.582548
0.582541
0.582535
0.58253
0.582526
0.582523
0.582521
0.58252
0.582521
0.582522
0.582525
0.582529
0.582533
0.582539
0.582546
0.582554
0.582564
0.582574
0.582585
0.582598
0.582611
0.582626
0.582641
0.582658
0.582675
0.582694
0.582714
0.582734
0.582756
0.582779
0.582802
0.582827
0.582852
0.582879
0.582906
0.582935
0.582964
0.582994
0.583025
0.583056
0.583089
0.583122
0.583156
0.583191
0.583227
0.583263
0.5833
0.583338
0.583376
0.583415
0.583454
0.583495
0.583535
0.583577
0.583618
0.583661
0.583703
0.583747
0.58379
0.583835
0.583879
0.583924
0.583969
0.584014
0.58406
0.584106
0.584152
0.584198
0.584245
0.584291
0.584338
0.584385
0.584431
0.584478
0.584525
0.584572
0.584618
0.584665
0.584712
0.584758
0.584804
0.58485
0.584896
0.584941
0.584986
0.585031
0.585076
0.58512
0.585164
0.585207
0.58525
0.585293
0.585335
0.585376
0.585417
0.585457
0.585497
0.585536
0.585575
0.585613
0.58565
0.585687
0.585722
0.585758
0.585792
0.585825
0.585858
0.58589
0.585921
0.585951
0.585981
0.586009
0.586036
0.586063
0.586089
0.586113
0.586137
0.58616
0.586182
0.586202
0.586222
0.586241
0.586258
0.586275
0.58629
0.586304
0.586318
0.58633
0.586341
0.586351
0.58636
0.586367
0.586374
0.586379
0.586383
0.586386
0.586388
0.586389
0.586388
0.586387
0.586384
0.58638
0.586375
0.586368
0.586361
0.586352
0.586343
0.586332
0.58632
0.586307
0.586293
0.586277
0.586261
0.586243
0.586225
0.586205
0.586184
0.586163
0.58614
0.586116
0.586091
0.586065
0.586038
0.586011
0.585982
0.585952
0.585921
0.585889
0.585856
0.585823
0.585789
0.585753
0.585717
0.585681
0.585643
0.585605
0.585566
0.585526
0.585486
0.585445
0.585404
0.585361
0.585319
0.585275
0.585231
0.585187
0.585142
0.585097
0.585051
0.585005
0.584958
0.584911
0.584864
0.584816
0.584768
0.58472
0.584672
0.584623
0.584574
0.584525
0.584476
0.584427
0.584378
0.584329
0.58428
0.584231
0.584182
0.584133
0.584084
0.584035
0.583987
0.583938
0.58389
0.583843
0.583795
0.583748
0.583701
0.583654
0.583608
0.583562
0.583517
0.583472
0.583428
0.583385
0.583342
0.583299
0.583257
0.583216
0.583175
0.583135
0.583096
0.583057
0.58302
0.582983
0.582946
0.582911
0.582877
0.582843
0.582811
0.582779
0.582748
0.582718
0.582689
0.582661
0.582634
0.582608
0.582583
0.582559
0.582537
0.582515
0.582494
0.582475
0.582456
0.582439
0.582423
0.582408
0.582394
0.582382
0.58237
0.58236
0.582351
0.582343
0.582336
0.58233
0.582326
0.582323
0.582321
0.58232
0.582321
0.582323
0.582326
0.58233
0.582335
0.582342
0.582349
0.582358
0.582369
0.58238
0.582393
0.582407
0.582422
0.582438
0.582455
0.582474
0.582493
0.582514
0.582536
0.582559
0.582583
0.582608
0.582634
0.582661
0.58269
0.582719
0.582749
0.582781
0.582813
0.582846
0.58288
0.582916
0.582952
0.582988
0.583026
0.583065
0.583104
0.583144
0.583185
0.583227
0.583269
0.583313
0.583357
0.583401
0.583446
0.583492
0.583538
0.583585
0.583632
0.58368
0.583728
0.583776
0.583825
0.583875
0.583924
0.583975
0.584025
0.584075
0.584126
0.584177
0.584228
0.58428
0.584331
0.584383
0.584435
0.584486
0.584538
0.584589
0.584641
0.584692
0.584744
0.584795
0.584846
0.584897
0.584947
0.584997
0.585047
0.585096
0.585145
0.585194
0.585242
0.58529
0.585337
0.585384
0.58543
0.585476
0.585521
0.585565
0.585609
0.585652
0.585695
0.585736
0.585777
0.585818
0.585857
0.585896
0.585933
0.58597
0.586006
0.586041
0.586076
0.586109
0.586141
0.586173
0.586203
0.586232
0.58626
0.586288
0.586314
0.586339
0.586362
0.586385
0.586407
0.586427
0.586446
0.586465
0.586482
0.586497
0.586512
0.586525
0.586537
0.586548
0.586557
0.586565
0.586573
0.586578
0.586583
0.586586
0.586588
0.586589
0.586588
0.586586
0.586583
0.586578
0.586573
0.586566
0.586557
0.586548
0.586537
0.586525
0.586512
0.586498
0.586482
0.586465
0.586447
0.586428
0.586407
0.586385
0.586362
0.586338
0.586313
0.586287
0.586259
0.586231
0.586201
0.58617
0.586139
0.586106
0.586072
0.586037
0.586001
0.585964
0.585926
0.585887
0.585848
0.585807
0.585766
0.585724
0.585681
0.585637
0.585593
0.585548
0.585502
0.585456
0.585409
0.585361
0.585313
0.585264
0.585215
0.585165
0.585115
0.585064
0.585013
0.584961
0.584909
0.584857
0.584804
0.584751
0.584698
0.584645
0.584591
0.584538
0.584484
0.58443
0.584376
0.584322
0.584268
0.584214
0.58416
0.584106
0.584052
0.583999
0.583946
0.583893
0.58384
0.583787
0.583735
0.583683
0.583632
0.583581
0.58353
0.58348
0.583431
0.583382
0.583333
0.583285
0.583238
0.583192
0.583146
0.583101
0.583056
0.583012
0.582969
0.582927
0.582886
0.582845
0.582805
0.582767
0.582729
0.582692
0.582656
0.582621
0.582588
0.582555
0.582523
0.582493
0.582463
0.582435
0.582407
0.582381
0.582356
0.582333
0.58231
0.582289
0.582269
0.58225
0.582232
0.582216
0.582201
0.582187
0.582175
0.582163
0.582153
0.582145
0.582137
0.582131
0.582127
0.582123
0.582121
0.58212
0.582121
0.582123
0.582126
0.582131
0.582137
0.582144
0.582153
0.582163
0.582174
0.582187
0.582201
0.582216
0.582232
0.58225
0.582269
0.582289
0.582311
0.582334
0.582358
0.582383
0.582409
0.582437
0.582466
0.582496
0.582527
0.58256
0.582593
0.582627
0.582663
0.582699
0.582737
0.582775
0.582815
0.582855
0.582897
0.582939
0.582982
0.583026
0.583071
0.583117
0.583163
0.58321
0.583258
0.583307
0.583356
0.583406
0.583456
0.583508
0.583559
0.583612
0.583664
0.583718
0.583771
0.583825
0.583879
0.583934
0.583989
0.584044
0.5841
0.584155
0.584211
0.584267
0.584324
0.58438
0.584437
0.584493
0.58455
0.584607
0.584663
0.584719
0.584775
0.584831
0.584887
0.584942
0.584997
0.585052
0.585106
0.585161
0.585214
0.585268
0.58532
0.585373
0.585424
0.585476
0.585526
0.585576
0.585625
0.585674
0.585721
0.585768
0.585815
0.58586
0.585905
0.585949
0.585992
0.586034
0.586075
0.586115
0.586155
0.586193
0.58623
0.586267
0.586302
0.586336
0.586369
0.586401
0.586432
0.586462
0.58649
0.586517
0.586543
0.586568
0.586591
0.586614
0.586635
0.586654
0.586672
0.586689
0.586705
0.58672
0.586733
0.586745
0.586755
0.586764
0.586772
0.586778
0.586783
0.586787
0.586789
0.586789
0.586789
0.586786
0.586782
0.586777
0.586771
0.586763
0.586754
0.586744
0.586732
0.586718
0.586704
0.586688
0.586671
0.586652
0.586632
0.586611
0.586589
0.586565
0.58654
0.586514
0.586486
0.586457
0.586427
0.586396
0.586364
0.58633
0.586295
0.58626
0.586223
0.586184
0.586145
0.586105
0.586064
0.586022
0.585978
0.585934
0.585889
0.585843
0.585796
0.585749
0.5857
0.585651
0.585601
0.585551
0.585499
0.585447
0.585395
0.585342
0.585288
0.585234
0.585179
0.585123
0.585068
0.585011
0.584955
0.584898
0.58484
0.584783
0.584725
0.584666
0.584608
0.584549
0.584491
0.584432
0.584373
0.584314
0.584256
0.584197
0.584138
0.58408
0.584021
0.583963
0.583905
0.583847
0.58379
0.583733
0.583676
0.583619
0.583563
0.583508
0.583453
0.583398
0.583344
0.583291
0.583238
0.583186
0.583135
0.583084
0.583034
0.582985
0.582936
0.582889
0.582842
0.582796
0.582751
0.582707
0.582664
0.582621
0.58258
0.58254
0.582501
0.582464
0.582427
0.582391
0.582357
0.582324
0.582292
0.582261
0.582231
0.582203
0.582176
0.58215
0.582126
0.582103
0.582081
0.58206
0.582041
0.582023
0.582007
0.581992
0.581978
0.581966
0.581956
0.581946
0.581938
0.581932
0.581927
0.581923
0.581921
0.58192
0.581921
0.581923
0.581927
0.581932
0.581939
0.581947
0.581956
0.581967
0.58198
0.581993
0.582009
0.582025
0.582043
0.582063
0.582084
0.582106
0.582129
0.582154
0.58218
0.582208
0.582237
0.582267
0.582298
0.58233
0.582364
0.582399
0.582435
0.582473
0.582511
0.582551
0.582592
0.582634
0.582677
0.582721
0.582766
0.582812
0.582859
0.582907
0.582956
0.583005
0.583056
0.583107
0.583159
0.583212
0.583266
0.58332
0.583375
0.583431
0.583487
0.583544
0.583601
0.583659
0.583717
0.583775
0.583834
0.583894
0.583954
0.584014
0.584074
0.584135
0.584196
0.584257
0.584318
0.584379
0.58444
0.584501
0.584562
0.584624
0.584685
0.584746
0.584807
0.584867
0.584928
0.584988
0.585048
0.585107
0.585166
0.585225
0.585283
0.585341
0.585398
0.585455
0.585511
0.585567
0.585622
0.585676
0.585729
0.585782
0.585834
0.585885
0.585935
0.585984
0.586033
0.58608
0.586127
0.586173
0.586217
0.586261
0.586303
0.586345
0.586385
0.586424
0.586463
0.586499
0.586535
0.58657
0.586603
0.586635
0.586666
0.586695
0.586724
0.58675
0.586776
0.5868
0.586823
0.586844
0.586864
0.586882
0.586899
0.586915
0.586929
0.586941
0.586952
0.586962
0.58697
0.586977
0.586982
0.586986
0.586988
0.586989
0.586988
0.586985
0.586982
0.586976
0.586969
0.586961
0.586951
0.586939
0.586926
0.586912
0.586896
0.586879
0.58686
0.58684
0.586818
0.586795
0.586771
0.586745
0.586718
0.586689
0.58666
0.586628
0.586596
0.586562
0.586527
0.586491
0.586453
0.586414
0.586374
0.586333
0.586291
0.586247
0.586203
0.586157
0.58611
0.586062
0.586014
0.585964
0.585913
0.585862
0.585809
0.585756
0.585702
0.585647
0.585591
0.585534
0.585477
0.585419
0.585361
0.585302
0.585243
0.585183
0.585122
0.585061
0.585
0.584938
0.584876
0.584814
0.584751
0.584688
0.584625
0.584561
0.584498
0.584434
0.58437
0.584307
0.584243
0.58418
0.584116
0.584053
0.58399
0.583927
0.583864
0.583802
0.58374
0.583678
0.583616
0.583556
0.583495
0.583435
0.583376
0.583317
0.583258
0.583201
0.583144
0.583087
0.583031
0.582976
0.582922
0.582869
0.582817
0.582765
0.582715
0.582665
0.582616
0.582569
0.582522
0.582477
0.582433
0.582389
0.582347
0.582306
0.582267
0.582228
0.582191
0.582155
0.582121
0.582087
0.582055
0.582025
0.581996
0.581968
0.581942
0.581917
0.581893
0.581871
0.58185
0.581831
0.581814
0.581797
0.581783
0.58177
0.581758
0.581748
0.581739
0.581732
0.581727
0.581723
0.581721
0.58172
0.581721
0.581724
0.581728
0.581733
0.581741
0.581749
0.58176
0.581772
0.581785
0.5818
0.581816
0.581834
0.581854
0.581875
0.581897
0.581921
0.581947
0.581974
0.582002
0.582032
0.582063
0.582096
0.58213
0.582165
0.582202
0.58224
0.582279
0.58232
0.582361
0.582404
0.582448
0.582494
0.58254
0.582588
0.582636
0.582686
0.582737
0.582788
0.582841
0.582895
0.582949
0.583005
0.583061
0.583118
0.583176
0.583234
0.583294
0.583354
0.583414
0.583476
0.583538
0.5836
0.583663
0.583726
0.58379
0.583854
0.583919
0.583984
0.584049
0.584114
0.584179
0.584245
0.584311
0.584377
0.584443
0.584509
0.584575
0.584641
0.584707
0.584773
0.584839
0.584904
0.584969
0.585034
0.585099
0.585163
0.585226
0.58529
0.585352
0.585415
0.585476
0.585538
0.585598
0.585658
0.585717
0.585776
0.585833
0.58589
0.585946
0.586001
0.586055
0.586109
0.586161
0.586212
0.586262
0.586311
0.586359
0.586406
0.586452
0.586497
0.58654
0.586583
0.586623
0.586663
0.586701
0.586739
0.586774
0.586809
0.586842
0.586873
0.586904
0.586933
0.58696
0.586986
0.587011
0.587034
0.587055
0.587075
0.587093
0.58711
0.587125
0.587138
0.58715
0.587161
0.58717
0.587177
0.587182
0.587186
0.587189
0.587189
0.587188
0.587185
0.587181
0.587175
0.587167
0.587158
0.587147
0.587135
0.587121
0.587106
0.587089
0.58707
0.58705
0.587028
0.587005
0.58698
0.586954
0.586926
0.586897
0.586866
0.586833
0.5868
0.586765
0.586728
0.58669
0.586651
0.58661
0.586568
0.586525
0.58648
0.586434
0.586387
0.586339
0.58629
0.58624
0.586188
0.586136
0.586082
0.586028
0.585972
0.585916
0.585859
0.5858
0.585741
0.585681
0.58562
0.585559
0.585497
0.585434
0.58537
0.585306
0.585242
0.585177
0.585111
0.585045
0.584978
0.584912
0.584844
0.584777
0.584709
0.584641
0.584573
0.584504
0.584436
0.584368
0.584299
0.584231
0.584163
0.584095
0.584027
0.583959
0.583891
0.583824
0.583757
0.58369
0.583623
0.583557
0.583491
0.583426
0.583362
0.583297
0.583234
0.583171
0.583109
0.583047
0.582987
0.582927
0.582868
0.58281
0.582753
0.582696
0.582641
0.582587
0.582533
0.582481
0.58243
0.58238
0.582332
0.582284
0.582238
0.582192
0.582149
0.582106
0.582065
0.582025
0.581986
0.581949
0.581914
0.581879
0.581847
0.581815
0.581785
0.581757
0.58173
0.581705
0.581681
0.581659
0.581638
0.581619
0.581602
0.581586
0.581572
0.58156
0.581549
0.58154
0.581533
0.581527
0.581523
0.581521
0.58152
0.581521
0.581524
0.581529
0.581535
0.581542
0.581552
0.581563
0.581576
0.581591
0.581607
0.581625
0.581644
0.581665
0.581688
0.581712
0.581738
0.581765
0.581794
0.581825
0.581857
0.58189
0.581925
0.581961
0.581999
0.582039
0.582079
0.582121
0.582165
0.582209
0.582255
0.582303
0.582351
0.582401
0.582453
0.582505
0.582558
0.582613
0.582668
0.582725
0.582782
0.582841
0.5829
0.58296
0.583022
0.583084
0.583147
0.58321
0.583275
0.58334
0.583406
0.583473
0.58354
0.583608
0.583676
0.583744
0.583813
0.583882
0.583952
0.584022
0.584092
0.584163
0.584234
0.584304
0.584375
0.584446
0.584517
0.584588
0.584658
0.584729
0.5848
0.58487
0.58494
0.585011
0.58508
0.58515
0.585218
0.585287
0.585355
0.585422
0.585489
0.585555
0.58562
0.585685
0.585749
0.585813
0.585875
0.585937
0.585998
0.586058
0.586117
0.586175
0.586232
0.586288
0.586343
0.586397
0.58645
0.586501
0.586551
0.586601
0.586648
0.586695
0.58674
0.586784
0.586826
0.586868
0.586907
0.586946
0.586983
0.587018
0.587052
0.587085
0.587116
0.587145
0.587173
0.587199
0.587223
0.587246
0.587267
0.587287
0.587304
0.58732
0.587335
0.587348
0.587359
0.587368
0.587376
0.587381
0.587386
0.587388
0.587389
0.587388
0.587385
0.58738
0.587374
0.587365
0.587356
0.587344
0.587331
0.587316
0.5873
0.587281
0.587261
0.58724
0.587216
0.587191
0.587164
0.587136
0.587106
0.587075
0.587042
0.587007
0.586971
0.586933
0.586894
0.586853
0.586811
0.586768
0.586723
0.586676
0.586629
0.586579
0.586529
0.586477
0.586424
0.58637
0.586315
0.586259
0.586201
0.586143
0.586084
0.586023
0.585962
0.585899
0.585836
0.585772
0.585707
0.585641
0.585574
0.585507
0.585439
0.58537
0.585301
0.585231
0.585161
0.58509
0.585019
0.584947
0.584875
0.584803
0.58473
0.584658
0.584585
0.584512
0.584438
0.584365
0.584292
0.584219
0.584145
0.584072
0.583999
0.583927
0.583854
0.583782
0.58371
0.583639
0.583568
0.583497
0.583427
0.583357
0.583288
0.58322
0.583152
0.583085
0.583018
0.582953
0.582888
0.582823
0.58276
0.582698
0.582637
0.582577
0.582518
0.58246
0.582403
0.582347
0.582292
0.582239
0.582187
0.582136
0.582086
0.582038
0.581991
0.581946
0.581901
0.581859
0.581818
0.581778
0.58174
0.581703
0.581668
0.581635
0.581603
0.581573
0.581544
0.581517
0.581492
0.581468
0.581446
0.581425
0.581407
0.58139
0.581375
0.581362
0.581351
0.581341
0.581333
0.581327
0.581323
0.581321
0.58132
0.581321
0.581325
0.581329
0.581336
0.581345
0.581355
0.581367
0.581381
0.581396
0.581414
0.581433
0.581453
0.581476
0.5815
0.581526
0.581554
0.581583
0.581614
0.581647
0.581681
0.581717
0.581755
0.581794
0.581834
0.581876
0.58192
0.581965
0.582012
0.58206
0.582109
0.58216
0.582212
0.582266
0.58232
0.582376
0.582433
0.582491
0.58255
0.582611
0.582672
0.582735
0.582798
0.582863
0.582929
0.582995
0.583062
0.58313
0.583199
0.583269
0.583339
0.58341
0.583482
0.583554
0.583626
0.583699
0.583773
0.583847
0.583922
0.583996
0.584071
0.584147
0.584222
0.584298
0.584373
0.584449
0.584525
0.5846
0.584676
0.584751
0.584827
0.584902
0.584977
0.585052
0.585126
0.5852
0.585274
0.585347
0.585419
0.585491
0.585562
0.585633
0.585703
0.585772
0.585841
0.585908
0.585975
0.586041
0.586106
0.58617
0.586233
0.586295
0.586356
0.586416
0.586474
0.586531
0.586587
0.586642
0.586696
0.586749
0.5868
0.58685
0.586898
0.586945
0.586991
0.587035
0.587077
0.587118
0.587157
0.587194
0.58723
0.587265
0.587297
0.587329
0.587358
0.587386
0.587412
0.587436
0.587459
0.58748
0.587499
0.587516
0.587531
0.587545
0.587557
0.587567
0.587575
0.587581
0.587586
0.587588
0.587589
0.587587
0.587584
0.587579
0.587573
0.587564
0.587554
0.587541
0.587527
0.587511
0.587493
0.587473
0.587452
0.587429
0.587404
0.587377
0.587348
0.587318
0.587286
0.587253
0.587217
0.58718
0.587142
0.587101
0.587059
0.587016
0.586971
0.586924
0.586876
0.586826
0.586776
0.586723
0.58667
0.586615
0.586559
0.586501
0.586442
0.586382
0.586321
0.586259
0.586195
0.58613
0.586065
0.585998
0.585931
0.585862
0.585793
0.585723
0.585652
0.58558
0.585507
0.585434
0.58536
0.585286
0.585211
0.585135
0.585059
0.584983
0.584906
0.584829
0.584752
0.584674
0.584596
0.584519
0.584441
0.584363
0.584285
0.584207
0.584129
0.584051
0.583973
0.583895
0.583818
0.583741
0.583665
0.583588
0.583513
0.583437
0.583363
0.583288
0.583215
0.583142
0.58307
0.582998
0.582928
0.582858
0.582789
0.58272
0.582653
0.582587
0.582522
0.582458
0.582395
0.582333
0.582272
0.582213
0.582154
0.582097
0.582042
0.581988
0.581935
0.581884
0.581834
0.581785
0.581738
0.581693
0.581649
0.581607
0.581566
0.581527
0.58149
0.581454
0.58142
0.581388
0.581357
0.581329
0.581302
0.581277
0.581253
0.581232
0.581212
0.581195
0.581179
0.581165
0.581153
0.581143
0.581134
0.581128
0.581124
0.581121
0.58112
0.581122
0.581125
0.58113
0.581137
0.581146
0.581157
0.58117
0.581185
0.581202
0.58122
0.58124
0.581263
0.581287
0.581313
0.58134
0.58137
0.581401
0.581434
0.581469
0.581506
0.581544
0.581584
0.581626
0.581669
0.581714
0.58176
0.581809
0.581858
0.581909
0.581962
0.582016
0.582071
0.582128
0.582186
0.582246
0.582306
0.582368
0.582432
0.582496
0.582562
0.582628
0.582696
0.582765
0.582834
0.582905
0.582976
0.583049
0.583122
0.583196
0.583271
0.583346
0.583423
0.583499
0.583577
0.583655
0.583733
0.583812
0.583891
0.583971
0.58405
0.584131
0.584211
0.584291
0.584372
0.584452
0.584533
0.584613
0.584694
0.584774
0.584854
0.584934
0.585014
0.585093
0.585172
0.585251
0.585329
0.585406
0.585484
0.58556
0.585636
0.585711
0.585785
0.585859
0.585932
0.586004
0.586075
0.586145
0.586214
0.586282
0.586349
0.586415
0.58648
0.586543
0.586606
0.586667
0.586726
0.586785
0.586842
0.586898
0.586952
0.587005
0.587056
0.587106
0.587154
0.587201
0.587246
0.587289
0.58733
0.58737
0.587409
0.587445
0.58748
0.587513
0.587545
0.587574
0.587602
0.587628
0.587652
0.587674
0.587694
0.587712
0.587728
0.587743
0.587755
0.587765
0.587774
0.587781
0.587785
0.587788
0.587789
0.587787
0.587784
0.587779
0.587772
0.587762
0.587751
0.587738
0.587723
0.587706
0.587687
0.587666
0.587644
0.587619
0.587592
0.587563
0.587533
0.587501
0.587467
0.587431
0.587393
0.587354
0.587313
0.58727
0.587225
0.587179
0.587131
0.587082
0.58703
0.586978
0.586924
0.586868
0.586811
0.586752
0.586692
0.586631
0.586568
0.586505
0.58644
0.586373
0.586306
0.586237
0.586167
0.586097
0.586025
0.585952
0.585878
0.585804
0.585728
0.585652
0.585575
0.585498
0.585419
0.58534
0.58526
0.58518
0.585099
0.585018
0.584937
0.584855
0.584773
0.58469
0.584608
0.584525
0.584442
0.58436
0.584277
0.584194
0.584111
0.584028
0.583946
0.583864
0.583782
0.5837
0.583619
0.583538
0.583457
0.583377
0.583298
0.583219
0.583141
0.583064
0.582987
0.582911
0.582836
0.582762
0.582689
0.582617
0.582545
0.582475
0.582406
0.582338
0.582271
0.582206
0.582141
0.582078
0.582017
0.581956
0.581897
0.58184
0.581784
0.581729
0.581676
0.581625
0.581575
0.581527
0.58148
0.581436
0.581392
0.581351
0.581312
0.581274
0.581238
0.581203
0.581171
0.581141
0.581112
0.581086
0.581061
0.581038
0.581018
0.580999
0.580982
0.580967
0.580954
0.580944
0.580935
0.580928
0.580923
0.580921
0.58092
0.580922
0.580926
0.580931
0.580939
0.580948
0.58096
0.580974
0.580989
0.581007
0.581027
0.581048
0.581072
0.581098
0.581125
0.581155
0.581186
0.58122
0.581255
0.581292
0.581331
0.581371
0.581414
0.581458
0.581504
0.581552
0.581601
0.581652
0.581705
0.581759
0.581815
0.581872
0.581931
0.581991
0.582053
0.582116
0.58218
0.582246
0.582313
0.582381
0.582451
0.582521
0.582593
0.582666
0.58274
0.582815
0.582891
0.582967
0.583045
0.583124
0.583203
0.583283
0.583363
0.583445
0.583527
0.583609
0.583692
0.583776
0.58386
0.583944
0.584029
0.584114
0.584199
0.584284
0.584369
0.584454
0.58454
0.584625
0.584711
0.584796
0.584881
0.584966
0.58505
0.585134
0.585218
0.585301
0.585384
0.585466
0.585548
0.585629
0.585709
0.585789
0.585868
0.585946
0.586023
0.586099
0.586174
0.586249
0.586322
0.586394
0.586465
0.586535
0.586603
0.586671
0.586737
0.586801
0.586865
0.586926
0.586987
0.587046
0.587103
0.587159
0.587214
0.587266
0.587317
0.587367
0.587414
0.58746
0.587504
0.587547
0.587587
0.587626
0.587663
0.587698
0.587731
0.587762
0.587791
0.587819
0.587844
0.587867
0.587888
0.587908
0.587925
0.58794
0.587953
0.587964
0.587974
0.587981
0.587985
0.587988
0.587989
0.587987
0.587984
0.587978
0.587971
0.587961
0.587949
0.587935
0.587919
0.587901
0.58788
0.587858
0.587834
0.587808
0.587779
0.587749
0.587717
0.587683
0.587647
0.587609
0.587569
0.587527
0.587483
0.587438
0.587391
0.587342
0.587291
0.587238
0.587184
0.587129
0.587071
0.587012
0.586952
0.58689
0.586827
0.586762
0.586696
0.586628
0.586559
0.586489
0.586418
0.586345
0.586271
0.586196
0.58612
0.586043
0.585965
0.585886
0.585806
0.585725
0.585644
0.585561
0.585478
0.585394
0.58531
0.585225
0.58514
0.585054
0.584968
0.584881
0.584794
0.584707
0.58462
0.584532
0.584444
0.584357
0.584269
0.584181
0.584094
0.584006
0.583919
0.583832
0.583745
0.583659
0.583573
0.583487
0.583402
0.583318
0.583234
0.583151
0.583068
0.582986
0.582905
0.582825
0.582745
0.582667
0.582589
0.582513
0.582437
0.582363
0.58229
0.582218
0.582148
0.582078
0.58201
0.581944
0.581878
0.581815
0.581752
0.581692
0.581633
0.581575
0.581519
0.581464
0.581412
0.581361
0.581312
0.581265
0.581219
0.581175
0.581133
0.581093
0.581055
0.581019
0.580985
0.580953
0.580923
0.580895
0.580869
0.580845
0.580823
0.580803
0.580786
0.58077
0.580756
0.580745
0.580736
0.580729
0.580724
0.580721
0.580721
0.580722
0.580726
0.580732
0.58074
0.58075
0.580763
0.580777
0.580794
0.580813
0.580833
0.580856
0.580881
0.580909
0.580938
0.580969
0.581003
0.581038
0.581075
0.581114
0.581155
0.581199
0.581244
0.58129
0.581339
0.581389
0.581442
0.581496
0.581551
0.581608
0.581667
0.581728
0.58179
0.581854
0.581919
0.581986
0.582054
0.582123
0.582194
0.582266
0.58234
0.582414
0.58249
0.582567
0.582645
0.582724
0.582804
0.582885
0.582967
0.58305
0.583134
0.583219
0.583304
0.58339
0.583477
0.583564
0.583652
0.58374
0.583829
0.583918
0.584008
0.584098
0.584188
0.584278
0.584368
0.584458
0.584548
0.584638
0.584728
0.584818
0.584908
0.584998
0.585087
0.585176
0.585264
0.585352
0.585439
0.585526
0.585612
0.585698
0.585783
0.585867
0.58595
0.586033
0.586114
0.586195
0.586274
0.586352
0.58643
0.586506
0.586581
0.586654
0.586727
0.586798
0.586867
0.586936
0.587003
0.587068
0.587132
0.587195
0.587255
0.587315
0.587372
0.587428
0.587481
0.587533
0.587584
0.587632
0.587679
0.587723
0.587766
0.587807
0.587846
0.587883
0.587917
0.58795
0.587981
0.58801
0.588036
0.588061
0.588083
0.588103
0.588121
0.588137
0.588151
0.588163
0.588173
0.58818
0.588185
0.588188
0.588189
0.588187
0.588183
0.588178
0.588169
0.588159
0.588146
0.588132
0.588115
0.588095
0.588074
0.588051
0.588025
0.587997
0.587967
0.587935
0.587901
0.587865
0.587827
0.587787
0.587744
0.5877
0.587654
0.587606
0.587557
0.587505
0.587451
0.587396
0.587339
0.58728
0.587219
0.587157
0.587093
0.587028
0.586961
0.586893
0.586823
0.586752
0.586679
0.586605
0.586529
0.586453
0.586375
0.586295
0.586215
0.586134
0.586051
0.585968
0.585883
0.585798
0.585712
0.585625
0.585537
0.585449
0.58536
0.58527
0.58518
0.58509
0.584999
0.584907
0.584816
0.584724
0.584631
0.584539
0.584447
0.584354
0.584262
0.584169
0.584077
0.583984
0.583892
0.583801
0.583709
0.583618
0.583528
0.583437
0.583348
0.583259
0.58317
0.583082
0.582995
0.582909
