0.585338
0.58534
0.585341
0.585342
0.585343
0.585344
0.585344
0.585344
0.585345
0.585345
0.585345
0.585346
0.585346
0.585346
0.585346
0.585346
0.585346
0.585346
0.585346
0.585346
0.585347
0.585347
0.585346
0.585346
0.585346
0.585346
0.585346
0.585345
0.585345
0.585345
0.585345
0.585344
0.585344
0.585344
0.585343
0.585343
0.585342
0.585342
0.585341
0.58534
0.585339
0.585339
0.585338
0.585337
0.585336
0.585335
0.585335
0.585334
0.585333
0.585331
0.58533
0.585329
0.585328
0.585327
0.585325
0.585324
0.585323
0.585322
0.585321
0.58532
0.585319
0.585317
0.585316
0.585314
0.585313
0.585311
0.58531
0.585308
0.585307
0.585305
0.585304
0.585302
0.585301
0.585299
0.585298
0.585296
0.585295
0.585293
0.585291
0.58529
0.585288
0.585287
0.585285
0.585284
0.585282
0.585281
0.585279
0.585278
0.585276
0.585275
0.585273
0.585272
0.585271
0.585269
0.585268
0.585267
0.585265
0.585264
0.585263
0.585262
0.585261
0.58526
0.585259
0.585258
0.585257
0.585256
0.585255
0.585254
0.585254
0.585253
0.585252
0.585252
0.585251
0.58525
0.58525
0.585249
0.585249
0.585249
0.585249
0.585249
0.585249
0.585249
0.585248
0.585248
0.585249
0.585249
0.585249
0.585249
0.58525
0.58525
0.585251
0.585252
0.585252
0.585253
0.585254
0.585255
0.585256
0.585257
0.585258
0.58526
0.585261
0.585262
0.585264
0.585265
0.585267
0.585269
0.58527
0.585272
0.585274
0.585276
0.585278
0.58528
0.585282
0.585284
0.585286
0.585288
0.585291
0.585293
0.585296
0.585298
0.585301
0.585303
0.585306
0.585309
0.585312
0.585314
0.585317
0.58532
0.585323
0.585326
0.585329
0.585332
0.585335
0.585339
0.585342
0.585345
0.585349
0.585352
0.585355
0.585359
0.585362
0.585366
0.585369
0.585373
0.585376
0.58538
0.585383
0.585387
0.585391
0.585394
0.585398
0.585401
0.585405
0.585409
0.585412
0.585416
0.585419
0.585423
0.585426
0.58543
0.585433
0.585437
0.58544
0.585443
0.585446
0.58545
0.585453
0.585456
0.585459
0.585462
0.585465
0.585468
0.585471
0.585474
0.585477
0.58548
0.585482
0.585485
0.585487
0.58549
0.585493
0.585495
0.585497
0.585499
0.585502
0.585504
0.585505
0.585507
0.585509
0.585511
0.585512
0.585514
0.585515
0.585516
0.585517
0.585518
0.585519
0.58552
0.585521
0.585521
0.585522
0.585522
0.585523
0.585523
0.585523
0.585523
0.585523
0.585523
0.585523
0.585522
0.585522
0.585521
0.58552
0.585519
0.585518
0.585517
0.585515
0.585514
0.585512
0.585511
0.585509
0.585507
0.585505
0.585503
0.585501
0.585498
0.585496
0.585493
0.58549
0.585487
0.585485
0.585482
0.585478
0.585475
0.585472
0.585468
0.585465
0.585461
0.585457
0.585453
0.585449
0.585445
0.58544
0.585436
0.585431
0.585427
0.585422
0.585418
0.585413
0.585408
0.585403
0.585398
0.585393
0.585388
0.585383
0.585378
0.585372
0.585367
0.585362
0.585356
0.585351
0.585345
0.585339
0.585334
0.585328
0.585322
0.585316
0.585311
0.585305
0.585299
0.585293
0.585288
0.585282
0.585276
0.585271
0.585265
0.585259
0.585253
0.585247
0.585242
0.585236
0.58523
0.585224
0.585218
0.585213
0.585207
0.585202
0.585196
0.585191
0.585186
0.58518
0.585175
0.585169
0.585164
0.585159
0.585154
0.58515
0.585145
0.585141
0.585136
0.585131
0.585127
0.585122
0.585118
0.585114
0.58511
0.585106
0.585102
0.585098
0.585095
0.585091
0.585088
0.585085
0.585081
0.585079
0.585076
0.585073
0.585071
0.585069
0.585066
0.585064
0.585062
0.58506
0.585059
0.585057
0.585056
0.585055
0.585054
0.585053
0.585052
0.585052
0.585052
0.585052
0.585052
0.585052
0.585053
0.585053
0.585054
0.585055
0.585056
0.585058
0.585059
0.585061
0.585063
0.585065
0.585067
0.585069
0.585071
0.585074
0.585077
0.58508
0.585083
0.585087
0.58509
0.585094
0.585098
0.585102
0.585106
0.58511
0.585115
0.58512
0.585125
0.585129
0.585134
0.58514
0.585145
0.585151
0.585156
0.585162
0.585168
0.585174
0.585181
0.585187
0.585194
0.5852
0.585207
0.585213
0.58522
0.585227
0.585234
0.585241
0.585248
0.585256
0.585263
0.585271
0.585278
0.585286
0.585294
0.585302
0.58531
0.585318
0.585326
0.585334
0.585342
0.58535
0.585359
0.585367
0.585375
0.585383
0.585391
0.585399
0.585407
0.585416
0.585424
0.585432
0.58544
0.585448
0.585456
0.585464
0.585472
0.58548
0.585488
0.585496
0.585503
0.585511
0.585519
0.585526
0.585534
0.585541
0.585549
0.585556
0.585563
0.58557
0.585577
0.585584
0.585591
0.585598
0.585604
0.585611
0.585617
0.585623
0.585629
0.585635
0.58564
0.585646
0.585651
0.585656
0.585661
0.585666
0.585671
0.585675
0.585679
0.585684
0.585688
0.585691
0.585695
0.585698
0.585701
0.585704
0.585707
0.585709
0.585711
0.585713
0.585715
0.585717
0.585718
0.585719
0.58572
0.585721
0.585722
0.585722
0.585722
0.585722
0.585721
0.58572
0.58572
0.585719
0.585717
0.585716
0.585714
0.585712
0.58571
0.585708
0.585705
0.585702
0.585699
0.585696
0.585692
0.585688
0.585684
0.58568
0.585675
0.58567
0.585665
0.58566
0.585655
0.585649
0.585644
0.585638
0.585632
0.585625
0.585619
0.585612
0.585605
0.585598
0.585591
0.585583
0.585576
0.585568
0.58556
0.585552
0.585544
0.585535
0.585527
0.585518
0.585509
0.5855
0.585491
0.585481
0.585472
0.585462
0.585453
0.585443
0.585433
0.585423
0.585413
0.585403
0.585393
0.585383
0.585372
0.585362
0.585352
0.585341
0.585331
0.58532
0.58531
0.585299
0.585289
0.585278
0.585268
0.585257
0.585247
0.585236
0.585226
0.585215
0.585205
0.585195
0.585184
0.585174
0.585164
0.585154
0.585144
0.585134
0.585124
0.585114
0.585104
0.585094
0.585085
0.585075
0.585066
0.585057
0.585048
0.585039
0.58503
0.585022
0.585013
0.585005
0.584997
0.584989
0.584981
0.584973
0.584966
0.584959
0.584952
0.584945
0.584938
0.584932
0.584926
0.58492
0.584914
0.584909
0.584904
0.584899
0.584894
0.584889
0.584885
0.584881
0.584877
0.584874
0.58487
0.584867
0.584865
0.584862
0.58486
0.584858
0.584856
0.584855
0.584854
0.584853
0.584853
0.584853
0.584853
0.584853
0.584854
0.584855
0.584856
0.584858
0.58486
0.584862
0.584864
0.584867
0.58487
0.584873
0.584876
0.58488
0.584884
0.584889
0.584893
0.584898
0.584903
0.584909
0.584915
0.584921
0.584927
0.584933
0.58494
0.584947
0.584955
0.584962
0.58497
0.584978
0.584986
0.584995
0.585003
0.585012
0.585022
0.585031
0.585041
0.585051
0.585061
0.585071
0.585081
0.585092
0.585103
0.585114
0.585125
0.585136
0.585147
0.585159
0.58517
0.585182
0.585194
0.585206
0.585218
0.58523
0.585243
0.585255
0.585268
0.585281
0.585293
0.585306
0.585319
0.585332
0.585345
0.585358
0.585371
0.585384
0.585397
0.58541
0.585423
0.585436
0.585449
0.585462
0.585474
0.585487
0.5855
0.585513
0.585525
0.585538
0.58555
0.585563
0.585575
0.585587
0.585599
0.585611
0.585623
0.585635
0.585646
0.585657
0.585669
0.58568
0.585691
0.585701
0.585712
0.585723
0.585733
0.585743
0.585753
0.585762
0.585772
0.585781
0.58579
0.585798
0.585807
0.585815
0.585823
0.58583
0.585837
0.585844
0.585851
0.585857
0.585863
0.585869
0.585875
0.58588
0.585885
0.58589
0.585894
0.585898
0.585902
0.585906
0.585909
0.585912
0.585914
0.585917
0.585919
0.58592
0.585922
0.585923
0.585923
0.585924
0.585924
0.585923
0.585922
0.58592
0.585919
0.585917
0.585914
0.585911
0.585908
0.585904
0.585901
0.585897
0.585892
0.585887
0.585882
0.585877
0.585871
0.585865
0.585858
0.585852
0.585844
0.585837
0.585829
0.585822
0.585813
0.585805
0.585796
0.585787
0.585777
0.585768
0.585758
0.585747
0.585737
0.585726
0.585715
0.585703
0.585692
0.58568
0.585668
0.585656
0.585643
0.585631
0.585618
0.585605
0.585591
0.585578
0.585564
0.58555
0.585536
0.585522
0.585508
0.585493
0.585479
0.585464
0.585449
0.585435
0.58542
0.585405
0.58539
0.585374
0.585359
0.585344
0.585329
0.585313
0.585298
0.585283
0.585267
0.585252
0.585237
0.585222
0.585206
0.585191
0.585176
0.585161
0.585145
0.58513
0.585115
0.585101
0.585086
0.585071
0.585057
0.585042
0.585028
0.585014
0.585
0.584986
0.584973
0.584959
0.584946
0.584933
0.58492
0.584908
0.584895
0.584883
0.584871
0.58486
0.584848
0.584837
0.584826
0.584815
0.584805
0.584795
0.584785
0.584776
0.584767
0.584758
0.584749
0.584741
0.584734
0.584726
0.584719
0.584712
0.584706
0.5847
0.584694
0.584689
0.584684
0.584679
0.584675
0.584671
0.584667
0.584664
0.584661
0.584659
0.584657
0.584656
0.584655
0.584654
0.584653
0.584653
0.584654
0.584655
0.584656
0.584657
0.584659
0.584662
0.584665
0.584668
0.584672
0.584676
0.584681
0.584685
0.584691
0.584696
0.584702
0.584709
0.584716
0.584723
0.58473
0.584738
0.584747
0.584755
0.584764
0.584773
0.584783
0.584793
0.584804
0.584814
0.584825
0.584837
0.584849
0.584861
0.584873
0.584886
0.584899
0.584912
0.584926
0.58494
0.584954
0.584968
0.584983
0.584997
0.585012
0.585028
0.585043
0.585059
0.585075
0.585091
0.585107
0.585123
0.58514
0.585157
0.585174
0.585191
0.585208
0.585225
0.585242
0.58526
0.585277
0.585295
0.585312
0.58533
0.585348
0.585365
0.585383
0.585401
0.585419
0.585437
0.585454
0.585472
0.58549
0.585507
0.585525
0.585543
0.58556
0.585577
0.585595
0.585612
0.585629
0.585645
0.585662
0.585678
0.585695
0.585711
0.585727
0.585743
0.585758
0.585774
0.585789
0.585804
0.585819
0.585833
0.585847
0.585861
0.585875
0.585888
0.585901
0.585914
0.585926
0.585938
0.58595
0.585962
0.585973
0.585983
0.585994
0.586004
0.586013
0.586023
0.586031
0.58604
0.586048
0.586056
0.586063
0.58607
0.586077
0.586083
0.586088
0.586093
0.586098
0.586102
0.586106
0.58611
0.586113
0.586115
0.586118
0.586119
0.58612
0.586121
0.586121
0.586121
0.586121
0.58612
0.586118
0.586116
0.586114
0.586111
0.586107
0.586104
0.586099
0.586095
0.586089
0.586084
0.586078
0.586071
0.586064
0.586057
0.586049
0.58604
0.586032
0.586022
0.586013
0.586003
0.585993
0.585982
0.585971
0.585959
0.585947
0.585934
0.585922
0.585908
0.585895
0.585881
0.585866
0.585852
0.585836
0.585821
0.585806
0.58579
0.585774
0.585757
0.585741
0.585724
0.585707
0.585689
0.585671
0.585654
0.585636
0.585617
0.585599
0.58558
0.585561
0.585542
0.585523
0.585504
0.585484
0.585465
0.585445
0.585425
0.585406
0.585386
0.585366
0.585346
0.585326
0.585305
0.585285
0.585265
0.585245
0.585225
0.585205
0.585185
0.585165
0.585145
0.585125
0.585105
0.585085
0.585066
0.585046
0.585027
0.585008
0.584989
0.58497
0.584951
0.584933
0.584914
0.584896
0.584878
0.584861
0.584843
0.584826
0.584809
0.584793
0.584776
0.58476
0.584745
0.584729
0.584714
0.5847
0.584685
0.584671
0.584658
0.584644
0.584632
0.584619
0.584607
0.584595
0.584584
0.584573
0.584563
0.584553
0.584543
0.584534
0.584526
0.584518
0.58451
0.584503
0.584496
0.58449
0.584484
0.584478
0.584474
0.584469
0.584466
0.584462
0.58446
0.584457
0.584456
0.584454
0.584453
0.584453
0.584453
0.584454
0.584456
0.584457
0.58446
0.584463
0.584466
0.58447
0.584475
0.58448
0.584485
0.584491
0.584497
0.584504
0.584512
0.58452
0.584528
0.584537
0.584547
0.584557
0.584567
0.584578
0.584589
0.584601
0.584613
0.584626
0.584639
0.584653
0.584667
0.584681
0.584696
0.584711
0.584727
0.584743
0.584759
0.584776
0.584793
0.58481
0.584828
0.584846
0.584865
0.584884
0.584903
0.584922
0.584942
0.584962
0.584982
0.585002
0.585023
0.585044
0.585065
0.585086
0.585107
0.585129
0.58515
0.585172
0.585194
0.585216
0.585238
0.585261
0.585283
0.585305
0.585328
0.58535
0.585373
0.585396
0.585418
0.585441
0.585463
0.585486
0.585508
0.585531
0.585553
0.585576
0.585598
0.58562
0.585642
0.585663
0.585685
0.585707
0.585728
0.585749
0.58577
0.585791
0.585811
0.585831
0.585851
0.58587
0.58589
0.585908
0.585927
0.585946
0.585964
0.585981
0.585999
0.586016
0.586033
0.586049
0.586065
0.586081
0.586096
0.586111
0.586125
0.586139
0.586152
0.586165
0.586178
0.58619
0.586201
0.586212
0.586223
0.586233
0.586242
0.586251
0.58626
0.586268
0.586275
0.586282
0.586289
0.586295
0.5863
0.586305
0.586309
0.586312
0.586315
0.586318
0.586319
0.586321
0.586321
0.586321
0.586321
0.58632
0.586318
0.586316
0.586314
0.58631
0.586306
0.586302
0.586297
0.586291
0.586285
0.586279
0.586271
0.586264
0.586255
0.586246
0.586237
0.586227
0.586216
0.586205
0.586193
0.586181
0.586168
0.586155
0.586141
0.586127
0.586112
0.586097
0.586082
0.586066
0.586049
0.586032
0.586015
0.585997
0.585978
0.58596
0.585941
0.585921
0.585901
0.585881
0.585861
0.58584
0.585818
0.585797
0.585775
0.585753
0.585731
0.585708
0.585686
0.585663
0.585639
0.585616
0.585592
0.585568
0.585544
0.58552
0.585496
0.585471
0.585446
0.585422
0.585397
0.585372
0.585347
0.585322
0.585298
0.585273
0.585248
0.585223
0.585198
0.585173
0.585148
0.585124
0.585099
0.585074
0.58505
0.585026
0.585001
0.584977
0.584953
0.58493
0.584906
0.584883
0.58486
0.584837
0.584815
0.584793
0.584771
0.584749
0.584727
0.584706
0.584686
0.584665
0.584645
0.584626
0.584606
0.584588
0.584569
0.584551
0.584534
0.584517
0.5845
0.584484
0.584469
0.584453
0.584439
0.584424
0.584411
0.584397
0.584384
0.584372
0.584361
0.58435
0.584339
0.584329
0.58432
0.584311
0.584303
0.584296
0.584289
0.584283
0.584277
0.584272
0.584267
0.584264
0.58426
0.584258
0.584256
0.584255
0.584254
0.584254
0.584254
0.584255
0.584257
0.58426
0.584263
0.584266
0.584271
0.584276
0.584281
0.584288
0.584294
0.584302
0.58431
0.584319
0.584328
0.584338
0.584349
0.58436
0.584371
0.584384
0.584396
0.58441
0.584424
0.584438
0.584453
0.584469
0.584485
0.584502
0.584519
0.584537
0.584555
0.584574
0.584593
0.584613
0.584633
0.584653
0.584674
0.584695
0.584717
0.584739
0.584762
0.584785
0.584808
0.584832
0.584856
0.58488
0.584904
0.584929
0.584954
0.584979
0.585005
0.585031
0.585057
0.585083
0.58511
0.585136
0.585163
0.58519
0.585217
0.585244
0.585271
0.585298
0.585326
0.585353
0.58538
0.585408
0.585435
0.585463
0.58549
0.585518
0.585545
0.585572
0.585599
0.585626
0.585653
0.58568
0.585706
0.585733
0.585759
0.585785
0.585811
0.585836
0.585861
0.585886
0.585911
0.585935
0.585959
0.585983
0.586006
0.586029
0.586052
0.586074
0.586096
0.586117
0.586138
0.586158
0.586178
0.586198
0.586217
0.586235
0.586254
0.586271
0.586288
0.586305
0.586321
0.586337
0.586352
0.586366
0.58638
0.586393
0.586405
0.586417
0.586429
0.58644
0.58645
0.586459
0.586468
0.586476
0.586484
0.58649
0.586497
0.586502
0.586507
0.586511
0.586515
0.586518
0.58652
0.586521
0.586522
0.586522
0.586521
0.58652
0.586518
0.586515
0.586511
0.586507
0.586502
0.586497
0.586491
0.586484
0.586476
0.586468
0.586459
0.58645
0.586439
0.586428
0.586417
0.586404
0.586392
0.586378
0.586364
0.586349
0.586334
0.586318
0.586301
0.586284
0.586267
0.586248
0.586229
0.58621
0.58619
0.58617
0.586149
0.586127
0.586106
0.586083
0.58606
0.586037
0.586013
0.585989
0.585965
0.58594
0.585914
0.585889
0.585863
0.585836
0.58581
0.585782
0.585755
0.585727
0.585699
0.585671
0.585642
0.585614
0.585585
0.585556
0.585527
0.585497
0.585468
0.585439
0.585409
0.585379
0.585349
0.58532
0.58529
0.58526
0.58523
0.5852
0.585171
0.585141
0.585112
0.585082
0.585053
0.585024
0.584995
0.584966
0.584937
0.584908
0.58488
0.584852
0.584824
0.584796
0.584769
0.584742
0.584715
0.584689
0.584663
0.584637
0.584612
0.584587
0.584562
0.584538
0.584514
0.584491
0.584468
0.584446
0.584424
0.584403
0.584382
0.584362
0.584342
0.584323
0.584305
0.584287
0.58427
0.584253
0.584237
0.584221
0.584206
0.584192
0.584178
0.584165
0.584153
0.584141
0.58413
0.58412
0.584111
0.584102
0.584094
0.584087
0.58408
0.584074
0.584069
0.584064
0.584061
0.584058
0.584056
0.584054
0.584054
0.584054
0.584055
0.584056
0.584059
0.584062
0.584065
0.58407
0.584075
0.584081
0.584088
0.584096
0.584104
0.584113
0.584123
0.584133
0.584144
0.584156
0.584169
0.584182
0.584196
0.584211
0.584226
0.584242
0.584259
0.584276
0.584294
0.584312
0.584331
0.584351
0.584372
0.584393
0.584414
0.584437
0.584459
0.584483
0.584506
0.584531
0.584555
0.584581
0.584606
0.584632
0.584659
0.584686
0.584714
0.584742
0.58477
0.584799
0.584828
0.584857
0.584887
0.584917
0.584947
0.584977
0.585008
0.585039
0.58507
0.585101
0.585133
0.585164
0.585196
0.585228
0.58526
0.585292
0.585324
0.585356
0.585389
0.585421
0.585453
0.585485
0.585517
0.585549
0.585581
0.585613
0.585645
0.585677
0.585708
0.58574
0.585771
0.585802
0.585832
0.585863
0.585893
0.585923
0.585952
0.585981
0.58601
0.586039
0.586067
0.586095
0.586122
0.586149
0.586175
0.586201
0.586227
0.586252
0.586276
0.5863
0.586324
0.586346
0.586369
0.58639
0.586412
0.586432
0.586452
0.586472
0.58649
0.586508
0.586526
0.586542
0.586558
0.586573
0.586588
0.586602
0.586615
0.586628
0.586639
0.58665
0.586661
0.58667
0.586679
0.586687
0.586694
0.5867
0.586705
0.58671
0.586714
0.586717
0.586719
0.586721
0.586721
0.586721
0.58672
0.586718
0.586716
0.586712
0.586708
0.586703
0.586697
0.586691
0.586684
0.586675
0.586667
0.586657
0.586646
0.586635
0.586623
0.58661
0.586597
0.586582
0.586567
0.586552
0.586535
0.586518
0.5865
0.586481
0.586462
0.586442
0.586421
0.586399
0.586377
0.586355
0.586332
0.586308
0.586283
0.586258
0.586233
0.586207
0.58618
0.586153
0.586125
0.586097
0.586068
0.586039
0.58601
0.58598
0.585949
0.585918
0.585887
0.585856
0.585824
0.585791
0.585759
0.585726
0.585693
0.585659
0.585626
0.585592
0.585558
0.585524
0.58549
0.585456
0.585421
0.585387
0.585352
0.585317
0.585283
0.585248
0.585213
0.585179
0.585144
0.58511
0.585075
0.585041
0.585007
0.584973
0.58494
0.584906
0.584873
0.584839
0.584807
0.584774
0.584742
0.58471
0.584678
0.584646
0.584616
0.584585
0.584555
0.584525
0.584496
0.584467
0.584439
0.584411
0.584383
0.584357
0.58433
0.584305
0.58428
0.584255
0.584231
0.584208
0.584185
0.584163
0.584142
0.584121
0.584101
0.584082
0.584063
0.584045
0.584028
0.584012
0.583996
0.583981
0.583967
0.583954
0.583941
0.58393
0.583919
0.583909
0.583899
0.583891
0.583883
0.583876
0.583871
0.583866
0.583861
0.583858
0.583856
0.583855
0.583854
0.583854
0.583855
0.583857
0.58386
0.583864
0.583868
0.583874
0.58388
0.583887
0.583895
0.583904
0.583913
0.583924
0.583935
0.583947
0.58396
0.583974
0.583988
0.584004
0.58402
0.584037
0.584055
0.584073
0.584093
0.584113
0.584134
0.584155
0.584177
0.5842
0.584224
0.584248
0.584273
0.584299
0.584325
0.584352
0.584379
0.584407
0.584436
0.584465
0.584495
0.584525
0.584556
0.584587
0.584619
0.584651
0.584683
0.584716
0.58475
0.584784
0.584818
0.584852
0.584887
0.584922
0.584958
0.584994
0.585029
0.585066
0.585102
0.585138
0.585175
0.585212
0.585249
0.585286
0.585323
0.58536
0.585397
0.585434
0.585471
0.585508
0.585545
0.585581
0.585618
0.585655
0.585691
0.585727
0.585763
0.585799
0.585835
0.58587
0.585905
0.58594
0.585975
0.586009
0.586043
0.586077
0.58611
0.586143
0.586175
0.586207
0.586238
0.586269
0.586299
0.586329
0.586358
0.586387
0.586415
0.586442
0.586469
0.586495
0.586521
0.586545
0.58657
0.586593
0.586616
0.586638
0.586659
0.58668
0.5867
0.586719
0.586737
0.586754
0.586771
0.586787
0.586802
0.586816
0.586829
0.586842
0.586853
0.586864
0.586874
0.586882
0.58689
0.586897
0.586903
0.586908
0.586913
0.586916
0.586919
0.58692
0.586921
0.586921
0.58692
0.586918
0.586915
0.58691
0.586905
0.5869
0.586893
0.586885
0.586877
0.586868
0.586858
0.586847
0.586835
0.586822
0.586808
0.586793
0.586778
0.586761
0.586744
0.586726
0.586707
0.586687
0.586666
0.586644
0.586622
0.586599
0.586576
0.586551
0.586526
0.5865
0.586473
0.586446
0.586418
0.586389
0.58636
0.58633
0.5863
0.586268
0.586237
0.586205
0.586172
0.586139
0.586105
0.586071
0.586036
0.586
0.585965
0.585929
0.585892
0.585855
0.585818
0.585781
0.585743
0.585705
0.585667
0.585628
0.585589
0.58555
0.585511
0.585472
0.585433
0.585393
0.585354
0.585314
0.585275
0.585236
0.585196
0.585157
0.585118
0.585078
0.585039
0.585
0.584961
0.584923
0.584884
0.584846
0.584808
0.58477
0.584733
0.584696
0.584659
0.584623
0.584586
0.584551
0.584516
0.584481
0.584447
0.584413
0.58438
0.584347
0.584315
0.584283
0.584252
0.584222
0.584192
0.584163
0.584134
0.584106
0.584079
0.584053
0.584027
0.584002
0.583978
0.583955
0.583932
0.58391
0.583889
0.583869
0.583849
0.583831
0.583813
0.583796
0.583781
0.583766
0.583752
0.583738
0.583726
0.583715
0.583705
0.583695
0.583687
0.583679
0.583673
0.583667
0.583663
0.583659
0.583657
0.583655
0.583654
0.583654
0.583656
0.583658
0.583661
0.583666
0.583671
0.583677
0.583684
0.583692
0.583701
0.583711
0.583722
0.583734
0.583747
0.583761
0.583776
0.583792
0.583808
0.583826
0.583844
0.583864
0.583884
0.583905
0.583927
0.58395
0.583974
0.583998
0.584023
0.58405
0.584076
0.584104
0.584132
0.584161
0.584191
0.584222
0.584253
0.584285
0.584317
0.58435
0.584384
0.584419
0.584453
0.584489
0.584525
0.584561
0.584598
0.584636
0.584673
0.584712
0.58475
0.584789
0.584829
0.584868
0.584908
0.584949
0.584989
0.58503
0.585071
0.585112
0.585154
0.585195
0.585237
0.585279
0.58532
0.585362
0.585404
0.585446
0.585488
0.58553
0.585571
0.585613
0.585655
0.585696
0.585738
0.585779
0.585819
0.58586
0.5859
0.58594
0.58598
0.586019
0.586058
0.586097
0.586135
0.586173
0.58621
0.586247
0.586283
0.586319
0.586354
0.586389
0.586423
0.586456
0.586489
0.586521
0.586553
0.586584
0.586614
0.586644
0.586672
0.5867
0.586727
0.586754
0.586779
0.586804
0.586828
0.586851
0.586874
0.586895
0.586916
0.586935
0.586954
0.586971
0.586988
0.587004
0.587019
0.587033
0.587045
0.587057
0.587068
0.587078
0.587087
0.587095
0.587102
0.587108
0.587112
0.587116
0.587119
0.58712
0.587121
0.587121
0.58712
0.587117
0.587114
0.587109
0.587104
0.587097
0.58709
0.587081
0.587071
0.587061
0.587049
0.587036
0.587022
0.587008
0.586992
0.586975
0.586958
0.586939
0.586919
0.586899
0.586877
0.586855
0.586832
0.586808
0.586782
0.586756
0.586729
0.586702
0.586673
0.586644
0.586614
0.586583
0.586551
0.586519
0.586486
0.586452
0.586418
0.586383
0.586347
0.586311
0.586274
0.586237
0.586199
0.58616
0.586121
0.586081
0.586041
0.586001
0.58596
0.585919
0.585877
0.585835
0.585793
0.58575
0.585707
0.585664
0.58562
0.585577
0.585533
0.585489
0.585445
0.585401
0.585356
0.585312
0.585268
0.585223
0.585179
0.585135
0.585091
0.585047
0.585003
0.584959
0.584915
0.584872
0.584829
0.584786
0.584743
0.584701
0.584659
0.584618
0.584577
0.584536
0.584496
0.584456
0.584416
0.584378
0.584339
0.584301
0.584264
0.584227
0.584191
0.584156
0.584121
0.584087
0.584054
0.584021
0.583989
0.583958
0.583928
0.583898
0.583869
0.583842
0.583814
0.583788
0.583763
0.583739
0.583715
0.583693
0.583671
0.58365
0.583631
0.583612
0.583594
0.583577
0.583562
0.583547
0.583534
0.583521
0.58351
0.583499
0.58349
0.583482
0.583475
0.583468
0.583463
0.583459
0.583456
0.583454
0.583454
0.583454
0.583456
0.583458
0.583462
0.583467
0.583473
0.58348
0.583488
0.583497
0.583507
0.583519
0.583531
0.583545
0.583559
0.583575
0.583592
0.583609
0.583628
0.583648
0.583669
0.583691
0.583713
0.583737
0.583762
0.583787
0.583814
0.583841
0.583869
0.583899
0.583929
0.583959
0.583991
0.584024
0.584057
0.584092
0.584127
0.584162
0.584199
0.584236
0.584273
0.584312
0.584351
0.58439
0.584431
0.584471
0.584513
0.584555
0.584597
0.58464
0.584683
0.584726
0.58477
0.584815
0.584859
0.584904
0.58495
0.584995
0.585041
0.585087
0.585133
0.585179
0.585226
0.585272
0.585319
0.585366
0.585413
0.585459
0.585506
0.585553
0.5856
0.585646
0.585692
0.585738
0.585784
0.58583
0.585875
0.58592
0.585965
0.58601
0.586054
0.586098
0.586141
0.586184
0.586227
0.586269
0.58631
0.586351
0.586391
0.586431
0.58647
0.586509
0.586547
0.586584
0.58662
0.586656
0.586691
0.586726
0.586759
0.586792
0.586824
0.586855
0.586885
0.586915
0.586943
0.586971
0.586997
0.587023
0.587048
0.587071
0.587094
0.587115
0.587136
0.587156
0.587174
0.587192
0.587208
0.587223
0.587238
0.587251
0.587263
0.587274
0.587284
0.587292
0.5873
0.587307
0.587312
0.587316
0.587319
0.587321
0.587322
0.587321
0.58732
0.587317
0.587313
0.587308
0.587301
0.587294
0.587285
0.587276
0.587265
0.587253
0.58724
0.587226
0.587211
0.587194
0.587177
0.587158
0.587138
0.587117
0.587095
0.587072
0.587048
0.587023
0.586997
0.58697
0.586942
0.586913
0.586883
0.586852
0.58682
0.586788
0.586754
0.58672
0.586685
0.586649
0.586612
0.586575
0.586537
0.586498
0.586458
0.586418
0.586377
0.586335
0.586293
0.58625
0.586207
0.586163
0.586118
0.586073
0.586028
0.585982
0.585936
0.585889
0.585842
0.585795
0.585747
0.585699
0.585651
0.585602
0.585554
0.585505
0.585456
0.585407
0.585358
0.585309
0.58526
0.585211
0.585161
0.585112
0.585063
0.585014
0.584966
0.584917
0.584869
0.584821
0.584773
0.584726
0.584679
0.584632
0.584586
0.58454
0.584494
0.584449
0.584405
0.584361
0.584317
0.584274
0.584231
0.58419
0.584148
0.584108
0.584068
0.584029
0.58399
0.583952
0.583915
0.583879
0.583844
0.58381
0.583776
0.583743
0.583712
0.583681
0.583651
0.583622
0.583594
0.583567
0.583541
0.583516
0.583493
0.58347
0.583448
0.583427
0.583408
0.58339
0.583372
0.583356
0.583341
0.583327
0.583314
0.583303
0.583293
0.583284
0.583276
0.583269
0.583263
0.583259
0.583256
0.583254
0.583253
0.583254
0.583256
0.583259
0.583263
0.583269
0.583275
0.583283
0.583292
0.583303
0.583314
0.583327
0.583341
0.583356
0.583372
0.583389
0.583408
0.583428
0.583448
0.58347
0.583493
0.583517
0.583543
0.583569
0.583596
0.583624
0.583654
0.583684
0.583715
0.583748
0.583781
0.583815
0.58385
0.583886
0.583923
0.583961
0.584
0.58404
0.58408
0.584121
0.584163
0.584205
0.584248
0.584292
0.584336
0.584381
0.584426
0.584473
0.584519
0.584567
0.584614
0.584663
0.584711
0.58476
0.58481
0.584859
0.58491
0.58496
0.58501
0.585061
0.585112
0.585163
0.585215
0.585266
0.585318
0.585369
0.585421
0.585473
0.585524
0.585575
0.585627
0.585678
0.585729
0.58578
0.58583
0.585881
0.585931
0.585981
0.58603
0.586079
0.586128
0.586176
0.586224
0.586271
0.586318
0.586364
0.58641
0.586455
0.586499
0.586543
0.586586
0.586629
0.586671
0.586712
0.586752
0.586791
0.58683
0.586868
0.586905
0.586941
0.586976
0.58701
0.587043
0.587075
0.587107
0.587137
0.587166
0.587194
0.587222
0.587248
0.587273
0.587296
0.587319
0.587341
0.587361
0.58738
0.587398
0.587415
0.58743
0.587445
0.587458
0.58747
0.587481
0.58749
0.587498
0.587505
0.587511
0.587516
0.587519
0.587521
0.587522
0.587521
0.587519
0.587516
0.587512
0.587506
0.587499
0.587491
0.587481
0.587471
0.587458
0.587445
0.587431
0.587415
0.587398
0.58738
0.58736
0.58734
0.587318
0.587295
0.587271
0.587245
0.587219
0.587192
0.587163
0.587133
0.587102
0.587071
0.587038
0.587004
0.586969
0.586934
0.586897
0.586859
0.586821
0.586781
0.586741
0.586699
0.586657
0.586614
0.586571
0.586526
0.586481
0.586435
0.586389
0.586341
0.586294
0.586245
0.586196
0.586147
0.586097
0.586046
0.585995
0.585944
0.585892
0.58584
0.585788
0.585735
0.585682
0.585629
0.585576
0.585522
0.585469
0.585415
0.585361
0.585307
0.585253
0.585199
0.585145
0.585091
0.585037
0.584984
0.58493
0.584877
0.584824
0.584771
0.584719
0.584667
0.584615
0.584563
0.584513
0.584462
0.584412
0.584362
0.584313
0.584265
0.584217
0.58417
0.584123
0.584078
0.584032
0.583988
0.583944
0.583901
0.583859
0.583818
0.583777
0.583738
0.583699
0.583661
0.583625
0.583589
0.583554
0.58352
0.583488
0.583456
0.583425
0.583396
0.583368
0.58334
0.583314
0.583289
0.583266
0.583243
0.583222
0.583202
0.583183
0.583165
0.583149
0.583134
0.58312
0.583107
0.583096
0.583086
0.583078
0.58307
0.583064
0.58306
0.583056
0.583054
0.583054
0.583054
0.583057
0.58306
0.583065
0.583071
0.583078
0.583087
0.583097
0.583108
0.583121
0.583135
0.58315
0.583167
0.583185
0.583204
0.583224
0.583246
0.583269
0.583293
0.583318
0.583345
0.583372
0.583401
0.583431
0.583462
0.583494
0.583528
0.583562
0.583598
0.583634
0.583672
0.58371
0.58375
0.58379
0.583832
0.583874
0.583917
0.583961
0.584006
0.584052
0.584098
0.584146
0.584193
0.584242
0.584291
0.584341
0.584392
0.584443
0.584495
0.584547
0.584599
0.584653
0.584706
0.58476
0.584815
0.584869
0.584925
0.58498
0.585036
0.585091
0.585147
0.585204
0.58526
0.585316
0.585373
0.585429
0.585485
0.585542
0.585598
0.585654
0.58571
0.585766
0.585822
0.585877
0.585932
0.585987
0.586041
0.586095
0.586148
0.586202
0.586254
0.586307
0.586358
0.586409
0.58646
0.58651
0.586559
0.586608
0.586655
0.586703
0.586749
0.586794
0.586839
0.586883
0.586926
0.586968
0.587009
0.587049
0.587089
0.587127
0.587164
0.587201
0.587236
0.58727
0.587303
0.587335
0.587366
0.587395
0.587424
0.587451
0.587477
0.587502
0.587525
0.587547
0.587568
0.587588
0.587606
0.587623
0.587639
0.587653
0.587666
0.587678
0.587688
0.587697
0.587705
0.587711
0.587716
0.587719
0.587721
0.587722
0.587721
0.587719
0.587715
0.587711
0.587704
0.587697
0.587687
0.587677
0.587665
0.587652
0.587637
0.587622
0.587604
0.587586
0.587566
0.587545
0.587522
0.587498
0.587473
0.587447
0.587419
0.58739
0.58736
0.587329
0.587296
0.587262
0.587228
0.587192
0.587155
0.587117
0.587078
0.587037
0.586996
0.586954
0.586911
0.586866
0.586821
0.586775
0.586729
0.586681
0.586633
0.586584
0.586534
0.586483
0.586432
0.58638
0.586327
0.586274
0.58622
0.586165
0.58611
0.586055
0.585999
0.585942
0.585886
0.585828
0.585771
0.585713
0.585655
0.585597
0.585538
0.58548
0.585421
0.585362
0.585303
0.585245
0.585186
0.585127
0.585068
0.58501
0.584952
0.584893
0.584835
0.584778
0.58472
0.584663
0.584607
0.58455
0.584495
0.584439
0.584384
0.58433
0.584276
0.584222
0.58417
0.584118
0.584066
0.584016
0.583966
0.583917
0.583868
0.583821
0.583774
0.583728
0.583683
0.583639
0.583596
0.583554
0.583513
0.583473
0.583434
0.583396
0.58336
0.583324
0.58329
0.583257
0.583225
0.583194
0.583164
0.583136
0.583109
0.583083
0.583059
0.583035
0.583014
0.582993
0.582974
0.582956
0.58294
0.582925
0.582912
0.582899
0.582889
0.58288
0.582872
0.582865
0.58286
0.582857
0.582854
0.582854
0.582855
0.582857
0.582861
0.582866
0.582872
0.582881
0.58289
0.582902
0.582914
0.582928
0.582943
0.58296
0.582978
0.582998
0.583018
0.58304
0.583064
0.583089
0.583115
0.583142
0.583171
0.583201
0.583232
0.583265
0.583299
0.583334
0.58337
0.583407
0.583446
0.583485
0.583526
0.583568
0.583611
0.583654
0.583699
0.583745
0.583792
0.58384
0.583889
0.583939
0.583989
0.58404
0.584093
0.584145
0.584199
0.584253
0.584308
0.584364
0.58442
0.584477
0.584534
0.584592
0.584651
0.584709
0.584769
0.584828
0.584888
0.584948
0.585009
0.585069
0.58513
0.585191
0.585252
0.585314
0.585375
0.585436
0.585497
0.585559
0.58562
0.585681
0.585741
0.585802
0.585862
0.585922
0.585982
0.586042
0.586101
0.586159
0.586217
0.586275
0.586332
0.586389
0.586445
0.5865
0.586555
0.586609
0.586663
0.586715
0.586767
0.586818
0.586869
0.586918
0.586967
0.587015
0.587061
0.587107
0.587151
0.587195
0.587238
0.587279
0.587319
0.587359
0.587397
0.587434
0.587469
0.587504
0.587537
0.587569
0.5876
0.587629
0.587657
0.587684
0.587709
0.587733
0.587756
0.587777
0.587797
0.587816
0.587833
0.587848
0.587862
0.587875
0.587886
0.587895
0.587904
0.58791
0.587915
0.587919
0.587922
0.587922
0.587921
0.587919
0.587915
0.58791
0.587903
0.587894
0.587884
0.587872
0.587859
0.587845
0.587829
0.587812
0.587793
0.587773
0.587752
0.587729
0.587704
0.587678
0.587651
0.587622
0.587592
0.587561
0.587529
0.587495
0.58746
0.587423
0.587386
0.587347
0.587306
0.587265
0.587223
0.587179
0.587134
0.587088
0.587041
0.586994
0.586945
0.586895
0.586844
0.586793
0.58674
0.586687
0.586633
0.586578
0.586522
0.586466
0.586408
0.586351
0.586292
0.586233
0.586174
0.586114
0.586053
0.585992
0.585931
0.585869
0.585807
0.585744
0.585681
0.585618
0.585555
0.585491
0.585428
0.585364
0.585301
0.585237
0.585173
0.58511
0.585046
0.584983
0.58492
0.584857
0.584794
0.584732
0.58467
0.584608
0.584547
0.584486
0.584426
0.584366
0.584306
0.584247
0.584189
0.584131
0.584074
0.584018
0.583963
0.583908
0.583854
0.583801
0.583748
0.583697
0.583646
0.583597
0.583548
0.583501
0.583454
0.583409
0.583365
0.583322
0.58328
0.583239
0.583199
0.583161
0.583124
0.583088
0.583053
0.58302
0.582988
0.582958
0.582928
0.582901
0.582874
0.582849
0.582826
0.582804
0.582783
0.582764
0.582746
0.58273
0.582716
0.582703
0.582691
0.582681
0.582673
0.582666
0.58266
0.582657
0.582654
0.582654
0.582655
0.582657
0.582661
0.582667
0.582675
0.582683
0.582694
0.582706
0.582719
0.582734
0.582751
0.582769
0.582788
0.58281
0.582832
0.582856
0.582881
0.582908
0.582937
0.582967
0.582998
0.58303
0.583064
0.583099
0.583136
0.583174
0.583213
0.583254
0.583295
0.583338
0.583383
0.583428
0.583475
0.583522
0.583571
0.583621
0.583671
0.583723
0.583776
0.583829
0.583884
0.583939
0.583996
0.584053
0.584111
0.584169
0.584228
0.584288
0.584349
0.58441
0.584472
0.584535
0.584597
0.584661
0.584725
0.584789
0.584853
0.584918
0.584983
0.585049
0.585114
0.58518
0.585246
0.585312
0.585378
0.585444
0.58551
0.585576
0.585642
0.585708
0.585774
0.585839
0.585904
0.585969
0.586033
0.586097
0.586161
0.586224
0.586287
0.586349
0.586411
0.586472
0.586532
0.586592
0.586651
0.58671
0.586767
0.586824
0.58688
0.586935
0.586989
0.587042
0.587094
0.587145
0.587196
0.587245
0.587293
0.58734
0.587386
0.587431
0.587474
0.587517
0.587558
0.587597
0.587636
0.587673
0.587709
0.587743
0.587776
0.587808
0.587838
0.587867
0.587894
0.58792
0.587944
0.587967
0.587989
0.588008
0.588026
0.588043
0.588058
0.588072
0.588084
0.588094
0.588103
0.58811
0.588116
0.58812
0.588122
0.588123
0.588122
0.588119
0.588114
0.588109
0.588101
0.588092
0.588081
0.588069
0.588055
0.588039
0.588022
0.588003
0.587983
0.587961
0.587938
0.587913
0.587887
0.587859
0.587829
0.587798
0.587766
0.587732
0.587697
0.58766
0.587622
0.587583
0.587542
0.5875
0.587457
0.587413
0.587367
0.58732
0.587272
0.587222
0.587172
0.587121
0.587068
0.587014
0.58696
0.586904
0.586848
0.58679
0.586732
0.586672
0.586612
0.586552
0.58649
0.586428
0.586365
0.586301
0.586237
0.586173
0.586107
0.586042
0.585975
0.585909
0.585842
0.585775
0.585707
0.585639
0.585571
0.585503
0.585435
0.585366
0.585298
0.585229
0.585161
0.585092
0.585024
0.584956
0.584888
0.584821
0.584753
0.584686
0.584619
0.584553
0.584487
0.584421
0.584356
0.584292
0.584228
0.584165
0.584102
0.58404
0.583979
0.583918
0.583858
0.5838
0.583741
0.583684
0.583628
0.583573
0.583519
0.583466
0.583413
0.583362
0.583313
0.583264
0.583216
0.58317
0.583125
0.583081
0.583038
0.582997
0.582957
0.582919
0.582882
0.582846
0.582812
0.582779
0.582748
0.582718
0.58269
0.582663
0.582638
0.582614
0.582592
0.582572
0.582553
0.582535
0.58252
0.582506
0.582493
0.582483
0.582474
0.582466
0.582461
0.582457
0.582455
0.582454
0.582455
0.582458
0.582463
0.582469
0.582477
0.582486
0.582497
0.58251
0.582525
0.582541
0.582559
0.582578
0.582599
0.582622
0.582646
0.582672
0.582699
0.582728
0.582759
0.582791
0.582824
0.58286
0.582896
0.582934
0.582974
0.583014
0.583057
0.5831
0.583145
0.583191
0.583239
0.583287
0.583337
0.583388
0.583441
0.583494
0.583549
0.583604
0.583661
0.583719
0.583777
0.583836
0.583897
0.583958
0.58402
0.584083
0.584147
0.584211
0.584276
0.584342
0.584409
0.584476
0.584543
0.584611
0.58468
0.584748
0.584818
0.584887
0.584957
0.585027
0.585098
0.585169
0.585239
0.58531
0.585381
0.585452
0.585523
0.585594
0.585665
0.585735
0.585806
0.585876
0.585946
0.586015
0.586084
0.586153
0.586221
0.586289
0.586356
0.586423
0.586489
0.586555
0.586619
0.586684
0.586747
0.58681
0.586871
0.586932
0.586992
0.587051
0.587109
0.587166
0.587222
0.587277
0.587331
0.587384
0.587435
0.587486
0.587535
0.587583
0.587629
0.587674
0.587718
0.587761
0.587802
0.587842
0.58788
0.587917
0.587952
0.587986
0.588018
0.588049
0.588079
0.588106
0.588132
0.588157
0.58818
0.588201
0.58822
0.588238
0.588254
0.588269
0.588282
0.588293
0.588302
0.588309
0.588315
0.588319
0.588321
0.588322
0.588321
0.588318
0.588313
0.588307
0.588299
0.588289
0.588278
0.588264
0.588249
0.588233
0.588214
0.588194
0.588172
0.588149
0.588124
0.588097
0.588069
0.588039
0.588007
0.587974
0.587939
0.587903
0.587865
0.587826
0.587785
0.587743
0.587699
0.587654
0.587607
0.58756
0.587511
0.58746
0.587409
0.587356
0.587302
0.587247
0.58719
0.587133
0.587074
0.587015
0.586954
0.586893
0.58683
0.586767
0.586703
0.586638
0.586572
0.586505
0.586438
0.58637
0.586301
0.586232
0.586162
0.586091
0.586021
0.585949
0.585878
0.585805
0.585733
0.58566
0.585588
0.585515
0.585441
0.585368
0.585295
0.585221
0.585148
0.585075
0.585002
0.584929
0.584856
0.584784
0.584712
0.58464
0.584569
0.584497
0.584427
0.584357
0.584287
0.584218
0.58415
0.584082
0.584015
0.583949
0.583883
0.583819
0.583755
0.583692
0.58363
0.583568
0.583508
0.583449
0.583391
0.583334
0.583279
0.583224
0.583171
0.583119
0.583068
0.583018
0.58297
0.582923
0.582878
0.582834
0.582791
0.58275
0.58271
0.582672
0.582636
0.582601
0.582567
0.582536
0.582505
0.582477
0.58245
0.582425
0.582401
0.582379
0.582359
0.582341
0.582324
0.582309
0.582296
0.582285
0.582275
0.582267
0.582261
0.582257
0.582255
0.582254
0.582255
0.582259
0.582263
0.58227
0.582279
0.582289
0.582301
0.582315
0.582331
0.582348
0.582367
0.582388
0.582411
0.582435
0.582461
0.582489
0.582518
0.582549
0.582582
0.582616
0.582652
0.582689
0.582728
0.582769
0.582811
0.582855
0.5829
0.582947
0.582995
0.583044
0.583095
0.583147
0.5832
0.583255
0.583311
0.583368
0.583426
0.583486
0.583546
0.583608
0.583671
0.583734
0.583799
0.583864
0.583931
0.583998
0.584066
0.584135
0.584204
0.584275
0.584346
0.584417
0.584489
0.584562
0.584635
0.584709
0.584783
0.584857
0.584932
0.585007
0.585082
0.585158
0.585233
0.585309
0.585384
0.58546
0.585536
0.585611
0.585687
0.585762
0.585838
0.585912
0.585987
0.586061
0.586135
0.586209
0.586281
0.586354
0.586426
0.586497
0.586568
0.586638
0.586707
0.586775
0.586843
0.586909
0.586975
0.58704
0.587104
0.587167
0.587229
0.58729
0.58735
0.587408
0.587466
0.587522
0.587577
0.587631
0.587683
0.587734
0.587784
0.587832
0.587879
0.587924
0.587968
0.58801
0.588051
0.588091
0.588128
0.588165
0.588199
0.588232
0.588263
0.588293
0.58832
0.588346
0.588371
0.588393
0.588414
0.588433
0.58845
0.588465
0.588479
0.588491
0.588501
0.588509
0.588515
0.588519
0.588522
0.588522
0.588521
0.588518
0.588513
0.588506
0.588497
0.588487
0.588474
0.58846
0.588444
0.588426
0.588406
0.588385
0.588361
0.588336
0.58831
0.588281
0.588251
0.588219
0.588185
0.58815
0.588113
0.588074
0.588033
0.587991
0.587948
0.587903
0.587856
0.587808
0.587758
0.587707
0.587655
0.587601
0.587546
0.58749
0.587432
0.587373
0.587313
0.587252
0.587189
0.587126
0.587061
0.586996
0.58693
0.586862
0.586794
0.586724
0.586654
0.586583
0.586511
0.586439
0.586365
0.586291
0.586217
0.586142
0.586066
0.58599
0.585913
0.585836
0.585759
0.585682
0.585604
0.585526
0.585448
0.58537
0.585292
0.585214
0.585136
0.585058
0.58498
0.584902
0.584825
0.584748
0.584671
0.584594
0.584518
0.584442
0.584367
0.584293
0.584218
0.584145
0.584072
0.584
0.583928
0.583858
0.583788
0.583719
0.583651
0.583584
0.583517
0.583452
0.583388
0.583326
0.583264
0.583203
0.583144
0.583086
0.583029
0.582974
0.58292
0.582867
0.582816
0.582766
0.582717
0.582671
0.582625
0.582581
0.582539
0.582499
0.58246
0.582422
0.582387
0.582353
0.582321
0.58229
0.582262
0.582235
0.58221
0.582187
0.582165
0.582146
0.582128
0.582112
0.582098
0.582086
0.582076
0.582068
0.582061
0.582057
0.582055
0.582054
0.582055
0.582059
0.582064
0.582071
0.582081
0.582092
0.582105
0.582119
0.582136
0.582155
0.582175
0.582197
0.582222
0.582248
0.582275
0.582305
0.582336
0.582369
0.582404
0.582441
0.582479
0.582519
0.582561
0.582604
0.582649
0.582696
0.582744
0.582794
0.582845
0.582898
0.582952
0.583007
0.583064
0.583123
0.583182
0.583243
0.583305
0.583369
0.583433
0.583499
0.583565
0.583633
0.583702
0.583771
0.583842
0.583913
0.583986
0.584059
0.584133
0.584208
0.584283
0.584359
0.584436
0.584513
0.584591
0.584669
0.584748
0.584827
0.584907
0.584986
0.585066
0.585147
0.585227
0.585307
0.585388
0.585468
0.585549
0.585629
0.58571
0.58579
0.58587
0.585949
0.586029
0.586108
0.586186
0.586264
0.586342
0.586419
0.586495
0.586571
0.586646
0.58672
0.586794
0.586867
0.586939
0.58701
0.58708
0.587149
0.587217
0.587284
0.587349
0.587414
0.587478
0.58754
0.587601
0.58766
0.587719
0.587776
0.587831
0.587885
0.587938
0.58799
0.588039
0.588088
0.588134
0.588179
0.588223
0.588264
0.588304
0.588343
0.588379
0.588414
0.588448
0.588479
0.588509
0.588536
0.588562
0.588586
0.588608
0.588628
0.588647
0.588663
0.588677
0.58869
0.5887
0.588708
0.588715
0.588719
0.588722
0.588722
0.588721
0.588717
0.588712
0.588704
0.588695
0.588684
0.58867
0.588655
0.588638
0.588619
0.588598
0.588575
0.588551
0.588524
0.588495
0.588465
0.588433
0.588399
0.588363
0.588325
0.588286
0.588245
0.588202
0.588157
0.588111
0.588063
0.588013
0.587962
0.58791
0.587856
0.5878
0.587743
0.587684
0.587625
0.587563
0.587501
0.587437
0.587372
0.587305
0.587238
0.587169
0.587099
0.587028
0.586956
0.586883
0.58681
0.586735
0.58666
0.586583
0.586506
0.586428
0.58635
0.586271
0.586191
0.586111
0.58603
0.585949
0.585867
0.585785
0.585703
0.585621
0.585538
0.585455
0.585372
0.585289
0.585207
0.585124
0.585041
0.584958
0.584876
0.584793
0.584712
0.58463
0.584549
0.584468
0.584387
0.584307
0.584228
0.584149
0.584071
0.583994
0.583917
0.583841
0.583766
0.583692
0.583619
0.583547
0.583476
0.583406
0.583337
0.583269
0.583202
0.583137
0.583072
0.583009
0.582948
0.582888
0.582829
0.582771
0.582715
0.582661
0.582608
0.582557
0.582507
0.582459
0.582412
0.582367
0.582324
0.582283
0.582244
0.582206
0.58217
0.582136
0.582104
0.582074
0.582045
0.582019
0.581994
0.581972
0.581951
0.581932
0.581915
0.581901
0.581888
0.581877
0.581869
0.581862
0.581858
0.581855
0.581855
0.581856
0.58186
0.581865
0.581873
0.581882
0.581894
0.581908
0.581924
0.581942
0.581961
0.581983
0.582007
0.582032
0.58206
0.582089
0.582121
0.582154
0.582189
0.582226
0.582265
0.582306
0.582348
0.582392
0.582438
0.582486
0.582535
0.582586
0.582639
0.582693
0.582749
0.582806
0.582865
0.582925
0.582987
0.58305
0.583114
0.58318
0.583247
0.583315
0.583385
0.583456
0.583528
0.583601
0.583675
0.58375
0.583826
0.583902
0.58398
0.584059
0.584138
0.584219
0.584299
0.584381
0.584463
0.584545
0.584628
0.584712
0.584796
0.58488
0.584964
0.585049
0.585134
0.585219
0.585305
0.58539
0.585476
0.585561
0.585646
0.585731
0.585816
0.585901
0.585985
0.58607
0.586153
0.586237
0.586319
0.586401
0.586483
0.586564
0.586644
0.586724
0.586803
0.586881
0.586958
0.587034
0.587109
0.587183
0.587256
0.587328
0.587399
0.587469
0.587538
0.587605
0.587671
0.587735
0.587799
0.58786
0.587921
0.58798
0.588037
0.588093
0.588147
0.5882
0.588251
0.588301
0.588348
0.588394
0.588438
0.588481
0.588521
0.58856
0.588597
0.588632
0.588665
0.588696
0.588726
0.588753
0.588778
0.588801
0.588823
0.588842
0.588859
0.588875
0.588888
0.588899
0.588908
0.588915
0.588919
0.588922
0.588922
0.588921
0.588917
0.588911
0.588903
0.588893
0.588881
0.588867
0.588851
0.588833
0.588813
0.588791
0.588767
0.58874
0.588712
0.588682
0.58865
0.588615
0.588579
0.588541
0.588502
0.58846
0.588416
0.588371
0.588324
0.588275
0.588224
0.588172
0.588118
0.588062
0.588005
0.587946
0.587886
0.587824
0.58776
0.587695
0.587629
0.587561
0.587492
0.587421
0.58735
0.587277
0.587203
0.587128
0.587052
0.586975
0.586896
0.586817
0.586738
0.586657
0.586575
0.586493
0.58641
0.586326
0.586242
0.586157
0.586071
0.585985
0.585899
0.585812
0.585725
0.585638
0.58555
0.585462
0.585375
0.585287
0.585199
0.585111
0.585024
0.584936
0.584849
0.584762
0.584675
0.584589
0.584503
0.584418
0.584333
0.584248
0.584165
0.584081
0.583999
0.583917
0.583836
0.583755
0.583676
0.583598
0.58352
0.583444
0.583368
0.583294
0.583221
0.583149
0.583079
0.583009
0.582941
0.582875
0.58281
0.582746
0.582684
0.582623
0.582564
0.582506
0.58245
0.582396
0.582344
0.582293
0.582244
0.582196
0.582151
0.582107
0.582066
0.582026
0.581988
0.581952
0.581918
0.581886
0.581856
0.581828
0.581802
0.581778
0.581756
0.581736
0.581719
0.581703
0.58169
0.581679
0.581669
0.581663
0.581658
0.581655
0.581655
0.581656
0.58166
0.581666
0.581674
0.581685
0.581697
0.581712
0.581729
0.581747
0.581768
0.581791
0.581816
0.581843
0.581872
0.581903
0.581937
0.581972
0.582009
0.582048
0.582089
0.582132
0.582177
0.582224
0.582273
0.582323
0.582376
0.58243
0.582486
0.582543
0.582603
0.582664
0.582726
0.58279
0.582855
0.582922
0.58299
0.58306
0.583131
0.583203
0.583276
0.583351
0.583426
0.583503
0.583582
0.583661
0.583741
0.583822
0.583904
0.583987
0.584071
0.584156
0.584241
0.584327
0.584414
0.584501
0.584589
0.584677
0.584766
0.584855
0.584944
0.585034
0.585124
0.585214
0.585304
0.585394
0.585484
0.585574
0.585664
0.585754
0.585844
0.585933
0.586022
0.586111
0.5862
0.586287
0.586375
0.586462
0.586548
0.586633
0.586718
0.586802
0.586885
0.586968
0.587049
0.58713
0.587209
0.587287
0.587365
0.587441
0.587516
0.587589
0.587662
0.587733
0.587802
0.58787
0.587937
0.588002
0.588066
0.588128
0.588189
0.588248
0.588305
0.588361
0.588415
0.588467
0.588517
0.588566
0.588612
0.588657
0.5887
0.588741
0.58878
0.588816
0.588851
0.588884
0.588915
0.588944
0.588971
0.588995
0.589018
0.589038
0.589056
0.589072
0.589086
0.589098
0.589107
0.589114
0.589119
0.589122
0.589122
0.58912
0.589117
0.58911
0.589102
0.589091
0.589079
0.589064
0.589047
0.589027
0.589006
0.588982
0.588957
0.588929
0.588899
0.588867
0.588833
0.588797
0.588759
0.588719
0.588677
0.588632
0.588586
0.588538
0.588488
0.588436
0.588383
0.588328
0.58827
0.588212
0.588151
0.588089
0.588025
0.587959
0.587892
0.587824
0.587754
0.587683
0.58761
0.587536
0.58746
0.587383
0.587305
0.587226
0.587146
0.587064
0.586982
0.586898
0.586814
0.586729
0.586642
0.586556
0.586468
0.58638
0.586291
0.586201
0.586111
0.58602
0.585929
0.585838
0.585746
0.585654
0.585562
0.585469
0.585377
0.585284
0.585191
0.585099
0.585006
0.584914
0.584822
0.58473
0.584638
0.584547
0.584457
0.584366
0.584277
0.584188
0.584099
0.584011
0.583924
0.583838
