0.581577
0.581579
0.58158
0.58158
0.581581
0.581582
0.581582
0.581583
0.581583
0.581583
0.581584
0.581584
0.581585
0.581585
0.581585
0.581585
0.581586
0.581586
0.581586
0.581586
0.581586
0.581586
0.581586
0.581586
0.581586
0.581586
0.581586
0.581586
0.581586
0.581585
0.581585
0.581585
0.581584
0.581584
0.581583
0.581583
0.581582
0.581582
0.581581
0.581581
0.58158
0.581579
0.581578
0.581578
0.581577
0.581576
0.581575
0.581574
0.581573
0.581572
0.581571
0.58157
0.581569
0.581568
0.581566
0.581565
0.581564
0.581563
0.581561
0.58156
0.581559
0.581557
0.581556
0.581554
0.581553
0.581552
0.58155
0.581549
0.581547
0.581546
0.581544
0.581543
0.581541
0.58154
0.581538
0.581537
0.581535
0.581533
0.581532
0.58153
0.581529
0.581527
0.581526
0.581524
0.581523
0.581521
0.58152
0.581518
0.581517
0.581515
0.581514
0.581513
0.581511
0.58151
0.581509
0.581507
0.581506
0.581505
0.581504
0.581503
0.581501
0.5815
0.581499
0.581498
0.581497
0.581496
0.581496
0.581495
0.581494
0.581493
0.581492
0.581492
0.581491
0.581491
0.58149
0.58149
0.58149
0.581489
0.581489
0.581489
0.581489
0.581489
0.581489
0.581489
0.581489
0.581489
0.58149
0.58149
0.58149
0.581491
0.581491
0.581492
0.581493
0.581494
0.581494
0.581495
0.581496
0.581497
0.581499
0.5815
0.581501
0.581502
0.581504
0.581505
0.581507
0.581509
0.58151
0.581512
0.581514
0.581516
0.581518
0.58152
0.581522
0.581524
0.581526
0.581529
0.581531
0.581533
0.581536
0.581538
0.581541
0.581544
0.581546
0.581549
0.581552
0.581555
0.581558
0.581561
0.581564
0.581567
0.58157
0.581573
0.581576
0.58158
0.581583
0.581586
0.58159
0.581593
0.581596
0.5816
0.581603
0.581607
0.58161
0.581614
0.581617
0.581621
0.581624
0.581628
0.581631
0.581635
0.581638
0.581642
0.581645
0.581649
0.581652
0.581656
0.581659
0.581663
0.581666
0.58167
0.581673
0.581677
0.58168
0.581683
0.581687
0.58169
0.581693
0.581696
0.5817
0.581703
0.581706
0.581709
0.581712
0.581715
0.581717
0.58172
0.581723
0.581726
0.581728
0.581731
0.581733
0.581735
0.581738
0.58174
0.581742
0.581744
0.581746
0.581748
0.58175
0.581751
0.581753
0.581754
0.581756
0.581757
0.581758
0.581759
0.58176
0.581761
0.581762
0.581763
0.581763
0.581764
0.581764
0.581764
0.581764
0.581764
0.581764
0.581764
0.581763
0.581763
0.581762
0.581762
0.581761
0.58176
0.581759
0.581758
0.581756
0.581755
0.581753
0.581752
0.58175
0.581748
0.581746
0.581744
0.581741
0.581739
0.581736
0.581734
0.581731
0.581728
0.581725
0.581722
0.581719
0.581716
0.581712
0.581709
0.581705
0.581701
0.581697
0.581694
0.58169
0.581685
0.581681
0.581677
0.581672
0.581668
0.581663
0.581659
0.581654
0.581649
0.581644
0.581639
0.581634
0.581629
0.581624
0.581619
0.581613
0.581608
0.581603
0.581597
0.581592
0.581586
0.58158
0.581575
0.581569
0.581563
0.581558
0.581552
0.581546
0.58154
0.581534
0.581528
0.581523
0.581517
0.581511
0.581505
0.581499
0.581493
0.581488
0.581482
0.581476
0.58147
0.581465
0.581459
0.581453
0.581448
0.581442
0.581436
0.581431
0.581425
0.58142
0.581414
0.581409
0.581404
0.581398
0.581393
0.581388
0.581384
0.581379
0.581374
0.58137
0.581366
0.581361
0.581357
0.581353
0.581349
0.581345
0.581342
0.581338
0.581334
0.581331
0.581328
0.581325
0.581322
0.581319
0.581316
0.581313
0.581311
0.581309
0.581307
0.581305
0.581303
0.581301
0.581299
0.581298
0.581297
0.581296
0.581295
0.581294
0.581293
0.581293
0.581293
0.581293
0.581293
0.581293
0.581293
0.581294
0.581295
0.581296
0.581297
0.581298
0.581299
0.581301
0.581303
0.581305
0.581307
0.581309
0.581312
0.581315
0.581318
0.581321
0.581324
0.581327
0.581331
0.581335
0.581339
0.581343
0.581347
0.581351
0.581356
0.58136
0.581365
0.58137
0.581375
0.58138
0.581386
0.581391
0.581397
0.581403
0.581409
0.581415
0.581421
0.581427
0.581434
0.58144
0.581447
0.581454
0.581461
0.581468
0.581475
0.581482
0.581489
0.581497
0.581504
0.581512
0.58152
0.581527
0.581535
0.581543
0.581551
0.581559
0.581567
0.581575
0.581583
0.581591
0.581599
0.581607
0.581615
0.581624
0.581632
0.58164
0.581648
0.581656
0.581665
0.581673
0.581681
0.581689
0.581697
0.581705
0.581713
0.581721
0.581729
0.581737
0.581745
0.581752
0.58176
0.581768
0.581775
0.581783
0.58179
0.581797
0.581804
0.581812
0.581818
0.581825
0.581832
0.581839
0.581845
0.581851
0.581858
0.581864
0.58187
0.581875
0.581881
0.581887
0.581892
0.581897
0.581902
0.581907
0.581911
0.581916
0.58192
0.581924
0.581928
0.581932
0.581935
0.581939
0.581942
0.581944
0.581947
0.58195
0.581952
0.581954
0.581956
0.581957
0.581959
0.58196
0.581961
0.581962
0.581962
0.581963
0.581963
0.581963
0.581962
0.581962
0.581961
0.58196
0.581958
0.581957
0.581955
0.581953
0.581951
0.581948
0.581946
0.581943
0.58194
0.581936
0.581933
0.581929
0.581925
0.58192
0.581916
0.581911
0.581906
0.581901
0.581896
0.58189
0.581885
0.581879
0.581872
0.581866
0.58186
0.581853
0.581846
0.581839
0.581831
0.581824
0.581816
0.581809
0.581801
0.581793
0.581784
0.581776
0.581767
0.581759
0.58175
0.581741
0.581731
0.581722
0.581713
0.581703
0.581694
0.581684
0.581674
0.581664
0.581654
0.581644
0.581634
0.581624
0.581613
0.581603
0.581592
0.581582
0.581571
0.581561
0.58155
0.58154
0.581529
0.581519
0.581508
0.581498
0.581487
0.581477
0.581466
0.581456
0.581445
0.581435
0.581424
0.581414
0.581403
0.581393
0.581383
0.581373
0.581363
0.581353
0.581344
0.581334
0.581325
0.581315
0.581306
0.581297
0.581288
0.581279
0.58127
0.581261
0.581253
0.581245
0.581236
0.581229
0.581221
0.581213
0.581206
0.581199
0.581192
0.581185
0.581178
0.581172
0.581166
0.58116
0.581154
0.581149
0.581143
0.581138
0.581134
0.581129
0.581125
0.581121
0.581117
0.581114
0.58111
0.581107
0.581105
0.581102
0.5811
0.581098
0.581097
0.581095
0.581094
0.581094
0.581093
0.581093
0.581093
0.581094
0.581094
0.581095
0.581096
0.581098
0.5811
0.581102
0.581104
0.581107
0.58111
0.581113
0.581117
0.581121
0.581125
0.581129
0.581134
0.581139
0.581144
0.581149
0.581155
0.581161
0.581167
0.581174
0.581181
0.581188
0.581195
0.581203
0.581211
0.581219
0.581227
0.581236
0.581244
0.581253
0.581263
0.581272
0.581282
0.581292
0.581302
0.581312
0.581322
0.581333
0.581344
0.581355
0.581366
0.581378
0.581389
0.581401
0.581413
0.581424
0.581436
0.581448
0.581461
0.581473
0.581485
0.581498
0.58151
0.581523
0.581536
0.581548
0.581561
0.581574
0.581587
0.5816
0.581613
0.581626
0.581639
0.581652
0.581664
0.581677
0.58169
0.581703
0.581716
0.581729
0.581741
0.581754
0.581767
0.581779
0.581792
0.581804
0.581816
0.581829
0.581841
0.581853
0.581864
0.581876
0.581888
0.581899
0.58191
0.581921
0.581932
0.581943
0.581953
0.581964
0.581974
0.581984
0.581993
0.582003
0.582012
0.582021
0.58203
0.582039
0.582047
0.582055
0.582063
0.582071
0.582078
0.582085
0.582092
0.582098
0.582105
0.58211
0.582116
0.582121
0.582126
0.582131
0.582135
0.582139
0.582143
0.582146
0.582149
0.582152
0.582155
0.582157
0.582158
0.58216
0.582161
0.582162
0.582162
0.582162
0.582162
0.582161
0.58216
0.582159
0.582157
0.582155
0.582153
0.58215
0.582147
0.582144
0.58214
0.582136
0.582131
0.582127
0.582122
0.582116
0.58211
0.582104
0.582098
0.582091
0.582084
0.582077
0.582069
0.582061
0.582053
0.582044
0.582036
0.582026
0.582017
0.582007
0.581997
0.581987
0.581976
0.581966
0.581954
0.581943
0.581931
0.58192
0.581907
0.581895
0.581883
0.58187
0.581857
0.581844
0.581831
0.581817
0.581804
0.58179
0.581776
0.581762
0.581748
0.581733
0.581719
0.581704
0.58169
0.581675
0.58166
0.581645
0.58163
0.581615
0.5816
0.581584
0.581569
0.581554
0.581538
0.581523
0.581508
0.581492
0.581477
0.581461
0.581446
0.581431
0.581416
0.5814
0.581385
0.58137
0.581355
0.58134
0.581326
0.581311
0.581297
0.581282
0.581268
0.581254
0.58124
0.581226
0.581213
0.581199
0.581186
0.581173
0.58116
0.581148
0.581135
0.581123
0.581111
0.581099
0.581088
0.581077
0.581066
0.581056
0.581045
0.581035
0.581025
0.581016
0.581007
0.580998
0.580989
0.580981
0.580973
0.580966
0.580959
0.580952
0.580946
0.58094
0.580934
0.580928
0.580923
0.580919
0.580915
0.580911
0.580907
0.580904
0.580901
0.580899
0.580897
0.580896
0.580894
0.580894
0.580893
0.580893
0.580894
0.580895
0.580896
0.580898
0.5809
0.580902
0.580905
0.580908
0.580912
0.580916
0.580921
0.580925
0.580931
0.580936
0.580942
0.580949
0.580956
0.580963
0.580971
0.580978
0.580987
0.580996
0.581005
0.581014
0.581024
0.581034
0.581044
0.581055
0.581066
0.581078
0.581089
0.581101
0.581114
0.581127
0.58114
0.581153
0.581166
0.58118
0.581195
0.581209
0.581224
0.581239
0.581254
0.581269
0.581284
0.5813
0.581316
0.581332
0.581348
0.581365
0.581381
0.581398
0.581415
0.581432
0.581449
0.581466
0.581483
0.581501
0.581518
0.581536
0.581554
0.581571
0.581589
0.581607
0.581625
0.581642
0.58166
0.581678
0.581696
0.581714
0.581731
0.581749
0.581767
0.581784
0.581802
0.581819
0.581836
0.581853
0.58187
0.581887
0.581904
0.58192
0.581936
0.581952
0.581968
0.581984
0.582
0.582015
0.58203
0.582045
0.58206
0.582074
0.582088
0.582102
0.582116
0.582129
0.582142
0.582155
0.582167
0.582179
0.582191
0.582202
0.582213
0.582224
0.582234
0.582244
0.582254
0.582263
0.582272
0.582281
0.582289
0.582297
0.582304
0.582311
0.582317
0.582323
0.582329
0.582334
0.582339
0.582343
0.582347
0.582351
0.582354
0.582356
0.582358
0.58236
0.582361
0.582362
0.582362
0.582362
0.582361
0.58236
0.582358
0.582356
0.582354
0.582351
0.582347
0.582344
0.582339
0.582334
0.582329
0.582324
0.582317
0.582311
0.582304
0.582297
0.582289
0.58228
0.582272
0.582263
0.582253
0.582243
0.582233
0.582222
0.582211
0.582199
0.582187
0.582175
0.582162
0.582149
0.582136
0.582122
0.582108
0.582094
0.582079
0.582064
0.582049
0.582033
0.582016
0.582
0.581983
0.581966
0.581949
0.581931
0.581913
0.581895
0.581877
0.581859
0.58184
0.581822
0.581803
0.581784
0.581764
0.581745
0.581726
0.581706
0.581686
0.581666
0.581646
0.581626
0.581606
0.581586
0.581566
0.581546
0.581526
0.581506
0.581485
0.581465
0.581445
0.581425
0.581405
0.581385
0.581365
0.581345
0.581325
0.581306
0.581286
0.581267
0.581248
0.581229
0.58121
0.581191
0.581172
0.581154
0.581136
0.581118
0.5811
0.581082
0.581065
0.581049
0.581032
0.581016
0.581
0.580984
0.580969
0.580954
0.58094
0.580925
0.580911
0.580897
0.580884
0.580871
0.580859
0.580846
0.580835
0.580824
0.580813
0.580802
0.580793
0.580783
0.580774
0.580765
0.580757
0.58075
0.580743
0.580736
0.58073
0.580724
0.580719
0.580714
0.58071
0.580706
0.580703
0.5807
0.580698
0.580696
0.580695
0.580694
0.580694
0.580694
0.580695
0.580696
0.580698
0.5807
0.580703
0.580707
0.580711
0.580715
0.58072
0.580726
0.580732
0.580739
0.580746
0.580753
0.580761
0.58077
0.580779
0.580788
0.580798
0.580809
0.58082
0.580831
0.580843
0.580855
0.580868
0.580881
0.580894
0.580908
0.580923
0.580938
0.580953
0.580968
0.580984
0.581
0.581017
0.581034
0.581051
0.581069
0.581087
0.581105
0.581124
0.581143
0.581162
0.581182
0.581202
0.581222
0.581242
0.581263
0.581283
0.581304
0.581326
0.581347
0.581369
0.58139
0.581412
0.581434
0.581456
0.581479
0.581501
0.581523
0.581546
0.581568
0.581591
0.581614
0.581636
0.581659
0.581682
0.581704
0.581727
0.581749
0.581772
0.581794
0.581817
0.581839
0.581861
0.581883
0.581905
0.581926
0.581948
0.581969
0.58199
0.582011
0.582031
0.582052
0.582072
0.582092
0.582111
0.582131
0.58215
0.582168
0.582187
0.582205
0.582223
0.58224
0.582257
0.582274
0.58229
0.582306
0.582322
0.582337
0.582351
0.582366
0.58238
0.582393
0.582406
0.582418
0.58243
0.582442
0.582453
0.582463
0.582473
0.582483
0.582492
0.5825
0.582508
0.582516
0.582523
0.582529
0.582535
0.58254
0.582544
0.582549
0.582552
0.582555
0.582558
0.58256
0.582561
0.582562
0.582562
0.582562
0.582561
0.582559
0.582557
0.582554
0.582551
0.582547
0.582542
0.582537
0.582532
0.582526
0.582519
0.582512
0.582504
0.582495
0.582486
0.582477
0.582467
0.582456
0.582445
0.582434
0.582422
0.582409
0.582396
0.582382
0.582368
0.582354
0.582339
0.582323
0.582307
0.582291
0.582273
0.582256
0.582238
0.58222
0.582201
0.582182
0.582162
0.582143
0.582122
0.582102
0.582081
0.58206
0.582038
0.582016
0.581994
0.581972
0.58195
0.581927
0.581904
0.58188
0.581857
0.581833
0.581809
0.581785
0.581761
0.581736
0.581712
0.581687
0.581663
0.581638
0.581613
0.581588
0.581563
0.581538
0.581513
0.581488
0.581463
0.581438
0.581413
0.581388
0.581364
0.581339
0.581314
0.58129
0.581266
0.581241
0.581217
0.581193
0.58117
0.581146
0.581123
0.5811
0.581077
0.581054
0.581032
0.58101
0.580988
0.580967
0.580946
0.580925
0.580905
0.580885
0.580865
0.580846
0.580827
0.580809
0.580791
0.580773
0.580756
0.580739
0.580723
0.580708
0.580692
0.580678
0.580664
0.58065
0.580637
0.580624
0.580612
0.580601
0.58059
0.580579
0.58057
0.58056
0.580552
0.580544
0.580536
0.580529
0.580523
0.580517
0.580512
0.580508
0.580504
0.580501
0.580498
0.580496
0.580495
0.580494
0.580494
0.580494
0.580496
0.580497
0.5805
0.580503
0.580507
0.580511
0.580516
0.580522
0.580528
0.580535
0.580543
0.580551
0.58056
0.580569
0.580579
0.58059
0.580601
0.580613
0.580625
0.580638
0.580651
0.580665
0.58068
0.580695
0.58071
0.580726
0.580743
0.58076
0.580778
0.580796
0.580815
0.580834
0.580854
0.580874
0.580894
0.580915
0.580937
0.580959
0.580981
0.581003
0.581026
0.58105
0.581073
0.581097
0.581121
0.581146
0.581171
0.581196
0.581221
0.581247
0.581272
0.581299
0.581325
0.581351
0.581378
0.581405
0.581432
0.581459
0.581486
0.581513
0.58154
0.581567
0.581595
0.581622
0.581649
0.581677
0.581704
0.581732
0.581759
0.581786
0.581814
0.581841
0.581868
0.581895
0.581921
0.581948
0.581974
0.582
0.582026
0.582051
0.582077
0.582102
0.582127
0.582152
0.582176
0.5822
0.582224
0.582247
0.58227
0.582293
0.582315
0.582336
0.582358
0.582379
0.582399
0.582419
0.582439
0.582458
0.582476
0.582494
0.582512
0.582529
0.582546
0.582562
0.582577
0.582592
0.582607
0.58262
0.582634
0.582646
0.582658
0.58267
0.58268
0.58269
0.5827
0.582708
0.582716
0.582724
0.582731
0.582737
0.582743
0.582748
0.582752
0.582755
0.582758
0.58276
0.582761
0.582762
0.582762
0.582761
0.58276
0.582758
0.582755
0.582751
0.582747
0.582742
0.582737
0.582731
0.582724
0.582716
0.582708
0.582699
0.58269
0.582679
0.582669
0.582657
0.582645
0.582632
0.582619
0.582605
0.58259
0.582575
0.582559
0.582542
0.582525
0.582508
0.582489
0.58247
0.582451
0.582431
0.582411
0.58239
0.582369
0.582347
0.582325
0.582302
0.582279
0.582255
0.582231
0.582206
0.582181
0.582156
0.58213
0.582103
0.582077
0.58205
0.582023
0.581995
0.581967
0.581939
0.581911
0.581883
0.581854
0.581825
0.581796
0.581767
0.581738
0.581709
0.581679
0.581649
0.58162
0.58159
0.58156
0.58153
0.581501
0.581471
0.581441
0.581411
0.581381
0.581352
0.581322
0.581293
0.581264
0.581235
0.581206
0.581177
0.581148
0.58112
0.581092
0.581064
0.581036
0.581008
0.580981
0.580954
0.580928
0.580902
0.580876
0.58085
0.580825
0.580801
0.580777
0.580753
0.58073
0.580707
0.580685
0.580663
0.580642
0.580621
0.580601
0.580582
0.580563
0.580544
0.580526
0.580509
0.580492
0.580476
0.580461
0.580446
0.580432
0.580418
0.580406
0.580393
0.580382
0.580371
0.580361
0.580351
0.580343
0.580334
0.580327
0.58032
0.580315
0.580309
0.580305
0.580301
0.580298
0.580296
0.580295
0.580294
0.580294
0.580295
0.580297
0.580299
0.580302
0.580306
0.580311
0.580316
0.580322
0.580329
0.580337
0.580345
0.580354
0.580364
0.580374
0.580385
0.580397
0.58041
0.580423
0.580437
0.580452
0.580467
0.580483
0.5805
0.580517
0.580535
0.580554
0.580573
0.580593
0.580613
0.580634
0.580656
0.580678
0.580701
0.580724
0.580748
0.580772
0.580797
0.580822
0.580848
0.580874
0.580901
0.580928
0.580955
0.580983
0.581011
0.58104
0.581069
0.581099
0.581128
0.581158
0.581188
0.581219
0.581249
0.58128
0.581312
0.581343
0.581374
0.581406
0.581438
0.58147
0.581502
0.581534
0.581566
0.581598
0.58163
0.581663
0.581695
0.581727
0.581759
0.581791
0.581823
0.581855
0.581887
0.581919
0.58195
0.581981
0.582012
0.582043
0.582074
0.582104
0.582134
0.582164
0.582194
0.582223
0.582252
0.58228
0.582308
0.582336
0.582363
0.58239
0.582417
0.582443
0.582468
0.582493
0.582517
0.582541
0.582565
0.582588
0.58261
0.582632
0.582653
0.582673
0.582693
0.582712
0.582731
0.582749
0.582766
0.582783
0.582799
0.582814
0.582829
0.582843
0.582856
0.582868
0.58288
0.582891
0.582901
0.58291
0.582919
0.582927
0.582934
0.58294
0.582946
0.58295
0.582954
0.582957
0.58296
0.582961
0.582962
0.582962
0.582961
0.582959
0.582956
0.582953
0.582949
0.582944
0.582938
0.582932
0.582924
0.582916
0.582907
0.582898
0.582887
0.582876
0.582864
0.582851
0.582838
0.582824
0.582809
0.582793
0.582776
0.582759
0.582741
0.582723
0.582703
0.582683
0.582662
0.582641
0.582619
0.582596
0.582573
0.582549
0.582524
0.582499
0.582474
0.582447
0.58242
0.582393
0.582365
0.582337
0.582308
0.582279
0.58225
0.58222
0.582189
0.582158
0.582127
0.582095
0.582063
0.582031
0.581999
0.581966
0.581933
0.5819
0.581866
0.581832
0.581798
0.581764
0.58173
0.581696
0.581661
0.581626
0.581592
0.581557
0.581522
0.581488
0.581453
0.581419
0.581384
0.58135
0.581315
0.581281
0.581247
0.581213
0.581179
0.581146
0.581112
0.581079
0.581046
0.581013
0.580981
0.580949
0.580917
0.580886
0.580855
0.580824
0.580794
0.580764
0.580735
0.580706
0.580678
0.58065
0.580622
0.580595
0.580569
0.580543
0.580518
0.580494
0.58047
0.580446
0.580424
0.580402
0.580381
0.58036
0.58034
0.580321
0.580303
0.580285
0.580268
0.580251
0.580236
0.580221
0.580207
0.580194
0.580181
0.58017
0.580159
0.580149
0.58014
0.580131
0.580124
0.580117
0.580111
0.580106
0.580102
0.580099
0.580097
0.580095
0.580094
0.580094
0.580096
0.580098
0.5801
0.580104
0.580109
0.580115
0.580121
0.580128
0.580136
0.580145
0.580155
0.580165
0.580177
0.580189
0.580202
0.580216
0.580231
0.580246
0.580262
0.580279
0.580297
0.580316
0.580335
0.580355
0.580376
0.580398
0.58042
0.580443
0.580466
0.58049
0.580515
0.580541
0.580567
0.580594
0.580622
0.58065
0.580678
0.580708
0.580737
0.580767
0.580798
0.580829
0.580861
0.580893
0.580926
0.580959
0.580992
0.581026
0.58106
0.581094
0.581129
0.581164
0.5812
0.581235
0.581271
0.581307
0.581343
0.58138
0.581416
0.581453
0.58149
0.581527
0.581564
0.581601
0.581638
0.581675
0.581712
0.581749
0.581786
0.581823
0.58186
0.581896
0.581933
0.581969
0.582006
0.582041
0.582077
0.582113
0.582148
0.582183
0.582217
0.582251
0.582285
0.582319
0.582352
0.582384
0.582416
0.582448
0.582479
0.58251
0.58254
0.58257
0.582599
0.582628
0.582656
0.582683
0.58271
0.582736
0.582761
0.582786
0.58281
0.582834
0.582856
0.582878
0.5829
0.58292
0.58294
0.582959
0.582977
0.582995
0.583011
0.583027
0.583042
0.583056
0.583069
0.583082
0.583093
0.583104
0.583114
0.583123
0.583131
0.583138
0.583144
0.583149
0.583154
0.583157
0.58316
0.583161
0.583162
0.583162
0.583161
0.583159
0.583156
0.583152
0.583147
0.583141
0.583135
0.583127
0.583118
0.583109
0.583099
0.583088
0.583076
0.583063
0.583049
0.583034
0.583018
0.583002
0.582985
0.582967
0.582948
0.582928
0.582907
0.582886
0.582864
0.582841
0.582817
0.582793
0.582767
0.582742
0.582715
0.582688
0.58266
0.582631
0.582602
0.582572
0.582541
0.582509
0.582478
0.582445
0.582412
0.582379
0.582345
0.582311
0.582276
0.582241
0.582205
0.582169
0.582132
0.582096
0.582059
0.582021
0.581983
0.581945
0.581907
0.581869
0.58183
0.581791
0.581752
0.581713
0.581674
0.581634
0.581595
0.581555
0.581515
0.581476
0.581436
0.581397
0.581357
0.581318
0.581279
0.58124
0.581201
0.581162
0.581124
0.581086
0.581048
0.58101
0.580972
0.580935
0.580899
0.580862
0.580826
0.58079
0.580755
0.58072
0.580686
0.580652
0.580619
0.580586
0.580554
0.580522
0.580491
0.58046
0.580431
0.580401
0.580373
0.580345
0.580318
0.580292
0.580266
0.580241
0.580217
0.580194
0.580171
0.58015
0.580129
0.580109
0.580089
0.580071
0.580053
0.580036
0.580021
0.580006
0.579992
0.579979
0.579966
0.579955
0.579945
0.579935
0.579927
0.57992
0.579913
0.579908
0.579903
0.5799
0.579897
0.579895
0.579895
0.579895
0.579897
0.579899
0.579903
0.579907
0.579912
0.579919
0.579926
0.579934
0.579943
0.579953
0.579964
0.579976
0.579989
0.580003
0.580018
0.580034
0.580051
0.580069
0.580087
0.580107
0.580127
0.580148
0.58017
0.580193
0.580217
0.580241
0.580267
0.580293
0.58032
0.580347
0.580376
0.580405
0.580434
0.580465
0.580496
0.580528
0.58056
0.580593
0.580627
0.580661
0.580696
0.580731
0.580767
0.580803
0.58084
0.580878
0.580915
0.580953
0.580992
0.581031
0.58107
0.58111
0.58115
0.58119
0.581231
0.581271
0.581313
0.581354
0.581395
0.581437
0.581479
0.581521
0.581562
0.581604
0.581646
0.581688
0.58173
0.581771
0.581813
0.581855
0.581896
0.581938
0.581979
0.58202
0.582061
0.582101
0.582142
0.582182
0.582221
0.582261
0.5823
0.582338
0.582377
0.582414
0.582452
0.582488
0.582524
0.58256
0.582595
0.58263
0.582664
0.582697
0.58273
0.582762
0.582794
0.582825
0.582855
0.582884
0.582913
0.582941
0.582968
0.582995
0.58302
0.583045
0.583069
0.583092
0.583114
0.583136
0.583156
0.583175
0.583194
0.583212
0.583228
0.583244
0.583259
0.583273
0.583286
0.583298
0.583309
0.583319
0.583328
0.583336
0.583343
0.583349
0.583353
0.583357
0.58336
0.583362
0.583362
0.583362
0.583361
0.583358
0.583355
0.583351
0.583345
0.583338
0.583331
0.583322
0.583312
0.583302
0.58329
0.583277
0.583263
0.583248
0.583232
0.583216
0.583198
0.583179
0.58316
0.583139
0.583118
0.583095
0.583072
0.583048
0.583023
0.582997
0.58297
0.582942
0.582913
0.582884
0.582854
0.582823
0.582792
0.58276
0.582727
0.582693
0.582659
0.582624
0.582588
0.582552
0.582515
0.582478
0.58244
0.582401
0.582362
0.582322
0.582282
0.582241
0.5822
0.582159
0.582117
0.582075
0.582032
0.58199
0.581947
0.581904
0.58186
0.581817
0.581773
0.581729
0.581685
0.581641
0.581596
0.581552
0.581508
0.581464
0.581419
0.581375
0.581331
0.581287
0.581243
0.581199
0.581155
0.581112
0.581069
0.581026
0.580983
0.580941
0.580899
0.580857
0.580816
0.580775
0.580735
0.580695
0.580655
0.580616
0.580578
0.58054
0.580503
0.580466
0.58043
0.580395
0.58036
0.580326
0.580292
0.58026
0.580228
0.580197
0.580167
0.580137
0.580109
0.580081
0.580054
0.580028
0.580002
0.579978
0.579955
0.579932
0.579911
0.57989
0.579871
0.579852
0.579834
0.579818
0.579802
0.579788
0.579774
0.579762
0.57975
0.57974
0.57973
0.579722
0.579715
0.579709
0.579704
0.5797
0.579697
0.579696
0.579695
0.579696
0.579697
0.5797
0.579704
0.579709
0.579715
0.579722
0.579731
0.57974
0.57975
0.579762
0.579774
0.579787
0.579802
0.579817
0.579834
0.579851
0.57987
0.57989
0.579911
0.579932
0.579955
0.579979
0.580004
0.580029
0.580056
0.580084
0.580112
0.580141
0.580172
0.580203
0.580235
0.580267
0.580301
0.580335
0.58037
0.580406
0.580442
0.580479
0.580517
0.580555
0.580594
0.580634
0.580674
0.580715
0.580756
0.580797
0.580839
0.580882
0.580925
0.580969
0.581012
0.581057
0.581101
0.581146
0.581192
0.581237
0.581283
0.581329
0.581375
0.581421
0.581468
0.581514
0.581561
0.581607
0.581654
0.581701
0.581747
0.581794
0.581841
0.581887
0.581933
0.581979
0.582025
0.582071
0.582116
0.582162
0.582206
0.582251
0.582295
0.582339
0.582382
0.582425
0.582468
0.58251
0.582551
0.582592
0.582633
0.582672
0.582712
0.58275
0.582788
0.582825
0.582862
0.582897
0.582933
0.582967
0.583
0.583033
0.583065
0.583096
0.583126
0.583155
0.583184
0.583211
0.583238
0.583263
0.583288
0.583312
0.583335
0.583356
0.583377
0.583397
0.583416
0.583433
0.58345
0.583465
0.583479
0.583492
0.583504
0.583515
0.583525
0.583533
0.583541
0.583547
0.583553
0.583557
0.58356
0.583562
0.583562
0.583562
0.58356
0.583558
0.583554
0.583548
0.583542
0.583534
0.583526
0.583516
0.583505
0.583493
0.58348
0.583465
0.58345
0.583434
0.583416
0.583397
0.583378
0.583357
0.583336
0.583313
0.583289
0.583264
0.583239
0.583212
0.583184
0.583156
0.583126
0.583095
0.583064
0.583032
0.582998
0.582964
0.582929
0.582893
0.582856
0.582819
0.582781
0.582741
0.582701
0.582661
0.58262
0.582578
0.582535
0.582492
0.582449
0.582405
0.58236
0.582315
0.582269
0.582223
0.582177
0.58213
0.582083
0.582036
0.581988
0.58194
0.581892
0.581843
0.581794
0.581746
0.581697
0.581648
0.581598
0.581549
0.5815
0.581451
0.581402
0.581353
0.581304
0.581255
0.581206
0.581158
0.58111
0.581061
0.581014
0.580966
0.580919
0.580872
0.580826
0.58078
0.580734
0.580689
0.580644
0.5806
0.580556
0.580513
0.58047
0.580428
0.580387
0.580346
0.580306
0.580267
0.580229
0.580191
0.580154
0.580118
0.580083
0.580048
0.580015
0.579982
0.579951
0.57992
0.57989
0.579861
0.579833
0.579807
0.579781
0.579756
0.579732
0.57971
0.579688
0.579667
0.579648
0.57963
0.579612
0.579596
0.579582
0.579568
0.579555
0.579544
0.579534
0.579525
0.579517
0.57951
0.579505
0.579501
0.579498
0.579496
0.579496
0.579496
0.579498
0.579501
0.579506
0.579511
0.579518
0.579526
0.579535
0.579546
0.579557
0.57957
0.579584
0.579599
0.579615
0.579632
0.579651
0.579671
0.579692
0.579714
0.579737
0.579761
0.579786
0.579812
0.57984
0.579868
0.579897
0.579928
0.579959
0.579991
0.580025
0.580059
0.580094
0.58013
0.580167
0.580205
0.580243
0.580283
0.580323
0.580364
0.580406
0.580448
0.580491
0.580535
0.580579
0.580624
0.580669
0.580715
0.580762
0.580809
0.580857
0.580905
0.580954
0.581003
0.581052
0.581101
0.581151
0.581201
0.581252
0.581302
0.581353
0.581404
0.581455
0.581507
0.581558
0.58161
0.581661
0.581713
0.581765
0.581816
0.581867
0.581919
0.58197
0.582021
0.582071
0.582121
0.582172
0.582221
0.582271
0.58232
0.582368
0.582417
0.582465
0.582512
0.582559
0.582605
0.582651
0.582696
0.58274
0.582784
0.582827
0.58287
0.582911
0.582952
0.582993
0.583032
0.583071
0.583108
0.583145
0.583181
0.583217
0.583251
0.583284
0.583316
0.583348
0.583378
0.583407
0.583435
0.583462
0.583488
0.583513
0.583537
0.583559
0.583581
0.583601
0.583621
0.583639
0.583656
0.583671
0.583686
0.583699
0.583711
0.583722
0.583731
0.58374
0.583747
0.583752
0.583757
0.58376
0.583762
0.583762
0.583762
0.58376
0.583757
0.583753
0.583747
0.58374
0.583732
0.583722
0.583711
0.583699
0.583685
0.583671
0.583655
0.583638
0.58362
0.583601
0.58358
0.583559
0.583536
0.583512
0.583486
0.58346
0.583432
0.583404
0.583374
0.583343
0.583312
0.583279
0.583245
0.58321
0.583174
0.583137
0.583099
0.583061
0.583021
0.58298
0.582939
0.582897
0.582854
0.58281
0.582766
0.582721
0.582675
0.582628
0.582581
0.582534
0.582485
0.582436
0.582387
0.582337
0.582287
0.582236
0.582185
0.582133
0.582081
0.582029
0.581976
0.581923
0.58187
0.581816
0.581763
0.581709
0.581655
0.581601
0.581547
0.581493
0.581439
0.581384
0.581331
0.581277
0.581223
0.581169
0.581116
0.581063
0.58101
0.580958
0.580906
0.580854
0.580803
0.580752
0.580701
0.580651
0.580602
0.580553
0.580504
0.580456
0.580409
0.580362
0.580317
0.580271
0.580227
0.580183
0.58014
0.580098
0.580056
0.580016
0.579976
0.579937
0.5799
0.579863
0.579827
0.579792
0.579759
0.579726
0.579695
0.579664
0.579635
0.579607
0.57958
0.579554
0.579529
0.579505
0.579483
0.579462
0.579442
0.579423
0.579406
0.579389
0.579374
0.579361
0.579348
0.579337
0.579327
0.579319
0.579311
0.579306
0.579301
0.579298
0.579296
0.579296
0.579297
0.579299
0.579302
0.579307
0.579313
0.579321
0.579329
0.57934
0.579351
0.579364
0.579378
0.579393
0.579409
0.579427
0.579446
0.579466
0.579488
0.579511
0.579535
0.57956
0.579587
0.579615
0.579644
0.579674
0.579705
0.579737
0.57977
0.579804
0.57984
0.579877
0.579914
0.579953
0.579992
0.580033
0.580074
0.580117
0.58016
0.580204
0.580249
0.580295
0.580341
0.580388
0.580436
0.580485
0.580534
0.580584
0.580634
0.580685
0.580737
0.580789
0.580842
0.580895
0.580948
0.581002
0.581057
0.581111
0.581166
0.581221
0.581277
0.581332
0.581388
0.581444
0.5815
0.581557
0.581613
0.581669
0.581726
0.581782
0.581838
0.581895
0.581951
0.582006
0.582062
0.582117
0.582172
0.582227
0.582281
0.582335
0.582389
0.582442
0.582495
0.582547
0.582599
0.58265
0.582701
0.582751
0.5828
0.582848
0.582896
0.582943
0.58299
0.583035
0.58308
0.583124
0.583167
0.583209
0.58325
0.583291
0.58333
0.583368
0.583405
0.583442
0.583477
0.583511
0.583544
0.583576
0.583607
0.583636
0.583664
0.583692
0.583717
0.583742
0.583765
0.583787
0.583808
0.583828
0.583846
0.583863
0.583879
0.583893
0.583907
0.583918
0.583929
0.583938
0.583945
0.583951
0.583956
0.58396
0.583962
0.583962
0.583962
0.58396
0.583956
0.583951
0.583945
0.583937
0.583928
0.583918
0.583906
0.583892
0.583877
0.583861
0.583844
0.583825
0.583805
0.583784
0.583762
0.583738
0.583713
0.583687
0.583659
0.583631
0.583601
0.58357
0.583537
0.583504
0.58347
0.583434
0.583397
0.583359
0.58332
0.58328
0.583239
0.583197
0.583154
0.58311
0.583064
0.583018
0.582972
0.582924
0.582875
0.582826
0.582776
0.582725
0.582673
0.582621
0.582568
0.582515
0.582461
0.582407
0.582352
0.582296
0.58224
0.582184
0.582127
0.58207
0.582012
0.581955
0.581897
0.581838
0.58178
0.581721
0.581663
0.581604
0.581545
0.581486
0.581427
0.581368
0.58131
0.581251
0.581192
0.581134
0.581076
0.581018
0.58096
0.580903
0.580846
0.58079
0.580734
0.580679
0.580623
0.580569
0.580515
0.580462
0.580409
0.580357
0.580305
0.580254
0.580204
0.580155
0.580106
0.580059
0.580012
0.579966
0.579921
0.579877
0.579834
0.579792
0.579751
0.579711
0.579673
0.579635
0.579598
0.579563
0.579528
0.579495
0.579463
0.579433
0.579403
0.579375
0.579348
0.579322
0.579298
0.579275
0.579253
0.579233
0.579214
0.579197
0.57918
0.579165
0.579152
0.57914
0.57913
0.579121
0.579113
0.579107
0.579102
0.579098
0.579096
0.579096
0.579097
0.579099
0.579103
0.579108
0.579115
0.579123
0.579132
0.579143
0.579156
0.57917
0.579185
0.579202
0.57922
0.579239
0.57926
0.579282
0.579306
0.579331
0.579357
0.579385
0.579414
0.579444
0.579475
0.579508
0.579542
0.579577
0.579614
0.579651
0.57969
0.57973
0.579771
0.579813
0.579856
0.5799
0.579945
0.579991
0.580038
0.580086
0.580135
0.580185
0.580235
0.580286
0.580338
0.580391
0.580445
0.580499
0.580554
0.580609
0.580665
0.580721
0.580778
0.580836
0.580894
0.580953
0.581012
0.581071
0.581131
0.581191
0.581251
0.581312
0.581372
0.581433
0.581494
0.581556
0.581617
0.581678
0.581739
0.5818
0.581861
0.581922
0.581983
0.582043
0.582104
0.582164
0.582223
0.582283
0.582342
0.5824
0.582459
0.582516
0.582573
0.58263
0.582686
0.582742
0.582796
0.582851
0.582904
0.582957
0.583008
0.58306
0.58311
0.583159
0.583208
0.583255
0.583302
0.583348
0.583393
0.583436
0.583479
0.58352
0.583561
0.5836
0.583638
0.583675
0.58371
0.583745
0.583778
0.58381
0.583841
0.58387
0.583898
0.583925
0.583951
0.583975
0.583997
0.584018
0.584038
0.584056
0.584073
0.584089
0.584103
0.584115
0.584126
0.584136
0.584144
0.584151
0.584156
0.584159
0.584161
0.584162
0.584161
0.584159
0.584155
0.584149
0.584143
0.584135
0.584125
0.584114
0.584101
0.584087
0.584071
0.584054
0.584035
0.584015
0.583993
0.58397
0.583945
0.583919
0.583892
0.583863
0.583833
0.583802
0.583769
0.583735
0.5837
0.583663
0.583626
0.583587
0.583547
0.583505
0.583463
0.583419
0.583374
0.583329
0.583282
0.583234
0.583185
0.583136
0.583085
0.583034
0.582981
0.582928
0.582874
0.582819
0.582764
0.582707
0.58265
0.582593
0.582534
0.582475
0.582416
0.582356
0.582295
0.582234
0.582172
0.58211
0.582048
0.581986
0.581923
0.58186
0.581797
0.581733
0.58167
0.581606
0.581542
0.581478
0.581415
0.581351
0.581288
0.581224
0.581161
0.581098
0.581035
0.580972
0.58091
0.580848
0.580787
0.580726
0.580665
0.580605
0.580545
0.580486
0.580428
0.58037
0.580313
0.580257
0.580201
0.580146
0.580092
0.580039
0.579987
0.579935
0.579885
0.579835
0.579787
0.579739
0.579693
0.579647
0.579603
0.57956
0.579518
0.579477
0.579437
0.579399
0.579362
0.579326
0.579292
0.579259
0.579227
0.579196
0.579167
0.57914
0.579114
0.579089
0.579065
0.579044
0.579023
0.579004
0.578987
0.578971
0.578957
0.578944
0.578932
0.578922
0.578914
0.578907
0.578902
0.578898
0.578896
0.578896
0.578897
0.5789
0.578904
0.57891
0.578917
0.578926
0.578936
0.578948
0.578962
0.578977
0.578993
0.579012
0.579031
0.579052
0.579075
0.579099
0.579125
0.579152
0.57918
0.57921
0.579241
0.579274
0.579308
0.579343
0.57938
0.579418
0.579457
0.579497
0.579539
0.579582
0.579626
0.579671
0.579717
0.579765
0.579813
0.579863
0.579913
0.579965
0.580018
0.580071
0.580126
0.580181
0.580238
0.580295
0.580353
0.580411
0.580471
0.580531
0.580592
0.580653
0.580715
0.580777
0.58084
0.580903
0.580967
0.581031
0.581095
0.58116
0.581225
0.581291
0.581356
0.581422
0.581488
0.581554
0.58162
0.581685
0.581751
0.581817
0.581883
0.581949
0.582014
0.58208
0.582145
0.582209
0.582274
0.582338
0.582401
0.582465
0.582527
0.58259
0.582651
0.582713
0.582773
0.582833
0.582892
0.58295
0.583008
0.583064
0.58312
0.583176
0.58323
0.583283
0.583335
0.583386
0.583437
0.583486
0.583534
0.583581
0.583627
0.583671
0.583715
0.583757
0.583798
0.583838
0.583876
0.583914
0.583949
0.583984
0.584017
0.584048
0.584079
0.584107
0.584135
0.584161
0.584185
0.584208
0.584229
0.584249
0.584267
0.584283
0.584298
0.584312
0.584324
0.584334
0.584343
0.58435
0.584355
0.584359
0.584362
0.584362
0.584361
0.584359
0.584355
0.584349
0.584342
0.584332
0.584322
0.584309
0.584295
0.58428
0.584263
0.584244
0.584224
0.584202
0.584179
0.584154
0.584128
0.5841
0.584071
0.58404
0.584008
0.583974
0.583939
0.583902
0.583864
0.583824
0.583784
0.583741
0.583698
0.583653
0.583608
0.583561
0.583513
0.583463
0.583413
0.583362
0.583309
0.583256
0.583201
0.583145
0.583089
0.583031
0.582973
0.582914
0.582854
0.582794
0.582732
0.58267
0.582607
0.582544
0.58248
0.582415
0.58235
0.582284
0.582218
0.582151
0.582084
0.582017
0.58195
0.581882
0.581814
0.581745
0.581677
0.581608
0.58154
0.581471
0.581403
0.581334
0.581266
0.581197
0.581129
0.581062
0.580994
0.580927
0.58086
0.580793
0.580727
0.580661
0.580596
0.580532
0.580468
0.580404
0.580342
0.58028
0.580218
0.580157
0.580097
0.580038
0.57998
0.579923
0.579867
0.579811
0.579757
0.579704
0.579652
0.579601
0.579551
0.579502
0.579454
0.579408
0.579363
0.579319
0.579276
0.579235
0.579195
0.579157
0.57912
0.579084
0.57905
0.579018
0.578987
0.578957
0.578929
0.578902
0.578877
0.578854
0.578832
0.578812
0.578793
0.578776
0.578761
0.578747
0.578734
0.578724
0.578715
0.578708
0.578703
0.578699
0.578697
0.578696
0.578697
0.5787
0.578705
0.578711
0.578719
0.578729
0.57874
0.578753
0.578768
0.578784
0.578802
0.578822
0.578843
0.578866
0.57889
0.578916
0.578943
0.578972
0.579003
0.579035
0.579069
0.579104
0.57914
0.579178
0.579218
0.579258
0.5793
0.579344
0.579389
0.579435
0.579482
0.579531
0.579581
0.579632
0.579684
0.579737
0.579792
0.579847
0.579904
0.579961
0.58002
0.580079
0.58014
0.580201
0.580263
0.580326
0.58039
0.580454
0.580519
0.580585
0.580652
0.580719
0.580786
0.580854
0.580923
0.580991
0.581061
0.58113
0.5812
0.58127
0.58134
0.581411
0.581482
0.581552
0.581623
0.581693
0.581764
0.581835
0.581905
0.581976
0.582046
0.582116
0.582186
0.582255
0.582324
0.582393
0.582461
0.582529
0.582596
0.582663
0.582729
0.582795
0.58286
0.582924
0.582988
0.58305
0.583112
0.583173
0.583233
0.583292
0.58335
0.583407
0.583463
0.583518
0.583572
0.583624
0.583676
0.583726
0.583775
0.583823
0.58387
0.583915
0.583959
0.584002
0.584043
0.584083
0.584121
0.584158
0.584193
0.584227
0.584259
0.58429
0.58432
0.584347
0.584373
0.584398
0.58442
0.584441
0.584461
0.584478
0.584495
0.584509
0.584522
0.584533
0.584542
0.58455
0.584555
0.584559
0.584562
0.584562
0.584561
0.584559
0.584554
0.584548
0.584539
0.58453
0.584518
0.584505
0.58449
0.584473
0.584455
0.584435
0.584413
0.584389
0.584364
0.584337
0.584309
0.584279
0.584248
0.584215
0.584181
0.584144
0.584107
0.584067
0.584026
0.583984
0.583941
0.583896
0.583849
0.583802
0.583753
0.583702
0.583651
0.583598
0.583544
0.583489
0.583433
0.583375
0.583317
0.583257
0.583197
0.583135
0.583073
0.583009
0.582945
0.58288
0.582814
0.582747
0.58268
0.582612
0.582543
0.582474
0.582404
0.582334
0.582263
0.582192
0.58212
0.582048
0.581976
0.581903
0.58183
0.581757
0.581684
0.581611
0.581537
0.581464
0.581391
0.581318
0.581244
0.581171
0.581098
0.581026
0.580954
0.580882
0.58081
0.580739
0.580668
0.580598
0.580528
0.580459
0.58039
0.580322
0.580255
0.580189
0.580123
0.580058
0.579994
0.57993
0.579868
0.579807
0.579747
0.579688
0.57963
0.579573
0.579517
0.579462
0.579409
0.579357
0.579306
0.579256
0.579208
0.579161
0.579116
0.579072
0.579029
0.578988
0.578949
0.57891
0.578874
0.578839
0.578806
0.578774
0.578744
0.578716
0.578689
0.578664
0.578641
0.578619
0.578599
0.578581
0.578564
0.57855
0.578537
0.578525
0.578516
0.578509
0.578503
0.578499
0.578497
0.578496
0.578498
0.578501
0.578506
0.578514
0.578522
0.578533
0.578545
0.578559
0.578574
0.578592
0.578611
0.578632
0.578654
0.578678
0.578704
0.578732
0.578761
0.578793
0.578825
0.57886
0.578896
0.578933
0.578972
0.579013
0.579055
0.579099
0.579144
0.579191
0.579239
0.579288
0.579339
0.579391
0.579444
0.579499
0.579555
0.579612
0.57967
0.579729
0.57979
0.579851
0.579913
0.579977
0.580042
0.580107
0.580173
0.58024
0.580309
0.580377
0.580447
0.580517
0.580588
0.58066
0.580732
0.580805
0.580878
0.580952
0.581026
0.5811
0.581175
0.58125
0.581325
0.5814
0.581475
0.581551
0.581626
0.581702
0.581778
0.581853
0.581928
0.582003
0.582078
0.582153
0.582228
0.582302
0.582376
0.582449
0.582522
0.582594
0.582666
0.582737
0.582808
0.582878
0.582947
0.583016
0.583083
0.58315
0.583216
0.583281
0.583345
0.583408
0.58347
0.583531
0.583591
0.583649
0.583707
0.583763
0.583818
0.583872
0.583924
0.583975
0.584025
0.584073
0.58412
0.584165
0.584209
0.584251
0.584292
0.584332
0.58437
0.584406
0.58444
0.584473
0.584504
0.584533
0.584561
0.584587
0.584611
0.584633
0.584654
0.584673
0.58469
0.584706
0.584719
0.584731
0.584741
0.584749
0.584755
0.58476
0.584762
0.584762
0.584761
0.584758
0.584753
0.584746
0.584737
0.584727
0.584715
0.584701
0.584685
0.584667
0.584647
0.584626
0.584603
0.584578
0.584551
0.584523
0.584492
0.58446
0.584427
0.584391
0.584354
0.584316
0.584275
0.584234
0.58419
0.584145
0.584098
0.58405
0.584001
0.58395
0.583897
0.583844
0.583789
0.583732
0.583674
0.583616
0.583556
0.583495
0.583432
0.583369
0.583304
0.583239
0.583172
0.583104
0.583036
0.582966
0.582896
0.582825
0.582753
0.58268
0.582607
0.582533
0.582459
0.582384
0.582308
0.582232
0.582156
0.582079
0.582002
0.581924
0.581847
0.581769
0.581691
0.581613
0.581535
0.581457
0.581379
0.581301
0.581223
0.581145
0.581067
0.58099
0.580913
0.580836
0.58076
0.580684
0.580609
0.580534
0.580459
0.580386
0.580313
0.58024
0.580169
0.580098
0.580028
0.579958
0.57989
0.579823
0.579757
0.579691
0.579627
0.579564
0.579502
0.579442
0.579382
0.579324
0.579267
0.579211
0.579157
0.579104
0.579053
0.579003
0.578955
0.578908
0.578863
0.578819
0.578777
0.578736
0.578698
0.57866
0.578625
0.578591
0.57856
0.578529
0.578501
0.578474
0.578449
0.578426
0.578405
0.578386
0.578369
0.578353
0.578339
0.578328
0.578318
0.57831
0.578304
0.5783
0.578297
0.578297
0.578299
0.578302
0.578307
0.578315
0.578324
0.578335
0.578348
0.578363
0.578379
0.578398
0.578418
0.578441
0.578465
0.578491
0.578519
0.578548
0.57858
0.578613
0.578648
0.578684
0.578722
0.578762
0.578804
0.578847
0.578893
0.578939
0.578987
0.579037
0.579088
0.57914
0.579194
0.57925
0.579307
0.579365
0.579424
0.579485
0.579547
0.57961
0.579675
0.57974
0.579806
0.579874
0.579943
0.580012
0.580083
0.580155
0.580227
0.5803
0.580374
0.580449
0.580525
0.580601
0.580677
0.580755
0.580832
0.580911
0.580989
0.581069
0.581148
0.581228
0.581308
0.581388
0.581468
0.581549
0.581629
0.58171
0.58179
0.58187
0.581951
0.582031
0.58211
0.58219
0.582269
0.582348
0.582426
0.582504
0.582582
0.582659
0.582735
0.582811
0.582886
0.58296
0.583034
0.583107
0.583179
0.58325
0.58332
0.583389
0.583457
0.583524
0.58359
0.583654
0.583718
0.58378
0.583842
0.583901
0.58396
0.584017
0.584072
0.584127
0.584179
0.584231
0.58428
0.584329
0.584375
0.584421
0.584464
0.584506
0.584546
0.584584
0.584621
0.584656
0.584689
0.58472
0.584749
0.584777
0.584803
0.584827
0.584849
0.584869
0.584887
0.584903
0.584918
0.58493
0.58494
0.584948
0.584955
0.584959
0.584962
0.584962
0.584961
0.584958
0.584952
0.584945
0.584936
0.584924
0.584911
0.584896
0.584879
0.584859
0.584838
0.584815
0.584791
0.584764
0.584736
0.584705
0.584673
0.584639
0.584603
0.584566
0.584526
0.584485
0.584443
0.584398
0.584352
0.584304
0.584255
0.584204
0.584151
0.584097
0.584042
0.583985
0.583926
0.583867
0.583805
0.583743
0.583679
0.583615
0.583548
0.583481
0.583412
0.583342
0.583272
0.5832
0.583127
0.583053
0.582978
0.582903
0.582826
0.582749
0.582671
0.582593
0.582513
0.582434
0.582353
0.582273
0.582192
0.58211
0.582028
0.581946
0.581863
0.58178
0.581697
0.581614
0.581531
0.581448
0.581366
0.581283
0.5812
0.581118
0.581035
0.580953
0.580872
0.58079
0.58071
0.580629
0.580549
0.58047
0.580391
0.580313
0.580235
0.580158
0.580082
0.580007
0.579933
0.57986
0.579787
0.579716
0.579645
0.579576
0.579508
0.579441
0.579375
0.579311
0.579247
0.579185
0.579125
0.579066
0.579008
0.578953
0.578898
0.578845
0.578794
0.578744
0.578696
0.57865
0.578605
0.578562
0.578521
0.578482
0.578445
0.578409
0.578375
0.578343
0.578313
0.578285
0.578258
0.578234
0.578211
0.578191
0.578173
0.578156
0.578142
0.578129
0.578119
0.578111
0.578104
0.5781
0.578098
0.578097
0.578099
0.578103
0.578109
0.578117
0.578126
0.578138
0.578152
0.578168
0.578186
0.578206
0.578227
0.578251
0.578277
0.578304
0.578334
0.578365
0.578398
0.578433
0.57847
0.578509
0.57855
0.578592
0.578636
0.578682
0.57873
0.578779
0.57883
0.578883
0.578937
0.578993
0.57905
0.579109
0.579169
0.579231
0.579294
0.579359
0.579424
0.579491
0.57956
0.579629
0.5797
0.579772
0.579844
0.579918
0.579993
0.580069
0.580146
0.580223
0.580302
0.580381
0.580461
0.580542
0.580623
0.580705
0.580788
0.580871
0.580954
0.581038
0.581123
0.581207
0.581292
0.581377
0.581462
0.581548
0.581633
0.581718
0.581803
0.581888
0.581973
0.582058
0.582143
0.582227
0.582311
0.582394
0.582477
0.58256
0.582642
0.582723
0.582804
0.582884
0.582964
0.583043
0.583121
0.583198
0.583274
0.583349
0.583424
0.583497
0.583569
0.58364
0.58371
0.583778
0.583846
0.583912
0.583976
0.58404
0.584102
0.584162
0.584221
0.584279
0.584335
0.584389
0.584442
0.584493
0.584542
0.58459
0.584636
0.58468
0.584722
0.584763
0.584801
0.584838
0.584873
0.584906
0.584937
0.584967
0.584994
0.585019
0.585042
0.585063
0.585082
0.5851
0.585115
0.585128
0.585139
0.585148
0.585154
0.585159
0.585162
0.585162
0.585161
0.585157
0.585152
0.585144
0.585134
0.585122
0.585108
0.585092
0.585074
0.585054
0.585032
0.585007
0.584981
0.584953
0.584923
0.58489
0.584856
0.58482
0.584782
0.584743
0.584701
0.584657
0.584612
0.584565
0.584516
0.584465
0.584413
0.584359
0.584303
0.584245
0.584186
0.584126
0.584064
0.584
0.583936
0.58387
0.583802
0.583733
0.583663
0.583591
0.583519
0.583445
0.58337
0.583294
0.583217
0.583139
0.58306
0.58298
0.582899
0.582817
0.582735
0.582652
0.582568
0.582484
0.582399
0.582313
0.582227
0.582141
0.582054
0.581967
0.58188
0.581793
0.581705
0.581617
0.581529
0.581441
0.581354
0.581266
0.581179
0.581091
0.581004
0.580918
0.580831
0.580745
0.58066
0.580575
0.58049
0.580406
0.580323
0.58024
0.580158
0.580077
0.579997
0.579917
0.579838
0.579761
0.579684
0.579609
0.579534
0.579461
0.579389
0.579318
0.579248
0.57918
0.579113
0.579047
0.578983
0.578921
0.57886
0.578801
0.578744
0.578688
0.578633
0.578581
0.57853
0.578481
0.578434
0.578389
0.578345
0.578304
0.578264
0.578226
0.578191
0.578157
0.578125
0.578095
0.578067
0.578042
0.578019
0.577997
0.577978
0.57796
0.577945
0.577932
0.577921
0.577912
0.577906
0.577901
0.577899
0.577899
0.5779
0.577904
0.57791
0.577918
0.577929
0.577941
0.577956
0.577973
0.577992
0.578013
0.578036
0.578061
0.578088
0.578117
0.578148
0.578181
0.578217
0.578254
0.578293
0.578334
0.578377
0.578422
0.578469
0.578517
0.578568
0.57862
0.578674
0.578729
0.578787
0.578846
0.578906
0.578969
0.579032
0.579098
0.579164
0.579233
0.579302
0.579373
0.579445
0.579519
0.579593
0.579669
0.579746
0.579824
0.579903
0.579984
0.580065
0.580147
0.58023
0.580313
0.580398
0.580483
0.580569
0.580656
0.580743
0.580831
0.580919
0.581008
0.581097
0.581186
0.581276
0.581366
0.581455
0.581546
0.581636
0.581726
0.581816
0.581906
0.581996
0.582085
0.582175
0.582264
0.582352
0.58244
0.582528
0.582615
0.582702
0.582788
0.582874
0.582958
0.583042
0.583126
0.583208
0.583289
0.58337
0.583449
0.583528
0.583605
0.583681
0.583756
0.58383
0.583902
0.583973
0.584043
0.584111
0.584178
0.584244
0.584307
0.58437
0.58443
0.584489
0.584547
0.584602
0.584656
0.584708
0.584759
0.584807
0.584854
0.584898
0.584941
0.584982
0.585021
0.585057
0.585092
0.585125
0.585156
0.585185
0.585212
0.585236
0.585259
0.585279
0.585297
0.585313
0.585326
0.585338
0.585347
0.585354
0.585359
0.585362
0.585362
0.58536
0.585357
0.58535
0.585342
0.585332
0.585319
0.585304
0.585287
0.585268
0.585247
0.585224
0.585198
0.58517
0.585141
0.585109
0.585075
0.585039
0.585001
0.58496
0.584918
0.584874
0.584828
0.58478
0.58473
0.584678
0.584625
0.584569
0.584512
0.584454
0.584393
0.584331
0.584267
0.584202
0.584135
0.584067
0.583997
0.583926
0.583853
0.583779
0.583703
0.583627
0.583548
0.583469
0.583389
0.583308
0.583225
0.583142
0.583057
0.582972
0.582886
0.582799
0.582711
0.582623
0.582534
0.582444
0.582354
0.582264
0.582173
0.582081
0.58199
0.581897
0.581805
