2890.000000
2886.000000
2874.000000
2857.000000
2835.000000
2807.000000
2776.000000
2741.000000
2704.000000
2664.000000
2621.000000
2578.000000
2534.000000
2488.000000
2439.000000
2391.000000
2344.000000
2297.000000
2249.000000
2200.000000
1160.000000
1060.000000
960.000000
861.000000
762.000000
661.000000
563.000000
463.000000
364.000000
264.000000
166.000000
67.000000
-36.000000
-136.000000
-234.000000
-333.000000
-431.000000
-534.000000
-633.000000
-733.000000
-833.000000
-933.000000
-1034.000000
-1134.000000
-1234.000000
-1334.000000
-1435.000000
-1536.000000
-1638.000000
-1739.000000
-1840.000000
-1941.000000
-2041.000000
-2141.000000
-2241.000000
-2341.000000
-2440.000000
-2540.000000
-2640.000000
-2741.000000
-2841.000000
-2944.000000
-3044.000000
-3144.000000
-3243.000000
-3342.000000
-3442.000000
-3541.000000
-3641.000000
-3741.000000
-3840.000000
-3939.000000
-4038.000000
-4142.000000
-4241.000000
-4339.000000
-4438.000000
-4536.000000
-4635.000000
-4736.000000
-4835.000000
-4935.000000
-5038.000000
-5140.000000
-5240.000000
-5340.000000
-5441.000000
-5541.000000
-5643.000000
-5744.000000
-5845.000000
-5946.000000
-6047.000000
-6147.000000
-6247.000000
-6346.000000
-6446.000000
-6545.000000
-6646.000000
-6746.000000
-6847.000000
-6948.000000
-7047.000000
-7147.000000
-7250.000000
-7349.000000
-7448.000000
-7548.000000
-7647.000000
-7747.000000
-7848.000000
-7946.000000
-8046.000000
-8145.000000
-8250.000000
-8348.000000
-8446.000000
-8545.000000
-8644.000000
-8743.000000
-8844.000000
-8943.000000
-9044.000000
-9142.000000
-9244.000000
-9343.000000
-9446.000000
-9547.000000
-9646.000000
-9749.000000
-9851.000000
-9952.000000
-10053.000000
-10154.000000
-10254.000000
-10353.000000
-10452.000000
-10553.000000
-10652.000000
-10753.000000
-10853.000000
-10954.000000
-11055.000000
-11153.000000
-11254.000000
-11352.000000
-11452.000000
-11555.000000
-11654.000000
-11755.000000
-11854.000000
-11954.000000
-12053.000000
-12152.000000
-12251.000000
-12356.000000
-12454.000000
-12552.000000
-12652.000000
-12751.000000
-12850.000000
-12950.000000
-13049.000000
-13149.000000
-13250.000000
-13350.000000
-13450.000000
-13549.000000
-13650.000000
-13753.000000
-13855.000000
-13957.000000
-14057.000000
-14158.000000
-14260.000000
-14359.000000
-14460.000000
-14559.000000
-14659.000000
-14759.000000
-14859.000000
-14960.000000
-15060.000000
-15161.000000
-15259.000000
-15360.000000
-15460.000000
-15561.000000
-15659.000000
-15758.000000
-15858.000000
-15960.000000
-16060.000000
-16159.000000
-16259.000000
-16358.000000
-16462.000000
-16561.000000
-16659.000000
-16758.000000
-16857.000000
-16956.000000
-17056.000000
-17155.000000
-17256.000000
-17357.000000
-17457.000000
-17557.000000
-17656.000000
-17756.000000
-17857.000000
-17957.000000
-18060.000000
-18161.000000
-18265.000000
-18366.000000
-18466.000000
-18566.000000
-18665.000000
-18765.000000
-18864.000000
-18964.000000
-19065.000000
-19166.000000
-19266.000000
-19366.000000
-19467.000000
-19566.000000
-19666.000000
-19764.000000
-19863.000000
-19963.000000
-20063.000000
-20162.000000
-20262.000000
-20361.000000
-20464.000000
-20568.000000
-20666.000000
-20764.000000
-20863.000000
-20962.000000
-21061.000000
-21162.000000
-21261.000000
-21362.000000
-21462.000000
-21562.000000
-21662.000000
-21762.000000
-21862.000000
-21964.000000
-22064.000000
-22167.000000
-22267.000000
-22368.000000
-22468.000000
-22568.000000
-22671.000000
-22770.000000
-22870.000000
-22971.000000
-23071.000000
-23172.000000
-23272.000000
-23372.000000
-23472.000000
-23572.000000
-23671.000000
-23772.000000
-23871.000000
-23970.000000
-24069.000000
-24170.000000
-24268.000000
-24368.000000
-24467.000000
-24566.000000
-24670.000000
-24768.000000
-24867.000000
-24965.000000
-25069.000000
-25168.000000
-25268.000000
-25367.000000
-25467.000000
-25568.000000
-25669.000000
-25768.000000
-25869.000000
-25969.000000
-26070.000000
-26170.000000
-26272.000000
-26373.000000
-26473.000000
-26574.000000
-26674.000000
-26774.000000
-26873.000000
-26973.000000
-27074.000000
-27173.000000
-27274.000000
-27374.000000
-27474.000000
-27578.000000
-27678.000000
-27778.000000
-27878.000000
-27977.000000
-28076.000000
-28175.000000
-28275.000000
-28373.000000
-28473.000000
-28572.000000
-28671.000000
-28776.000000
-28872.000000
-28972.000000
-29070.000000
-29170.000000
-29270.000000
-29369.000000
-29469.000000
-29570.000000
-29671.000000
-29772.000000
-29870.000000
-29971.000000
-30071.000000
-30172.000000
-30277.000000
-30378.000000
-30479.000000
-30580.000000
-30681.000000
-30780.000000
-30880.000000
-30980.000000
-31078.000000
-31179.000000
-31278.000000
-31380.000000
-31480.000000
-31580.000000
-31681.000000
-31780.000000
-31880.000000
-31980.000000
-32079.000000
-32178.000000
-32277.000000
-32379.000000
-32477.000000
-32576.000000
-32675.000000
-32777.000000
-32882.000000
-32978.000000
-33078.000000
-33176.000000
-33275.000000
-33375.000000
-33474.000000
-33574.000000
-33674.000000
-33774.000000
-33875.000000
-33972.000000
-34073.000000
-34173.000000
-34274.000000
-34376.000000
-34477.000000
-34578.000000
-34678.000000
-34778.000000
-34878.000000
-34977.000000
-35077.000000
-35176.000000
-35277.000000
-35380.000000
-35481.000000
-35582.000000
-35681.000000
-35782.000000
-35881.000000
-35981.000000
-36081.000000
-36180.000000
-36281.000000
-36380.000000
-36481.000000
-36579.000000
-36677.000000
-36778.000000
-36877.000000
-36981.000000
-37079.000000
-37177.000000
-37276.000000
-37376.000000
-37475.000000
-37574.000000
-37674.000000
-37775.000000
-37874.000000
-37976.000000
-38077.000000
-38178.000000
-38279.000000
-38380.000000
-38483.000000
-38583.000000
-38683.000000
-38785.000000
-38885.000000
-38985.000000
-39085.000000
-39186.000000
-39284.000000
-39384.000000
-39484.000000
-39584.000000
-39685.000000
-39784.000000
-39884.000000
-39984.000000
-40083.000000
-40184.000000
-40283.000000
-40383.000000
-40481.000000
-40581.000000
-40681.000000
-40778.000000
-40882.000000
-40983.000000
-41085.000000
-41183.000000
-41282.000000
-41381.000000
-41480.000000
-41581.000000
-41681.000000
-41780.000000
-41881.000000
-41981.000000
-42082.000000
-42181.000000
-42281.000000
-42382.000000
-42482.000000
-42585.000000
-42686.000000
-42787.000000
-42889.000000
-42988.000000
-43089.000000
-43187.000000
-43288.000000
-43386.000000
-43486.000000
-43590.000000
-43691.000000
-43791.000000
-43891.000000
-43991.000000
-44091.000000
-44190.000000
-44289.000000
-44388.000000
-44487.000000
-44587.000000
-44687.000000
-44787.000000
-44884.000000
-44985.000000
-45085.000000
-45186.000000
-45285.000000
-45383.000000
-45482.000000
-45580.000000
-45679.000000
-45778.000000
-45876.000000
-45976.000000
-46078.000000
-46177.000000
-46275.000000
-46372.000000
-46471.000000
-46570.000000
-46669.000000
-46767.000000
-46864.000000
-46961.000000
-47057.000000
-47153.000000
-47249.000000
-47344.000000
-47440.000000
-47537.000000
-47632.000000
-47729.000000
-47823.000000
-47918.000000
-48011.000000
-48249.000000
-48244.000000
-48222.000000
-48181.000000
-48129.000000
-48069.000000
-48008.000000
-47945.000000
-47883.000000
-47819.000000
-47754.000000
-47689.000000
-47624.000000
-47559.000000
-47492.000000
-47426.000000
-47359.000000
-47293.000000
-47226.000000
-47160.000000
-47025.000000
-46816.000000
-46604.000000
-46393.000000
-46181.000000
-45967.000000
-45753.000000
-45540.000000
-45327.000000
-45111.000000
-44891.000000
-44677.000000
-44464.000000
-44252.000000
-44038.000000
-43822.000000
-43606.000000
-43392.000000
-43179.000000
-42966.000000
-42750.000000
-42533.000000
-42319.000000
-42105.000000
-41890.000000
-41675.000000
-41460.000000
-41247.000000
-41040.000000
-40819.000000
-40611.000000
-40403.000000
-40195.000000
-39987.000000
-39777.000000
-39570.000000
-39361.000000
-39152.000000
-38940.000000
-38731.000000
-38520.000000
-38309.000000
-38097.000000
-37884.000000
-37672.000000
-37461.000000
-37249.000000
-37040.000000
-36826.000000
-36616.000000
-36407.000000
-36198.000000
-35991.000000
-35783.000000
-35574.000000
-35365.000000
-35157.000000
-34946.000000
-34737.000000
-34526.000000
-34315.000000
-34104.000000
-33893.000000
-33675.000000
-33463.000000
-33254.000000
-33045.000000
-32837.000000
-32623.000000
-32415.000000
-32206.000000
-32000.000000
-31791.000000
-31580.000000
-31371.000000
-31163.000000
-30953.000000
-30743.000000
-30532.000000
-30322.000000
-30110.000000
-29899.000000
-29686.000000
-29468.000000
-29259.000000
-29051.000000
-28842.000000
-28627.000000
-28417.000000
-28209.000000
-28002.000000
-27794.000000
-27586.000000
-27377.000000
-27166.000000
-26958.000000
-26748.000000
-26538.000000
-26328.000000
-26117.000000
-25905.000000
-25694.000000
-25475.000000
-25265.000000
-25055.000000
-24847.000000
-24639.000000
-24423.000000
-24216.000000
-24007.000000
-23803.000000
-23699.000000
-23683.000000
-23680.000000
-23680.000000
-23684.000000
-23696.000000
-23714.000000
-23738.000000
-23767.000000
-23799.000000
-23832.000000
-23871.000000
-23910.000000
-23951.000000
-23995.000000
-24038.000000
-24084.000000
-24130.000000
-24177.000000
-24222.000000
-24268.000000
-24316.000000
-24363.000000
-25400.000000
-25500.000000
-25602.000000
-25701.000000
-25801.000000
-25900.000000
-26000.000000
-26101.000000
-26203.000000
-26303.000000
-26404.000000
-26505.000000
-26604.000000
-26704.000000
-26804.000000
-26907.000000
-27006.000000
-27106.000000
-27206.000000
-27307.000000
-27407.000000
-27506.000000
-27606.000000
-27706.000000
-27807.000000
-27906.000000
-28006.000000
-28104.000000
-28204.000000
-28304.000000
-28403.000000
-28502.000000
-28602.000000
-28705.000000
-28805.000000
-28903.000000
-29002.000000
-29101.000000
-29200.000000
-29300.000000
-29399.000000
-29499.000000
-29600.000000
-29702.000000
-29802.000000
-29901.000000
-30004.000000
-30101.000000
-30206.000000
-30307.000000
-30408.000000
-30510.000000
-30612.000000
-30711.000000
-30811.000000
-30911.000000
-31010.000000
-31109.000000
-31210.000000
-31309.000000
-31411.000000
-31511.000000
-31610.000000
-31711.000000
-31810.000000
-31910.000000
-32009.000000
-32108.000000
-32207.000000
-32307.000000
-32407.000000
-32507.000000
-32606.000000
-32705.000000
-32808.000000
-32908.000000
-33005.000000
-33104.000000
-33203.000000
-33302.000000
-33403.000000
-33502.000000
-33606.000000
-33705.000000
-33807.000000
-33906.000000
-34006.000000
-34106.000000
-34206.000000
-34309.000000
-34410.000000
-34511.000000
-34613.000000
-34714.000000
-34814.000000
-34913.000000
-35012.000000
-35113.000000
-35212.000000
-35313.000000
-35413.000000
-35513.000000
-35614.000000
-35713.000000
-35813.000000
-35912.000000
-36012.000000
-36111.000000
-36211.000000
-36311.000000
-36411.000000
-36511.000000
-36609.000000
-36711.000000
-36811.000000
-36914.000000
-37013.000000
-37111.000000
-37210.000000
-37309.000000
-37408.000000
-37508.000000
-37608.000000
-37708.000000
-37807.000000
-37909.000000
-38009.000000
-38109.000000
-38210.000000
-38310.000000
-38412.000000
-38513.000000
-38614.000000
-38715.000000
-38817.000000
-38916.000000
-39016.000000
-39116.000000
-39216.000000
-39315.000000
-39416.000000
-39515.000000
-39615.000000
-39719.000000
-39818.000000
-39919.000000
-40018.000000
-40118.000000
-40217.000000
-40317.000000
-40416.000000
-40516.000000
-40616.000000
-40715.000000
-40814.000000
-40913.000000
-41018.000000
-41116.000000
-41214.000000
-41313.000000
-41412.000000
-41510.000000
-41611.000000
-41710.000000
-41811.000000
-41911.000000
-42012.000000
-42112.000000
-42211.000000
-42312.000000
-42412.000000
-42513.000000
-42615.000000
-42716.000000
-42818.000000
-42920.000000
-43019.000000
-43119.000000
-43221.000000
-43321.000000
-43420.000000
-43521.000000
-43621.000000
-43722.000000
-43823.000000
-43922.000000
-44022.000000
-44121.000000
-44220.000000
-44319.000000
-44418.000000
-44519.000000
-44618.000000
-44719.000000
-44817.000000
-44916.000000
-45015.000000
-45121.000000
-45218.000000
-45316.000000
-45415.000000
-45514.000000
-45613.000000
-45713.000000
-45812.000000
-45911.000000
-46010.000000
-46112.000000
-46210.000000
-46309.000000
-46408.000000
-46508.000000
-46608.000000
-46709.000000
-46808.000000
-46907.000000
-47006.000000
-47102.000000
-47198.000000
-47293.000000
-47389.000000
-47484.000000
-47579.000000
-47673.000000
-47769.000000
-47864.000000
-47958.000000
-48052.000000
-48145.000000
-48238.000000
-48332.000000
-48563.000000
-48557.000000
-48533.000000
-48493.000000
-48441.000000
-48382.000000
-48322.000000
-48259.000000
-48197.000000
-48134.000000
-48070.000000
-48006.000000
-47941.000000
-47877.000000
-47811.000000
-47744.000000
-47678.000000
-47611.000000
-47544.000000
-47476.000000
-47341.000000
-47136.000000
-46927.000000
-46715.000000
-46498.000000
-46285.000000
-46072.000000
-45856.000000
-45642.000000
-45428.000000
-45215.000000
-44996.000000
-44782.000000
-44567.000000
-44354.000000
-44140.000000
-43920.000000
-43705.000000
-43491.000000
-43278.000000
-43065.000000
-42849.000000
-42634.000000
-42417.000000
-42202.000000
-41989.000000
-41772.000000
-41558.000000
-41347.000000
-41140.000000
-40925.000000
-40715.000000
-40506.000000
-40298.000000
-40090.000000
-39882.000000
-39673.000000
-39463.000000
-39256.000000
-39046.000000
-38832.000000
-38621.000000
-38410.000000
-38199.000000
-37987.000000
-37774.000000
-37562.000000
-37353.000000
-37143.000000
-36937.000000
-36721.000000
-36512.000000
-36302.000000
-36095.000000
-35886.000000
-35677.000000
-35469.000000
-35261.000000
-35052.000000
-34842.000000
-34627.000000
-34417.000000
-34205.000000
-33995.000000
-33782.000000
-33568.000000
-33359.000000
-33151.000000
-32941.000000
-32727.000000
-32517.000000
-32308.000000
-32101.000000
-31893.000000
-31685.000000
-31475.000000
-31266.000000
-31057.000000
-30847.000000
-30638.000000
-30427.000000
-30217.000000
-30000.000000
-29789.000000
-29574.000000
-29364.000000
-29154.000000
-28946.000000
-28738.000000
-28522.000000
-28314.000000
-28106.000000
-27900.000000
-27691.000000
-27480.000000
-27271.000000
-27063.000000
-26854.000000
-26643.000000
-26432.000000
-26222.000000
-26011.000000
-25799.000000
-25582.000000
-25370.000000
-25159.000000
-24951.000000
-24742.000000
-24527.000000
-24318.000000
-24111.000000
-24008.000000
-23994.000000
-23992.000000
-23992.000000
-23996.000000
-24007.000000
-24025.000000
-24050.000000
-24078.000000
-24110.000000
-24145.000000
-24183.000000
-24222.000000
-24262.000000
-24306.000000
-24349.000000
-24394.000000
-24440.000000
-24486.000000
-24533.000000
-24580.000000
-24633.000000
-24679.000000
-25715.000000
-25815.000000
-25915.000000
-26014.000000
-26116.000000
-26218.000000
-26318.000000
-26418.000000
-26523.000000
-26622.000000
-26721.000000
-26820.000000
-26921.000000
-27020.000000
-27120.000000
-27220.000000
-27321.000000
-27421.000000
-27520.000000
-27620.000000
-27720.000000
-27819.000000
-27918.000000
-28019.000000
-28117.000000
-28218.000000
-28317.000000
-28416.000000
-28515.000000
-28614.000000
-28719.000000
-28818.000000
-28916.000000
-29015.000000
-29114.000000
-29213.000000
-29313.000000
-29412.000000
-29516.000000
-29616.000000
-29718.000000
-29817.000000
-29917.000000
-30017.000000
-30117.000000
-30219.000000
-30321.000000
-30422.000000
-30523.000000
-30625.000000
-30725.000000
-30824.000000
-30924.000000
-31024.000000
-31123.000000
-31224.000000
-31323.000000
-31424.000000
-31525.000000
-31624.000000
-31724.000000
-31824.000000
-31923.000000
-32022.000000
-32122.000000
-32220.000000
-32321.000000
-32425.000000
-32523.000000
-32622.000000
-32721.000000
-32826.000000
-32924.000000
-33022.000000
-33121.000000
-33219.000000
-33319.000000
-33420.000000
-33519.000000
-33620.000000
-33719.000000
-33820.000000
-33919.000000
-34019.000000
-34120.000000
-34219.000000
-34322.000000
-34424.000000
-34525.000000
-34626.000000
-34728.000000
-34827.000000
-34927.000000
-35026.000000
-35126.000000
-35225.000000
-35327.000000
-35430.000000
-35531.000000
-35631.000000
-35730.000000
-35830.000000
-35929.000000
-36028.000000
-36128.000000
-36227.000000
-36327.000000
-36427.000000
-36527.000000
-36626.000000
-36725.000000
-36824.000000
-36929.000000
-37027.000000
-37125.000000
-37225.000000
-37324.000000
-37423.000000
-37523.000000
-37622.000000
-37723.000000
-37821.000000
-37923.000000
-38022.000000
-38122.000000
-38223.000000
-38323.000000
-38425.000000
-38530.000000
-38631.000000
-38732.000000
-38833.000000
-38932.000000
-39032.000000
-39132.000000
-39232.000000
-39331.000000
-39431.000000
-39532.000000
-39633.000000
-39733.000000
-39832.000000
-39933.000000
-40033.000000
-40133.000000
-40231.000000
-40330.000000
-40429.000000
-40529.000000
-40629.000000
-40727.000000
-40827.000000
-40926.000000
-41031.000000
-41129.000000
-41227.000000
-41326.000000
-41425.000000
-41524.000000
-41628.000000
-41727.000000
-41828.000000
-41928.000000
-42029.000000
-42128.000000
-42228.000000
-42329.000000
-42428.000000
-42530.000000
-42632.000000
-42733.000000
-42834.000000
-42936.000000
-43036.000000
-43136.000000
-43235.000000
-43334.000000
-43434.000000
-43534.000000
-43635.000000
-43736.000000
-43836.000000
-43936.000000
-44036.000000
-44135.000000
-44235.000000
-44334.000000
-44432.000000
-44532.000000
-44632.000000
-44732.000000
-44834.000000
-44933.000000
-45032.000000
-45136.000000
-45235.000000
-45333.000000
-45432.000000
-45531.000000
-45630.000000
-45730.000000
-45830.000000
-45930.000000
-46029.000000
-46128.000000
-46227.000000
-46325.000000
-46425.000000
-46524.000000
-46625.000000
-46727.000000
-46825.000000
-46925.000000
-47024.000000
-47121.000000
-47218.000000
-47313.000000
-47411.000000
-47506.000000
-47602.000000
-47698.000000
-47793.000000
-47888.000000
-47985.000000
-48079.000000
-48173.000000
-48266.000000
-48360.000000
-48452.000000
-48543.000000
-48773.000000
-48769.000000
-48746.000000
-48707.000000
-48654.000000
-48596.000000
-48536.000000
-48475.000000
-48414.000000
-48352.000000
-48288.000000
-48226.000000
-48162.000000
-48098.000000
-48032.000000
-47962.000000
-47901.000000
-47830.000000
-47762.000000
-47695.000000
-47563.000000
-47357.000000
-47151.000000
-46940.000000
-46726.000000
-46509.000000
-46291.000000
-46078.000000
-45863.000000
-45649.000000
-45435.000000
-45222.000000
-45004.000000
-44790.000000
-44575.000000
-44361.000000
-44148.000000
-43934.000000
-43719.000000
-43504.000000
-43290.000000
-43077.000000
-42862.000000
-42646.000000
-42429.000000
-42214.000000
-42001.000000
-41784.000000
-41570.000000
-41351.000000
-41141.000000
-40927.000000
-40717.000000
-40508.000000
-40300.000000
-40092.000000
-39883.000000
-39674.000000
-39465.000000
-39257.000000
-39048.000000
-38838.000000
-38628.000000
-38416.000000
-38205.000000
-37993.000000
-37780.000000
-37565.000000
-37354.000000
-37145.000000
-36938.000000
-36723.000000
-36514.000000
-36304.000000
-36097.000000
-35888.000000
-35679.000000
-35470.000000
-35263.000000
-35054.000000
-34844.000000
-34632.000000
-34423.000000
-34211.000000
-34000.000000
-33784.000000
-33570.000000
-33360.000000
-33152.000000
-32943.000000
-32729.000000
-32519.000000
-32310.000000
-32102.000000
-31894.000000
-31687.000000
-31478.000000
-31268.000000
-31059.000000
-30849.000000
-30640.000000
-30429.000000
-30218.000000
-30007.000000
-29791.000000
-29576.000000
-29366.000000
-29156.000000
-28948.000000
-28740.000000
-28523.000000
-28314.000000
-28106.000000
-27899.000000
-27691.000000
-27482.000000
-27274.000000
-27065.000000
-26855.000000
-26645.000000
-26434.000000
-26224.000000
-26012.000000
-25801.000000
-25584.000000
-25372.000000
-25161.000000
-24953.000000
-24744.000000
-24530.000000
-24322.000000
-24219.000000
-24205.000000
-24202.000000
-24202.000000
-24206.000000
-24218.000000
-24236.000000
-24259.000000
-24289.000000
-24321.000000
-24354.000000
-24392.000000
-24431.000000
-24473.000000
-24516.000000
-24560.000000
-24609.000000
-24656.000000
-24703.000000
-24748.000000
-24794.000000
-24842.000000
-24889.000000
-25928.000000
-26028.000000
-26130.000000
-26232.000000
-26332.000000
-26433.000000
-26534.000000
-26633.000000
-26732.000000
-26832.000000
-26931.000000
-27030.000000
-27131.000000
-27230.000000
-27331.000000
-27431.000000
-27530.000000
-27630.000000
-27730.000000
-27829.000000
-27931.000000
-28032.000000
-28129.000000
-28230.000000
-28330.000000
-28429.000000
-28529.000000
-28628.000000
-28733.000000
-28831.000000
-28930.000000
-29029.000000
-29127.000000
-29227.000000
-29327.000000
-29426.000000
-29527.000000
-29626.000000
-29728.000000
-29827.000000
-29927.000000
-30027.000000
-30127.000000
-30229.000000
-30330.000000
-30432.000000
-30533.000000
-30634.000000
-30734.000000
-30834.000000
-30934.000000
-31037.000000
-31136.000000
-31236.000000
-31337.000000
-31437.000000
-31538.000000
-31638.000000
-31737.000000
-31837.000000
-31937.000000
-32035.000000
-32134.000000
-32234.000000
-32334.000000
-32434.000000
-32532.000000
-32632.000000
-32731.000000
-32836.000000
-32934.000000
-33032.000000
-33131.000000
-33230.000000
-33330.000000
-33430.000000
-33529.000000
-33630.000000
-33730.000000
-33830.000000
-33929.000000
-34032.000000
-34133.000000
-34233.000000
-34335.000000
-34437.000000
-34538.000000
-34639.000000
-34741.000000
-34840.000000
-34939.000000
-35039.000000
-35138.000000
-35239.000000
-35339.000000
-35440.000000
-35541.000000
-35641.000000
-35740.000000
-35840.000000
-35939.000000
-36039.000000
-36138.000000
-36237.000000
-36337.000000
-36441.000000
-36537.000000
-36638.000000
-36738.000000
-36837.000000
-36942.000000
-37040.000000
-37138.000000
-37238.000000
-37337.000000
-37435.000000
-37536.000000
-37635.000000
-37736.000000
-37835.000000
-37936.000000
-38036.000000
-38135.000000
-38237.000000
-38338.000000
-38438.000000
-38540.000000
-38640.000000
-38741.000000
-38843.000000
-38942.000000
-39042.000000
-39142.000000
-39241.000000
-39341.000000
-39445.000000
-39545.000000
-39646.000000
-39745.000000
-39845.000000
-39946.000000
-40045.000000
-40146.000000
-40244.000000
-40343.000000
-40443.000000
-40542.000000
-40641.000000
-40740.000000
-40840.000000
-40939.000000
-41044.000000
-41142.000000
-41240.000000
-41340.000000
-41439.000000
-41537.000000
-41637.000000
-41737.000000
-41838.000000
-41938.000000
-42039.000000
-42139.000000
-42242.000000
-42342.000000
-42443.000000
-42544.000000
-42645.000000
-42746.000000
-42848.000000
-42948.000000
-43049.000000
-43148.000000
-43248.000000
-43347.000000
-43447.000000
-43547.000000
-43648.000000
-43749.000000
-43848.000000
-43949.000000
-44049.000000
-44149.000000
-44249.000000
-44347.000000
-44445.000000
-44545.000000
-44645.000000
-44744.000000
-44844.000000
-44943.000000
-45042.000000
-45146.000000
-45247.000000
-45345.000000
-45443.000000
-45543.000000
-45641.000000
-45741.000000
-45840.000000
-45941.000000
-46041.000000
-46141.000000
-46240.000000
-46340.000000
-46439.000000
-46540.000000
-46640.000000
-46741.000000
-46841.000000
-46941.000000
-47041.000000
-47139.000000
-47238.000000
-47335.000000
-47432.000000
-47529.000000
-47626.000000
-47723.000000
-47819.000000
-47915.000000
-48012.000000
-48105.000000
-48199.000000
-48292.000000
-48386.000000
-48479.000000
-48572.000000
-48663.000000
-48756.000000
-48985.000000
-48979.000000
-48958.000000
-48918.000000
-48867.000000
-48808.000000
-48748.000000
-48686.000000
-48624.000000
-48558.000000
-48499.000000
-48432.000000
-48369.000000
-48303.000000
-48239.000000
-48173.000000
-48107.000000
-48040.000000
-47973.000000
-47907.000000
-47774.000000
-47567.000000
-47358.000000
-47150.000000
-46932.000000
-46717.000000
-46500.000000
-46288.000000
-46075.000000
-45860.000000
-45646.000000
-45434.000000
-45221.000000
-45002.000000
-44788.000000
-44573.000000
-44361.000000
-44148.000000
-43933.000000
-43718.000000
-43503.000000
-43289.000000
-43075.000000
-42860.000000
-42643.000000
-42422.000000
-42207.000000
-41994.000000
-41777.000000
-41563.000000
-41354.000000
-41147.000000
-40932.000000
-40722.000000
-40513.000000
-40305.000000
-40097.000000
-39889.000000
-39680.000000
-39470.000000
-39262.000000
-39053.000000
-38843.000000
-38632.000000
-38421.000000
-38206.000000
-37994.000000
-37780.000000
-37570.000000
-37359.000000
-37150.000000
-36943.000000
-36728.000000
-36519.000000
-36309.000000
-36100.000000
-35893.000000
-35683.000000
-35474.000000
-35266.000000
-35059.000000
-34848.000000
-34638.000000
-34428.000000
-34216.000000
-34006.000000
-33794.000000
-33575.000000
-33365.000000
-33156.000000
-32948.000000
-32733.000000
-32524.000000
-32315.000000
-32099.000000
-31899.000000
-31692.000000
-31482.000000
-31273.000000
-31064.000000
-30854.000000
-30644.000000
-30434.000000
-30223.000000
-30012.000000
-29800.000000
-29586.000000
-29375.000000
-29166.000000
-28953.000000
-28744.000000
-28528.000000
-28319.000000
-28111.000000
-27904.000000
-27695.000000
-27486.000000
-27279.000000
-27070.000000
-26860.000000
-26649.000000
-26439.000000
-26230.000000
-26017.000000
-25807.000000
-25593.000000
-25382.000000
-25171.000000
-24961.000000
-24753.000000
-24536.000000
-24431.000000
-24416.000000
-24414.000000
-24414.000000
-24417.000000
-24429.000000
-24447.000000
-24470.000000
-24499.000000
-24530.000000
-24565.000000
-24605.000000
-24648.000000
-24689.000000
-24731.000000
-24774.000000
-24820.000000
-24865.000000
-24912.000000
-24958.000000
-25004.000000
-25053.000000
-25102.000000
-26142.000000
-26247.000000
-26348.000000
-26448.000000
-26550.000000
-26648.000000
-26748.000000
-26847.000000
-26946.000000
-27046.000000
-27145.000000
-27246.000000
-27346.000000
-27446.000000
-27545.000000
-27645.000000
-27745.000000
-27845.000000
-27944.000000
-28043.000000
-28142.000000
-28242.000000
-28342.000000
-28441.000000
-28541.000000
-28640.000000
-28746.000000
-28843.000000
-28941.000000
-29040.000000
-29139.000000
-29238.000000
-29338.000000
-29438.000000
-29538.000000
-29639.000000
-29739.000000
-29839.000000
-29938.000000
-30042.000000
-30142.000000
-30243.000000
-30345.000000
-30447.000000
-30548.000000
-30650.000000
-30749.000000
-30849.000000
-30949.000000
-31048.000000
-31148.000000
-31248.000000
-31349.000000
-31450.000000
-31550.000000
-31650.000000
-31750.000000
-31849.000000
-31949.000000
-32047.000000
-32146.000000
-32246.000000
-32346.000000
-32446.000000
-32544.000000
-32644.000000
-32743.000000
-32848.000000
-32946.000000
-33044.000000
-33143.000000
-33242.000000
-33342.000000
-33442.000000
-33542.000000
-33642.000000
-33742.000000
-33842.000000
-33941.000000
-34041.000000
-34145.000000
-34246.000000
-34347.000000
-34449.000000
-34550.000000
-34651.000000
-34752.000000
-34852.000000
-34951.000000
-35050.000000
-35150.000000
-35250.000000
-35351.000000
-35452.000000
-35553.000000
-35652.000000
-35752.000000
-35852.000000
-35952.000000
-36052.000000
-36150.000000
-36250.000000
-36350.000000
-36450.000000
-36548.000000
-36647.000000
-36747.000000
-36846.000000
-36950.000000
-37049.000000
-37147.000000
-37247.000000
-37346.000000
-37444.000000
-37545.000000
-37647.000000
-37748.000000
-37848.000000
-37948.000000
-38048.000000
-38149.000000
-38249.000000
-38349.000000
-38451.000000
-38552.000000
-38653.000000
-38754.000000
-38854.000000
-38955.000000
-39054.000000
-39154.000000
-39253.000000
-39354.000000
-39454.000000
-39554.000000
-39655.000000
-39754.000000
-39855.000000
-39955.000000
-40055.000000
-40155.000000
-40253.000000
-40353.000000
-40451.000000
-40551.000000
-40650.000000
-40749.000000
-40849.000000
-40949.000000
-41053.000000
-41153.000000
-41252.000000
-41351.000000
-41451.000000
-41549.000000
-41649.000000
-41749.000000
-41850.000000
-41951.000000
-42052.000000
-42151.000000
-42251.000000
-42351.000000
-42451.000000
-42552.000000
-42655.000000
-42756.000000
-42857.000000
-42957.000000
-43057.000000
-43157.000000
-43256.000000
-43355.000000
-43456.000000
-43556.000000
-43657.000000
-43758.000000
-43857.000000
-43957.000000
-44058.000000
-44157.000000
-44257.000000
-44355.000000
-44454.000000
-44554.000000
-44654.000000
-44753.000000
-44853.000000
-44955.000000
-45051.000000
-45158.000000
-45255.000000
-45354.000000
-45452.000000
-45553.000000
-45652.000000
-45752.000000
-45852.000000
-45952.000000
-46053.000000
-46154.000000
-46252.000000
-46353.000000
-46452.000000
-46553.000000
-46653.000000
-46754.000000
-46854.000000
-46953.000000
-47052.000000
-47151.000000
-47250.000000
-47347.000000
-47445.000000
-47543.000000
-47640.000000
-47738.000000
-47835.000000
-47931.000000
-48025.000000
-48118.000000
-48212.000000
-48304.000000
-48401.000000
-48495.000000
-48587.000000
-48680.000000
-48773.000000
-48865.000000
-49092.000000
-49087.000000
-49065.000000
-49026.000000
-48975.000000
-48916.000000
-48857.000000
-48795.000000
-48735.000000
-48672.000000
-48609.000000
-48546.000000
-48482.000000
-48418.000000
-48354.000000
-48288.000000
-48223.000000
-48156.000000
-48090.000000
-48022.000000
-47888.000000
-47682.000000
-47473.000000
-47265.000000
-47052.000000
-46837.000000
-46621.000000
-46407.000000
-46194.000000
-45976.000000
-45761.000000
-45547.000000
-45334.000000
-45122.000000
-44901.000000
-44687.000000
-44473.000000
-44260.000000
-44046.000000
-43831.000000
-43615.000000
-43401.000000
-43188.000000
-42974.000000
-42758.000000
-42541.000000
-42327.000000
-42113.000000
-41898.000000
-41678.000000
-41464.000000
-41254.000000
-41046.000000
-40831.000000
-40622.000000
-40412.000000
-40205.000000
-39996.000000
-39787.000000
-39579.000000
-39371.000000
-39162.000000
-38952.000000
-38741.000000
-38531.000000
-38319.000000
-38109.000000
-37896.000000
-37683.000000
-37468.000000
-37258.000000
-37051.000000
-36836.000000
-36626.000000
-36417.000000
-36209.000000
-36000.000000
-35793.000000
-35583.000000
-35374.000000
-35166.000000
-34958.000000
-34747.000000
-34537.000000
-34326.000000
-34117.000000
-33904.000000
-33685.000000
-33474.000000
-33265.000000
-33056.000000
-32848.000000
-32633.000000
-32425.000000
-32215.000000
-32009.000000
-31801.000000
-31590.000000
-31382.000000
-31173.000000
-30964.000000
-30753.000000
-30542.000000
-30333.000000
-30121.000000
-29910.000000
-29692.000000
-29484.000000
-29270.000000
-29061.000000
-28852.000000
-28637.000000
-28427.000000
-28219.000000
-28011.000000
-27804.000000
-27596.000000
-27388.000000
-27177.000000
-26969.000000
-26759.000000
-26550.000000
-26339.000000
-26127.000000
-25916.000000
-25704.000000
-25491.000000
-25280.000000
-25071.000000
-24861.000000
-24654.000000
-24539.000000
-24523.000000
-24521.000000
-24521.000000
-24524.000000
-24536.000000
-24554.000000
-24578.000000
-24609.000000
-24643.000000
-24677.000000
-24714.000000
-24754.000000
-24795.000000
-24838.000000
-24882.000000
-24928.000000
-24972.000000
-25018.000000
-25065.000000
-25112.000000
-25160.000000
-25207.000000
-26253.000000
-26354.000000
-26454.000000
-26555.000000
-26654.000000
-26754.000000
-26853.000000
-26952.000000
-27051.000000
-27154.000000
-27254.000000
-27355.000000
-27455.000000
-27554.000000
-27654.000000
-27754.000000
-27854.000000
-27952.000000
-28052.000000
-28151.000000
-28251.000000
-28351.000000
-28449.000000
-28549.000000
-28648.000000
-28754.000000
-28851.000000
-28950.000000
-29049.000000
-29148.000000
-29247.000000
-29346.000000
-29446.000000
-29547.000000
-29647.000000
-29747.000000
-29847.000000
-29947.000000
-30048.000000
-30149.000000
-30249.000000
-30351.000000
-30452.000000
-30553.000000
-30657.000000
-30757.000000
-30857.000000
-30956.000000
-31055.000000
-31156.000000
-31256.000000
-31357.000000
-31458.000000
-31557.000000
-31658.000000
-31757.000000
-31857.000000
-31957.000000
-32054.000000
-32154.000000
-32254.000000
-32354.000000
-32452.000000
-32552.000000
-32652.000000
-32750.000000
-32855.000000
-32953.000000
-33051.000000
-33151.000000
-33250.000000
-33350.000000
-33450.000000
-33549.000000
-33650.000000
-33750.000000
-33851.000000
-33953.000000
-34054.000000
-34153.000000
-34255.000000
-34356.000000
-34457.000000
-34559.000000
-34659.000000
-34759.000000
-34860.000000
-34959.000000
-35059.000000
-35158.000000
-35259.000000
-35359.000000
-35460.000000
-35561.000000
-35660.000000
-35761.000000
-35860.000000
-35960.000000
-36061.000000
-36159.000000
-36258.000000
-36358.000000
-36458.000000
-36557.000000
-36655.000000
-36755.000000
-36854.000000
-36958.000000
-37057.000000
-37155.000000
-37257.000000
-37354.000000
-37456.000000
-37556.000000
-37656.000000
-37756.000000
-37856.000000
-37957.000000
-38056.000000
-38157.000000
-38257.000000
-38358.000000
-38459.000000
-38561.000000
-38662.000000
-38763.000000
-38863.000000
-38964.000000
-39063.000000
-39162.000000
-39261.000000
-39362.000000
-39462.000000
-39563.000000
-39663.000000
-39762.000000
-39863.000000
-39963.000000
-40063.000000
-40163.000000
-40262.000000
-40361.000000
-40460.000000
-40561.000000
-40659.000000
-40761.000000
-40861.000000
-40960.000000
-41064.000000
-41162.000000
-41260.000000
-41359.000000
-41459.000000
-41558.000000
-41658.000000
-41757.000000
-41858.000000
-41959.000000
-42060.000000
-42159.000000
-42259.000000
-42360.000000
-42460.000000
-42563.000000
-42664.000000
-42764.000000
-42866.000000
-42966.000000
-43066.000000
-43165.000000
-43265.000000
-43364.000000
-43464.000000
-43564.000000
-43665.000000
-43766.000000
-43866.000000
-43966.000000
-44066.000000
-44165.000000
-44266.000000
-44364.000000
-44466.000000
-44566.000000
-44666.000000
-44766.000000
-44865.000000
-44964.000000
-45063.000000
-45167.000000
-45264.000000
-45362.000000
-45461.000000
-45561.000000
-45661.000000
-45761.000000
-45860.000000
-45961.000000
-46062.000000
-46162.000000
-46260.000000
-46361.000000
-46461.000000
-46561.000000
-46662.000000
-46763.000000
-46862.000000
-46963.000000
-47062.000000
-47161.000000
-47260.000000
-47358.000000
-47456.000000
-47555.000000
-47653.000000
-47755.000000
-47852.000000
-47948.000000
-48044.000000
-48140.000000
-48234.000000
-48329.000000
-48421.000000
-48513.000000
-48608.000000
-48702.000000
-48794.000000
-48887.000000
-48978.000000
-49070.000000
-49302.000000
-49295.000000
-49273.000000
-49233.000000
-49178.000000
-49117.000000
-49057.000000
-48995.000000
-48934.000000
-48872.000000
-48808.000000
-48746.000000
-48681.000000
-48616.000000
-48551.000000
-48486.000000
-48420.000000
-48354.000000
-48287.000000
-48221.000000
-48085.000000
-47880.000000
-47670.000000
-47460.000000
-47248.000000
-47036.000000
-46819.000000
-46602.000000
-46388.000000
-46176.000000
-45962.000000
-45746.000000
-45531.000000
-45317.000000
-45103.000000
-44882.000000
-44668.000000
-44452.000000
-44239.000000
-44024.000000
-43808.000000
-43591.000000
-43377.000000
-43159.000000
-42945.000000
-42728.000000
-42516.000000
-42306.000000
-42093.000000
-41879.000000
-41669.000000
-41459.000000
-41250.000000
-41042.000000
-40827.000000
-40618.000000
-40408.000000
-40200.000000
-39992.000000
-39783.000000
-39573.000000
-39365.000000
-39158.000000
-38948.000000
-38733.000000
-38523.000000
-38311.000000
-38099.000000
-37887.000000
-37674.000000
-37464.000000
-37254.000000
-37046.000000
-36832.000000
-36621.000000
-36412.000000
-36204.000000
-35997.000000
-35788.000000
-35578.000000
-35369.000000
-35161.000000
-34954.000000
-34744.000000
-34533.000000
-34322.000000
-34113.000000
-33895.000000
-33682.000000
-33470.000000
-33260.000000
-33052.000000
-32844.000000
-32629.000000
-32420.000000
-32210.000000
-32003.000000
-31795.000000
-31586.000000
-31377.000000
-31169.000000
-30960.000000
-30749.000000
-30538.000000
-30329.000000
-30117.000000
-29906.000000
-29689.000000
-29475.000000
-29266.000000
-29057.000000
-28849.000000
-28633.000000
-28422.000000
-28214.000000
-28007.000000
-27799.000000
-27591.000000
-27383.000000
-27173.000000
-26965.000000
-26755.000000
-26546.000000
-26335.000000
-26123.000000
-25912.000000
-25700.000000
-25487.000000
-25271.000000
-25062.000000
-24854.000000
-24748.000000
-24733.000000
-24731.000000
-24731.000000
-24735.000000
-24747.000000
-24765.000000
-24788.000000
-24817.000000
-24849.000000
-24883.000000
-24921.000000
-24961.000000
-25002.000000
-25047.000000
-25089.000000
-25135.000000
-25180.000000
-25226.000000
-25274.000000
-25321.000000
-25368.000000
-25416.000000
-26463.000000
-26564.000000
-26664.000000
-26763.000000
-26862.000000
-26961.000000
-27061.000000
-27160.000000
-27261.000000
-27361.000000
-27460.000000
-27560.000000
-27661.000000
-27761.000000
-27861.000000
-27959.000000
-28058.000000
-28161.000000
-28258.000000
-28359.000000
-28458.000000
-28558.000000
-28657.000000
-28762.000000
-28860.000000
-28959.000000
-29057.000000
-29157.000000
-29256.000000
-29355.000000
-29456.000000
-29556.000000
-29656.000000
-29757.000000
-29856.000000
-29957.000000
-30057.000000
-30158.000000
-30259.000000
-30360.000000
-30462.000000
-30562.000000
-30663.000000
-30763.000000
-30863.000000
-30962.000000
-31062.000000
-31165.000000
-31265.000000
-31366.000000
-31467.000000
-31566.000000
-31667.000000
-31766.000000
-31866.000000
-31966.000000
-32064.000000
-32164.000000
-32262.000000
-32364.000000
-32462.000000
-32562.000000
-32661.000000
-32760.000000
-32864.000000
-32961.000000
-33060.000000
-33159.000000
-33259.000000
-33359.000000
-33459.000000
-33558.000000
-33659.000000
-33759.000000
-33860.000000
-33958.000000
-34059.000000
-34162.000000
-34263.000000
-34365.000000
-34467.000000
-34568.000000
-34668.000000
-34769.000000
-34868.000000
-34968.000000
-35067.000000
-35166.000000
-35268.000000
-35368.000000
-35469.000000
-35570.000000
-35669.000000
-35769.000000
-35869.000000
-35968.000000
-36069.000000
-36167.000000
-36267.000000
-36366.000000
-36467.000000
-36566.000000
-36665.000000
-36764.000000
-36863.000000
-36970.000000
-37067.000000
-37166.000000
-37265.000000
-37366.000000
-37465.000000
-37564.000000
-37664.000000
-37764.000000
-37864.000000
-37966.000000
-38065.000000
-38166.000000
-38266.000000
-38367.000000
-38469.000000
-38570.000000
-38671.000000
-38771.000000
-38872.000000
-38972.000000
-39071.000000
-39172.000000
-39270.000000
-39370.000000
-39470.000000
-39571.000000
-39672.000000
-39771.000000
-39875.000000
-39975.000000
-40074.000000
-40175.000000
-40274.000000
-40374.000000
-40473.000000
-40573.000000
-40672.000000
-40770.000000
-40870.000000
-40969.000000
-41074.000000
-41171.000000
-41269.000000
-41368.000000
-41468.000000
-41567.000000
-41667.000000
-41767.000000
-41868.000000
-41968.000000
-42069.000000
-42168.000000
-42268.000000
-42369.000000
-42473.000000
-42575.000000
-42676.000000
-42777.000000
-42878.000000
-42978.000000
-43079.000000
-43178.000000
-43278.000000
-43376.000000
-43476.000000
-43577.000000
-43677.000000
-43778.000000
-43878.000000
-43978.000000
-44078.000000
-44177.000000
-44278.000000
-44376.000000
-44476.000000
-44575.000000
-44675.000000
-44775.000000
-44873.000000
-44974.000000
-45073.000000
-45176.000000
-45273.000000
-45371.000000
-45473.000000
-45573.000000
-45672.000000
-45773.000000
-45873.000000
-45973.000000
-46074.000000
-46174.000000
-46274.000000
-46373.000000
-46473.000000
-46574.000000
-46676.000000
-46776.000000
-46876.000000
-46977.000000
-47075.000000
-47174.000000
-47272.000000
-47371.000000
-47468.000000
-47567.000000
-47664.000000
-47763.000000
-47860.000000
-47955.000000
-48050.000000
-48145.000000
-48239.000000
-48332.000000
-48425.000000
-48520.000000
-48614.000000
-48707.000000
-48800.000000
-48893.000000
-48984.000000
-49218.000000
-49212.000000
-49188.000000
-49146.000000
-49094.000000
-49035.000000
-48975.000000
-48913.000000
-48852.000000
-48789.000000
-48727.000000
-48663.000000
-48599.000000
-48535.000000
-48470.000000
-48405.000000
-48336.000000
-48273.000000
-48207.000000
-48136.000000
-48004.000000
-47798.000000
-47588.000000
-47378.000000
-47165.000000
-46951.000000
-46735.000000
-46519.000000
-46302.000000
-46090.000000
-45874.000000
-45659.000000
-45445.000000
-45233.000000
-45015.000000
-44799.000000
-44583.000000
-44369.000000
-44153.000000
-43938.000000
-43722.000000
-43506.000000
-43293.000000
-43079.000000
-42863.000000
-42647.000000
-42436.000000
-42224.000000
-42011.000000
-41799.000000
-41584.000000
-41374.000000
-41166.000000
-40953.000000
-40742.000000
-40533.000000
-40324.000000
-40116.000000
-39908.000000
-39698.000000
-39489.000000
-39280.000000
-39073.000000
-38863.000000
-38653.000000
-38442.000000
-38232.000000
-38018.000000
-37805.000000
-37594.000000
-37383.000000
-37170.000000
-36963.000000
-36747.000000
-36538.000000
-36328.000000
-36120.000000
-35913.000000
-35704.000000
-35494.000000
-35286.000000
-35079.000000
-34869.000000
-34658.000000
-34448.000000
-34236.000000
-34026.000000
-33814.000000
-33601.000000
-33390.000000
-33180.000000
-32972.000000
-32753.000000
-32544.000000
-32335.000000
-32126.000000
-31918.000000
-31711.000000
-31502.000000
-31292.000000
-31084.000000
-30874.000000
-30664.000000
-30454.000000
-30244.000000
-30033.000000
-29819.000000
-29605.000000
-29394.000000
-29185.000000
-28977.000000
-28769.000000
-28548.000000
-28338.000000
-28129.000000
-27923.000000
-27715.000000
-27506.000000
-27298.000000
-27090.000000
-26881.000000
-26670.000000
-26460.000000
-26250.000000
-26038.000000
-25827.000000
-25614.000000
-25401.000000
-25190.000000
-24981.000000
-24773.000000
-24665.000000
-24649.000000
-24647.000000
-24647.000000
-24652.000000
-24663.000000
-24681.000000
-24705.000000
-24731.000000
-24761.000000
-24796.000000
-24834.000000
-24873.000000
-24915.000000
-24958.000000
-25001.000000
-25047.000000
-25092.000000
-25139.000000
-25186.000000
-25233.000000
-25281.000000
-25329.000000
-26376.000000
-26476.000000
-26576.000000
-26675.000000
-26775.000000
-26874.000000
-26975.000000
-27075.000000
-27174.000000
-27275.000000
-27375.000000
-27475.000000
-27575.000000
-27675.000000
-27775.000000
-27875.000000
-27974.000000
-28073.000000
-28172.000000
-28273.000000
-28371.000000
-28471.000000
-28571.000000
-28670.000000
-28775.000000
-28871.000000
-28971.000000
-29069.000000
-29169.000000
-29268.000000
-29367.000000
-29467.000000
-29568.000000
-29668.000000
-29770.000000
-29868.000000
-29969.000000
-30069.000000
-30170.000000
-30271.000000
-30373.000000
-30474.000000
-30575.000000
-30676.000000
-30776.000000
-30878.000000
-30978.000000
-31076.000000
-31177.000000
-31277.000000
-31378.000000
-31479.000000
-31578.000000
-31679.000000
-31779.000000
-31878.000000
-31978.000000
-32077.000000
-32176.000000
-32275.000000
-32376.000000
-32475.000000
-32574.000000
-32673.000000
-32772.000000
-32876.000000
-32973.000000
-33072.000000
-33171.000000
-33271.000000
-33371.000000
-33470.000000
-33570.000000
-33671.000000
-33772.000000
-33873.000000
-33971.000000
-34075.000000
-34175.000000
-34276.000000
-34379.000000
-34480.000000
-34581.000000
-34681.000000
-34782.000000
-34882.000000
-34980.000000
-35081.000000
-35179.000000
-35280.000000
-35380.000000
-35481.000000
-35582.000000
-35681.000000
-35782.000000
-35881.000000
-35981.000000
-36082.000000
-36180.000000
-36281.000000
-36379.000000
-36481.000000
-36579.000000
-36677.000000
-36777.000000
-36876.000000
-36980.000000
-37077.000000
-37176.000000
-37275.000000
-37375.000000
-37477.000000
-37577.000000
-37676.000000
-37777.000000
-37877.000000
-37978.000000
-38077.000000
-38178.000000
-38279.000000
-38380.000000
-38482.000000
-38583.000000
-38684.000000
-38785.000000
-38885.000000
-38985.000000
-39084.000000
-39184.000000
-39283.000000
-39383.000000
-39483.000000
-39584.000000
-39684.000000
-39783.000000
-39884.000000
-39984.000000
-40084.000000
-40184.000000
-40283.000000
-40383.000000
-40482.000000
-40582.000000
-40684.000000
-40782.000000
-40883.000000
-40984.000000
-41086.000000
-41183.000000
-41281.000000
-41380.000000
-41479.000000
-41579.000000
-41679.000000
-41778.000000
-41879.000000
-41980.000000
-42081.000000
-42180.000000
-42280.000000
-42381.000000
-42482.000000
-42584.000000
-42685.000000
-42786.000000
-42888.000000
-42988.000000
-43088.000000
-43187.000000
-43287.000000
-43386.000000
-43486.000000
-43585.000000
-43686.000000
-43788.000000
-43890.000000
-43990.000000
-44090.000000
-44190.000000
-44289.000000
-44388.000000
-44487.000000
-44587.000000
-44687.000000
-44787.000000
-44886.000000
-44986.000000
-45087.000000
-45187.000000
-45285.000000
-45384.000000
-45482.000000
-45581.000000
-45682.000000
-45782.000000
-45881.000000
-45982.000000
-46083.000000
-46183.000000
-46282.000000
-46382.000000
-46483.000000
-46584.000000
-46687.000000
-46787.000000
-46887.000000
-46989.000000
-47091.000000
-47190.000000
-47289.000000
-47390.000000
-47489.000000
-47589.000000
-47689.000000
-47790.000000
-47890.000000
-47989.000000
-48089.000000
-48189.000000
-48288.000000
-48388.000000
-48487.000000
-48586.000000
-48687.000000
-48787.000000
-48886.000000
-48985.000000
-49084.000000
-49185.000000
-49285.000000
-49382.000000
-49480.000000
-49577.000000
-49675.000000
-49774.000000
-49872.000000
-49969.000000
-50068.000000
-50166.000000
-50265.000000
-50363.000000
-50462.000000
-50560.000000
-50660.000000
-50762.000000
-50860.000000
-50958.000000
-51058.000000
-51156.000000
-51254.000000
-51350.000000
-51446.000000
-51543.000000
-51641.000000
-51738.000000
-51837.000000
-51937.000000
-52036.000000
-52137.000000
-52237.000000
-52336.000000
-52435.000000
-52534.000000
-52632.000000
-52732.000000
-52830.000000
-52928.000000
-53025.000000
-53123.000000
-53221.000000
-53326.000000
-53422.000000
