2823.000000
2820.000000
2808.000000
2790.000000
2768.000000
2740.000000
2708.000000
2673.000000
2636.000000
2595.000000
2554.000000
2511.000000
2466.000000
2420.000000
2374.000000
2327.000000
2280.000000
2232.000000
2184.000000
2135.000000
1094.000000
995.000000
895.000000
795.000000
696.000000
597.000000
499.000000
398.000000
301.000000
201.000000
102.000000
4.000000
-101.000000
-198.000000
-297.000000
-395.000000
-496.000000
-595.000000
-695.000000
-795.000000
-898.000000
-998.000000
-1100.000000
-1198.000000
-1299.000000
-1400.000000
-1501.000000
-1603.000000
-1704.000000
-1805.000000
-1905.000000
-2005.000000
-2105.000000
-2204.000000
-2305.000000
-2404.000000
-2504.000000
-2604.000000
-2705.000000
-2806.000000
-2905.000000
-3006.000000
-3106.000000
-3206.000000
-3306.000000
-3405.000000
-3504.000000
-3603.000000
-3703.000000
-3801.000000
-3901.000000
-4000.000000
-4099.000000
-4204.000000
-4301.000000
-4400.000000
-4501.000000
-4601.000000
-4701.000000
-4801.000000
-4901.000000
-5002.000000
-5102.000000
-5204.000000
-5303.000000
-5404.000000
-5504.000000
-5604.000000
-5706.000000
-5806.000000
-5907.000000
-6008.000000
-6109.000000
-6209.000000
-6308.000000
-6409.000000
-6507.000000
-6607.000000
-6707.000000
-6808.000000
-6909.000000
-7009.000000
-7110.000000
-7209.000000
-7309.000000
-7410.000000
-7507.000000
-7607.000000
-7706.000000
-7808.000000
-7906.000000
-8005.000000
-8108.000000
-8208.000000
-8311.000000
-8408.000000
-8506.000000
-8605.000000
-8705.000000
-8805.000000
-8905.000000
-9005.000000
-9105.000000
-9205.000000
-9307.000000
-9405.000000
-9505.000000
-9606.000000
-9707.000000
-9809.000000
-9910.000000
-10011.000000
-10113.000000
-10212.000000
-10312.000000
-10410.000000
-10511.000000
-10610.000000
-10710.000000
-10810.000000
-10911.000000
-11012.000000
-11112.000000
-11215.000000
-11314.000000
-11414.000000
-11515.000000
-11614.000000
-11713.000000
-11813.000000
-11913.000000
-12012.000000
-12110.000000
-12211.000000
-12311.000000
-12413.000000
-12510.000000
-12609.000000
-12708.000000
-12808.000000
-12908.000000
-13008.000000
-13107.000000
-13208.000000
-13308.000000
-13409.000000
-13508.000000
-13608.000000
-13709.000000
-13810.000000
-13912.000000
-14012.000000
-14113.000000
-14215.000000
-14314.000000
-14414.000000
-14517.000000
-14617.000000
-14716.000000
-14817.000000
-14917.000000
-15017.000000
-15117.000000
-15216.000000
-15317.000000
-15417.000000
-15516.000000
-15617.000000
-15716.000000
-15815.000000
-15915.000000
-16014.000000
-16114.000000
-16213.000000
-16313.000000
-16414.000000
-16515.000000
-16614.000000
-16712.000000
-16811.000000
-16910.000000
-17010.000000
-17110.000000
-17208.000000
-17310.000000
-17411.000000
-17514.000000
-17614.000000
-17713.000000
-17814.000000
-17915.000000
-18017.000000
-18118.000000
-18219.000000
-18321.000000
-18421.000000
-18521.000000
-18620.000000
-18720.000000
-18818.000000
-18919.000000
-19019.000000
-19120.000000
-19221.000000
-19320.000000
-19420.000000
-19520.000000
-19619.000000
-19719.000000
-19819.000000
-19918.000000
-20018.000000
-20118.000000
-20218.000000
-20316.000000
-20416.000000
-20521.000000
-20621.000000
-20719.000000
-20817.000000
-20916.000000
-21015.000000
-21116.000000
-21216.000000
-21316.000000
-21425.000000
-21517.000000
-21617.000000
-21716.000000
-21816.000000
-21917.000000
-22019.000000
-22121.000000
-22222.000000
-22322.000000
-22424.000000
-22523.000000
-22623.000000
-22722.000000
-22822.000000
-22922.000000
-23022.000000
-23122.000000
-23223.000000
-23323.000000
-23422.000000
-23524.000000
-23623.000000
-23721.000000
-23821.000000
-23921.000000
-24019.000000
-24120.000000
-24219.000000
-24319.000000
-24417.000000
-24515.000000
-24620.000000
-24719.000000
-24817.000000
-24917.000000
-25016.000000
-25115.000000
-25215.000000
-25315.000000
-25416.000000
-25515.000000
-25617.000000
-25717.000000
-25817.000000
-25917.000000
-26018.000000
-26120.000000
-26221.000000
-26322.000000
-26422.000000
-26524.000000
-26623.000000
-26723.000000
-26823.000000
-26924.000000
-27026.000000
-27127.000000
-27226.000000
-27327.000000
-27427.000000
-27526.000000
-27626.000000
-27726.000000
-27825.000000
-27925.000000
-28024.000000
-28122.000000
-28222.000000
-28321.000000
-28419.000000
-28519.000000
-28617.000000
-28721.000000
-28821.000000
-28919.000000
-29018.000000
-29116.000000
-29215.000000
-29315.000000
-29415.000000
-29517.000000
-29616.000000
-29719.000000
-29818.000000
-29918.000000
-30019.000000
-30122.000000
-30223.000000
-30325.000000
-30427.000000
-30528.000000
-30630.000000
-30730.000000
-30829.000000
-30929.000000
-31029.000000
-31129.000000
-31229.000000
-31329.000000
-31430.000000
-31531.000000
-31630.000000
-31730.000000
-31830.000000
-31929.000000
-32028.000000
-32128.000000
-32227.000000
-32327.000000
-32427.000000
-32526.000000
-32626.000000
-32724.000000
-32829.000000
-32927.000000
-33025.000000
-33124.000000
-33222.000000
-33322.000000
-33422.000000
-33521.000000
-33625.000000
-33723.000000
-33825.000000
-33924.000000
-34024.000000
-34125.000000
-34224.000000
-34326.000000
-34428.000000
-34530.000000
-34632.000000
-34733.000000
-34833.000000
-34932.000000
-35031.000000
-35132.000000
-35231.000000
-35331.000000
-35432.000000
-35533.000000
-35634.000000
-35733.000000
-35833.000000
-35933.000000
-36033.000000
-36131.000000
-36230.000000
-36330.000000
-36430.000000
-36530.000000
-36628.000000
-36727.000000
-36826.000000
-36931.000000
-37029.000000
-37127.000000
-37227.000000
-37329.000000
-37428.000000
-37528.000000
-37627.000000
-37727.000000
-37827.000000
-37927.000000
-38026.000000
-38125.000000
-38226.000000
-38326.000000
-38428.000000
-38530.000000
-38630.000000
-38731.000000
-38832.000000
-38932.000000
-39032.000000
-39132.000000
-39233.000000
-39333.000000
-39434.000000
-39534.000000
-39635.000000
-39736.000000
-39835.000000
-39935.000000
-40035.000000
-40136.000000
-40234.000000
-40333.000000
-40433.000000
-40533.000000
-40633.000000
-40731.000000
-40831.000000
-40933.000000
-41036.000000
-41134.000000
-41230.000000
-41328.000000
-41426.000000
-41524.000000
-41623.000000
-41720.000000
-41820.000000
-41918.000000
-42018.000000
-42115.000000
-42212.000000
-42311.000000
-42409.000000
-42509.000000
-42609.000000
-42707.000000
-42806.000000
-42905.000000
-43002.000000
-43099.000000
-43196.000000
-43294.000000
-43391.000000
-43489.000000
-43588.000000
-43689.000000
-43791.000000
-43893.000000
-43996.000000
-44099.000000
-44201.000000
-44304.000000
-44406.000000
-44512.000000
-44615.000000
-44719.000000
-44821.000000
-44924.000000
-45025.000000
-45132.000000
-45231.000000
-45331.000000
-45431.000000
-45531.000000
-45631.000000
-45732.000000
-45832.000000
-45932.000000
-46032.000000
-46131.000000
-46230.000000
-46328.000000
-46428.000000
-46527.000000
-46627.000000
-46729.000000
-46829.000000
-46929.000000
-47029.000000
-47126.000000
-47225.000000
-47323.000000
-47423.000000
-47520.000000
-47618.000000
-47717.000000
-47817.000000
-47919.000000
-48017.000000
-48115.000000
-48212.000000
-48310.000000
-48410.000000
-48511.000000
-48612.000000
-48716.000000
-48820.000000
-48922.000000
-49023.000000
-49124.000000
-49231.000000
-49330.000000
-49428.000000
-49527.000000
-49625.000000
-49723.000000
-49821.000000
-49918.000000
-50016.000000
-50114.000000
-50212.000000
-50309.000000
-50407.000000
-50506.000000
-50604.000000
-50703.000000
-50802.000000
-50899.000000
-50996.000000
-51094.000000
-51193.000000
-51290.000000
-51386.000000
-51485.000000
-51582.000000
-51681.000000
-51779.000000
-51877.000000
-52133.000000
-52127.000000
-52102.000000
-52058.000000
-52004.000000
-51941.000000
-51876.000000
-51809.000000
-51742.000000
-51675.000000
-51603.000000
-51535.000000
-51468.000000
-51399.000000
-51330.000000
-51261.000000
-51192.000000
-51122.000000
-51051.000000
-50979.000000
-50842.000000
-50626.000000
-50410.000000
-50196.000000
-49975.000000
-49759.000000
-49543.000000
-49331.000000
-49117.000000
-48906.000000
-48697.000000
-48490.000000
-48282.000000
-48073.000000
-47863.000000
-47652.000000
-47444.000000
-47236.000000
-47028.000000
-46817.000000
-46605.000000
-46395.000000
-46185.000000
-45971.000000
-45760.000000
-45546.000000
-45337.000000
-45129.000000
-44913.000000
-44703.000000
-44493.000000
-44288.000000
-44078.000000
-43868.000000
-43658.000000
-43449.000000
-43241.000000
-43033.000000
-42822.000000
-42611.000000
-42400.000000
-42191.000000
-41978.000000
-41765.000000
-41555.000000
-41342.000000
-41133.000000
-40918.000000
-40707.000000
-40498.000000
-40291.000000
-40083.000000
-39873.000000
-39664.000000
-39454.000000
-39246.000000
-39037.000000
-38828.000000
-38617.000000
-38406.000000
-38195.000000
-37986.000000
-37772.000000
-37561.000000
-37350.000000
-37140.000000
-36931.000000
-36715.000000
-36502.000000
-36295.000000
-36089.000000
-35880.000000
-35670.000000
-35459.000000
-35251.000000
-35042.000000
-34835.000000
-34624.000000
-34414.000000
-34202.000000
-33993.000000
-33779.000000
-33567.000000
-33357.000000
-33149.000000
-32940.000000
-32725.000000
-32514.000000
-32304.000000
-32097.000000
-31884.000000
-31676.000000
-31465.000000
-31257.000000
-31049.000000
-30841.000000
-30632.000000
-30421.000000
-30211.000000
-29999.000000
-29787.000000
-29574.000000
-29363.000000
-29153.000000
-28944.000000
-28737.000000
-28520.000000
-28310.000000
-28101.000000
-27890.000000
-27684.000000
-27580.000000
-27565.000000
-27562.000000
-27562.000000
-27565.000000
-27577.000000
-27595.000000
-27619.000000
-27646.000000
-27679.000000
-27714.000000
-27751.000000
-27791.000000
-27832.000000
-27876.000000
-27919.000000
-27965.000000
-28011.000000
-28056.000000
-28105.000000
-28149.000000
-28200.000000
-28248.000000
-29281.000000
-29384.000000
-29484.000000
-29584.000000
-29684.000000
-29785.000000
-29882.000000
-29983.000000
-30082.000000
-30183.000000
-30285.000000
-30386.000000
-30487.000000
-30588.000000
-30689.000000
-30788.000000
-30887.000000
-30987.000000
-31086.000000
-31186.000000
-31286.000000
-31387.000000
-31487.000000
-31587.000000
-31688.000000
-31787.000000
-31887.000000
-31987.000000
-32085.000000
-32185.000000
-32284.000000
-32385.000000
-32483.000000
-32585.000000
-32685.000000
-32785.000000
-32889.000000
-32985.000000
-33084.000000
-33183.000000
-33283.000000
-33383.000000
-33483.000000
-33583.000000
-33684.000000
-33784.000000
-33885.000000
-33983.000000
-34084.000000
-34184.000000
-34286.000000
-34388.000000
-34489.000000
-34590.000000
-34691.000000
-34791.000000
-34891.000000
-34990.000000
-35091.000000
-35189.000000
-35290.000000
-35390.000000
-35491.000000
-35591.000000
-35690.000000
-35791.000000
-35890.000000
-35993.000000
-36093.000000
-36192.000000
-36291.000000
-36391.000000
-36492.000000
-36591.000000
-36689.000000
-36789.000000
-36889.000000
-36992.000000
-37089.000000
-37188.000000
-37287.000000
-37386.000000
-37486.000000
-37586.000000
-37685.000000
-37786.000000
-37886.000000
-37988.000000
-38087.000000
-38187.000000
-38288.000000
-38389.000000
-38491.000000
-38593.000000
-38692.000000
-38794.000000
-38893.000000
-38993.000000
-39092.000000
-39193.000000
-39292.000000
-39392.000000
-39492.000000
-39592.000000
-39696.000000
-39795.000000
-39896.000000
-39996.000000
-40095.000000
-40195.000000
-40295.000000
-40394.000000
-40494.000000
-40594.000000
-40693.000000
-40791.000000
-40891.000000
-40993.000000
-41094.000000
-41191.000000
-41290.000000
-41389.000000
-41487.000000
-41588.000000
-41688.000000
-41787.000000
-41888.000000
-41990.000000
-42090.000000
-42189.000000
-42289.000000
-42390.000000
-42491.000000
-42593.000000
-42694.000000
-42795.000000
-42897.000000
-42999.000000
-43096.000000
-43198.000000
-43299.000000
-43397.000000
-43498.000000
-43598.000000
-43699.000000
-43799.000000
-43899.000000
-43999.000000
-44099.000000
-44198.000000
-44297.000000
-44396.000000
-44495.000000
-44596.000000
-44696.000000
-44796.000000
-44894.000000
-44993.000000
-45096.000000
-45195.000000
-45293.000000
-45392.000000
-45491.000000
-45590.000000
-45691.000000
-45790.000000
-45890.000000
-45990.000000
-46091.000000
-46191.000000
-46294.000000
-46394.000000
-46495.000000
-46597.000000
-46699.000000
-46800.000000
-46901.000000
-47003.000000
-47102.000000
-47202.000000
-47301.000000
-47401.000000
-47500.000000
-47601.000000
-47701.000000
-47801.000000
-47902.000000
-48001.000000
-48101.000000
-48201.000000
-48299.000000
-48399.000000
-48499.000000
-48598.000000
-48699.000000
-48799.000000
-48897.000000
-48996.000000
-49095.000000
-49199.000000
-49297.000000
-49396.000000
-49495.000000
-49597.000000
-49696.000000
-49796.000000
-49895.000000
-49995.000000
-50093.000000
-50194.000000
-50292.000000
-50391.000000
-50490.000000
-50589.000000
-50688.000000
-50787.000000
-50886.000000
-50984.000000
-51084.000000
-51181.000000
-51278.000000
-51375.000000
-51472.000000
-51569.000000
-51666.000000
-51763.000000
-51861.000000
-51959.000000
-52056.000000
-52156.000000
-52255.000000
-52354.000000
-52457.000000
-52555.000000
-52652.000000
-52749.000000
-52847.000000
-52942.000000
-53038.000000
-53134.000000
-53230.000000
-53330.000000
-53423.000000
