2914.000000
2910.000000
2898.000000
2881.000000
2857.000000
2830.000000
2798.000000
2765.000000
2727.000000
2687.000000
2646.000000
2601.000000
2558.000000
2512.000000
2465.000000
2418.000000
2370.000000
2323.000000
2275.000000
2227.000000
1185.000000
1085.000000
985.000000
886.000000
786.000000
687.000000
587.000000
488.000000
388.000000
287.000000
189.000000
89.000000
-9.000000
-114.000000
-211.000000
-310.000000
-408.000000
-509.000000
-608.000000
-708.000000
-808.000000
-909.000000
-1010.000000
-1112.000000
-1211.000000
-1311.000000
-1411.000000
-1512.000000
-1613.000000
-1714.000000
-1814.000000
-1915.000000
-2015.000000
-2115.000000
-2214.000000
-2315.000000
-2417.000000
-2517.000000
-2616.000000
-2718.000000
-2818.000000
-2918.000000
-3018.000000
-3118.000000
-3218.000000
-3319.000000
-3417.000000
-3517.000000
-3616.000000
-3716.000000
-3815.000000
-3914.000000
-4014.000000
-4114.000000
-4218.000000
-4314.000000
-4413.000000
-4511.000000
-4610.000000
-4710.000000
-4809.000000
-4910.000000
-5013.000000
-5111.000000
-5215.000000
-5314.000000
-5414.000000
-5514.000000
-5616.000000
-5718.000000
-5819.000000
-5920.000000
-6021.000000
-6121.000000
-6221.000000
-6320.000000
-6420.000000
-6519.000000
-6619.000000
-6719.000000
-6820.000000
-6921.000000
-7020.000000
-7121.000000
-7221.000000
-7321.000000
-7421.000000
-7519.000000
-7618.000000
-7719.000000
-7822.000000
-7922.000000
-8021.000000
-8121.000000
-8221.000000
-8323.000000
-8420.000000
-8519.000000
-8618.000000
-8717.000000
-8817.000000
-8917.000000
-9016.000000
-9117.000000
-9218.000000
-9318.000000
-9417.000000
-9517.000000
-9618.000000
-9720.000000
-9822.000000
-9922.000000
-10023.000000
-10124.000000
-10224.000000
-10323.000000
-10422.000000
-10526.000000
-10625.000000
-10726.000000
-10826.000000
-10927.000000
-11028.000000
-11126.000000
-11227.000000
-11327.000000
-11426.000000
-11526.000000
-11626.000000
-11725.000000
-11825.000000
-11925.000000
-12025.000000
-12123.000000
-12223.000000
-12324.000000
-12425.000000
-12523.000000
-12622.000000
-12721.000000
-12820.000000
-12920.000000
-13019.000000
-13119.000000
-13223.000000
-13324.000000
-13424.000000
-13523.000000
-13623.000000
-13724.000000
-13826.000000
-13928.000000
-14028.000000
-14129.000000
-14231.000000
-14330.000000
-14431.000000
-14530.000000
-14630.000000
-14729.000000
-14830.000000
-14930.000000
-15030.000000
-15131.000000
-15230.000000
-15330.000000
-15430.000000
-15529.000000
-15629.000000
-15729.000000
-15828.000000
-15928.000000
-16031.000000
-16129.000000
-16228.000000
-16328.000000
-16432.000000
-16532.000000
-16630.000000
-16728.000000
-16827.000000
-16926.000000
-17026.000000
-17125.000000
-17225.000000
-17325.000000
-17427.000000
-17527.000000
-17626.000000
-17726.000000
-17827.000000
-17928.000000
-18030.000000
-18131.000000
-18232.000000
-18334.000000
-18434.000000
-18534.000000
-18633.000000
-18733.000000
-18832.000000
-18932.000000
-19032.000000
-19136.000000
-19237.000000
-19336.000000
-19437.000000
-19536.000000
-19635.000000
-19734.000000
-19834.000000
-19933.000000
-20034.000000
-20134.000000
-20233.000000
-20332.000000
-20431.000000
-20536.000000
-20634.000000
-20732.000000
-20830.000000
-20929.000000
-21029.000000
-21129.000000
-21229.000000
-21328.000000
-21428.000000
-21529.000000
-21629.000000
-21729.000000
-21829.000000
-21929.000000
-22031.000000
-22133.000000
-22234.000000
-22335.000000
-22440.000000
-22539.000000
-22638.000000
-22738.000000
-22838.000000
-22938.000000
-23038.000000
-23139.000000
-23239.000000
-23340.000000
-23439.000000
-23538.000000
-23637.000000
-23735.000000
-23835.000000
-23935.000000
-24034.000000
-24134.000000
-24233.000000
-24331.000000
-24430.000000
-24529.000000
-24634.000000
-24733.000000
-24831.000000
-24930.000000
-25029.000000
-25128.000000
-25228.000000
-25328.000000
-25428.000000
-25527.000000
-25631.000000
-25731.000000
-25832.000000
-25933.000000
-26033.000000
-26135.000000
-26237.000000
-26339.000000
-26439.000000
-26541.000000
-26640.000000
-26740.000000
-26840.000000
-26940.000000
-27040.000000
-27139.000000
-27240.000000
-27340.000000
-27440.000000
-27539.000000
-27640.000000
-27740.000000
-27839.000000
-27938.000000
-28037.000000
-28137.000000
-28237.000000
-28337.000000
-28435.000000
-28535.000000
-28634.000000
-28742.000000
-28840.000000
-28938.000000
-29037.000000
-29136.000000
-29235.000000
-29335.000000
-29435.000000
-29535.000000
-29636.000000
-29737.000000
-29836.000000
-29936.000000
-30035.000000
-30135.000000
-30237.000000
-30339.000000
-30440.000000
-30541.000000
-30643.000000
-30743.000000
-30843.000000
-30943.000000
-31041.000000
-31142.000000
-31241.000000
-31342.000000
-31444.000000
-31544.000000
-31644.000000
-31743.000000
-31842.000000
-31945.000000
-32044.000000
-32143.000000
-32243.000000
-32343.000000
-32443.000000
-32541.000000
-32640.000000
-32739.000000
-32844.000000
-32942.000000
-33040.000000
-33139.000000
-33238.000000
-33338.000000
-33438.000000
-33538.000000
-33638.000000
-33739.000000
-33839.000000
-33939.000000
-34039.000000
-34139.000000
-34239.000000
-34342.000000
-34444.000000
-34545.000000
-34645.000000
-34746.000000
-34846.000000
-34948.000000
-35047.000000
-35146.000000
-35247.000000
-35346.000000
-35447.000000
-35547.000000
-35646.000000
-35745.000000
-35845.000000
-35944.000000
-36044.000000
-36143.000000
-36243.000000
-36343.000000
-36443.000000
-36542.000000
-36640.000000
-36739.000000
-36838.000000
-36942.000000
-37040.000000
-37138.000000
-37238.000000
-37337.000000
-37437.000000
-37537.000000
-37635.000000
-37736.000000
-37839.000000
-37939.000000
-38039.000000
-38138.000000
-38239.000000
-38340.000000
-38441.000000
-38543.000000
-38643.000000
-38743.000000
-38844.000000
-38944.000000
-39043.000000
-39143.000000
-39243.000000
-39343.000000
-39444.000000
-39546.000000
-39646.000000
-39746.000000
-39847.000000
-39948.000000
-40047.000000
-40147.000000
-40244.000000
-40343.000000
-40443.000000
-40542.000000
-40641.000000
-40741.000000
-40841.000000
-40944.000000
-41049.000000
-41147.000000
-41245.000000
-41345.000000
-41443.000000
-41542.000000
-41642.000000
-41741.000000
-41842.000000
-41943.000000
-42043.000000
-42143.000000
-42242.000000
-42343.000000
-42443.000000
-42544.000000
-42647.000000
-42748.000000
-42849.000000
-42950.000000
-43050.000000
-43150.000000
-43249.000000
-43349.000000
-43449.000000
-43549.000000
-43650.000000
-43751.000000
-43851.000000
-43954.000000
-44055.000000
-44154.000000
-44254.000000
-44352.000000
-44450.000000
-44549.000000
-44650.000000
-44749.000000
-44849.000000
-44949.000000
-45048.000000
-45152.000000
-45250.000000
-45348.000000
-45447.000000
-45547.000000
-45646.000000
-45747.000000
-45846.000000
-45947.000000
-46047.000000
-46148.000000
-46247.000000
-46347.000000
-46446.000000
-46547.000000
-46648.000000
-46750.000000
-46851.000000
-46951.000000
-47052.000000
-47155.000000
-47255.000000
-47354.000000
-47454.000000
-47555.000000
-47655.000000
-47756.000000
-47856.000000
-47956.000000
-48055.000000
-48155.000000
-48253.000000
-48353.000000
-48452.000000
-48550.000000
-48649.000000
-48748.000000
-48845.000000
-48943.000000
-49041.000000
-49140.000000
-49243.000000
-49341.000000
-49438.000000
-49536.000000
-49635.000000
-49732.000000
-49831.000000
-49929.000000
-50027.000000
-50125.000000
-50224.000000
-50322.000000
-50421.000000
-50524.000000
-50622.000000
-50726.000000
-50828.000000
-50927.000000
-51027.000000
-51127.000000
-51225.000000
-51323.000000
-51420.000000
-51518.000000
-51616.000000
-51713.000000
-51811.000000
-51908.000000
-52006.000000
-52102.000000
-52198.000000
-52295.000000
-52389.000000
-52484.000000
-52727.000000
-52719.000000
-52693.000000
-52651.000000
-52598.000000
-52537.000000
-52474.000000
-52410.000000
-52346.000000
-52281.000000
-52217.000000
-52151.000000
-52085.000000
-52020.000000
-51952.000000
-51886.000000
-51818.000000
-51750.000000
-51682.000000
-51614.000000
-51478.000000
-51270.000000
-51060.000000
-50847.000000
-50632.000000
-50419.000000
-50207.000000
-49992.000000
-49778.000000
-49564.000000
-49350.000000
-49133.000000
-48918.000000
-48705.000000
-48491.000000
-48278.000000
-48065.000000
-47851.000000
-47637.000000
-47425.000000
-47212.000000
-47000.000000
-46780.000000
-46569.000000
-46358.000000
-46147.000000
-45932.000000
-45721.000000
-45512.000000
-45304.000000
-45093.000000
-44880.000000
-44672.000000
-44464.000000
-44258.000000
-44049.000000
-43838.000000
-43629.000000
-43420.000000
-43210.000000
-43000.000000
-42789.000000
-42580.000000
-42369.000000
-42156.000000
-41944.000000
-41727.000000
-41516.000000
-41309.000000
-41100.000000
-40886.000000
-40677.000000
-40469.000000
-40263.000000
-40054.000000
-39843.000000
-39635.000000
-39425.000000
-39217.000000
-39006.000000
-38797.000000
-38586.000000
-38375.000000
-38163.000000
-37951.000000
-37738.000000
-37527.000000
-37317.000000
-37105.000000
-36894.000000
-36681.000000
-36475.000000
-36266.000000
-36060.000000
-35850.000000
-35640.000000
-35431.000000
-35222.000000
-35012.000000
-34802.000000
-34591.000000
-34382.000000
-34170.000000
-33957.000000
-33745.000000
-33532.000000
-33322.000000
-33115.000000
-32906.000000
-32688.000000
-32478.000000
-32269.000000
-32062.000000
-31854.000000
-31644.000000
-31437.000000
-31227.000000
-31019.000000
-30808.000000
-30598.000000
-30388.000000
-30177.000000
-29966.000000
-29752.000000
-29539.000000
-29328.000000
-29119.000000
-28906.000000
-28695.000000
-28482.000000
-28277.000000
-28174.000000
-28159.000000
-28156.000000
-28156.000000
-28161.000000
-28172.000000
-28190.000000
-28214.000000
-28242.000000
-28274.000000
-28308.000000
-28345.000000
-28385.000000
-28425.000000
-28468.000000
-28512.000000
-28557.000000
-28603.000000
-28648.000000
-28698.000000
-28748.000000
-28795.000000
-28841.000000
-29878.000000
-29978.000000
-30077.000000
-30178.000000
-30280.000000
-30380.000000
-30481.000000
-30581.000000
-30682.000000
-30781.000000
-30883.000000
-30984.000000
-31082.000000
-31182.000000
-31282.000000
-31383.000000
-31483.000000
-31583.000000
-31684.000000
-31783.000000
-31883.000000
-31983.000000
-32081.000000
-32181.000000
-32281.000000
-32382.000000
-32481.000000
-32579.000000
-32679.000000
-32778.000000
-32882.000000
-32979.000000
-33078.000000
-33176.000000
-33277.000000
-33377.000000
-33476.000000
-33579.000000
-33680.000000
-33780.000000
-33881.000000
-33979.000000
-34080.000000
-34180.000000
-34282.000000
-34384.000000
-34485.000000
-34587.000000
-34687.000000
-34788.000000
-34887.000000
-34986.000000
-35086.000000
-35185.000000
-35286.000000
-35385.000000
-35486.000000
-35587.000000
-35686.000000
-35786.000000
-35885.000000
-35987.000000
-36088.000000
-36186.000000
-36287.000000
-36385.000000
-36486.000000
-36585.000000
-36683.000000
-36783.000000
-36882.000000
-36986.000000
-37083.000000
-37182.000000
-37281.000000
-37380.000000
-37480.000000
-37580.000000
-37679.000000
-37780.000000
-37880.000000
-37982.000000
-38081.000000
-38181.000000
-38281.000000
-38383.000000
-38485.000000
-38585.000000
-38686.000000
-38787.000000
-38889.000000
-38990.000000
-39089.000000
-39190.000000
-39289.000000
-39390.000000
-39490.000000
-39590.000000
-39690.000000
-39789.000000
-39889.000000
-39989.000000
-40088.000000
-40188.000000
-40286.000000
-40385.000000
-40485.000000
-40584.000000
-40682.000000
-40780.000000
-40881.000000
-40981.000000
-41084.000000
-41182.000000
-41283.000000
-41382.000000
-41481.000000
-41582.000000
-41682.000000
-41781.000000
-41882.000000
-41982.000000
-42083.000000
-42183.000000
-42283.000000
-42383.000000
-42484.000000
-42586.000000
-42686.000000
-42787.000000
-42889.000000
-42987.000000
-43087.000000
-43186.000000
-43287.000000
-43386.000000
-43487.000000
-43587.000000
-43689.000000
-43790.000000
-43893.000000
-43994.000000
-44094.000000
-44193.000000
-44293.000000
-44391.000000
-44490.000000
-44590.000000
-44689.000000
-44789.000000
-44887.000000
-44987.000000
-45089.000000
-45188.000000
-45286.000000
-45385.000000
-45484.000000
-45583.000000
-45684.000000
-45784.000000
-45883.000000
-45984.000000
-46086.000000
-46186.000000
-46285.000000
-46385.000000
-46487.000000
-46588.000000
-46691.000000
-46792.000000
-46893.000000
-46995.000000
-47094.000000
-47197.000000
-47296.000000
-47396.000000
-47495.000000
-47596.000000
-47696.000000
-47796.000000
-47896.000000
-47995.000000
-48095.000000
-48195.000000
-48293.000000
-48393.000000
-48494.000000
-48593.000000
-48694.000000
-48793.000000
-48893.000000
-48991.000000
-49090.000000
-49193.000000
-49292.000000
-49389.000000
-49488.000000
-49587.000000
-49686.000000
-49786.000000
-49886.000000
-49986.000000
-50086.000000
-50187.000000
-50287.000000
-50391.000000
-50491.000000
-50592.000000
-50693.000000
-50795.000000
-50895.000000
-50995.000000
-51096.000000
-51194.000000
-51293.000000
-51391.000000
-51490.000000
-51588.000000
-51686.000000
-51784.000000
-51881.000000
-51978.000000
-52074.000000
-52169.000000
-52264.000000
-52358.000000
-52453.000000
-52547.000000
-52639.000000
-52733.000000
-52826.000000
-52919.000000
-53010.000000
