2989.000000
2987.000000
2976.000000
2959.000000
2936.000000
2909.000000
2877.000000
2843.000000
2805.000000
2766.000000
2724.000000
2681.000000
2637.000000
2590.000000
2544.000000
2497.000000
2449.000000
2400.000000
2352.000000
2304.000000
1262.000000
1163.000000
1063.000000
963.000000
864.000000
764.000000
661.000000
563.000000
463.000000
363.000000
264.000000
165.000000
66.000000
-36.000000
-136.000000
-234.000000
-334.000000
-433.000000
-532.000000
-631.000000
-731.000000
-830.000000
-930.000000
-1032.000000
-1132.000000
-1232.000000
-1332.000000
-1433.000000
-1535.000000
-1636.000000
-1737.000000
-1838.000000
-1939.000000
-2039.000000
-2139.000000
-2241.000000
-2339.000000
-2440.000000
-2541.000000
-2641.000000
-2741.000000
-2841.000000
-2941.000000
-3041.000000
-3141.000000
-3241.000000
-3340.000000
-3440.000000
-3539.000000
-3639.000000
-3739.000000
-3838.000000
-3937.000000
-4036.000000
-4140.000000
-4239.000000
-4337.000000
-4436.000000
-4535.000000
-4634.000000
-4734.000000
-4833.000000
-4934.000000
-5034.000000
-5135.000000
-5235.000000
-5336.000000
-5436.000000
-5539.000000
-5641.000000
-5743.000000
-5844.000000
-5944.000000
-6046.000000
-6145.000000
-6245.000000
-6344.000000
-6444.000000
-6543.000000
-6644.000000
-6744.000000
-6845.000000
-6946.000000
-7045.000000
-7146.000000
-7245.000000
-7344.000000
-7443.000000
-7543.000000
-7642.000000
-7742.000000
-7843.000000
-7941.000000
-8041.000000
-8140.000000
-8244.000000
-8343.000000
-8441.000000
-8540.000000
-8642.000000
-8741.000000
-8838.000000
-8941.000000
-9041.000000
-9140.000000
-9241.000000
-9341.000000
-9440.000000
-9541.000000
-9641.000000
-9743.000000
-9846.000000
-9946.000000
-10047.000000
-10149.000000
-10248.000000
-10348.000000
-10447.000000
-10547.000000
-10646.000000
-10748.000000
-10848.000000
-10948.000000
-11049.000000
-11148.000000
-11248.000000
-11347.000000
-11447.000000
-11546.000000
-11646.000000
-11746.000000
-11846.000000
-11949.000000
-12047.000000
-12146.000000
-12246.000000
-12350.000000
-12448.000000
-12547.000000
-12646.000000
-12745.000000
-12844.000000
-12944.000000
-13043.000000
-13143.000000
-13243.000000
-13344.000000
-13444.000000
-13543.000000
-13645.000000
-13744.000000
-13846.000000
-13948.000000
-14049.000000
-14150.000000
-14251.000000
-14351.000000
-14451.000000
-14550.000000
-14651.000000
-14750.000000
-14850.000000
-14951.000000
-15051.000000
-15155.000000
-15253.000000
-15354.000000
-15454.000000
-15554.000000
-15653.000000
-15751.000000
-15851.000000
-15951.000000
-16051.000000
-16150.000000
-16249.000000
-16349.000000
-16454.000000
-16552.000000
-16650.000000
-16749.000000
-16848.000000
-16947.000000
-17047.000000
-17146.000000
-17247.000000
-17347.000000
-17447.000000
-17547.000000
-17646.000000
-17747.000000
-17847.000000
-17948.000000
-18050.000000
-18151.000000
-18256.000000
-18358.000000
-18457.000000
-18557.000000
-18656.000000
-18755.000000
-18855.000000
-18955.000000
-19056.000000
-19157.000000
-19258.000000
-19357.000000
-19457.000000
-19557.000000
-19656.000000
-19755.000000
-19854.000000
-19954.000000
-20054.000000
-20154.000000
-20253.000000
-20352.000000
-20452.000000
-20556.000000
-20654.000000
-20752.000000
-20850.000000
-20950.000000
-21052.000000
-21152.000000
-21252.000000
-21353.000000
-21453.000000
-21553.000000
-21652.000000
-21752.000000
-21853.000000
-21954.000000
-22054.000000
-22157.000000
-22258.000000
-22358.000000
-22460.000000
-22559.000000
-22659.000000
-22758.000000
-22857.000000
-22958.000000
-23058.000000
-23159.000000
-23260.000000
-23360.000000
-23459.000000
-23559.000000
-23658.000000
-23758.000000
-23858.000000
-23957.000000
-24057.000000
-24157.000000
-24258.000000
-24358.000000
-24457.000000
-24556.000000
-24661.000000
-24759.000000
-24858.000000
-24957.000000
-25056.000000
-25155.000000
-25255.000000
-25355.000000
-25455.000000
-25555.000000
-25655.000000
-25755.000000
-25855.000000
-25955.000000
-26057.000000
-26157.000000
-26259.000000
-26360.000000
-26460.000000
-26561.000000
-26662.000000
-26762.000000
-26861.000000
-26961.000000
-27061.000000
-27161.000000
-27262.000000
-27362.000000
-27465.000000
-27565.000000
-27665.000000
-27765.000000
-27865.000000
-27963.000000
-28063.000000
-28162.000000
-28263.000000
-28361.000000
-28460.000000
-28560.000000
-28659.000000
-28763.000000
-28862.000000
-28960.000000
-29058.000000
-29158.000000
-29258.000000
-29357.000000
-29457.000000
-29557.000000
-29658.000000
-29759.000000
-29858.000000
-29959.000000
-30059.000000
-30160.000000
-30261.000000
-30362.000000
-30467.000000
-30567.000000
-30668.000000
-30769.000000
-30868.000000
-30967.000000
-31066.000000
-31167.000000
-31266.000000
-31367.000000
-31468.000000
-31567.000000
-31668.000000
-31768.000000
-31868.000000
-31968.000000
-32066.000000
-32165.000000
-32264.000000
-32366.000000
-32464.000000
-32564.000000
-32663.000000
-32762.000000
-32866.000000
-32963.000000
-33062.000000
-33161.000000
-33260.000000
-33360.000000
-33460.000000
-33560.000000
-33660.000000
-33763.000000
-33864.000000
-33962.000000
-34063.000000
-34163.000000
-34265.000000
-34365.000000
-34467.000000
-34568.000000
-34668.000000
-34768.000000
-34868.000000
-34967.000000
-35068.000000
-35167.000000
-35268.000000
-35368.000000
-35469.000000
-35570.000000
-35669.000000
-35770.000000
-35869.000000
-35969.000000
-36070.000000
-36168.000000
-36268.000000
-36367.000000
-36468.000000
-36566.000000
-36665.000000
-36764.000000
-36865.000000
-36969.000000
-37066.000000
-37165.000000
-37263.000000
-37363.000000
-37462.000000
-37561.000000
-37660.000000
-37760.000000
-37861.000000
-37962.000000
-38060.000000
-38161.000000
-38261.000000
-38363.000000
-38465.000000
-38566.000000
-38666.000000
-38767.000000
-38867.000000
-38968.000000
-39067.000000
-39167.000000
-39266.000000
-39367.000000
-39467.000000
-39568.000000
-39669.000000
-39769.000000
-39869.000000
-39970.000000
-40069.000000
-40173.000000
-40270.000000
-40370.000000
-40468.000000
-40568.000000
-40666.000000
-40765.000000
-40865.000000
-40964.000000
-41069.000000
-41166.000000
-41265.000000
-41364.000000
-41464.000000
-41563.000000
-41663.000000
-41762.000000
-41864.000000
-41964.000000
-42066.000000
-42164.000000
-42264.000000
-42364.000000
-42465.000000
-42567.000000
-42668.000000
-42770.000000
-42871.000000
-42971.000000
-43072.000000
-43171.000000
-43271.000000
-43373.000000
-43473.000000
-43573.000000
-43674.000000
-43775.000000
-43875.000000
-43976.000000
-44075.000000
-44174.000000
-44275.000000
-44373.000000
-44473.000000
-44573.000000
-44673.000000
-44773.000000
-44871.000000
-44971.000000
-45070.000000
-45173.000000
-45270.000000
-45369.000000
-45468.000000
-45568.000000
-45667.000000
-45767.000000
-45866.000000
-45966.000000
-46067.000000
-46168.000000
-46266.000000
-46370.000000
-46470.000000
-46572.000000
-46673.000000
-46774.000000
-46875.000000
-46977.000000
-47076.000000
-47176.000000
-47276.000000
-47376.000000
-47476.000000
-47576.000000
-47677.000000
-47778.000000
-47879.000000
-47978.000000
-48077.000000
-48178.000000
-48276.000000
-48377.000000
-48475.000000
-48575.000000
-48675.000000
-48775.000000
-48875.000000
-48973.000000
-49076.000000
-49177.000000
-49279.000000
-49376.000000
-49474.000000
-49573.000000
-49672.000000
-49772.000000
-49871.000000
-49970.000000
-50071.000000
-50171.000000
-50271.000000
-50370.000000
-50469.000000
-50569.000000
-50669.000000
-50769.000000
-50870.000000
-50968.000000
-51068.000000
-51166.000000
-51264.000000
-51362.000000
-51460.000000
-51557.000000
-51654.000000
-51750.000000
-51847.000000
-51943.000000
-52040.000000
-52136.000000
-52231.000000
-52326.000000
-52421.000000
-52515.000000
-52609.000000
-52703.000000
