1456.000000
1452.000000
1442.000000
1424.000000
1401.000000
1373.000000
1341.000000
1307.000000
1270.000000
1230.000000
1190.000000
1147.000000
1103.000000
1059.000000
1013.000000
967.000000
920.000000
873.000000
824.000000
776.000000
-265.000000
-365.000000
-463.000000
-562.000000
-662.000000
-761.000000
-861.000000
-961.000000
-1062.000000
-1161.000000
-1261.000000
-1363.000000
-1463.000000
-1565.000000
-1667.000000
-1768.000000
-1869.000000
-1970.000000
-2067.000000
-2166.000000
-2266.000000
-2367.000000
-2469.000000
-2568.000000
-2669.000000
-2769.000000
-2869.000000
-2969.000000
-3069.000000
-3169.000000
-3270.000000
-3368.000000
-3468.000000
-3566.000000
-3666.000000
-3766.000000
-3864.000000
-3964.000000
-4063.000000
-4168.000000
-4267.000000
-4365.000000
-4464.000000
-4562.000000
-4665.000000
-4765.000000
-4864.000000
-4965.000000
-5065.000000
-5166.000000
-5265.000000
-5364.000000
-5465.000000
-5565.000000
-5667.000000
-5769.000000
-5870.000000
-5971.000000
-6072.000000
-6172.000000
-6272.000000
-6371.000000
-6470.000000
-6570.000000
-6671.000000
-6774.000000
-6875.000000
-6975.000000
-7075.000000
-7176.000000
-7275.000000
-7375.000000
-7473.000000
-7573.000000
-7673.000000
-7773.000000
-7873.000000
-7971.000000
-8071.000000
-8169.000000
-8274.000000
-8372.000000
-8470.000000
-8570.000000
-8668.000000
-8771.000000
-8871.000000
-8971.000000
-9072.000000
-9172.000000
-9271.000000
-9371.000000
-9471.000000
-9572.000000
-9673.000000
-9774.000000
-9876.000000
-9977.000000
-10077.000000
-10177.000000
-10278.000000
-10377.000000
-10476.000000
-10576.000000
-10676.000000
-10780.000000
-10881.000000
-10982.000000
-11080.000000
-11181.000000
-11281.000000
-11380.000000
-11481.000000
-11580.000000
-11679.000000
-11778.000000
-11879.000000
-11977.000000
-12077.000000
-12176.000000
-12275.000000
-12379.000000
-12478.000000
-12576.000000
-12675.000000
-12778.000000
-12877.000000
-12977.000000
-13077.000000
-13178.000000
-13277.000000
-13378.000000
-13477.000000
-13578.000000
-13678.000000
-13779.000000
-13880.000000
-13982.000000
-14082.000000
-14183.000000
-14283.000000
-14384.000000
-14483.000000
-14582.000000
-14682.000000
-14782.000000
-14886.000000
-14986.000000
-15087.000000
-15186.000000
-15287.000000
-15387.000000
-15487.000000
-15588.000000
-15686.000000
-15785.000000
-15884.000000
-15985.000000
-16084.000000
-16182.000000
-16282.000000
-16381.000000
-16485.000000
-16583.000000
-16681.000000
-16780.000000
-16880.000000
-16979.000000
-17082.000000
-17181.000000
-17282.000000
-17383.000000
-17484.000000
-17583.000000
-17683.000000
-17783.000000
-17884.000000
-17986.000000
-18087.000000
-18188.000000
-18289.000000
-18389.000000
-18490.000000
-18589.000000
-18689.000000
-18788.000000
-18888.000000
-18987.000000
-19088.000000
-19189.000000
-19289.000000
-19393.000000
-19493.000000
-19592.000000
-19693.000000
-19791.000000
-19891.000000
-19990.000000
-20090.000000
-20189.000000
-20289.000000
-20388.000000
-20487.000000
-20591.000000
-20688.000000
-20787.000000
-20886.000000
-20986.000000
-21085.000000
-21185.000000
-21285.000000
-21385.000000
-21486.000000
-21586.000000
-21685.000000
-21789.000000
-21889.000000
-21990.000000
-22092.000000
-22194.000000
-22294.000000
-22395.000000
-22495.000000
-22595.000000
-22694.000000
-22793.000000
-22893.000000
-22993.000000
-23093.000000
-23195.000000
-23295.000000
-23395.000000
-23495.000000
-23595.000000
-23695.000000
-23795.000000
-23897.000000
-23997.000000
-24096.000000
-24196.000000
-24295.000000
-24393.000000
-24493.000000
-24593.000000
-24696.000000
-24794.000000
-24893.000000
-24991.000000
-25091.000000
-25191.000000
-25290.000000
-25390.000000
-25490.000000
-25591.000000
-25692.000000
-25791.000000
-25892.000000
-25996.000000
-26097.000000
-26199.000000
-26300.000000
-26400.000000
-26502.000000
-26601.000000
-26701.000000
-26801.000000
-26900.000000
-27000.000000
-27100.000000
-27200.000000
-27301.000000
-27401.000000
-27501.000000
-27601.000000
-27701.000000
-27801.000000
-27902.000000
-28001.000000
-28099.000000
-28202.000000
-28302.000000
-28401.000000
-28499.000000
-28600.000000
-28701.000000
-28802.000000
-28900.000000
-29000.000000
-29098.000000
-29196.000000
-29296.000000
-29396.000000
-29496.000000
-29597.000000
-29699.000000
-29799.000000
-29898.000000
-29998.000000
-30098.000000
-30200.000000
-30305.000000
-30406.000000
-30507.000000
-30609.000000
-30708.000000
-30808.000000
-30907.000000
-31007.000000
-31106.000000
-31206.000000
-31305.000000
-31407.000000
-31507.000000
-31607.000000
-31707.000000
-31807.000000
-31907.000000
-32006.000000
-32106.000000
-32205.000000
-32304.000000
-32404.000000
-32504.000000
-32603.000000
-32703.000000
-32804.000000
-32908.000000
-33005.000000
-33104.000000
-33203.000000
-33303.000000
-33403.000000
-33502.000000
-33603.000000
-33703.000000
-33804.000000
-33904.000000
-34003.000000
-34103.000000
-34203.000000
-34306.000000
-34408.000000
-34509.000000
-34610.000000
-34711.000000
-34811.000000
-34910.000000
-35009.000000
-35113.000000
-35212.000000
-35313.000000
-35413.000000
-35514.000000
-35614.000000
-35713.000000
-35813.000000
-35912.000000
-36011.000000
-36111.000000
-36211.000000
-36311.000000
-36411.000000
-36511.000000
-36609.000000
-36708.000000
-36807.000000
-36910.000000
-37010.000000
-37108.000000
-37207.000000
-37307.000000
-37405.000000
-37506.000000
-37605.000000
-37708.000000
-37808.000000
-37909.000000
-38009.000000
-38108.000000
-38210.000000
-38310.000000
-38411.000000
-38513.000000
-38614.000000
-38715.000000
-38816.000000
-38916.000000
-39016.000000
-39114.000000
-39215.000000
-39314.000000
-39415.000000
-39515.000000
-39615.000000
-39716.000000
-39815.000000
-39916.000000
-40018.000000
-40117.000000
-40217.000000
-40316.000000
-40416.000000
-40515.000000
-40614.000000
-40712.000000
-40811.000000
-40910.000000
-41015.000000
-41113.000000
-41211.000000
-41310.000000
-41409.000000
-41508.000000
-41608.000000
-41707.000000
-41808.000000
-41908.000000
-42010.000000
-42110.000000
-42209.000000
-42310.000000
-42413.000000
-42514.000000
-42617.000000
-42718.000000
-42819.000000
-42921.000000
-43021.000000
-43121.000000
-43220.000000
-43320.000000
-43419.000000
-43520.000000
-43620.000000
-43721.000000
-43822.000000
-43921.000000
-44021.000000
-44121.000000
-44219.000000
-44319.000000
-44417.000000
-44517.000000
-44617.000000
-44717.000000
-44816.000000
-44919.000000
-45018.000000
-45123.000000
-45221.000000
-45319.000000
-45418.000000
-45517.000000
-45616.000000
-45717.000000
-45816.000000
-45917.000000
-46017.000000
-46117.000000
-46216.000000
-46316.000000
-46416.000000
-46516.000000
-46618.000000
-46720.000000
-46821.000000
-46922.000000
-47024.000000
-47123.000000
-47226.000000
-47325.000000
-47425.000000
-47525.000000
-47625.000000
-47726.000000
-47826.000000
-47927.000000
-48026.000000
-48126.000000
-48225.000000
-48325.000000
-48424.000000
-48523.000000
-48623.000000
-48723.000000
-48823.000000
-48921.000000
-49020.000000
-49119.000000
-49224.000000
-49322.000000
-49421.000000
-49523.000000
-49622.000000
-49721.000000
-49821.000000
-49920.000000
-50020.000000
-50121.000000
-50221.000000
-50321.000000
-50421.000000
-50521.000000
-50622.000000
-50723.000000
-50825.000000
-50926.000000
-51027.000000
-51128.000000
-51228.000000
-51327.000000
-51427.000000
-51527.000000
-51627.000000
-51727.000000
-51828.000000
-51928.000000
-52029.000000
-52129.000000
-52232.000000
-52332.000000
-52431.000000
-52530.000000
-52629.000000
-52729.000000
-52829.000000
-52928.000000
-53027.000000
-53126.000000
-53225.000000
-53331.000000
-53429.000000
-53527.000000
-53626.000000
-53725.000000
-53824.000000
-53924.000000
-54024.000000
-54124.000000
-54224.000000
-54325.000000
-54424.000000
-54527.000000
-54627.000000
-54728.000000
-54828.000000
-54930.000000
-55031.000000
-55132.000000
-55234.000000
-55334.000000
-55434.000000
-55533.000000
-55632.000000
-55733.000000
-55833.000000
-55933.000000
-56034.000000
-56134.000000
-56235.000000
-56335.000000
-56435.000000
-56535.000000
-56633.000000
-56732.000000
-56833.000000
-56934.000000
-57033.000000
-57133.000000
-57232.000000
-57330.000000
-57433.000000
-57530.000000
-57627.000000
-57724.000000
-57822.000000
-57919.000000
-58017.000000
-58115.000000
-58214.000000
-58312.000000
-58410.000000
-58507.000000
-58605.000000
-58704.000000
-58802.000000
-58902.000000
-59002.000000
-59101.000000
-59202.000000
-59302.000000
-59399.000000
-59496.000000
-59595.000000
-59696.000000
-59796.000000
-59898.000000
-60000.000000
-60104.000000
-60211.000000
-60316.000000
-60420.000000
-60523.000000
-60626.000000
-60727.000000
-60829.000000
-60930.000000
-61032.000000
-61132.000000
-61232.000000
-61335.000000
-61434.000000
-61539.000000
-61636.000000
-61736.000000
-61834.000000
-61934.000000
-62032.000000
-62131.000000
-62230.000000
-62330.000000
-62430.000000
-62531.000000
-62630.000000
-62731.000000
-62831.000000
-62932.000000
-63034.000000
-63137.000000
-63238.000000
-63339.000000
-63440.000000
-63544.000000
-63643.000000
-63743.000000
-63842.000000
-63943.000000
-64042.000000
-64142.000000
-64242.000000
-64340.000000
-64440.000000
-64540.000000
-64640.000000
-64741.000000
-64839.000000
-64939.000000
-65037.000000
-65137.000000
-65234.000000
-65332.000000
-65431.000000
-65529.000000
-65632.000000
-65729.000000
-65828.000000
-65926.000000
-66025.000000
-66124.000000
-66224.000000
-66324.000000
-66425.000000
-66525.000000
-66626.000000
-66724.000000
-66824.000000
-66923.000000
-67023.000000
-67124.000000
-67225.000000
-67324.000000
-67423.000000
-67522.000000
-67621.000000
-67720.000000
-67820.000000
-67920.000000
-68022.000000
-68127.000000
-68228.000000
-68331.000000
-68431.000000
-68533.000000
-68634.000000
-68734.000000
-68835.000000
-68934.000000
-69034.000000
-69134.000000
-69235.000000
-69332.000000
-69430.000000
-69528.000000
-69626.000000
-69728.000000
-69825.000000
-69921.000000
-70019.000000
-70118.000000
-70220.000000
-70320.000000
-70419.000000
-70520.000000
-70621.000000
-70723.000000
-70822.000000
-70924.000000
-71026.000000
-71129.000000
-71233.000000
-71336.000000
-71437.000000
-71538.000000
-71637.000000
-71736.000000
-71834.000000
-71933.000000
-72031.000000
-72130.000000
-72228.000000
-72326.000000
-72423.000000
-72521.000000
-72616.000000
-72711.000000
-72805.000000
-72900.000000
-72993.000000
-73086.000000
-73177.000000
-73270.000000
-73360.000000
