2416.000000
2412.000000
2401.000000
2383.000000
2360.000000
2332.000000
2299.000000
2264.000000
2227.000000
2186.000000
2143.000000
2101.000000
2057.000000
2013.000000
1967.000000
1921.000000
1874.000000
1827.000000
1779.000000
1730.000000
690.000000
590.000000
491.000000
390.000000
292.000000
192.000000
93.000000
-9.000000
-112.000000
-209.000000
-309.000000
-407.000000
-508.000000
-606.000000
-705.000000
-805.000000
-904.000000
-1004.000000
-1105.000000
-1203.000000
-1305.000000
-1405.000000
-1507.000000
-1609.000000
-1711.000000
-1812.000000
-1912.000000
-2012.000000
-2115.000000
-2215.000000
-2315.000000
-2413.000000
-2513.000000
-2612.000000
-2713.000000
-2814.000000
-2913.000000
-3014.000000
-3114.000000
-3214.000000
-3315.000000
-3414.000000
-3513.000000
-3611.000000
-3712.000000
-3811.000000
-3909.000000
-4010.000000
-4109.000000
-4216.000000
-4313.000000
-4412.000000
-4510.000000
-4609.000000
-4710.000000
-4809.000000
-4909.000000
-5010.000000
-5111.000000
-5212.000000
-5310.000000
-5411.000000
-5511.000000
-5616.000000
-5714.000000
-5815.000000
-5917.000000
-6018.000000
-6118.000000
-6218.000000
-6319.000000
-6420.000000
-6518.000000
-6619.000000
-6718.000000
-6819.000000
-6920.000000
-7019.000000
-7120.000000
-7220.000000
-7320.000000
-7420.000000
-7519.000000
-7618.000000
-7718.000000
-7818.000000
-7918.000000
-8016.000000
-8117.000000
-8217.000000
-8321.000000
-8419.000000
-8518.000000
-8617.000000
-8716.000000
-8816.000000
-8916.000000
-9016.000000
-9116.000000
-9218.000000
-9317.000000
-9416.000000
-9517.000000
-9617.000000
-9718.000000
-9821.000000
-9922.000000
-10023.000000
-10124.000000
-10223.000000
-10326.000000
-10425.000000
-10525.000000
-10624.000000
-10725.000000
-10825.000000
-10926.000000
-11026.000000
-11125.000000
-11225.000000
-11325.000000
-11425.000000
-11525.000000
-11625.000000
-11724.000000
-11824.000000
-11924.000000
-12024.000000
-12122.000000
-12225.000000
-12327.000000
-12427.000000
-12525.000000
-12625.000000
-12724.000000
-12823.000000
-12922.000000
-13022.000000
-13122.000000
-13222.000000
-13323.000000
-13423.000000
-13522.000000
-13622.000000
-13723.000000
-13824.000000
-13926.000000
-14027.000000
-14131.000000
-14232.000000
-14332.000000
-14432.000000
-14531.000000
-14632.000000
-14731.000000
-14832.000000
-14931.000000
-15032.000000
-15133.000000
-15231.000000
-15332.000000
-15432.000000
-15531.000000
-15631.000000
-15730.000000
-15830.000000
-15930.000000
-16029.000000
-16129.000000
-16230.000000
-16330.000000
-16434.000000
-16533.000000
-16632.000000
-16730.000000
-16829.000000
-16928.000000
-17028.000000
-17127.000000
-17227.000000
-17327.000000
-17428.000000
-17528.000000
-17628.000000
-17727.000000
-17828.000000
-17930.000000
-18032.000000
-18133.000000
-18237.000000
-18339.000000
-18438.000000
-18538.000000
-18637.000000
-18738.000000
-18836.000000
-18937.000000
-19037.000000
-19138.000000
-19239.000000
-19338.000000
-19438.000000
-19538.000000
-19636.000000
-19736.000000
-19836.000000
-19935.000000
-20035.000000
-20135.000000
-20237.000000
-20337.000000
-20436.000000
-20541.000000
-20639.000000
-20737.000000
-20836.000000
-20935.000000
-21034.000000
-21134.000000
-21234.000000
-21334.000000
-21433.000000
-21534.000000
-21633.000000
-21733.000000
-21833.000000
-21934.000000
-22035.000000
-22138.000000
-22239.000000
-22343.000000
-22445.000000
-22543.000000
-22643.000000
-22742.000000
-22843.000000
-22942.000000
-23042.000000
-23143.000000
-23244.000000
-23345.000000
-23444.000000
-23543.000000
-23643.000000
-23741.000000
-23841.000000
-23941.000000
-24040.000000
-24141.000000
-24240.000000
-24339.000000
-24438.000000
-24540.000000
-24645.000000
-24743.000000
-24842.000000
-24941.000000
-25041.000000
-25140.000000
-25240.000000
-25339.000000
-25439.000000
-25540.000000
-25641.000000
-25740.000000
-25840.000000
-25940.000000
-26041.000000
-26142.000000
-26244.000000
-26345.000000
-26445.000000
-26547.000000
-26647.000000
-26747.000000
-26849.000000
-26949.000000
-27050.000000
-27149.000000
-27250.000000
-27350.000000
-27450.000000
-27550.000000
-27651.000000
-27750.000000
-27850.000000
-27948.000000
-28048.000000
-28147.000000
-28248.000000
-28347.000000
-28445.000000
-28545.000000
-28644.000000
-28750.000000
-28848.000000
-28946.000000
-29048.000000
-29147.000000
-29246.000000
-29346.000000
-29446.000000
-29546.000000
-29646.000000
-29747.000000
-29846.000000
-29946.000000
-30047.000000
-30148.000000
-30248.000000
-30350.000000
-30451.000000
-30552.000000
-30654.000000
-30753.000000
-30853.000000
-30952.000000
-31055.000000
-31155.000000
-31255.000000
-31356.000000
-31457.000000
-31556.000000
-31657.000000
-31757.000000
-31856.000000
-31957.000000
-32054.000000
-32154.000000
-32254.000000
-32354.000000
-32452.000000
-32552.000000
-32651.000000
-32750.000000
-32855.000000
-32953.000000
-33050.000000
-33150.000000
-33249.000000
-33349.000000
-33449.000000
-33552.000000
-33653.000000
-33752.000000
-33853.000000
-33952.000000
-34053.000000
-34152.000000
-34253.000000
-34355.000000
-34457.000000
-34558.000000
-34658.000000
-34759.000000
-34859.000000
-34958.000000
-35058.000000
-35157.000000
-35258.000000
-35358.000000
-35459.000000
-35560.000000
-35659.000000
-35759.000000
-35859.000000
-35961.000000
-36062.000000
-36160.000000
-36260.000000
-36359.000000
-36460.000000
-36559.000000
-36658.000000
-36757.000000
-36856.000000
-36960.000000
-37058.000000
-37157.000000
-37256.000000
-37356.000000
-37455.000000
-37555.000000
-37654.000000
-37755.000000
-37855.000000
-37956.000000
-38055.000000
-38155.000000
-38259.000000
-38360.000000
-38461.000000
-38563.000000
-38663.000000
-38764.000000
-38864.000000
-38965.000000
-39064.000000
-39164.000000
-39264.000000
-39364.000000
-39464.000000
-39565.000000
-39665.000000
-39765.000000
-39865.000000
-39966.000000
-40065.000000
-40165.000000
-40264.000000
-40363.000000
-40462.000000
-40566.000000
-40664.000000
-40763.000000
-40863.000000
-40962.000000
-41066.000000
-41164.000000
-41262.000000
-41361.000000
-41461.000000
-41561.000000
-41661.000000
-41760.000000
-41861.000000
-41961.000000
-42062.000000
-42161.000000
-42261.000000
-42362.000000
-42462.000000
-42564.000000
-42665.000000
-42766.000000
-42871.000000
-42971.000000
-43071.000000
-43170.000000
-43270.000000
-43369.000000
-43469.000000
-43569.000000
-43670.000000
-43771.000000
-43871.000000
-43971.000000
-44072.000000
-44171.000000
-44271.000000
-44369.000000
-44469.000000
-44569.000000
-44669.000000
-44768.000000
-44866.000000
-44967.000000
-45070.000000
-45173.000000
-45270.000000
-45368.000000
-45467.000000
-45568.000000
-45667.000000
-45767.000000
-45866.000000
-45967.000000
-46068.000000
-46168.000000
-46266.000000
-46367.000000
-46467.000000
-46568.000000
-46671.000000
-46772.000000
-46873.000000
-46974.000000
-47074.000000
-47173.000000
-47276.000000
-47376.000000
-47475.000000
-47575.000000
-47676.000000
-47776.000000
-47877.000000
-47976.000000
-48076.000000
-48176.000000
-48275.000000
-48376.000000
-48475.000000
-48575.000000
-48675.000000
-48774.000000
-48874.000000
-48971.000000
-49071.000000
-49171.000000
-49274.000000
-49372.000000
-49474.000000
-49572.000000
-49671.000000
-49771.000000
-49871.000000
-49970.000000
-50071.000000
-50171.000000
-50272.000000
-50372.000000
-50471.000000
-50572.000000
-50674.000000
-50776.000000
-50877.000000
-50977.000000
-51079.000000
-51178.000000
-51278.000000
-51378.000000
-51478.000000
-51577.000000
-51677.000000
-51777.000000
-51880.000000
-51980.000000
-52080.000000
-52180.000000
-52281.000000
-52380.000000
-52481.000000
-52579.000000
-52678.000000
-52778.000000
-52878.000000
-52977.000000
-53076.000000
-53176.000000
-53277.000000
-53378.000000
-53476.000000
-53575.000000
-53674.000000
-53773.000000
-53872.000000
-53972.000000
-54071.000000
-54175.000000
-54277.000000
-54377.000000
-54476.000000
-54576.000000
-54676.000000
-54778.000000
-54879.000000
-54981.000000
-55081.000000
-55183.000000
-55283.000000
-55383.000000
-55483.000000
-55583.000000
-55681.000000
-55782.000000
-55881.000000
-55983.000000
-56083.000000
-56183.000000
-56283.000000
-56386.000000
-56485.000000
-56585.000000
-56685.000000
-56783.000000
-56884.000000
-56984.000000
-57083.000000
-57182.000000
-57281.000000
-57384.000000
-57484.000000
-57581.000000
-57680.000000
-57779.000000
-57879.000000
-57979.000000
-58079.000000
-58179.000000
-58278.000000
-58380.000000
-58479.000000
-58582.000000
-58682.000000
-58782.000000
-58884.000000
-58986.000000
-59088.000000
-59189.000000
-59290.000000
-59390.000000
-59489.000000
-59589.000000
-59689.000000
-59789.000000
-59890.000000
-59989.000000
-60090.000000
-60190.000000
-60289.000000
-60389.000000
-60489.000000
-60588.000000
-60690.000000
-60790.000000
-60889.000000
-60989.000000
-61089.000000
-61187.000000
-61287.000000
-61386.000000
-61490.000000
-61589.000000
-61687.000000
-61787.000000
-61885.000000
-61984.000000
-62084.000000
-62183.000000
-62284.000000
-62383.000000
-62484.000000
-62584.000000
-62683.000000
-62783.000000
-62882.000000
-62986.000000
-63087.000000
-63188.000000
-63289.000000
-63391.000000
-63491.000000
-63591.000000
-63691.000000
-63791.000000
-63890.000000
-63991.000000
-64091.000000
-64192.000000
-64292.000000
-64391.000000
-64491.000000
-64590.000000
-64689.000000
-64788.000000
-64888.000000
-64989.000000
-65088.000000
-65187.000000
-65284.000000
-65383.000000
-65482.000000
-65584.000000
-65682.000000
-65778.000000
-65874.000000
-65971.000000
-66068.000000
-66167.000000
-66265.000000
-66363.000000
-66462.000000
-66562.000000
-66661.000000
-66758.000000
-66854.000000
-66952.000000
-67051.000000
-67156.000000
-67257.000000
-67359.000000
-67462.000000
-67562.000000
-67662.000000
-67763.000000
-67864.000000
-67964.000000
-68066.000000
-68166.000000
-68268.000000
-68370.000000
-68470.000000
-68572.000000
-68674.000000
-68774.000000
-68875.000000
-68976.000000
-69076.000000
-69181.000000
-69282.000000
-69381.000000
-69482.000000
-69583.000000
-69688.000000
-69787.000000
-69885.000000
-69984.000000
-70083.000000
-70183.000000
-70283.000000
-70383.000000
-70483.000000
-70582.000000
-70683.000000
-70782.000000
-70881.000000
-70980.000000
-71078.000000
-71179.000000
-71284.000000
-71385.000000
-71485.000000
-71585.000000
-71683.000000
-71781.000000
-71879.000000
-71978.000000
-72075.000000
-72173.000000
-72270.000000
-72367.000000
-72463.000000
-72558.000000
-72654.000000
-72750.000000
-72844.000000
-72938.000000
-73029.000000
-73120.000000
-73212.000000
