237.000000
233.000000
222.000000
204.000000
182.000000
155.000000
122.000000
87.000000
51.000000
12.000000
-31.000000
-77.000000
-120.000000
-163.000000
-207.000000
-253.000000
-299.000000
-346.000000
-393.000000
-441.000000
-1487.000000
-1587.000000
-1688.000000
-1788.000000
-1888.000000
-1989.000000
-2090.000000
-2189.000000
-2288.000000
-2388.000000
-2490.000000
-2589.000000
-2694.000000
-2794.000000
-2893.000000
-2994.000000
-3094.000000
-3193.000000
-3294.000000
-3392.000000
-3492.000000
-3590.000000
-3690.000000
-3788.000000
-3890.000000
-3989.000000
-4087.000000
-4192.000000
-4289.000000
-4387.000000
-4486.000000
-4586.000000
-4685.000000
-4784.000000
-4884.000000
-4985.000000
-5088.000000
-5190.000000
-5288.000000
-5390.000000
-5490.000000
-5591.000000
-5692.000000
-5794.000000
-5895.000000
-5996.000000
-6096.000000
-6199.000000
-6298.000000
-6398.000000
-6496.000000
-6597.000000
-6697.000000
-6798.000000
-6900.000000
-6999.000000
-7099.000000
-7199.000000
-7299.000000
-7399.000000
-7500.000000
-7601.000000
-7699.000000
-7801.000000
-7900.000000
-7999.000000
-8098.000000
-8197.000000
-8301.000000
-8397.000000
-8497.000000
-8599.000000
-8698.000000
-8798.000000
-8898.000000
-8998.000000
-9098.000000
-9199.000000
-9299.000000
-9397.000000
-9499.000000
-9599.000000
-9700.000000
-9803.000000
-9907.000000
-10008.000000
-10108.000000
-10209.000000
-10308.000000
-10407.000000
-10507.000000
-10606.000000
-10707.000000
-10807.000000
-10907.000000
-11011.000000
-11111.000000
-11211.000000
-11311.000000
-11411.000000
-11512.000000
-11610.000000
-11711.000000
-11810.000000
-11909.000000
-12009.000000
-12107.000000
-12207.000000
-12306.000000
-12413.000000
-12510.000000
-12608.000000
-12707.000000
-12806.000000
-12907.000000
-13006.000000
-13106.000000
-13207.000000
-13306.000000
-13408.000000
-13508.000000
-13608.000000
-13712.000000
-13813.000000
-13915.000000
-14017.000000
-14117.000000
-14218.000000
-14317.000000
-14418.000000
-14517.000000
-14617.000000
-14716.000000
-14816.000000
-14916.000000
-15019.000000
-15120.000000
-15219.000000
-15320.000000
-15420.000000
-15520.000000
-15620.000000
-15720.000000
-15819.000000
-15919.000000
-16018.000000
-16121.000000
-16219.000000
-16320.000000
-16421.000000
-16522.000000
-16620.000000
-16718.000000
-16817.000000
-16916.000000
-17016.000000
-17115.000000
-17215.000000
-17319.000000
-17420.000000
-17520.000000
-17620.000000
-17719.000000
-17820.000000
-17921.000000
-18024.000000
-18125.000000
-18225.000000
-18328.000000
-18427.000000
-18530.000000
-18629.000000
-18729.000000
-18828.000000
-18928.000000
-19028.000000
-19130.000000
-19231.000000
-19329.000000
-19430.000000
-19530.000000
-19628.000000
-19731.000000
-19831.000000
-19930.000000
-20030.000000
-20130.000000
-20228.000000
-20327.000000
-20427.000000
-20531.000000
-20630.000000
-20728.000000
-20826.000000
-20926.000000
-21025.000000
-21125.000000
-21228.000000
-21328.000000
-21427.000000
-21528.000000
-21628.000000
-21728.000000
-21828.000000
-21929.000000
-22030.000000
-22133.000000
-22234.000000
-22334.000000
-22440.000000
-22538.000000
-22638.000000
-22737.000000
-22837.000000
-22937.000000
-23038.000000
-23139.000000
-23239.000000
-23339.000000
-23439.000000
-23539.000000
-23638.000000
-23740.000000
-23840.000000
-23939.000000
-24039.000000
-24140.000000
-24239.000000
-24338.000000
-24437.000000
-24536.000000
-24641.000000
-24738.000000
-24837.000000
-24936.000000
-25038.000000
-25138.000000
-25237.000000
-25337.000000
-25436.000000
-25537.000000
-25637.000000
-25737.000000
-25837.000000
-25938.000000
-26038.000000
-26139.000000
-26241.000000
-26345.000000
-26446.000000
-26547.000000
-26647.000000
-26747.000000
-26846.000000
-26946.000000
-27046.000000
-27146.000000
-27247.000000
-27348.000000
-27451.000000
-27551.000000
-27651.000000
-27751.000000
-27850.000000
-27949.000000
-28049.000000
-28148.000000
-28248.000000
-28347.000000
-28445.000000
-28545.000000
-28647.000000
-28752.000000
-28850.000000
-28948.000000
-29048.000000
-29146.000000
-29245.000000
-29345.000000
-29445.000000
-29546.000000
-29647.000000
-29747.000000
-29850.000000
-29949.000000
-30050.000000
-30151.000000
-30252.000000
-30353.000000
-30454.000000
-30555.000000
-30656.000000
-30756.000000
-30856.000000
-30955.000000
-31057.000000
-31158.000000
-31257.000000
-31358.000000
-31459.000000
-31559.000000
-31660.000000
-31760.000000
-31860.000000
-31959.000000
-32058.000000
-32157.000000
-32259.000000
-32360.000000
-32458.000000
-32557.000000
-32657.000000
-32756.000000
-32860.000000
-32958.000000
-33057.000000
-33155.000000
-33255.000000
-33355.000000
-33455.000000
-33557.000000
-33658.000000
-33758.000000
-33859.000000
-33957.000000
-34058.000000
-34158.000000
-34259.000000
-34361.000000
-34462.000000
-34563.000000
-34664.000000
-34767.000000
-34867.000000
-34966.000000
-35066.000000
-35165.000000
-35266.000000
-35367.000000
-35468.000000
-35569.000000
-35668.000000
-35769.000000
-35868.000000
-35970.000000
-36071.000000
-36170.000000
-36270.000000
-36369.000000
-36469.000000
-36567.000000
-36666.000000
-36765.000000
-36863.000000
-36967.000000
-37065.000000
-37164.000000
-37266.000000
-37366.000000
-37465.000000
-37564.000000
-37664.000000
-37764.000000
-37864.000000
-37966.000000
-38065.000000
-38166.000000
-38267.000000
-38368.000000
-38473.000000
-38574.000000
-38675.000000
-38775.000000
-38876.000000
-38976.000000
-39076.000000
-39176.000000
-39275.000000
-39375.000000
-39475.000000
-39576.000000
-39676.000000
-39776.000000
-39880.000000
-39980.000000
-40079.000000
-40180.000000
-40278.000000
-40378.000000
-40477.000000
-40577.000000
-40676.000000
-40774.000000
-40874.000000
-40977.000000
-41081.000000
-41177.000000
-41276.000000
-41375.000000
-41474.000000
-41574.000000
-41674.000000
-41774.000000
-41875.000000
-41975.000000
-42077.000000
-42175.000000
-42279.000000
-42379.000000
-42480.000000
-42582.000000
-42683.000000
-42784.000000
-42886.000000
-42985.000000
-43085.000000
-43184.000000
-43285.000000
-43386.000000
-43487.000000
-43586.000000
-43687.000000
-43788.000000
-43888.000000
-43988.000000
-44089.000000
-44188.000000
-44288.000000
-44387.000000
-44486.000000
-44586.000000
-44689.000000
-44789.000000
-44887.000000
-44988.000000
-45089.000000
-45189.000000
-45287.000000
-45385.000000
-45484.000000
-45583.000000
-45683.000000
-45787.000000
-45886.000000
-45987.000000
-46087.000000
-46188.000000
-46287.000000
-46387.000000
-46488.000000
-46589.000000
-46692.000000
-46793.000000
-46894.000000
-46996.000000
-47098.000000
-47198.000000
-47297.000000
-47397.000000
-47496.000000
-47597.000000
-47697.000000
-47798.000000
-47898.000000
-47998.000000
-48097.000000
-48197.000000
-48296.000000
-48399.000000
-48499.000000
-48598.000000
-48699.000000
-48798.000000
-48897.000000
-48995.000000
-49094.000000
-49198.000000
-49297.000000
-49396.000000
-49495.000000
-49597.000000
-49696.000000
-49796.000000
-49896.000000
-49995.000000
-50095.000000
-50196.000000
-50295.000000
-50395.000000
-50495.000000
-50596.000000
-50697.000000
-50799.000000
-50903.000000
-51004.000000
-51106.000000
-51205.000000
-51305.000000
-51404.000000
-51505.000000
-51605.000000
-51705.000000
-51805.000000
-51906.000000
-52006.000000
-52109.000000
-52209.000000
-52310.000000
-52408.000000
-52508.000000
-52609.000000
-52707.000000
-52807.000000
-52906.000000
-53005.000000
-53104.000000
-53204.000000
-53311.000000
-53409.000000
-53508.000000
-53606.000000
-53705.000000
-53804.000000
-53903.000000
-54003.000000
-54104.000000
-54203.000000
-54304.000000
-54404.000000
-54504.000000
-54608.000000
-54708.000000
-54810.000000
-54912.000000
-55013.000000
-55114.000000
-55216.000000
-55316.000000
-55415.000000
-55514.000000
-55615.000000
-55714.000000
-55817.000000
-55918.000000
-56020.000000
-56120.000000
-56220.000000
-56319.000000
-56419.000000
-56519.000000
-56617.000000
-56717.000000
-56816.000000
-56919.000000
-57019.000000
-57118.000000
-57217.000000
-57316.000000
-57421.000000
-57518.000000
-57616.000000
-57715.000000
-57814.000000
-57914.000000
-58014.000000
-58117.000000
-58217.000000
-58317.000000
-58416.000000
-58515.000000
-58615.000000
-58716.000000
-58817.000000
-58918.000000
-59020.000000
-59122.000000
-59223.000000
-59324.000000
-59427.000000
-59526.000000
-59626.000000
-59725.000000
-59826.000000
-59926.000000
-60027.000000
-60128.000000
-60227.000000
-60328.000000
-60427.000000
-60526.000000
-60630.000000
-60728.000000
-60828.000000
-60928.000000
-61028.000000
-61126.000000
-61225.000000
-61325.000000
-61423.000000
-61528.000000
-61626.000000
-61727.000000
-61826.000000
-61926.000000
-62025.000000
-62125.000000
-62225.000000
-62326.000000
-62425.000000
-62526.000000
-62625.000000
-62727.000000
-62827.000000
-62928.000000
-63032.000000
-63134.000000
-63234.000000
-63335.000000
-63435.000000
-63535.000000
-63633.000000
-63732.000000
-63832.000000
-63931.000000
-64030.000000
-64130.000000
-64230.000000
-64331.000000
-64431.000000
-64531.000000
-64629.000000
-64729.000000
-64826.000000
-64922.000000
-65020.000000
-65117.000000
-65215.000000
-65310.000000
-65407.000000
-65505.000000
-65604.000000
-65698.000000
-65790.000000
-65883.000000
-65975.000000
-66067.000000
-66160.000000
-66254.000000
-66346.000000
-66578.000000
-66572.000000
-66547.000000
-66506.000000
-66452.000000
-66394.000000
-66332.000000
-66267.000000
-66208.000000
-66145.000000
-66078.000000
-66015.000000
-65951.000000
-65888.000000
-65823.000000
-65759.000000
-65695.000000
-65629.000000
-65559.000000
-65489.000000
-65354.000000
-65151.000000
-64943.000000
-64737.000000
-64528.000000
-64320.000000
-64113.000000
-63905.000000
-63694.000000
-63488.000000
-63279.000000
-63071.000000
-62861.000000
-62653.000000
-62447.000000
-62238.000000
-62026.000000
-61820.000000
-61612.000000
-61400.000000
-61191.000000
-60983.000000
-60776.000000
-60568.000000
-60360.000000
-60152.000000
-59938.000000
-59730.000000
-59524.000000
-59318.000000
-59108.000000
-58897.000000
-58689.000000
-58481.000000
-58269.000000
-58059.000000
-57851.000000
-57643.000000
-57437.000000
-57222.000000
-57013.000000
-56803.000000
-56595.000000
-56383.000000
-56174.000000
-55966.000000
-55758.000000
-55550.000000
-55344.000000
-55135.000000
-54926.000000
-54716.000000
-54508.000000
-54301.000000
-54088.000000
-53879.000000
-53670.000000
-53464.000000
-53252.000000
-53043.000000
-52835.000000
-52626.000000
-52420.000000
-52207.000000
-51998.000000
-51790.000000
-51583.000000
-51376.000000
-51168.000000
-50959.000000
-50749.000000
-50537.000000
-50329.000000
-50123.000000
-49913.000000
-49705.000000
-49497.000000
-49289.000000
-49078.000000
-48868.000000
-48655.000000
-48447.000000
-48239.000000
-48031.000000
-47823.000000
-47616.000000
-47409.000000
-47203.000000
-46996.000000
-46783.000000
-46573.000000
-46365.000000
-46159.000000
-45950.000000
-45741.000000
-45533.000000
-45326.000000
-45121.000000
-44905.000000
-44693.000000
-44483.000000
-44277.000000
-44069.000000
-43860.000000
-43652.000000
-43444.000000
-43238.000000
-43032.000000
-42819.000000
-42610.000000
-42401.000000
-42193.000000
-42049.000000
-42015.000000
-42010.000000
-42008.000000
-42008.000000
-42011.000000
-42022.000000
-42040.000000
-42063.000000
-42090.000000
-42121.000000
-42155.000000
-42192.000000
-42231.000000
-42273.000000
-42315.000000
-42360.000000
-42404.000000
-42450.000000
-42497.000000
-42544.000000
-42593.000000
-42641.000000
-42690.000000
-43727.000000
-43831.000000
-43930.000000
-44030.000000
-44129.000000
-44229.000000
-44327.000000
-44425.000000
-44525.000000
-44625.000000
-44725.000000
-44824.000000
-44923.000000
-45026.000000
-45130.000000
-45228.000000
-45326.000000
-45425.000000
-45524.000000
-45623.000000
-45724.000000
-45823.000000
-45923.000000
-46024.000000
-46124.000000
-46224.000000
-46326.000000
-46427.000000
-46529.000000
-46629.000000
-46732.000000
-46832.000000
-46933.000000
-47035.000000
-47134.000000
-47234.000000
-47332.000000
-47432.000000
-47533.000000
-47632.000000
-47737.000000
-47837.000000
-47937.000000
-48037.000000
-48137.000000
-48236.000000
-48336.000000
-48435.000000
-48535.000000
-48635.000000
-48735.000000
-48833.000000
-48936.000000
-49034.000000
-49133.000000
-49238.000000
-49336.000000
-49434.000000
-49534.000000
-49633.000000
-49733.000000
-49832.000000
-49932.000000
-50032.000000
-50132.000000
-50235.000000
-50336.000000
-50437.000000
-50537.000000
-50638.000000
-50739.000000
-50841.000000
-50941.000000
-51042.000000
-51142.000000
-51243.000000
-51342.000000
-51442.000000
-51541.000000
-51645.000000
-51745.000000
-51846.000000
-51946.000000
-52046.000000
-52146.000000
-52246.000000
-52346.000000
-52447.000000
-52546.000000
-52644.000000
-52743.000000
-52844.000000
-52945.000000
-53045.000000
-53144.000000
-53243.000000
-53347.000000
-53444.000000
-53544.000000
-53642.000000
-53742.000000
-53841.000000
-53941.000000
-54041.000000
-54141.000000
-54245.000000
-54346.000000
-54445.000000
-54546.000000
-54646.000000
-54747.000000
-54849.000000
-54950.000000
-55051.000000
-55152.000000
-55253.000000
-55352.000000
-55452.000000
-55551.000000
-55654.000000
-55754.000000
-55853.000000
-55955.000000
-56056.000000
-56156.000000
-56257.000000
-56356.000000
-56456.000000
-56555.000000
-56654.000000
-56754.000000
-56853.000000
-56957.000000
-57055.000000
-57154.000000
-57254.000000
-57352.000000
-57457.000000
-57553.000000
-57652.000000
-57751.000000
-57851.000000
-57951.000000
-58051.000000
-58150.000000
-58250.000000
-58354.000000
-58455.000000
-58553.000000
-58654.000000
-58754.000000
-58856.000000
-58958.000000
-59059.000000
-59161.000000
-59261.000000
-59361.000000
-59461.000000
-59560.000000
-59659.000000
-59761.000000
-59861.000000
-59960.000000
-60061.000000
-60161.000000
-60260.000000
-60359.000000
-60459.000000
-60558.000000
-60657.000000
-60756.000000
-60855.000000
-60955.000000
-61056.000000
-61157.000000
-61255.000000
-61355.000000
-61455.000000
-61558.000000
-61655.000000
-61754.000000
-61853.000000
-61953.000000
-62053.000000
-62153.000000
-62253.000000
-62353.000000
-62454.000000
-62558.000000
-62658.000000
-62758.000000
-62857.000000
-62957.000000
-63057.000000
-63154.000000
-63252.000000
-63350.000000
-63446.000000
-63542.000000
-63637.000000
-63732.000000
-63827.000000
-63925.000000
-64019.000000
-64113.000000
-64208.000000
-64302.000000
-64395.000000
-64489.000000
-64581.000000
-64811.000000
-64805.000000
-64782.000000
-64743.000000
-64690.000000
-64631.000000
-64571.000000
-64510.000000
-64447.000000
-64385.000000
-64322.000000
-64260.000000
-64197.000000
-64128.000000
-64064.000000
-64000.000000
-63935.000000
-63869.000000
-63805.000000
-63738.000000
-63609.000000
-63404.000000
-63197.000000
-62988.000000
-62778.000000
-62570.000000
-62361.000000
-62151.000000
-61942.000000
-61733.000000
-61526.000000
-61308.000000
-61099.000000
-60888.000000
-60679.000000
-60472.000000
-60262.000000
-60053.000000
-59845.000000
-59637.000000
-59431.000000
-59222.000000
-59007.000000
-58796.000000
-58588.000000
-58381.000000
-58169.000000
-57960.000000
-57750.000000
-57542.000000
-57329.000000
-57115.000000
-56905.000000
-56697.000000
-56488.000000
-56279.000000
-56068.000000
-55858.000000
-55638.000000
-55444.000000
-55236.000000
-55021.000000
-54810.000000
-54601.000000
-54393.000000
-54183.000000
-53974.000000
-53765.000000
-53557.000000
-53350.000000
-53135.000000
-52927.000000
-52713.000000
-52505.000000
-52297.000000
-52087.000000
-51878.000000
-51670.000000
-51462.000000
-51255.000000
-51046.000000
-50837.000000
-50622.000000
-50414.000000
-50207.000000
-49998.000000
-49788.000000
-49580.000000
-49372.000000
-49160.000000
-48951.000000
-48743.000000
-48533.000000
-48322.000000
-48114.000000
-47905.000000
-47697.000000
-47489.000000
-47282.000000
-47076.000000
-46867.000000
-46658.000000
-46445.000000
-46237.000000
-46030.000000
-45821.000000
-45612.000000
-45405.000000
-45199.000000
-44987.000000
-44778.000000
-44568.000000
-44356.000000
-44149.000000
-43941.000000
-43733.000000
-43524.000000
-43319.000000
-43112.000000
-42905.000000
-42695.000000
-42482.000000
-42274.000000
-42068.000000
-41859.000000
-41650.000000
-41443.000000
-41235.000000
-41029.000000
-40814.000000
-40606.000000
-40393.000000
-40269.000000
-40245.000000
-40240.000000
-40240.000000
-40240.000000
-40243.000000
-40255.000000
-40272.000000
-40294.000000
-40321.000000
-40352.000000
-40385.000000
-40422.000000
-40461.000000
-40501.000000
-40544.000000
-40587.000000
-40631.000000
-40677.000000
-40722.000000
-40768.000000
-40815.000000
-40863.000000
-40910.000000
-41948.000000
-42049.000000
-42147.000000
-42247.000000
-42348.000000
-42448.000000
-42549.000000
-42651.000000
-42752.000000
-42853.000000
-42953.000000
-43053.000000
-43153.000000
-43255.000000
-43355.000000
-43455.000000
-43555.000000
-43656.000000
-43757.000000
-43856.000000
-43957.000000
-44057.000000
-44156.000000
-44256.000000
-44355.000000
-44454.000000
-44553.000000
-44654.000000
-44752.000000
-44855.000000
-44954.000000
-45053.000000
-45157.000000
-45254.000000
-45353.000000
-45452.000000
-45552.000000
-45651.000000
-45751.000000
-45851.000000
-45952.000000
-46052.000000
-46153.000000
-46251.000000
-46352.000000
-46452.000000
-46554.000000
-46659.000000
-46760.000000
-46861.000000
-46962.000000
-47062.000000
-47162.000000
-47261.000000
-47361.000000
-47460.000000
-47561.000000
-47661.000000
-47762.000000
-47862.000000
-47962.000000
-48062.000000
-48162.000000
-48264.000000
-48365.000000
-48464.000000
-48564.000000
-48663.000000
-48764.000000
-48862.000000
-48961.000000
-49060.000000
-49159.000000
-49263.000000
-49360.000000
-49459.000000
-49558.000000
-49659.000000
-49758.000000
-49858.000000
-49960.000000
-50060.000000
-50161.000000
-50262.000000
-50361.000000
-50461.000000
-50562.000000
-50664.000000
-50765.000000
-50867.000000
-50967.000000
-51067.000000
-51168.000000
-51268.000000
-51371.000000
-51468.000000
-51570.000000
-51670.000000
-51770.000000
-51871.000000
-51971.000000
-52071.000000
-52171.000000
-52271.000000
-52371.000000
-52471.000000
-52570.000000
-52670.000000
-52769.000000
-52869.000000
-52967.000000
-53069.000000
-53169.000000
-53271.000000
-53373.000000
-53470.000000
-53569.000000
-53667.000000
-53766.000000
-53866.000000
-53966.000000
-54066.000000
-54167.000000
-54267.000000
-54368.000000
-54471.000000
-54571.000000
-54671.000000
-54772.000000
-54874.000000
-54977.000000
-55077.000000
-55179.000000
-55278.000000
-55378.000000
-55477.000000
-55577.000000
-55676.000000
-55777.000000
-55876.000000
-55977.000000
-56081.000000
-56181.000000
-56281.000000
-56381.000000
-56480.000000
-56579.000000
-56679.000000
-56778.000000
-56878.000000
-56978.000000
-57077.000000
-57176.000000
-57276.000000
-57381.000000
-57481.000000
-57579.000000
-57678.000000
-57776.000000
-57876.000000
-57976.000000
-58075.000000
-58175.000000
-58276.000000
-58377.000000
-58476.000000
-58576.000000
-58677.000000
-58777.000000
-58882.000000
-58984.000000
-59086.000000
-59186.000000
-59287.000000
-59387.000000
-59486.000000
-59586.000000
-59686.000000
-59785.000000
-59886.000000
-59986.000000
-60087.000000
-60187.000000
-60286.000000
-60389.000000
-60489.000000
-60588.000000
-60687.000000
-60788.000000
-60887.000000
-60987.000000
-61087.000000
-61185.000000
-61284.000000
-61384.000000
-61487.000000
-61586.000000
-61684.000000
-61787.000000
-61885.000000
-61985.000000
-62085.000000
-62184.000000
-62284.000000
-62383.000000
-62485.000000
-62585.000000
-62684.000000
-62786.000000
-62885.000000
-62987.000000
-63088.000000
-63189.000000
-63292.000000
-63392.000000
-63491.000000
-63590.000000
-63689.000000
-63790.000000
-63888.000000
-63989.000000
-64088.000000
-64188.000000
-64287.000000
-64386.000000
-64485.000000
-64584.000000
-64682.000000
-64783.000000
-64881.000000
-64978.000000
-65076.000000
-65172.000000
-65268.000000
-65364.000000
-65460.000000
-65556.000000
-65655.000000
-65747.000000
-65840.000000
-65933.000000
-66030.000000
-66123.000000
-66215.000000
-66306.000000
-66398.000000
-66621.000000
-66614.000000
-66590.000000
-66549.000000
-66498.000000
-66439.000000
-66379.000000
-66318.000000
-66257.000000
-66195.000000
-66133.000000
-66070.000000
-66009.000000
-65945.000000
-65882.000000
-65817.000000
-65753.000000
-65689.000000
-65623.000000
-65554.000000
-65418.000000
-65216.000000
-65010.000000
-64803.000000
-64595.000000
-64386.000000
-64173.000000
-63965.000000
-63759.000000
-63551.000000
-63343.000000
-63136.000000
-62927.000000
-62719.000000
-62512.000000
-62299.000000
-62091.000000
-61883.000000
-61675.000000
-61466.000000
-61254.000000
-61047.000000
-60838.000000
-60630.000000
-60422.000000
-60214.000000
-60001.000000
-59792.000000
-59586.000000
-59379.000000
-59170.000000
-58962.000000
-58751.000000
-58543.000000
-58337.000000
-58127.000000
-57914.000000
-57707.000000
-57500.000000
-57287.000000
-57077.000000
-56868.000000
-56660.000000
-56452.000000
-56243.000000
-56034.000000
-55820.000000
-55614.000000
-55408.000000
-55200.000000
-54990.000000
-54780.000000
-54572.000000
-54365.000000
-54156.000000
-53947.000000
-53736.000000
-53528.000000
-53322.000000
-53107.000000
-52898.000000
-52690.000000
-52483.000000
-52274.000000
-52065.000000
-51857.000000
-51650.000000
-51443.000000
-51232.000000
-51023.000000
-50815.000000
-50606.000000
-50398.000000
-50192.000000
-49983.000000
-49775.000000
-49566.000000
-49360.000000
-49144.000000
-48935.000000
-48728.000000
-48518.000000
-48310.000000
-48103.000000
-47896.000000
-47687.000000
-47479.000000
-47273.000000
-47066.000000
-46853.000000
-46644.000000
-46436.000000
-46229.000000
-46023.000000
-45813.000000
-45605.000000
-45398.000000
-45192.000000
-44979.000000
-44766.000000
-44557.000000
-44350.000000
-44143.000000
-43934.000000
-43727.000000
-43519.000000
-43314.000000
-43107.000000
-42900.000000
-42690.000000
-42481.000000
-42269.000000
-42103.000000
-42060.000000
-42053.000000
-42051.000000
-42051.000000
-42053.000000
-42065.000000
-42081.000000
-42103.000000
-42131.000000
-42161.000000
-42196.000000
-42232.000000
-42272.000000
-42313.000000
-42356.000000
-42399.000000
-42445.000000
-42494.000000
-42540.000000
-42589.000000
-42636.000000
-42684.000000
-42732.000000
-43770.000000
-43869.000000
-43969.000000
-44068.000000
-44168.000000
-44268.000000
-44366.000000
-44466.000000
-44565.000000
-44666.000000
-44765.000000
-44866.000000
-44966.000000
-45065.000000
-45169.000000
-45266.000000
-45365.000000
-45464.000000
-45564.000000
-45663.000000
-45764.000000
-45863.000000
-45964.000000
-46064.000000
-46165.000000
-46263.000000
-46367.000000
-46468.000000
-46569.000000
-46671.000000
-46772.000000
-46873.000000
-46974.000000
-47074.000000
-47174.000000
-47273.000000
-47374.000000
-47473.000000
-47573.000000
-47673.000000
-47774.000000
-47874.000000
-47977.000000
-48077.000000
-48177.000000
-48276.000000
-48377.000000
-48476.000000
-48575.000000
-48675.000000
-48775.000000
-48874.000000
-48972.000000
-49072.000000
-49172.000000
-49274.000000
-49372.000000
-49474.000000
-49573.000000
-49672.000000
-49772.000000
-49872.000000
-49971.000000
-50072.000000
-50172.000000
-50273.000000
-50373.000000
-50473.000000
-50574.000000
-50676.000000
-50777.000000
-50878.000000
-50982.000000
-51084.000000
-51183.000000
-51283.000000
-51382.000000
-51483.000000
-51582.000000
-51682.000000
-51782.000000
-51882.000000
-51982.000000
-52082.000000
-52182.000000
-52282.000000
-52382.000000
-52485.000000
-52585.000000
-52683.000000
-52783.000000
-52883.000000
-52982.000000
-53081.000000
-53181.000000
-53283.000000
-53383.000000
-53481.000000
-53580.000000
-53678.000000
-53777.000000
-53877.000000
-53977.000000
-54079.000000
-54180.000000
-54282.000000
-54382.000000
-54482.000000
-54581.000000
-54682.000000
-54784.000000
-54886.000000
-54987.000000
-55088.000000
-55190.000000
-55290.000000
-55389.000000
-55492.000000
-55592.000000
-55691.000000
-55791.000000
-55891.000000
-55993.000000
-56093.000000
-56192.000000
-56292.000000
-56392.000000
-56492.000000
-56591.000000
-56691.000000
-56789.000000
-56890.000000
-56990.000000
-57091.000000
-57191.000000
-57290.000000
-57394.000000
-57493.000000
-57590.000000
-57689.000000
-57788.000000
-57887.000000
-57987.000000
-58087.000000
-58187.000000
-58286.000000
-58388.000000
-58490.000000
-58589.000000
-58690.000000
-58790.000000
-58892.000000
-58994.000000
-59095.000000
-59196.000000
-59298.000000
-59397.000000
-59496.000000
-59595.000000
-59696.000000
-59795.000000
-59896.000000
-59999.000000
-60100.000000
-60199.000000
-60298.000000
-60398.000000
-60497.000000
-60596.000000
-60695.000000
-60794.000000
-60893.000000
-60992.000000
-61092.000000
-61190.000000
-61288.000000
-61387.000000
-61490.000000
-61592.000000
-61690.000000
-61789.000000
-61887.000000
-61986.000000
-62086.000000
-62185.000000
-62286.000000
-62385.000000
-62486.000000
-62586.000000
-62685.000000
-62787.000000
-62887.000000
-62989.000000
-63090.000000
-63190.000000
-63294.000000
-63395.000000
-63493.000000
-63593.000000
-63693.000000
-63794.000000
-63892.000000
-63992.000000
-64091.000000
-64191.000000
-64290.000000
-64388.000000
-64488.000000
-64587.000000
-64686.000000
-64788.000000
-64888.000000
-64986.000000
-65085.000000
-65183.000000
-65281.000000
-65377.000000
-65475.000000
-65578.000000
-65682.000000
-65780.000000
-65880.000000
-65979.000000
-66078.000000
-66178.000000
-66276.000000
-66380.000000
-66480.000000
-66580.000000
-66680.000000
-66779.000000
-66878.000000
-66978.000000
-67079.000000
-67181.000000
-67282.000000
-67382.000000
-67483.000000
-67582.000000
-67681.000000
-67780.000000
-67881.000000
-67984.000000
-68086.000000
-68187.000000
-68289.000000
-68391.000000
-68491.000000
-68593.000000
-68694.000000
-68794.000000
-68895.000000
-68995.000000
-69096.000000
-69197.000000
-69298.000000
-69398.000000
-69498.000000
-69600.000000
-69705.000000
-69803.000000
-69902.000000
-70001.000000
-70101.000000
-70200.000000
-70300.000000
-70399.000000
-70500.000000
-70600.000000
-70700.000000
-70799.000000
-70899.000000
-71000.000000
-71101.000000
-71203.000000
-71309.000000
-71409.000000
-71509.000000
-71609.000000
-71706.000000
-71804.000000
-71901.000000
-71999.000000
-72096.000000
-72193.000000
-72290.000000
-72385.000000
-72480.000000
-72573.000000
-72668.000000
-72763.000000
-72856.000000
-72953.000000
-73044.000000
-73137.000000
-73227.000000
