2441.000000
2436.000000
2424.000000
2406.000000
2383.000000
2355.000000
2325.000000
2290.000000
2253.000000
2214.000000
2172.000000
2130.000000
2087.000000
2042.000000
1997.000000
1951.000000
1905.000000
1858.000000
1811.000000
1762.000000
719.000000
619.000000
520.000000
420.000000
321.000000
223.000000
124.000000
25.000000
-79.000000
-179.000000
-278.000000
-377.000000
-475.000000
-574.000000
-673.000000
-773.000000
-873.000000
-973.000000
-1073.000000
-1173.000000
-1273.000000
-1377.000000
-1479.000000
-1579.000000
-1681.000000
-1782.000000
-1882.000000
-1984.000000
-2084.000000
-2183.000000
-2284.000000
-2384.000000
-2485.000000
-2588.000000
-2689.000000
-2789.000000
-2888.000000
-2989.000000
-3089.000000
-3188.000000
-3289.000000
-3388.000000
-3487.000000
-3586.000000
-3687.000000
-3785.000000
-3887.000000
-3986.000000
-4085.000000
-4190.000000
-4288.000000
-4386.000000
-4484.000000
-4584.000000
-4684.000000
-4783.000000
-4883.000000
-4984.000000
-5087.000000
-5188.000000
-5287.000000
-5388.000000
-5488.000000
-5589.000000
-5690.000000
-5791.000000
-5893.000000
-5994.000000
-6094.000000
-6194.000000
-6294.000000
-6396.000000
-6495.000000
-6596.000000
-6695.000000
-6796.000000
-6898.000000
-6997.000000
-7098.000000
-7198.000000
-7297.000000
-7398.000000
-7496.000000
-7599.000000
-7698.000000
-7799.000000
-7898.000000
-7997.000000
-8096.000000
-8194.000000
-8299.000000
-8396.000000
-8494.000000
-8593.000000
-8696.000000
-8796.000000
-8896.000000
-8996.000000
-9096.000000
-9197.000000
-9298.000000
-9396.000000
-9497.000000
-9597.000000
-9698.000000
-9801.000000
-9902.000000
-10006.000000
-10106.000000
-10206.000000
-10306.000000
-10405.000000
-10505.000000
-10604.000000
-10705.000000
-10805.000000
-10906.000000
-11006.000000
-11106.000000
-11209.000000
-11309.000000
-11408.000000
-11509.000000
-11608.000000
-11708.000000
-11808.000000
-11908.000000
-12007.000000
-12105.000000
-12205.000000
-12305.000000
-12408.000000
-12508.000000
-12607.000000
-12706.000000
-12805.000000
-12905.000000
-13005.000000
-13104.000000
-13205.000000
-13305.000000
-13406.000000
-13506.000000
-13606.000000
-13707.000000
-13811.000000
-13913.000000
-14013.000000
-14114.000000
-14215.000000
-14314.000000
-14415.000000
-14514.000000
-14615.000000
-14714.000000
-14814.000000
-14914.000000
-15017.000000
-15118.000000
-15217.000000
-15318.000000
-15418.000000
-15518.000000
-15618.000000
-15717.000000
-15816.000000
-15916.000000
-16016.000000
-16115.000000
-16214.000000
-16317.000000
-16419.000000
-16519.000000
-16617.000000
-16716.000000
-16815.000000
-16914.000000
-17013.000000
-17113.000000
-17213.000000
-17314.000000
-17415.000000
-17518.000000
-17618.000000
-17717.000000
-17818.000000
-17919.000000
-18021.000000
-18122.000000
-18223.000000
-18325.000000
-18424.000000
-18524.000000
-18623.000000
-18727.000000
-18825.000000
-18926.000000
-19026.000000
-19128.000000
-19228.000000
-19327.000000
-19428.000000
-19527.000000
-19626.000000
-19726.000000
-19826.000000
-19924.000000
-20029.000000
-20129.000000
-20227.000000
-20327.000000
-20426.000000
-20529.000000
-20628.000000
-20726.000000
-20825.000000
-20923.000000
-21023.000000
-21123.000000
-21226.000000
-21326.000000
-21426.000000
-21527.000000
-21626.000000
-21726.000000
-21827.000000
-21927.000000
-22029.000000
-22131.000000
-22232.000000
-22332.000000
-22435.000000
-22536.000000
-22636.000000
-22735.000000
-22835.000000
-22935.000000
-23036.000000
-23136.000000
-23237.000000
-23337.000000
-23437.000000
-23536.000000
-23636.000000
-23735.000000
-23837.000000
-23937.000000
-24037.000000
-24137.000000
-24237.000000
-24335.000000
-24435.000000
-24533.000000
-24639.000000
-24737.000000
-24835.000000
-24934.000000
-25037.000000
-25136.000000
-25235.000000
-25335.000000
-25435.000000
-25534.000000
-25636.000000
-25735.000000
-25835.000000
-25936.000000
-26036.000000
-26138.000000
-26243.000000
-26344.000000
-26444.000000
-26546.000000
-26645.000000
-26745.000000
-26844.000000
-26944.000000
-27044.000000
-27143.000000
-27245.000000
-27345.000000
-27446.000000
-27548.000000
-27648.000000
-27748.000000
-27849.000000
-27947.000000
-28046.000000
-28146.000000
-28246.000000
-28345.000000
-28444.000000
-28544.000000
-28643.000000
-28751.000000
-28849.000000
-28947.000000
-29046.000000
-29145.000000
-29244.000000
-29344.000000
-29444.000000
-29544.000000
-29645.000000
-29745.000000
-29845.000000
-29948.000000
-30048.000000
-30149.000000
-30250.000000
-30351.000000
-30452.000000
-30552.000000
-30654.000000
-30754.000000
-30853.000000
-30953.000000
-31052.000000
-31156.000000
-31255.000000
-31357.000000
-31458.000000
-31557.000000
-31658.000000
-31758.000000
-31857.000000
-31958.000000
-32055.000000
-32155.000000
-32255.000000
-32355.000000
-32456.000000
-32556.000000
-32656.000000
-32754.000000
-32859.000000
-32957.000000
-33055.000000
-33154.000000
-33253.000000
-33353.000000
-33453.000000
-33553.000000
-33654.000000
-33754.000000
-33858.000000
-33956.000000
-34057.000000
-34157.000000
-34258.000000
-34360.000000
-34461.000000
-34562.000000
-34663.000000
-34763.000000
-34863.000000
-34962.000000
-35062.000000
-35161.000000
-35265.000000
-35366.000000
-35467.000000
-35567.000000
-35667.000000
-35767.000000
-35867.000000
-35966.000000
-36067.000000
-36165.000000
-36265.000000
-36364.000000
-36468.000000
-36567.000000
-36665.000000
-36765.000000
-36863.000000
-36968.000000
-37065.000000
-37164.000000
-37263.000000
-37363.000000
-37463.000000
-37563.000000
-37664.000000
-37765.000000
-37865.000000
-37966.000000
-38065.000000
-38166.000000
-38267.000000
-38368.000000
-38470.000000
-38571.000000
-38671.000000
-38772.000000
-38872.000000
-38976.000000
-39075.000000
-39176.000000
-39274.000000
-39374.000000
-39474.000000
-39575.000000
-39676.000000
-39775.000000
-39876.000000
-39976.000000
-40075.000000
-40176.000000
-40278.000000
-40377.000000
-40476.000000
-40577.000000
-40675.000000
-40773.000000
-40874.000000
-40973.000000
-41077.000000
-41174.000000
-41273.000000
-41371.000000
-41471.000000
-41571.000000
-41674.000000
-41773.000000
-41874.000000
-41974.000000
-42076.000000
-42174.000000
-42275.000000
-42375.000000
-42476.000000
-42579.000000
-42680.000000
-42781.000000
-42883.000000
-42982.000000
-43082.000000
-43181.000000
-43284.000000
-43383.000000
-43483.000000
-43583.000000
-43684.000000
-43785.000000
-43884.000000
-43985.000000
-44085.000000
-44184.000000
-44285.000000
-44383.000000
-44482.000000
-44582.000000
-44682.000000
-44785.000000
-44883.000000
-44984.000000
-45084.000000
-45185.000000
-45283.000000
-45382.000000
-45481.000000
-45580.000000
-45680.000000
-45780.000000
-45879.000000
-45980.000000
-46081.000000
-46181.000000
-46281.000000
-46384.000000
-46484.000000
-46586.000000
-46688.000000
-46790.000000
-46890.000000
-46992.000000
-47091.000000
-47191.000000
-47289.000000
-47390.000000
-47489.000000
-47589.000000
-47689.000000
-47793.000000
-47894.000000
-47993.000000
-48092.000000
-48192.000000
-48291.000000
-48391.000000
-48491.000000
-48590.000000
-48690.000000
-48790.000000
-48890.000000
-48988.000000
-49087.000000
-49193.000000
-49292.000000
-49390.000000
-49490.000000
-49589.000000
-49688.000000
-49787.000000
-49887.000000
-49987.000000
-50087.000000
-50188.000000
-50288.000000
-50388.000000
-50487.000000
-50591.000000
-50693.000000
-50794.000000
-50896.000000
-50996.000000
-51098.000000
-51197.000000
-51297.000000
-51396.000000
-51496.000000
-51594.000000
-51695.000000
-51795.000000
-51895.000000
-51998.000000
-52098.000000
-52198.000000
-52298.000000
-52397.000000
-52497.000000
-52596.000000
-52694.000000
-52795.000000
-52895.000000
-52993.000000
-53093.000000
-53192.000000
-53300.000000
-53399.000000
-53497.000000
-53596.000000
-53694.000000
-53793.000000
-53893.000000
-53993.000000
-54094.000000
-54193.000000
-54295.000000
-54394.000000
-54494.000000
-54598.000000
-54698.000000
-54799.000000
-54901.000000
-55003.000000
-55104.000000
-55205.000000
-55305.000000
-55404.000000
-55503.000000
-55603.000000
-55702.000000
-55803.000000
-55903.000000
-56004.000000
-56108.000000
-56208.000000
-56308.000000
-56408.000000
-56507.000000
-56606.000000
-56705.000000
-56806.000000
-56906.000000
-57006.000000
-57105.000000
-57204.000000
-57303.000000
-57411.000000
-57508.000000
-57606.000000
-57705.000000
-57804.000000
-57903.000000
-58003.000000
-58103.000000
-58203.000000
-58302.000000
-58403.000000
-58502.000000
-58602.000000
-58703.000000
-58806.000000
-58909.000000
-59011.000000
-59112.000000
-59213.000000
-59315.000000
-59414.000000
-59513.000000
-59613.000000
-59713.000000
-59813.000000
-59913.000000
-60014.000000
-60114.000000
-60213.000000
-60315.000000
-60413.000000
-60512.000000
-60611.000000
-60709.000000
-60808.000000
-60908.000000
-61008.000000
-61109.000000
-61207.000000
-61308.000000
-61407.000000
-61512.000000
-61614.000000
-61712.000000
-61812.000000
-61911.000000
-62010.000000
-62110.000000
-62208.000000
-62309.000000
-62409.000000
-62510.000000
-62609.000000
-62709.000000
-62809.000000
-62909.000000
-63012.000000
-63117.000000
-63217.000000
-63318.000000
-63419.000000
-63519.000000
-63619.000000
-63719.000000
-63817.000000
-63917.000000
-64017.000000
-64117.000000
-64216.000000
-64315.000000
-64417.000000
-64515.000000
-64612.000000
-64711.000000
-64808.000000
-64905.000000
-65004.000000
-65103.000000
-65202.000000
-65299.000000
-65397.000000
-65495.000000
-65599.000000
-65695.000000
-65794.000000
-65890.000000
-65985.000000
-66081.000000
-66180.000000
-66277.000000
-66377.000000
-66476.000000
-66579.000000
-66680.000000
-66781.000000
-66882.000000
-66981.000000
-67083.000000
-67185.000000
-67290.000000
-67392.000000
-67494.000000
-67596.000000
-67696.000000
-67796.000000
-67897.000000
-67997.000000
-68097.000000
-68198.000000
-68299.000000
-68401.000000
-68501.000000
-68603.000000
-68704.000000
-68804.000000
-68903.000000
-69004.000000
-69106.000000
-69208.000000
-69309.000000
-69409.000000
-69509.000000
-69609.000000
-69714.000000
-69812.000000
-69910.000000
-70009.000000
-70111.000000
-70209.000000
-70309.000000
-70408.000000
-70509.000000
-70609.000000
-70710.000000
-70810.000000
-70908.000000
-71010.000000
-71110.000000
-71211.000000
-71313.000000
-71413.000000
-71518.000000
-71619.000000
-71719.000000
-71818.000000
-71916.000000
-72014.000000
-72112.000000
-72209.000000
-72307.000000
-72403.000000
-72499.000000
-72593.000000
-72688.000000
-72782.000000
-72875.000000
-72973.000000
-73067.000000
-73159.000000
-73253.000000
