2411.000000
2406.000000
2394.000000
2376.000000
2353.000000
2326.000000
2294.000000
2260.000000
2223.000000
2183.000000
2141.000000
2100.000000
2056.000000
2012.000000
1966.000000
1920.000000
1873.000000
1826.000000
1778.000000
1730.000000
686.000000
587.000000
487.000000
387.000000
290.000000
191.000000
92.000000
-7.000000
-111.000000
-208.000000
-310.000000
-408.000000
-509.000000
-607.000000
-707.000000
-807.000000
-906.000000
-1007.000000
-1108.000000
-1206.000000
-1307.000000
-1408.000000
-1513.000000
-1614.000000
-1715.000000
-1816.000000
-1916.000000
-2018.000000
-2119.000000
-2219.000000
-2319.000000
-2418.000000
-2518.000000
-2617.000000
-2718.000000
-2822.000000
-2920.000000
-3021.000000
-3121.000000
-3220.000000
-3321.000000
-3420.000000
-3519.000000
-3618.000000
-3718.000000
-3817.000000
-3915.000000
-4016.000000
-4120.000000
-4222.000000
-4319.000000
-4418.000000
-4516.000000
-4615.000000
-4715.000000
-4814.000000
-4914.000000
-5015.000000
-5115.000000
-5216.000000
-5315.000000
-5416.000000
-5518.000000
-5619.000000
-5721.000000
-5822.000000
-5923.000000
-6024.000000
-6124.000000
-6223.000000
-6323.000000
-6423.000000
-6521.000000
-6622.000000
-6722.000000
-6827.000000
-6927.000000
-7027.000000
-7128.000000
-7228.000000
-7327.000000
-7427.000000
-7526.000000
-7625.000000
-7725.000000
-7826.000000
-7925.000000
-8024.000000
-8124.000000
-8228.000000
-8329.000000
-8426.000000
-8524.000000
-8623.000000
-8722.000000
-8822.000000
-8921.000000
-9021.000000
-9122.000000
-9223.000000
-9323.000000
-9422.000000
-9523.000000
-9626.000000
-9728.000000
-9830.000000
-9930.000000
-10031.000000
-10132.000000
-10231.000000
-10331.000000
-10430.000000
-10530.000000
-10630.000000
-10731.000000
-10834.000000
-10935.000000
-11036.000000
-11136.000000
-11235.000000
-11335.000000
-11435.000000
-11535.000000
-11635.000000
-11734.000000
-11834.000000
-11934.000000
-12033.000000
-12135.000000
-12234.000000
-12337.000000
-12437.000000
-12534.000000
-12634.000000
-12733.000000
-12832.000000
-12932.000000
-13031.000000
-13130.000000
-13229.000000
-13330.000000
-13431.000000
-13533.000000
-13634.000000
-13734.000000
-13835.000000
-13938.000000
-14038.000000
-14139.000000
-14240.000000
-14339.000000
-14440.000000
-14539.000000
-14641.000000
-14740.000000
-14844.000000
-14944.000000
-15044.000000
-15146.000000
-15245.000000
-15345.000000
-15446.000000
-15544.000000
-15644.000000
-15744.000000
-15843.000000
-15944.000000
-16044.000000
-16145.000000
-16245.000000
-16344.000000
-16449.000000
-16547.000000
-16645.000000
-16744.000000
-16842.000000
-16941.000000
-17041.000000
-17140.000000
-17240.000000
-17340.000000
-17444.000000
-17544.000000
-17643.000000
-17743.000000
-17843.000000
-17944.000000
-18046.000000
-18147.000000
-18249.000000
-18350.000000
-18450.000000
-18550.000000
-18649.000000
-18753.000000
-18852.000000
-18952.000000
-19053.000000
-19154.000000
-19256.000000
-19355.000000
-19456.000000
-19555.000000
-19655.000000
-19754.000000
-19852.000000
-19952.000000
-20055.000000
-20155.000000
-20254.000000
-20353.000000
-20453.000000
-20556.000000
-20654.000000
-20753.000000
-20851.000000
-20951.000000
-21050.000000
-21149.000000
-21249.000000
-21352.000000
-21453.000000
-21553.000000
-21652.000000
-21752.000000
-21852.000000
-21954.000000
-22054.000000
-22156.000000
-22257.000000
-22357.000000
-22459.000000
-22561.000000
-22661.000000
-22761.000000
-22861.000000
-22961.000000
-23061.000000
-23163.000000
-23263.000000
-23363.000000
-23463.000000
-23562.000000
-23663.000000
-23763.000000
-23865.000000
-23964.000000
-24064.000000
-24163.000000
-24262.000000
-24362.000000
-24460.000000
-24560.000000
-24664.000000
-24762.000000
-24861.000000
-24960.000000
-25063.000000
-25162.000000
-25262.000000
-25361.000000
-25461.000000
-25562.000000
-25662.000000
-25762.000000
-25863.000000
-25963.000000
-26065.000000
-26165.000000
-26267.000000
-26371.000000
-26471.000000
-26571.000000
-26672.000000
-26771.000000
-26870.000000
-26970.000000
-27071.000000
-27170.000000
-27272.000000
-27373.000000
-27475.000000
-27576.000000
-27676.000000
-27776.000000
-27876.000000
-27975.000000
-28074.000000
-28173.000000
-28274.000000
-28372.000000
-28471.000000
-28571.000000
-28669.000000
-28775.000000
-28874.000000
-28973.000000
-29071.000000
-29171.000000
-29270.000000
-29370.000000
-29470.000000
-29570.000000
-29671.000000
-29772.000000
-29871.000000
-29972.000000
-30072.000000
-30177.000000
-30278.000000
-30380.000000
-30481.000000
-30581.000000
-30682.000000
-30782.000000
-30881.000000
-30981.000000
-31080.000000
-31180.000000
-31280.000000
-31384.000000
-31485.000000
-31584.000000
-31685.000000
-31784.000000
-31884.000000
-31984.000000
-32083.000000
-32182.000000
-32281.000000
-32383.000000
-32481.000000
-32580.000000
-32683.000000
-32782.000000
-32885.000000
-32982.000000
-33081.000000
-33180.000000
-33280.000000
-33380.000000
-33480.000000
-33579.000000
-33680.000000
-33780.000000
-33884.000000
-33982.000000
-34083.000000
-34183.000000
-34286.000000
-34388.000000
-34489.000000
-34590.000000
-34691.000000
-34791.000000
-34890.000000
-34990.000000
-35090.000000
-35188.000000
-35293.000000
-35393.000000
-35494.000000
-35594.000000
-35693.000000
-35793.000000
-35893.000000
-35992.000000
-36093.000000
-36191.000000
-36290.000000
-36391.000000
-36490.000000
-36593.000000
-36691.000000
-36791.000000
-36892.000000
-36993.000000
-37091.000000
-37190.000000
-37289.000000
-37388.000000
-37488.000000
-37588.000000
-37688.000000
-37788.000000
-37892.000000
-37993.000000
-38092.000000
-38193.000000
-38294.000000
-38395.000000
-38498.000000
-38598.000000
-38699.000000
-38800.000000
-38900.000000
-39000.000000
-39099.000000
-39200.000000
-39302.000000
-39402.000000
-39502.000000
-39603.000000
-39703.000000
-39802.000000
-39903.000000
-40002.000000
-40102.000000
-40202.000000
-40301.000000
-40400.000000
-40503.000000
-40603.000000
-40702.000000
-40801.000000
-40900.000000
-41004.000000
-41104.000000
-41201.000000
-41300.000000
-41399.000000
-41498.000000
-41598.000000
-41698.000000
-41801.000000
-41901.000000
-42002.000000
-42102.000000
-42202.000000
-42301.000000
-42402.000000
-42503.000000
-42606.000000
-42707.000000
-42808.000000
-42910.000000
-43013.000000
-43112.000000
-43211.000000
-43312.000000
-43410.000000
-43511.000000
-43611.000000
-43712.000000
-43813.000000
-43912.000000
-44012.000000
-44112.000000
-44210.000000
-44313.000000
-44413.000000
-44512.000000
-44612.000000
-44713.000000
-44811.000000
-44911.000000
-45010.000000
-45115.000000
-45213.000000
-45311.000000
-45410.000000
-45509.000000
-45611.000000
-45712.000000
-45811.000000
-45912.000000
-46011.000000
-46112.000000
-46211.000000
-46310.000000
-46411.000000
-46512.000000
-46613.000000
-46716.000000
-46817.000000
-46921.000000
-47022.000000
-47121.000000
-47221.000000
-47320.000000
-47421.000000
-47520.000000
-47620.000000
-47721.000000
-47822.000000
-47922.000000
-48021.000000
-48121.000000
-48224.000000
-48324.000000
-48422.000000
-48521.000000
-48621.000000
-48721.000000
-48820.000000
-48919.000000
-49018.000000
-49117.000000
-49222.000000
-49320.000000
-49419.000000
-49521.000000
-49620.000000
-49719.000000
-49819.000000
-49918.000000
-50018.000000
-50119.000000
-50219.000000
-50318.000000
-50418.000000
-50519.000000
-50619.000000
-50720.000000
-50826.000000
-50927.000000
-51028.000000
-51129.000000
-51228.000000
-51328.000000
-51427.000000
-51527.000000
-51628.000000
-51728.000000
-51829.000000
-51929.000000
-52030.000000
-52133.000000
-52233.000000
-52333.000000
-52433.000000
-52531.000000
-52631.000000
-52730.000000
-52830.000000
-52929.000000
-53028.000000
-53128.000000
-53227.000000
-53332.000000
-53433.000000
-53531.000000
-53630.000000
-53729.000000
-53828.000000
-53928.000000
-54027.000000
-54128.000000
-54228.000000
-54329.000000
-54428.000000
-54529.000000
-54629.000000
-54730.000000
-54833.000000
-54936.000000
-55037.000000
-55138.000000
-55239.000000
-55339.000000
-55439.000000
-55538.000000
-55637.000000
-55738.000000
-55837.000000
-55939.000000
-56039.000000
-56142.000000
-56243.000000
-56343.000000
-56443.000000
-56542.000000
-56641.000000
-56740.000000
-56839.000000
-56940.000000
-57038.000000
-57138.000000
-57237.000000
-57336.000000
-57441.000000
-57540.000000
-57639.000000
-57738.000000
-57838.000000
-57938.000000
-58037.000000
-58138.000000
-58238.000000
-58338.000000
-58439.000000
-58537.000000
-58638.000000
-58738.000000
-58840.000000
-58945.000000
-59047.000000
-59148.000000
-59248.000000
-59348.000000
-59448.000000
-59547.000000
-59647.000000
-59746.000000
-59848.000000
-59947.000000
-60049.000000
-60149.000000
-60248.000000
-60353.000000
-60451.000000
-60551.000000
-60650.000000
-60748.000000
-60848.000000
-60945.000000
-61045.000000
-61142.000000
-61240.000000
-61338.000000
-61436.000000
-61540.000000
-61637.000000
-61738.000000
-61835.000000
-61934.000000
-62032.000000
-62130.000000
-62228.000000
-62328.000000
-62427.000000
-62526.000000
-62625.000000
-62724.000000
-62824.000000
-62924.000000
-63027.000000
-63129.000000
-63229.000000
-63330.000000
-63430.000000
-63530.000000
-63629.000000
-63728.000000
-63827.000000
-63927.000000
-64026.000000
-64126.000000
-64226.000000
-64325.000000
-64425.000000
-64529.000000
-64628.000000
-64728.000000
-64826.000000
-64924.000000
-65023.000000
-65122.000000
-65219.000000
-65318.000000
-65417.000000
-65515.000000
-65619.000000
-65716.000000
-65812.000000
-65909.000000
-66008.000000
-66104.000000
-66200.000000
-66295.000000
-66394.000000
-66491.000000
-66591.000000
-66689.000000
-66787.000000
-66888.000000
-66987.000000
-67089.000000
-67193.000000
-67296.000000
-67403.000000
-67508.000000
-67613.000000
-67719.000000
-67824.000000
-67926.000000
-68028.000000
-68129.000000
-68231.000000
-68333.000000
-68436.000000
-68538.000000
-68639.000000
-68739.000000
-68843.000000
-68943.000000
-69044.000000
-69145.000000
-69247.000000
-69347.000000
-69446.000000
-69547.000000
-69647.000000
-69750.000000
-69846.000000
-69945.000000
-70043.000000
-70142.000000
-70242.000000
-70344.000000
-70442.000000
-70543.000000
-70642.000000
-70742.000000
-70840.000000
-70940.000000
-71040.000000
-71140.000000
-71241.000000
-71340.000000
-71439.000000
-71536.000000
-71634.000000
-71735.000000
-71833.000000
-71930.000000
-72027.000000
-72125.000000
-72221.000000
-72317.000000
-72413.000000
-72508.000000
-72600.000000
-72693.000000
-72786.000000
