2403.000000
2399.000000
2388.000000
2370.000000
2347.000000
2319.000000
2287.000000
2250.000000
2213.000000
2172.000000
2131.000000
2089.000000
2045.000000
2000.000000
1954.000000
1908.000000
1861.000000
1814.000000
1766.000000
1718.000000
676.000000
577.000000
478.000000
378.000000
280.000000
181.000000
82.000000
-18.000000
-121.000000
-218.000000
-318.000000
-416.000000
-515.000000
-618.000000
-717.000000
-816.000000
-916.000000
-1017.000000
-1117.000000
-1217.000000
-1317.000000
-1418.000000
-1521.000000
-1623.000000
-1724.000000
-1825.000000
-1926.000000
-2025.000000
-2125.000000
-2224.000000
-2324.000000
-2422.000000
-2523.000000
-2622.000000
-2723.000000
-2823.000000
-2922.000000
-3026.000000
-3126.000000
-3227.000000
-3327.000000
-3426.000000
-3524.000000
-3624.000000
-3724.000000
-3823.000000
-3922.000000
-4022.000000
-4123.000000
-4225.000000
-4322.000000
-4421.000000
-4519.000000
-4618.000000
-4719.000000
-4818.000000
-4918.000000
-5022.000000
-5124.000000
-5223.000000
-5323.000000
-5422.000000
-5523.000000
-5624.000000
-5726.000000
-5827.000000
-5928.000000
-6030.000000
-6130.000000
-6230.000000
-6329.000000
-6429.000000
-6527.000000
-6628.000000
-6727.000000
-6829.000000
-6930.000000
-7029.000000
-7130.000000
-7229.000000
-7332.000000
-7431.000000
-7531.000000
-7630.000000
-7730.000000
-7830.000000
-7930.000000
-8029.000000
-8129.000000
-8231.000000
-8331.000000
-8429.000000
-8527.000000
-8627.000000
-8725.000000
-8826.000000
-8925.000000
-9026.000000
-9125.000000
-9226.000000
-9326.000000
-9428.000000
-9529.000000
-9629.000000
-9731.000000
-9833.000000
-9934.000000
-10035.000000
-10136.000000
-10236.000000
-10335.000000
-10434.000000
-10534.000000
-10634.000000
-10735.000000
-10835.000000
-10936.000000
-11036.000000
-11135.000000
-11235.000000
-11335.000000
-11434.000000
-11534.000000
-11637.000000
-11736.000000
-11836.000000
-11936.000000
-12035.000000
-12134.000000
-12233.000000
-12337.000000
-12437.000000
-12535.000000
-12634.000000
-12734.000000
-12832.000000
-12932.000000
-13031.000000
-13131.000000
-13231.000000
-13332.000000
-13432.000000
-13531.000000
-13631.000000
-13732.000000
-13836.000000
-13939.000000
-14039.000000
-14140.000000
-14241.000000
-14341.000000
-14441.000000
-14540.000000
-14641.000000
-14740.000000
-14840.000000
-14940.000000
-15041.000000
-15142.000000
-15241.000000
-15341.000000
-15441.000000
-15540.000000
-15640.000000
-15740.000000
-15839.000000
-15942.000000
-16042.000000
-16141.000000
-16240.000000
-16339.000000
-16444.000000
-16542.000000
-16640.000000
-16740.000000
-16838.000000
-16937.000000
-17037.000000
-17137.000000
-17237.000000
-17337.000000
-17438.000000
-17537.000000
-17637.000000
-17738.000000
-17838.000000
-17939.000000
-18044.000000
-18145.000000
-18247.000000
-18348.000000
-18447.000000
-18548.000000
-18646.000000
-18747.000000
-18846.000000
-18946.000000
-19047.000000
-19148.000000
-19248.000000
-19348.000000
-19448.000000
-19547.000000
-19646.000000
-19746.000000
-19844.000000
-19944.000000
-20048.000000
-20147.000000
-20246.000000
-20345.000000
-20445.000000
-20549.000000
-20647.000000
-20746.000000
-20845.000000
-20944.000000
-21043.000000
-21143.000000
-21243.000000
-21343.000000
-21444.000000
-21544.000000
-21643.000000
-21742.000000
-21843.000000
-21943.000000
-22048.000000
-22150.000000
-22252.000000
-22352.000000
-22454.000000
-22553.000000
-22652.000000
-22751.000000
-22851.000000
-22952.000000
-23051.000000
-23153.000000
-23253.000000
-23354.000000
-23453.000000
-23553.000000
-23652.000000
-23752.000000
-23851.000000
-23953.000000
-24053.000000
-24153.000000
-24253.000000
-24351.000000
-24451.000000
-24550.000000
-24655.000000
-24753.000000
-24851.000000
-24950.000000
-25050.000000
-25149.000000
-25249.000000
-25349.000000
-25448.000000
-25549.000000
-25649.000000
-25749.000000
-25848.000000
-25949.000000
-26054.000000
-26154.000000
-26256.000000
-26357.000000
-26457.000000
-26559.000000
-26658.000000
-26758.000000
-26858.000000
-26957.000000
-27058.000000
-27157.000000
-27258.000000
-27359.000000
-27458.000000
-27559.000000
-27658.000000
-27759.000000
-27859.000000
-27957.000000
-28059.000000
-28159.000000
-28259.000000
-28357.000000
-28457.000000
-28556.000000
-28656.000000
-28761.000000
-28859.000000
-28957.000000
-29056.000000
-29155.000000
-29254.000000
-29354.000000
-29454.000000
-29554.000000
-29655.000000
-29756.000000
-29855.000000
-29958.000000
-30058.000000
-30159.000000
-30260.000000
-30362.000000
-30463.000000
-30563.000000
-30664.000000
-30765.000000
-30864.000000
-30964.000000
-31063.000000
-31163.000000
-31263.000000
-31364.000000
-31465.000000
-31564.000000
-31665.000000
-31765.000000
-31865.000000
-31968.000000
-32066.000000
-32166.000000
-32264.000000
-32366.000000
-32465.000000
-32564.000000
-32663.000000
-32762.000000
-32867.000000
-32963.000000
-33063.000000
-33161.000000
-33261.000000
-33361.000000
-33461.000000
-33561.000000
-33661.000000
-33761.000000
-33862.000000
-33963.000000
-34064.000000
-34164.000000
-34266.000000
-34367.000000
-34469.000000
-34570.000000
-34670.000000
-34771.000000
-34870.000000
-34970.000000
-35069.000000
-35168.000000
-35269.000000
-35370.000000
-35471.000000
-35571.000000
-35670.000000
-35771.000000
-35871.000000
-35970.000000
-36073.000000
-36171.000000
-36271.000000
-36371.000000
-36472.000000
-36570.000000
-36669.000000
-36768.000000
-36867.000000
-36972.000000
-37069.000000
-37168.000000
-37267.000000
-37367.000000
-37467.000000
-37567.000000
-37666.000000
-37767.000000
-37866.000000
-37968.000000
-38066.000000
-38167.000000
-38271.000000
-38372.000000
-38474.000000
-38574.000000
-38675.000000
-38776.000000
-38876.000000
-38977.000000
-39076.000000
-39177.000000
-39275.000000
-39376.000000
-39476.000000
-39576.000000
-39677.000000
-39776.000000
-39877.000000
-39977.000000
-40076.000000
-40177.000000
-40275.000000
-40375.000000
-40477.000000
-40577.000000
-40677.000000
-40774.000000
-40875.000000
-40975.000000
-41079.000000
-41176.000000
-41275.000000
-41374.000000
-41473.000000
-41572.000000
-41672.000000
-41771.000000
-41873.000000
-41973.000000
-42074.000000
-42173.000000
-42273.000000
-42374.000000
-42475.000000
-42577.000000
-42678.000000
-42782.000000
-42884.000000
-42983.000000
-43084.000000
-43183.000000
-43283.000000
-43381.000000
-43482.000000
-43582.000000
-43683.000000
-43784.000000
-43883.000000
-43983.000000
-44083.000000
-44182.000000
-44283.000000
-44381.000000
-44481.000000
-44580.000000
-44680.000000
-44780.000000
-44878.000000
-44978.000000
-45082.000000
-45184.000000
-45281.000000
-45380.000000
-45479.000000
-45578.000000
-45678.000000
-45779.000000
-45878.000000
-45979.000000
-46079.000000
-46179.000000
-46279.000000
-46378.000000
-46479.000000
-46581.000000
-46683.000000
-46785.000000
-46885.000000
-46987.000000
-47086.000000
-47186.000000
-47288.000000
-47388.000000
-47487.000000
-47588.000000
-47688.000000
-47789.000000
-47889.000000
-47988.000000
-48088.000000
-48188.000000
-48287.000000
-48388.000000
-48488.000000
-48586.000000
-48687.000000
-48786.000000
-48886.000000
-48984.000000
-49084.000000
-49189.000000
-49289.000000
-49387.000000
-49486.000000
-49585.000000
-49684.000000
-49784.000000
-49884.000000
-49983.000000
-50083.000000
-50184.000000
-50284.000000
-50384.000000
-50484.000000
-50585.000000
-50686.000000
-50788.000000
-50889.000000
-50989.000000
-51092.000000
-51191.000000
-51291.000000
-51390.000000
-51491.000000
-51594.000000
-51694.000000
-51794.000000
-51894.000000
-51994.000000
-52094.000000
-52193.000000
-52294.000000
-52393.000000
-52492.000000
-52592.000000
-52691.000000
-52791.000000
-52891.000000
-52990.000000
-53089.000000
-53188.000000
-53292.000000
-53391.000000
-53490.000000
-53588.000000
-53687.000000
-53789.000000
-53888.000000
-53988.000000
-54089.000000
-54188.000000
-54290.000000
-54389.000000
-54489.000000
-54588.000000
-54688.000000
-54790.000000
-54892.000000
-54993.000000
-55094.000000
-55196.000000
-55296.000000
-55395.000000
-55495.000000
-55595.000000
-55693.000000
-55794.000000
-55894.000000
-55996.000000
-56099.000000
-56199.000000
-56299.000000
-56398.000000
-56497.000000
-56597.000000
-56697.000000
-56795.000000
-56896.000000
-56996.000000
-57094.000000
-57194.000000
-57293.000000
-57397.000000
-57496.000000
-57594.000000
-57693.000000
-57792.000000
-57892.000000
-57992.000000
-58091.000000
-58192.000000
-58291.000000
-58395.000000
-58495.000000
-58595.000000
-58696.000000
-58795.000000
-58897.000000
-58999.000000
-59100.000000
-59200.000000
-59302.000000
-59401.000000
-59500.000000
-59599.000000
-59699.000000
-59799.000000
-59900.000000
-59999.000000
-60100.000000
-60200.000000
-60300.000000
-60399.000000
-60498.000000
-60597.000000
-60697.000000
-60797.000000
-60895.000000
-60998.000000
-61098.000000
-61196.000000
-61296.000000
-61395.000000
-61500.000000
-61598.000000
-61696.000000
-61795.000000
-61895.000000
-61994.000000
-62094.000000
-62193.000000
-62294.000000
-62393.000000
-62494.000000
-62593.000000
-62692.000000
-62793.000000
-62892.000000
-62993.000000
-63094.000000
-63195.000000
-63296.000000
-63401.000000
-63500.000000
-63599.000000
-63698.000000
-63797.000000
-63896.000000
-63996.000000
-64095.000000
-64193.000000
-64293.000000
-64391.000000
-64490.000000
-64589.000000
-64687.000000
-64784.000000
-64882.000000
-64978.000000
-65075.000000
-65172.000000
-65268.000000
-65363.000000
-65460.000000
-65557.000000
-65656.000000
-65752.000000
-65847.000000
-65942.000000
-66038.000000
-66134.000000
-66231.000000
-66326.000000
-66424.000000
-66672.000000
-66665.000000
-66641.000000
-66598.000000
-66542.000000
-66476.000000
-66412.000000
-66346.000000
-66280.000000
-66214.000000
-66147.000000
-66080.000000
-66013.000000
-65944.000000
-65877.000000
-65807.000000
-65738.000000
-65670.000000
-65601.000000
-65523.000000
-65381.000000
-65169.000000
-64956.000000
-64743.000000
-64529.000000
-64316.000000
-64101.000000
-63888.000000
-63676.000000
-63463.000000
-63250.000000
-63041.000000
-62830.000000
-62613.000000
-62398.000000
-62187.000000
-61977.000000
-61770.000000
-61562.000000
-61347.000000
-61138.000000
-60929.000000
-60722.000000
-60515.000000
-60304.000000
-60095.000000
-59885.000000
-59678.000000
-59467.000000
-59256.000000
-59046.000000
-58831.000000
-58618.000000
-58407.000000
-58194.000000
-57983.000000
-57772.000000
-57566.000000
-57351.000000
-57141.000000
-56932.000000
-56724.000000
-56517.000000
-56309.000000
-56100.000000
-55891.000000
-55677.000000
-55468.000000
-55258.000000
-55048.000000
-54837.000000
-54626.000000
-54413.000000
-54200.000000
-53989.000000
-53778.000000
-53571.000000
-53362.000000
-53147.000000
-52937.000000
-52729.000000
-52518.000000
-52311.000000
-52101.000000
-51892.000000
-51683.000000
-51474.000000
-51263.000000
-51053.000000
-50844.000000
-50633.000000
-50420.000000
-50208.000000
-49995.000000
-49784.000000
-49570.000000
-49362.000000
-49149.000000
-48939.000000
-48731.000000
-48523.000000
-48316.000000
-48107.000000
-47897.000000
-47687.000000
-47479.000000
-47270.000000
-47059.000000
-46848.000000
-46637.000000
-46423.000000
-46215.000000
-45997.000000
-45785.000000
-45575.000000
-45367.000000
-45159.000000
-44944.000000
-44736.000000
-44527.000000
-44320.000000
-44113.000000
-43901.000000
-43692.000000
-43485.000000
-43271.000000
-43060.000000
-42849.000000
-42640.000000
-42428.000000
-42220.000000
-42120.000000
-42105.000000
-42102.000000
-42102.000000
-42104.000000
-42116.000000
-42134.000000
-42157.000000
-42185.000000
-42216.000000
-42253.000000
-42290.000000
-42331.000000
-42372.000000
-42415.000000
-42460.000000
-42505.000000
-42551.000000
-42600.000000
-42647.000000
-42695.000000
-42743.000000
-42793.000000
-43830.000000
-43929.000000
-44029.000000
-44127.000000
-44227.000000
-44325.000000
-44424.000000
-44527.000000
-44627.000000
-44728.000000
-44826.000000
-44926.000000
-45026.000000
-45130.000000
-45228.000000
-45327.000000
-45426.000000
-45525.000000
-45625.000000
-45724.000000
-45824.000000
-45924.000000
-46025.000000
-46124.000000
-46224.000000
-46327.000000
-46427.000000
-46529.000000
-46629.000000
-46732.000000
-46832.000000
-46933.000000
-47034.000000
-47134.000000
-47233.000000
-47332.000000
-47432.000000
-47532.000000
-47632.000000
-47733.000000
-47834.000000
-47935.000000
-48034.000000
-48134.000000
-48233.000000
-48333.000000
-48432.000000
-48534.000000
-48635.000000
-48734.000000
-48833.000000
-48932.000000
-49031.000000
-49130.000000
-49235.000000
-49333.000000
-49431.000000
-49531.000000
-49630.000000
-49730.000000
-49830.000000
-49929.000000
-50029.000000
-50130.000000
-50230.000000
-50330.000000
-50430.000000
-50530.000000
-50635.000000
-50735.000000
-50837.000000
-50938.000000
-51038.000000
-51139.000000
-51239.000000
-51340.000000
-51439.000000
-51538.000000
-51639.000000
-51739.000000
-51840.000000
-51940.000000
-52039.000000
-52140.000000
-52240.000000
-52339.000000
-52439.000000
-52538.000000
-52637.000000
-52739.000000
-52840.000000
-52938.000000
-53037.000000
-53137.000000
-53236.000000
-53341.000000
-53439.000000
-53538.000000
-53636.000000
-53736.000000
-53835.000000
-53935.000000
-54035.000000
-54135.000000
-54235.000000
-54337.000000
-54435.000000
-54536.000000
-54639.000000
-54740.000000
-54841.000000
-54943.000000
-55044.000000
-55144.000000
-55245.000000
-55345.000000
-55444.000000
-55543.000000
-55642.000000
-55743.000000
-55843.000000
-55944.000000
-56045.000000
-56144.000000
-56245.000000
-56345.000000
-56444.000000
-56545.000000
-56643.000000
-56746.000000
-56844.000000
-56946.000000
-57044.000000
-57144.000000
-57243.000000
-57342.000000
-57446.000000
-57543.000000
-57642.000000
-57741.000000
-57841.000000
-57941.000000
-58040.000000
-58141.000000
-58241.000000
-58341.000000
-58442.000000
-58540.000000
-58642.000000
-58741.000000
-58846.000000
-58948.000000
-59050.000000
-59151.000000
-59251.000000
-59351.000000
-59450.000000
-59549.000000
-59649.000000
-59747.000000
-59848.000000
-59947.000000
-60049.000000
-60150.000000
-60248.000000
-60349.000000
-60448.000000
-60547.000000
-60647.000000
-60746.000000
-60845.000000
-60944.000000
-61046.000000
-61147.000000
-61247.000000
-61345.000000
-61444.000000
-61548.000000
-61644.000000
-61743.000000
-61841.000000
-61941.000000
-62039.000000
-62138.000000
-62238.000000
-62338.000000
-62437.000000
-62538.000000
-62636.000000
-62737.000000
-62838.000000
-62938.000000
-63039.000000
-63141.000000
-63245.000000
-63346.000000
-63446.000000
-63547.000000
-63647.000000
-63748.000000
-63847.000000
-63948.000000
-64047.000000
-64147.000000
-64247.000000
-64345.000000
-64445.000000
-64544.000000
-64642.000000
-64740.000000
-64835.000000
-64930.000000
-65025.000000
-65122.000000
-65216.000000
-65313.000000
-65407.000000
-65501.000000
-65599.000000
-65691.000000
-65781.000000
-65873.000000
-65966.000000
-66059.000000
-66290.000000
-66282.000000
-66257.000000
-66216.000000
-66162.000000
-66102.000000
-66040.000000
-65978.000000
-65915.000000
-65851.000000
-65787.000000
-65722.000000
-65658.000000
-65591.000000
-65518.000000
-65452.000000
-65383.000000
-65315.000000
-65247.000000
-65178.000000
-65040.000000
-64832.000000
-64620.000000
-64407.000000
-64194.000000
-63981.000000
-63769.000000
-63556.000000
-63342.000000
-63128.000000
-62915.000000
-62697.000000
-62485.000000
-62269.000000
-62055.000000
-61842.000000
-61631.000000
-61413.000000
-61198.000000
-60985.000000
-60771.000000
-60558.000000
-60344.000000
-60134.000000
-59925.000000
-59716.000000
-59503.000000
-59293.000000
-59083.000000
-58871.000000
-58661.000000
-58449.000000
-58235.000000
-58024.000000
-57814.000000
-57606.000000
-57397.000000
-57182.000000
-56972.000000
-56764.000000
-56553.000000
-56344.000000
-56134.000000
-55925.000000
-55718.000000
-55509.000000
-55299.000000
-55087.000000
-54879.000000
-54666.000000
-54455.000000
-54242.000000
-54030.000000
-53819.000000
-53611.000000
-53398.000000
-53184.000000
-52974.000000
-52766.000000
-52559.000000
-52351.000000
-52141.000000
-51933.000000
-51723.000000
-51515.000000
-51304.000000
-51095.000000
-50884.000000
-50674.000000
-50462.000000
-50250.000000
-50031.000000
-49820.000000
-49611.000000
-49403.000000
-49192.000000
-48979.000000
-48771.000000
-48563.000000
-48356.000000
-48148.000000
-47938.000000
-47729.000000
-47520.000000
-47310.000000
-47100.000000
-46885.000000
-46675.000000
-46464.000000
-46252.000000
-46039.000000
-45826.000000
-45616.000000
-45408.000000
-45199.000000
-44986.000000
-44776.000000
-44567.000000
-44359.000000
-44152.000000
-43943.000000
-43734.000000
-43521.000000
-43313.000000
-43102.000000
-42891.000000
-42681.000000
-42470.000000
-42258.000000
-42046.000000
-41836.000000
-41737.000000
-41723.000000
-41720.000000
-41720.000000
-41722.000000
-41733.000000
-41752.000000
-41775.000000
-41804.000000
-41837.000000
-41872.000000
-41909.000000
-41950.000000
-41992.000000
-42036.000000
-42080.000000
-42125.000000
-42171.000000
-42217.000000
-42264.000000
-42313.000000
-42361.000000
-42409.000000
-43451.000000
-43551.000000
-43651.000000
-43751.000000
-43851.000000
-43951.000000
-44051.000000
-44150.000000
-44251.000000
-44349.000000
-44447.000000
-44547.000000
-44647.000000
-44746.000000
-44846.000000
-44949.000000
-45048.000000
-45152.000000
-45249.000000
-45348.000000
-45447.000000
-45548.000000
-45647.000000
-45747.000000
-45847.000000
-45947.000000
-46047.000000
-46148.000000
-46247.000000
-46347.000000
-46447.000000
-46549.000000
-46650.000000
-46752.000000
-46853.000000
-46953.000000
-47053.000000
-47153.000000
-47253.000000
-47352.000000
-47455.000000
-47555.000000
-47655.000000
-47756.000000
-47857.000000
-47957.000000
-48056.000000
-48156.000000
-48256.000000
-48356.000000
-48455.000000
-48554.000000
-48654.000000
-48754.000000
-48852.000000
-48952.000000
-49050.000000
-49149.000000
-49254.000000
-49351.000000
-49450.000000
-49549.000000
-49650.000000
-49749.000000
-49852.000000
-49951.000000
-50051.000000
-50152.000000
-50253.000000
-50352.000000
-50452.000000
-50553.000000
-50655.000000
-50756.000000
-50857.000000
-50957.000000
-51058.000000
-51159.000000
-51259.000000
-51358.000000
-51458.000000
-51557.000000
-51657.000000
-51757.000000
-51861.000000
-51961.000000
-52061.000000
-52161.000000
-52262.000000
-52361.000000
-52461.000000
-52560.000000
-52659.000000
-52759.000000
-52859.000000
-52957.000000
-53056.000000
-53156.000000
-53256.000000
-53360.000000
-53457.000000
-53556.000000
-53655.000000
-53755.000000
-53854.000000
-53954.000000
-54054.000000
-54157.000000
-54258.000000
-54358.000000
-54457.000000
-54558.000000
-54658.000000
-54760.000000
-54861.000000
-54963.000000
-55064.000000
-55164.000000
-55265.000000
-55364.000000
-55464.000000
-55564.000000
-55662.000000
-55763.000000
-55862.000000
-55964.000000
-56064.000000
-56167.000000
-56268.000000
-56368.000000
-56467.000000
-56567.000000
-56666.000000
-56765.000000
-56865.000000
-56965.000000
-57064.000000
-57163.000000
-57263.000000
-57363.000000
-57466.000000
-57563.000000
-57662.000000
-57760.000000
-57860.000000
-57961.000000
-58060.000000
-58160.000000
-58260.000000
-58364.000000
-58465.000000
-58564.000000
-58664.000000
-58764.000000
-58866.000000
-58968.000000
-59069.000000
-59171.000000
-59272.000000
-59371.000000
-59471.000000
-59570.000000
-59671.000000
-59769.000000
-59870.000000
-59970.000000
-60071.000000
-60171.000000
-60270.000000
-60371.000000
-60470.000000
-60573.000000
-60673.000000
-60772.000000
-60871.000000
-60971.000000
-61072.000000
-61170.000000
-61269.000000
-61369.000000
-61469.000000
-61570.000000
-61668.000000
-61767.000000
-61866.000000
-61965.000000
-62065.000000
-62165.000000
-62264.000000
-62365.000000
-62466.000000
-62567.000000
-62666.000000
-62769.000000
-62870.000000
-62972.000000
-63073.000000
-63173.000000
-63274.000000
-63375.000000
-63473.000000
-63573.000000
-63672.000000
-63771.000000
-63869.000000
-63968.000000
-64067.000000
-64167.000000
-64266.000000
-64365.000000
-64464.000000
-64563.000000
-64662.000000
-64760.000000
-64856.000000
-64954.000000
-65053.000000
-65151.000000
-65245.000000
-65341.000000
-65436.000000
-65530.000000
-65629.000000
-65722.000000
-65815.000000
-65908.000000
-65999.000000
-66091.000000
-66185.000000
-66278.000000
-66512.000000
-66505.000000
-66481.000000
-66440.000000
-66387.000000
-66326.000000
-66265.000000
-66202.000000
-66139.000000
-66075.000000
-66012.000000
-65947.000000
-65883.000000
-65817.000000
-65751.000000
-65686.000000
-65618.000000
-65546.000000
-65478.000000
-65409.000000
-65271.000000
-65061.000000
-64851.000000
-64639.000000
-64428.000000
-64215.000000
-64001.000000
-63789.000000
-63572.000000
-63359.000000
-63145.000000
-62932.000000
-62718.000000
-62506.000000
-62292.000000
-62078.000000
-61864.000000
-61650.000000
-61432.000000
-61217.000000
-61004.000000
-60790.000000
-60575.000000
-60361.000000
-60147.000000
-59931.000000
-59722.000000
-59514.000000
-59305.000000
-59093.000000
-58883.000000
-58671.000000
-58459.000000
-58245.000000
-58034.000000
-57825.000000
-57617.000000
-57404.000000
-57192.000000
-56979.000000
-56769.000000
-56563.000000
-56354.000000
-56146.000000
-55938.000000
-55729.000000
-55520.000000
-55310.000000
-55098.000000
-54888.000000
-54677.000000
-54467.000000
-54253.000000
-54041.000000
-53826.000000
-53618.000000
-53409.000000
-53193.000000
-52985.000000
-52776.000000
-52568.000000
-52361.000000
-52152.000000
-51944.000000
-51733.000000
-51525.000000
-51315.000000
-51106.000000
-50895.000000
-50684.000000
-50468.000000
-50256.000000
-50042.000000
-49832.000000
-49622.000000
-49414.000000
-49205.000000
-48990.000000
-48782.000000
-48574.000000
-48367.000000
-48159.000000
-47948.000000
-47739.000000
-47531.000000
-47317.000000
-47106.000000
-46896.000000
-46686.000000
-46475.000000
-46263.000000
-46051.000000
-45837.000000
-45627.000000
-45419.000000
-45210.000000
-44995.000000
-44787.000000
-44577.000000
-44366.000000
-44158.000000
-43950.000000
-43741.000000
-43531.000000
-43324.000000
-43113.000000
-42903.000000
-42691.000000
-42481.000000
-42269.000000
-42061.000000
-41960.000000
-41945.000000
-41942.000000
-41942.000000
-41944.000000
-41956.000000
-41974.000000
-41998.000000
-42026.000000
-42059.000000
-42094.000000
-42131.000000
-42170.000000
-42212.000000
-42256.000000
-42300.000000
-42346.000000
-42392.000000
-42439.000000
-42487.000000
-42534.000000
-42585.000000
-42633.000000
-43672.000000
-43772.000000
-43872.000000
-43972.000000
-44072.000000
-44170.000000
-44270.000000
-44369.000000
-44468.000000
-44567.000000
-44668.000000
-44767.000000
-44869.000000
-44969.000000
-45069.000000
-45172.000000
-45269.000000
-45368.000000
-45467.000000
-45567.000000
-45666.000000
-45767.000000
-45866.000000
-45967.000000
-46067.000000
-46168.000000
-46266.000000
-46367.000000
-46468.000000
-46569.000000
-46671.000000
-46772.000000
-46873.000000
-46973.000000
-47074.000000
-47174.000000
-47276.000000
-47376.000000
-47475.000000
-47575.000000
-47675.000000
-47776.000000
-47877.000000
-47976.000000
-48076.000000
-48177.000000
-48275.000000
-48376.000000
-48475.000000
-48575.000000
-48674.000000
-48773.000000
-48873.000000
-48971.000000
-49071.000000
-49171.000000
-49274.000000
-49371.000000
-49474.000000
-49572.000000
-49672.000000
-49772.000000
-49872.000000
-49971.000000
-50072.000000
-50173.000000
-50273.000000
-50373.000000
-50473.000000
-50574.000000
-50675.000000
-50777.000000
-50878.000000
-50978.000000
-51080.000000
-51179.000000
-51279.000000
-51379.000000
-51479.000000
-51578.000000
-51678.000000
-51781.000000
-51882.000000
-51982.000000
-52082.000000
-52181.000000
-52282.000000
-52381.000000
-52481.000000
-52581.000000
-52679.000000
-52779.000000
-52878.000000
-52978.000000
-53077.000000
-53177.000000
-53278.000000
-53379.000000
-53477.000000
-53576.000000
-53675.000000
-53774.000000
-53874.000000
-53974.000000
-54074.000000
-54174.000000
-54276.000000
-54379.000000
-54478.000000
-54578.000000
-54678.000000
-54780.000000
-54882.000000
-54983.000000
-55084.000000
-55186.000000
-55285.000000
-55385.000000
-55484.000000
-55584.000000
-55683.000000
-55784.000000
-55883.000000
-55985.000000
-56085.000000
-56184.000000
-56284.000000
-56384.000000
-56484.000000
-56583.000000
-56683.000000
-56782.000000
-56882.000000
-56982.000000
-57084.000000
-57184.000000
-57282.000000
-57386.000000
-57485.000000
-57583.000000
-57682.000000
-57781.000000
-57881.000000
-57981.000000
-58081.000000
-58181.000000
-58280.000000
-58382.000000
-58482.000000
-58581.000000
-58681.000000
-58781.000000
-58883.000000
-58985.000000
-59087.000000
-59187.000000
-59289.000000
-59388.000000
-59488.000000
-59590.000000
-59690.000000
-59788.000000
-59888.000000
-59988.000000
-60089.000000
-60189.000000
-60288.000000
-60388.000000
-60488.000000
-60587.000000
-60687.000000
-60787.000000
-60885.000000
-60985.000000
-61085.000000
-61184.000000
-61283.000000
-61382.000000
-61485.000000
-61584.000000
-61682.000000
-61781.000000
-61884.000000
-61984.000000
-62084.000000
-62183.000000
-62283.000000
-62382.000000
-62483.000000
-62582.000000
-62682.000000
-62782.000000
-62882.000000
-62984.000000
-63086.000000
-63186.000000
-63287.000000
-63388.000000
-63487.000000
-63587.000000
-63685.000000
-63785.000000
-63883.000000
-63984.000000
-64086.000000
-64186.000000
-64286.000000
-64384.000000
-64484.000000
-64582.000000
-64681.000000
-64779.000000
-64877.000000
-64973.000000
-65071.000000
-65169.000000
-65265.000000
-65361.000000
-65457.000000
-65552.000000
-65651.000000
-65743.000000
-65837.000000
-65929.000000
-66022.000000
-66114.000000
-66207.000000
-66300.000000
-66395.000000
-66630.000000
-66623.000000
-66600.000000
-66561.000000
-66509.000000
-66448.000000
-66388.000000
-66324.000000
-66261.000000
-66198.000000
-66134.000000
-66070.000000
-66007.000000
-65941.000000
-65878.000000
-65811.000000
-65745.000000
-65680.000000
-65609.000000
-65536.000000
-65401.000000
-65194.000000
-64984.000000
-64772.000000
-64559.000000
-64341.000000
-64129.000000
-63916.000000
-63703.000000
-63491.000000
-63278.000000
-63066.000000
-62851.000000
-62637.000000
-62424.000000
-62208.000000
-61993.000000
-61779.000000
-61566.000000
-61345.000000
-61125.000000
-60913.000000
-60692.000000
-60479.000000
-60262.000000
-60051.000000
-59841.000000
-59633.000000
-59424.000000
-59213.000000
-59003.000000
-58791.000000
-58580.000000
-58367.000000
-58155.000000
-57945.000000
-57731.000000
-57523.000000
-57308.000000
-57098.000000
-56888.000000
-56681.000000
-56473.000000
-56265.000000
-56055.000000
-55846.000000
-55639.000000
-55430.000000
-55220.000000
-55008.000000
-54798.000000
-54587.000000
-54371.000000
-54157.000000
-53946.000000
-53737.000000
-53528.000000
-53320.000000
-53104.000000
-52895.000000
-52685.000000
-52478.000000
-52270.000000
-52061.000000
-51852.000000
-51644.000000
-51435.000000
-51224.000000
-51014.000000
-50801.000000
-50589.000000
-50378.000000
-50164.000000
-49952.000000
-49742.000000
-49533.000000
-49324.000000
-49110.000000
-48900.000000
-48692.000000
-48483.000000
-48275.000000
-48066.000000
-47858.000000
-47649.000000
-47441.000000
-47231.000000
-47017.000000
-46806.000000
-46595.000000
-46384.000000
-46173.000000
-45958.000000
-45747.000000
-45537.000000
-45329.000000
-45122.000000
-44906.000000
-44696.000000
-44486.000000
-44281.000000
-44072.000000
-43862.000000
-43653.000000
-43445.000000
-43233.000000
-43022.000000
-42811.000000
-42602.000000
-42390.000000
-42181.000000
-42079.000000
-42063.000000
-42060.000000
-42060.000000
-42060.000000
-42063.000000
-42074.000000
-42092.000000
-42115.000000
-42143.000000
-42174.000000
-42209.000000
-42248.000000
-42288.000000
-42330.000000
-42374.000000
-42417.000000
-42464.000000
-42510.000000
-42557.000000
-42606.000000
-42654.000000
-42702.000000
-42751.000000
-43790.000000
-43888.000000
-43988.000000
-44088.000000
-44187.000000
-44287.000000
-44385.000000
-44484.000000
-44584.000000
-44684.000000
-44784.000000
-44883.000000
-44983.000000
-45086.000000
-45187.000000
-45286.000000
-45384.000000
-45483.000000
-45583.000000
-45683.000000
-45783.000000
-45882.000000
-45983.000000
-46084.000000
-46184.000000
-46284.000000
-46383.000000
-46484.000000
-46586.000000
-46688.000000
-46789.000000
-46890.000000
-46991.000000
-47090.000000
-47190.000000
-47289.000000
-47389.000000
-47489.000000
-47589.000000
-47693.000000
-47793.000000
-47894.000000
-47992.000000
-48092.000000
-48193.000000
-48292.000000
-48391.000000
-48492.000000
-48590.000000
-48691.000000
-48790.000000
-48889.000000
-48988.000000
-49088.000000
-49190.000000
-49290.000000
-49388.000000
-49487.000000
-49587.000000
-49686.000000
-49786.000000
-49885.000000
-49986.000000
-50085.000000
-50190.000000
-50289.000000
-50390.000000
-50489.000000
-50590.000000
-50692.000000
-50794.000000
-50895.000000
-50995.000000
-51097.000000
-51196.000000
-51297.000000
-51396.000000
-51496.000000
-51595.000000
-51696.000000
-51795.000000
-51896.000000
-51996.000000
-52095.000000
-52195.000000
-52295.000000
-52395.000000
-52494.000000
-52594.000000
-52693.000000
-52795.000000
-52895.000000
-52994.000000
-53094.000000
-53193.000000
-53297.000000
-53396.000000
-53494.000000
-53593.000000
-53692.000000
-53791.000000
-53891.000000
-53991.000000
-54091.000000
-54190.000000
-54292.000000
-54392.000000
-54492.000000
-54591.000000
-54692.000000
-54794.000000
-54895.000000
-54997.000000
-55098.000000
-55200.000000
-55302.000000
-55402.000000
-55501.000000
-55601.000000
-55700.000000
-55801.000000
-55901.000000
-56002.000000
-56102.000000
-56202.000000
-56302.000000
-56401.000000
-56499.000000
-56598.000000
-56699.000000
-56797.000000
-56898.000000
-56998.000000
-57097.000000
-57197.000000
-57296.000000
-57400.000000
-57498.000000
-57596.000000
-57698.000000
-57796.000000
-57896.000000
-57995.000000
-58095.000000
-58194.000000
-58293.000000
-58394.000000
-58493.000000
-58592.000000
-58692.000000
-58792.000000
-58895.000000
-58996.000000
-59097.000000
-59198.000000
-59299.000000
-59399.000000
-59498.000000
-59598.000000
-59699.000000
-59799.000000
-59899.000000
-60001.000000
-60102.000000
-60202.000000
-60301.000000
-60400.000000
-60499.000000
-60599.000000
-60698.000000
-60799.000000
-60898.000000
-60998.000000
-61099.000000
-61197.000000
-61297.000000
-61395.000000
-61500.000000
-61598.000000
-61697.000000
-61797.000000
-61896.000000
-61995.000000
-62095.000000
-62195.000000
-62295.000000
-62393.000000
-62498.000000
-62598.000000
-62698.000000
-62799.000000
-62899.000000
-63001.000000
-63103.000000
-63203.000000
-63304.000000
-63406.000000
-63506.000000
-63606.000000
-63705.000000
-63805.000000
-63903.000000
-64003.000000
-64103.000000
-64203.000000
-64303.000000
-64403.000000
-64502.000000
-64601.000000
-64698.000000
-64797.000000
-64895.000000
-64993.000000
-65090.000000
-65188.000000
-65288.000000
-65385.000000
-65481.000000
-65582.000000
-65678.000000
-65771.000000
-65866.000000
-65959.000000
-66052.000000
-66146.000000
-66240.000000
-66335.000000
-66431.000000
-66526.000000
-66621.000000
-66714.000000
-66944.000000
-66938.000000
-66915.000000
-66874.000000
-66822.000000
-66763.000000
-66703.000000
-66642.000000
-66574.000000
-66514.000000
-66449.000000
-66385.000000
-66318.000000
-66253.000000
-66188.000000
-66121.000000
-66054.000000
-65988.000000
-65921.000000
-65854.000000
-65719.000000
-65506.000000
-65294.000000
-65082.000000
-64869.000000
-64656.000000
-64443.000000
-64229.000000
-64016.000000
-63803.000000
-63586.000000
-63373.000000
-63156.000000
-62942.000000
-62727.000000
-62512.000000
-62296.000000
-62081.000000
-61865.000000
-61650.000000
-61431.000000
-61214.000000
-60999.000000
-60784.000000
-60572.000000
-60362.000000
-60148.000000
-59937.000000
-59728.000000
-59521.000000
-59311.000000
-59100.000000
-58889.000000
-58678.000000
-58466.000000
-58253.000000
-58042.000000
-57831.000000
-57622.000000
-57415.000000
-57199.000000
-56989.000000
-56775.000000
-56569.000000
-56360.000000
-56150.000000
-55941.000000
-55733.000000
-55525.000000
-55316.000000
-55105.000000
-54895.000000
-54684.000000
-54473.000000
-54260.000000
-54047.000000
-53837.000000
-53624.000000
-53415.000000
-53200.000000
-52991.000000
-52782.000000
-52574.000000
-52365.000000
-52157.000000
-51949.000000
-51739.000000
-51531.000000
-51322.000000
-51112.000000
-50902.000000
-50691.000000
-50479.000000
-50263.000000
-50049.000000
-49838.000000
-49629.000000
-49420.000000
-49212.000000
-48996.000000
-48788.000000
-48578.000000
-48372.000000
-48163.000000
-47954.000000
-47745.000000
-47537.000000
-47324.000000
-47113.000000
-46902.000000
-46693.000000
-46482.000000
-46269.000000
-46057.000000
-45844.000000
-45634.000000
-45425.000000
-45217.000000
-45002.000000
-44793.000000
-44583.000000
-44371.000000
-44163.000000
-43954.000000
-43746.000000
-43536.000000
-43329.000000
-43119.000000
-42909.000000
-42699.000000
-42490.000000
-42390.000000
-42376.000000
-42373.000000
-42373.000000
-42376.000000
-42388.000000
-42404.000000
-42427.000000
-42457.000000
-42489.000000
-42524.000000
-42563.000000
-42603.000000
-42645.000000
-42689.000000
-42732.000000
-42778.000000
-42824.000000
-42871.000000
-42919.000000
-42966.000000
-43014.000000
-43062.000000
-44099.000000
-44197.000000
-44297.000000
-44395.000000
-44494.000000
-44594.000000
-44694.000000
-44794.000000
-44892.000000
-44992.000000
-45094.000000
-45197.000000
-45292.000000
-45394.000000
-45493.000000
-45592.000000
-45693.000000
-45793.000000
-45893.000000
-45993.000000
-46094.000000
-46193.000000
-46293.000000
-46393.000000
-46494.000000
-46596.000000
-46698.000000
-46799.000000
-46900.000000
-47001.000000
-47101.000000
-47200.000000
-47299.000000
-47399.000000
-47502.000000
-47603.000000
-47703.000000
-47803.000000
-47904.000000
-48003.000000
-48103.000000
-48203.000000
-48302.000000
-48401.000000
-48501.000000
-48600.000000
-48701.000000
-48800.000000
-48899.000000
-48998.000000
-49097.000000
-49201.000000
-49300.000000
-49398.000000
-49498.000000
-49597.000000
-49699.000000
-49799.000000
-49899.000000
-49999.000000
-50098.000000
-50199.000000
-50299.000000
-50399.000000
-50500.000000
-50600.000000
-50702.000000
-50804.000000
-50905.000000
-51006.000000
-51107.000000
-51206.000000
-51306.000000
-51406.000000
-51506.000000
-51606.000000
-51706.000000
-51809.000000
-51909.000000
-52010.000000
-52109.000000
-52209.000000
-52308.000000
-52407.000000
-52507.000000
-52607.000000
-52705.000000
-52806.000000
-52905.000000
-53004.000000
-53103.000000
-53202.000000
-53308.000000
-53405.000000
-53504.000000
-53603.000000
-53702.000000
-53801.000000
-53901.000000
-54004.000000
-54104.000000
-54204.000000
-54305.000000
-54404.000000
-54504.000000
-54605.000000
-54705.000000
-54807.000000
-54909.000000
-55010.000000
-55111.000000
-55213.000000
-55313.000000
-55412.000000
-55512.000000
-55611.000000
-55710.000000
-55810.000000
-55911.000000
-56011.000000
-56112.000000
-56214.000000
-56315.000000
-56414.000000
-56514.000000
-56612.000000
-56711.000000
-56811.000000
-56911.000000
-57011.000000
-57109.000000
-57209.000000
-57308.000000
-57414.000000
-57512.000000
-57610.000000
-57709.000000
-57808.000000
-57908.000000
-58008.000000
-58108.000000
-58208.000000
-58311.000000
-58412.000000
-58511.000000
-58611.000000
-58711.000000
-58811.000000
-58913.000000
-59015.000000
-59116.000000
-59217.000000
-59319.000000
-59418.000000
-59517.000000
-59617.000000
-59716.000000
-59817.000000
-59917.000000
-60018.000000
-60119.000000
-60219.000000
-60318.000000
-60418.000000
-60517.000000
-60621.000000
-60719.000000
-60819.000000
-60919.000000
-61018.000000
-61117.000000
-61215.000000
-61315.000000
-61413.000000
-61516.000000
-61615.000000
-61713.000000
-61812.000000
-61911.000000
-62010.000000
-62110.000000
-62210.000000
-62310.000000
-62410.000000
-62511.000000
-62613.000000
-62713.000000
-62813.000000
-62913.000000
-63015.000000
-63116.000000
-63217.000000
-63317.000000
-63419.000000
-63520.000000
-63620.000000
-63720.000000
-63819.000000
-63919.000000
-64019.000000
-64119.000000
-64220.000000
-64319.000000
-64419.000000
-64519.000000
-64621.000000
-64721.000000
-64819.000000
-64919.000000
-65018.000000
-65117.000000
-65216.000000
-65314.000000
-65413.000000
-65511.000000
-65615.000000
-65713.000000
-65810.000000
-65907.000000
-66004.000000
-66102.000000
-66200.000000
-66296.000000
-66394.000000
-66494.000000
-66593.000000
-66690.000000
-66786.000000
-66883.000000
-66981.000000
-67082.000000
-67183.000000
-67281.000000
-67379.000000
-67479.000000
-67578.000000
-67678.000000
-67777.000000
-67877.000000
-67975.000000
-68075.000000
-68176.000000
-68280.000000
-68383.000000
-68485.000000
-68587.000000
-68689.000000
-68791.000000
-68892.000000
-68993.000000
-69095.000000
-69198.000000
-69300.000000
-69401.000000
-69503.000000
-69603.000000
-69708.000000
-69807.000000
-69906.000000
-70007.000000
-70106.000000
-70207.000000
-70308.000000
-70409.000000
-70510.000000
-70613.000000
-70713.000000
-70813.000000
-70913.000000
-71013.000000
-71113.000000
-71213.000000
-71314.000000
-71414.000000
-71514.000000
-71613.000000
-71711.000000
-71809.000000
-71907.000000
-72006.000000
-72104.000000
-72202.000000
-72299.000000
-72395.000000
-72491.000000
-72585.000000
-72683.000000
-72776.000000
-72869.000000
-72962.000000
-73054.000000
-73146.000000
-73237.000000
