2561.000000
2557.000000
2546.000000
2528.000000
2504.000000
2475.000000
2444.000000
2409.000000
2371.000000
2332.000000
2291.000000
2248.000000
2204.000000
2158.000000
2112.000000
2067.000000
2021.000000
1973.000000
1925.000000
1878.000000
837.000000
737.000000
638.000000
538.000000
438.000000
339.000000
241.000000
142.000000
44.000000
-65.000000
-162.000000
-261.000000
-360.000000
-458.000000
-558.000000
-657.000000
-757.000000
-857.000000
-956.000000
-1057.000000
-1156.000000
-1256.000000
-1357.000000
-1456.000000
-1558.000000
-1660.000000
-1761.000000
-1862.000000
-1965.000000
-2068.000000
-2168.000000
-2267.000000
-2368.000000
-2467.000000
-2565.000000
-2666.000000
-2766.000000
-2866.000000
-2966.000000
-3066.000000
-3166.000000
-3267.000000
-3365.000000
-3464.000000
-3564.000000
-3664.000000
-3764.000000
-3862.000000
-3965.000000
-4064.000000
-4170.000000
-4268.000000
-4366.000000
-4465.000000
-4563.000000
-4662.000000
-4762.000000
-4862.000000
-4962.000000
-5062.000000
-5163.000000
-5263.000000
-5362.000000
-5463.000000
-5562.000000
-5664.000000
-5766.000000
-5871.000000
-5971.000000
-6073.000000
-6172.000000
-6271.000000
-6371.000000
-6469.000000
-6570.000000
-6669.000000
-6770.000000
-6872.000000
-6971.000000
-7072.000000
-7172.000000
-7272.000000
-7372.000000
-7470.000000
-7570.000000
-7669.000000
-7770.000000
-7870.000000
-7971.000000
-8071.000000
-8170.000000
-8275.000000
-8372.000000
-8470.000000
-8570.000000
-8668.000000
-8768.000000
-8868.000000
-8968.000000
-9069.000000
-9168.000000
-9268.000000
-9368.000000
-9467.000000
-9568.000000
-9669.000000
-9770.000000
-9872.000000
-9973.000000
-10077.000000
-10177.000000
-10277.000000
-10376.000000
-10475.000000
-10575.000000
-10676.000000
-10776.000000
-10877.000000
-10978.000000
-11077.000000
-11178.000000
-11279.000000
-11377.000000
-11478.000000
-11577.000000
-11676.000000
-11777.000000
-11876.000000
-11975.000000
-12074.000000
-12176.000000
-12275.000000
-12380.000000
-12478.000000
-12576.000000
-12675.000000
-12775.000000
-12874.000000
-12974.000000
-13074.000000
-13174.000000
-13274.000000
-13374.000000
-13474.000000
-13574.000000
-13674.000000
-13775.000000
-13876.000000
-13978.000000
-14077.000000
-14181.000000
-14281.000000
-14382.000000
-14481.000000
-14580.000000
-14680.000000
-14781.000000
-14881.000000
-14981.000000
-15082.000000
-15182.000000
-15283.000000
-15384.000000
-15483.000000
-15584.000000
-15683.000000
-15782.000000
-15882.000000
-15982.000000
-16081.000000
-16179.000000
-16282.000000
-16382.000000
-16485.000000
-16583.000000
-16682.000000
-16780.000000
-16880.000000
-16979.000000
-17079.000000
-17179.000000
-17279.000000
-17379.000000
-17480.000000
-17579.000000
-17679.000000
-17780.000000
-17880.000000
-17981.000000
-18083.000000
-18187.000000
-18289.000000
-18388.000000
-18488.000000
-18588.000000
-18687.000000
-18787.000000
-18887.000000
-18987.000000
-19088.000000
-19189.000000
-19289.000000
-19389.000000
-19489.000000
-19589.000000
-19689.000000
-19788.000000
-19888.000000
-19987.000000
-20087.000000
-20186.000000
-20289.000000
-20387.000000
-20486.000000
-20591.000000
-20688.000000
-20787.000000
-20885.000000
-20985.000000
-21085.000000
-21185.000000
-21285.000000
-21386.000000
-21486.000000
-21586.000000
-21684.000000
-21785.000000
-21885.000000
-21987.000000
-22088.000000
-22190.000000
-22294.000000
-22394.000000
-22495.000000
-22595.000000
-22694.000000
-22794.000000
-22893.000000
-22993.000000
-23094.000000
-23195.000000
-23295.000000
-23395.000000
-23495.000000
-23595.000000
-23695.000000
-23795.000000
-23894.000000
-23994.000000
-24093.000000
-24193.000000
-24292.000000
-24394.000000
-24493.000000
-24593.000000
-24697.000000
-24794.000000
-24893.000000
-24991.000000
-25091.000000
-25191.000000
-25291.000000
-25390.000000
-25490.000000
-25591.000000
-25691.000000
-25790.000000
-25891.000000
-25992.000000
-26093.000000
-26195.000000
-26296.000000
-26399.000000
-26501.000000
-26600.000000
-26701.000000
-26800.000000
-26900.000000
-26999.000000
-27100.000000
-27199.000000
-27300.000000
-27401.000000
-27500.000000
-27600.000000
-27701.000000
-27801.000000
-27901.000000
-28000.000000
-28098.000000
-28199.000000
-28298.000000
-28397.000000
-28496.000000
-28600.000000
-28700.000000
-28802.000000
-28900.000000
-28999.000000
-29097.000000
-29196.000000
-29296.000000
-29396.000000
-29495.000000
-29596.000000
-29698.000000
-29798.000000
-29897.000000
-29997.000000
-30097.000000
-30199.000000
-30300.000000
-30401.000000
-30502.000000
-30606.000000
-30706.000000
-30806.000000
-30906.000000
-31006.000000
-31105.000000
-31205.000000
-31305.000000
-31407.000000
-31507.000000
-31607.000000
-31707.000000
-31807.000000
-31906.000000
-32006.000000
-32105.000000
-32204.000000
-32304.000000
-32405.000000
-32504.000000
-32603.000000
-32706.000000
-32808.000000
-32908.000000
-33005.000000
-33104.000000
-33203.000000
-33302.000000
-33402.000000
-33502.000000
-33602.000000
-33702.000000
-33803.000000
-33903.000000
-34002.000000
-34102.000000
-34203.000000
-34305.000000
-34407.000000
-34508.000000
-34609.000000
-34710.000000
-34813.000000
-34913.000000
-35012.000000
-35113.000000
-35211.000000
-35313.000000
-35412.000000
-35514.000000
-35614.000000
-35713.000000
-35812.000000
-35912.000000
-36011.000000
-36111.000000
-36211.000000
-36310.000000
-36410.000000
-36510.000000
-36609.000000
-36708.000000
-36810.000000
-36913.000000
-37012.000000
-37110.000000
-37210.000000
-37309.000000
-37408.000000
-37508.000000
-37607.000000
-37708.000000
-37807.000000
-37908.000000
-38008.000000
-38108.000000
-38209.000000
-38309.000000
-38411.000000
-38513.000000
-38614.000000
-38715.000000
-38816.000000
-38916.000000
-39019.000000
-39118.000000
-39219.000000
-39318.000000
-39419.000000
-39519.000000
-39619.000000
-39720.000000
-39818.000000
-39919.000000
-40019.000000
-40118.000000
-40218.000000
-40317.000000
-40416.000000
-40516.000000
-40616.000000
-40714.000000
-40814.000000
-40913.000000
-41021.000000
-41119.000000
-41217.000000
-41316.000000
-41415.000000
-41514.000000
-41614.000000
-41714.000000
-41815.000000
-41914.000000
-42015.000000
-42115.000000
-42214.000000
-42315.000000
-42415.000000
-42516.000000
-42618.000000
-42720.000000
-42821.000000
-42922.000000
-43022.000000
-43125.000000
-43224.000000
-43325.000000
-43423.000000
-43523.000000
-43624.000000
-43725.000000
-43826.000000
-43925.000000
-44025.000000
-44125.000000
-44225.000000
-44323.000000
-44422.000000
-44522.000000
-44622.000000
-44722.000000
-44821.000000
-44920.000000
-45019.000000
-45124.000000
-45222.000000
-45323.000000
-45422.000000
-45522.000000
-45620.000000
-45721.000000
-45821.000000
-45921.000000
-46021.000000
-46121.000000
-46221.000000
-46320.000000
-46420.000000
-46521.000000
-46622.000000
-46725.000000
-46826.000000
-46927.000000
-47028.000000
-47127.000000
-47227.000000
-47326.000000
-47429.000000
-47529.000000
-47629.000000
-47730.000000
-47831.000000
-47932.000000
-48031.000000
-48131.000000
-48231.000000
-48330.000000
-48429.000000
-48528.000000
-48628.000000
-48728.000000
-48827.000000
-48926.000000
-49025.000000
-49124.000000
-49229.000000
-49327.000000
-49425.000000
-49528.000000
-49627.000000
-49726.000000
-49826.000000
-49925.000000
-50024.000000
-50125.000000
-50225.000000
-50325.000000
-50424.000000
-50525.000000
-50627.000000
-50727.000000
-50829.000000
-50930.000000
-51030.000000
-51132.000000
-51231.000000
-51331.000000
-51431.000000
-51533.000000
-51634.000000
-51734.000000
-51835.000000
-51936.000000
-52035.000000
-52136.000000
-52236.000000
-52336.000000
-52436.000000
-52535.000000
-52634.000000
-52734.000000
-52834.000000
-52932.000000
-53031.000000
-53131.000000
-53230.000000
-53335.000000
-53432.000000
-53533.000000
-53632.000000
-53732.000000
-53831.000000
-53930.000000
-54030.000000
-54129.000000
-54230.000000
-54330.000000
-54429.000000
-54530.000000
-54629.000000
-54731.000000
-54831.000000
-54933.000000
-55035.000000
-55135.000000
-55236.000000
-55337.000000
-55436.000000
-55535.000000
-55634.000000
-55735.000000
-55835.000000
-55940.000000
-56041.000000
-56140.000000
-56241.000000
-56341.000000
-56441.000000
-56541.000000
-56639.000000
-56738.000000
-56836.000000
-56936.000000
-57033.000000
-57132.000000
-57230.000000
-57328.000000
-57431.000000
-57526.000000
-57622.000000
-57719.000000
-57817.000000
-57913.000000
-58009.000000
-58104.000000
-58200.000000
-58292.000000
-58387.000000
-58480.000000
-58574.000000
-58668.000000
-58762.000000
-58856.000000
-58950.000000
-59043.000000
-59268.000000
-59256.000000
-59239.000000
-59202.000000
-59152.000000
-59095.000000
-59037.000000
-58978.000000
-58917.000000
-58856.000000
-58793.000000
-58731.000000
-58668.000000
-58604.000000
-58540.000000
-58477.000000
-58409.000000
-58347.000000
-58277.000000
-58216.000000
-58081.000000
-57876.000000
-57671.000000
-57464.000000
-57247.000000
-57030.000000
-56818.000000
-56607.000000
-56396.000000
-56183.000000
-55971.000000
-55760.000000
-55548.000000
-55338.000000
-55126.000000
-54913.000000
-54699.000000
-54484.000000
-54273.000000
-54057.000000
-53844.000000
-53632.000000
-53420.000000
-53203.000000
-52989.000000
-52776.000000
-52565.000000
-52352.000000
-52140.000000
-51923.000000
-51710.000000
-51499.000000
-51288.000000
-51076.000000
-50862.000000
-50649.000000
-50436.000000
-50224.000000
-50012.000000
-49799.000000
-49586.000000
-49369.000000
-49158.000000
-48940.000000
-48727.000000
-48514.000000
-48302.000000
-48090.000000
-47878.000000
-47664.000000
-47452.000000
-47241.000000
-47031.000000
-46816.000000
-46602.000000
-46384.000000
-46174.000000
-45961.000000
-45747.000000
-45535.000000
-45323.000000
-45112.000000
-44894.000000
-44686.000000
-44480.000000
-44273.000000
-44062.000000
-43851.000000
-43642.000000
-43429.000000
-43220.000000
-43009.000000
-42799.000000
-42589.000000
-42378.000000
-42166.000000
-41954.000000
-41740.000000
-41529.000000
-41322.000000
-41114.000000
-40898.000000
-40687.000000
-40479.000000
-40272.000000
-40062.000000
-39852.000000
-39644.000000
-39434.000000
-39226.000000
-39015.000000
-38805.000000
-38594.000000
-38383.000000
-38173.000000
-37957.000000
-37743.000000
-37531.000000
-37322.000000
-37113.000000
-36903.000000
-36690.000000
-36483.000000
-36276.000000
-36069.000000
-35859.000000
-35648.000000
-35440.000000
-35225.000000
-35017.000000
-34805.000000
-34596.000000
-34386.000000
-34174.000000
-33963.000000
-33751.000000
-33537.000000
-33327.000000
-33120.000000
-32910.000000
-32697.000000
-32484.000000
-32275.000000
-32069.000000
-31860.000000
-31649.000000
-31441.000000
-31232.000000
-31023.000000
-30812.000000
-30602.000000
-30392.000000
-30181.000000
-29965.000000
-29754.000000
-29540.000000
-29328.000000
-29119.000000
-28911.000000
-28699.000000
-28487.000000
-28281.000000
-28073.000000
-27867.000000
-27656.000000
-27446.000000
-27231.000000
-27023.000000
-26813.000000
-26603.000000
-26393.000000
-26182.000000
-25971.000000
-25759.000000
-25547.000000
-25334.000000
-25125.000000
-24916.000000
-24707.000000
-24488.000000
-24281.000000
-24073.000000
-23867.000000
-23657.000000
-23446.000000
-23238.000000
-23028.000000
-22819.000000
-22609.000000
-22453.000000
-22420.000000
-22414.000000
-22414.000000
-22414.000000
-22419.000000
-22430.000000
-22448.000000
-22469.000000
-22497.000000
-22528.000000
-22562.000000
-22600.000000
-22639.000000
-22680.000000
-22723.000000
-22766.000000
-22812.000000
-22860.000000
-22906.000000
-22953.000000
-23001.000000
-23048.000000
-23096.000000
-24135.000000
-24234.000000
-24333.000000
-24431.000000
-24530.000000
-24635.000000
-24732.000000
-24830.000000
-24929.000000
-25027.000000
-25126.000000
-25225.000000
-25325.000000
-25424.000000
-25524.000000
-25628.000000
-25728.000000
-25828.000000
-25929.000000
-26029.000000
-26131.000000
-26233.000000
-26333.000000
-26434.000000
-26535.000000
-26634.000000
-26734.000000
-26834.000000
-26934.000000
-27034.000000
-27135.000000
-27235.000000
-27335.000000
-27436.000000
-27536.000000
-27639.000000
-27739.000000
-27838.000000
-27937.000000
-28036.000000
-28136.000000
-28236.000000
-28336.000000
-28434.000000
-28534.000000
-28633.000000
-28738.000000
-28836.000000
-28934.000000
-29033.000000
-29132.000000
-29231.000000
-29331.000000
-29431.000000
-29531.000000
-29630.000000
-29732.000000
-29835.000000
-29935.000000
-30035.000000
-30135.000000
-30236.000000
-30338.000000
-30440.000000
-30540.000000
-30642.000000
-30742.000000
-30841.000000
-30940.000000
-31040.000000
-31140.000000
-31240.000000
-31340.000000
-31442.000000
-31542.000000
-31642.000000
-31742.000000
-31841.000000
-31941.000000
-32042.000000
-32142.000000
-32241.000000
-32342.000000
-32441.000000
-32540.000000
-32639.000000
-32738.000000
-32843.000000
-32941.000000
-33038.000000
-33138.000000
-33237.000000
-33337.000000
-33437.000000
-33537.000000
-33637.000000
-33737.000000
-33838.000000
-33937.000000
-34039.000000
-34140.000000
-34241.000000
-34342.000000
-34444.000000
-34545.000000
-34646.000000
-34747.000000
-34847.000000
-34946.000000
-35046.000000
-35145.000000
-35246.000000
-35346.000000
-35447.000000
-35548.000000
-35648.000000
-35747.000000
-35847.000000
-35946.000000
-36047.000000
-36148.000000
-36248.000000
-36348.000000
-36448.000000
-36546.000000
-36645.000000
-36745.000000
-36844.000000
-36948.000000
-37047.000000
-37145.000000
-37245.000000
-37344.000000
-37443.000000
-37543.000000
-37643.000000
-37743.000000
-37843.000000
-37944.000000
-38043.000000
-38143.000000
-38245.000000
-38349.000000
-38450.000000
-38552.000000
-38652.000000
-38753.000000
-38853.000000
-38954.000000
-39053.000000
-39153.000000
-39252.000000
-39352.000000
-39453.000000
-39554.000000
-39654.000000
-39753.000000
-39854.000000
-39954.000000
-40054.000000
-40154.000000
-40252.000000
-40355.000000
-40454.000000
-40554.000000
-40652.000000
-40751.000000
-40851.000000
-40950.000000
-41055.000000
-41153.000000
-41251.000000
-41350.000000
-41450.000000
-41549.000000
-41649.000000
-41748.000000
-41849.000000
-41950.000000
-42051.000000
-42149.000000
-42250.000000
-42354.000000
-42454.000000
-42555.000000
-42657.000000
-42759.000000
-42860.000000
-42959.000000
-43060.000000
-43159.000000
-43258.000000
-43357.000000
-43458.000000
-43558.000000
-43659.000000
-43760.000000
-43860.000000
-43960.000000
-44060.000000
-44159.000000
-44263.000000
-44361.000000
-44460.000000
-44560.000000
-44660.000000
-44760.000000
-44859.000000
-44958.000000
-45057.000000
-45161.000000
-45258.000000
-45357.000000
-45455.000000
-45556.000000
-45655.000000
-45756.000000
-45855.000000
-45956.000000
-46056.000000
-46157.000000
-46258.000000
-46358.000000
-46459.000000
-46561.000000
-46663.000000
-46764.000000
-46864.000000
-46965.000000
-47066.000000
-47165.000000
-47264.000000
-47364.000000
-47463.000000
-47564.000000
-47664.000000
-47765.000000
-47865.000000
-47965.000000
-48065.000000
-48168.000000
-48268.000000
-48368.000000
-48467.000000
-48567.000000
-48666.000000
-48767.000000
-48866.000000
-48964.000000
-49063.000000
-49162.000000
-49266.000000
-49363.000000
-49462.000000
-49561.000000
-49661.000000
-49760.000000
-49860.000000
-49960.000000
-50060.000000
-50164.000000
-50264.000000
-50363.000000
-50464.000000
-50564.000000
-50666.000000
-50767.000000
-50869.000000
-50969.000000
-51069.000000
-51170.000000
-51270.000000
-51370.000000
-51470.000000
-51568.000000
-51669.000000
-51768.000000
-51869.000000
-51970.000000
-52069.000000
-52172.000000
-52273.000000
-52373.000000
-52473.000000
-52572.000000
-52672.000000
-52771.000000
-52871.000000
-52970.000000
-53068.000000
-53168.000000
-53269.000000
-53372.000000
-53468.000000
-53568.000000
-53665.000000
-53765.000000
-53865.000000
-53964.000000
-54067.000000
-54168.000000
-54269.000000
-54369.000000
-54469.000000
-54569.000000
-54669.000000
-54771.000000
-54872.000000
-54974.000000
-55075.000000
-55176.000000
-55276.000000
-55375.000000
-55474.000000
-55574.000000
-55672.000000
-55772.000000
-55872.000000
-55973.000000
-56077.000000
-56176.000000
-56276.000000
-56376.000000
-56475.000000
-56574.000000
-56671.000000
-56769.000000
-56866.000000
-56965.000000
-57063.000000
-57161.000000
-57259.000000
-57356.000000
-57457.000000
-57551.000000
-57647.000000
-57741.000000
-57837.000000
-57931.000000
-58025.000000
-58119.000000
-58217.000000
-58310.000000
-58403.000000
-58495.000000
-58588.000000
-58681.000000
-58917.000000
-58911.000000
-58888.000000
-58848.000000
-58795.000000
-58734.000000
-58673.000000
-58612.000000
-58549.000000
-58476.000000
-58429.000000
-58360.000000
-58296.000000
-58231.000000
-58165.000000
-58100.000000
-58034.000000
-57967.000000
-57900.000000
-57833.000000
-57699.000000
-57495.000000
-57283.000000
-57072.000000
-56859.000000
-56648.000000
-56436.000000
-56223.000000
-56009.000000
-55796.000000
-55584.000000
-55372.000000
-55158.000000
-54944.000000
-54730.000000
-54516.000000
-54300.000000
-54085.000000
-53871.000000
-53657.000000
-53444.000000
-53227.000000
-53012.000000
-52799.000000
-52586.000000
-52373.000000
-52159.000000
-51945.000000
-51731.000000
-51520.000000
-51306.000000
-51089.000000
-50874.000000
-50660.000000
-50446.000000
-50233.000000
-50019.000000
-49805.000000
-49593.000000
-49385.000000
-49173.000000
-48962.000000
-48756.000000
-48548.000000
-48342.000000
-48130.000000
-47916.000000
-47707.000000
-47498.000000
-47288.000000
-47077.000000
-46868.000000
-46657.000000
-46446.000000
-46234.000000
-46022.000000
-45808.000000
-45598.000000
-45391.000000
-45182.000000
-44964.000000
-44755.000000
-44546.000000
-44340.000000
-44132.000000
-43920.000000
-43712.000000
-43503.000000
-43295.000000
-43084.000000
-42873.000000
-42663.000000
-42448.000000
-42236.000000
-42024.000000
-41811.000000
-41600.000000
-41391.000000
-41183.000000
-40968.000000
-40760.000000
-40552.000000
-40344.000000
-40139.000000
-39927.000000
-39718.000000
-39503.000000
-39295.000000
-39085.000000
-38874.000000
-38664.000000
-38454.000000
-38243.000000
-38031.000000
-37817.000000
-37605.000000
-37395.000000
-37188.000000
-36980.000000
-36761.000000
-36552.000000
-36344.000000
-36137.000000
-35929.000000
-35717.000000
-35509.000000
-35300.000000
-35092.000000
-34881.000000
-34670.000000
-34460.000000
-34245.000000
-34033.000000
-33821.000000
-33607.000000
-33397.000000
-33187.000000
-32979.000000
-32765.000000
-32557.000000
-32350.000000
-32141.000000
-31934.000000
-31724.000000
-31515.000000
-31300.000000
-31092.000000
-30882.000000
-30672.000000
-30462.000000
-30251.000000
-30040.000000
-29829.000000
-29615.000000
-29402.000000
-29192.000000
-28985.000000
-28776.000000
-28557.000000
-28348.000000
-28140.000000
-27933.000000
-27727.000000
-27515.000000
-27306.000000
-27097.000000
-26889.000000
-26677.000000
-26467.000000
-26257.000000
-26046.000000
-25834.000000
-25622.000000
-25403.000000
-25195.000000
-24983.000000
-24775.000000
-24562.000000
-24353.000000
-24147.000000
-23939.000000
-23731.000000
-23520.000000
-23311.000000
-23101.000000
-22893.000000
-22683.000000
-22473.000000
-22258.000000
-22101.000000
-22066.000000
-22060.000000
-22061.000000
-22061.000000
-22066.000000
-22077.000000
-22096.000000
-22120.000000
-22147.000000
-22179.000000
-22214.000000
-22250.000000
-22290.000000
-22331.000000
-22373.000000
-22418.000000
-22465.000000
-22510.000000
-22556.000000
-22603.000000
-22650.000000
-22697.000000
-22745.000000
-23786.000000
-23886.000000
-23984.000000
-24084.000000
-24184.000000
-24281.000000
-24380.000000
-24478.000000
-24577.000000
-24681.000000
-24777.000000
-24877.000000
-24975.000000
-25076.000000
-25175.000000
-25278.000000
-25378.000000
-25478.000000
-25578.000000
-25679.000000
-25778.000000
-25879.000000
-25979.000000
-26081.000000
-26182.000000
-26283.000000
-26384.000000
-26484.000000
-26585.000000
-26685.000000
-26785.000000
-26885.000000
-26983.000000
-27084.000000
-27187.000000
-27288.000000
-27388.000000
-27488.000000
-27588.000000
-27689.000000
-27789.000000
-27889.000000
-27987.000000
-28087.000000
-28186.000000
-28286.000000
-28385.000000
-28483.000000
-28583.000000
-28682.000000
-28787.000000
-28884.000000
-28982.000000
-29081.000000
-29181.000000
-29280.000000
-29383.000000
-29483.000000
-29584.000000
-29685.000000
-29785.000000
-29884.000000
-29985.000000
-30085.000000
-30186.000000
-30288.000000
-30389.000000
-30490.000000
-30591.000000
-30692.000000
-30791.000000
-30890.000000
-30991.000000
-31089.000000
-31193.000000
-31292.000000
-31394.000000
-31495.000000
-31594.000000
-31695.000000
-31794.000000
-31894.000000
-31994.000000
-32092.000000
-32192.000000
-32291.000000
-32391.000000
-32491.000000
-32589.000000
-32689.000000
-32789.000000
-32892.000000
-32989.000000
-33087.000000
-33189.000000
-33289.000000
-33389.000000
-33489.000000
-33589.000000
-33689.000000
-33790.000000
-33890.000000
-33990.000000
-34090.000000
-34190.000000
-34292.000000
-34394.000000
-34495.000000
-34596.000000
-34697.000000
-34796.000000
-34896.000000
-34995.000000
-35099.000000
-35198.000000
-35299.000000
-35399.000000
-35500.000000
-35600.000000
-35699.000000
-35799.000000
-35899.000000
-35999.000000
-36098.000000
-36198.000000
-36297.000000
-36397.000000
-36498.000000
-36597.000000
-36695.000000
-36795.000000
-36897.000000
-36997.000000
-37098.000000
-37198.000000
-37297.000000
-37395.000000
-37496.000000
-37595.000000
-37694.000000
-37795.000000
-37896.000000
-37996.000000
-38096.000000
-38196.000000
-38297.000000
-38398.000000
-38500.000000
-38601.000000
-38701.000000
-38803.000000
-38903.000000
-39003.000000
-39105.000000
-39206.000000
-39304.000000
-39405.000000
-39505.000000
-39605.000000
-39706.000000
-39805.000000
-39906.000000
-40005.000000
-40105.000000
-40204.000000
-40304.000000
-40403.000000
-40503.000000
-40603.000000
-40702.000000
-40800.000000
-40900.000000
-41004.000000
-41103.000000
-41201.000000
-41302.000000
-41401.000000
-41500.000000
-41601.000000
-41700.000000
-41801.000000
-41901.000000
-42002.000000
-42102.000000
-42201.000000
-42301.000000
-42402.000000
-42504.000000
-42605.000000
-42706.000000
-42808.000000
-42909.000000
-43009.000000
-43108.000000
-43207.000000
-43308.000000
-43410.000000
-43510.000000
-43610.000000
-43711.000000
-43812.000000
-43911.000000
-44012.000000
-44112.000000
-44210.000000
-44310.000000
-44410.000000
-44508.000000
-44609.000000
-44709.000000
-44808.000000
-44907.000000
-45006.000000
-45111.000000
-45209.000000
-45310.000000
-45409.000000
-45507.000000
-45607.000000
-45707.000000
-45807.000000
-45907.000000
-46007.000000
-46108.000000
-46207.000000
-46307.000000
-46408.000000
-46508.000000
-46609.000000
-46712.000000
-46813.000000
-46914.000000
-47016.000000
-47115.000000
-47214.000000
-47313.000000
-47414.000000
-47516.000000
-47617.000000
-47718.000000
-47818.000000
-47919.000000
-48018.000000
-48118.000000
-48217.000000
-48315.000000
-48416.000000
-48515.000000
-48615.000000
-48715.000000
-48815.000000
-48914.000000
-49013.000000
-49112.000000
-49217.000000
-49314.000000
-49416.000000
-49515.000000
-49615.000000
-49714.000000
-49814.000000
-49913.000000
-50013.000000
-50114.000000
-50214.000000
-50313.000000
-50413.000000
-50514.000000
-50614.000000
-50716.000000
-50818.000000
-50919.000000
-51019.000000
-51121.000000
-51220.000000
-51320.000000
-51419.000000
-51520.000000
-51622.000000
-51722.000000
-51823.000000
-51924.000000
-52024.000000
-52123.000000
-52223.000000
-52323.000000
-52423.000000
-52522.000000
-52621.000000
-52720.000000
-52820.000000
-52919.000000
-53018.000000
-53118.000000
-53217.000000
-53322.000000
-53420.000000
-53518.000000
-53617.000000
-53716.000000
-53818.000000
-53918.000000
-54018.000000
-54118.000000
-54219.000000
-54319.000000
-54418.000000
-54518.000000
-54619.000000
-54719.000000
-54821.000000
-54922.000000
-55024.000000
-55124.000000
-55227.000000
-55326.000000
-55426.000000
-55525.000000
-55624.000000
-55725.000000
-55824.000000
-55929.000000
-56029.000000
-56129.000000
-56230.000000
-56330.000000
-56429.000000
-56528.000000
-56627.000000
-56726.000000
-56825.000000
-56926.000000
-57025.000000
-57123.000000
-57222.000000
-57321.000000
-57425.000000
-57523.000000
-57621.000000
-57720.000000
-57819.000000
-57919.000000
-58019.000000
-58121.000000
-58221.000000
-58320.000000
-58420.000000
-58518.000000
-58618.000000
-58718.000000
-58817.000000
-58918.000000
-59020.000000
-59120.000000
-59220.000000
-59320.000000
-59418.000000
-59516.000000
-59615.000000
-59713.000000
-59813.000000
-59912.000000
-60012.000000
-60114.000000
-60212.000000
-60310.000000
-60409.000000
-60507.000000
-60606.000000
-60706.000000
-60805.000000
-60906.000000
-61006.000000
-61107.000000
-61206.000000
-61307.000000
-61406.000000
-61513.000000
-61613.000000
-61713.000000
-61814.000000
-61915.000000
-62016.000000
-62119.000000
-62219.000000
-62320.000000
-62419.000000
-62520.000000
-62619.000000
-62719.000000
-62820.000000
-62920.000000
-63021.000000
-63123.000000
-63224.000000
-63324.000000
-63425.000000
-63526.000000
-63625.000000
-63724.000000
-63823.000000
-63923.000000
-64023.000000
-64123.000000
-64224.000000
-64322.000000
-64421.000000
-64522.000000
-64619.000000
-64716.000000
-64810.000000
-64905.000000
-64999.000000
-65095.000000
-65190.000000
-65283.000000
-65377.000000
-65472.000000
-65567.000000
-65663.000000
-65753.000000
-65844.000000
-66068.000000
-66061.000000
-66039.000000
-66001.000000
-65948.000000
-65891.000000
-65830.000000
-65769.000000
-65707.000000
-65646.000000
-65581.000000
-65512.000000
-65449.000000
-65382.000000
-65317.000000
-65251.000000
-65184.000000
-65117.000000
-65049.000000
-64977.000000
-64840.000000
-64636.000000
-64423.000000
-64211.000000
-63997.000000
-63785.000000
-63568.000000
-63354.000000
-63140.000000
-62927.000000
-62713.000000
-62501.000000
-62287.000000
-62073.000000
-61859.000000
-61647.000000
-61429.000000
-61215.000000
-61003.000000
-60785.000000
-60571.000000
-60359.000000
-60146.000000
-59931.000000
-59715.000000
-59508.000000
-59296.000000
-59081.000000
-58866.000000
-58654.000000
-58444.000000
-58229.000000
-58017.000000
-57803.000000
-57595.000000
-57385.000000
-57172.000000
-56964.000000
-56757.000000
-56551.000000
-56340.000000
-56130.000000
-55921.000000
-55712.000000
-55502.000000
-55292.000000
-55081.000000
-54872.000000
-54656.000000
-54444.000000
-54232.000000
-54018.000000
-53809.000000
-53600.000000
-53392.000000
-53178.000000
-52969.000000
-52761.000000
-52555.000000
-52346.000000
-52135.000000
-51922.000000
-51712.000000
-51504.000000
-51294.000000
-51084.000000
-50873.000000
-50663.000000
-50451.000000
-50239.000000
-50026.000000
-49814.000000
-49605.000000
-49397.000000
-49187.000000
-48969.000000
-48763.000000
-48555.000000
-48348.000000
-48137.000000
-47928.000000
-47718.000000
-47509.000000
-47299.000000
-47089.000000
-46878.000000
-46669.000000
-46458.000000
-46241.000000
-46030.000000
-45816.000000
-45606.000000
-45398.000000
-45188.000000
-44975.000000
-44767.000000
-44559.000000
-44352.000000
-44143.000000
-43932.000000
-43719.000000
-43510.000000
-43302.000000
-43091.000000
-42881.000000
-42671.000000
-42459.000000
-42248.000000
-42036.000000
-41823.000000
-41611.000000
-41402.000000
-41189.000000
-40977.000000
-40766.000000
-40560.000000
-40352.000000
-40145.000000
-39934.000000
-39725.000000
-39515.000000
-39305.000000
-39096.000000
-38885.000000
-38676.000000
-38466.000000
-38250.000000
-38039.000000
-37826.000000
-37613.000000
-37402.000000
-37195.000000
-36987.000000
-36772.000000
-36563.000000
-36356.000000
-36149.000000
-35940.000000
-35729.000000
-35517.000000
-35307.000000
-35099.000000
-34888.000000
-34676.000000
-34467.000000
-34256.000000
-34044.000000
-33833.000000
-33620.000000
-33408.000000
-33199.000000
-32990.000000
-32776.000000
-32563.000000
-32356.000000
-32148.000000
-31943.000000
-31730.000000
-31521.000000
-31311.000000
-31103.000000
-30894.000000
-30683.000000
-30473.000000
-30262.000000
-30052.000000
-29839.000000
-29620.000000
-29409.000000
-29252.000000
-29219.000000
-29213.000000
-29213.000000
-29213.000000
-29218.000000
-29230.000000
-29246.000000
-29267.000000
-29295.000000
-29327.000000
-29362.000000
-29399.000000
-29440.000000
-29481.000000
-29525.000000
-29570.000000
-29614.000000
-29661.000000
-29708.000000
-29755.000000
-29805.000000
-29852.000000
-29901.000000
-30946.000000
-31044.000000
-31144.000000
-31243.000000
-31343.000000
-31444.000000
-31544.000000
-31643.000000
-31743.000000
-31842.000000
-31943.000000
-32041.000000
-32140.000000
-32239.000000
-32339.000000
-32440.000000
-32538.000000
-32641.000000
-32739.000000
-32844.000000
-32942.000000
-33040.000000
-33139.000000
-33238.000000
-33338.000000
-33438.000000
-33538.000000
-33638.000000
-33738.000000
-33838.000000
-33938.000000
-34037.000000
-34138.000000
-34238.000000
-34340.000000
-34442.000000
-34543.000000
-34647.000000
-34748.000000
-34848.000000
-34947.000000
-35047.000000
-35146.000000
-35247.000000
-35347.000000
-35448.000000
-35550.000000
-35649.000000
-35749.000000
-35849.000000
-35948.000000
-36049.000000
-36147.000000
-36246.000000
-36346.000000
-36446.000000
-36545.000000
-36643.000000
-36743.000000
-36845.000000
-36949.000000
-37048.000000
-37146.000000
-37246.000000
-37345.000000
-37444.000000
-37544.000000
-37643.000000
-37744.000000
-37844.000000
-37944.000000
-38043.000000
-38143.000000
-38245.000000
-38346.000000
-38447.000000
-38548.000000
-38649.000000
-38749.000000
-38850.000000
-38954.000000
-39053.000000
-39153.000000
-39252.000000
-39353.000000
-39452.000000
-39553.000000
-39654.000000
-39753.000000
-39854.000000
-39955.000000
-40054.000000
-40155.000000
-40253.000000
-40352.000000
-40451.000000
-40551.000000
-40650.000000
-40749.000000
-40849.000000
-40948.000000
-41053.000000
-41153.000000
-41252.000000
-41351.000000
-41451.000000
-41550.000000
-41650.000000
-41749.000000
-41850.000000
-41950.000000
-42052.000000
-42150.000000
-42250.000000
-42351.000000
-42451.000000
-42552.000000
-42654.000000
-42755.000000
-42856.000000
-42956.000000
-43057.000000
-43159.000000
-43258.000000
-43358.000000
-43457.000000
-43558.000000
-43659.000000
-43760.000000
-43859.000000
-43960.000000
-44060.000000
-44159.000000
-44260.000000
-44358.000000
-44457.000000
-44557.000000
-44658.000000
-44756.000000
-44856.000000
-44955.000000
-45054.000000
-45161.000000
-45258.000000
-45357.000000
-45456.000000
-45556.000000
-45655.000000
-45756.000000
-45855.000000
-45956.000000
-46056.000000
-46156.000000
-46255.000000
-46356.000000
-46456.000000
-46557.000000
-46659.000000
-46761.000000
-46862.000000
-46962.000000
-47063.000000
-47166.000000
-47265.000000
-47364.000000
-47464.000000
-47564.000000
-47664.000000
-47765.000000
-47866.000000
-47966.000000
-48065.000000
-48166.000000
-48265.000000
-48365.000000
-48465.000000
-48564.000000
-48663.000000
-48764.000000
-48862.000000
-48961.000000
-49063.000000
-49159.000000
-49266.000000
-49363.000000
-49462.000000
-49561.000000
-49662.000000
-49761.000000
-49860.000000
-49960.000000
-50060.000000
-50160.000000
-50261.000000
-50360.000000
-50461.000000
-50561.000000
-50663.000000
-50764.000000
-50866.000000
-50966.000000
-51067.000000
-51167.000000
-51267.000000
-51370.000000
-51470.000000
-51568.000000
-51669.000000
-51769.000000
-51870.000000
-51971.000000
-52070.000000
-52171.000000
-52271.000000
-52371.000000
-52471.000000
-52570.000000
-52669.000000
-52768.000000
-52868.000000
-52968.000000
-53066.000000
-53166.000000
-53266.000000
-53370.000000
-53467.000000
-53566.000000
-53666.000000
-53766.000000
-53866.000000
-53966.000000
-54065.000000
-54166.000000
-54267.000000
-54367.000000
-54467.000000
-54567.000000
-54667.000000
-54768.000000
-54870.000000
-54971.000000
-55072.000000
-55174.000000
-55274.000000
-55373.000000
-55473.000000
-55573.000000
-55672.000000
-55772.000000
-55872.000000
-55976.000000
-56077.000000
-56176.000000
-56277.000000
-56377.000000
-56476.000000
-56576.000000
-56676.000000
-56774.000000
-56874.000000
-56974.000000
-57073.000000
-57172.000000
-57272.000000
-57373.000000
-57474.000000
-57571.000000
-57671.000000
-57769.000000
-57869.000000
-57970.000000
-58072.000000
-58172.000000
-58273.000000
-58374.000000
-58474.000000
-58572.000000
-58673.000000
-58773.000000
-58875.000000
-58977.000000
-59078.000000
-59179.000000
-59280.000000
-59380.000000
-59479.000000
-59579.000000
-59679.000000
-59778.000000
-59879.000000
-59979.000000
-60080.000000
-60180.000000
-60279.000000
-60379.000000
-60482.000000
-60582.000000
-60681.000000
-60781.000000
-60881.000000
-60980.000000
-61080.000000
-61179.000000
-61277.000000
-61377.000000
-61479.000000
-61579.000000
-61677.000000
-61776.000000
-61875.000000
-61974.000000
-62073.000000
-62172.000000
-62271.000000
-62371.000000
-62472.000000
-62572.000000
-62671.000000
-62775.000000
-62875.000000
-62976.000000
-63078.000000
-63177.000000
-63277.000000
-63378.000000
-63477.000000
-63575.000000
-63671.000000
-63769.000000
-63865.000000
-63963.000000
-64060.000000
-64158.000000
-64255.000000
-64351.000000
-64449.000000
-64545.000000
-64641.000000
-64736.000000
-64828.000000
-64924.000000
-65017.000000
-65110.000000
-65204.000000
-65296.000000
-65389.000000
-65623.000000
-65617.000000
-65595.000000
-65553.000000
-65500.000000
-65443.000000
-65378.000000
-65319.000000
-65259.000000
-65197.000000
-65136.000000
-65072.000000
-65010.000000
-64946.000000
-64882.000000
-64818.000000
-64753.000000
-64686.000000
-64620.000000
-64553.000000
-64417.000000
-64210.000000
-64000.000000
-63789.000000
-63577.000000
-63365.000000
-63150.000000
-62936.000000
-62723.000000
-62510.000000
-62296.000000
-62074.000000
-61868.000000
-61655.000000
-61438.000000
-61224.000000
-61010.000000
-60792.000000
-60579.000000
-60366.000000
-60152.000000
-59936.000000
-59724.000000
-59513.000000
-59301.000000
-59086.000000
-58871.000000
-58657.000000
-58446.000000
-58227.000000
-58016.000000
-57802.000000
-57585.000000
-57371.000000
-57154.000000
-56941.000000
-56730.000000
-56524.000000
-56312.000000
-56102.000000
-55893.000000
-55684.000000
-55475.000000
-55264.000000
-55054.000000
-54843.000000
-54632.000000
-54421.000000
-54202.000000
-53990.000000
-53780.000000
-53573.000000
-53364.000000
-53149.000000
-52941.000000
-52734.000000
-52527.000000
-52318.000000
-52107.000000
-51899.000000
-51689.000000
-51481.000000
-51266.000000
-51055.000000
-50845.000000
-50635.000000
-50423.000000
-50211.000000
-49997.000000
-49786.000000
-49576.000000
-49369.000000
-49155.000000
-48946.000000
-48739.000000
-48527.000000
-48319.000000
-48109.000000
-47900.000000
-47689.000000
-47482.000000
-47271.000000
-47061.000000
-46851.000000
-46640.000000
-46429.000000
-46218.000000
-46005.000000
-45792.000000
-45577.000000
-45369.000000
-45161.000000
-44946.000000
-44738.000000
-44531.000000
-44324.000000
-44115.000000
-43903.000000
-43695.000000
-43487.000000
-43278.000000
-43067.000000
-42852.000000
-42643.000000
-42431.000000
-42219.000000
-42008.000000
-41793.000000
-41583.000000
-41374.000000
-41165.000000
-40951.000000
-40743.000000
-40536.000000
-40324.000000
-40116.000000
-39906.000000
-39697.000000
-39486.000000
-39278.000000
-39068.000000
-38857.000000
-38648.000000
-38436.000000
-38226.000000
-38014.000000
-37800.000000
-37584.000000
-37374.000000
-37166.000000
-36958.000000
-36743.000000
-36536.000000
-36328.000000
-36121.000000
-35912.000000
-35700.000000
-35492.000000
-35283.000000
-35075.000000
-34864.000000
-34653.000000
-34438.000000
-34227.000000
-34017.000000
-33805.000000
-33592.000000
-33379.000000
-33170.000000
-32962.000000
-32748.000000
-32539.000000
-32332.000000
-32125.000000
-31918.000000
-31702.000000
-31492.000000
-31284.000000
-31074.000000
-30865.000000
-30655.000000
-30444.000000
-30233.000000
-30024.000000
-29812.000000
-29599.000000
-29386.000000
-29176.000000
-28967.000000
-28807.000000
-28774.000000
-28768.000000
-28768.000000
-28768.000000
-28770.000000
-28782.000000
-28800.000000
-28823.000000
-28850.000000
-28881.000000
-28916.000000
-28954.000000
-28993.000000
-29035.000000
-29076.000000
-29121.000000
-29166.000000
-29211.000000
-29261.000000
-29307.000000
-29355.000000
-29402.000000
-29451.000000
-30497.000000
-30599.000000
-30697.000000
-30796.000000
-30895.000000
-30995.000000
-31093.000000
-31193.000000
-31293.000000
-31394.000000
-31495.000000
-31594.000000
-31695.000000
-31794.000000
-31894.000000
-31994.000000
-32092.000000
-32192.000000
-32291.000000
-32391.000000
-32494.000000
-32593.000000
-32693.000000
-32793.000000
-32895.000000
-32992.000000
-33091.000000
-33189.000000
-33289.000000
-33389.000000
-33489.000000
-33589.000000
-33689.000000
-33789.000000
-33890.000000
-33989.000000
-34090.000000
-34190.000000
-34292.000000
-34394.000000
-34495.000000
-34599.000000
-34701.000000
-34800.000000
-34899.000000
-34999.000000
-35099.000000
-35198.000000
-35299.000000
-35398.000000
-35499.000000
-35600.000000
-35699.000000
-35799.000000
-35898.000000
-35998.000000
-36098.000000
-36198.000000
-36297.000000
-36397.000000
-36497.000000
-36596.000000
-36694.000000
-36797.000000
-36899.000000
-36999.000000
-37097.000000
-37196.000000
-37296.000000
-37394.000000
-37494.000000
-37594.000000
-37693.000000
-37794.000000
-37895.000000
-37995.000000
-38095.000000
-38195.000000
-38296.000000
-38397.000000
-38500.000000
-38600.000000
-38701.000000
-38802.000000
-38905.000000
-39005.000000
-39105.000000
-39205.000000
-39304.000000
-39405.000000
-39505.000000
-39605.000000
-39705.000000
-39804.000000
-39905.000000
-40005.000000
-40104.000000
-40204.000000
-40304.000000
-40403.000000
-40503.000000
-40602.000000
-40702.000000
-40800.000000
-40900.000000
-41007.000000
-41106.000000
-41204.000000
-41303.000000
-41402.000000
-41500.000000
-41601.000000
-41700.000000
-41800.000000
-41900.000000
-42001.000000
-42101.000000
-42201.000000
-42300.000000
-42401.000000
-42502.000000
-42605.000000
-42706.000000
-42807.000000
-42911.000000
-43008.000000
-43111.000000
-43209.000000
-43310.000000
-43409.000000
-43510.000000
-43609.000000
-43711.000000
-43812.000000
-43911.000000
-44011.000000
-44111.000000
-44209.000000
-44309.000000
-44409.000000
-44507.000000
-44608.000000
-44708.000000
-44807.000000
-44906.000000
-45006.000000
-45113.000000
-45211.000000
-45310.000000
-45408.000000
-45507.000000
-45607.000000
-45707.000000
-45807.000000
-45906.000000
-46006.000000
-46107.000000
-46207.000000
-46306.000000
-46407.000000
-46507.000000
-46609.000000
-46712.000000
-46812.000000
-46913.000000
-47015.000000
-47117.000000
-47216.000000
-47316.000000
-47416.000000
-47516.000000
-47617.000000
-47717.000000
-47817.000000
-47918.000000
-48017.000000
-48117.000000
-48217.000000
-48315.000000
-48415.000000
-48514.000000
-48614.000000
-48714.000000
-48814.000000
-48912.000000
-49012.000000
-49111.000000
-49215.000000
-49316.000000
-49415.000000
-49514.000000
-49613.000000
-49712.000000
-49812.000000
-49911.000000
-50011.000000
-50111.000000
-50211.000000
-50311.000000
-50411.000000
-50512.000000
-50612.000000
-50713.000000
-50816.000000
-50917.000000
-51017.000000
-51119.000000
-51218.000000
-51318.000000
-51418.000000
-51518.000000
-51621.000000
-51720.000000
-51822.000000
-51922.000000
-52022.000000
-52122.000000
-52222.000000
-52322.000000
-52422.000000
-52521.000000
-52620.000000
-52719.000000
-52819.000000
-52919.000000
-53017.000000
-53117.000000
-53216.000000
-53321.000000
-53419.000000
-53517.000000
-53615.000000
-53718.000000
-53816.000000
-53916.000000
-54016.000000
-54117.000000
-54217.000000
-54318.000000
-54417.000000
-54517.000000
-54618.000000
-54717.000000
-54819.000000
-54921.000000
-55022.000000
-55123.000000
-55225.000000
-55324.000000
-55424.000000
-55523.000000
-55622.000000
-55722.000000
-55825.000000
-55926.000000
-56026.000000
-56127.000000
-56227.000000
-56327.000000
-56426.000000
-56525.000000
-56624.000000
-56723.000000
-56823.000000
-56923.000000
-57022.000000
-57121.000000
-57220.000000
-57319.000000
-57424.000000
-57522.000000
-57620.000000
-57719.000000
-57817.000000
-57916.000000
-58018.000000
-58117.000000
-58216.000000
-58314.000000
-58413.000000
-58510.000000
-58608.000000
-58707.000000
-58805.000000
-58905.000000
-59005.000000
-59103.000000
-59200.000000
-59299.000000
-59395.000000
-59492.000000
-59589.000000
-59689.000000
-59787.000000
-59886.000000
-59985.000000
-60085.000000
-60187.000000
-60287.000000
-60387.000000
-60487.000000
-60586.000000
-60687.000000
-60788.000000
-60889.000000
-60992.000000
-61095.000000
-61195.000000
-61297.000000
-61398.000000
-61505.000000
-61605.000000
-61705.000000
-61806.000000
-61906.000000
-62007.000000
-62109.000000
-62209.000000
-62310.000000
-62410.000000
-62512.000000
-62615.000000
-62716.000000
-62817.000000
-62918.000000
-63020.000000
-63122.000000
-63222.000000
-63323.000000
-63424.000000
-63523.000000
-63623.000000
-63723.000000
-63821.000000
-63920.000000
-64019.000000
-64117.000000
-64215.000000
-64313.000000
-64409.000000
-64506.000000
-64601.000000
-64696.000000
-64789.000000
-64884.000000
-64980.000000
-65074.000000
-65167.000000
-65258.000000
-65347.000000
-65439.000000
-65668.000000
-65664.000000
-65640.000000
-65598.000000
-65540.000000
-65482.000000
-65422.000000
-65362.000000
-65300.000000
-65240.000000
-65177.000000
-65115.000000
-65051.000000
-64987.000000
-64923.000000
-64858.000000
-64793.000000
-64729.000000
-64661.000000
-64594.000000
-64458.000000
-64252.000000
-64040.000000
-63829.000000
-63617.000000
-63405.000000
-63190.000000
-62976.000000
-62762.000000
-62550.000000
-62336.000000
-62121.000000
-61908.000000
-61695.000000
-61477.000000
-61259.000000
-61047.000000
-60832.000000
-60619.000000
-60405.000000
-60191.000000
-59976.000000
-59762.000000
-59551.000000
-59338.000000
-59124.000000
-58908.000000
-58695.000000
-58481.000000
-58267.000000
-58048.000000
-57834.000000
-57620.000000
-57409.000000
-57189.000000
-56981.000000
-56772.000000
-56567.000000
-56358.000000
-56147.000000
-55938.000000
-55730.000000
-55521.000000
-55305.000000
-55099.000000
-54885.000000
-54674.000000
-54461.000000
-54250.000000
-54036.000000
-53826.000000
-53619.000000
-53409.000000
-53194.000000
-52987.000000
-52779.000000
-52571.000000
-52363.000000
-52153.000000
-51944.000000
-51729.000000
-51522.000000
-51312.000000
-51102.000000
-50891.000000
-50680.000000
-50468.000000
-50258.000000
-50043.000000
-49832.000000
-49623.000000
-49415.000000
-49205.000000
-48990.000000
-48783.000000
-48571.000000
-48365.000000
-48156.000000
-47944.000000
-47736.000000
-47527.000000
-47317.000000
-47106.000000
-46896.000000
-46686.000000
-46475.000000
-46263.000000
-46052.000000
-45838.000000
-45623.000000
-45415.000000
-45206.000000
-44993.000000
-44784.000000
-44575.000000
-44368.000000
-44161.000000
-43949.000000
-43741.000000
-43531.000000
-43324.000000
-43113.000000
-42903.000000
-42689.000000
-42477.000000
-42266.000000
-42055.000000
-41840.000000
-41629.000000
-41420.000000
-41211.000000
-41000.000000
-40788.000000
-40580.000000
-40373.000000
-40167.000000
-39956.000000
-39742.000000
-39533.000000
-39323.000000
-39114.000000
-38904.000000
-38694.000000
-38484.000000
-38273.000000
-38060.000000
-37848.000000
-37635.000000
-37424.000000
-37217.000000
-37008.000000
-36790.000000
-36581.000000
-36373.000000
-36165.000000
-35958.000000
-35746.000000
-35539.000000
-35329.000000
-35121.000000
-34910.000000
-34700.000000
-34489.000000
-34278.000000
-34068.000000
-33851.000000
-33638.000000
-33426.000000
-33217.000000
-33008.000000
-32797.000000
-32584.000000
-32378.000000
-32170.000000
-31964.000000
-31753.000000
-31544.000000
-31334.000000
-31125.000000
-30915.000000
-30706.000000
-30490.000000
-30281.000000
-30069.000000
-29857.000000
-29646.000000
-29431.000000
-29222.000000
-29014.000000
-28853.000000
-28819.000000
-28813.000000
-28813.000000
-28813.000000
-28816.000000
-28827.000000
-28845.000000
-28867.000000
-28895.000000
-28927.000000
-28962.000000
-28999.000000
-29039.000000
-29081.000000
-29126.000000
-29170.000000
-29214.000000
-29261.000000
-29306.000000
-29354.000000
-29400.000000
-29448.000000
-29496.000000
-30543.000000
-30644.000000
-30743.000000
-30842.000000
-30941.000000
-31041.000000
-31139.000000
-31239.000000
-31340.000000
-31441.000000
-31542.000000
-31641.000000
-31741.000000
-31840.000000
-31940.000000
-32038.000000
-32137.000000
-32236.000000
-32337.000000
-32440.000000
-32538.000000
-32638.000000
-32737.000000
-32841.000000
-32939.000000
-33037.000000
-33136.000000
-33235.000000
-33335.000000
-33435.000000
-33535.000000
-33635.000000
-33735.000000
-33836.000000
-33934.000000
-34034.000000
-34135.000000
-34235.000000
-34337.000000
-34439.000000
-34541.000000
-34641.000000
-34746.000000
-34845.000000
-34945.000000
-35044.000000
-35144.000000
-35244.000000
-35344.000000
-35445.000000
-35546.000000
-35647.000000
-35746.000000
-35846.000000
-35945.000000
-36045.000000
-36144.000000
-36243.000000
-36343.000000
-36443.000000
-36542.000000
-36640.000000
-36740.000000
-36838.000000
-36947.000000
-37045.000000
-37143.000000
-37243.000000
-37342.000000
-37441.000000
-37541.000000
-37640.000000
-37741.000000
-37841.000000
-37941.000000
-38041.000000
-38141.000000
-38243.000000
-38343.000000
-38444.000000
-38546.000000
-38647.000000
-38748.000000
-38848.000000
-38948.000000
-39048.000000
-39147.000000
-39247.000000
-39350.000000
-39450.000000
-39551.000000
-39652.000000
-39751.000000
-39851.000000
-39952.000000
-40051.000000
-40152.000000
-40251.000000
-40349.000000
-40449.000000
-40549.000000
-40648.000000
-40747.000000
-40846.000000
-40946.000000
-41050.000000
-41149.000000
-41247.000000
-41345.000000
-41445.000000
-41547.000000
-41647.000000
-41746.000000
-41847.000000
-41947.000000
-42049.000000
-42147.000000
-42248.000000
-42348.000000
-42448.000000
-42549.000000
-42652.000000
-42753.000000
-42854.000000
-42954.000000
-43054.000000
-43153.000000
-43253.000000
-43352.000000
-43452.000000
-43553.000000
-43653.000000
-43754.000000
-43857.000000
-43957.000000
-44058.000000
-44157.000000
-44257.000000
-44355.000000
-44455.000000
-44554.000000
-44655.000000
-44754.000000
-44853.000000
-44952.000000
-45051.000000
-45155.000000
-45252.000000
-45351.000000
-45450.000000
-45550.000000
-45650.000000
-45750.000000
-45849.000000
-45950.000000
-46050.000000
-46154.000000
-46253.000000
-46353.000000
-46454.000000
-46555.000000
-46657.000000
-46759.000000
-46859.000000
-46960.000000
-47060.000000
-47160.000000
-47259.000000
-47358.000000
-47458.000000
-47559.000000
-47659.000000
-47760.000000
-47861.000000
-47960.000000
-48060.000000
-48160.000000
-48263.000000
-48363.000000
-48462.000000
-48561.000000
-48661.000000
-48762.000000
-48860.000000
-48959.000000
-49058.000000
-49156.000000
-49261.000000
-49358.000000
-49457.000000
-49555.000000
-49656.000000
-49755.000000
-49855.000000
-49954.000000
-50054.000000
-50155.000000
-50256.000000
-50355.000000
-50455.000000
-50556.000000
-50657.000000
-50758.000000
-50860.000000
-50960.000000
-51061.000000
-51162.000000
-51261.000000
-51364.000000
-51464.000000
-51563.000000
-51663.000000
-51764.000000
-51865.000000
-51965.000000
-52065.000000
-52165.000000
-52266.000000
-52366.000000
-52466.000000
-52565.000000
-52664.000000
-52763.000000
-52864.000000
-52962.000000
-53060.000000
-53161.000000
-53261.000000
-53364.000000
-53461.000000
-53560.000000
-53658.000000
-53758.000000
-53857.000000
-53957.000000
-54060.000000
-54160.000000
-54262.000000
-54362.000000
-54461.000000
-54562.000000
-54662.000000
-54763.000000
-54864.000000
-54966.000000
-55067.000000
-55169.000000
-55269.000000
-55368.000000
-55468.000000
-55568.000000
-55666.000000
-55766.000000
-55866.000000
-55967.000000
-56068.000000
-56167.000000
-56268.000000
-56367.000000
-56467.000000
-56567.000000
-56668.000000
-56764.000000
-56866.000000
-56966.000000
-57066.000000
-57164.000000
-57264.000000
-57364.000000
-57467.000000
-57563.000000
-57662.000000
-57760.000000
-57860.000000
-57960.000000
-58060.000000
-58160.000000
-58260.000000
-58361.000000
-58462.000000
-58559.000000
-58660.000000
-58760.000000
-58862.000000
-58962.000000
-59062.000000
-59162.000000
-59265.000000
-59361.000000
-59463.000000
-59561.000000
-59660.000000
-59757.000000
-59858.000000
-59958.000000
-60058.000000
-60158.000000
-60255.000000
-60355.000000
-60454.000000
-60554.000000
-60654.000000
-60753.000000
-60853.000000
-60953.000000
-61054.000000
-61153.000000
-61252.000000
-61352.000000
-61452.000000
-61557.000000
-61654.000000
-61753.000000
-61852.000000
-61955.000000
-62055.000000
-62155.000000
-62255.000000
-62355.000000
-62456.000000
-62558.000000
-62658.000000
-62759.000000
-62859.000000
-62961.000000
-63062.000000
-63163.000000
-63263.000000
-63365.000000
-63465.000000
-63565.000000
-63665.000000
-63765.000000
-63863.000000
-63962.000000
-64061.000000
-64160.000000
-64259.000000
-64355.000000
-64453.000000
-64553.000000
-64648.000000
-64743.000000
-64836.000000
-64929.000000
-65022.000000
-65115.000000
-65207.000000
-65298.000000
-65390.000000
-65481.000000
-65575.000000
-65797.000000
-65790.000000
-65768.000000
-65729.000000
-65679.000000
-65621.000000
-65559.000000
-65496.000000
-65436.000000
-65373.000000
-65311.000000
-65250.000000
-65187.000000
-65124.000000
-65059.000000
-64995.000000
-64930.000000
-64865.000000
-64799.000000
-64734.000000
-64599.000000
-64392.000000
-64183.000000
-63971.000000
-63759.000000
-63547.000000
-63334.000000
-63120.000000
-62904.000000
-62691.000000
-62479.000000
-62259.000000
-62046.000000
-61832.000000
-61620.000000
-61402.000000
-61188.000000
-60975.000000
-60762.000000
-60548.000000
-60335.000000
-60122.000000
-59907.000000
-59695.000000
-59482.000000
-59270.000000
-59050.000000
-58840.000000
-58621.000000
-58410.000000
-58196.000000
-57981.000000
-57767.000000
-57554.000000
-57338.000000
-57122.000000
-56909.000000
-56695.000000
-56487.000000
-56277.000000
-56067.000000
-55857.000000
-55648.000000
-55439.000000
-55229.000000
-55014.000000
-54803.000000
-54593.000000
-54380.000000
-54166.000000
-53955.000000
-53746.000000
-53537.000000
-53329.000000
-53113.000000
-52906.000000
-52698.000000
-52491.000000
-52283.000000
-52072.000000
-51863.000000
-51654.000000
-51440.000000
-51229.000000
-51019.000000
-50810.000000
-50598.000000
-50387.000000
-50174.000000
-49961.000000
-49751.000000
-49541.000000
-49333.000000
-49119.000000
-48911.000000
-48703.000000
-48492.000000
-48284.000000
-48073.000000
-47864.000000
-47654.000000
-47446.000000
-47237.000000
-47026.000000
-46815.000000
-46604.000000
-46393.000000
-46183.000000
-45969.000000
-45756.000000
-45547.000000
-45339.000000
-45126.000000
-44911.000000
-44703.000000
-44496.000000
-44289.000000
-44079.000000
-43868.000000
-43660.000000
-43451.000000
-43242.000000
-43031.000000
-42821.000000
-42611.000000
-42400.000000
-42189.000000
-41972.000000
-41757.000000
-41547.000000
-41340.000000
-41131.000000
-40916.000000
-40708.000000
-40500.000000
-40293.000000
-40085.000000
-39874.000000
-39666.000000
-39456.000000
-39248.000000
-39037.000000
-38823.000000
-38612.000000
-38401.000000
-38191.000000
-37979.000000
-37766.000000
-37554.000000
-37344.000000
-37135.000000
-36927.000000
-36713.000000
-36505.000000
-36296.000000
-36090.000000
-35881.000000
-35670.000000
-35461.000000
-35248.000000
-35038.000000
-34829.000000
-34618.000000
-34408.000000
-34196.000000
-33985.000000
-33773.000000
-33559.000000
-33349.000000
-33141.000000
-32932.000000
-32717.000000
-32509.000000
-32300.000000
-32090.000000
-31882.000000
-31672.000000
-31462.000000
-31253.000000
-31044.000000
-30835.000000
-30624.000000
-30413.000000
-30203.000000
-29992.000000
-29781.000000
-29566.000000
-29355.000000
-29145.000000
-28984.000000
-28948.000000
-28943.000000
-28943.000000
-28943.000000
-28947.000000
-28959.000000
-28976.000000
-29000.000000
-29029.000000
-29060.000000
-29094.000000
-29132.000000
-29172.000000
-29213.000000
-29257.000000
-29300.000000
-29346.000000
-29391.000000
-29438.000000
-29485.000000
-29533.000000
-29580.000000
-29628.000000
-30675.000000
-30775.000000
-30877.000000
-30975.000000
-31074.000000
-31175.000000
-31273.000000
-31375.000000
-31476.000000
-31575.000000
-31676.000000
-31776.000000
-31875.000000
-31975.000000
-32074.000000
-32173.000000
-32272.000000
-32373.000000
-32471.000000
-32570.000000
-32669.000000
-32771.000000
-32875.000000
-32972.000000
-33071.000000
-33170.000000
-33270.000000
-33370.000000
-33470.000000
-33569.000000
-33670.000000
-33770.000000
-33871.000000
-33970.000000
-34070.000000
-34171.000000
-34272.000000
-34375.000000
-34476.000000
-34577.000000
-34677.000000
-34778.000000
-34878.000000
-34976.000000
-35080.000000
-35178.000000
-35280.000000
-35379.000000
-35481.000000
-35582.000000
-35681.000000
-35781.000000
-35881.000000
-35980.000000
-36081.000000
-36180.000000
-36280.000000
-36378.000000
-36479.000000
-36577.000000
-36675.000000
-36776.000000
-36874.000000
-36978.000000
-37079.000000
-37178.000000
-37276.000000
-37377.000000
-37476.000000
-37576.000000
-37676.000000
-37776.000000
-37876.000000
-37977.000000
-38076.000000
-38177.000000
-38278.000000
-38379.000000
-38481.000000
-38582.000000
-38682.000000
-38782.000000
-38883.000000
-38984.000000
-39083.000000
-39187.000000
-39285.000000
-39386.000000
-39485.000000
-39586.000000
-39686.000000
-39786.000000
-39886.000000
-39987.000000
-40087.000000
-40187.000000
-40285.000000
-40385.000000
-40484.000000
-40584.000000
-40683.000000
-40781.000000
-40882.000000
-40983.000000
-41085.000000
-41182.000000
-41280.000000
-41382.000000
-41481.000000
-41581.000000
-41681.000000
-41781.000000
-41882.000000
-41982.000000
-42083.000000
-42182.000000
-42282.000000
-42383.000000
-42484.000000
-42586.000000
-42687.000000
-42788.000000
-42890.000000
-42990.000000
-43090.000000
-43189.000000
-43289.000000
-43391.000000
-43491.000000
-43591.000000
-43692.000000
-43792.000000
-43892.000000
-43992.000000
-44092.000000
-44192.000000
-44291.000000
-44390.000000
-44489.000000
-44589.000000
-44689.000000
-44789.000000
-44887.000000
-44988.000000
-45090.000000
-45190.000000
-45287.000000
-45389.000000
-45488.000000
-45588.000000
-45688.000000
-45788.000000
-45887.000000
-45988.000000
-46089.000000
-46189.000000
-46288.000000
-46388.000000
-46489.000000
-46590.000000
-46693.000000
-46794.000000
-46894.000000
-46996.000000
-47095.000000
-47195.000000
-47294.000000
-47397.000000
-47494.000000
-47597.000000
-47698.000000
-47798.000000
-47898.000000
-47998.000000
-48098.000000
-48197.000000
-48296.000000
-48397.000000
-48497.000000
-48596.000000
-48696.000000
-48795.000000
-48895.000000
-48993.000000
-49092.000000
-49196.000000
-49294.000000
-49393.000000
-49492.000000
-49591.000000
-49693.000000
-49793.000000
-49893.000000
-49992.000000
-50092.000000
-50194.000000
-50293.000000
-50393.000000
-50493.000000
-50594.000000
-50695.000000
-50797.000000
-50898.000000
-50999.000000
-51100.000000
-51200.000000
-51300.000000
-51399.000000
-51500.000000
-51599.000000
-51702.000000
-51803.000000
-51903.000000
-52003.000000
-52103.000000
-52203.000000
-52304.000000
-52402.000000
-52502.000000
-52602.000000
-52701.000000
-52801.000000
-52900.000000
-52998.000000
-53098.000000
-53197.000000
-53303.000000
-53400.000000
-53498.000000
-53597.000000
-53699.000000
-53798.000000
-53898.000000
-53998.000000
-54098.000000
-54198.000000
-54300.000000
-54399.000000
-54499.000000
-54599.000000
-54699.000000
-54801.000000
-54903.000000
-55004.000000
-55105.000000
-55208.000000
-55307.000000
-55406.000000
-55505.000000
-55606.000000
-55705.000000
-55806.000000
-55905.000000
-56010.000000
-56110.000000
-56210.000000
-56310.000000
-56410.000000
-56509.000000
-56608.000000
-56707.000000
-56807.000000
-56907.000000
-57007.000000
-57106.000000
-57206.000000
-57304.000000
-57410.000000
-57507.000000
-57605.000000
-57704.000000
-57803.000000
-57902.000000
-58002.000000
-58102.000000
-58206.000000
-58306.000000
-58406.000000
-58505.000000
-58605.000000
-58706.000000
-58806.000000
-58907.000000
-59010.000000
-59111.000000
-59212.000000
-59314.000000
-59412.000000
-59511.000000
-59611.000000
-59711.000000
-59811.000000
-59911.000000
-60012.000000
-60113.000000
-60212.000000
-60312.000000
-60414.000000
-60514.000000
-60614.000000
-60712.000000
-60811.000000
-60910.000000
-61010.000000
-61110.000000
-61207.000000
-61307.000000
-61405.000000
-61511.000000
-61609.000000
-61707.000000
-61806.000000
-61905.000000
-62004.000000
-62104.000000
-62204.000000
-62304.000000
-62404.000000
-62505.000000
-62607.000000
-62706.000000
-62808.000000
-62907.000000
-63010.000000
-63112.000000
-63213.000000
-63313.000000
-63414.000000
-63514.000000
-63614.000000
-63713.000000
-63812.000000
-63913.000000
-64013.000000
-64113.000000
-64212.000000
-64311.000000
-64408.000000
-64507.000000
-64605.000000
-64701.000000
-64801.000000
-64897.000000
-64991.000000
-65087.000000
-65182.000000
-65276.000000
-65369.000000
-65463.000000
-65556.000000
-65653.000000
-65744.000000
-65835.000000
-65926.000000
-66016.000000
-66234.000000
-66227.000000
-66204.000000
-66165.000000
-66114.000000
-66056.000000
-65998.000000
-65936.000000
-65876.000000
-65813.000000
-65751.000000
-65688.000000
-65624.000000
-65555.000000
-65489.000000
-65423.000000
-65356.000000
-65289.000000
-65223.000000
-65155.000000
-65019.000000
-64811.000000
-64601.000000
-64387.000000
-64175.000000
-63961.000000
-63749.000000
-63536.000000
-63318.000000
-63104.000000
-62888.000000
-62675.000000
-62463.000000
-62249.000000
-62036.000000
-61823.000000
-61610.000000
-61392.000000
-61178.000000
-60964.000000
-60750.000000
-60532.000000
-60319.000000
-60105.000000
-59891.000000
-59678.000000
-59465.000000
-59252.000000
-59037.000000
-58821.000000
-58607.000000
-58395.000000
-58180.000000
-57968.000000
-57759.000000
-57551.000000
-57333.000000
-57124.000000
-56915.000000
-56706.000000
-56500.000000
-56292.000000
-56081.000000
-55872.000000
-55664.000000
-55454.000000
-55243.000000
-55033.000000
-54823.000000
-54612.000000
-54400.000000
-54185.000000
-53970.000000
-53761.000000
-53552.000000
-53344.000000
-53128.000000
-52920.000000
-52712.000000
-52504.000000
-52298.000000
-52086.000000
-51878.000000
-51668.000000
-51460.000000
-51249.000000
-51039.000000
-50825.000000
-50613.000000
-50402.000000
-50190.000000
-49975.000000
-49765.000000
-49556.000000
-49347.000000
-49134.000000
-48924.000000
-48717.000000
-48510.000000
-48302.000000
-48092.000000
-47883.000000
-47674.000000
-47465.000000
-47255.000000
-47041.000000
-46830.000000
-46618.000000
-46409.000000
-46197.000000
-45983.000000
-45771.000000
-45561.000000
-45353.000000
-45144.000000
-44929.000000
-44722.000000
-44514.000000
-44307.000000
-44099.000000
-43887.000000
-43678.000000
-43470.000000
-43256.000000
-43046.000000
-42836.000000
-42626.000000
-42414.000000
-42203.000000
-41991.000000
-41776.000000
-41567.000000
-41357.000000
-41150.000000
-40935.000000
-40726.000000
-40519.000000
-40311.000000
-40099.000000
-39889.000000
-39680.000000
-39470.000000
-39261.000000
-39052.000000
-38842.000000
-38631.000000
-38420.000000
-38210.000000
-37998.000000
-37784.000000
-37573.000000
-37362.000000
-37154.000000
-36946.000000
-36731.000000
-36519.000000
-36311.000000
-36103.000000
-35895.000000
-35684.000000
-35476.000000
-35267.000000
-35058.000000
-34847.000000
-34637.000000
-34426.000000
-34215.000000
-34004.000000
-33793.000000
-33578.000000
-33368.000000
-33155.000000
-32947.000000
-32732.000000
-32522.000000
-32314.000000
-32108.000000
-31900.000000
-31691.000000
-31481.000000
-31271.000000
-31063.000000
-30853.000000
-30643.000000
-30432.000000
-30222.000000
-30011.000000
-29795.000000
-29581.000000
-29419.000000
-29384.000000
-29379.000000
-29379.000000
-29379.000000
-29384.000000
-29396.000000
-29412.000000
-29436.000000
-29464.000000
-29495.000000
-29532.000000
-29570.000000
-29609.000000
-29652.000000
-29695.000000
-29740.000000
-29786.000000
-29830.000000
-29876.000000
-29923.000000
-29972.000000
-30019.000000
-30068.000000
-31112.000000
-31212.000000
-31311.000000
-31412.000000
-31512.000000
-31614.000000
-31714.000000
-31813.000000
-31913.000000
-32011.000000
-32111.000000
-32210.000000
-32310.000000
-32411.000000
-32510.000000
-32608.000000
-32707.000000
-32810.000000
-32910.000000
-33007.000000
-33106.000000
-33205.000000
-33304.000000
-33405.000000
-33504.000000
-33605.000000
-33707.000000
-33809.000000
-33908.000000
-34008.000000
-34108.000000
-34209.000000
-34311.000000
-34413.000000
-34514.000000
-34615.000000
-34717.000000
-34816.000000
-34915.000000
-35015.000000
-35115.000000
-35215.000000
-35316.000000
-35415.000000
-35516.000000
-35617.000000
-35716.000000
-35816.000000
-35919.000000
-36018.000000
-36117.000000
-36218.000000
-36317.000000
-36416.000000
-36516.000000
-36614.000000
-36713.000000
-36812.000000
-36916.000000
-37016.000000
-37114.000000
-37213.000000
-37312.000000
-37411.000000
-37511.000000
-37611.000000
-37711.000000
-37810.000000
-37912.000000
-38011.000000
-38111.000000
-38213.000000
-38315.000000
-38417.000000
-38520.000000
-38620.000000
-38720.000000
-38822.000000
-38921.000000
-39021.000000
-39121.000000
-39222.000000
-39320.000000
-39421.000000
-39521.000000
-39622.000000
-39722.000000
-39821.000000
-39922.000000
-40022.000000
-40121.000000
-40220.000000
-40320.000000
-40419.000000
-40519.000000
-40618.000000
-40720.000000
-40820.000000
-40919.000000
-41025.000000
-41122.000000
-41220.000000
-41319.000000
-41418.000000
-41517.000000
-41617.000000
-41716.000000
-41817.000000
-41916.000000
-42018.000000
-42117.000000
-42217.000000
-42317.000000
-42417.000000
-42519.000000
-42621.000000
-42722.000000
-42823.000000
-42925.000000
-43024.000000
-43127.000000
-43226.000000
-43327.000000
-43426.000000
-43526.000000
-43627.000000
-43728.000000
-43829.000000
-43928.000000
-44028.000000
-44128.000000
-44228.000000
-44326.000000
-44425.000000
-44524.000000
-44624.000000
-44724.000000
-44823.000000
-44923.000000
-45022.000000
-45127.000000
-45224.000000
-45322.000000
-45421.000000
-45524.000000
-45623.000000
-45723.000000
-45823.000000
-45923.000000
-46024.000000
-46124.000000
-46223.000000
-46323.000000
-46423.000000
-46524.000000
-46626.000000
-46728.000000
-46829.000000
-46930.000000
-47031.000000
-47130.000000
-47230.000000
-47329.000000
-47428.000000
-47529.000000
-47629.000000
-47731.000000
-47831.000000
-47932.000000
-48034.000000
-48134.000000
-48233.000000
-48333.000000
-48432.000000
-48531.000000
-48631.000000
-48731.000000
-48830.000000
-48929.000000
-49028.000000
-49127.000000
-49232.000000
-49329.000000
-49428.000000
-49527.000000
-49626.000000
-49725.000000
-49825.000000
-49925.000000
-50025.000000
-50125.000000
-50225.000000
-50325.000000
-50425.000000
-50529.000000
-50630.000000
-50730.000000
-50833.000000
-50933.000000
-51033.000000
-51135.000000
-51234.000000
-51335.000000
-51434.000000
-51534.000000
-51634.000000
-51734.000000
-51835.000000
-51935.000000
-52035.000000
-52136.000000
-52236.000000
-52336.000000
-52436.000000
-52534.000000
-52634.000000
-52733.000000
-52833.000000
-52931.000000
-53033.000000
-53133.000000
-53232.000000
-53337.000000
-53435.000000
-53533.000000
-53632.000000
-53731.000000
-53830.000000
-53930.000000
-54030.000000
-54131.000000
-54231.000000
-54332.000000
-54431.000000
-54532.000000
-54632.000000
-54732.000000
-54833.000000
-54935.000000
-55036.000000
-55137.000000
-55238.000000
-55338.000000
-55437.000000
-55537.000000
-55636.000000
-55740.000000
-55839.000000
-55941.000000
-56041.000000
-56141.000000
-56242.000000
-56341.000000
-56440.000000
-56540.000000
-56638.000000
-56737.000000
-56836.000000
-56938.000000
-57036.000000
-57135.000000
-57234.000000
-57333.000000
-57438.000000
-57535.000000
-57633.000000
-57731.000000
-57831.000000
-57929.000000
-58031.000000
-58130.000000
-58228.000000
-58327.000000
-58427.000000
-58524.000000
-58622.000000
-58721.000000
-58820.000000
-58919.000000
-59019.000000
-59119.000000
-59217.000000
-59316.000000
-59414.000000
-59512.000000
-59611.000000
-59711.000000
-59811.000000
-59911.000000
-60011.000000
-60112.000000
-60213.000000
-60313.000000
-60417.000000
-60517.000000
-60618.000000
-60718.000000
-60819.000000
-60920.000000
-61021.000000
-61122.000000
-61223.000000
-61323.000000
-61422.000000
-61528.000000
-61627.000000
-61727.000000
-61825.000000
-61926.000000
-62026.000000
-62127.000000
-62227.000000
-62328.000000
-62429.000000
-62531.000000
-62633.000000
-62735.000000
-62836.000000
-62937.000000
-63039.000000
-63141.000000
-63242.000000
-63343.000000
-63443.000000
-63544.000000
-63643.000000
-63742.000000
-63841.000000
-63941.000000
-64041.000000
-64142.000000
-64242.000000
-64339.000000
-64438.000000
-64537.000000
-64634.000000
-64732.000000
-64830.000000
-64925.000000
-65021.000000
-65116.000000
-65211.000000
-65305.000000
-65399.000000
-65493.000000
-65592.000000
-65684.000000
-65775.000000
-65867.000000
-65958.000000
-66049.000000
-66227.000000
-66310.000000
-66345.000000
-66337.000000
-66314.000000
-66276.000000
-66224.000000
-66167.000000
-66108.000000
-66048.000000
-65987.000000
-65925.000000
-65864.000000
-65801.000000
-65738.000000
-65675.000000
-65611.000000
-65540.000000
-65471.000000
-65407.000000
-65341.000000
-65274.000000
-65140.000000
-64935.000000
-64727.000000
-64515.000000
-64301.000000
-64082.000000
-63868.000000
-63655.000000
-63443.000000
-63228.000000
-63013.000000
-62800.000000
-62586.000000
-62371.000000
-62156.000000
-61942.000000
-61728.000000
-61516.000000
-61296.000000
-61082.000000
-60867.000000
-60651.000000
-60436.000000
-60222.000000
-60008.000000
-59794.000000
-59581.000000
-59370.000000
-59155.000000
-58939.000000
-58724.000000
-58511.000000
-58297.000000
-58082.000000
-57864.000000
-57657.000000
-57450.000000
-57234.000000
-57025.000000
-56817.000000
-56609.000000
-56402.000000
-56192.000000
-55983.000000
-55775.000000
-55566.000000
-55354.000000
-55143.000000
-54935.000000
-54724.000000
-54507.000000
-54295.000000
-54082.000000
-53871.000000
-53661.000000
-53453.000000
-53239.000000
-53030.000000
-52823.000000
-52614.000000
-52407.000000
-52198.000000
-51988.000000
-51778.000000
-51570.000000
-51356.000000
-51146.000000
-50936.000000
-50724.000000
-50514.000000
-50302.000000
-50089.000000
-49877.000000
-49666.000000
-49458.000000
-49251.000000
-49035.000000
-48828.000000
-48619.000000
-48411.000000
-48204.000000
-47989.000000
-47780.000000
-47571.000000
-47362.000000
-47151.000000
-46941.000000
-46732.000000
-46520.000000
-46308.000000
-46096.000000
-45882.000000
-45672.000000
-45463.000000
-45254.000000
-45041.000000
-44827.000000
-44619.000000
-44412.000000
-44205.000000
-43995.000000
-43785.000000
-43576.000000
-43368.000000
-43157.000000
-42946.000000
-42736.000000
-42526.000000
-42316.000000
-42104.000000
-41889.000000
-41674.000000
-41464.000000
-41255.000000
-41047.000000
-40832.000000
-40625.000000
-40416.000000
-40209.000000
-40001.000000
-39789.000000
-39581.000000
-39372.000000
-39163.000000
-38953.000000
-38742.000000
-38532.000000
-38316.000000
-38105.000000
-37893.000000
-37679.000000
-37469.000000
-37259.000000
-37052.000000
-36838.000000
-36628.000000
-36421.000000
-36213.000000
-36006.000000
-35796.000000
-35587.000000
-35376.000000
-35168.000000
-34958.000000
-34744.000000
-34533.000000
-34323.000000
-34111.000000
-33900.000000
-33688.000000
-33474.000000
-33264.000000
-33056.000000
-32849.000000
-32634.000000
-32425.000000
-32216.000000
-32010.000000
-31802.000000
-31586.000000
-31378.000000
-31170.000000
-30960.000000
-30750.000000
-30538.000000
-30329.000000
-30117.000000
-29907.000000
-29695.000000
-29531.000000
-29494.000000
-29489.000000
-29489.000000
-29489.000000
-29492.000000
-29505.000000
-29523.000000
-29547.000000
-29576.000000
-29607.000000
-29644.000000
-29682.000000
-29722.000000
-29764.000000
-29806.000000
-29850.000000
-29895.000000
-29940.000000
-29987.000000
-30034.000000
-30082.000000
-30129.000000
-30179.000000
-31223.000000
-31322.000000
-31423.000000
-31523.000000
-31622.000000
-31722.000000
-31824.000000
-31922.000000
-32021.000000
-32122.000000
-32220.000000
-32320.000000
-32420.000000
-32519.000000
-32618.000000
-32718.000000
-32821.000000
-32920.000000
-33018.000000
-33117.000000
-33215.000000
-33315.000000
-33415.000000
-33514.000000
-33615.000000
-33714.000000
-33816.000000
-33915.000000
-34017.000000
-34119.000000
-34218.000000
-34321.000000
-34423.000000
-34525.000000
-34626.000000
-34727.000000
-34827.000000
-34925.000000
-35025.000000
-35125.000000
-35225.000000
-35326.000000
-35426.000000
-35527.000000
-35627.000000
-35726.000000
-35827.000000
-35926.000000
-36025.000000
-36127.000000
-36227.000000
-36327.000000
-36426.000000
-36526.000000
-36624.000000
-36724.000000
-36823.000000
-36927.000000
-37026.000000
-37124.000000
-37223.000000
-37323.000000
-37422.000000
-37522.000000
-37621.000000
-37721.000000
-37821.000000
-37922.000000
-38022.000000
-38121.000000
-38226.000000
-38325.000000
-38427.000000
-38529.000000
-38630.000000
-38731.000000
-38832.000000
-38931.000000
-39031.000000
-39131.000000
-39232.000000
-39331.000000
-39430.000000
-39531.000000
-39632.000000
-39732.000000
-39832.000000
-39932.000000
-40031.000000
-40132.000000
-40230.000000
-40329.000000
-40432.000000
-40532.000000
-40632.000000
-40730.000000
-40829.000000
-40929.000000
-41033.000000
-41132.000000
-41230.000000
-41329.000000
-41428.000000
-41527.000000
-41627.000000
-41727.000000
-41827.000000
-41928.000000
-42028.000000
-42128.000000
-42227.000000
-42328.000000
-42427.000000
-42529.000000
-42631.000000
-42735.000000
-42837.000000
-42938.000000
-43038.000000
-43137.000000
-43237.000000
-43336.000000
-43436.000000
-43536.000000
-43637.000000
-43738.000000
-43839.000000
-43938.000000
-44039.000000
-44138.000000
-44238.000000
-44336.000000
-44435.000000
-44535.000000
-44634.000000
-44734.000000
-44833.000000
-44932.000000
-45032.000000
-45136.000000
-45237.000000
-45335.000000
-45435.000000
-45534.000000
-45634.000000
-45734.000000
-45833.000000
-45934.000000
-46034.000000
-46134.000000
-46234.000000
-46333.000000
-46434.000000
-46535.000000
-46636.000000
-46739.000000
-46839.000000
-46940.000000
-47041.000000
-47140.000000
-47240.000000
-47339.000000
-47442.000000
-47542.000000
-47642.000000
-47744.000000
-47844.000000
-47944.000000
-48044.000000
-48144.000000
-48243.000000
-48343.000000
-48443.000000
-48542.000000
-48641.000000
-48741.000000
-48840.000000
-48939.000000
-49038.000000
-49137.000000
-49242.000000
-49340.000000
-49438.000000
-49537.000000
-49636.000000
-49736.000000
-49838.000000
-49938.000000
-50038.000000
-50138.000000
-50238.000000
-50338.000000
-50439.000000
-50539.000000
-50640.000000
-50741.000000
-50843.000000
-50943.000000
-51044.000000
-51144.000000
-51245.000000
-51345.000000
-51444.000000
-51544.000000
-51644.000000
-51744.000000
-51845.000000
-51945.000000
-52045.000000
-52146.000000
-52249.000000
-52349.000000
-52449.000000
-52548.000000
-52647.000000
-52745.000000
-52846.000000
-52944.000000
-53044.000000
-53143.000000
-53242.000000
-53347.000000
-53444.000000
-53543.000000
-53641.000000
-53742.000000
-53841.000000
-53941.000000
-54040.000000
-54144.000000
-54245.000000
-54346.000000
-54444.000000
-54545.000000
-54645.000000
-54746.000000
-54847.000000
-54949.000000
-55050.000000
-55151.000000
-55252.000000
-55352.000000
-55451.000000
-55550.000000
-55649.000000
-55750.000000
-55849.000000
-55951.000000
-56051.000000
-56155.000000
-56255.000000
-56355.000000
-56455.000000
-56555.000000
-56653.000000
-56753.000000
-56851.000000
-56953.000000
-57051.000000
-57151.000000
-57249.000000
-57348.000000
-57453.000000
-57549.000000
-57649.000000
-57747.000000
-57847.000000
-57947.000000
-58047.000000
-58147.000000
-58250.000000
-58349.000000
-58449.000000
-58546.000000
-58646.000000
-58744.000000
-58845.000000
-58946.000000
-59046.000000
-59146.000000
-59245.000000
-59344.000000
-59443.000000
-59540.000000
-59639.000000
-59737.000000
-59837.000000
-59936.000000
-60037.000000
-60137.000000
-60235.000000
-60334.000000
-60436.000000
-60535.000000
-60635.000000
-60734.000000
-60834.000000
-60933.000000
-61035.000000
-61134.000000
-61234.000000
-61334.000000
-61434.000000
-61540.000000
-61637.000000
-61737.000000
-61837.000000
-61938.000000
-62038.000000
-62138.000000
-62238.000000
-62339.000000
-62443.000000
-62545.000000
-62644.000000
-62746.000000
-62846.000000
-62947.000000
-63049.000000
-63149.000000
-63250.000000
-63350.000000
-63451.000000
-63551.000000
-63650.000000
-63750.000000
-63848.000000
-63948.000000
-64046.000000
-64146.000000
-64246.000000
-64344.000000
-64442.000000
-64540.000000
-64639.000000
-64735.000000
-64828.000000
-64922.000000
-65016.000000
-65109.000000
-65202.000000
-65293.000000
-65384.000000
-65475.000000
-65567.000000
-65661.000000
-65877.000000
-65870.000000
-65847.000000
-65809.000000
-65758.000000
-65702.000000
-65644.000000
-65582.000000
-65516.000000
-65456.000000
-65392.000000
-65330.000000
-65267.000000
-65204.000000
-65140.000000
-65074.000000
-65009.000000
-64943.000000
-64877.000000
-64811.000000
-64676.000000
-64471.000000
-64263.000000
-64050.000000
-63837.000000
-63625.000000
-63413.000000
-63198.000000
-62983.000000
-62769.000000
-62558.000000
-62344.000000
-62130.000000
-61912.000000
-61698.000000
-61485.000000
-61267.000000
-61055.000000
-60841.000000
-60629.000000
-60415.000000
-60202.000000
-59988.000000
-59775.000000
-59562.000000
-59351.000000
-59137.000000
-58917.000000
-58704.000000
-58491.000000
-58277.000000
-58063.000000
-57850.000000
-57637.000000
-57426.000000
-57206.000000
-56992.000000
-56778.000000
-56567.000000
-56357.000000
-56146.000000
-55938.000000
-55729.000000
-55520.000000
-55309.000000
-55093.000000
-54884.000000
-54672.000000
-54461.000000
-54249.000000
-54035.000000
-53825.000000
-53617.000000
-53408.000000
-53193.000000
-52985.000000
-52777.000000
-52570.000000
-52363.000000
-52152.000000
-51943.000000
-51733.000000
-51521.000000
-51310.000000
-51101.000000
-50891.000000
-50680.000000
-50468.000000
-50257.000000
-50043.000000
-49831.000000
-49622.000000
-49414.000000
-49204.000000
-48989.000000
-48782.000000
-48574.000000
-48363.000000
-48154.000000
-47944.000000
-47735.000000
-47525.000000
-47316.000000
-47106.000000
-46896.000000
-46686.000000
-46474.000000
-46262.000000
-46051.000000
-45837.000000
-45626.000000
-45418.000000
-45209.000000
-44996.000000
-44787.000000
-44574.000000
-44367.000000
-44160.000000
-43948.000000
-43740.000000
-43530.000000
-43323.000000
-43112.000000
-42902.000000
-42691.000000
-42480.000000
-42269.000000
-42058.000000
-41844.000000
-41632.000000
-41423.000000
-41211.000000
-41000.000000
-40786.000000
-40579.000000
-40372.000000
-40165.000000
-39956.000000
-39745.000000
-39536.000000
-39327.000000
-39117.000000
-38907.000000
-38697.000000
-38487.000000
-38276.000000
-38063.000000
-37846.000000
-37634.000000
-37423.000000
-37215.000000
-37007.000000
-36793.000000
-36584.000000
-36374.000000
-36167.000000
-35959.000000
-35751.000000
-35542.000000
-35331.000000
-35124.000000
-34913.000000
-34703.000000
-34492.000000
-34277.000000
-34066.000000
-33854.000000
-33641.000000
-33429.000000
-33220.000000
-33011.000000
-32801.000000
-32588.000000
-32381.000000
-32172.000000
-31966.000000
-31757.000000
-31547.000000
-31337.000000
-31128.000000
-30918.000000
-30704.000000
-30493.000000
-30284.000000
-30072.000000
-29860.000000
-29648.000000
-29435.000000
-29225.000000
-29062.000000
-29028.000000
-29023.000000
-29023.000000
-29023.000000
-29028.000000
-29037.000000
-29054.000000
-29076.000000
-29105.000000
-29137.000000
-29172.000000
-29209.000000
-29252.000000
-29293.000000
-29336.000000
-29380.000000
-29426.000000
-29472.000000
-29519.000000
-29566.000000
-29612.000000
-29661.000000
-29710.000000
-30756.000000
-30855.000000
-30954.000000
-31052.000000
-31152.000000
-31252.000000
-31352.000000
-31453.000000
-31553.000000
-31653.000000
-31753.000000
-31852.000000
-31953.000000
-32051.000000
-32150.000000
-32248.000000
-32347.000000
-32445.000000
-32542.000000
-32640.000000
-32740.000000
-32842.000000
-32937.000000
-33031.000000
-33128.000000
-33223.000000
-33319.000000
-33420.000000
-33525.000000
-33631.000000
-33734.000000
-33836.000000
-33936.000000
-34037.000000
-34139.000000
-34238.000000
-34338.000000
-34438.000000
-34536.000000
-34633.000000
-34731.000000
-34827.000000
-34923.000000
-35019.000000
-35116.000000
-35211.000000
-35312.000000
-35408.000000
-35505.000000
-35602.000000
-35697.000000
-35794.000000
-35889.000000
-35984.000000
-36080.000000
-36173.000000
-36267.000000
-36514.000000
-36508.000000
-36483.000000
-36442.000000
-36388.000000
-36328.000000
-36266.000000
-36203.000000
-36141.000000
-36079.000000
-36015.000000
-35951.000000
-35887.000000
-35824.000000
-35747.000000
-35690.000000
-35630.000000
-35564.000000
-35499.000000
-35432.000000
-35300.000000
-35100.000000
-34897.000000
-34691.000000
-34479.000000
-34265.000000
-34050.000000
-33835.000000
-33619.000000
-33402.000000
-33187.000000
-32974.000000
-32757.000000
-32541.000000
-32326.000000
-32111.000000
-31896.000000
-31677.000000
-31462.000000
-31246.000000
-31033.000000
-30820.000000
-30606.000000
-30389.000000
-30174.000000
-29959.000000
-29745.000000
-29529.000000
-29315.000000
-29101.000000
-28888.000000
-28670.000000
-28459.000000
-28245.000000
-28037.000000
-27817.000000
-27623.000000
-27414.000000
-27204.000000
-26996.000000
-26786.000000
-26576.000000
-26366.000000
-26154.000000
-25945.000000
-25731.000000
-25518.000000
-25306.000000
-25097.000000
-24888.000000
-24681.000000
-24465.000000
-24255.000000
-24042.000000
-23834.000000
-23627.000000
-23419.000000
-23211.000000
-23001.000000
-22793.000000
-22581.000000
-22371.000000
-22162.000000
-21950.000000
-21739.000000
-21526.000000
-21314.000000
-21102.000000
-20893.000000
-20680.000000
-20467.000000
-20257.000000
-20048.000000
-19841.000000
-19634.000000
-19425.000000
-19215.000000
-19005.000000
-18798.000000
-18588.000000
-18376.000000
-18154.000000
-17956.000000
-17746.000000
-17529.000000
-17315.000000
-17104.000000
-16894.000000
-16685.000000
-16477.000000
-16262.000000
-16055.000000
-15847.000000
-15640.000000
-15431.000000
-15219.000000
-15011.000000
-14802.000000
-14594.000000
-14383.000000
-14173.000000
-13959.000000
-13746.000000
-13536.000000
-13323.000000
-13109.000000
-12899.000000
-12689.000000
-12482.000000
-12268.000000
-12058.000000
-11851.000000
-11644.000000
-11436.000000
-11226.000000
-11017.000000
-10807.000000
-10598.000000
-10384.000000
-10174.000000
-9964.000000
-9753.000000
-9543.000000
-9330.000000
-9117.000000
-8904.000000
-8695.000000
-8487.000000
-8278.000000
-8064.000000
-7856.000000
-7648.000000
-7437.000000
-7232.000000
-7021.000000
-6808.000000
-6600.000000
-6390.000000
-6180.000000
-5969.000000
-5759.000000
-5547.000000
-5337.000000
-5125.000000
-4910.000000
-4701.000000
-4491.000000
-4283.000000
-4068.000000
-3860.000000
-3649.000000
-3443.000000
-3233.000000
-3023.000000
-2814.000000
-2604.000000
-2395.000000
-2185.000000
-1976.000000
-1766.000000
-1554.000000
-1343.000000
-1131.000000
-918.000000
-706.000000
-496.000000
-288.000000
-76.000000
139.000000
302.000000
337.000000
342.000000
342.000000
342.000000
338.000000
326.000000
309.000000
285.000000
256.000000
226.000000
191.000000
153.000000
114.000000
71.000000
29.000000
-16.000000
-66.000000
-111.000000
-157.000000
-202.000000
-250.000000
-297.000000
-345.000000
-345.000000
-345.000000
-345.000000
-345.000000
-345.000000
-345.000000
-345.000000
-345.000000
-345.000000
-345.000000
-345.000000
-345.000000
-345.000000
-345.000000
-345.000000
-345.000000
-345.000000
-345.000000
-345.000000
-345.000000
-345.000000
-345.000000
-345.000000
-345.000000
-345.000000
-345.000000
-345.000000
-345.000000
-345.000000
-345.000000
-345.000000
-345.000000
-345.000000
-345.000000
-345.000000
-345.000000
-345.000000
-345.000000
-345.000000
-345.000000
-345.000000
-345.000000
-345.000000
-345.000000
-345.000000
-345.000000
-345.000000
-345.000000
-345.000000
-345.000000
-345.000000
-345.000000
-345.000000
-345.000000
-345.000000
-345.000000
-345.000000
-345.000000
-345.000000
-345.000000
-345.000000
-345.000000
-345.000000
-345.000000
-345.000000
-345.000000
-345.000000
-345.000000
-345.000000
-345.000000
-345.000000
-345.000000
-345.000000
-345.000000
-345.000000
-345.000000
-345.000000
-345.000000
-345.000000
-345.000000
-345.000000
-345.000000
-345.000000
-345.000000
-345.000000
-345.000000
-345.000000
-345.000000
-345.000000
-345.000000
-345.000000
-345.000000
-345.000000
-345.000000
-345.000000
-345.000000
-345.000000
-345.000000
-345.000000
-345.000000
-345.000000
-345.000000
-345.000000
-345.000000
-345.000000
-345.000000
-345.000000
-345.000000
-345.000000
-345.000000
-345.000000
-345.000000
-345.000000
-345.000000
-345.000000
-345.000000
-345.000000
-345.000000
-345.000000
-345.000000
-345.000000
-345.000000
-345.000000
-345.000000
-345.000000
-345.000000
-345.000000
-345.000000
-345.000000
-345.000000
-345.000000
-345.000000
0.000000
2918.000000
2918.000000
2918.000000
2918.000000
2918.000000
2918.000000
2918.000000
2918.000000
2918.000000
2918.000000
