60004.000000
60000.000000
59989.000000
59970.000000
59946.000000
59918.000000
59887.000000
59852.000000
59814.000000
59775.000000
59732.000000
59690.000000
59646.000000
59601.000000
59555.000000
59507.000000
59460.000000
59413.000000
59366.000000
59318.000000
58277.000000
58178.000000
58079.000000
57981.000000
57881.000000
57780.000000
57681.000000
57583.000000
57484.000000
57386.000000
57279.000000
57183.000000
57084.000000
56985.000000
56883.000000
56783.000000
56684.000000
56585.000000
56485.000000
56385.000000
56284.000000
56185.000000
56085.000000
55983.000000
55882.000000
55781.000000
55679.000000
55578.000000
55478.000000
55376.000000
55277.000000
55178.000000
55078.000000
54978.000000
54879.000000
54779.000000
54678.000000
54578.000000
54478.000000
54378.000000
54278.000000
54178.000000
54078.000000
53980.000000
53880.000000
53781.000000
53681.000000
53579.000000
53480.000000
53380.000000
53281.000000
53176.000000
53078.000000
52980.000000
52881.000000
52782.000000
52683.000000
52583.000000
52484.000000
52383.000000
52283.000000
52182.000000
52083.000000
51983.000000
51883.000000
51783.000000
51681.000000
51579.000000
51478.000000
51377.000000
51275.000000
51176.000000
51076.000000
50977.000000
50877.000000
50777.000000
50677.000000
50577.000000
50475.000000
50375.000000
50275.000000
50172.000000
50072.000000
49972.000000
49874.000000
49774.000000
49675.000000
49575.000000
49475.000000
49376.000000
49276.000000
49178.000000
49073.000000
48975.000000
48877.000000
48778.000000
48679.000000
48579.000000
48479.000000
48380.000000
48279.000000
48179.000000
48079.000000
47980.000000
47880.000000
47779.000000
47678.000000
47577.000000
47475.000000
47374.000000
47274.000000
47172.000000
47073.000000
46970.000000
46874.000000
46771.000000
46671.000000
46570.000000
46470.000000
46368.000000
46270.000000
46169.000000
46069.000000
45970.000000
45870.000000
45771.000000
45671.000000
45571.000000
45471.000000
45372.000000
45273.000000
45174.000000
45075.000000
44970.000000
44872.000000
44774.000000
44674.000000
44574.000000
44476.000000
44375.000000
44277.000000
44176.000000
44076.000000
43975.000000
43876.000000
43775.000000
43674.000000
43574.000000
43473.000000
43372.000000
43272.000000
43168.000000
43068.000000
42967.000000
42868.000000
42768.000000
42668.000000
42568.000000
42467.000000
42366.000000
42266.000000
42166.000000
42066.000000
41965.000000
41866.000000
41765.000000
41667.000000
41568.000000
41469.000000
41369.000000
41270.000000
41171.000000
41071.000000
40971.000000
40867.000000
40769.000000
40670.000000
40572.000000
40472.000000
40373.000000
40273.000000
40174.000000
40073.000000
39973.000000
39873.000000
39770.000000
39669.000000
39570.000000
39469.000000
39368.000000
39266.000000
39166.000000
39064.000000
38964.000000
38864.000000
38764.000000
38665.000000
38565.000000
38465.000000
38365.000000
38264.000000
38163.000000
38063.000000
37963.000000
37863.000000
37763.000000
37663.000000
37565.000000
37466.000000
37366.000000
37265.000000
37166.000000
37066.000000
36967.000000
36868.000000
36765.000000
36667.000000
36568.000000
36470.000000
36369.000000
36267.000000
36167.000000
36068.000000
35967.000000
35867.000000
35767.000000
35668.000000
35568.000000
35467.000000
35366.000000
35265.000000
35162.000000
35062.000000
34961.000000
34861.000000
34761.000000
34662.000000
34563.000000
34462.000000
34362.000000
34262.000000
34161.000000
34061.000000
33961.000000
33861.000000
33761.000000
33662.000000
33561.000000
33462.000000
33363.000000
33263.000000
33162.000000
33064.000000
32961.000000
32863.000000
32763.000000
32659.000000
32562.000000
32463.000000
32364.000000
32263.000000
32164.000000
32064.000000
31965.000000
31865.000000
31764.000000
31663.000000
31565.000000
31464.000000
31364.000000
31262.000000
31161.000000
31060.000000
30960.000000
30859.000000
30758.000000
30659.000000
30558.000000
30458.000000
30360.000000
30259.000000
30160.000000
30058.000000
29958.000000
29858.000000
29758.000000
29658.000000
29555.000000
29455.000000
29356.000000
29257.000000
29157.000000
29057.000000
28959.000000
28860.000000
28759.000000
28659.000000
28556.000000
28459.000000
28360.000000
28262.000000
28161.000000
28062.000000
27963.000000
27862.000000
27762.000000
27661.000000
27560.000000
27462.000000
27361.000000
27261.000000
27159.000000
27057.000000
26957.000000
26855.000000
26755.000000
26653.000000
26554.000000
26455.000000
26354.000000
26256.000000
26156.000000
26056.000000
25955.000000
25851.000000
25751.000000
25651.000000
25551.000000
25451.000000
25351.000000
25252.000000
25153.000000
25054.000000
24953.000000
24854.000000
24755.000000
24655.000000
24556.000000
24452.000000
24356.000000
24257.000000
24159.000000
24060.000000
23959.000000
23860.000000
23761.000000
23661.000000
23561.000000
23460.000000
23362.000000
23261.000000
23161.000000
23059.000000
22957.000000
22856.000000
22755.000000
22654.000000
22554.000000
22454.000000
22352.000000
22252.000000
22153.000000
22052.000000
21953.000000
21852.000000
21751.000000
21653.000000
21552.000000
21453.000000
21353.000000
21253.000000
21154.000000
21054.000000
20954.000000
20854.000000
20754.000000
20655.000000
20555.000000
20455.000000
20352.000000
20255.000000
20156.000000
20056.000000
19957.000000
19857.000000
19758.000000
19658.000000
19557.000000
19457.000000
19356.000000
19257.000000
19157.000000
19056.000000
18952.000000
18849.000000
18749.000000
18648.000000
18546.000000
18447.000000
18347.000000
18247.000000
18146.000000
18048.000000
17947.000000
17848.000000
17748.000000
17647.000000
17549.000000
17448.000000
17348.000000
17249.000000
17149.000000
17049.000000
16951.000000
16851.000000
16751.000000
16652.000000
16554.000000
16454.000000
16355.000000
16255.000000
16158.000000
16061.000000
15964.000000
15867.000000
15769.000000
15669.000000
15572.000000
15474.000000
15377.000000
15279.000000
15184.000000
15088.000000
14992.000000
14896.000000
14799.000000
14701.000000
14605.000000
14509.000000
14413.000000
14320.000000
14225.000000
14133.000000
13894.000000
13899.000000
13925.000000
13966.000000
14019.000000
14079.000000
14141.000000
14204.000000
14267.000000
14331.000000
14396.000000
14461.000000
14528.000000
14594.000000
14661.000000
14727.000000
14795.000000
14863.000000
14931.000000
14998.000000
15135.000000
15341.000000
15554.000000
15767.000000
15981.000000
16194.000000
16413.000000
16629.000000
16843.000000
17057.000000
17271.000000
17485.000000
17699.000000
17914.000000
18126.000000
18341.000000
18554.000000
18771.000000
18986.000000
19202.000000
19415.000000
19631.000000
19852.000000
20060.000000
20273.000000
20486.000000
20696.000000
20905.000000
21114.000000
21321.000000
21529.000000
21738.000000
21947.000000
22155.000000
22363.000000
22574.000000
22784.000000
22994.000000
23205.000000
23418.000000
23632.000000
23844.000000
24053.000000
24262.000000
24469.000000
24684.000000
24894.000000
25105.000000
25312.000000
25520.000000
25733.000000
25942.000000
26149.000000
26357.000000
26568.000000
26779.000000
26988.000000
27199.000000
27412.000000
27624.000000
27837.000000
28048.000000
28257.000000
28465.000000
28680.000000
28890.000000
29098.000000
29308.000000
29515.000000
29722.000000
29931.000000
30140.000000
30352.000000
30562.000000
30773.000000
30982.000000
31194.000000
31404.000000
31618.000000
31831.000000
32041.000000
32252.000000
32461.000000
32669.000000
32884.000000
33093.000000
33302.000000
33511.000000
33717.000000
33926.000000
34134.000000
34344.000000
34551.000000
34762.000000
34972.000000
35183.000000
35394.000000
35606.000000
35823.000000
36037.000000
36247.000000
36457.000000
36665.000000
36878.000000
37088.000000
37296.000000
37504.000000
37712.000000
37919.000000
38128.000000
38337.000000
38445.000000
38461.000000
38464.000000
38464.000000
38461.000000
38449.000000
38430.000000
38406.000000
38378.000000
38347.000000
38311.000000
38273.000000
38234.000000
38192.000000
38149.000000
38104.000000
38059.000000
38013.000000
37967.000000
37920.000000
37873.000000
37825.000000
37777.000000
36738.000000
36641.000000
36543.000000
36444.000000
36345.000000
36245.000000
36145.000000
36046.000000
35946.000000
35846.000000
35746.000000
35647.000000
35548.000000
35447.000000
35345.000000
35243.000000
35142.000000
35042.000000
34939.000000
34840.000000
34741.000000
34641.000000
34541.000000
34442.000000
34342.000000
34241.000000
34141.000000
34040.000000
33940.000000
33841.000000
33740.000000
33641.000000
33541.000000
33442.000000
33343.000000
33243.000000
33143.000000
33043.000000
32945.000000
32845.000000
32744.000000
32642.000000
32545.000000
32442.000000
32344.000000
32244.000000
32145.000000
32045.000000
31946.000000
31845.000000
31745.000000
31644.000000
31544.000000
31445.000000
31344.000000
31242.000000
31141.000000
31039.000000
30939.000000
30837.000000
30738.000000
30638.000000
30538.000000
30438.000000
30339.000000
30238.000000
30139.000000
30038.000000
29938.000000
29838.000000
29738.000000
29638.000000
29538.000000
29438.000000
29338.000000
29240.000000
29140.000000
29040.000000
28941.000000
28842.000000
28742.000000
28641.000000
28539.000000
28441.000000
28339.000000
28240.000000
28141.000000
28042.000000
27942.000000
27842.000000
27742.000000
27640.000000
27540.000000
27441.000000
27341.000000
27241.000000
27139.000000
27037.000000
26936.000000
26835.000000
26733.000000
26634.000000
26534.000000
26435.000000
26334.000000
26236.000000
26135.000000
26036.000000
25934.000000
25834.000000
25735.000000
25634.000000
25535.000000
25435.000000
25336.000000
25236.000000
25138.000000
25037.000000
24937.000000
24837.000000
24734.000000
24636.000000
24532.000000
24433.000000
24335.000000
24236.000000
24138.000000
24038.000000
23938.000000
23839.000000
23738.000000
23639.000000
23537.000000
23438.000000
23338.000000
23238.000000
23138.000000
23036.000000
22934.000000
22833.000000
22732.000000
22630.000000
22531.000000
22431.000000
22332.000000
22231.000000
22133.000000
22032.000000
21932.000000
21831.000000
21731.000000
21632.000000
21532.000000
21429.000000
21330.000000
21231.000000
21130.000000
21031.000000
20931.000000
20831.000000
20732.000000
20633.000000
20534.000000
20430.000000
20331.000000
20233.000000
20134.000000
20035.000000
19936.000000
19836.000000
19736.000000
19636.000000
19537.000000
19435.000000
19335.000000
19236.000000
19134.000000
19035.000000
18933.000000
18831.000000
18730.000000
18629.000000
18528.000000
18428.000000
18328.000000
18229.000000
18128.000000
18029.000000
17928.000000
17826.000000
17725.000000
17625.000000
17526.000000
17425.000000
17326.000000
17227.000000
17127.000000
17027.000000
16928.000000
16829.000000
16729.000000
16630.000000
16531.000000
16431.000000
16326.000000
16228.000000
16130.000000
16031.000000
15932.000000
15834.000000
15735.000000
15637.000000
15538.000000
15440.000000
15340.000000
15242.000000
15145.000000
15047.000000
14949.000000
14850.000000
14751.000000
14654.000000
14557.000000
14460.000000
14366.000000
14271.000000
14178.000000
14085.000000
13992.000000
13895.000000
13805.000000
13709.000000
13617.000000
13391.000000
13395.000000
13418.000000
13458.000000
13510.000000
13568.000000
13640.000000
13698.000000
13751.000000
13813.000000
13875.000000
13938.000000
14001.000000
14064.000000
14129.000000
14193.000000
14258.000000
14324.000000
14391.000000
14457.000000
14594.000000
14801.000000
15009.000000
15219.000000
15433.000000
15649.000000
15864.000000
16079.000000
16292.000000
16514.000000
16729.000000
16949.000000
17162.000000
17377.000000
17593.000000
17807.000000
18022.000000
18235.000000
18449.000000
18664.000000
18881.000000
19096.000000
19312.000000
19528.000000
19744.000000
19960.000000
20175.000000
20388.000000
20607.000000
20816.000000
21026.000000
21234.000000
21440.000000
21651.000000
21860.000000
22069.000000
22276.000000
22484.000000
22695.000000
22905.000000
23121.000000
23332.000000
23544.000000
23759.000000
23968.000000
24178.000000
24385.000000
24600.000000
24810.000000
25018.000000
25227.000000
25435.000000
25643.000000
25852.000000
26061.000000
26269.000000
26479.000000
26689.000000
26900.000000
27110.000000
27321.000000
27534.000000
27748.000000
27959.000000
28168.000000
28376.000000
28584.000000
28801.000000
29010.000000
29220.000000
29428.000000
29635.000000
29848.000000
30057.000000
30264.000000
30473.000000
30684.000000
30894.000000
31103.000000
31316.000000
31527.000000
31739.000000
31952.000000
32163.000000
32372.000000
32581.000000
32794.000000
33005.000000
33213.000000
33421.000000
33630.000000
33837.000000
34046.000000
34255.000000
34463.000000
34673.000000
34882.000000
35094.000000
35310.000000
35519.000000
35732.000000
35946.000000
36157.000000
36367.000000
36576.000000
36784.000000
36999.000000
37208.000000
37417.000000
37624.000000
37831.000000
37942.000000
37959.000000
37962.000000
37962.000000
37958.000000
37946.000000
37928.000000
37903.000000
37875.000000
37843.000000
37808.000000
37771.000000
37732.000000
37690.000000
37646.000000
37603.000000
37558.000000
37512.000000
37466.000000
37420.000000
37373.000000
37324.000000
37276.000000
36240.000000
36140.000000
36041.000000
35940.000000
35839.000000
35740.000000
35641.000000
35542.000000
35442.000000
35340.000000
35238.000000
35137.000000
35037.000000
34935.000000
34836.000000
34736.000000
34636.000000
34537.000000
34437.000000
34337.000000
34237.000000
34133.000000
34033.000000
33933.000000
33833.000000
33734.000000
33634.000000
33535.000000
33434.000000
33336.000000
33235.000000
33135.000000
33036.000000
32938.000000
32838.000000
32737.000000
32636.000000
32537.000000
32438.000000
32339.000000
32240.000000
32140.000000
32040.000000
31941.000000
31841.000000
31739.000000
31639.000000
31539.000000
31440.000000
31339.000000
31238.000000
31136.000000
31035.000000
30935.000000
30833.000000
30733.000000
30630.000000
30531.000000
30430.000000
30331.000000
30231.000000
30131.000000
30030.000000
29930.000000
29831.000000
29731.000000
29631.000000
29531.000000
29432.000000
29332.000000
29233.000000
29133.000000
29033.000000
28934.000000
28836.000000
28735.000000
28633.000000
28533.000000
28435.000000
28336.000000
28237.000000
28138.000000
28038.000000
27938.000000
27837.000000
27738.000000
27636.000000
27537.000000
27437.000000
27334.000000
27234.000000
27132.000000
27030.000000
26929.000000
26828.000000
26726.000000
26626.000000
26527.000000
26427.000000
26327.000000
26229.000000
26128.000000
26029.000000
25927.000000
25827.000000
25727.000000
25628.000000
25528.000000
25429.000000
25330.000000
25229.000000
25131.000000
25031.000000
24930.000000
24831.000000
24732.000000
24633.000000
24526.000000
24427.000000
24329.000000
24230.000000
24131.000000
24032.000000
23931.000000
23832.000000
23731.000000
23632.000000
23531.000000
23431.000000
23332.000000
23231.000000
23131.000000
23029.000000
22927.000000
22826.000000
22725.000000
22623.000000
22524.000000
22425.000000
22325.000000
22225.000000
22125.000000
22024.000000
21925.000000
21823.000000
21723.000000
21624.000000
21524.000000
21426.000000
21323.000000
21223.000000
21123.000000
21024.000000
20924.000000
20823.000000
20725.000000
20625.000000
20527.000000
20422.000000
20323.000000
20226.000000
20126.000000
20027.000000
19928.000000
19828.000000
19729.000000
19629.000000
19529.000000
19428.000000
19328.000000
19229.000000
19127.000000
19027.000000
18926.000000
18823.000000
18723.000000
18622.000000
18521.000000
18421.000000
18321.000000
18219.000000
18118.000000
18019.000000
17919.000000
17819.000000
17720.000000
17619.000000
17520.000000
17420.000000
17321.000000
17222.000000
17123.000000
17023.000000
16923.000000
16823.000000
16723.000000
16626.000000
16526.000000
16426.000000
16321.000000
16223.000000
16126.000000
16027.000000
15928.000000
15829.000000
15729.000000
15630.000000
15526.000000
15427.000000
15327.000000
15228.000000
15131.000000
15032.000000
14934.000000
14835.000000
14736.000000
14638.000000
14541.000000
14443.000000
14349.000000
14255.000000
14162.000000
14068.000000
13975.000000
13880.000000
13786.000000
13691.000000
13597.000000
13503.000000
13411.000000
13187.000000
13191.000000
13213.000000
13252.000000
13304.000000
13362.000000
13422.000000
13483.000000
13543.000000
13605.000000
13668.000000
13731.000000
13794.000000
13856.000000
13921.000000
13984.000000
14048.000000
14114.000000
14179.000000
14244.000000
14378.000000
14583.000000
14792.000000
15003.000000
15215.000000
15430.000000
15646.000000
15861.000000
16074.000000
16286.000000
16506.000000
16721.000000
16941.000000
17154.000000
17369.000000
17585.000000
17799.000000
18014.000000
18227.000000
18441.000000
18657.000000
18873.000000
19090.000000
19305.000000
19521.000000
19737.000000
19953.000000
20168.000000
20382.000000
20604.000000
20824.000000
21035.000000
21243.000000
21452.000000
21661.000000
21872.000000
22080.000000
22287.000000
22494.000000
22707.000000
22916.000000
23128.000000
23338.000000
23550.000000
23764.000000
23974.000000
24183.000000
24391.000000
24606.000000
24816.000000
25026.000000
25233.000000
25441.000000
25649.000000
25858.000000
26068.000000
26279.000000
26490.000000
26699.000000
26910.000000
27120.000000
27332.000000
27544.000000
27758.000000
27969.000000
28178.000000
28387.000000
28595.000000
28811.000000
29021.000000
29230.000000
29438.000000
29645.000000
29854.000000
30062.000000
30270.000000
30479.000000
30690.000000
30901.000000
31110.000000
31322.000000
31533.000000
31746.000000
31963.000000
32173.000000
32382.000000
32591.000000
32805.000000
33015.000000
33224.000000
33432.000000
33641.000000
33848.000000
34058.000000
34267.000000
34475.000000
34683.000000
34893.000000
35104.000000
35316.000000
35527.000000
35738.000000
35952.000000
36163.000000
36373.000000
36581.000000
36789.000000
37010.000000
37219.000000
37428.000000
37632.000000
37739.000000
37755.000000
37758.000000
37758.000000
37754.000000
37743.000000
37725.000000
37702.000000
37673.000000
37641.000000
37608.000000
37570.000000
37530.000000
37490.000000
37446.000000
37403.000000
37357.000000
37311.000000
37265.000000
37218.000000
37172.000000
37123.000000
37076.000000
36039.000000
35938.000000
35837.000000
35737.000000
35638.000000
35539.000000
35439.000000
35338.000000
35237.000000
35135.000000
35032.000000
34930.000000
34831.000000
34732.000000
34633.000000
34532.000000
34433.000000
34332.000000
34232.000000
34131.000000
34031.000000
33932.000000
33832.000000
33732.000000
33633.000000
33533.000000
33433.000000
33335.000000
33234.000000
33134.000000
33035.000000
32936.000000
32836.000000
32734.000000
32635.000000
32536.000000
32437.000000
32338.000000
32239.000000
32139.000000
32039.000000
31940.000000
31840.000000
31738.000000
31635.000000
31535.000000
31435.000000
31335.000000
31233.000000
31132.000000
31030.000000
30930.000000
30828.000000
30729.000000
30629.000000
30529.000000
30428.000000
30329.000000
30229.000000
30129.000000
30029.000000
29929.000000
29829.000000
29729.000000
29629.000000
29530.000000
29430.000000
29330.000000
29232.000000
29131.000000
29032.000000
28933.000000
28834.000000
28735.000000
28631.000000
28531.000000
28433.000000
28334.000000
28235.000000
28136.000000
28036.000000
27937.000000
27836.000000
27734.000000
27632.000000
27532.000000
27433.000000
27332.000000
27232.000000
27130.000000
27029.000000
26927.000000
26826.000000
26724.000000
26625.000000
26525.000000
26426.000000
26326.000000
26227.000000
26127.000000
26027.000000
25926.000000
25826.000000
25726.000000
25626.000000
25527.000000
25428.000000
25328.000000
25228.000000
25129.000000
25029.000000
24929.000000
24830.000000
24730.000000
24631.000000
24528.000000
24428.000000
24331.000000
24232.000000
24133.000000
24033.000000
23930.000000
23831.000000
23730.000000
23631.000000
23530.000000
23430.000000
23331.000000
23230.000000
23130.000000
23028.000000
22926.000000
22824.000000
22723.000000
22622.000000
22522.000000
22423.000000
22324.000000
22223.000000
22124.000000
22023.000000
21924.000000
21822.000000
21722.000000
21623.000000
21523.000000
21424.000000
21325.000000
21225.000000
21125.000000
21026.000000
20926.000000
20825.000000
20727.000000
20627.000000
20528.000000
20421.000000
20323.000000
20225.000000
20125.000000
20026.000000
19927.000000
19827.000000
19728.000000
19627.000000
19528.000000
19427.000000
19327.000000
19227.000000
19126.000000
19026.000000
18925.000000
18822.000000
18722.000000
18621.000000
18520.000000
18420.000000
18320.000000
18221.000000
18121.000000
18023.000000
17922.000000
17823.000000
17722.000000
17622.000000
17524.000000
17421.000000
17321.000000
17222.000000
17122.000000
17023.000000
16923.000000
16824.000000
16724.000000
16625.000000
16525.000000
16426.000000
16321.000000
16224.000000
16126.000000
16027.000000
15928.000000
15829.000000
15728.000000
15628.000000
15528.000000
15429.000000
15328.000000
15229.000000
15132.000000
15032.000000
14934.000000
14835.000000
14735.000000
14636.000000
14538.000000
14440.000000
14344.000000
14245.000000
14154.000000
14056.000000
13964.000000
13870.000000
13776.000000
13682.000000
13588.000000
13495.000000
13402.000000
13310.000000
13081.000000
13086.000000
13108.000000
13148.000000
13199.000000
13257.000000
13318.000000
13379.000000
13440.000000
13505.000000
13568.000000
13631.000000
13690.000000
13758.000000
13823.000000
13887.000000
13952.000000
14016.000000
14083.000000
14150.000000
14279.000000
14485.000000
14694.000000
14906.000000
15120.000000
15333.000000
15555.000000
15769.000000
15984.000000
16196.000000
16415.000000
16631.000000
16845.000000
17059.000000
17274.000000
17489.000000
17703.000000
17919.000000
18132.000000
18347.000000
18563.000000
18779.000000
18996.000000
19212.000000
19427.000000
19644.000000
19860.000000
20077.000000
20291.000000
20508.000000
20723.000000
20928.000000
21140.000000
21348.000000
21557.000000
21767.000000
21977.000000
22186.000000
22392.000000
22600.000000
22811.000000
23021.000000
23231.000000
23444.000000
23658.000000
23869.000000
24079.000000
24288.000000
24495.000000
24711.000000
24921.000000
25131.000000
25338.000000
25546.000000
25756.000000
25965.000000
26173.000000
26385.000000
26590.000000
26806.000000
27015.000000
27227.000000
27438.000000
27652.000000
27864.000000
28074.000000
28282.000000
28491.000000
28706.000000
28917.000000
29126.000000
29334.000000
29542.000000
29749.000000
29958.000000
30168.000000
30375.000000
30584.000000
30794.000000
31005.000000
31216.000000
31427.000000
31644.000000
31857.000000
32068.000000
32277.000000
32487.000000
32695.000000
32911.000000
33120.000000
33329.000000
33536.000000
33744.000000
33954.000000
34163.000000
34372.000000
34581.000000
34788.000000
35000.000000
35210.000000
35421.000000
35631.000000
35844.000000
36058.000000
36269.000000
36479.000000
36686.000000
36900.000000
37110.000000
37324.000000
37526.000000
37633.000000
37648.000000
37651.000000
37651.000000
37648.000000
37636.000000
37618.000000
37594.000000
37566.000000
37534.000000
37501.000000
37462.000000
37423.000000
37381.000000
37338.000000
37294.000000
37247.000000
37203.000000
37156.000000
37110.000000
37063.000000
37016.000000
36968.000000
35929.000000
35828.000000
35728.000000
35629.000000
35530.000000
35429.000000
35328.000000
35226.000000
35125.000000
35025.000000
34924.000000
34825.000000
34725.000000
34626.000000
34526.000000
34427.000000
34326.000000
34226.000000
34125.000000
34025.000000
33922.000000
33826.000000
33726.000000
33627.000000
33525.000000
33424.000000
33325.000000
33224.000000
33125.000000
33025.000000
32927.000000
32828.000000
32723.000000
32625.000000
32526.000000
32427.000000
32328.000000
32229.000000
32129.000000
32029.000000
31930.000000
31830.000000
31728.000000
31629.000000
31529.000000
31429.000000
31328.000000
31227.000000
31125.000000
31024.000000
30924.000000
30822.000000
30722.000000
30622.000000
30522.000000
30422.000000
30323.000000
30222.000000
30123.000000
30019.000000
29919.000000
29819.000000
29720.000000
29620.000000
29521.000000
29421.000000
29321.000000
29223.000000
29122.000000
29022.000000
28924.000000
28825.000000
28725.000000
28621.000000
28522.000000
28424.000000
28325.000000
28226.000000
28127.000000
28027.000000
27928.000000
27827.000000
27727.000000
27626.000000
27526.000000
27426.000000
27326.000000
27226.000000
27125.000000
27023.000000
26921.000000
26821.000000
26719.000000
26619.000000
26519.000000
26420.000000
26320.000000
26221.000000
26120.000000
26021.000000
25919.000000
25816.000000
25716.000000
25616.000000
25516.000000
25417.000000
25318.000000
25218.000000
25119.000000
25019.000000
24919.000000
24820.000000
24721.000000
24621.000000
24516.000000
24419.000000
24321.000000
24222.000000
24123.000000
24023.000000
23923.000000
23824.000000
23723.000000
23624.000000
23522.000000
23423.000000
23324.000000
23222.000000
23123.000000
23020.000000
22918.000000
22817.000000
22716.000000
22615.000000
22516.000000
22416.000000
22317.000000
22217.000000
22117.000000
22016.000000
21916.000000
21815.000000
21715.000000
21613.000000
21513.000000
21414.000000
21315.000000
21215.000000
21116.000000
21016.000000
20916.000000
20816.000000
20717.000000
20618.000000
20519.000000
20414.000000
20316.000000
20218.000000
20118.000000
20020.000000
19921.000000
19820.000000
19721.000000
19621.000000
19521.000000
19420.000000
19320.000000
19221.000000
19119.000000
19020.000000
18918.000000
18816.000000
18715.000000
18614.000000
18513.000000
18413.000000
18313.000000
18214.000000
18113.000000
18014.000000
17914.000000
17813.000000
17713.000000
17613.000000
17514.000000
17411.000000
17312.000000
17212.000000
17115.000000
17016.000000
16917.000000
16817.000000
16717.000000
16619.000000
16519.000000
16419.000000
16314.000000
16216.000000
16119.000000
16020.000000
15921.000000
15822.000000
15722.000000
15623.000000
15522.000000
15422.000000
15323.000000
15224.000000
15126.000000
15026.000000
14928.000000
14828.000000
14727.000000
14628.000000
14530.000000
14432.000000
14336.000000
14238.000000
14144.000000
14048.000000
13955.000000
13860.000000
13766.000000
13672.000000
13578.000000
13486.000000
13392.000000
13300.000000
13209.000000
12983.000000
12987.000000
13008.000000
13047.000000
13097.000000
13159.000000
13218.000000
13278.000000
13338.000000
13400.000000
13462.000000
13524.000000
13587.000000
13651.000000
13715.000000
13779.000000
13844.000000
13910.000000
13975.000000
14040.000000
14171.000000
14375.000000
14584.000000
14796.000000
15014.000000
15228.000000
15444.000000
15660.000000
15875.000000
16090.000000
16303.000000
16526.000000
16741.000000
16957.000000
17171.000000
17386.000000
17602.000000
17817.000000
18032.000000
18247.000000
18462.000000
18683.000000
18900.000000
19117.000000
19333.000000
19549.000000
19766.000000
19982.000000
20199.000000
20407.000000
20623.000000
20833.000000
21043.000000
21249.000000
21458.000000
21668.000000
21878.000000
22087.000000
22296.000000
22516.000000
22713.000000
22924.000000
23136.000000
23345.000000
23558.000000
23771.000000
23980.000000
24193.000000
24402.000000
24616.000000
24827.000000
25037.000000
25245.000000
25452.000000
25661.000000
25870.000000
26080.000000
26288.000000
26495.000000
26705.000000
26917.000000
27127.000000
27338.000000
27550.000000
27764.000000
27976.000000
28184.000000
28393.000000
28601.000000
28817.000000
29027.000000
29241.000000
29447.000000
29656.000000
29865.000000
30074.000000
30282.000000
30491.000000
30700.000000
30911.000000
31120.000000
31332.000000
31544.000000
31756.000000
31969.000000
32179.000000
32388.000000
32598.000000
32812.000000
33023.000000
33231.000000
33438.000000
33646.000000
33859.000000
34069.000000
34279.000000
34488.000000
34695.000000
34904.000000
35115.000000
35326.000000
35537.000000
35748.000000
35963.000000
36173.000000
36384.000000
36593.000000
36799.000000
37016.000000
37226.000000
37434.000000
37534.000000
37549.000000
37552.000000
37552.000000
37547.000000
37538.000000
37520.000000
37498.000000
37469.000000
37438.000000
37403.000000
37365.000000
37325.000000
37283.000000
37240.000000
37196.000000
37150.000000
37105.000000
37058.000000
37012.000000
36966.000000
36918.000000
36871.000000
35830.000000
35731.000000
35631.000000
35532.000000
35431.000000
35330.000000
35229.000000
35128.000000
35025.000000
34924.000000
34825.000000
34725.000000
34626.000000
34526.000000
34426.000000
34326.000000
34225.000000
34125.000000
34025.000000
33925.000000
33826.000000
33726.000000
33627.000000
33527.000000
33427.000000
33328.000000
33227.000000
33128.000000
33028.000000
32930.000000
32831.000000
32728.000000
32628.000000
32529.000000
32430.000000
32331.000000
32231.000000
32132.000000
32032.000000
31929.000000
31830.000000
31728.000000
31629.000000
31529.000000
31429.000000
31328.000000
31226.000000
31125.000000
31024.000000
30924.000000
30822.000000
30722.000000
30622.000000
30523.000000
30422.000000
30323.000000
30222.000000
30122.000000
30022.000000
29922.000000
29822.000000
29722.000000
29622.000000
29523.000000
29424.000000
29324.000000
29226.000000
29125.000000
29025.000000
28927.000000
28824.000000
28725.000000
28621.000000
28521.000000
28423.000000
28324.000000
28226.000000
28127.000000
28027.000000
27927.000000
27826.000000
27727.000000
27625.000000
27526.000000
27426.000000
27325.000000
27226.000000
27124.000000
27023.000000
26921.000000
26820.000000
26718.000000
26618.000000
26519.000000
26420.000000
26320.000000
26220.000000
26120.000000
26020.000000
25919.000000
25819.000000
25719.000000
25620.000000
25517.000000
25418.000000
25319.000000
25219.000000
25120.000000
25019.000000
24919.000000
24820.000000
24721.000000
24622.000000
24517.000000
24419.000000
24321.000000
24222.000000
24123.000000
24024.000000
23923.000000
23824.000000
23723.000000
23624.000000
23523.000000
23424.000000
23324.000000
23223.000000
23123.000000
23021.000000
22919.000000
22818.000000
22717.000000
22616.000000
22516.000000
22417.000000
22317.000000
22217.000000
22117.000000
22016.000000
21913.000000
21812.000000
21712.000000
21613.000000
21513.000000
21414.000000
21315.000000
21215.000000
21116.000000
21016.000000
20916.000000
20816.000000
20718.000000
20618.000000
20519.000000
20415.000000
20316.000000
20218.000000
20118.000000
20019.000000
19920.000000
19820.000000
19721.000000
19621.000000
19521.000000
19420.000000
19320.000000
19221.000000
19119.000000
19020.000000
18918.000000
18816.000000
18716.000000
18615.000000
18513.000000
18413.000000
18314.000000
18211.000000
18111.000000
18011.000000
17911.000000
17811.000000
17710.000000
17610.000000
17511.000000
17411.000000
17312.000000
17212.000000
17114.000000
17016.000000
16916.000000
16817.000000
16717.000000
16619.000000
16519.000000
16419.000000
16315.000000
16216.000000
16119.000000
16020.000000
15921.000000
15822.000000
15722.000000
15622.000000
15522.000000
15421.000000
15322.000000
15223.000000
15125.000000
15026.000000
14928.000000
14828.000000
14727.000000
14629.000000
14531.000000
14432.000000
14337.000000
14241.000000
14145.000000
14050.000000
13957.000000
13863.000000
13769.000000
13675.000000
13580.000000
13488.000000
13395.000000
13303.000000
13074.000000
13080.000000
13101.000000
13140.000000
13192.000000
13250.000000
13310.000000
13372.000000
13433.000000
13495.000000
13556.000000
13622.000000
13686.000000
13749.000000
13810.000000
13877.000000
13943.000000
14008.000000
14072.000000
14140.000000
14268.000000
14473.000000
14683.000000
14896.000000
15112.000000
15326.000000
15548.000000
15760.000000
15980.000000
16191.000000
16415.000000
16632.000000
16848.000000
17063.000000
17279.000000
17495.000000
17711.000000
17928.000000
18143.000000
18359.000000
18576.000000
18793.000000
19012.000000
19229.000000
19444.000000
19659.000000
19869.000000
20079.000000
20288.000000
20503.000000
20714.000000
20922.000000
21129.000000
21341.000000
21550.000000
21761.000000
21971.000000
22179.000000
22386.000000
22593.000000
22805.000000
23016.000000
23225.000000
23437.000000
23652.000000
23863.000000
24073.000000
24281.000000
24488.000000
24704.000000
24915.000000
25125.000000
25331.000000
25540.000000
25749.000000
25959.000000
26168.000000
26381.000000
26589.000000
26798.000000
27008.000000
27220.000000
27431.000000
27644.000000
27858.000000
28068.000000
28277.000000
28485.000000
28700.000000
28911.000000
29120.000000
29328.000000
29535.000000
29743.000000
29953.000000
30163.000000
30372.000000
30580.000000
30788.000000
30998.000000
31214.000000
31425.000000
31637.000000
31851.000000
32061.000000
32271.000000
32481.000000
32689.000000
32905.000000
33115.000000
33323.000000
33530.000000
33738.000000
33948.000000
34158.000000
34368.000000
34577.000000
34784.000000
34994.000000
35203.000000
35415.000000
35625.000000
35837.000000
36051.000000
36266.000000
36476.000000
36684.000000
36898.000000
37109.000000
37319.000000
37524.000000
37627.000000
37642.000000
37644.000000
37644.000000
37639.000000
37628.000000
37611.000000
37588.000000
37559.000000
37527.000000
37493.000000
37455.000000
37416.000000
37374.000000
37331.000000
37286.000000
37241.000000
37195.000000
37149.000000
37103.000000
37055.000000
37008.000000
36960.000000
35921.000000
35820.000000
35721.000000
35621.000000
35522.000000
35422.000000
35321.000000
35219.000000
35118.000000
35018.000000
34916.000000
34817.000000
34718.000000
34618.000000
34518.000000
34419.000000
34318.000000
34218.000000
34117.000000
34017.000000
33915.000000
33815.000000
33718.000000
33616.000000
33516.000000
33416.000000
33318.000000
33217.000000
33117.000000
33019.000000
32919.000000
32820.000000
32716.000000
32617.000000
32519.000000
32420.000000
32320.000000
32221.000000
32122.000000
32022.000000
31922.000000
31823.000000
31721.000000
31622.000000
31522.000000
31421.000000
31321.000000
31219.000000
31117.000000
31016.000000
30916.000000
30814.000000
30714.000000
30614.000000
30515.000000
30415.000000
30315.000000
30215.000000
30115.000000
30015.000000
29915.000000
29815.000000
29712.000000
29612.000000
29513.000000
29414.000000
29314.000000
29215.000000
29115.000000
29015.000000
28916.000000
28817.000000
28718.000000
28612.000000
28514.000000
28416.000000
28317.000000
28219.000000
28119.000000
28019.000000
27920.000000
27819.000000
27720.000000
27618.000000
27519.000000
27419.000000
27318.000000
27219.000000
27117.000000
27015.000000
26914.000000
26813.000000
26711.000000
26611.000000
26509.000000
26409.000000
26310.000000
26210.000000
26111.000000
26010.000000
25909.000000
25808.000000
25709.000000
25609.000000
25510.000000
25411.000000
25312.000000
25213.000000
25113.000000
25013.000000
24912.000000
24814.000000
24714.000000
24615.000000
24510.000000
24412.000000
24314.000000
24214.000000
24116.000000
24016.000000
23916.000000
23816.000000
23715.000000
23615.000000
23515.000000
23416.000000
23317.000000
23216.000000
23116.000000
23011.000000
22909.000000
22807.000000
22707.000000
22605.000000
22506.000000
22406.000000
22307.000000
22207.000000
22107.000000
22007.000000
21906.000000
21805.000000
21705.000000
21606.000000
21506.000000
21407.000000
21307.000000
21208.000000
21109.000000
21009.000000
20909.000000
20809.000000
20711.000000
20611.000000
20512.000000
20407.000000
20309.000000
20212.000000
20112.000000
20013.000000
19914.000000
19813.000000
19711.000000
19611.000000
19510.000000
19410.000000
19310.000000
19210.000000
19109.000000
19009.000000
18908.000000
18806.000000
18705.000000
18604.000000
18503.000000
18403.000000
18303.000000
18204.000000
18104.000000
18004.000000
17904.000000
17804.000000
17703.000000
17603.000000
17504.000000
17403.000000
17304.000000
17203.000000
17105.000000
17006.000000
16906.000000
16806.000000
16706.000000
16608.000000
16505.000000
16406.000000
16301.000000
16203.000000
16105.000000
16006.000000
15907.000000
15808.000000
15708.000000
15608.000000
15507.000000
15407.000000
15307.000000
15207.000000
15108.000000
15007.000000
14906.000000
14806.000000
14704.000000
14603.000000
14501.000000
14400.000000
14301.000000
14201.000000
14102.000000
14003.000000
13903.000000
13803.000000
13702.000000
13601.000000
13501.000000
13400.000000
13300.000000
13201.000000
13101.000000
13002.000000
12904.000000
12800.000000
12700.000000
12601.000000
12502.000000
12403.000000
12303.000000
12199.000000
12101.000000
12003.000000
11904.000000
11804.000000
11705.000000
11605.000000
11506.000000
11406.000000
11306.000000
11206.000000
11107.000000
11007.000000
10907.000000
10805.000000
10705.000000
10603.000000
10502.000000
10402.000000
10301.000000
10201.000000
10101.000000
10002.000000
9902.000000
9802.000000
9701.000000
9600.000000
9499.000000
9400.000000
9300.000000
9200.000000
9100.000000
9000.000000
8901.000000
8799.000000
8700.000000
8599.000000
8500.000000
8401.000000
8302.000000
8202.000000
8098.000000
8000.000000
7901.000000
7802.000000
7702.000000
7603.000000
7503.000000
7403.000000
7303.000000
7202.000000
7102.000000
7003.000000
6902.000000
6802.000000
6701.000000
6601.000000
6498.000000
6398.000000
6298.000000
6198.000000
6098.000000
5998.000000
5899.000000
5800.000000
5701.000000
5602.000000
5502.000000
5404.000000
5306.000000
5207.000000
5105.000000
5007.000000
4910.000000
4813.000000
4716.000000
4617.000000
4518.000000
4419.000000
4320.000000
4221.000000
4123.000000
4019.000000
3924.000000
3828.000000
3732.000000
3636.000000
3539.000000
3443.000000
3348.000000
3253.000000
3159.000000
3063.000000
2969.000000
2876.000000
2783.000000
2690.000000
