2341.000000
2337.000000
2325.000000
2306.000000
2283.000000
2255.000000
2225.000000
2190.000000
2151.000000
2113.000000
2072.000000
2030.000000
1987.000000
1942.000000
1897.000000
1851.000000
1805.000000
1754.000000
1708.000000
1659.000000
619.000000
519.000000
419.000000
320.000000
222.000000
123.000000
24.000000
-81.000000
-182.000000
-280.000000
-380.000000
-479.000000
-578.000000
-677.000000
-777.000000
-877.000000
-976.000000
-1076.000000
-1176.000000
-1276.000000
-1377.000000
-1482.000000
-1583.000000
-1685.000000
-1786.000000
-1887.000000
-1988.000000
-2088.000000
-2188.000000
-2287.000000
-2385.000000
-2486.000000
-2585.000000
-2686.000000
-2786.000000
-2889.000000
-2990.000000
-3090.000000
-3190.000000
-3290.000000
-3389.000000
-3488.000000
-3587.000000
-3688.000000
-3786.000000
-3886.000000
-3985.000000
-4084.000000
-4189.000000
-4289.000000
-4388.000000
-4487.000000
-4586.000000
-4686.000000
-4785.000000
-4885.000000
-4985.000000
-5086.000000
-5187.000000
-5285.000000
-5386.000000
-5486.000000
-5586.000000
-5690.000000
-5792.000000
-5894.000000
-5994.000000
-6095.000000
-6195.000000
-6294.000000
-6394.000000
-6492.000000
-6593.000000
-6693.000000
-6794.000000
-6895.000000
-6995.000000
-7096.000000
-7199.000000
-7299.000000
-7399.000000
-7497.000000
-7597.000000
-7696.000000
-7798.000000
-7896.000000
-7996.000000
-8096.000000
-8194.000000
-8298.000000
-8395.000000
-8494.000000
-8592.000000
-8696.000000
-8796.000000
-8895.000000
-8995.000000
-9095.000000
-9195.000000
-9296.000000
-9394.000000
-9495.000000
-9595.000000
-9697.000000
-9799.000000
-9900.000000
-10001.000000
-10101.000000
-10205.000000
-10305.000000
-10403.000000
-10504.000000
-10602.000000
-10703.000000
-10803.000000
-10904.000000
-11005.000000
-11104.000000
-11205.000000
-11305.000000
-11404.000000
-11505.000000
-11604.000000
-11707.000000
-11806.000000
-11906.000000
-12006.000000
-12104.000000
-12204.000000
-12303.000000
-12407.000000
-12504.000000
-12603.000000
-12702.000000
-12801.000000
-12901.000000
-13001.000000
-13103.000000
-13204.000000
-13304.000000
-13405.000000
-13505.000000
-13604.000000
-13705.000000
-13806.000000
-13908.000000
-14009.000000
-14110.000000
-14211.000000
-14310.000000
-14411.000000
-14513.000000
-14613.000000
-14712.000000
-14813.000000
-14913.000000
-15013.000000
-15114.000000
-15213.000000
-15314.000000
-15414.000000
-15514.000000
-15615.000000
-15713.000000
-15812.000000
-15912.000000
-16014.000000
-16115.000000
-16213.000000
-16314.000000
-16415.000000
-16516.000000
-16614.000000
-16712.000000
-16811.000000
-16910.000000
-17009.000000
-17109.000000
-17208.000000
-17310.000000
-17411.000000
-17514.000000
-17613.000000
-17713.000000
-17814.000000
-17914.000000
-18017.000000
-18118.000000
-18219.000000
-18321.000000
-18421.000000
-18521.000000
-18620.000000
-18720.000000
-18819.000000
-18922.000000
-19022.000000
-19123.000000
-19224.000000
-19323.000000
-19423.000000
-19523.000000
-19622.000000
-19722.000000
-19821.000000
-19920.000000
-20021.000000
-20121.000000
-20221.000000
-20319.000000
-20422.000000
-20526.000000
-20624.000000
-20722.000000
-20820.000000
-20920.000000
-21019.000000
-21119.000000
-21218.000000
-21319.000000
-21418.000000
-21520.000000
-21619.000000
-21719.000000
-21818.000000
-21922.000000
-22024.000000
-22126.000000
-22227.000000
-22328.000000
-22430.000000
-22529.000000
-22628.000000
-22728.000000
-22828.000000
-22927.000000
-23028.000000
-23128.000000
-23233.000000
-23333.000000
-23432.000000
-23532.000000
-23631.000000
-23730.000000
-23830.000000
-23931.000000
-24029.000000
-24130.000000
-24229.000000
-24328.000000
-24428.000000
-24530.000000
-24635.000000
-24733.000000
-24831.000000
-24930.000000
-25029.000000
-25129.000000
-25228.000000
-25328.000000
-25428.000000
-25527.000000
-25628.000000
-25728.000000
-25828.000000
-25928.000000
-26032.000000
-26133.000000
-26235.000000
-26336.000000
-26436.000000
-26538.000000
-26638.000000
-26738.000000
-26838.000000
-26938.000000
-27037.000000
-27137.000000
-27238.000000
-27338.000000
-27441.000000
-27541.000000
-27641.000000
-27741.000000
-27841.000000
-27939.000000
-28038.000000
-28137.000000
-28238.000000
-28338.000000
-28436.000000
-28536.000000
-28635.000000
-28741.000000
-28841.000000
-28940.000000
-29039.000000
-29138.000000
-29237.000000
-29336.000000
-29436.000000
-29537.000000
-29638.000000
-29738.000000
-29837.000000
-29937.000000
-30037.000000
-30139.000000
-30242.000000
-30344.000000
-30445.000000
-30545.000000
-30648.000000
-30747.000000
-30847.000000
-30947.000000
-31045.000000
-31146.000000
-31245.000000
-31346.000000
-31448.000000
-31547.000000
-31650.000000
-31750.000000
-31850.000000
-31950.000000
-32048.000000
-32147.000000
-32247.000000
-32348.000000
-32447.000000
-32546.000000
-32646.000000
-32745.000000
-32850.000000
-32950.000000
-33049.000000
-33148.000000
-33247.000000
-33346.000000
-33447.000000
-33547.000000
-33647.000000
-33747.000000
-33847.000000
-33946.000000
-34046.000000
-34147.000000
-34248.000000
-34349.000000
-34454.000000
-34555.000000
-34656.000000
-34756.000000
-34856.000000
-34955.000000
-35055.000000
-35155.000000
-35255.000000
-35355.000000
-35456.000000
-35557.000000
-35656.000000
-35757.000000
-35859.000000
-35959.000000
-36059.000000
-36157.000000
-36257.000000
-36356.000000
-36457.000000
-36556.000000
-36655.000000
-36754.000000
-36853.000000
-36957.000000
-37056.000000
-37154.000000
-37256.000000
-37356.000000
-37456.000000
-37555.000000
-37655.000000
-37755.000000
-37855.000000
-37957.000000
-38055.000000
-38156.000000
-38256.000000
-38357.000000
-38459.000000
-38560.000000
-38664.000000
-38764.000000
-38865.000000
-38965.000000
-39064.000000
-39164.000000
-39264.000000
-39365.000000
-39464.000000
-39565.000000
-39666.000000
-39765.000000
-39866.000000
-39965.000000
-40068.000000
-40169.000000
-40267.000000
-40367.000000
-40466.000000
-40567.000000
-40665.000000
-40764.000000
-40863.000000
-40962.000000
-41067.000000
-41164.000000
-41263.000000
-41362.000000
-41465.000000
-41564.000000
-41664.000000
-41763.000000
-41864.000000
-41965.000000
-42066.000000
-42164.000000
-42264.000000
-42365.000000
-42466.000000
-42568.000000
-42669.000000
-42770.000000
-42871.000000
-42975.000000
-43075.000000
-43174.000000
-43274.000000
-43372.000000
-43472.000000
-43572.000000
-43673.000000
-43774.000000
-43874.000000
-43974.000000
-44074.000000
-44173.000000
-44277.000000
-44376.000000
-44475.000000
-44574.000000
-44674.000000
-44774.000000
-44873.000000
-44973.000000
-45072.000000
-45175.000000
-45272.000000
-45371.000000
-45470.000000
-45569.000000
-45669.000000
-45773.000000
-45872.000000
-45973.000000
-46073.000000
-46174.000000
-46273.000000
-46373.000000
-46474.000000
-46575.000000
-46677.000000
-46779.000000
-46879.000000
-46981.000000
-47083.000000
-47183.000000
-47282.000000
-47382.000000
-47481.000000
-47581.000000
-47681.000000
-47782.000000
-47883.000000
-47981.000000
-48081.000000
-48182.000000
-48281.000000
-48382.000000
-48483.000000
-48582.000000
-48683.000000
-48783.000000
-48882.000000
-48980.000000
-49080.000000
-49181.000000
-49283.000000
-49381.000000
-49479.000000
-49578.000000
-49677.000000
-49777.000000
-49877.000000
-49976.000000
-50080.000000
-50181.000000
-50281.000000
-50381.000000
-50480.000000
-50581.000000
-50682.000000
-50783.000000
-50884.000000
-50984.000000
-51087.000000
-51187.000000
-51287.000000
-51387.000000
-51490.000000
-51589.000000
-51690.000000
-51790.000000
-51890.000000
-51990.000000
-52089.000000
-52189.000000
-52290.000000
-52389.000000
-52488.000000
-52588.000000
-52687.000000
-52787.000000
-52887.000000
-52987.000000
-53088.000000
-53188.000000
-53292.000000
-53391.000000
-53489.000000
-53588.000000
-53687.000000
-53785.000000
-53885.000000
-53985.000000
-54085.000000
-54185.000000
-54286.000000
-54386.000000
-54486.000000
-54589.000000
-54689.000000
-54791.000000
-54892.000000
-54994.000000
-55095.000000
-55197.000000
-55296.000000
-55396.000000
-55496.000000
-55596.000000
-55695.000000
-55795.000000
-55895.000000
-55996.000000
-56099.000000
-56199.000000
-56298.000000
-56399.000000
-56497.000000
-56597.000000
-56697.000000
-56796.000000
-56896.000000
-56997.000000
-57095.000000
-57195.000000
-57294.000000
-57399.000000
-57497.000000
-57594.000000
-57697.000000
-57795.000000
-57895.000000
-57995.000000
-58094.000000
-58195.000000
-58294.000000
-58395.000000
-58494.000000
-58594.000000
-58694.000000
-58794.000000
-58896.000000
-58998.000000
-59103.000000
-59204.000000
-59306.000000
-59406.000000
-59505.000000
-59605.000000
-59705.000000
-59805.000000
-59905.000000
-60006.000000
-60107.000000
-60207.000000
-60306.000000
-60406.000000
-60505.000000
-60609.000000
-60707.000000
-60807.000000
-60906.000000
-61007.000000
-61107.000000
-61205.000000
-61304.000000
-61402.000000
-61506.000000
-61604.000000
-61701.000000
-61800.000000
-61897.000000
-61994.000000
-62094.000000
-62192.000000
-62290.000000
-62387.000000
-62486.000000
-62583.000000
-62680.000000
-62776.000000
-62872.000000
-62969.000000
-63066.000000
-63162.000000
-63258.000000
-63354.000000
-63448.000000
-63541.000000
-63632.000000
-63726.000000
-63950.000000
-63943.000000
-63920.000000
-63881.000000
-63830.000000
-63770.000000
-63709.000000
-63648.000000
-63586.000000
-63523.000000
-63460.000000
-63397.000000
-63332.000000
-63266.000000
-63202.000000
-63136.000000
-63071.000000
-63004.000000
-62937.000000
-62869.000000
-62733.000000
-62527.000000
-62318.000000
-62107.000000
-61897.000000
-61686.000000
-61475.000000
-61260.000000
-61050.000000
-60833.000000
-60622.000000
-60410.000000
-60198.000000
-59984.000000
-59772.000000
-59561.000000
-59350.000000
-59137.000000
-58924.000000
-58711.000000
-58499.000000
-58282.000000
-58069.000000
-57857.000000
-57644.000000
-57434.000000
-57216.000000
-57002.000000
-56788.000000
-56578.000000
-56367.000000
-56154.000000
-55937.000000
-55726.000000
-55515.000000
-55304.000000
-55092.000000
-54878.000000
-54665.000000
-54453.000000
-54242.000000
-54024.000000
-53811.000000
-53601.000000
-53390.000000
-53173.000000
-52959.000000
-52747.000000
-52536.000000
-52324.000000
-52111.000000
-51899.000000
-51687.000000
-51473.000000
-51263.000000
-51052.000000
-50842.000000
-50632.000000
-50420.000000
-50209.000000
-49996.000000
-49783.000000
-49573.000000
-49366.000000
-49147.000000
-48939.000000
-48732.000000
-48525.000000
-48316.000000
-48106.000000
-47897.000000
-47686.000000
-47478.000000
-47269.000000
-47058.000000
-46843.000000
-46632.000000
-46422.000000
-46211.000000
-45999.000000
-45787.000000
-45574.000000
-45366.000000
-45158.000000
-44943.000000
-44732.000000
-44525.000000
-44318.000000
-44107.000000
-43896.000000
-43688.000000
-43479.000000
-43271.000000
-43060.000000
-42849.000000
-42635.000000
-42423.000000
-42212.000000
-42003.000000
-41789.000000
-41578.000000
-41366.000000
-41158.000000
-40944.000000
-40735.000000
-40524.000000
-40317.000000
-40109.000000
-39898.000000
-39689.000000
-39485.000000
-39397.000000
-39383.000000
-39380.000000
-39380.000000
-39380.000000
-39383.000000
-39394.000000
-39413.000000
-39435.000000
-39463.000000
-39495.000000
-39530.000000
-39567.000000
-39606.000000
-39648.000000
-39691.000000
-39735.000000
-39778.000000
-39824.000000
-39871.000000
-39918.000000
-39966.000000
-40013.000000
-40061.000000
-41100.000000
-41197.000000
-41295.000000
-41394.000000
-41492.000000
-41593.000000
-41692.000000
-41791.000000
-41892.000000
-41993.000000
-42094.000000
-42193.000000
-42292.000000
-42393.000000
-42495.000000
-42600.000000
-42701.000000
-42802.000000
-42904.000000
-43003.000000
-43104.000000
-43203.000000
-43303.000000
-43401.000000
-43502.000000
-43602.000000
-43703.000000
-43804.000000
-43903.000000
-44003.000000
-44106.000000
-44205.000000
-44305.000000
-44404.000000
-44503.000000
-44604.000000
-44704.000000
-44803.000000
-44902.000000
-45001.000000
-45105.000000
-45204.000000
-45302.000000
-45401.000000
-45499.000000
-45602.000000
-45702.000000
-45802.000000
-45903.000000
-46002.000000
-46103.000000
-46202.000000
-46302.000000
-46403.000000
-46502.000000
-46604.000000
-46707.000000
-46808.000000
-46909.000000
-47010.000000
-47112.000000
-47212.000000
-47311.000000
-47412.000000
-47511.000000
-47612.000000
-47712.000000
-47813.000000
-47913.000000
-48012.000000
-48112.000000
-48212.000000
-48311.000000
-48414.000000
-48510.000000
-48612.000000
-48712.000000
-48812.000000
-48911.000000
-49010.000000
-49109.000000
-49214.000000
-49312.000000
-49411.000000
-49509.000000
-49609.000000
-49708.000000
-49807.000000
-49907.000000
-50010.000000
-50110.000000
-50211.000000
-50310.000000
-50410.000000
-50511.000000
-50611.000000
-50713.000000
-50815.000000
-50916.000000
-51016.000000
-51118.000000
-51217.000000
-51317.000000
-51417.000000
-51520.000000
-51619.000000
-51719.000000
-51820.000000
-51920.000000
-52021.000000
-52120.000000
-52220.000000
-52320.000000
-52419.000000
-52518.000000
-52617.000000
-52717.000000
-52817.000000
-52916.000000
-53018.000000
-53118.000000
-53218.000000
-53323.000000
-53421.000000
-53519.000000
-53618.000000
-53717.000000
-53817.000000
-53916.000000
-54016.000000
-54116.000000
-54217.000000
-54317.000000
-54417.000000
-54519.000000
-54620.000000
-54721.000000
-54821.000000
-54923.000000
-55025.000000
-55125.000000
-55227.000000
-55326.000000
-55426.000000
-55526.000000
-55625.000000
-55725.000000
-55825.000000
-55926.000000
-56027.000000
-56129.000000
-56230.000000
-56329.000000
-56429.000000
-56529.000000
-56626.000000
-56726.000000
-56825.000000
-56926.000000
-57025.000000
-57125.000000
-57224.000000
-57323.000000
-57428.000000
-57525.000000
-57627.000000
-57726.000000
-57825.000000
-57925.000000
-58025.000000
-58125.000000
-58225.000000
-58325.000000
-58426.000000
-58524.000000
-58625.000000
-58725.000000
-58827.000000
-58928.000000
-59033.000000
-59134.000000
-59234.000000
-59335.000000
-59435.000000
-59534.000000
-59634.000000
-59733.000000
-59835.000000
-59934.000000
-60035.000000
-60136.000000
-60235.000000
-60336.000000
-60438.000000
-60538.000000
-60639.000000
-60737.000000
-60836.000000
-60935.000000
-61036.000000
-61133.000000
-61231.000000
-61330.000000
-61428.000000
-61533.000000
-61630.000000
-61729.000000
-61831.000000
-61931.000000
-62030.000000
-62130.000000
-62230.000000
-62331.000000
-62431.000000
-62532.000000
-62631.000000
-62731.000000
-62831.000000
-62932.000000
-63033.000000
-63135.000000
-63236.000000
-63337.000000
-63440.000000
-63540.000000
-63639.000000
-63739.000000
-63838.000000
-63939.000000
-64039.000000
-64140.000000
-64241.000000
-64340.000000
-64440.000000
-64540.000000
-64639.000000
-64740.000000
-64838.000000
-64941.000000
-65037.000000
-65141.000000
-65240.000000
-65339.000000
-65439.000000
-65538.000000
-65642.000000
-65739.000000
-65838.000000
-65936.000000
-66036.000000
-66135.000000
-66236.000000
-66335.000000
-66437.000000
-66540.000000
-66641.000000
-66740.000000
-66841.000000
-66941.000000
-67042.000000
-67145.000000
-67245.000000
-67347.000000
-67448.000000
-67548.000000
-67648.000000
-67747.000000
-67848.000000
-67946.000000
-68046.000000
-68146.000000
-68247.000000
-68350.000000
-68450.000000
-68550.000000
-68650.000000
-68749.000000
-68849.000000
-68947.000000
-69047.000000
-69147.000000
-69248.000000
-69347.000000
-69445.000000
-69545.000000
-69645.000000
-69748.000000
-69843.000000
-69945.000000
-70044.000000
-70145.000000
-70245.000000
-70344.000000
-70444.000000
-70545.000000
-70645.000000
-70746.000000
-70845.000000
-70945.000000
-71046.000000
-71147.000000
-71251.000000
-71352.000000
-71453.000000
-71555.000000
-71654.000000
-71754.000000
-71856.000000
-71956.000000
-72055.000000
-72155.000000
-72256.000000
-72356.000000
-72457.000000
-72556.000000
-72655.000000
-72755.000000
-72854.000000
-72955.000000
-73053.000000
-73153.000000
-73252.000000
-73352.000000
-73451.000000
-73553.000000
-73653.000000
-73754.000000
-73856.000000
-73953.000000
-74052.000000
-74151.000000
-74250.000000
-74350.000000
-74450.000000
-74550.000000
-74651.000000
-74751.000000
-74851.000000
-74950.000000
-75047.000000
-75146.000000
-75248.000000
-75346.000000
-75444.000000
-75541.000000
-75639.000000
-75735.000000
-75830.000000
-75924.000000
-76018.000000
-76112.000000
-76205.000000
-76297.000000
-76390.000000
-76480.000000
-76568.000000
