59939.000000
59936.000000
59924.000000
59906.000000
59883.000000
59855.000000
59822.000000
59787.000000
59749.000000
59710.000000
59669.000000
59626.000000
59582.000000
59536.000000
59489.000000
59444.000000
59397.000000
59351.000000
59303.000000
59255.000000
58214.000000
58114.000000
58011.000000
57913.000000
57813.000000
57714.000000
57615.000000
57517.000000
57418.000000
57317.000000
57215.000000
57118.000000
57019.000000
56921.000000
56821.000000
56721.000000
56622.000000
56522.000000
56422.000000
56321.000000
56220.000000
56121.000000
56021.000000
55920.000000
55818.000000
55716.000000
55614.000000
55513.000000
55411.000000
55308.000000
55209.000000
55109.000000
55010.000000
54911.000000
54811.000000
54712.000000
54611.000000
54511.000000
54412.000000
54311.000000
54211.000000
54112.000000
54012.000000
53913.000000
53814.000000
53714.000000
53614.000000
53514.000000
53415.000000
53315.000000
53213.000000
53113.000000
53016.000000
52917.000000
52818.000000
52719.000000
52620.000000
52517.000000
52417.000000
52317.000000
52215.000000
52115.000000
52015.000000
51915.000000
51815.000000
51713.000000
51611.000000
51510.000000
51409.000000
51307.000000
51208.000000
51108.000000
51009.000000
50909.000000
50810.000000
50710.000000
50610.000000
50509.000000
50408.000000
50309.000000
50208.000000
50109.000000
50009.000000
49910.000000
49810.000000
49711.000000
49611.000000
49510.000000
49408.000000
49309.000000
49210.000000
49106.000000
49007.000000
48909.000000
48811.000000
48712.000000
48612.000000
48512.000000
48413.000000
48312.000000
48213.000000
48111.000000
48012.000000
47912.000000
47812.000000
47711.000000
47610.000000
47508.000000
47407.000000
47306.000000
47205.000000
47105.000000
47006.000000
46907.000000
46806.000000
46707.000000
46606.000000
46506.000000
46405.000000
46301.000000
46202.000000
46102.000000
46003.000000
45904.000000
45804.000000
45704.000000
45605.000000
45505.000000
45405.000000
45306.000000
45207.000000
45107.000000
45004.000000
44904.000000
44806.000000
44707.000000
44607.000000
44509.000000
44408.000000
44309.000000
44209.000000
44110.000000
44009.000000
43909.000000
43810.000000
43708.000000
43606.000000
43507.000000
43405.000000
43301.000000
43201.000000
43099.000000
43000.000000
42900.000000
42801.000000
42700.000000
42601.000000
42500.000000
42400.000000
42300.000000
42199.000000
42100.000000
41999.000000
41900.000000
41801.000000
41701.000000
41601.000000
41502.000000
41402.000000
41302.000000
41204.000000
41104.000000
41005.000000
40900.000000
40801.000000
40703.000000
40604.000000
40502.000000
40407.000000
40304.000000
40204.000000
40103.000000
40004.000000
39903.000000
39803.000000
39704.000000
39603.000000
39503.000000
39402.000000
39299.000000
39199.000000
39097.000000
38995.000000
38896.000000
38796.000000
38698.000000
38597.000000
38498.000000
38399.000000
38297.000000
38196.000000
38095.000000
37996.000000
37896.000000
37797.000000
37694.000000
37595.000000
37500.000000
37397.000000
37296.000000
37196.000000
37097.000000
36998.000000
36898.000000
36794.000000
36696.000000
36598.000000
36499.000000
36400.000000
36300.000000
36200.000000
36101.000000
36000.000000
35900.000000
35800.000000
35701.000000
35601.000000
35501.000000
35400.000000
35299.000000
35197.000000
35096.000000
34995.000000
34893.000000
34794.000000
34694.000000
34592.000000
34493.000000
34392.000000
34292.000000
34191.000000
34091.000000
33990.000000
33891.000000
33791.000000
33691.000000
33592.000000
33492.000000
33393.000000
33293.000000
33193.000000
33094.000000
32995.000000
32896.000000
32797.000000
32692.000000
32594.000000
32495.000000
32396.000000
32296.000000
32197.000000
32097.000000
31997.000000
31898.000000
31794.000000
31694.000000
31595.000000
31495.000000
31394.000000
31293.000000
31193.000000
31091.000000
30990.000000
30890.000000
30788.000000
30688.000000
30588.000000
30489.000000
30389.000000
30289.000000
30190.000000
30088.000000
29988.000000
29888.000000
29788.000000
29688.000000
29588.000000
29487.000000
29389.000000
29290.000000
29190.000000
29090.000000
28991.000000
28889.000000
28789.000000
28690.000000
28584.000000
28486.000000
28388.000000
28289.000000
28190.000000
28091.000000
27991.000000
27891.000000
27791.000000
27691.000000
27590.000000
27491.000000
27390.000000
27291.000000
27190.000000
27089.000000
26988.000000
26887.000000
26786.000000
26685.000000
26584.000000
26485.000000
26385.000000
26286.000000
26182.000000
26083.000000
25981.000000
25881.000000
25782.000000
25681.000000
25581.000000
25481.000000
25381.000000
25283.000000
25183.000000
25085.000000
24983.000000
24885.000000
24785.000000
24686.000000
24587.000000
24483.000000
24384.000000
24286.000000
24188.000000
24088.000000
23988.000000
23888.000000
23788.000000
23687.000000
23587.000000
23486.000000
23388.000000
23285.000000
23185.000000
23083.000000
22982.000000
22880.000000
22779.000000
22679.000000
22578.000000
22478.000000
22379.000000
22279.000000
22180.000000
22080.000000
21980.000000
21878.000000
21778.000000
21678.000000
21578.000000
21478.000000
21379.000000
21278.000000
21180.000000
21080.000000
20981.000000
20880.000000
20782.000000
20683.000000
20583.000000
20481.000000
20377.000000
20279.000000
20180.000000
20081.000000
19981.000000
19882.000000
19782.000000
19683.000000
19582.000000
19483.000000
19381.000000
19283.000000
19182.000000
19081.000000
18980.000000
18878.000000
18777.000000
18676.000000
18576.000000
18476.000000
18375.000000
18277.000000
18177.000000
18078.000000
17977.000000
17877.000000
17774.000000
17678.000000
17576.000000
17476.000000
17376.000000
17277.000000
17176.000000
17077.000000
16977.000000
16878.000000
16777.000000
16679.000000
16580.000000
16480.000000
16381.000000
16276.000000
16179.000000
16081.000000
15981.000000
15881.000000
15782.000000
15682.000000
15583.000000
15481.000000
15381.000000
15280.000000
15182.000000
15082.000000
14983.000000
14880.000000
14779.000000
14678.000000
14578.000000
14477.000000
14377.000000
14277.000000
14179.000000
14081.000000
13982.000000
13882.000000
13782.000000
13681.000000
13579.000000
13479.000000
13378.000000
13277.000000
13178.000000
13076.000000
12978.000000
12878.000000
12778.000000
12677.000000
12577.000000
12479.000000
12378.000000
12280.000000
12176.000000
12080.000000
11981.000000
11882.000000
11782.000000
11681.000000
11581.000000
11482.000000
11381.000000
11281.000000
11180.000000
11082.000000
10981.000000
10881.000000
10779.000000
10677.000000
10575.000000
10474.000000
10373.000000
10273.000000
10173.000000
10074.000000
9974.000000
9874.000000
9774.000000
9673.000000
9573.000000
9472.000000
9373.000000
9273.000000
9173.000000
9074.000000
8974.000000
8875.000000
8776.000000
8677.000000
8575.000000
8476.000000
8377.000000
8278.000000
8178.000000
8075.000000
7977.000000
7877.000000
7779.000000
7679.000000
7579.000000
7478.000000
7378.000000
7278.000000
7178.000000
7078.000000
6979.000000
6879.000000
6778.000000
6677.000000
6576.000000
6474.000000
6373.000000
6271.000000
6172.000000
6072.000000
5972.000000
5872.000000
5773.000000
5673.000000
5573.000000
5470.000000
5370.000000
5271.000000
5171.000000
5072.000000
4973.000000
4874.000000
4776.000000
4677.000000
4579.000000
4479.000000
4383.000000
4287.000000
4190.000000
4094.000000
3993.000000
3900.000000
3804.000000
3710.000000
3615.000000
3522.000000
3427.000000
3332.000000
3237.000000
3143.000000
3048.000000
2954.000000
