2712.000000
2709.000000
2697.000000
2679.000000
2657.000000
2629.000000
2596.000000
2561.000000
2522.000000
2484.000000
2440.000000
2396.000000
2352.000000
2307.000000
2261.000000
2214.000000
2166.000000
2118.000000
2071.000000
2023.000000
982.000000
883.000000
783.000000
685.000000
586.000000
487.000000
386.000000
288.000000
190.000000
91.000000
-9.000000
-113.000000
-209.000000
-309.000000
-407.000000
-507.000000
-606.000000
-706.000000
-806.000000
-906.000000
-1007.000000
-1108.000000
-1206.000000
-1308.000000
-1408.000000
-1513.000000
-1615.000000
-1716.000000
-1816.000000
-1916.000000
-2017.000000
-2117.000000
-2216.000000
-2317.000000
-2415.000000
-2516.000000
-2615.000000
-2717.000000
-2817.000000
-2916.000000
-3017.000000
-3117.000000
-3217.000000
-3317.000000
-3415.000000
-3515.000000
-3614.000000
-3714.000000
-3813.000000
-3911.000000
-4012.000000
-4112.000000
-4215.000000
-4315.000000
-4414.000000
-4512.000000
-4611.000000
-4711.000000
-4811.000000
-4911.000000
-5012.000000
-5113.000000
-5214.000000
-5315.000000
-5415.000000
-5515.000000
-5616.000000
-5718.000000
-5818.000000
-5919.000000
-6021.000000
-6121.000000
-6220.000000
-6319.000000
-6420.000000
-6518.000000
-6619.000000
-6718.000000
-6819.000000
-6920.000000
-7020.000000
-7123.000000
-7223.000000
-7323.000000
-7423.000000
-7522.000000
-7621.000000
-7721.000000
-7821.000000
-7921.000000
-8019.000000
-8119.000000
-8220.000000
-8321.000000
-8419.000000
-8518.000000
-8616.000000
-8716.000000
-8816.000000
-8916.000000
-9015.000000
-9116.000000
-9217.000000
-9317.000000
-9416.000000
-9516.000000
-9617.000000
-9719.000000
-9821.000000
-9925.000000
-10026.000000
-10127.000000
-10226.000000
-10327.000000
-10425.000000
-10526.000000
-10624.000000
-10725.000000
-10825.000000
-10926.000000
-11027.000000
-11125.000000
-11226.000000
-11326.000000
-11425.000000
-11525.000000
-11625.000000
-11724.000000
-11824.000000
-11924.000000
-12023.000000
-12122.000000
-12222.000000
-12324.000000
-12424.000000
-12522.000000
-12621.000000
-12720.000000
-12819.000000
-12919.000000
-13021.000000
-13122.000000
-13221.000000
-13322.000000
-13422.000000
-13522.000000
-13622.000000
-13723.000000
-13824.000000
-13926.000000
-14027.000000
-14127.000000
-14228.000000
-14328.000000
-14428.000000
-14528.000000
-14629.000000
-14727.000000
-14828.000000
-14928.000000
-15028.000000
-15129.000000
-15228.000000
-15328.000000
-15428.000000
-15528.000000
-15628.000000
-15727.000000
-15826.000000
-15926.000000
-16026.000000
-16126.000000
-16227.000000
-16326.000000
-16430.000000
-16529.000000
-16628.000000
-16726.000000
-16825.000000
-16924.000000
-17024.000000
-17123.000000
-17224.000000
-17324.000000
-17425.000000
-17525.000000
-17624.000000
-17724.000000
-17825.000000
-17926.000000
-18028.000000
-18129.000000
-18230.000000
-18332.000000
-18432.000000
-18532.000000
-18631.000000
-18731.000000
-18830.000000
-18930.000000
-19031.000000
-19132.000000
-19232.000000
-19331.000000
-19434.000000
-19534.000000
-19633.000000
-19733.000000
-19832.000000
-19931.000000
-20032.000000
-20132.000000
-20231.000000
-20330.000000
-20429.000000
-20533.000000
-20632.000000
-20730.000000
-20828.000000
-20927.000000
-21027.000000
-21127.000000
-21226.000000
-21327.000000
-21426.000000
-21527.000000
-21626.000000
-21726.000000
-21827.000000
-21927.000000
-22029.000000
-22131.000000
-22232.000000
-22333.000000
-22437.000000
-22536.000000
-22636.000000
-22735.000000
-22836.000000
-22935.000000
-23036.000000
-23136.000000
-23237.000000
-23337.000000
-23436.000000
-23536.000000
-23636.000000
-23735.000000
-23835.000000
-23935.000000
-24034.000000
-24135.000000
-24234.000000
-24333.000000
-24432.000000
-24531.000000
-24636.000000
-24734.000000
-24833.000000
-24931.000000
-25031.000000
-25130.000000
-25229.000000
-25329.000000
-25429.000000
-25528.000000
-25630.000000
-25729.000000
-25832.000000
-25933.000000
-26033.000000
-26135.000000
-26237.000000
-26338.000000
-26438.000000
-26540.000000
-26640.000000
-26739.000000
-26839.000000
-26939.000000
-27039.000000
-27138.000000
-27239.000000
-27339.000000
-27439.000000
-27539.000000
-27639.000000
-27739.000000
-27838.000000
-27938.000000
-28037.000000
-28136.000000
-28236.000000
-28336.000000
-28435.000000
-28535.000000
-28634.000000
-28739.000000
-28837.000000
-28938.000000
-29038.000000
-29136.000000
-29235.000000
-29334.000000
-29434.000000
-29535.000000
-29635.000000
-29736.000000
-29835.000000
-29934.000000
-30035.000000
-30135.000000
-30236.000000
-30338.000000
-30440.000000
-30540.000000
-30642.000000
-30742.000000
-30841.000000
-30941.000000
-31041.000000
-31140.000000
-31240.000000
-31341.000000
-31442.000000
-31542.000000
-31642.000000
-31745.000000
-31845.000000
-31945.000000
-32043.000000
-32143.000000
-32242.000000
-32342.000000
-32442.000000
-32540.000000
-32640.000000
-32739.000000
-32844.000000
-32942.000000
-33040.000000
-33139.000000
-33238.000000
-33338.000000
-33438.000000
-33538.000000
-33638.000000
-33738.000000
-33839.000000
-33938.000000
-34038.000000
-34139.000000
-34239.000000
-34340.000000
-34442.000000
-34543.000000
-34647.000000
-34749.000000
-34848.000000
-34947.000000
-35047.000000
-35146.000000
-35247.000000
-35347.000000
-35448.000000
-35549.000000
-35649.000000
-35748.000000
-35848.000000
-35947.000000
-36048.000000
-36146.000000
-36246.000000
-36346.000000
-36446.000000
-36545.000000
-36643.000000
-36743.000000
-36842.000000
-36947.000000
-37045.000000
-37143.000000
-37243.000000
-37342.000000
-37441.000000
-37544.000000
-37643.000000
-37744.000000
-37844.000000
-37944.000000
-38045.000000
-38145.000000
-38245.000000
-38346.000000
-38447.000000
-38548.000000
-38649.000000
-38750.000000
-38850.000000
-38951.000000
-39051.000000
-39150.000000
-39250.000000
-39350.000000
-39450.000000
-39550.000000
-39651.000000
-39750.000000
-39850.000000
-39951.000000
-40050.000000
-40151.000000
-40249.000000
-40349.000000
-40451.000000
-40551.000000
-40650.000000
-40749.000000
-40848.000000
-40948.000000
-41052.000000
-41151.000000
-41249.000000
-41347.000000
-41447.000000
-41546.000000
-41646.000000
-41746.000000
-41847.000000
-41947.000000
-42049.000000
-42148.000000
-42248.000000
-42348.000000
-42448.000000
-42549.000000
-42651.000000
-42752.000000
-42853.000000
-42953.000000
-43054.000000
-43153.000000
-43253.000000
-43355.000000
-43455.000000
-43555.000000
-43656.000000
-43757.000000
-43857.000000
-43958.000000
-44057.000000
-44156.000000
-44257.000000
-44355.000000
-44454.000000
-44553.000000
-44654.000000
-44753.000000
-44852.000000
-44952.000000
-45051.000000
-45155.000000
-45252.000000
-45350.000000
-45449.000000
-45549.000000
-45649.000000
-45749.000000
-45848.000000
-45949.000000
-46049.000000
-46150.000000
-46249.000000
-46352.000000
-46453.000000
-46554.000000
-46655.000000
-46758.000000
-46858.000000
-46959.000000
-47059.000000
-47159.000000
-47258.000000
-47357.000000
-47457.000000
-47557.000000
-47658.000000
-47759.000000
-47859.000000
-47959.000000
-48058.000000
-48159.000000
-48258.000000
-48358.000000
-48458.000000
-48557.000000
-48657.000000
-48757.000000
-48856.000000
-48954.000000
-49053.000000
-49152.000000
-49256.000000
-49357.000000
-49456.000000
-49555.000000
-49655.000000
-49754.000000
-49854.000000
-49953.000000
-50054.000000
-50154.000000
-50255.000000
-50354.000000
-50455.000000
-50555.000000
-50657.000000
-50758.000000
-50860.000000
-50960.000000
-51061.000000
-51161.000000
-51261.000000
-51361.000000
-51461.000000
-51560.000000
-51660.000000
-51760.000000
-51861.000000
-51961.000000
-52064.000000
-52161.000000
-52264.000000
-52364.000000
-52464.000000
-52562.000000
-52660.000000
-52759.000000
-52860.000000
-52957.000000
-53056.000000
-53154.000000
-53253.000000
-53357.000000
-53453.000000
-53552.000000
-53648.000000
-53748.000000
-53847.000000
-53946.000000
-54046.000000
-54146.000000
-54246.000000
-54346.000000
-54445.000000
-54545.000000
-54644.000000
-54744.000000
-54844.000000
-54947.000000
-55047.000000
-55150.000000
-55251.000000
-55350.000000
-55448.000000
-55546.000000
-55645.000000
-55744.000000
-55842.000000
-55941.000000
-56040.000000
-56137.000000
-56234.000000
-56331.000000
-56427.000000
-56523.000000
-56618.000000
-56713.000000
-56810.000000
-56907.000000
-57004.000000
-57099.000000
-57196.000000
-57291.000000
-57392.000000
-57488.000000
-57749.000000
-57742.000000
-57717.000000
-57674.000000
-57618.000000
-57556.000000
-57491.000000
-57425.000000
-57352.000000
-57283.000000
-57213.000000
-57145.000000
-57075.000000
-57005.000000
-56936.000000
-56864.000000
-56794.000000
-56725.000000
-56654.000000
-56583.000000
-56441.000000
-56227.000000
-56014.000000
-55806.000000
-55597.000000
-55386.000000
-55176.000000
-54966.000000
-54756.000000
-54540.000000
-54328.000000
-54113.000000
-53903.000000
-53693.000000
-53485.000000
-53273.000000
-53061.000000
-52855.000000
-52646.000000
-52438.000000
-52230.000000
-52020.000000
-51811.000000
-51601.000000
-51392.000000
-51182.000000
-50971.000000
-50761.000000
-50545.000000
-50333.000000
-50120.000000
-49908.000000
-49698.000000
-49490.000000
-49281.000000
-49067.000000
-48858.000000
-48648.000000
-48441.000000
-48233.000000
-48024.000000
-47815.000000
-47606.000000
-47398.000000
-47188.000000
-46978.000000
-46767.000000
-46556.000000
-46340.000000
-46127.000000
-45915.000000
-45704.000000
-45494.000000
-45286.000000
-45074.000000
-44863.000000
-44654.000000
-44444.000000
-44238.000000
-44030.000000
-43821.000000
-43611.000000
-43403.000000
-43193.000000
-42982.000000
-42772.000000
-42563.000000
-42352.000000
-42135.000000
-41921.000000
-41709.000000
-41499.000000
-41291.000000
-41084.000000
-40869.000000
-40659.000000
-40450.000000
-40243.000000
-40035.000000
-39826.000000
-39617.000000
-39408.000000
-39200.000000
-38989.000000
-38778.000000
-38569.000000
-38353.000000
-38141.000000
-37929.000000
-37716.000000
-37505.000000
-37295.000000
-37087.000000
-36874.000000
-36664.000000
-36455.000000
-36245.000000
-36038.000000
-35830.000000
-35621.000000
-35411.000000
-35203.000000
-34995.000000
-34784.000000
-34569.000000
-34358.000000
-34148.000000
-33936.000000
-33721.000000
-33510.000000
-33302.000000
-33197.000000
-33181.000000
-33177.000000
-33178.000000
-33180.000000
-33193.000000
-33211.000000
-33234.000000
-33262.000000
-33294.000000
-33331.000000
-33368.000000
-33408.000000
-33450.000000
-33492.000000
-33537.000000
-33583.000000
-33629.000000
-33675.000000
-33721.000000
-33770.000000
-33818.000000
-33867.000000
-34911.000000
-35010.000000
-35110.000000
-35209.000000
-35310.000000
-35409.000000
-35509.000000
-35609.000000
-35707.000000
-35807.000000
-35906.000000
-36006.000000
-36105.000000
-36205.000000
-36304.000000
-36404.000000
-36504.000000
-36604.000000
-36702.000000
-36802.000000
-36904.000000
-37005.000000
-37103.000000
-37202.000000
-37302.000000
-37401.000000
-37501.000000
-37600.000000
-37700.000000
-37800.000000
-37904.000000
-38004.000000
-38104.000000
-38204.000000
-38305.000000
-38406.000000
-38508.000000
-38609.000000
-38710.000000
-38811.000000
-38911.000000
-39011.000000
-39110.000000
-39211.000000
-39310.000000
-39411.000000
-39510.000000
-39611.000000
-39711.000000
-39810.000000
-39911.000000
-40010.000000
-40109.000000
-40209.000000
-40309.000000
-40408.000000
-40508.000000
-40608.000000
-40706.000000
-40805.000000
-40908.000000
-41012.000000
-41111.000000
-41209.000000
-41308.000000
-41407.000000
-41506.000000
-41606.000000
-41705.000000
-41806.000000
-41906.000000
-42007.000000
-42107.000000
-42207.000000
-42308.000000
-42407.000000
-42509.000000
-42610.000000
-42711.000000
-42813.000000
-42914.000000
-43014.000000
-43114.000000
-43213.000000
-43313.000000
-43412.000000
-43513.000000
-43612.000000
-43713.000000
-43814.000000
-43913.000000
-44014.000000
-44113.000000
-44211.000000
-44311.000000
-44411.000000
-44509.000000
-44613.000000
-44713.000000
-44809.000000
-44911.000000
-45010.000000
-45115.000000
-45213.000000
-45311.000000
-45410.000000
-45509.000000
-45609.000000
-45709.000000
-45809.000000
-45909.000000
-46009.000000
-46110.000000
-46209.000000
-46309.000000
-46409.000000
-46510.000000
-46611.000000
-46714.000000
-46814.000000
-46915.000000
-47017.000000
-47116.000000
-47216.000000
-47315.000000
-47416.000000
-47515.000000
-47616.000000
-47716.000000
-47817.000000
-47917.000000
-48016.000000
-48116.000000
-48216.000000
-48314.000000
-48414.000000
-48516.000000
-48616.000000
-48716.000000
-48815.000000
-48914.000000
-49013.000000
-49112.000000
-49217.000000
-49314.000000
-49413.000000
-49512.000000
-49612.000000
-49711.000000
-49811.000000
-49910.000000
-50011.000000
-50110.000000
-50211.000000
-50311.000000
-50411.000000
-50512.000000
-50612.000000
-50713.000000
-50815.000000
-50916.000000
-51016.000000
-51118.000000
-51218.000000
-51318.000000
-51418.000000
-51518.000000
-51617.000000
-51717.000000
-51821.000000
-51921.000000
-52022.000000
-52121.000000
-52221.000000
-52321.000000
-52421.000000
-52519.000000
-52618.000000
-52717.000000
-52817.000000
-52917.000000
-53015.000000
-53115.000000
-53214.000000
-53320.000000
-53418.000000
-53516.000000
-53615.000000
-53714.000000
-53813.000000
-53913.000000
-54012.000000
-54112.000000
-54213.000000
-54313.000000
-54413.000000
-54512.000000
-54612.000000
-54712.000000
-54814.000000
-54919.000000
-55021.000000
-55120.000000
-55222.000000
-55321.000000
-55420.000000
-55520.000000
-55618.000000
-55719.000000
-55819.000000
-55920.000000
-56020.000000
-56120.000000
-56219.000000
-56318.000000
-56416.000000
-56515.000000
-56612.000000
-56709.000000
-56808.000000
-56906.000000
-57004.000000
-57100.000000
-57196.000000
-57292.000000
-57392.000000
-57487.000000
-57581.000000
-57677.000000
-57771.000000
-57865.000000
-57960.000000
-58054.000000
-58148.000000
-58246.000000
-58340.000000
-58434.000000
-58666.000000
-58661.000000
-58638.000000
-58598.000000
-58544.000000
-58486.000000
-58424.000000
-58360.000000
-58296.000000
-58232.000000
-58166.000000
-58101.000000
-58034.000000
-57968.000000
-57901.000000
-57830.000000
-57762.000000
-57695.000000
-57626.000000
-57558.000000
-57425.000000
-57209.000000
-56997.000000
-56782.000000
-56569.000000
-56355.000000
-56134.000000
-55919.000000
-55705.000000
-55491.000000
-55278.000000
-55063.000000
-54846.000000
-54632.000000
-54418.000000
-54202.000000
-53988.000000
-53773.000000
-53559.000000
-53347.000000
-53132.000000
-52923.000000
-52713.000000
-52506.000000
-52298.000000
-52088.000000
-51879.000000
-51671.000000
-51459.000000
-51249.000000
-51038.000000
-50829.000000
-50617.000000
-50406.000000
-50193.000000
-49979.000000
-49769.000000
-49560.000000
-49351.000000
-49138.000000
-48928.000000
-48720.000000
-48511.000000
-48302.000000
-48094.000000
-47886.000000
-47676.000000
-47467.000000
-47259.000000
-47049.000000
-46839.000000
-46628.000000
-46417.000000
-46200.000000
-45987.000000
-45775.000000
-45566.000000
-45357.000000
-45149.000000
-44933.000000
-44724.000000
-44515.000000
-44307.000000
-44100.000000
-43890.000000
-43681.000000
-43473.000000
-43266.000000
-43055.000000
-42843.000000
-42633.000000
-42423.000000
-42211.000000
-41999.000000
-41785.000000
-41571.000000
-41361.000000
-41153.000000
-40939.000000
-40729.000000
-40521.000000
-40313.000000
-40104.000000
-39896.000000
-39687.000000
-39478.000000
-39270.000000
-39060.000000
-38849.000000
-38639.000000
-38429.000000
-38219.000000
-38006.000000
-37792.000000
-37581.000000
-37371.000000
-37162.000000
-36955.000000
-36740.000000
-36526.000000
-36317.000000
-36108.000000
-35900.000000
-35691.000000
-35482.000000
-35273.000000
-35066.000000
-34856.000000
-34644.000000
-34435.000000
-34225.000000
-34117.000000
-34099.000000
-34096.000000
-34096.000000
-34101.000000
-34113.000000
-34129.000000
-34152.000000
-34180.000000
-34211.000000
-34248.000000
-34285.000000
-34325.000000
-34366.000000
-34410.000000
-34454.000000
-34499.000000
-34545.000000
-34592.000000
-34639.000000
-34687.000000
-34736.000000
-34783.000000
-35822.000000
-35921.000000
-36019.000000
-36119.000000
-36219.000000
-36317.000000
-36418.000000
-36518.000000
-36616.000000
-36716.000000
-36815.000000
-36920.000000
-37018.000000
-37116.000000
-37216.000000
-37318.000000
-37417.000000
-37517.000000
-37616.000000
-37717.000000
-37816.000000
-37917.000000
-38017.000000
-38117.000000
-38218.000000
-38318.000000
-38420.000000
-38522.000000
-38622.000000
-38723.000000
-38825.000000
-38924.000000
-39024.000000
-39123.000000
-39224.000000
-39323.000000
-39424.000000
-39524.000000
-39624.000000
-39725.000000
-39823.000000
-39924.000000
-40023.000000
-40123.000000
-40222.000000
-40321.000000
-40421.000000
-40520.000000
-40621.000000
-40719.000000
-40819.000000
-40918.000000
-41026.000000
-41124.000000
-41222.000000
-41321.000000
-41420.000000
-41518.000000
-41619.000000
-41718.000000
-41819.000000
-41919.000000
-42020.000000
-42120.000000
-42219.000000
-42320.000000
-42420.000000
-42521.000000
-42623.000000
-42724.000000
-42825.000000
-42927.000000
-43026.000000
-43126.000000
-43225.000000
-43326.000000
-43425.000000
-43525.000000
-43626.000000
-43726.000000
-43827.000000
-43926.000000
-44030.000000
-44129.000000
-44229.000000
-44327.000000
-44426.000000
-44526.000000
-44626.000000
-44726.000000
-44825.000000
-44924.000000
-45023.000000
-45128.000000
-45226.000000
-45324.000000
-45423.000000
-45522.000000
-45622.000000
-45722.000000
-45821.000000
-45921.000000
-46022.000000
-46122.000000
-46222.000000
-46321.000000
-46421.000000
-46522.000000
-46624.000000
-46726.000000
-46827.000000
-46931.000000
-47032.000000
-47132.000000
-47232.000000
-47331.000000
-47431.000000
-47531.000000
-47631.000000
-47732.000000
-47833.000000
-47933.000000
-48032.000000
-48132.000000
-48231.000000
-48331.000000
-48430.000000
-48529.000000
-48629.000000
-48729.000000
-48828.000000
-48927.000000
-49025.000000
-49124.000000
-49229.000000
-49327.000000
-49426.000000
-49525.000000
-49625.000000
-49724.000000
-49824.000000
-49924.000000
-50023.000000
-50127.000000
-50227.000000
-50327.000000
-50427.000000
-50528.000000
-50629.000000
-50729.000000
-50831.000000
-50931.000000
-51032.000000
-51134.000000
-51233.000000
-51334.000000
-51433.000000
-51533.000000
-51633.000000
-51733.000000
-51834.000000
-51934.000000
-52034.000000
-52134.000000
-52234.000000
-52334.000000
-52434.000000
-52532.000000
-52631.000000
-52730.000000
-52830.000000
-52929.000000
-53028.000000
-53128.000000
-53227.000000
-53332.000000
-53433.000000
-53532.000000
-53631.000000
-53730.000000
-53829.000000
-53929.000000
-54029.000000
-54129.000000
-54229.000000
-54330.000000
-54429.000000
-54529.000000
-54629.000000
-54730.000000
-54830.000000
-54931.000000
-55032.000000
-55133.000000
-55234.000000
-55334.000000
-55433.000000
-55533.000000
-55632.000000
-55732.000000
-55832.000000
-55934.000000
-56034.000000
-56134.000000
-56234.000000
-56333.000000
-56432.000000
-56532.000000
-56630.000000
-56732.000000
-56832.000000
-56932.000000
-57030.000000
-57130.000000
-57229.000000
-57328.000000
-57433.000000
-57531.000000
-57630.000000
-57729.000000
-57828.000000
-57928.000000
-58027.000000
-58127.000000
-58227.000000
-58327.000000
-58426.000000
-58524.000000
-58623.000000
-58723.000000
-58824.000000
-58924.000000
-59026.000000
-59126.000000
-59226.000000
-59326.000000
-59423.000000
-59521.000000
-59619.000000
-59721.000000
-59821.000000
-59921.000000
-60021.000000
-60121.000000
-60220.000000
-60319.000000
-60418.000000
-60518.000000
-60618.000000
-60717.000000
-60816.000000
-60916.000000
-61017.000000
-61118.000000
-61217.000000
-61317.000000
-61416.000000
-61521.000000
-61620.000000
-61719.000000
-61818.000000
-61916.000000
-62015.000000
-62114.000000
-62212.000000
-62311.000000
-62410.000000
-62512.000000
-62610.000000
-62708.000000
-62807.000000
-62903.000000
-63002.000000
-63100.000000
-63197.000000
-63294.000000
-63391.000000
-63487.000000
-63582.000000
-63677.000000
-63772.000000
-63865.000000
-63959.000000
-64052.000000
