68237.000000
68233.000000
68221.000000
68203.000000
68180.000000
68150.000000
68119.000000
68085.000000
68048.000000
68008.000000
67967.000000
67924.000000
67880.000000
67835.000000
67789.000000
67743.000000
67695.000000
67648.000000
67601.000000
67553.000000
66510.000000
66410.000000
66310.000000
66212.000000
66112.000000
66013.000000
65913.000000
65814.000000
65717.000000
65618.000000
65518.000000
65414.000000
65318.000000
65218.000000
65120.000000
65021.000000
64921.000000
64822.000000
64722.000000
64622.000000
64518.000000
64417.000000
64318.000000
64217.000000
64117.000000
64015.000000
63914.000000
63813.000000
63712.000000
63611.000000
63511.000000
63412.000000
63312.000000
63211.000000
63111.000000
63009.000000
62910.000000
62809.000000
62708.000000
62609.000000
62509.000000
62406.000000
62306.000000
62207.000000
62107.000000
62009.000000
61909.000000
61810.000000
61711.000000
61612.000000
61512.000000
61411.000000
61309.000000
61212.000000
61113.000000
61014.000000
60916.000000
60815.000000
60716.000000
60616.000000
60515.000000
60413.000000
60310.000000
60211.000000
60111.000000
60011.000000
59909.000000
59807.000000
59706.000000
59605.000000
59504.000000
59403.000000
59304.000000
59205.000000
59104.000000
59006.000000
58906.000000
58806.000000
58705.000000
58604.000000
58505.000000
58404.000000
58304.000000
58202.000000
58102.000000
58002.000000
57903.000000
57803.000000
57703.000000
57603.000000
57505.000000
57406.000000
57303.000000
57203.000000
57106.000000
57007.000000
56908.000000
56809.000000
56708.000000
56609.000000
56508.000000
56409.000000
56308.000000
56205.000000
56105.000000
56005.000000
55905.000000
55803.000000
55700.000000
55600.000000
55498.000000
55397.000000
55298.000000
55199.000000
55100.000000
54999.000000
54900.000000
54799.000000
54699.000000
54598.000000
54498.000000
54399.000000
54295.000000
54196.000000
54096.000000
53996.000000
53896.000000
53797.000000
53697.000000
53597.000000
53498.000000
53400.000000
53301.000000
53198.000000
53098.000000
52999.000000
52900.000000
52801.000000
52702.000000
52602.000000
52503.000000
52402.000000
52303.000000
52199.000000
52099.000000
52000.000000
51898.000000
51799.000000
51697.000000
51595.000000
51494.000000
51393.000000
51292.000000
51193.000000
51093.000000
50994.000000
50893.000000
50794.000000
50693.000000
50593.000000
50493.000000
50392.000000
50293.000000
50190.000000
50090.000000
49990.000000
49890.000000
49791.000000
49692.000000
49592.000000
49492.000000
49394.000000
49294.000000
49194.000000
49090.000000
48991.000000
48893.000000
48794.000000
48695.000000
48597.000000
48497.000000
48397.000000
48294.000000
48194.000000
48093.000000
47993.000000
47894.000000
47793.000000
47693.000000
47592.000000
47489.000000
47389.000000
47288.000000
47186.000000
47086.000000
46986.000000
46887.000000
46787.000000
46688.000000
46589.000000
46487.000000
46387.000000
46282.000000
46183.000000
46083.000000
45983.000000
45883.000000
45784.000000
45686.000000
45586.000000
45486.000000
45387.000000
45288.000000
45188.000000
45089.000000
44984.000000
44883.000000
44788.000000
44689.000000
44590.000000
44491.000000
44388.000000
44291.000000
44187.000000
44087.000000
43987.000000
43888.000000
43788.000000
43687.000000
43587.000000
43486.000000
43383.000000
43282.000000
43182.000000
43080.000000
42982.000000
42882.000000
42783.000000
42683.000000
42582.000000
42483.000000
42378.000000
42278.000000
42177.000000
42078.000000
41978.000000
41878.000000
41779.000000
41679.000000
41580.000000
41480.000000
41380.000000
41281.000000
41182.000000
41083.000000
40983.000000
40879.000000
40781.000000
40682.000000
40583.000000
40484.000000
40381.000000
40281.000000
40182.000000
40081.000000
39981.000000
39881.000000
39781.000000
39681.000000
39581.000000
39480.000000
39379.000000
39277.000000
39177.000000
39076.000000
38975.000000
38875.000000
38775.000000
38676.000000
38576.000000
38476.000000
38376.000000
38272.000000
38171.000000
38072.000000
37972.000000
37871.000000
37771.000000
37671.000000
37572.000000
37473.000000
37374.000000
37273.000000
37175.000000
37076.000000
36977.000000
36878.000000
36773.000000
36675.000000
36576.000000
36478.000000
36378.000000
36276.000000
36176.000000
36076.000000
35976.000000
35875.000000
35774.000000
35676.000000
35575.000000
35475.000000
35374.000000
35273.000000
35171.000000
35071.000000
34970.000000
34869.000000
34769.000000
34670.000000
34570.000000
34471.000000
34367.000000
34267.000000
34166.000000
34065.000000
33966.000000
33865.000000
33765.000000
33665.000000
33565.000000
33467.000000
33367.000000
33269.000000
33167.000000
33069.000000
32969.000000
32870.000000
32771.000000
32667.000000
32570.000000
32471.000000
32372.000000
32269.000000
32169.000000
32070.000000
31970.000000
31869.000000
31769.000000
31668.000000
31570.000000
31469.000000
31369.000000
31267.000000
31165.000000
31064.000000
30963.000000
30862.000000
30762.000000
30663.000000
30564.000000
30463.000000
30365.000000
30263.000000
30160.000000
30059.000000
29958.000000
29859.000000
29759.000000
29659.000000
29560.000000
29459.000000
29361.000000
29261.000000
29162.000000
29061.000000
28963.000000
28864.000000
28765.000000
28666.000000
28561.000000
28464.000000
28365.000000
28266.000000
28166.000000
28063.000000
27963.000000
27864.000000
27764.000000
27664.000000
27562.000000
27464.000000
27363.000000
27262.000000
27160.000000
27059.000000
26958.000000
26857.000000
26757.000000
26656.000000
26556.000000
26457.000000
26353.000000
26255.000000
26154.000000
26055.000000
25954.000000
25853.000000
25754.000000
25654.000000
25554.000000
25454.000000
25353.000000
25255.000000
25155.000000
25057.000000
24957.000000
24857.000000
24759.000000
24659.000000
24559.000000
24452.000000
24355.000000
24256.000000
24158.000000
24059.000000
23959.000000
23859.000000
23759.000000
23658.000000
23558.000000
23457.000000
23357.000000
23258.000000
23157.000000
23056.000000
22954.000000
22850.000000
22749.000000
22647.000000
22547.000000
22447.000000
22349.000000
22248.000000
22150.000000
22049.000000
21950.000000
21849.000000
21748.000000
21648.000000
21548.000000
21447.000000
21349.000000
21248.000000
21149.000000
21047.000000
20947.000000
20847.000000
20747.000000
20649.000000
20549.000000
20447.000000
20347.000000
20249.000000
20151.000000
20052.000000
19953.000000
19852.000000
19752.000000
19653.000000
19552.000000
19451.000000
19351.000000
19249.000000
19149.000000
19048.000000
18946.000000
18844.000000
18743.000000
18642.000000
18540.000000
18441.000000
18341.000000
18242.000000
18143.000000
18043.000000
17943.000000
17843.000000
17743.000000
17642.000000
17544.000000
17441.000000
17340.000000
17241.000000
17142.000000
17041.000000
16943.000000
16843.000000
16743.000000
16643.000000
16545.000000
16446.000000
16343.000000
16244.000000
16145.000000
16046.000000
15947.000000
15848.000000
15746.000000
15646.000000
15547.000000
15448.000000
15346.000000
15247.000000
15147.000000
15047.000000
14946.000000
14845.000000
14744.000000
14644.000000
14544.000000
14442.000000
14343.000000
14244.000000
14142.000000
14041.000000
13943.000000
13843.000000
13744.000000
13643.000000
13543.000000
13444.000000
13345.000000
13244.000000
13145.000000
13045.000000
12946.000000
12847.000000
12747.000000
12647.000000
12548.000000
12449.000000
12347.000000
12241.000000
12141.000000
12042.000000
11943.000000
11845.000000
11745.000000
11645.000000
11545.000000
11444.000000
11345.000000
11243.000000
11144.000000
11044.000000
10945.000000
10844.000000
10740.000000
10638.000000
10537.000000
10436.000000
10335.000000
10236.000000
10136.000000
10037.000000
9937.000000
9838.000000
9738.000000
9639.000000
9538.000000
9438.000000
9339.000000
9241.000000
9143.000000
9042.000000
8944.000000
8845.000000
8748.000000
8648.000000
8549.000000
8451.000000
8353.000000
8255.000000
8153.000000
8054.000000
7958.000000
7860.000000
7762.000000
7662.000000
7563.000000
7463.000000
7363.000000
7260.000000
7159.000000
7060.000000
6960.000000
6860.000000
6759.000000
6657.000000
6555.000000
6453.000000
6352.000000
6249.000000
6149.000000
6050.000000
5950.000000
5849.000000
5749.000000
5648.000000
5548.000000
5443.000000
5343.000000
5243.000000
5142.000000
5043.000000
4944.000000
4844.000000
4743.000000
4645.000000
4544.000000
4444.000000
4345.000000
4246.000000
4146.000000
4041.000000
3943.000000
3845.000000
3742.000000
3643.000000
3542.000000
3442.000000
3342.000000
3242.000000
3143.000000
3043.000000
2946.000000
2849.000000
2751.000000
2654.000000
2556.000000
2457.000000
2360.000000
2263.000000
2166.000000
2068.000000
1974.000000
1880.000000
1784.000000
1691.000000
1596.000000
1503.000000
