372.000000
369.000000
357.000000
339.000000
317.000000
288.000000
256.000000
220.000000
183.000000
143.000000
102.000000
59.000000
15.000000
-34.000000
-82.000000
-128.000000
-174.000000
-220.000000
-268.000000
-316.000000
-1357.000000
-1455.000000
-1557.000000
-1658.000000
-1760.000000
-1860.000000
-1962.000000
-2062.000000
-2161.000000
-2261.000000
-2361.000000
-2461.000000
-2561.000000
-2664.000000
-2764.000000
-2865.000000
-2965.000000
-3065.000000
-3164.000000
-3263.000000
-3362.000000
-3461.000000
-3560.000000
-3660.000000
-3759.000000
-3857.000000
-3957.000000
-4057.000000
-4162.000000
-4260.000000
-4358.000000
-4457.000000
-4555.000000
-4655.000000
-4754.000000
-4857.000000
-4957.000000
-5058.000000
-5158.000000
-5257.000000
-5357.000000
-5457.000000
-5557.000000
-5659.000000
-5761.000000
-5863.000000
-5963.000000
-6065.000000
-6165.000000
-6264.000000
-6364.000000
-6463.000000
-6562.000000
-6662.000000
-6766.000000
-6868.000000
-6968.000000
-7067.000000
-7168.000000
-7267.000000
-7367.000000
-7465.000000
-7565.000000
-7664.000000
-7764.000000
-7864.000000
-7963.000000
-8063.000000
-8161.000000
-8266.000000
-8364.000000
-8462.000000
-8561.000000
-8660.000000
-8760.000000
-8863.000000
-8963.000000
-9063.000000
-9163.000000
-9263.000000
-9362.000000
-9462.000000
-9563.000000
-9663.000000
-9765.000000
-9867.000000
-9968.000000
-10069.000000
-10170.000000
-10270.000000
-10369.000000
-10468.000000
-10567.000000
-10668.000000
-10768.000000
-10869.000000
-10970.000000
-11073.000000
-11173.000000
-11273.000000
-11372.000000
-11472.000000
-11571.000000
-11671.000000
-11771.000000
-11870.000000
-11969.000000
-12069.000000
-12168.000000
-12267.000000
-12371.000000
-12470.000000
-12568.000000
-12668.000000
-12767.000000
-12866.000000
-12966.000000
-13065.000000
-13169.000000
-13269.000000
-13369.000000
-13469.000000
-13569.000000
-13670.000000
-13770.000000
-13871.000000
-13973.000000
-14073.000000
-14174.000000
-14274.000000
-14374.000000
-14474.000000
-14574.000000
-14674.000000
-14773.000000
-14874.000000
-14974.000000
-15075.000000
-15174.000000
-15275.000000
-15379.000000
-15478.000000
-15579.000000
-15677.000000
-15776.000000
-15875.000000
-15976.000000
-16074.000000
-16173.000000
-16273.000000
-16372.000000
-16477.000000
-16575.000000
-16673.000000
-16771.000000
-16872.000000
-16971.000000
-17071.000000
-17170.000000
-17271.000000
-17372.000000
-17473.000000
-17571.000000
-17674.000000
-17774.000000
-17875.000000
-17976.000000
-18078.000000
-18179.000000
-18280.000000
-18380.000000
-18481.000000
-18580.000000
-18679.000000
-18779.000000
-18880.000000
-18980.000000
-19081.000000
-19182.000000
-19281.000000
-19382.000000
-19482.000000
-19581.000000
-19681.000000
-19780.000000
-19879.000000
-19978.000000
-20082.000000
-20181.000000
-20281.000000
-20380.000000
-20479.000000
-20583.000000
-20680.000000
-20779.000000
-20877.000000
-20978.000000
-21077.000000
-21177.000000
-21277.000000
-21377.000000
-21478.000000
-21578.000000
-21677.000000
-21777.000000
-21877.000000
-21979.000000
-22081.000000
-22182.000000
-22286.000000
-22387.000000
-22487.000000
-22586.000000
-22686.000000
-22786.000000
-22885.000000
-22985.000000
-23085.000000
-23187.000000
-23287.000000
-23387.000000
-23487.000000
-23587.000000
-23686.000000
-23787.000000
-23885.000000
-23985.000000
-24084.000000
-24185.000000
-24283.000000
-24383.000000
-24481.000000
-24580.000000
-24684.000000
-24784.000000
-24883.000000
-24982.000000
-25082.000000
-25180.000000
-25280.000000
-25380.000000
-25479.000000
-25580.000000
-25680.000000
-25779.000000
-25880.000000
-25980.000000
-26082.000000
-26183.000000
-26285.000000
-26385.000000
-26486.000000
-26587.000000
-26687.000000
-26787.000000
-26886.000000
-26989.000000
-27089.000000
-27189.000000
-27291.000000
-27391.000000
-27490.000000
-27590.000000
-27691.000000
-27791.000000
-27891.000000
-27990.000000
-28089.000000
-28188.000000
-28289.000000
-28388.000000
-28487.000000
-28587.000000
-28687.000000
-28791.000000
-28888.000000
-28987.000000
-29088.000000
-29187.000000
-29287.000000
-29387.000000
-29487.000000
-29588.000000
-29689.000000
-29789.000000
-29887.000000
-29988.000000
-30088.000000
-30189.000000
-30291.000000
-30392.000000
-30493.000000
-30594.000000
-30695.000000
-30795.000000
-30894.000000
-30994.000000
-31093.000000
-31193.000000
-31296.000000
-31397.000000
-31498.000000
-31598.000000
-31698.000000
-31798.000000
-31898.000000
-31998.000000
-32096.000000
-32195.000000
-32295.000000
-32395.000000
-32494.000000
-32593.000000
-32694.000000
-32794.000000
-32897.000000
-32994.000000
-33092.000000
-33191.000000
-33290.000000
-33391.000000
-33490.000000
-33591.000000
-33694.000000
-33796.000000
-33895.000000
-33994.000000
-34095.000000
-34195.000000
-34297.000000
-34399.000000
-34500.000000
-34601.000000
-34702.000000
-34801.000000
-34901.000000
-35000.000000
-35101.000000
-35200.000000
-35301.000000
-35400.000000
-35501.000000
-35601.000000
-35700.000000
-35800.000000
-35900.000000
-36000.000000
-36102.000000
-36202.000000
-36301.000000
-36402.000000
-36502.000000
-36601.000000
-36699.000000
-36800.000000
-36901.000000
-37002.000000
-37100.000000
-37199.000000
-37299.000000
-37398.000000
-37498.000000
-37596.000000
-37697.000000
-37797.000000
-37898.000000
-37998.000000
-38098.000000
-38198.000000
-38298.000000
-38403.000000
-38506.000000
-38606.000000
-38707.000000
-38808.000000
-38908.000000
-39008.000000
-39107.000000
-39208.000000
-39306.000000
-39407.000000
-39507.000000
-39608.000000
-39708.000000
-39807.000000
-39907.000000
-40006.000000
-40106.000000
-40206.000000
-40305.000000
-40405.000000
-40504.000000
-40604.000000
-40703.000000
-40802.000000
-40902.000000
-41009.000000
-41109.000000
-41207.000000
-41305.000000
-41404.000000
-41502.000000
-41603.000000
-41702.000000
-41803.000000
-41902.000000
-42003.000000
-42103.000000
-42202.000000
-42301.000000
-42401.000000
-42502.000000
-42604.000000
-42703.000000
-42803.000000
-42904.000000
-43003.000000
-43103.000000
-43204.000000
-43304.000000
-43402.000000
-43502.000000
-43602.000000
-43702.000000
-43802.000000
-43901.000000
-44001.000000
-44101.000000
-44199.000000
-44299.000000
-44398.000000
-44497.000000
-44597.000000
-44696.000000
-44796.000000
-44894.000000
-44994.000000
-45096.000000
-45195.000000
-45293.000000
-45389.000000
-45491.000000
-45589.000000
-45688.000000
-45787.000000
-45885.000000
-45984.000000
-46083.000000
-46181.000000
-46278.000000
-46375.000000
-46473.000000
-46571.000000
-46670.000000
-46768.000000
-46865.000000
-46962.000000
-47058.000000
-47154.000000
-47250.000000
-47345.000000
-47443.000000
-47538.000000
-47633.000000
-47728.000000
-47964.000000
-47959.000000
-47936.000000
-47897.000000
-47843.000000
-47784.000000
-47718.000000
-47659.000000
-47597.000000
-47530.000000
-47466.000000
-47404.000000
-47338.000000
-47274.000000
-47210.000000
-47144.000000
-47078.000000
-47012.000000
-46944.000000
-46876.000000
-46740.000000
-46533.000000
-46324.000000
-46115.000000
-45901.000000
-45687.000000
-45474.000000
-45262.000000
-45044.000000
-44830.000000
-44615.000000
-44402.000000
-44188.000000
-43975.000000
-43761.000000
-43541.000000
-43329.000000
-43116.000000
-42903.000000
-42686.000000
-42471.000000
-42258.000000
-42045.000000
-41830.000000
-41614.000000
-41401.000000
-41187.000000
-40969.000000
-40754.000000
-40541.000000
-40331.000000
-40118.000000
-39910.000000
-39701.000000
-39491.000000
-39282.000000
-39072.000000
-38862.000000
-38650.000000
-38441.000000
-38230.000000
-38018.000000
-37804.000000
-37593.000000
-37381.000000
-37173.000000
-36962.000000
-36747.000000
-36538.000000
-36329.000000
-36122.000000
-35915.000000
-35705.000000
-35496.000000
-35287.000000
-35079.000000
-34868.000000
-34658.000000
-34447.000000
-34235.000000
-34025.000000
-33813.000000
-33594.000000
-33384.000000
-33174.000000
-32966.000000
-32752.000000
-32543.000000
-32334.000000
-32126.000000
-31918.000000
-31711.000000
-31501.000000
-31291.000000
-31082.000000
-30874.000000
-30663.000000
-30453.000000
-30238.000000
-30027.000000
-29814.000000
-29600.000000
-29389.000000
-29180.000000
-28971.000000
-28764.000000
-28547.000000
-28338.000000
-28129.000000
-27922.000000
-27715.000000
-27506.000000
-27297.000000
-27089.000000
-26875.000000
-26664.000000
-26453.000000
-26244.000000
-26032.000000
-25821.000000
-25609.000000
-25395.000000
-25185.000000
-24975.000000
-24768.000000
-24553.000000
-24343.000000
-24136.000000
-23929.000000
-23721.000000
-23514.000000
-23409.000000
-23395.000000
-23393.000000
-23393.000000
-23397.000000
-23409.000000
-23427.000000
-23451.000000
-23480.000000
-23511.000000
-23547.000000
-23585.000000
-23624.000000
-23666.000000
-23708.000000
-23753.000000
-23799.000000
-23844.000000
-23891.000000
-23937.000000
-23985.000000
-24032.000000
-24080.000000
-25116.000000
-25215.000000
-25315.000000
-25414.000000
-25513.000000
-25614.000000
-25713.000000
-25813.000000
-25915.000000
-26016.000000
-26117.000000
-26219.000000
-26320.000000
-26420.000000
-26522.000000
-26621.000000
-26721.000000
-26821.000000
-26921.000000
-27020.000000
-27121.000000
-27220.000000
-27321.000000
-27421.000000
-27521.000000
-27621.000000
-27720.000000
-27820.000000
-27919.000000
-28019.000000
-28117.000000
-28218.000000
-28321.000000
-28420.000000
-28519.000000
-28618.000000
-28723.000000
-28822.000000
-28920.000000
-29019.000000
-29117.000000
-29217.000000
-29316.000000
-29416.000000
-29516.000000
-29615.000000
-29717.000000
-29816.000000
-29916.000000
-30017.000000
-30116.000000
-30218.000000
-30320.000000
-30421.000000
-30522.000000
-30627.000000
-30727.000000
-30826.000000
-30926.000000
-31026.000000
-31125.000000
-31226.000000
-31325.000000
-31427.000000
-31527.000000
-31627.000000
-31727.000000
-31826.000000
-31925.000000
-32024.000000
-32125.000000
-32223.000000
-32323.000000
-32423.000000
-32522.000000
-32622.000000
-32721.000000
-32826.000000
-32924.000000
-33021.000000
-33121.000000
-33220.000000
-33323.000000
-33423.000000
-33523.000000
-33624.000000
-33722.000000
-33823.000000
-33923.000000
-34022.000000
-34123.000000
-34223.000000
-34325.000000
-34427.000000
-34528.000000
-34629.000000
-34731.000000
-34830.000000
-34929.000000
-35028.000000
-35129.000000
-35229.000000
-35329.000000
-35430.000000
-35531.000000
-35631.000000
-35733.000000
-35833.000000
-35932.000000
-36033.000000
-36131.000000
-36230.000000
-36330.000000
-36430.000000
-36530.000000
-36628.000000
-36728.000000
-36827.000000
-36931.000000
-37030.000000
-37128.000000
-37228.000000
-37327.000000
-37426.000000
-37526.000000
-37625.000000
-37726.000000
-37826.000000
-37926.000000
-38025.000000
-38128.000000
-38229.000000
-38329.000000
-38431.000000
-38533.000000
-38634.000000
-38735.000000
-38836.000000
-38936.000000
-39036.000000
-39135.000000
-39235.000000
-39335.000000
-39435.000000
-39535.000000
-39636.000000
-39736.000000
-39835.000000
-39936.000000
-40035.000000
-40136.000000
-40235.000000
-40334.000000
-40436.000000
-40535.000000
-40635.000000
-40734.000000
-40833.000000
-40933.000000
-41038.000000
-41136.000000
-41234.000000
-41333.000000
-41432.000000
-41531.000000
-41632.000000
-41731.000000
-41832.000000
-41932.000000
-42032.000000
-42132.000000
-42231.000000
-42333.000000
-42433.000000
-42533.000000
-42636.000000
-42737.000000
-42841.000000
-42942.000000
-43042.000000
-43141.000000
-43241.000000
-43340.000000
-43440.000000
-43539.000000
-43640.000000
-43741.000000
-43841.000000
-43940.000000
-44040.000000
-44138.000000
-44238.000000
-44336.000000
-44435.000000
-44535.000000
-44635.000000
-44735.000000
-44834.000000
-44937.000000
-45036.000000
-45140.000000
-45238.000000
-45336.000000
-45435.000000
-45535.000000
-45634.000000
-45734.000000
-45834.000000
-45934.000000
-46035.000000
-46135.000000
-46234.000000
-46333.000000
-46434.000000
-46535.000000
-46635.000000
-46737.000000
-46837.000000
-46938.000000
-47037.000000
-47139.000000
-47237.000000
-47335.000000
-47433.000000
-47532.000000
-47631.000000
-47731.000000
-47830.000000
-47929.000000
-48027.000000
-48126.000000
-48224.000000
-48322.000000
-48419.000000
-48517.000000
-48616.000000
-48716.000000
-48815.000000
-48913.000000
-49012.000000
-49111.000000
-49217.000000
-49317.000000
-49415.000000
-49513.000000
-49611.000000
-49709.000000
-49808.000000
-49907.000000
-50006.000000
-50104.000000
-50204.000000
-50304.000000
-50403.000000
-50503.000000
-50604.000000
-50705.000000
-50806.000000
-50906.000000
-51005.000000
-51105.000000
-51202.000000
-51299.000000
-51395.000000
-51496.000000
-51592.000000
-51689.000000
-51785.000000
-51882.000000
-51979.000000
-52075.000000
-52171.000000
-52268.000000
-52513.000000
-52506.000000
-52481.000000
-52439.000000
-52383.000000
-52323.000000
-52259.000000
-52195.000000
-52130.000000
-52065.000000
-52000.000000
-51934.000000
-51868.000000
-51801.000000
-51733.000000
-51666.000000
-51598.000000
-51529.000000
-51462.000000
-51394.000000
-51257.000000
-51047.000000
-50835.000000
-50621.000000
-50408.000000
-50196.000000
-49979.000000
-49765.000000
-49550.000000
-49338.000000
-49119.000000
-48904.000000
-48685.000000
-48471.000000
-48257.000000
-48042.000000
-47827.000000
-47613.000000
-47405.000000
-47195.000000
-46985.000000
-46774.000000
-46563.000000
-46352.000000
-46139.000000
-45926.000000
-45715.000000
-45506.000000
-45298.000000
-45082.000000
-44869.000000
-44662.000000
-44452.000000
-44245.000000
-44037.000000
-43828.000000
-43619.000000
-43410.000000
-43200.000000
-42989.000000
-42780.000000
-42570.000000
-42359.000000
-42146.000000
-41933.000000
-41720.000000
-41506.000000
-41298.000000
-41090.000000
-40876.000000
-40666.000000
-40458.000000
-40250.000000
-40042.000000
-39833.000000
-39624.000000
-39416.000000
-39207.000000
-38996.000000
-38786.000000
-38576.000000
-38360.000000
-38149.000000
-37936.000000
-37724.000000
-37512.000000
-37303.000000
-37094.000000
-36882.000000
-36671.000000
-36463.000000
-36255.000000
-36049.000000
-35840.000000
-35630.000000
-35416.000000
-35207.000000
-34997.000000
-34787.000000
-34578.000000
-34366.000000
-34156.000000
-33943.000000
-33731.000000
-33518.000000
-33308.000000
-33100.000000
-32892.000000
-32677.000000
-32468.000000
-32257.000000
-32045.000000
-31837.000000
-31631.000000
-31422.000000
-31213.000000
-31004.000000
-30793.000000
-30582.000000
-30372.000000
-30162.000000
-29949.000000
-29738.000000
-29524.000000
-29314.000000
-29104.000000
-28896.000000
-28677.000000
-28467.000000
-28259.000000
-28053.000000
-27958.000000
-27944.000000
-27942.000000
-27942.000000
-27948.000000
-27960.000000
-27976.000000
-28000.000000
-28028.000000
-28059.000000
-28095.000000
-28132.000000
-28172.000000
-28214.000000
-28257.000000
-28302.000000
-28346.000000
-28392.000000
-28436.000000
-28483.000000
-28531.000000
-28578.000000
-28625.000000
-29665.000000
-29766.000000
-29864.000000
-29965.000000
-30067.000000
-30168.000000
-30268.000000
-30369.000000
-30470.000000
-30570.000000
-30671.000000
-30771.000000
-30870.000000
-30969.000000
-31068.000000
-31169.000000
-31269.000000
-31370.000000
-31470.000000
-31570.000000
-31671.000000
-31770.000000
-31870.000000
-31970.000000
-32068.000000
-32168.000000
-32269.000000
-32371.000000
-32469.000000
-32569.000000
-32668.000000
-32767.000000
-32871.000000
-32968.000000
-33067.000000
-33166.000000
-33266.000000
-33366.000000
-33466.000000
-33566.000000
-33666.000000
-33767.000000
-33868.000000
-33966.000000
-34067.000000
-34167.000000
-34268.000000
-34371.000000
-34472.000000
-34573.000000
-34676.000000
-34777.000000
-34877.000000
-34975.000000
-35076.000000
-35174.000000
-35275.000000
-35375.000000
-35476.000000
-35577.000000
-35676.000000
-35777.000000
-35876.000000
-35975.000000
-36076.000000
-36174.000000
-36274.000000
-36374.000000
-36475.000000
-36573.000000
-36672.000000
-36771.000000
-36870.000000
-36977.000000
-37074.000000
-37174.000000
-37273.000000
-37372.000000
-37472.000000
-37572.000000
-37671.000000
-37772.000000
-37872.000000
-37973.000000
-38072.000000
-38173.000000
-38273.000000
-38374.000000
-38477.000000
-38578.000000
-38678.000000
-38778.000000
-38879.000000
-38980.000000
-39079.000000
-39183.000000
-39278.000000
-39381.000000
-39481.000000
-39581.000000
-39682.000000
-39782.000000
-39882.000000
-39982.000000
-40081.000000
-40183.000000
-40281.000000
-40381.000000
-40479.000000
-40579.000000
-40679.000000
-40776.000000
-40877.000000
-40977.000000
-41080.000000
-41178.000000
-41277.000000
-41375.000000
-41474.000000
-41574.000000
-41677.000000
-41777.000000
-41878.000000
-41979.000000
-42080.000000
-42179.000000
-42278.000000
-42379.000000
-42480.000000
-42582.000000
-42683.000000
-42785.000000
-42886.000000
-42985.000000
-43086.000000
-43184.000000
-43285.000000
-43384.000000
-43484.000000
-43584.000000
-43684.000000
-43785.000000
-43885.000000
-43988.000000
-44088.000000
-44187.000000
-44288.000000
-44386.000000
-44485.000000
-44585.000000
-44685.000000
-44785.000000
-44883.000000
-44984.000000
-45084.000000
-45185.000000
-45284.000000
-45382.000000
-45481.000000
-45580.000000
-45680.000000
-45781.000000
-45880.000000
-45981.000000
-46082.000000
-46182.000000
-46281.000000
-46380.000000
-46481.000000
-46583.000000
-46689.000000
-46790.000000
-46891.000000
-46992.000000
-47091.000000
-47191.000000
-47290.000000
-47390.000000
-47489.000000
-47590.000000
-47690.000000
-47791.000000
-47891.000000
-47990.000000
-48090.000000
-48190.000000
-48289.000000
-48389.000000
-48489.000000
-48587.000000
-48688.000000
-48787.000000
-48885.000000
-48983.000000
-49083.000000
-49183.000000
-49284.000000
-49382.000000
-49481.000000
-49584.000000
-49683.000000
-49782.000000
-49881.000000
-49981.000000
-50081.000000
-50183.000000
-50282.000000
-50382.000000
-50482.000000
-50582.000000
-50683.000000
-50783.000000
-50883.000000
-50982.000000
-51083.000000
-51179.000000
-51277.000000
-51375.000000
-51473.000000
-51570.000000
-51667.000000
-51764.000000
-51863.000000
-51960.000000
-52057.000000
-52154.000000
-52254.000000
-52346.000000
-52445.000000
-52539.000000
-52633.000000
-52727.000000
-52821.000000
-52915.000000
-53008.000000
-53101.000000
-53193.000000
-53427.000000
-53420.000000
-53397.000000
-53358.000000
-53304.000000
-53239.000000
-53178.000000
-53114.000000
-53052.000000
-52988.000000
-52924.000000
-52860.000000
-52794.000000
-52728.000000
-52661.000000
-52594.000000
-52527.000000
-52460.000000
-52391.000000
-52323.000000
-52185.000000
-51975.000000
-51763.000000
-51551.000000
-51338.000000
-51125.000000
-50910.000000
-50695.000000
-50480.000000
-50267.000000
-50052.000000
-49837.000000
-49623.000000
-49408.000000
-49196.000000
-48976.000000
-48763.000000
-48543.000000
-48330.000000
-48116.000000
-47902.000000
-47692.000000
-47484.000000
-47274.000000
-47063.000000
-46853.000000
-46642.000000
-46432.000000
-46220.000000
-46005.000000
-45794.000000
-45584.000000
-45376.000000
-45168.000000
-44953.000000
-44739.000000
-44535.000000
-44322.000000
-44115.000000
-43906.000000
-43698.000000
-43489.000000
-43280.000000
-43069.000000
-42858.000000
-42649.000000
-42438.000000
-42226.000000
-42013.000000
-41801.000000
-41590.000000
-41380.000000
-41172.000000
-40958.000000
-40748.000000
-40540.000000
-40326.000000
-40119.000000
-39911.000000
-39702.000000
-39493.000000
-39284.000000
-39074.000000
-38864.000000
-38654.000000
-38443.000000
-38233.000000
-38020.000000
-37807.000000
-37595.000000
-37384.000000
-37176.000000
-36970.000000
-36754.000000
-36541.000000
-36332.000000
-36124.000000
-35918.000000
-35707.000000
-35498.000000
-35290.000000
-35082.000000
-34871.000000
-34660.000000
-34450.000000
-34238.000000
-34028.000000
-33816.000000
-33602.000000
-33391.000000
-33182.000000
-32968.000000
-32755.000000
-32545.000000
-32335.000000
-32127.000000
-31919.000000
-31712.000000
-31504.000000
-31294.000000
-31086.000000
-30876.000000
-30665.000000
-30456.000000
-30245.000000
-30035.000000
-29822.000000
-29607.000000
-29397.000000
-29186.000000
-28980.000000
-28874.000000
-28859.000000
-28857.000000
-28857.000000
-28860.000000
-28871.000000
-28889.000000
-28913.000000
-28941.000000
-28972.000000
-29007.000000
-29045.000000
-29083.000000
-29125.000000
-29169.000000
-29212.000000
-29258.000000
-29303.000000
-29350.000000
-29396.000000
-29444.000000
-29491.000000
-29541.000000
-30587.000000
-30688.000000
-30788.000000
-30887.000000
-30987.000000
-31084.000000
-31184.000000
-31283.000000
-31387.000000
-31487.000000
-31586.000000
-31687.000000
-31786.000000
-31886.000000
-31986.000000
-32085.000000
-32185.000000
-32283.000000
-32385.000000
-32484.000000
-32582.000000
-32682.000000
-32781.000000
-32885.000000
-32981.000000
-33080.000000
-33179.000000
-33279.000000
-33379.000000
-33478.000000
-33578.000000
-33679.000000
-33779.000000
-33880.000000
-33978.000000
-34079.000000
-34180.000000
-34281.000000
-34383.000000
-34485.000000
-34585.000000
-34686.000000
-34789.000000
-34889.000000
-34988.000000
-35089.000000
-35188.000000
-35288.000000
-35388.000000
-35489.000000
-35589.000000
-35688.000000
-35789.000000
-35888.000000
-35988.000000
-36088.000000
-36187.000000
-36287.000000
-36386.000000
-36486.000000
-36585.000000
-36683.000000
-36784.000000
-36883.000000
-36987.000000
-37084.000000
-37183.000000
-37282.000000
-37381.000000
-37482.000000
-37581.000000
-37684.000000
-37784.000000
-37884.000000
-37986.000000
-38085.000000
-38185.000000
-38286.000000
-38387.000000
-38489.000000
-38590.000000
-38691.000000
-38792.000000
-38892.000000
-38992.000000
-39091.000000
-39192.000000
-39291.000000
-39391.000000
-39491.000000
-39591.000000
-39691.000000
-39790.000000
-39891.000000
-39991.000000
-40091.000000
-40192.000000
-40290.000000
-40389.000000
-40489.000000
-40592.000000
-40692.000000
-40789.000000
-40890.000000
-40991.000000
-41092.000000
-41190.000000
-41289.000000
-41388.000000
-41487.000000
-41587.000000
-41687.000000
-41786.000000
-41887.000000
-41989.000000
-42089.000000
-42188.000000
-42288.000000
-42388.000000
-42489.000000
-42592.000000
-42693.000000
-42794.000000
-42896.000000
-42995.000000
-43095.000000
-43194.000000
-43295.000000
-43393.000000
-43493.000000
-43594.000000
-43697.000000
-43798.000000
-43897.000000
-43997.000000
-44097.000000
-44196.000000
-44296.000000
-44395.000000
-44494.000000
-44594.000000
-44694.000000
-44794.000000
-44892.000000
-44992.000000
-45093.000000
-45193.000000
-45290.000000
-45389.000000
-45488.000000
-45587.000000
-45687.000000
-45787.000000
-45886.000000
-45987.000000
-46089.000000
-46188.000000
-46288.000000
-46388.000000
-46489.000000
-46590.000000
-46692.000000
-46797.000000
-46898.000000
-46999.000000
-47098.000000
-47198.000000
-47298.000000
-47398.000000
-47497.000000
-47598.000000
-47698.000000
-47799.000000
-47899.000000
-47998.000000
-48097.000000
-48197.000000
-48295.000000
-48394.000000
-48494.000000
-48592.000000
-48691.000000
-48789.000000
-48888.000000
-48986.000000
-49085.000000
-49187.000000
-49286.000000
-49384.000000
-49482.000000
-49580.000000
-49678.000000
-49777.000000
-49876.000000
-49975.000000
-50075.000000
-50175.000000
-50279.000000
-50379.000000
-50478.000000
-50578.000000
-50679.000000
-50780.000000
-50881.000000
-50979.000000
-51080.000000
-51177.000000
-51276.000000
-51373.000000
-51470.000000
-51565.000000
-51662.000000
-51758.000000
-51856.000000
-51952.000000
-52047.000000
-52143.000000
-52238.000000
-52333.000000
-52429.000000
-52523.000000
-52617.000000
-52711.000000
-52953.000000
-52947.000000
-52922.000000
-52881.000000
-52829.000000
-52768.000000
-52706.000000
-52644.000000
-52581.000000
-52517.000000
-52453.000000
-52387.000000
-52323.000000
-52256.000000
-52190.000000
-52124.000000
-52056.000000
-51989.000000
-51921.000000
-51853.000000
-51715.000000
-51508.000000
-51297.000000
-51086.000000
-50871.000000
-50657.000000
-50443.000000
-50230.000000
-50016.000000
-49801.000000
-49587.000000
-49373.000000
-49152.000000
-48937.000000
-48723.000000
-48508.000000
-48294.000000
-48080.000000
-47866.000000
-47652.000000
-47438.000000
-47226.000000
-47013.000000
-46799.000000
-46588.000000
-46378.000000
-46166.000000
-45952.000000
-45741.000000
-45531.000000
-45323.000000
-45115.000000
-44899.000000
-44686.000000
-44478.000000
-44271.000000
-44063.000000
-43853.000000
-43645.000000
-43435.000000
-43226.000000
-43015.000000
-42805.000000
-42596.000000
-42384.000000
-42171.000000
-41959.000000
-41746.000000
-41537.000000
-41329.000000
-41120.000000
-40905.000000
-40692.000000
-40482.000000
-40274.000000
-40066.000000
-39858.000000
-39650.000000
-39440.000000
-39233.000000
-39021.000000
-38812.000000
-38601.000000
-38390.000000
-38179.000000
-37967.000000
-37750.000000
-37539.000000
-37329.000000
-37119.000000
-36910.000000
-36696.000000
-36488.000000
-36279.000000
-36073.000000
-35866.000000
-35654.000000
-35446.000000
-35236.000000
-35027.000000
-34818.000000
-34607.000000
-34397.000000
-34181.000000
-33969.000000
-33757.000000
-33543.000000
-33334.000000
-33126.000000
-32917.000000
-32703.000000
-32494.000000
-32282.000000
-32075.000000
-31867.000000
-31659.000000
-31449.000000
-31241.000000
-31030.000000
-30819.000000
-30609.000000
-30398.000000
-30188.000000
-29977.000000
-29765.000000
-29550.000000
-29339.000000
-29130.000000
-28922.000000
-28711.000000
-28499.000000
-28398.000000
-28383.000000
-28382.000000
-28383.000000
-28387.000000
-28398.000000
-28417.000000
-28441.000000
-28468.000000
-28500.000000
-28537.000000
-28573.000000
-28613.000000
-28654.000000
-28700.000000
-28748.000000
-28792.000000
-28837.000000
-28881.000000
-28929.000000
-28975.000000
-29023.000000
-29070.000000
-30111.000000
-30212.000000
-30314.000000
-30415.000000
-30515.000000
-30617.000000
-30715.000000
-30814.000000
-30913.000000
-31013.000000
-31112.000000
-31212.000000
-31312.000000
-31413.000000
-31513.000000
-31613.000000
-31716.000000
-31815.000000
-31915.000000
-32014.000000
-32114.000000
-32212.000000
-32312.000000
-32413.000000
-32512.000000
-32611.000000
-32710.000000
-32814.000000
-32913.000000
-33010.000000
-33110.000000
-33208.000000
-33308.000000
-33408.000000
-33508.000000
-33609.000000
-33708.000000
-33809.000000
-33909.000000
-34008.000000
-34108.000000
-34208.000000
-34311.000000
-34413.000000
-34517.000000
-34618.000000
-34719.000000
-34819.000000
-34918.000000
-35018.000000
-35118.000000
-35217.000000
-35318.000000
-35418.000000
-35519.000000
-35620.000000
-35719.000000
-35819.000000
-35917.000000
-36016.000000
-36116.000000
-36216.000000
-36316.000000
-36416.000000
-36516.000000
-36614.000000
-36714.000000
-36812.000000
-36920.000000
-37019.000000
-37117.000000
-37216.000000
-37315.000000
-37414.000000
-37514.000000
-37614.000000
-37714.000000
-37813.000000
-37914.000000
-38014.000000
-38114.000000
-38215.000000
-38315.000000
-38417.000000
-38519.000000
-38620.000000
-38720.000000
-38822.000000
-38922.000000
-39021.000000
-39124.000000
-39224.000000
-39323.000000
-39424.000000
-39524.000000
-39624.000000
-39725.000000
-39824.000000
-39925.000000
-40024.000000
-40124.000000
-40222.000000
-40321.000000
-40422.000000
-40521.000000
-40621.000000
-40720.000000
-40819.000000
-40919.000000
-41025.000000
-41122.000000
-41220.000000
-41320.000000
-41421.000000
-41520.000000
-41620.000000
-41720.000000
-41821.000000
-41921.000000
-42021.000000
-42121.000000
-42220.000000
-42321.000000
-42421.000000
-42522.000000
-42624.000000
-42725.000000
-42826.000000
-42928.000000
-43028.000000
-43127.000000
-43226.000000
-43326.000000
-43424.000000
-43523.000000
-43627.000000
-43727.000000
-43828.000000
-43927.000000
-44027.000000
-44127.000000
-44227.000000
-44325.000000
-44423.000000
-44523.000000
-44623.000000
-44722.000000
-44822.000000
-44921.000000
-45021.000000
-45126.000000
-45224.000000
-45322.000000
-45421.000000
-45520.000000
-45619.000000
-45720.000000
-45820.000000
-45923.000000
-46024.000000
-46123.000000
-46223.000000
-46322.000000
-46423.000000
-46523.000000
-46625.000000
-46728.000000
-46828.000000
-46929.000000
-47031.000000
-47130.000000
-47230.000000
-47329.000000
-47429.000000
-47529.000000
-47629.000000
-47731.000000
-47831.000000
-47935.000000
-48034.000000
-48133.000000
-48233.000000
-48332.000000
-48430.000000
-48529.000000
-48628.000000
-48727.000000
-48826.000000
-48924.000000
-49023.000000
-49122.000000
-49226.000000
-49324.000000
-49423.000000
-49522.000000
-49621.000000
-49720.000000
-49819.000000
-49918.000000
-50017.000000
-50118.000000
-50221.000000
-50320.000000
-50420.000000
-50520.000000
-50620.000000
-50721.000000
-50823.000000
-50923.000000
-51023.000000
-51123.000000
-51221.000000
-51320.000000
-51417.000000
-51516.000000
-51613.000000
-51711.000000
-51808.000000
-51907.000000
-52005.000000
-52102.000000
-52198.000000
-52296.000000
-52393.000000
-52491.000000
-52593.000000
-52691.000000
-52791.000000
-52892.000000
-52993.000000
-53094.000000
-53196.000000
-53303.000000
-53404.000000
-53507.000000
-53610.000000
-53711.000000
-53813.000000
-53914.000000
-54016.000000
-54119.000000
-54221.000000
-54322.000000
-54421.000000
-54522.000000
-54622.000000
-54723.000000
-54822.000000
-54923.000000
-55024.000000
-55127.000000
-55229.000000
-55328.000000
-55427.000000
-55526.000000
-55624.000000
-55722.000000
-55819.000000
-55917.000000
-56015.000000
-56112.000000
-56207.000000
-56302.000000
-56396.000000
-56490.000000
-56584.000000
-56677.000000
-56769.000000
-56863.000000
-56957.000000
-57048.000000
-57143.000000
-57379.000000
-57372.000000
-57347.000000
-57307.000000
-57256.000000
-57196.000000
-57135.000000
-57073.000000
-57010.000000
-56949.000000
-56884.000000
-56821.000000
-56757.000000
-56692.000000
-56623.000000
-56558.000000
-56491.000000
-56425.000000
-56357.000000
-56290.000000
-56157.000000
-55950.000000
-55741.000000
-55532.000000
-55321.000000
-55102.000000
-54887.000000
-54672.000000
-54459.000000
-54246.000000
-54031.000000
-53813.000000
-53605.000000
-53392.000000
-53175.000000
-52960.000000
-52745.000000
-52533.000000
-52320.000000
-52105.000000
-51887.000000
-51673.000000
-51460.000000
-51246.000000
-51032.000000
-50818.000000
-50603.000000
-50389.000000
-50175.000000
-49960.000000
-49746.000000
-49536.000000
-49329.000000
-49114.000000
-48904.000000
-48696.000000
-48488.000000
-48275.000000
-48067.000000
-47859.000000
-47649.000000
-47441.000000
-47231.000000
-47021.000000
-46811.000000
-46599.000000
-46388.000000
-46177.000000
-45963.000000
-45752.000000
-45542.000000
-45330.000000
-45121.000000
-44905.000000
-44697.000000
-44488.000000
-44282.000000
-44074.000000
-43864.000000
-43655.000000
-43446.000000
-43236.000000
-43026.000000
-42816.000000
-42606.000000
-42395.000000
-42183.000000
-41969.000000
-41757.000000
-41547.000000
-41334.000000
-41125.000000
-40911.000000
-40702.000000
-40492.000000
-40285.000000
-40076.000000
-39869.000000
-39661.000000
-39450.000000
-39242.000000
-39032.000000
-38822.000000
-38611.000000
-38400.000000
-38190.000000
-37974.000000
-37760.000000
-37548.000000
-37339.000000
-37130.000000
-36922.000000
-36706.000000
-36497.000000
-36288.000000
-36081.000000
-35873.000000
-35665.000000
-35456.000000
-35246.000000
-35038.000000
-34827.000000
-34617.000000
-34403.000000
-34191.000000
-33980.000000
-33769.000000
-33555.000000
-33344.000000
-33137.000000
-32930.000000
-32828.000000
-32812.000000
-32808.000000
-32808.000000
-32812.000000
-32825.000000
-32842.000000
-32865.000000
-32894.000000
-32925.000000
-32959.000000
-32996.000000
-33036.000000
-33080.000000
-33124.000000
-33167.000000
-33212.000000
-33259.000000
-33305.000000
-33353.000000
-33400.000000
-33448.000000
-33495.000000
-34541.000000
-34642.000000
-34743.000000
-34842.000000
-34941.000000
-35040.000000
-35139.000000
-35239.000000
-35339.000000
-35439.000000
-35540.000000
-35640.000000
-35739.000000
-35838.000000
-35938.000000
-36038.000000
-36136.000000
-36236.000000
-36336.000000
-36436.000000
-36535.000000
-36637.000000
-36736.000000
-36835.000000
-36940.000000
-37039.000000
-37137.000000
-37237.000000
-37336.000000
-37435.000000
-37536.000000
-37634.000000
-37735.000000
-37835.000000
-37935.000000
-38035.000000
-38135.000000
-38236.000000
-38335.000000
-38437.000000
-38539.000000
-38640.000000
-38741.000000
-38845.000000
-38944.000000
-39044.000000
-39144.000000
-39244.000000
-39344.000000
-39444.000000
-39544.000000
-39645.000000
-39745.000000
-39844.000000
-39945.000000
-40044.000000
-40145.000000
-40243.000000
-40342.000000
-40442.000000
-40541.000000
-40641.000000
-40739.000000
-40839.000000
-40938.000000
-41044.000000
-41142.000000
-41243.000000
-41342.000000
-41441.000000
-41540.000000
-41640.000000
-41740.000000
-41841.000000
-41941.000000
-42041.000000
-42141.000000
-42241.000000
-42341.000000
-42442.000000
-42543.000000
-42645.000000
-42746.000000
-42847.000000
-42947.000000
-43048.000000
-43147.000000
-43246.000000
-43346.000000
-43446.000000
-43546.000000
-43647.000000
-43751.000000
-43850.000000
-43951.000000
-44051.000000
-44150.000000
-44251.000000
-44349.000000
-44448.000000
-44547.000000
-44647.000000
-44746.000000
-44846.000000
-44945.000000
-45044.000000
-45148.000000
-45247.000000
-45345.000000
-45443.000000
-45544.000000
-45641.000000
-45741.000000
-45840.000000
-45940.000000
-46040.000000
-46140.000000
-46239.000000
-46340.000000
-46443.000000
-46544.000000
-46645.000000
-46748.000000
-46848.000000
-46949.000000
-47049.000000
-47149.000000
-47249.000000
-47349.000000
-47448.000000
-47548.000000
-47649.000000
-47750.000000
-47851.000000
-47950.000000
-48050.000000
-48150.000000
-48249.000000
-48349.000000
-48449.000000
-48547.000000
-48647.000000
-48748.000000
-48846.000000
-48946.000000
-49044.000000
-49144.000000
-49248.000000
-49346.000000
-49448.000000
-49547.000000
-49647.000000
-49746.000000
-49846.000000
-49945.000000
-50045.000000
-50146.000000
-50247.000000
-50346.000000
-50447.000000
-50547.000000
-50649.000000
-50749.000000
-50851.000000
-50951.000000
-51051.000000
-51152.000000
-51252.000000
-51352.000000
-51451.000000
-51551.000000
-51651.000000
-51751.000000
-51852.000000
-51953.000000
-52053.000000
-52152.000000
-52252.000000
-52351.000000
-52450.000000
-52552.000000
-52650.000000
-52748.000000
-52848.000000
-52945.000000
-53044.000000
-53142.000000
-53241.000000
-53345.000000
-53441.000000
-53540.000000
-53638.000000
-53738.000000
-53836.000000
-53934.000000
-54032.000000
-54132.000000
-54232.000000
-54331.000000
-54429.000000
-54529.000000
-54629.000000
-54729.000000
-54830.000000
-54932.000000
-55033.000000
-55133.000000
-55233.000000
-55336.000000
-55434.000000
-55531.000000
-55628.000000
-55726.000000
-55823.000000
-55921.000000
-56018.000000
-56114.000000
-56209.000000
-56304.000000
-56398.000000
-56492.000000
-56586.000000
-56681.000000
-56774.000000
-56868.000000
-57105.000000
-57099.000000
-57075.000000
-57034.000000
-56981.000000
-56921.000000
-56858.000000
-56796.000000
-56733.000000
-56670.000000
-56606.000000
-56542.000000
-56476.000000
-56412.000000
-56347.000000
-56280.000000
-56214.000000
-56146.000000
-56079.000000
-56011.000000
-55873.000000
-55665.000000
-55457.000000
-55245.000000
-55031.000000
-54816.000000
-54603.000000
-54390.000000
-54175.000000
-53960.000000
-53747.000000
-53532.000000
-53319.000000
-53098.000000
-52883.000000
-52664.000000
-52450.000000
-52235.000000
-52020.000000
-51806.000000
-51591.000000
-51378.000000
-51164.000000
-50952.000000
-50742.000000
-50532.000000
-50319.000000
-50105.000000
-49894.000000
-49683.000000
-49475.000000
-49268.000000
-49053.000000
-48843.000000
-48630.000000
-48421.000000
-48214.000000
-48006.000000
-47797.000000
-47588.000000
-47380.000000
-47169.000000
-46958.000000
-46748.000000
-46538.000000
-46326.000000
-46113.000000
-45900.000000
-45690.000000
-45480.000000
-45272.000000
-45059.000000
-44848.000000
-44640.000000
-44430.000000
-44222.000000
-44015.000000
-43802.000000
-43592.000000
-43384.000000
-43175.000000
-42964.000000
-42753.000000
-42544.000000
-42334.000000
-42121.000000
-41906.000000
-41695.000000
-41485.000000
-41277.000000
-41069.000000
-40854.000000
-40644.000000
-40436.000000
-40227.000000
-40019.000000
-39806.000000
-39598.000000
-39390.000000
-39181.000000
-38971.000000
-38760.000000
-38550.000000
-38339.000000
-38126.000000
-37914.000000
-37702.000000
-37491.000000
-37280.000000
-37071.000000
-36859.000000
-36649.000000
-36440.000000
-36230.000000
-36019.000000
-35812.000000
-35604.000000
-35395.000000
-35186.000000
-34975.000000
-34766.000000
-34555.000000
-34345.000000
-34135.000000
-33922.000000
-33709.000000
-33496.000000
-33286.000000
-33079.000000
-32871.000000
-32657.000000
-32550.000000
-32535.000000
-32534.000000
-32534.000000
-32538.000000
-32550.000000
-32569.000000
-32592.000000
-32620.000000
-32652.000000
-32688.000000
-32725.000000
-32765.000000
-32812.000000
-32855.000000
-32899.000000
-32944.000000
-32988.000000
-33035.000000
-33081.000000
-33129.000000
-33175.000000
-33224.000000
-34265.000000
-34367.000000
-34468.000000
-34569.000000
-34669.000000
-34769.000000
-34868.000000
-34966.000000
-35066.000000
-35165.000000
-35266.000000
-35366.000000
-35466.000000
-35567.000000
-35666.000000
-35767.000000
-35866.000000
-35966.000000
-36066.000000
-36164.000000
-36264.000000
-36367.000000
-36468.000000
-36566.000000
-36665.000000
-36764.000000
-36863.000000
-36967.000000
-37064.000000
-37163.000000
-37263.000000
-37363.000000
-37462.000000
-37562.000000
-37661.000000
-37762.000000
-37862.000000
-37964.000000
-38062.000000
-38163.000000
-38263.000000
-38365.000000
-38467.000000
-38568.000000
-38668.000000
-38769.000000
-38869.000000
-38969.000000
-39068.000000
-39169.000000
-39270.000000
-39370.000000
-39471.000000
-39571.000000
-39672.000000
-39771.000000
-39873.000000
-39972.000000
-40071.000000
-40172.000000
-40271.000000
-40370.000000
-40468.000000
-40568.000000
-40666.000000
-40765.000000
-40864.000000
-40963.000000
-41066.000000
-41164.000000
-41262.000000
-41361.000000
-41461.000000
-41560.000000
-41660.000000
-41759.000000
-41861.000000
-41961.000000
-42062.000000
-42164.000000
-42264.000000
-42365.000000
-42466.000000
-42568.000000
-42669.000000
-42770.000000
-42871.000000
-42972.000000
-43072.000000
-43171.000000
-43272.000000
-43370.000000
-43470.000000
-43570.000000
-43671.000000
-43772.000000
-43872.000000
-43972.000000
-44073.000000
-44172.000000
-44272.000000
-44370.000000
-44470.000000
-44569.000000
-44670.000000
-44769.000000
-44868.000000
-44968.000000
-45068.000000
-45173.000000
-45270.000000
-45369.000000
-45468.000000
-45568.000000
-45668.000000
-45768.000000
-45868.000000
-45968.000000
-46068.000000
-46169.000000
-46267.000000
-46368.000000
-46468.000000
-46570.000000
-46672.000000
-46774.000000
-46874.000000
-46975.000000
-47075.000000
-47175.000000
-47274.000000
-47374.000000
-47473.000000
-47573.000000
-47674.000000
-47775.000000
-47875.000000
-47978.000000
-48077.000000
-48177.000000
-48276.000000
-48378.000000
-48477.000000
-48576.000000
-48675.000000
-48774.000000
-48874.000000
-48972.000000
-49072.000000
-49172.000000
-49275.000000
-49372.000000
-49471.000000
-49570.000000
-49669.000000
-49768.000000
-49868.000000
-49967.000000
-50068.000000
-50169.000000
-50269.000000
-50370.000000
-50469.000000
-50570.000000
-50671.000000
-50776.000000
-50877.000000
-50977.000000
-51079.000000
-51178.000000
-51278.000000
-51378.000000
-51478.000000
-51577.000000
-51678.000000
-51777.000000
-51878.000000
-51978.000000
-52078.000000
-52178.000000
-52278.000000
-52378.000000
-52478.000000
-52577.000000
-52675.000000
-52775.000000
-52875.000000
-52974.000000
-53073.000000
-53173.000000
-53274.000000
-53377.000000
-53474.000000
-53573.000000
-53674.000000
-53773.000000
-53873.000000
-53972.000000
-54071.000000
-54171.000000
-54273.000000
-54372.000000
-54470.000000
-54569.000000
-54668.000000
-54768.000000
-54868.000000
-54967.000000
-55066.000000
-55165.000000
-55263.000000
-55361.000000
-55457.000000
-55555.000000
-55650.000000
-55748.000000
-55844.000000
-55941.000000
-56040.000000
-56135.000000
-56231.000000
-56326.000000
-56420.000000
-56515.000000
-56607.000000
-56700.000000
-56792.000000
-57029.000000
-57024.000000
-56999.000000
-56959.000000
-56905.000000
-56846.000000
-56785.000000
-56724.000000
-56662.000000
-56599.000000
-56537.000000
-56472.000000
-56408.000000
-56342.000000
-56277.000000
-56211.000000
-56144.000000
-56079.000000
-56012.000000
-55944.000000
-55809.000000
-55604.000000
-55396.000000
-55186.000000
-54971.000000
-54756.000000
-54543.000000
-54330.000000
-54116.000000
-53901.000000
-53686.000000
-53473.000000
-53256.000000
-53041.000000
-52827.000000
-52611.000000
-52393.000000
-52179.000000
-51966.000000
-51750.000000
-51537.000000
-51324.000000
-51111.000000
-50896.000000
-50680.000000
-50465.000000
-50252.000000
-50037.000000
-49822.000000
-49608.000000
-49398.000000
-49188.000000
-48970.000000
-48767.000000
-48553.000000
-48346.000000
-48137.000000
-47928.000000
-47719.000000
-47511.000000
-47301.000000
-47090.000000
-46880.000000
-46671.000000
-46459.000000
-46247.000000
-46034.000000
-45822.000000
-45611.000000
-45404.000000
-45195.000000
-44976.000000
-44766.000000
-44557.000000
-44350.000000
-44141.000000
-43933.000000
-43724.000000
-43515.000000
-43308.000000
-43097.000000
-42887.000000
-42676.000000
-42465.000000
-42254.000000
-42042.000000
-41829.000000
-41618.000000
-41404.000000
-41195.000000
-40984.000000
-40771.000000
-40564.000000
-40354.000000
-40147.000000
-39938.000000
-39730.000000
-39521.000000
-39312.000000
-39102.000000
-38892.000000
-38683.000000
-38472.000000
-38261.000000
-38047.000000
-37835.000000
-37619.000000
-37408.000000
-37200.000000
-36992.000000
-36777.000000
-36567.000000
-36357.000000
-36149.000000
-35942.000000
-35733.000000
-35525.000000
-35317.000000
-35109.000000
-34898.000000
-34687.000000
-34478.000000
-34262.000000
-34052.000000
-33841.000000
-33628.000000
-33414.000000
-33206.000000
-32997.000000
-32784.000000
-32576.000000
-32474.000000
-32460.000000
-32458.000000
-32458.000000
-32462.000000
-32474.000000
-32492.000000
-32515.000000
-32543.000000
-32577.000000
-32611.000000
-32649.000000
-32690.000000
-32730.000000
-32773.000000
-32824.000000
-32868.000000
-32914.000000
-32959.000000
-33005.000000
-33052.000000
-33099.000000
-33148.000000
-34186.000000
-34288.000000
-34390.000000
-34491.000000
-34592.000000
-34692.000000
-34791.000000
-34890.000000
-34989.000000
-35090.000000
-35188.000000
-35292.000000
-35391.000000
-35492.000000
-35593.000000
-35692.000000
-35792.000000
-35892.000000
-35991.000000
-36092.000000
-36191.000000
-36289.000000
-36390.000000
-36490.000000
-36589.000000
-36688.000000
-36788.000000
-36888.000000
-36991.000000
-37088.000000
-37187.000000
-37286.000000
-37385.000000
-37485.000000
-37585.000000
-37687.000000
-37788.000000
-37889.000000
-37989.000000
-38089.000000
-38189.000000
-38290.000000
-38391.000000
-38493.000000
-38593.000000
-38694.000000
-38796.000000
-38895.000000
-38996.000000
-39095.000000
-39195.000000
-39293.000000
-39392.000000
-39492.000000
-39592.000000
-39692.000000
-39791.000000
-39891.000000
-39991.000000
-40093.000000
-40193.000000
-40293.000000
-40391.000000
-40490.000000
-40590.000000
-40690.000000
-40788.000000
-40889.000000
-40990.000000
-41092.000000
-41190.000000
-41289.000000
-41388.000000
-41486.000000
-41585.000000
-41685.000000
-41784.000000
-41886.000000
-41988.000000
-42088.000000
-42187.000000
-42287.000000
-42388.000000
-42492.000000
-42594.000000
-42695.000000
-42797.000000
-42899.000000
-42998.000000
-43098.000000
-43197.000000
-43298.000000
-43396.000000
-43497.000000
-43597.000000
-43697.000000
-43798.000000
-43897.000000
-43998.000000
-44098.000000
-44197.000000
-44297.000000
-44396.000000
-44495.000000
-44596.000000
-44696.000000
-44799.000000
-44897.000000
-44996.000000
-45100.000000
-45199.000000
-45297.000000
-45396.000000
-45495.000000
-45594.000000
-45693.000000
-45793.000000
-45894.000000
-45993.000000
-46094.000000
-46194.000000
-46294.000000
-46393.000000
-46494.000000
-46596.000000
-46699.000000
-46800.000000
-46901.000000
-47002.000000
-47101.000000
-47200.000000
-47302.000000
-47403.000000
-47502.000000
-47603.000000
-47703.000000
-47803.000000
-47904.000000
-48003.000000
-48102.000000
-48201.000000
-48300.000000
-48400.000000
-48499.000000
-48597.000000
-48698.000000
-48798.000000
-48897.000000
-48996.000000
-49095.000000
-49199.000000
-49298.000000
-49397.000000
-49496.000000
-49595.000000
-49698.000000
-49798.000000
-49897.000000
-49997.000000
-50096.000000
-50197.000000
-50297.000000
-50397.000000
-50498.000000
-50599.000000
-50700.000000
-50802.000000
-50903.000000
-51003.000000
-51106.000000
-51205.000000
-51305.000000
-51405.000000
-51505.000000
-51604.000000
-51705.000000
-51805.000000
-51907.000000
-52007.000000
-52106.000000
-52206.000000
-52306.000000
-52404.000000
-52504.000000
-52603.000000
-52700.000000
-52799.000000
-52898.000000
-52997.000000
-53096.000000
-53194.000000
-53298.000000
-53396.000000
-53492.000000
-53591.000000
-53688.000000
-53785.000000
-53884.000000
-53984.000000
-54087.000000
-54186.000000
-54287.000000
-54386.000000
-54486.000000
-54586.000000
-54686.000000
-54787.000000
-54888.000000
-54988.000000
-55087.000000
-55187.000000
-55283.000000
-55380.000000
-55477.000000
-55574.000000
-55670.000000
-55768.000000
-55866.000000
-55965.000000
-56065.000000
-56161.000000
-56258.000000
-56353.000000
-56448.000000
-56544.000000
-56637.000000
-56731.000000
-56826.000000
-57065.000000
-57059.000000
-57034.000000
-56993.000000
-56942.000000
-56881.000000
-56820.000000
-56757.000000
-56695.000000
-56631.000000
-56569.000000
-56505.000000
-56441.000000
-56376.000000
-56312.000000
-56246.000000
-56180.000000
-56114.000000
-56047.000000
-55980.000000
-55843.000000
-55638.000000
-55432.000000
-55223.000000
-55009.000000
-54794.000000
-54581.000000
-54368.000000
-54152.000000
-53936.000000
-53723.000000
-53509.000000
-53289.000000
-53070.000000
-52856.000000
-52640.000000
-52427.000000
-52212.000000
-51997.000000
-51782.000000
-51568.000000
-51355.000000
-51141.000000
-50926.000000
-50710.000000
-50495.000000
-50282.000000
-50067.000000
-49848.000000
-49639.000000
-49431.000000
-49223.000000
-49007.000000
-48798.000000
-48589.000000
-48382.000000
-48173.000000
-47964.000000
-47756.000000
-47534.000000
-47338.000000
-47127.000000
-46917.000000
-46707.000000
-46491.000000
-46281.000000
-46067.000000
-45853.000000
-45644.000000
-45435.000000
-45227.000000
-45012.000000
-44802.000000
-44593.000000
-44385.000000
-44178.000000
-43970.000000
-43761.000000
-43551.000000
-43340.000000
-43130.000000
-42919.000000
-42708.000000
-42497.000000
-42287.000000
-42075.000000
-41861.000000
-41650.000000
-41440.000000
-41232.000000
-41023.000000
-40807.000000
-40599.000000
-40390.000000
-40183.000000
-39974.000000
-39760.000000
-39552.000000
-39344.000000
-39135.000000
-38924.000000
-38714.000000
-38504.000000
-38293.000000
-38081.000000
-37868.000000
-37655.000000
-37445.000000
-37236.000000
-37027.000000
-36813.000000
-36603.000000
-36393.000000
-36182.000000
-35974.000000
-35765.000000
-35556.000000
-35347.000000
-35140.000000
-34930.000000
-34720.000000
-34509.000000
-34298.000000
-34088.000000
-33877.000000
-33663.000000
-33451.000000
-33237.000000
-33029.000000
-32820.000000
-32608.000000
-32509.000000
-32496.000000
-32494.000000
-32494.000000
-32497.000000
-32508.000000
-32526.000000
-32549.000000
-32578.000000
-32610.000000
-32645.000000
-32683.000000
-32722.000000
-32763.000000
-32810.000000
-32856.000000
-32901.000000
-32946.000000
-32991.000000
-33038.000000
-33084.000000
-33133.000000
-33179.000000
-34219.000000
-34325.000000
-34427.000000
-34528.000000
-34628.000000
-34728.000000
-34827.000000
-34926.000000
-35025.000000
-35126.000000
-35225.000000
-35326.000000
-35425.000000
-35526.000000
-35626.000000
-35726.000000
-35825.000000
-35924.000000
-36024.000000
-36124.000000
-36224.000000
-36323.000000
-36425.000000
-36525.000000
-36624.000000
-36723.000000
-36823.000000
-36927.000000
-37025.000000
-37124.000000
-37223.000000
-37323.000000
-37422.000000
-37522.000000
-37621.000000
-37721.000000
-37821.000000
-37922.000000
-38022.000000
-38121.000000
-38222.000000
-38322.000000
-38424.000000
-38526.000000
-38627.000000
-38730.000000
-38832.000000
-38932.000000
-39031.000000
-39131.000000
-39231.000000
-39330.000000
-39430.000000
-39531.000000
-39632.000000
-39732.000000
-39831.000000
-39931.000000
-40030.000000
-40131.000000
-40229.000000
-40328.000000
-40428.000000
-40528.000000
-40628.000000
-40726.000000
-40826.000000
-40925.000000
-41030.000000
-41128.000000
-41229.000000
-41329.000000
-41428.000000
-41527.000000
-41627.000000
-41726.000000
-41827.000000
-41928.000000
-42028.000000
-42128.000000
-42227.000000
-42327.000000
-42427.000000
-42529.000000
-42632.000000
-42732.000000
-42834.000000
-42935.000000
-43035.000000
-43135.000000
-43233.000000
-43336.000000
-43435.000000
-43536.000000
-43636.000000
-43737.000000
-43837.000000
-43935.000000
-44035.000000
-44134.000000
-44234.000000
-44332.000000
-44430.000000
-44530.000000
-44630.000000
-44730.000000
-44829.000000
-44928.000000
-45028.000000
-45132.000000
-45230.000000
-45328.000000
-45427.000000
-45527.000000
-45629.000000
-45730.000000
-45829.000000
-45929.000000
-46029.000000
-46129.000000
-46229.000000
-46328.000000
-46429.000000
-46530.000000
-46631.000000
-46733.000000
-46833.000000
-46934.000000
-47036.000000
-47135.000000
-47235.000000
-47334.000000
-47435.000000
-47535.000000
-47635.000000
-47737.000000
-47837.000000
-47937.000000
-48037.000000
-48137.000000
-48239.000000
-48339.000000
-48438.000000
-48537.000000
-48637.000000
-48736.000000
-48835.000000
-48934.000000
-49034.000000
-49132.000000
-49237.000000
-49335.000000
-49434.000000
-49534.000000
-49633.000000
-49733.000000
-49833.000000
-49932.000000
-50032.000000
-50132.000000
-50232.000000
-50332.000000
-50433.000000
-50533.000000
-50634.000000
-50734.000000
-50836.000000
-50936.000000
-51039.000000
-51139.000000
-51238.000000
-51336.000000
-51433.000000
-51530.000000
-51629.000000
-51725.000000
-51823.000000
-51920.000000
-52017.000000
-52113.000000
-52209.000000
-52303.000000
-52397.000000
-52492.000000
-52587.000000
-52680.000000
-52774.000000
-52866.000000
-52959.000000
-53053.000000
-53145.000000
-53381.000000
-53376.000000
-53354.000000
-53315.000000
-53258.000000
-53198.000000
-53138.000000
-53077.000000
-53015.000000
-52953.000000
-52890.000000
-52828.000000
-52763.000000
-52698.000000
-52633.000000
-52568.000000
-52501.000000
-52436.000000
-52368.000000
-52301.000000
-52165.000000
-51958.000000
-51748.000000
-51537.000000
-51325.000000
-51112.000000
-50896.000000
-50680.000000
-50466.000000
-50255.000000
-50039.000000
-49819.000000
-49606.000000
-49392.000000
-49177.000000
-48947.000000
-48748.000000
-48532.000000
-48319.000000
-48106.000000
-47893.000000
-47677.000000
-47463.000000
-47250.000000
-47038.000000
-46822.000000
-46601.000000
-46387.000000
-46175.000000
-45960.000000
-45746.000000
-45537.000000
-45329.000000
-45121.000000
-44905.000000
-44691.000000
-44486.000000
-44280.000000
-44072.000000
-43862.000000
-43649.000000
-43441.000000
-43232.000000
-43021.000000
-42811.000000
-42601.000000
-42390.000000
-42178.000000
-41965.000000
-41752.000000
-41542.000000
-41334.000000
-41125.000000
-40911.000000
-40702.000000
-40492.000000
-40284.000000
-40076.000000
-39868.000000
-39655.000000
-39445.000000
-39238.000000
-39027.000000
-38818.000000
-38607.000000
-38396.000000
-38185.000000
-37973.000000
-37760.000000
-37548.000000
-37339.000000
-37129.000000
-36922.000000
-36707.000000
-36498.000000
-36289.000000
-36077.000000
-35868.000000
-35659.000000
-35449.000000
-35242.000000
-35034.000000
-34823.000000
-34612.000000
-34403.000000
-34192.000000
-33979.000000
-33767.000000
-33553.000000
-33344.000000
-33136.000000
-32927.000000
-32708.000000
-32499.000000
-32288.000000
-32080.000000
-31872.000000
-31664.000000
-31455.000000
-31245.000000
-31040.000000
-30829.000000
-30618.000000
-30409.000000
-30198.000000
-29987.000000
-29775.000000
-29560.000000
-29350.000000
-29136.000000
-28930.000000
-28827.000000
-28812.000000
-28810.000000
-28810.000000
-28814.000000
-28826.000000
-28843.000000
-28866.000000
-28895.000000
-28928.000000
-28962.000000
-29000.000000
-29041.000000
-29080.000000
-29125.000000
-29169.000000
-29214.000000
-29260.000000
-29307.000000
-29354.000000
-29400.000000
-29449.000000
-29496.000000
-30544.000000
-30645.000000
-30745.000000
-30844.000000
-30943.000000
-31041.000000
-31141.000000
-31240.000000
-31340.000000
-31441.000000
-31541.000000
-31644.000000
-31744.000000
-31843.000000
-31943.000000
-32041.000000
-32140.000000
-32239.000000
-32340.000000
-32440.000000
-32539.000000
-32639.000000
-32737.000000
-32842.000000
-32940.000000
-33038.000000
-33138.000000
-33237.000000
-33336.000000
-33436.000000
-33536.000000
-33637.000000
-33737.000000
-33837.000000
-33936.000000
-34035.000000
-34140.000000
-34241.000000
-34342.000000
-34444.000000
-34545.000000
-34646.000000
-34747.000000
-34847.000000
-34946.000000
-35045.000000
-35145.000000
-35245.000000
-35346.000000
-35446.000000
-35547.000000
-35647.000000
-35746.000000
-35846.000000
-35945.000000
-36046.000000
-36144.000000
-36244.000000
-36344.000000
-36447.000000
-36546.000000
-36645.000000
-36744.000000
-36843.000000
-36948.000000
-37046.000000
-37144.000000
-37244.000000
-37343.000000
-37442.000000
-37543.000000
-37642.000000
-37743.000000
-37842.000000
-37942.000000
-38043.000000
-38142.000000
-38244.000000
-38344.000000
-38445.000000
-38547.000000
-38647.000000
-38748.000000
-38849.000000
-38949.000000
-39049.000000
-39149.000000
-39251.000000
-39351.000000
-39451.000000
-39552.000000
-39653.000000
-39752.000000
-39852.000000
-39953.000000
-40052.000000
-40153.000000
-40251.000000
-40350.000000
-40449.000000
-40549.000000
-40649.000000
-40748.000000
-40847.000000
-40946.000000
-41050.000000
-41148.000000
-41246.000000
-41345.000000
-41445.000000
-41543.000000
-41643.000000
-41744.000000
-41846.000000
-41946.000000
-42047.000000
-42146.000000
-42246.000000
-42346.000000
-42447.000000
-42548.000000
-42650.000000
-42751.000000
-42852.000000
-42951.000000
-43052.000000
-43151.000000
-43251.000000
-43350.000000
-43450.000000
-43550.000000
-43651.000000
-43752.000000
-43852.000000
-43952.000000
-44053.000000
-44152.000000
-44252.000000
-44351.000000
-44453.000000
-44552.000000
-44653.000000
-44752.000000
-44852.000000
-44951.000000
-45050.000000
-45154.000000
-45251.000000
-45351.000000
-45449.000000
-45550.000000
-45649.000000
-45749.000000
-45849.000000
-45949.000000
-46049.000000
-46150.000000
-46249.000000
-46349.000000
-46450.000000
-46551.000000
-46652.000000
-46755.000000
-46855.000000
-46956.000000
-47055.000000
-47158.000000
-47257.000000
-47357.000000
-47457.000000
-47557.000000
-47658.000000
-47759.000000
-47859.000000
-47959.000000
-48059.000000
-48159.000000
-48257.000000
-48358.000000
-48457.000000
-48556.000000
-48656.000000
-48756.000000
-48855.000000
-48954.000000
-49053.000000
-49152.000000
-49256.000000
-49354.000000
-49453.000000
-49552.000000
-49652.000000
-49750.000000
-49852.000000
-49951.000000
-50050.000000
-50150.000000
-50250.000000
-50348.000000
-50448.000000
-50547.000000
-50648.000000
-50748.000000
-50849.000000
-50948.000000
-51047.000000
-51145.000000
-51244.000000
-51342.000000
-51439.000000
-51536.000000
-51634.000000
-51730.000000
-51828.000000
-51924.000000
-52020.000000
-52113.000000
-52207.000000
-52302.000000
-52396.000000
-52490.000000
-52586.000000
-52679.000000
-52772.000000
-52865.000000
-53098.000000
-53092.000000
-53070.000000
-53031.000000
-52979.000000
-52921.000000
-52862.000000
-52799.000000
-52737.000000
-52674.000000
-52611.000000
-52548.000000
-52483.000000
-52415.000000
-52351.000000
-52285.000000
-52220.000000
-52153.000000
-52087.000000
-52021.000000
-51891.000000
-51686.000000
-51478.000000
-51268.000000
-51055.000000
-50841.000000
-50621.000000
-50408.000000
-50195.000000
-49979.000000
-49765.000000
-49551.000000
-49339.000000
-49120.000000
-48905.000000
-48692.000000
-48479.000000
-48265.000000
-48051.000000
-47837.000000
-47618.000000
-47405.000000
-47193.000000
-46980.000000
-46763.000000
-46548.000000
-46333.000000
-46121.000000
-45906.000000
-45690.000000
-45476.000000
-45263.000000
-45045.000000
-44835.000000
-44626.000000
-44417.000000
-44210.000000
-44002.000000
-43788.000000
-43579.000000
-43370.000000
-43162.000000
-42951.000000
-42740.000000
-42530.000000
-42321.000000
-42108.000000
-41893.000000
-41683.000000
-41473.000000
-41263.000000
-41056.000000
-40840.000000
-40631.000000
-40421.000000
-40214.000000
-40001.000000
-39791.000000
-39583.000000
-39375.000000
-39166.000000
-38958.000000
-38746.000000
-38536.000000
-38325.000000
-38113.000000
-37901.000000
-37688.000000
-37477.000000
-37268.000000
-37058.000000
-36846.000000
-36635.000000
-36422.000000
-36214.000000
-36005.000000
-35798.000000
-35589.000000
-35380.000000
-35172.000000
-34963.000000
-34753.000000
-34543.000000
-34332.000000
-34122.000000
-33909.000000
-33695.000000
-33483.000000
-33274.000000
-33066.000000
-32853.000000
-32638.000000
-32428.000000
-32217.000000
-32010.000000
-31802.000000
-31592.000000
-31383.000000
-31177.000000
-30969.000000
-30759.000000
-30548.000000
-30338.000000
-30126.000000
-29916.000000
-29703.000000
-29489.000000
-29275.000000
-29065.000000
-28858.000000
-28644.000000
-28542.000000
-28528.000000
-28527.000000
-28527.000000
-28532.000000
-28543.000000
-28562.000000
-28586.000000
-28614.000000
-28646.000000
-28682.000000
-28724.000000
-28764.000000
-28806.000000
-28848.000000
-28891.000000
-28937.000000
-28982.000000
-29029.000000
-29074.000000
-29122.000000
-29170.000000
-29218.000000
-30260.000000
-30363.000000
-30463.000000
-30563.000000
-30663.000000
-30763.000000
-30862.000000
-30964.000000
-31062.000000
-31163.000000
-31262.000000
-31363.000000
-31464.000000
-31563.000000
-31665.000000
-31764.000000
-31864.000000
-31964.000000
-32062.000000
-32161.000000
-32260.000000
-32361.000000
-32459.000000
-32559.000000
-32659.000000
-32757.000000
-32862.000000
-32960.000000
-33058.000000
-33157.000000
-33257.000000
-33357.000000
-33460.000000
-33559.000000
-33660.000000
-33760.000000
-33861.000000
-33960.000000
-34060.000000
-34160.000000
-34262.000000
-34363.000000
-34465.000000
-34566.000000
-34666.000000
-34767.000000
-34867.000000
-34966.000000
-35066.000000
-35165.000000
-35265.000000
-35366.000000
-35467.000000
-35567.000000
-35667.000000
-35767.000000
-35870.000000
-35969.000000
-36069.000000
-36168.000000
-36268.000000
-36367.000000
-36468.000000
-36567.000000
-36666.000000
-36764.000000
-36863.000000
-36968.000000
-37065.000000
-37164.000000
-37263.000000
-37363.000000
-37462.000000
-37562.000000
-37662.000000
-37762.000000
-37862.000000
-37964.000000
-38062.000000
-38163.000000
-38264.000000
-38368.000000
-38470.000000
-38571.000000
-38671.000000
-38772.000000
-38873.000000
-38973.000000
-39072.000000
-39173.000000
-39271.000000
-39372.000000
-39471.000000
-39572.000000
-39673.000000
-39772.000000
-39873.000000
-39972.000000
-40071.000000
-40172.000000
-40270.000000
-40370.000000
-40469.000000
-40568.000000
-40666.000000
-40765.000000
-40865.000000
-40966.000000
-41071.000000
-41169.000000
-41267.000000
-41365.000000
-41465.000000
-41565.000000
-41665.000000
-41764.000000
-41865.000000
-41965.000000
-42066.000000
-42165.000000
-42265.000000
-42366.000000
-42467.000000
-42569.000000
-42671.000000
-42772.000000
-42873.000000
-42973.000000
-43073.000000
-43173.000000
-43273.000000
-43371.000000
-43474.000000
-43574.000000
-43675.000000
-43776.000000
-43876.000000
-43977.000000
-44077.000000
-44175.000000
-44276.000000
-44374.000000
-44474.000000
-44573.000000
-44673.000000
-44773.000000
-44871.000000
-44971.000000
-45071.000000
-45174.000000
-45272.000000
-45370.000000
-45469.000000
-45569.000000
-45669.000000
-45769.000000
-45868.000000
-45969.000000
-46069.000000
-46170.000000
-46271.000000
-46372.000000
-46473.000000
-46574.000000
-46677.000000
-46778.000000
-46878.000000
-46980.000000
-47079.000000
-47178.000000
-47277.000000
-47376.000000
-47474.000000
-47574.000000
-47673.000000
-47772.000000
-47872.000000
-47970.000000
-48068.000000
-48167.000000
-48264.000000
-48362.000000
-48460.000000
-48558.000000
-48656.000000
-48755.000000
-48855.000000
-48953.000000
-49052.000000
-49151.000000
-49255.000000
-49353.000000
-49453.000000
-49551.000000
-49652.000000
-49752.000000
-49853.000000
-49952.000000
-50052.000000
-50153.000000
-50254.000000
-50353.000000
-50454.000000
-50555.000000
-50655.000000
-50757.000000
-50858.000000
-50958.000000
-51059.000000
-51159.000000
-51258.000000
-51357.000000
-51455.000000
-51553.000000
-51652.000000
-51749.000000
-51847.000000
-51948.000000
-52045.000000
-52141.000000
-52236.000000
-52330.000000
-52425.000000
-52518.000000
-52610.000000
-52704.000000
-52798.000000
-52891.000000
-52985.000000
-53219.000000
-53213.000000
-53189.000000
-53149.000000
-53096.000000
-53037.000000
-52977.000000
-52916.000000
-52855.000000
-52790.000000
-52728.000000
-52664.000000
-52601.000000
-52536.000000
-52472.000000
-52406.000000
-52340.000000
-52274.000000
-52207.000000
-52140.000000
-52005.000000
-51799.000000
-51590.000000
-51380.000000
-51168.000000
-50953.000000
-50737.000000
-50522.000000
-50308.000000
-50093.000000
-49878.000000
-49664.000000
-49449.000000
-49236.000000
-49016.000000
-48801.000000
-48581.000000
-48368.000000
-48154.000000
-47940.000000
-47725.000000
-47510.000000
-47297.000000
-47084.000000
-46869.000000
-46653.000000
-46439.000000
-46225.000000
-46011.000000
-45800.000000
-45590.000000
-45382.000000
-45174.000000
-44959.000000
-44749.000000
-44540.000000
-44328.000000
-44111.000000
-43911.000000
-43689.000000
-43494.000000
-43286.000000
-43075.000000
-42864.000000
-42654.000000
-42444.000000
-42231.000000
-42019.000000
-41806.000000
-41596.000000
-41386.000000
-41178.000000
-40964.000000
-40754.000000
-40541.000000
-40332.000000
-40124.000000
-39917.000000
-39707.000000
-39498.000000
-39289.000000
-39081.000000
-38870.000000
-38660.000000
-38449.000000
-38239.000000
-38026.000000
-37813.000000
-37601.000000
-37391.000000
-37177.000000
-36971.000000
-36756.000000
-36546.000000
-36337.000000
-36128.000000
-35921.000000
-35713.000000
-35504.000000
-35296.000000
-35087.000000
-34877.000000
-34666.000000
-34456.000000
-34245.000000
-34029.000000
-33818.000000
-33603.000000
-33393.000000
-33183.000000
-32975.000000
-32761.000000
-32552.000000
-32341.000000
-32132.000000
-31925.000000
-31716.000000
-31506.000000
-31299.000000
-31091.000000
-30882.000000
-30671.000000
-30462.000000
-30247.000000
-30036.000000
-29823.000000
-29609.000000
-29398.000000
-29188.000000
-28980.000000
-28774.000000
-28664.000000
-28649.000000
-28647.000000
-28648.000000
-28653.000000
-28664.000000
-28684.000000
-28710.000000
-28740.000000
-28771.000000
-28806.000000
-28843.000000
-28881.000000
-28923.000000
-28966.000000
-29010.000000
-29056.000000
-29100.000000
-29148.000000
-29193.000000
-29241.000000
-29288.000000
-29337.000000
-30382.000000
-30486.000000
-30586.000000
-30687.000000
-30786.000000
-30885.000000
-30984.000000
-31082.000000
-31182.000000
-31281.000000
-31382.000000
-31483.000000
-31583.000000
-31684.000000
-31783.000000
-31883.000000
-31983.000000
-32081.000000
-32181.000000
-32280.000000
-32381.000000
-32479.000000
-32578.000000
-32678.000000
-32776.000000
-32881.000000
-32978.000000
-33077.000000
-33175.000000
-33276.000000
-33379.000000
-33479.000000
-33579.000000
-33679.000000
-33779.000000
-33880.000000
-33978.000000
-34079.000000
-34180.000000
-34281.000000
-34383.000000
-34485.000000
-34586.000000
-34686.000000
-34787.000000
-34886.000000
-34985.000000
-35085.000000
-35185.000000
-35285.000000
-35385.000000
-35486.000000
-35587.000000
-35686.000000
-35786.000000
-35886.000000
-35985.000000
-36089.000000
-36187.000000
-36287.000000
-36386.000000
-36487.000000
-36586.000000
-36684.000000
-36784.000000
-36884.000000
-36987.000000
-37084.000000
-37184.000000
-37283.000000
-37382.000000
-37482.000000
-37582.000000
-37681.000000
-37781.000000
-37881.000000
-37983.000000
-38082.000000
-38182.000000
-38283.000000
-38384.000000
-38487.000000
-38587.000000
-38688.000000
-38789.000000
-38889.000000
-38992.000000
-39091.000000
-39192.000000
-39291.000000
-39391.000000
-39491.000000
-39591.000000
-39691.000000
-39791.000000
-39891.000000
-39991.000000
-40091.000000
-40192.000000
-40290.000000
-40389.000000
-40489.000000
-40588.000000
-40688.000000
-40786.000000
-40887.000000
-40988.000000
-41089.000000
-41187.000000
-41286.000000
-41385.000000
-41487.000000
-41584.000000
-41687.000000
-41786.000000
-41887.000000
-41989.000000
-42089.000000
-42188.000000
-42288.000000
-42388.000000
-42489.000000
-42592.000000
-42693.000000
-42794.000000
-42896.000000
-42995.000000
-43096.000000
-43194.000000
-43294.000000
-43393.000000
-43493.000000
-43593.000000
-43694.000000
-43795.000000
-43894.000000
-43994.000000
-44094.000000
-44193.000000
-44293.000000
-44392.000000
-44494.000000
-44595.000000
-44695.000000
-44795.000000
-44893.000000
-44993.000000
-45096.000000
-45196.000000
-45293.000000
-45392.000000
-45491.000000
-45590.000000
-45690.000000
-45790.000000
-45890.000000
-45990.000000
-46091.000000
-46191.000000
-46291.000000
-46390.000000
-46491.000000
-46593.000000
-46695.000000
-46796.000000
-46897.000000
-46999.000000
-47098.000000
-47197.000000
-47296.000000
-47399.000000
-47498.000000
-47598.000000
-47698.000000
-47798.000000
-47898.000000
-47997.000000
-48096.000000
-48196.000000
-48295.000000
-48395.000000
-48495.000000
-48594.000000
-48694.000000
-48793.000000
-48893.000000
-48990.000000
-49090.000000
-49193.000000
-49292.000000
-49391.000000
-49490.000000
-49589.000000
-49689.000000
-49788.000000
-49888.000000
-49991.000000
-50090.000000
-50192.000000
-50291.000000
-50392.000000
-50492.000000
-50593.000000
-50694.000000
-50796.000000
-50897.000000
-50998.000000
-51100.000000
-51199.000000
-51299.000000
-51399.000000
-51499.000000
-51598.000000
-51698.000000
-51798.000000
-51898.000000
-51998.000000
-52097.000000
-52197.000000
-52298.000000
-52397.000000
-52496.000000
-52599.000000
-52698.000000
-52798.000000
-52897.000000
-52996.000000
-53096.000000
-53195.000000
-53299.000000
-53399.000000
-53497.000000
-53596.000000
-53694.000000
-53794.000000
-53893.000000
-53993.000000
-54093.000000
-54193.000000
-54294.000000
-54393.000000
-54493.000000
-54593.000000
-54692.000000
-54792.000000
-54893.000000
-54993.000000
-55092.000000
-55192.000000
-55290.000000
-55388.000000
-55486.000000
-55587.000000
-55684.000000
-55783.000000
-55880.000000
-55980.000000
-56079.000000
-56177.000000
-56275.000000
-56373.000000
-56469.000000
-56565.000000
-56659.000000
-56753.000000
-56847.000000
-56943.000000
-57035.000000
-57130.000000
-57223.000000
-57316.000000
-57414.000000
-57642.000000
-57635.000000
-57612.000000
-57572.000000
-57520.000000
-57462.000000
-57400.000000
-57332.000000
-57271.000000
-57206.000000
-57143.000000
-57079.000000
-57015.000000
-56951.000000
-56884.000000
-56819.000000
-56753.000000
-56686.000000
-56620.000000
-56554.000000
-56418.000000
-56212.000000
-56002.000000
-55790.000000
-55578.000000
-55364.000000
-55148.000000
-54933.000000
-54716.000000
-54503.000000
-54289.000000
-54067.000000
-53857.000000
-53637.000000
-53423.000000
-53203.000000
-52987.000000
-52772.000000
-52558.000000
-52343.000000
-52128.000000
-51913.000000
-51699.000000
-51490.000000
-51279.000000
-51069.000000
-50859.000000
-50648.000000
-50437.000000
-50224.000000
-50011.000000
-49800.000000
-49586.000000
-49377.000000
-49165.000000
-48954.000000
-48746.000000
-48536.000000
-48329.000000
-48120.000000
-47911.000000
-47701.000000
-47493.000000
-47285.000000
-47074.000000
-46864.000000
-46653.000000
-46443.000000
-46231.000000
-46018.000000
-45806.000000
-45595.000000
-45382.000000
-45175.000000
-44960.000000
-44750.000000
-44540.000000
-44332.000000
-44125.000000
-43916.000000
-43706.000000
-43497.000000
-43290.000000
-43081.000000
-42870.000000
-42660.000000
-42449.000000
-42237.000000
-42025.000000
-41813.000000
-41602.000000
-41387.000000
-41179.000000
-40965.000000
-40755.000000
-40546.000000
-40337.000000
-40130.000000
-39921.000000
-39711.000000
-39502.000000
-39293.000000
-39086.000000
-38876.000000
-38665.000000
-38455.000000
-38245.000000
-38032.000000
-37818.000000
-37602.000000
-37391.000000
-37183.000000
-36976.000000
-36760.000000
-36549.000000
-36340.000000
-36133.000000
-35925.000000
-35716.000000
-35506.000000
-35298.000000
-35090.000000
-34882.000000
-34671.000000
-34461.000000
-34251.000000
-34039.000000
-33823.000000
-33609.000000
-33398.000000
-33190.000000
-33089.000000
-33074.000000
-33073.000000
-33073.000000
-33077.000000
-33089.000000
-33107.000000
-33131.000000
-33158.000000
-33190.000000
-33227.000000
-33264.000000
-33304.000000
-33346.000000
-33389.000000
-33434.000000
-33479.000000
-33525.000000
-33572.000000
-33619.000000
-33667.000000
-33714.000000
-33763.000000
-34809.000000
-34909.000000
-35008.000000
-35108.000000
-35206.000000
-35307.000000
-35405.000000
-35506.000000
-35606.000000
-35705.000000
-35805.000000
-35904.000000
-36004.000000
-36103.000000
-36203.000000
-36302.000000
-36405.000000
-36506.000000
-36605.000000
-36704.000000
-36803.000000
-36905.000000
-37005.000000
-37103.000000
-37203.000000
-37302.000000
-37401.000000
-37501.000000
-37600.000000
-37701.000000
-37800.000000
-37901.000000
-38001.000000
-38101.000000
-38201.000000
-38302.000000
-38403.000000
-38505.000000
-38606.000000
-38707.000000
-38808.000000
-38908.000000
-39008.000000
-39107.000000
-39211.000000
-39310.000000
-39410.000000
-39510.000000
-39610.000000
-39711.000000
-39809.000000
-39910.000000
-40010.000000
-40109.000000
-40209.000000
-40309.000000
-40408.000000
-40508.000000
-40607.000000
-40706.000000
-40805.000000
-40905.000000
-41009.000000
-41108.000000
-41206.000000
-41305.000000
-41404.000000
-41502.000000
-41603.000000
-41702.000000
-41803.000000
-41903.000000
-42007.000000
-42107.000000
-42206.000000
-42307.000000
-42407.000000
-42509.000000
-42611.000000
-42712.000000
-42813.000000
-42915.000000
-43015.000000
-43114.000000
-43213.000000
-43313.000000
-43412.000000
-43513.000000
-43612.000000
-43713.000000
-43814.000000
-43913.000000
-44014.000000
-44113.000000
-44212.000000
-44311.000000
-44411.000000
-44510.000000
-44610.000000
-44713.000000
-44812.000000
-44910.000000
-45009.000000
-45114.000000
-45211.000000
-45309.000000
-45407.000000
-45506.000000
-45605.000000
-45706.000000
-45805.000000
-45906.000000
-46005.000000
-46106.000000
-46205.000000
-46305.000000
-46406.000000
-46506.000000
-46607.000000
-46709.000000
-46810.000000
-46910.000000
-47012.000000
-47111.000000
-47211.000000
-47311.000000
-47411.000000
-47511.000000
-47611.000000
-47715.000000
-47816.000000
-47917.000000
-48016.000000
-48116.000000
-48216.000000
-48314.000000
-48414.000000
-48513.000000
-48613.000000
-48713.000000
-48813.000000
-48912.000000
-49011.000000
-49110.000000
-49214.000000
-49312.000000
-49411.000000
-49510.000000
-49610.000000
-49709.000000
-49809.000000
-49909.000000
-50009.000000
-50109.000000
-50213.000000
-50312.000000
-50412.000000
-50513.000000
-50613.000000
-50714.000000
-50816.000000
-50917.000000
-51018.000000
-51119.000000
-51219.000000
-51318.000000
-51417.000000
-51517.000000
-51616.000000
-51716.000000
-51817.000000
-51917.000000
-52018.000000
-52117.000000
-52218.000000
-52318.000000
-52418.000000
-52516.000000
-52615.000000
-52715.000000
-52815.000000
-52918.000000
-53016.000000
-53116.000000
-53215.000000
-53320.000000
-53418.000000
-53516.000000
-53615.000000
-53712.000000
-53811.000000
-53910.000000
-54009.000000
-54109.000000
-54210.000000
-54309.000000
-54407.000000
-54508.000000
-54607.000000
-54706.000000
-54807.000000
-54909.000000
-55010.000000
-55111.000000
-55212.000000
-55311.000000
-55410.000000
-55512.000000
-55611.000000
-55710.000000
-55809.000000
-55909.000000
-56010.000000
-56109.000000
-56208.000000
-56307.000000
-56406.000000
-56504.000000
-56602.000000
-56702.000000
-56800.000000
-56900.000000
-57000.000000
-57097.000000
-57194.000000
-57292.000000
-57395.000000
-57493.000000
-57589.000000
-57687.000000
-57784.000000
-57882.000000
-57981.000000
-58080.000000
-58181.000000
-58285.000000
-58390.000000
-58494.000000
-58597.000000
-58701.000000
-58804.000000
-58909.000000
-59013.000000
-59117.000000
-59220.000000
-59323.000000
-59424.000000
-59524.000000
-59624.000000
-59724.000000
-59825.000000
-59925.000000
-60026.000000
-60127.000000
-60225.000000
-60324.000000
-60424.000000
-60523.000000
-60624.000000
-60723.000000
-60823.000000
-60925.000000
-61025.000000
-61123.000000
-61222.000000
-61321.000000
-61420.000000
-61525.000000
-61623.000000
-61721.000000
-61821.000000
-61920.000000
-62020.000000
-62120.000000
-62218.000000
-62318.000000
-62416.000000
-62513.000000
-62610.000000
-62706.000000
-62802.000000
-62897.000000
-62994.000000
-63091.000000
-63188.000000
-63282.000000
-63376.000000
-63472.000000
-63565.000000
-63658.000000
-63752.000000
-63844.000000
-63938.000000
