103855.000000
103850.000000
103840.000000
103822.000000
103799.000000
103771.000000
103740.000000
103705.000000
103668.000000
103628.000000
103588.000000
103545.000000
103501.000000
103457.000000
103411.000000
103365.000000
103318.000000
103271.000000
103223.000000
103175.000000
102138.000000
102038.000000
101939.000000
101837.000000
101737.000000
101638.000000
101538.000000
101438.000000
101337.000000
101238.000000
101138.000000
101037.000000
100937.000000
100835.000000
100733.000000
100632.000000
100532.000000
100430.000000
100331.000000
100232.000000
100132.000000
100033.000000
99934.000000
99835.000000
99734.000000
99634.000000
99534.000000
99434.000000
99334.000000
99234.000000
99131.000000
99032.000000
98933.000000
98834.000000
98734.000000
98634.000000
98536.000000
98436.000000
98337.000000
98232.000000
98134.000000
98036.000000
97937.000000
97838.000000
97739.000000
97639.000000
97540.000000
97439.000000
97339.000000
97238.000000
97139.000000
97040.000000
96939.000000
96839.000000
96738.000000
96636.000000
96532.000000
96431.000000
96329.000000
96230.000000
96130.000000
96030.000000
95931.000000
95831.000000
95731.000000
95630.000000
95529.000000
95429.000000
95329.000000
95229.000000
95129.000000
95029.000000
94931.000000
94832.000000
94732.000000
94632.000000
94532.000000
94434.000000
94334.000000
94235.000000
94130.000000
94029.000000
93932.000000
93833.000000
93733.000000
93634.000000
93533.000000
93434.000000
93333.000000
93234.000000
93133.000000
93034.000000
92934.000000
92833.000000
92732.000000
92631.000000
92529.000000
92428.000000
92328.000000
92227.000000
92128.000000
92029.000000
91929.000000
91829.000000
91729.000000
91626.000000
91524.000000
91423.000000
91324.000000
91223.000000
91123.000000
91024.000000
90923.000000
90825.000000
90725.000000
90624.000000
90524.000000
90426.000000
90327.000000
90228.000000
90129.000000
90025.000000
89926.000000
89828.000000
89728.000000
89629.000000
89530.000000
89430.000000
89330.000000
89230.000000
89130.000000
89027.000000
88927.000000
88826.000000
88726.000000
88625.000000
88525.000000
88423.000000
88323.000000
88223.000000
88123.000000
88022.000000
87923.000000
87823.000000
87723.000000
87623.000000
87523.000000
87422.000000
87322.000000
87222.000000
87121.000000
87020.000000
86921.000000
86817.000000
86718.000000
86619.000000
86520.000000
86420.000000
86321.000000
86222.000000
86123.000000
86023.000000
85919.000000
85822.000000
85723.000000
85624.000000
85524.000000
85425.000000
85325.000000
85226.000000
85125.000000
85025.000000
84924.000000
84825.000000
84722.000000
84622.000000
84521.000000
84420.000000
84318.000000
84217.000000
84116.000000
84016.000000
83916.000000
83817.000000
83718.000000
83618.000000
83517.000000
83417.000000
83316.000000
83216.000000
83115.000000
83015.000000
82914.000000
82814.000000
82714.000000
82615.000000
82517.000000
82417.000000
82316.000000
82215.000000
82115.000000
82016.000000
81917.000000
81813.000000
81716.000000
81617.000000
81519.000000
81418.000000
81319.000000
81219.000000
81120.000000
81019.000000
80919.000000
80818.000000
80719.000000
80619.000000
80519.000000
80417.000000
80315.000000
80214.000000
80113.000000
80010.000000
79909.000000
79810.000000
79710.000000
79611.000000
79513.000000
79412.000000
79312.000000
79210.000000
79110.000000
79010.000000
78911.000000
78811.000000
78711.000000
78611.000000
78512.000000
78412.000000
78313.000000
78212.000000
78114.000000
78015.000000
77916.000000
77814.000000
77710.000000
77613.000000
77513.000000
77415.000000
77315.000000
77215.000000
77116.000000
77017.000000
76916.000000
76816.000000
76715.000000
76616.000000
76515.000000
76414.000000
76312.000000
76211.000000
76109.000000
76009.000000
75909.000000
75808.000000
75708.000000
75609.000000
75505.000000
75406.000000
75306.000000
75206.000000
75105.000000
75005.000000
74905.000000
74804.000000
74704.000000
74605.000000
74504.000000
74405.000000
74306.000000
74207.000000
74107.000000
74008.000000
73910.000000
73810.000000
73710.000000
73607.000000
73510.000000
73412.000000
73314.000000
73211.000000
73111.000000
73012.000000
72912.000000
72811.000000
72711.000000
72610.000000
72510.000000
72410.000000
72310.000000
72208.000000
72106.000000
72005.000000
71904.000000
71802.000000
71702.000000
71603.000000
71503.000000
71403.000000
71304.000000
71204.000000
71104.000000
71002.000000
70898.000000
70799.000000
70699.000000
70599.000000
70499.000000
70399.000000
70300.000000
70201.000000
70101.000000
70000.000000
69902.000000
69803.000000
69703.000000
69603.000000
69502.000000
69404.000000
69305.000000
69207.000000
69107.000000
69007.000000
68908.000000
68807.000000
68707.000000
68603.000000
68503.000000
68404.000000
68303.000000
68203.000000
68101.000000
67999.000000
67898.000000
67797.000000
67696.000000
67596.000000
67497.000000
67398.000000
67297.000000
67198.000000
67097.000000
66997.000000
66896.000000
66796.000000
66697.000000
66597.000000
66497.000000
66397.000000
66294.000000
66194.000000
66095.000000
65995.000000
65895.000000
65797.000000
65698.000000
65599.000000
65497.000000
65396.000000
65298.000000
65199.000000
65100.000000
65001.000000
64900.000000
64802.000000
64701.000000
64602.000000
64500.000000
64400.000000
64301.000000
64200.000000
64096.000000
63995.000000
63893.000000
63792.000000
63691.000000
63591.000000
63491.000000
63391.000000
63292.000000
63190.000000
63092.000000
62991.000000
62891.000000
62791.000000
62691.000000
62592.000000
62491.000000
62391.000000
62292.000000
62192.000000
62092.000000
61993.000000
61893.000000
61793.000000
61691.000000
61592.000000
61492.000000
61389.000000
61289.000000
61191.000000
61093.000000
60994.000000
60896.000000
60795.000000
60696.000000
60596.000000
60497.000000
60396.000000
60296.000000
60196.000000
60095.000000
59995.000000
59893.000000
59791.000000
59690.000000
59589.000000
59487.000000
59388.000000
59285.000000
59186.000000
59085.000000
58987.000000
58886.000000
58786.000000
58684.000000
58583.000000
58484.000000
58384.000000
58285.000000
58186.000000
58087.000000
57987.000000
57888.000000
57788.000000
57688.000000
57589.000000
57490.000000
57390.000000
57286.000000
57188.000000
57090.000000
56989.000000
56890.000000
56790.000000
56690.000000
56590.000000
56490.000000
56390.000000
56289.000000
56189.000000
56090.000000
55989.000000
55889.000000
55787.000000
55684.000000
55583.000000
55483.000000
55381.000000
55282.000000
55183.000000
55084.000000
54984.000000
54884.000000
54783.000000
54683.000000
54582.000000
54482.000000
54383.000000
54284.000000
54181.000000
54082.000000
53982.000000
53883.000000
53783.000000
53682.000000
53583.000000
53484.000000
53385.000000
53286.000000
53181.000000
53083.000000
52985.000000
52885.000000
52786.000000
52687.000000
52588.000000
52488.000000
52388.000000
52287.000000
52187.000000
52088.000000
51988.000000
51887.000000
51787.000000
51686.000000
51581.000000
51480.000000
51380.000000
51278.000000
51179.000000
51079.000000
50979.000000
50879.000000
50779.000000
50679.000000
50577.000000
50477.000000
50376.000000
50277.000000
50176.000000
50076.000000
49977.000000
49879.000000
49779.000000
49680.000000
49580.000000
49481.000000
49383.000000
49280.000000
49181.000000
49076.000000
48978.000000
48880.000000
48781.000000
48681.000000
48582.000000
48482.000000
48383.000000
48282.000000
48182.000000
48081.000000
47981.000000
47882.000000
47781.000000
47681.000000
47580.000000
47478.000000
47367.000000
47276.000000
47173.000000
47071.000000
46971.000000
46872.000000
46773.000000
46673.000000
46574.000000
46474.000000
46374.000000
46274.000000
46175.000000
46076.000000
45977.000000
45879.000000
45783.000000
45685.000000
45588.000000
45489.000000
45392.000000
45295.000000
45198.000000
45103.000000
45001.000000
44906.000000
44810.000000
44716.000000
44621.000000
44527.000000
44431.000000
44338.000000
44245.000000
44151.000000
44058.000000
43963.000000
43713.000000
43718.000000
43742.000000
43784.000000
43838.000000
43899.000000
43962.000000
44027.000000
44092.000000
44159.000000
44225.000000
44291.000000
44358.000000
44424.000000
44492.000000
44559.000000
44627.000000
44695.000000
44764.000000
44832.000000
44969.000000
45183.000000
45393.000000
45605.000000
45816.000000
46027.000000
46240.000000
46452.000000
46663.000000
46874.000000
47088.000000
47301.000000
47527.000000
47727.000000
47938.000000
48149.000000
48362.000000
48574.000000
48785.000000
48996.000000
49214.000000
49425.000000
49638.000000
49849.000000
50066.000000
50278.000000
50490.000000
50702.000000
50913.000000
51124.000000
51336.000000
51548.000000
51760.000000
51972.000000
52182.000000
52395.000000
52607.000000
52818.000000
53026.000000
53239.000000
53453.000000
53659.000000
53867.000000
54074.000000
54286.000000
54495.000000
54704.000000
54913.000000
55123.000000
55334.000000
55544.000000
55755.000000
55965.000000
56176.000000
56387.000000
56599.000000
56816.000000
57026.000000
57233.000000
57448.000000
57656.000000
57863.000000
58070.000000
58279.000000
58491.000000
58700.000000
58908.000000
59116.000000
59326.000000
59539.000000
59752.000000
59958.000000
60071.000000
60089.000000
60094.000000
60093.000000
60093.000000
60089.000000
60077.000000
60060.000000
60037.000000
60010.000000
59980.000000
59944.000000
59906.000000
59867.000000
59824.000000
59781.000000
59737.000000
59692.000000
59646.000000
59599.000000
59552.000000
59503.000000
59456.000000
59409.000000
58372.000000
58274.000000
58174.000000
58076.000000
57978.000000
57878.000000
57775.000000
57675.000000
57576.000000
57477.000000
57378.000000
57274.000000
57176.000000
57078.000000
56979.000000
56880.000000
56781.000000
56681.000000
56582.000000
56481.000000
56381.000000
56281.000000
56181.000000
56082.000000
55981.000000
55880.000000
55778.000000
55676.000000
55575.000000
55474.000000
55373.000000
55271.000000
55171.000000
55072.000000
54973.000000
54872.000000
54772.000000
54671.000000
54570.000000
54469.000000
54370.000000
54270.000000
54171.000000
54071.000000
53972.000000
53873.000000
53773.000000
53673.000000
53574.000000
53475.000000
53376.000000
53277.000000
53172.000000
53074.000000
52976.000000
52876.000000
52777.000000
52675.000000
52566.000000
52475.000000
52375.000000
52274.000000
52174.000000
52074.000000
51975.000000
51874.000000
51772.000000
51671.000000
51569.000000
51469.000000
51368.000000
51267.000000
51168.000000
51068.000000
50968.000000
50868.000000
50768.000000
50668.000000
50567.000000
50467.000000
50364.000000
50264.000000
50163.000000
50063.000000
49963.000000
49864.000000
49766.000000
49666.000000
49566.000000
49469.000000
49369.000000
49270.000000
49171.000000
49066.000000
48968.000000
48870.000000
48771.000000
48672.000000
48573.000000
48473.000000
48373.000000
48272.000000
48172.000000
48072.000000
47970.000000
47873.000000
47770.000000
47670.000000
47569.000000
47467.000000
47366.000000
47266.000000
47166.000000
47066.000000
46968.000000
46870.000000
46772.000000
46674.000000
46575.000000
46475.000000
46376.000000
46277.000000
46178.000000
46080.000000
45982.000000
45881.000000
45789.000000
45692.000000
45584.000000
45495.000000
45399.000000
45305.000000
45210.000000
45116.000000
45018.000000
44924.000000
44832.000000
44738.000000
44645.000000
44550.000000
44457.000000
44225.000000
44232.000000
44256.000000
44296.000000
44350.000000
44408.000000
44470.000000
44533.000000
44595.000000
44658.000000
44720.000000
44785.000000
44849.000000
44913.000000
44978.000000
45049.000000
45116.000000
45184.000000
45251.000000
45319.000000
45456.000000
45664.000000
45871.000000
46083.000000
46295.000000
46509.000000
46721.000000
46932.000000
47143.000000
47356.000000
47571.000000
47783.000000
47995.000000
48208.000000
48426.000000
48638.000000
48850.000000
49060.000000
49279.000000
49491.000000
49703.000000
49915.000000
50127.000000
50340.000000
50553.000000
50764.000000
50975.000000
51186.000000
51399.000000
51611.000000
51830.000000
52037.000000
52252.000000
52465.000000
52678.000000
52890.000000
53101.000000
53317.000000
53530.000000
53743.000000
53953.000000
54161.000000
54372.000000
54581.000000
54790.000000
54999.000000
55208.000000
55419.000000
55629.000000
55845.000000
56056.000000
56267.000000
56479.000000
56692.000000
56902.000000
57110.000000
57323.000000
57534.000000
57740.000000
57948.000000
58155.000000
58365.000000
58575.000000
58785.000000
58999.000000
59208.000000
59419.000000
59629.000000
59839.000000
60050.000000
60261.000000
60472.000000
60584.000000
60602.000000
60605.000000
60605.000000
60603.000000
60592.000000
60575.000000
60551.000000
60524.000000
60493.000000
60457.000000
60420.000000
60380.000000
60337.000000
60296.000000
60252.000000
60207.000000
60162.000000
60115.000000
60067.000000
60019.000000
59972.000000
59919.000000
58879.000000
58780.000000
58680.000000
58579.000000
58480.000000
58380.000000
58280.000000
58181.000000
58082.000000
57983.000000
57883.000000
57783.000000
57683.000000
57584.000000
57485.000000
57386.000000
57282.000000
57184.000000
57086.000000
56988.000000
56889.000000
56790.000000
56687.000000
56587.000000
56487.000000
56387.000000
56287.000000
56190.000000
56087.000000
55986.000000
55886.000000
55784.000000
55681.000000
55580.000000
55479.000000
55378.000000
55280.000000
55180.000000
55081.000000
54980.000000
54881.000000
54781.000000
54680.000000
54579.000000
54475.000000
54376.000000
54276.000000
54177.000000
54077.000000
53978.000000
53879.000000
53779.000000
53679.000000
53580.000000
53481.000000
53383.000000
53283.000000
53179.000000
53081.000000
52982.000000
52884.000000
52785.000000
52685.000000
52585.000000
52486.000000
52380.000000
52286.000000
52182.000000
52082.000000
51982.000000
51882.000000
51781.000000
51680.000000
51578.000000
51477.000000
51377.000000
51276.000000
51178.000000
51077.000000
50979.000000
50879.000000
50780.000000
50682.000000
50581.000000
50482.000000
50381.000000
50281.000000
50181.000000
50080.000000
49980.000000
49880.000000
49777.000000
49677.000000
49577.000000
49477.000000
49378.000000
49278.000000
49178.000000
49074.000000
48976.000000
48878.000000
48778.000000
48680.000000
48580.000000
48481.000000
48381.000000
48280.000000
48180.000000
48079.000000
47980.000000
47880.000000
47780.000000
47676.000000
47575.000000
47473.000000
47373.000000
47273.000000
47171.000000
47073.000000
46974.000000
46876.000000
46777.000000
46677.000000
46579.000000
46479.000000
46380.000000
46280.000000
46181.000000
46083.000000
45985.000000
45886.000000
45790.000000
45693.000000
45593.000000
45496.000000
45400.000000
45304.000000
45208.000000
45113.000000
45015.000000
44919.000000
44826.000000
44731.000000
44638.000000
44543.000000
44450.000000
44357.000000
44264.000000
44029.000000
44038.000000
44062.000000
44102.000000
44155.000000
44213.000000
44276.000000
44338.000000
44399.000000
44463.000000
44539.000000
44585.000000
44654.000000
44717.000000
44782.000000
44847.000000
44911.000000
44977.000000
45049.000000
45116.000000
45251.000000
45457.000000
45666.000000
45875.000000
46087.000000
46300.000000
46524.000000
46727.000000
46938.000000
47149.000000
47363.000000
47582.000000
47794.000000
48006.000000
48219.000000
48433.000000
48644.000000
48856.000000
49066.000000
49285.000000
49498.000000
49712.000000
49923.000000
50136.000000
50363.000000
50563.000000
50775.000000
50987.000000
51203.000000
51416.000000
51628.000000
51842.000000
52055.000000
52266.000000
52480.000000
52693.000000
52905.000000
53117.000000
53334.000000
53548.000000
53761.000000
53971.000000
54179.000000
54390.000000
54599.000000
54808.000000
55016.000000
55227.000000
55443.000000
55652.000000
55863.000000
56075.000000
56286.000000
56497.000000
56711.000000
56921.000000
57129.000000
57343.000000
57551.000000
57758.000000
57966.000000
58173.000000
58384.000000
58593.000000
58807.000000
59017.000000
59227.000000
59437.000000
59646.000000
59858.000000
60068.000000
60278.000000
60388.000000
60406.000000
60410.000000
60410.000000
60408.000000
60397.000000
60379.000000
60356.000000
60328.000000
60297.000000
60262.000000
60226.000000
60187.000000
60144.000000
60102.000000
60057.000000
60012.000000
59963.000000
59916.000000
59869.000000
59820.000000
59772.000000
59723.000000
58686.000000
58585.000000
58486.000000
58386.000000
58287.000000
58188.000000
58088.000000
57989.000000
57890.000000
57790.000000
57690.000000
57591.000000
57492.000000
57393.000000
57289.000000
57191.000000
57090.000000
56991.000000
56892.000000
56793.000000
56693.000000
56593.000000
56493.000000
56393.000000
56293.000000
56193.000000
56093.000000
55993.000000
55892.000000
55791.000000
55688.000000
55587.000000
55486.000000
55385.000000
55286.000000
55186.000000
55087.000000
54986.000000
54887.000000
54786.000000
54683.000000
54582.000000
54482.000000
54383.000000
54282.000000
54183.000000
54085.000000
53985.000000
53886.000000
53786.000000
53685.000000
53586.000000
53488.000000
53388.000000
53289.000000
53183.000000
53087.000000
52988.000000
52889.000000
52790.000000
52690.000000
52587.000000
52488.000000
52388.000000
52287.000000
52187.000000
52088.000000
51988.000000
51887.000000
51787.000000
51685.000000
51583.000000
51482.000000
51382.000000
51280.000000
51181.000000
51081.000000
50982.000000
50881.000000
50782.000000
50682.000000
50581.000000
50478.000000
50377.000000
50278.000000
50177.000000
50077.000000
49977.000000
49878.000000
49779.000000
49680.000000
49580.000000
49480.000000
49382.000000
49283.000000
49183.000000
49078.000000
48980.000000
48882.000000
48783.000000
48684.000000
48581.000000
48485.000000
48382.000000
48282.000000
48181.000000
48081.000000
47981.000000
47881.000000
47781.000000
47679.000000
47579.000000
47476.000000
47375.000000
47274.000000
47173.000000
47074.000000
46974.000000
46875.000000
46776.000000
46676.000000
46576.000000
46472.000000
46375.000000
46272.000000
46172.000000
46073.000000
45974.000000
45875.000000
45778.000000
45680.000000
45584.000000
45485.000000
45389.000000
45292.000000
45196.000000
45101.000000
45000.000000
44907.000000
44814.000000
44720.000000
44624.000000
44533.000000
44439.000000
44345.000000
44252.000000
44154.000000
44059.000000
43964.000000
43737.000000
43742.000000
43766.000000
43803.000000
43856.000000
43916.000000
43976.000000
44037.000000
44098.000000
44160.000000
44222.000000
44287.000000
44351.000000
44419.000000
44480.000000
44546.000000
44611.000000
44677.000000
44744.000000
44810.000000
44943.000000
45155.000000
45365.000000
45575.000000
45787.000000
46012.000000
46211.000000
46424.000000
46637.000000
46849.000000
47060.000000
47287.000000
47486.000000
47701.000000
47916.000000
48127.000000
48342.000000
48554.000000
48766.000000
48977.000000
49194.000000
49407.000000
49619.000000
49832.000000
50044.000000
50257.000000
50470.000000
50687.000000
50893.000000
51109.000000
51320.000000
51534.000000
51748.000000
51960.000000
52173.000000
52386.000000
52599.000000
52812.000000
53024.000000
53240.000000
53453.000000
53666.000000
53880.000000
54092.000000
54304.000000
54521.000000
54734.000000
54943.000000
55152.000000
55363.000000
55574.000000
55785.000000
55995.000000
56206.000000
56418.000000
56631.000000
56842.000000
57050.000000
57259.000000
57474.000000
57681.000000
57893.000000
58100.000000
58310.000000
58520.000000
58729.000000
58938.000000
59147.000000
59358.000000
59569.000000
59777.000000
59988.000000
60097.000000
60115.000000
60118.000000
60118.000000
60114.000000
60103.000000
60086.000000
60062.000000
60035.000000
60003.000000
59969.000000
59930.000000
59891.000000
59849.000000
59804.000000
59761.000000
59715.000000
59670.000000
59622.000000
59575.000000
59527.000000
59478.000000
59431.000000
58396.000000
58296.000000
58198.000000
58099.000000
58000.000000
57901.000000
57801.000000
57698.000000
57599.000000
57499.000000
57400.000000
57297.000000
57198.000000
57100.000000
57002.000000
56903.000000
56804.000000
56704.000000
56604.000000
56504.000000
56404.000000
56303.000000
56203.000000
56104.000000
56004.000000
55903.000000
55801.000000
55698.000000
55594.000000
55494.000000
55392.000000
55293.000000
55193.000000
55094.000000
54994.000000
54895.000000
54794.000000
54693.000000
54593.000000
54493.000000
54393.000000
54294.000000
54194.000000
54095.000000
53996.000000
53896.000000
53798.000000
53697.000000
53598.000000
53496.000000
53398.000000
53299.000000
53195.000000
53096.000000
52997.000000
52899.000000
52800.000000
52702.000000
52603.000000
52503.000000
52404.000000
52304.000000
52203.000000
52103.000000
52003.000000
51901.000000
51801.000000
51698.000000
51597.000000
51495.000000
51394.000000
51292.000000
51193.000000
51089.000000
50990.000000
50890.000000
50790.000000
50690.000000
50590.000000
50489.000000
50388.000000
50289.000000
50189.000000
50088.000000
49990.000000
49890.000000
49791.000000
49692.000000
49592.000000
49493.000000
49394.000000
49295.000000
49196.000000
49090.000000
48993.000000
48895.000000
48797.000000
48696.000000
48598.000000
48499.000000
48400.000000
48300.000000
48202.000000
48102.000000
48004.000000
47906.000000
47807.000000
47710.000000
47610.000000
47510.000000
47411.000000
47312.000000
47213.000000
47116.000000
47019.000000
46923.000000
46825.000000
46729.000000
46628.000000
46529.000000
46429.000000
46329.000000
46231.000000
46131.000000
46032.000000
45933.000000
45832.000000
45734.000000
45634.000000
45536.000000
45439.000000
45342.000000
45246.000000
45147.000000
45050.000000
44948.000000
44854.000000
44758.000000
44664.000000
44568.000000
44326.000000
44333.000000
44357.000000
44398.000000
44451.000000
44512.000000
44574.000000
44638.000000
44701.000000
44767.000000
44831.000000
44895.000000
44960.000000
45030.000000
45100.000000
45167.000000
45240.000000
45309.000000
45376.000000
45440.000000
45580.000000
45788.000000
45998.000000
46210.000000
46424.000000
46637.000000
46866.000000
47063.000000
47277.000000
47490.000000
47704.000000
47915.000000
48126.000000
48341.000000
48554.000000
48766.000000
48977.000000
49194.000000
49407.000000
49621.000000
49833.000000
50046.000000
50263.000000
50476.000000
50688.000000
50896.000000
51107.000000
51317.000000
51527.000000
51738.000000
51950.000000
52162.000000
52374.000000
52587.000000
52796.000000
53004.000000
53215.000000
53427.000000
53633.000000
53846.000000
54053.000000
54264.000000
54473.000000
54683.000000
54892.000000
55102.000000
55312.000000
55522.000000
55732.000000
55943.000000
56155.000000
56366.000000
56579.000000
56791.000000
56999.000000
57208.000000
57422.000000
57634.000000
57842.000000
58048.000000
58258.000000
58469.000000
58678.000000
58886.000000
59095.000000
59305.000000
59516.000000
59726.000000
59937.000000
60148.000000
60360.000000
60570.000000
60684.000000
60703.000000
60706.000000
60706.000000
60704.000000
60692.000000
60674.000000
60651.000000
60624.000000
60591.000000
60555.000000
60518.000000
60477.000000
60436.000000
60393.000000
60348.000000
60304.000000
60258.000000
60212.000000
60165.000000
60117.000000
60069.000000
60020.000000
58980.000000
58880.000000
58780.000000
58680.000000
58579.000000
58480.000000
58380.000000
58277.000000
58178.000000
58079.000000
57981.000000
57880.000000
57780.000000
57681.000000
57582.000000
57483.000000
57384.000000
57279.000000
57181.000000
57084.000000
56985.000000
56886.000000
56787.000000
56686.000000
56586.000000
56486.000000
56387.000000
56283.000000
56183.000000
56084.000000
55983.000000
55883.000000
55781.000000
55678.000000
55577.000000
55477.000000
55375.000000
55276.000000
55176.000000
55077.000000
54977.000000
54877.000000
54777.000000
54676.000000
54575.000000
54474.000000
54376.000000
54273.000000
54173.000000
54073.000000
53974.000000
53875.000000
53775.000000
53675.000000
53576.000000
53477.000000
53378.000000
53278.000000
53174.000000
53076.000000
52977.000000
52879.000000
52779.000000
52680.000000
52580.000000
52480.000000
52381.000000
52280.000000
52180.000000
52080.000000
51980.000000
51879.000000
51775.000000
51674.000000
51573.000000
51472.000000
51371.000000
51269.000000
51170.000000
51070.000000
50970.000000
50871.000000
50771.000000
50671.000000
50570.000000
50470.000000
50369.000000
50270.000000
50170.000000
50070.000000
49970.000000
49871.000000
49772.000000
49673.000000
49573.000000
49471.000000
49372.000000
49273.000000
49173.000000
49068.000000
48970.000000
48872.000000
48773.000000
48674.000000
48575.000000
48475.000000
48375.000000
48275.000000
48174.000000
48074.000000
47975.000000
47875.000000
47769.000000
47674.000000
47573.000000
47471.000000
47367.000000
47269.000000
47165.000000
47066.000000
46966.000000
46867.000000
46768.000000
46668.000000
46569.000000
46468.000000
46369.000000
46271.000000
46172.000000
46074.000000
45977.000000
45880.000000
45785.000000
45690.000000
45592.000000
45495.000000
45398.000000
45302.000000
45206.000000
45108.000000
45011.000000
44914.000000
44821.000000
44727.000000
44635.000000
44541.000000
44446.000000
44353.000000
44259.000000
44022.000000
44028.000000
44054.000000
44094.000000
44148.000000
44206.000000
44269.000000
44330.000000
44392.000000
44455.000000
44519.000000
44582.000000
44646.000000
44709.000000
44774.000000
44839.000000
44902.000000
44967.000000
45037.000000
45106.000000
45241.000000
45446.000000
45655.000000
45864.000000
46076.000000
46290.000000
46504.000000
46716.000000
46927.000000
47138.000000
47352.000000
47566.000000
47783.000000
47995.000000
48207.000000
48420.000000
48633.000000
48845.000000
49055.000000
49274.000000
49486.000000
49700.000000
49912.000000
50123.000000
50337.000000
50549.000000
50762.000000
50973.000000
51189.000000
51402.000000
51615.000000
51828.000000
52041.000000
52252.000000
52466.000000
52679.000000
52890.000000
53102.000000
53319.000000
53532.000000
53746.000000
53959.000000
54170.000000
54382.000000
54591.000000
54805.000000
55013.000000
55223.000000
55434.000000
55644.000000
55855.000000
56067.000000
56278.000000
56490.000000
56703.000000
56913.000000
57121.000000
57334.000000
57544.000000
57751.000000
57959.000000
58169.000000
58380.000000
58589.000000
58800.000000
59008.000000
59218.000000
59429.000000
59639.000000
59850.000000
60060.000000
60270.000000
60381.000000
60400.000000
60403.000000
60403.000000
60401.000000
60389.000000
60372.000000
60348.000000
60321.000000
60291.000000
60256.000000
60216.000000
60177.000000
60135.000000
60092.000000
60047.000000
60003.000000
59956.000000
59909.000000
59862.000000
59812.000000
59764.000000
59715.000000
58678.000000
58578.000000
58479.000000
58379.000000
58280.000000
58181.000000
58082.000000
57983.000000
57883.000000
57783.000000
57683.000000
57585.000000
57486.000000
57386.000000
57282.000000
57184.000000
57086.000000
56984.000000
56885.000000
56786.000000
56686.000000
56586.000000
56486.000000
56387.000000
56286.000000
56187.000000
56087.000000
55986.000000
55885.000000
55784.000000
55681.000000
55580.000000
55479.000000
55377.000000
55278.000000
55179.000000
55080.000000
54980.000000
54880.000000
54780.000000
54679.000000
54575.000000
54474.000000
54375.000000
54276.000000
54176.000000
54076.000000
53977.000000
53878.000000
53778.000000
53678.000000
53579.000000
53481.000000
53382.000000
53283.000000
53178.000000
53080.000000
52981.000000
52882.000000
52783.000000
52684.000000
52584.000000
52484.000000
52385.000000
52284.000000
52184.000000
52085.000000
51981.000000
51881.000000
51781.000000
51680.000000
51578.000000
51478.000000
51378.000000
51276.000000
51178.000000
51078.000000
50980.000000
50881.000000
50782.000000
50684.000000
50584.000000
50485.000000
50385.000000
50286.000000
50185.000000
50085.000000
49985.000000
49884.000000
49784.000000
49680.000000
49579.000000
49479.000000
49380.000000
49280.000000
49180.000000
49075.000000
48976.000000
48878.000000
48779.000000
48680.000000
48580.000000
48481.000000
48381.000000
48280.000000
48180.000000
48079.000000
47980.000000
47881.000000
47780.000000
47679.000000
47579.000000
47477.000000
47376.000000
47275.000000
47170.000000
47071.000000
46975.000000
46873.000000
46774.000000
46674.000000
46575.000000
46474.000000
46373.000000
46273.000000
46175.000000
46076.000000
45977.000000
45879.000000
45782.000000
45685.000000
45587.000000
45489.000000
45391.000000
45295.000000
45198.000000
45103.000000
45003.000000
44908.000000
44816.000000
44722.000000
44629.000000
44535.000000
44442.000000
44345.000000
44252.000000
44157.000000
44064.000000
43834.000000
43841.000000
43863.000000
43901.000000
43953.000000
44011.000000
44073.000000
44135.000000
44195.000000
44258.000000
44321.000000
44384.000000
44452.000000
44516.000000
44580.000000
44645.000000
44709.000000
44775.000000
44841.000000
44906.000000
45039.000000
45245.000000
45451.000000
45667.000000
45873.000000
46090.000000
46304.000000
46518.000000
46730.000000
46942.000000
47153.000000
47368.000000
47581.000000
47793.000000
48005.000000
48219.000000
48433.000000
48645.000000
48857.000000
49067.000000
49287.000000
49504.000000
49713.000000
49929.000000
50142.000000
50356.000000
50568.000000
50781.000000
50992.000000
51204.000000
51418.000000
51630.000000
51843.000000
52056.000000
52268.000000
52481.000000
52694.000000
52906.000000
53118.000000
53335.000000
53549.000000
53766.000000
53980.000000
54192.000000
54405.000000
54617.000000
54825.000000
55034.000000
55244.000000
55455.000000
55665.000000
55877.000000
56087.000000
56298.000000
56510.000000
56724.000000
56934.000000
57142.000000
57355.000000
57569.000000
57776.000000
57983.000000
58191.000000
58402.000000
58610.000000
58821.000000
59029.000000
59239.000000
59450.000000
59660.000000
59871.000000
60079.000000
60193.000000
60211.000000
60215.000000
60215.000000
60215.000000
60212.000000
60200.000000
60185.000000
60159.000000
60132.000000
60101.000000
60058.000000
60027.000000
59988.000000
59946.000000
59903.000000
59859.000000
59812.000000
59766.000000
59719.000000
59672.000000
59624.000000
59576.000000
59527.000000
58492.000000
58393.000000
58293.000000
58195.000000
58095.000000
57996.000000
57897.000000
57797.000000
57697.000000
57598.000000
57499.000000
57400.000000
57297.000000
57197.000000
57099.000000
57001.000000
56902.000000
56803.000000
56702.000000
56603.000000
56500.000000
56400.000000
56299.000000
56200.000000
56100.000000
55999.000000
55899.000000
55797.000000
55695.000000
55594.000000
55493.000000
55391.000000
55292.000000
55193.000000
55094.000000
54993.000000
54894.000000
54793.000000
54693.000000
54593.000000
54492.000000
54392.000000
54293.000000
54193.000000
54094.000000
53994.000000
53894.000000
53795.000000
53692.000000
53593.000000
53494.000000
53395.000000
53296.000000
53191.000000
53093.000000
52995.000000
52896.000000
52796.000000
52698.000000
52598.000000
52498.000000
52398.000000
52299.000000
52197.000000
52098.000000
51997.000000
51897.000000
51796.000000
51695.000000
51593.000000
51492.000000
51391.000000
51289.000000
51190.000000
51090.000000
50991.000000
50891.000000
50788.000000
50687.000000
50587.000000
50486.000000
50386.000000
50287.000000
50186.000000
50086.000000
49987.000000
49888.000000
49789.000000
49689.000000
49589.000000
49490.000000
49392.000000
49292.000000
49193.000000
49087.000000
48990.000000
48891.000000
48793.000000
48694.000000
48595.000000
48495.000000
48395.000000
48294.000000
48191.000000
48090.000000
47991.000000
47891.000000
47791.000000
47691.000000
47589.000000
47487.000000
47386.000000
47285.000000
47183.000000
47084.000000
46984.000000
46885.000000
46784.000000
46685.000000
46585.000000
46484.000000
46383.000000
46282.000000
46182.000000
46082.000000
45983.000000
45882.000000
45784.000000
45685.000000
45583.000000
45482.000000
45383.000000
45284.000000
45185.000000
45086.000000
44981.000000
44883.000000
44786.000000
44687.000000
44588.000000
44489.000000
44389.000000
44289.000000
44189.000000
44089.000000
43988.000000
43889.000000
43789.000000
43689.000000
43589.000000
43487.000000
43386.000000
43286.000000
43187.000000
43086.000000
42985.000000
42887.000000
42789.000000
42691.000000
42593.000000
42494.000000
42394.000000
42294.000000
42196.000000
42098.000000
42001.000000
41902.000000
41803.000000
41705.000000
41605.000000
41507.000000
41407.000000
41307.000000
41209.000000
41110.000000
41011.000000
40907.000000
40808.000000
40710.000000
40611.000000
40512.000000
40410.000000
40310.000000
40211.000000
40110.000000
40012.000000
39910.000000
39811.000000
39712.000000
39611.000000
39513.000000
39413.000000
39314.000000
39215.000000
39117.000000
39018.000000
38923.000000
38828.000000
38725.000000
38638.000000
38545.000000
38450.000000
38356.000000
38262.000000
38169.000000
