103788.000000
103783.000000
103772.000000
103755.000000
103730.000000
103702.000000
103672.000000
103636.000000
103599.000000
103560.000000
103519.000000
103476.000000
103432.000000
103387.000000
103341.000000
103295.000000
103249.000000
103200.000000
103154.000000
103105.000000
102068.000000
101970.000000
101870.000000
101771.000000
101672.000000
101572.000000
101472.000000
101370.000000
101270.000000
101171.000000
101071.000000
100970.000000
100868.000000
100766.000000
100662.000000
100561.000000
100460.000000
100361.000000
100262.000000
100162.000000
100062.000000
99964.000000
99863.000000
99765.000000
99665.000000
99565.000000
99465.000000
99365.000000
99264.000000
99164.000000
99065.000000
98965.000000
98866.000000
98766.000000
98666.000000
98568.000000
98469.000000
98366.000000
98263.000000
98163.000000
98066.000000
97966.000000
97868.000000
97770.000000
97670.000000
97570.000000
97470.000000
97370.000000
97268.000000
97168.000000
97069.000000
96968.000000
96868.000000
96763.000000
96665.000000
96563.000000
96462.000000
96361.000000
96258.000000
96159.000000
96060.000000
95959.000000
95861.000000
95760.000000
95660.000000
95559.000000
95459.000000
95359.000000
95259.000000
95159.000000
95059.000000
94960.000000
94861.000000
94761.000000
94661.000000
94561.000000
94462.000000
94362.000000
94264.000000
94157.000000
94060.000000
93960.000000
93861.000000
93762.000000
93663.000000
93562.000000
93463.000000
93363.000000
93264.000000
93162.000000
93062.000000
92964.000000
92863.000000
92763.000000
92661.000000
92559.000000
92458.000000
92357.000000
92256.000000
92157.000000
92057.000000
91958.000000
91858.000000
91755.000000
91654.000000
91554.000000
91453.000000
91353.000000
91253.000000
91153.000000
91054.000000
90955.000000
90855.000000
90754.000000
90655.000000
90555.000000
90454.000000
90356.000000
90257.000000
90158.000000
90054.000000
89955.000000
89857.000000
89758.000000
89659.000000
89560.000000
89457.000000
89358.000000
89257.000000
89158.000000
89057.000000
88957.000000
88858.000000
88756.000000
88657.000000
88556.000000
88453.000000
88344.000000
88252.000000
88151.000000
88052.000000
87952.000000
87853.000000
87752.000000
87653.000000
87552.000000
87452.000000
87351.000000
87251.000000
87151.000000
87047.000000
86948.000000
86847.000000
86749.000000
86650.000000
86550.000000
86450.000000
86350.000000
86252.000000
86152.000000
86052.000000
85948.000000
85849.000000
85751.000000
85652.000000
85553.000000
85454.000000
85354.000000
85255.000000
85154.000000
85050.000000
84950.000000
84851.000000
84752.000000
84651.000000
84552.000000
84450.000000
84348.000000
84247.000000
84146.000000
84045.000000
83945.000000
83845.000000
83747.000000
83647.000000
83547.000000
83447.000000
83346.000000
83245.000000
83144.000000
83045.000000
82944.000000
82844.000000
82744.000000
82646.000000
82547.000000
82444.000000
82344.000000
82244.000000
82145.000000
82046.000000
81947.000000
81843.000000
81745.000000
81647.000000
81548.000000
81449.000000
81349.000000
81249.000000
81149.000000
81049.000000
80949.000000
80849.000000
80749.000000
80650.000000
80549.000000
80447.000000
80343.000000
80241.000000
80141.000000
80040.000000
79938.000000
79839.000000
79739.000000
79640.000000
79540.000000
79440.000000
79340.000000
79239.000000
79138.000000
79038.000000
78938.000000
78838.000000
78739.000000
78639.000000
78540.000000
78441.000000
78341.000000
78241.000000
78143.000000
78040.000000
77942.000000
77842.000000
77738.000000
77639.000000
77541.000000
77442.000000
77342.000000
77243.000000
77144.000000
77044.000000
76944.000000
76844.000000
76744.000000
76644.000000
76543.000000
76443.000000
76341.000000
76241.000000
76139.000000
76038.000000
75938.000000
75834.000000
75737.000000
75634.000000
75534.000000
75435.000000
75334.000000
75235.000000
75133.000000
75033.000000
74933.000000
74832.000000
74732.000000
74632.000000
74532.000000
74434.000000
74334.000000
74236.000000
74135.000000
74038.000000
73938.000000
73839.000000
73740.000000
73635.000000
73535.000000
73437.000000
73339.000000
73238.000000
73139.000000
73041.000000
72941.000000
72841.000000
72740.000000
72638.000000
72541.000000
72440.000000
72340.000000
72239.000000
72139.000000
72037.000000
71936.000000
71835.000000
71734.000000
71634.000000
71534.000000
71432.000000
71333.000000
71231.000000
71132.000000
71030.000000
70930.000000
70830.000000
70729.000000
70629.000000
70529.000000
70429.000000
70330.000000
70231.000000
70132.000000
70031.000000
69933.000000
69833.000000
69734.000000
69635.000000
69531.000000
69435.000000
69336.000000
69237.000000
69134.000000
69034.000000
68935.000000
68835.000000
68734.000000
68634.000000
68533.000000
68435.000000
68315.000000
68233.000000
68132.000000
68029.000000
67928.000000
67827.000000
67728.000000
67627.000000
67527.000000
67428.000000
67327.000000
67229.000000
67128.000000
67028.000000
66923.000000
66822.000000
66723.000000
66623.000000
66524.000000
66424.000000
66324.000000
66225.000000
66125.000000
66026.000000
65925.000000
65826.000000
65727.000000
65628.000000
65530.000000
65426.000000
65328.000000
65229.000000
65130.000000
65030.000000
64931.000000
64828.000000
64732.000000
64629.000000
64529.000000
64428.000000
64330.000000
64228.000000
64128.000000
64027.000000
63924.000000
63824.000000
63723.000000
63623.000000
63522.000000
63422.000000
63322.000000
63222.000000
63123.000000
63022.000000
62922.000000
62822.000000
62721.000000
62619.000000
62518.000000
62417.000000
62318.000000
62217.000000
62119.000000
62019.000000
61921.000000
61821.000000
61721.000000
61623.000000
61523.000000
61423.000000
61320.000000
61223.000000
61124.000000
61025.000000
60927.000000
60826.000000
60726.000000
60627.000000
60525.000000
60425.000000
60324.000000
60222.000000
60122.000000
60021.000000
59920.000000
59818.000000
59717.000000
59616.000000
59514.000000
59415.000000
59315.000000
59217.000000
59116.000000
59018.000000
58917.000000
58817.000000
58715.000000
58614.000000
58515.000000
58415.000000
58315.000000
58215.000000
58112.000000
58014.000000
57916.000000
57815.000000
57715.000000
57615.000000
57518.000000
57417.000000
57317.000000
57215.000000
57118.000000
57019.000000
56920.000000
56821.000000
56721.000000
56621.000000
56522.000000
56420.000000
56319.000000
56219.000000
56120.000000
56020.000000
55916.000000
55815.000000
55713.000000
55612.000000
55512.000000
55410.000000
55311.000000
55212.000000
55114.000000
55014.000000
54915.000000
54815.000000
54715.000000
54615.000000
54515.000000
54416.000000
54316.000000
54216.000000
54118.000000
54017.000000
53919.000000
53818.000000
53717.000000
53618.000000
53518.000000
53419.000000
53320.000000
53219.000000
53119.000000
53021.000000
52923.000000
52824.000000
52726.000000
52627.000000
52528.000000
52430.000000
52331.000000
52232.000000
52133.000000
52036.000000
51937.000000
51839.000000
51737.000000
51638.000000
51540.000000
51443.000000
51345.000000
51247.000000
51149.000000
51052.000000
50955.000000
50857.000000
50759.000000
50661.000000
50560.000000
50460.000000
50360.000000
50259.000000
50157.000000
50055.000000
49952.000000
49850.000000
49747.000000
49644.000000
49536.000000
49435.000000
49334.000000
49231.000000
49127.000000
49023.000000
48924.000000
48823.000000
48723.000000
48622.000000
48522.000000
48421.000000
48321.000000
48220.000000
48118.000000
48018.000000
47917.000000
47817.000000
47716.000000
47614.000000
47512.000000
47409.000000
47308.000000
47206.000000
47102.000000
47002.000000
46901.000000
46801.000000
46701.000000
46601.000000
46500.000000
46398.000000
46298.000000
46198.000000
46098.000000
45999.000000
45900.000000
45800.000000
45701.000000
45602.000000
45502.000000
45403.000000
45305.000000
45206.000000
45108.000000
45004.000000
44906.000000
44806.000000
44708.000000
44611.000000
44512.000000
44414.000000
44316.000000
44218.000000
44122.000000
44023.000000
43926.000000
43830.000000
43732.000000
43635.000000
43534.000000
43433.000000
43334.000000
43235.000000
43137.000000
43038.000000
42940.000000
42842.000000
42744.000000
42646.000000
42543.000000
42445.000000
42343.000000
42225.000000
42146.000000
42046.000000
41948.000000
41848.000000
41748.000000
41649.000000
41547.000000
41446.000000
41344.000000
41245.000000
41145.000000
41045.000000
40945.000000
40841.000000
40744.000000
40643.000000
40543.000000
40442.000000
40341.000000
40241.000000
40141.000000
40040.000000
39940.000000
39840.000000
39741.000000
39638.000000
39538.000000
39438.000000
39338.000000
39239.000000
39140.000000
39041.000000
38943.000000
38846.000000
38751.000000
38654.000000
38560.000000
38465.000000
38371.000000
