3.096000000000000000e+03
3.092000000000000000e+03
3.080000000000000000e+03
3.062000000000000000e+03
3.038000000000000000e+03
3.011000000000000000e+03
2.979000000000000000e+03
2.946000000000000000e+03
2.909000000000000000e+03
2.870000000000000000e+03
2.829000000000000000e+03
2.785000000000000000e+03
2.741000000000000000e+03
2.696000000000000000e+03
2.652000000000000000e+03
2.604000000000000000e+03
2.557000000000000000e+03
2.509000000000000000e+03
2.461000000000000000e+03
2.412000000000000000e+03
1.370000000000000000e+03
1.268000000000000000e+03
1.169000000000000000e+03
1.068000000000000000e+03
9.690000000000000000e+02
8.690000000000000000e+02
7.690000000000000000e+02
6.700000000000000000e+02
5.720000000000000000e+02
4.720000000000000000e+02
3.720000000000000000e+02
2.720000000000000000e+02
1.710000000000000000e+02
7.000000000000000000e+01
-3.000000000000000000e+01
-1.310000000000000000e+02
-2.290000000000000000e+02
-3.270000000000000000e+02
-4.250000000000000000e+02
-5.240000000000000000e+02
-6.250000000000000000e+02
-7.240000000000000000e+02
-8.240000000000000000e+02
-9.240000000000000000e+02
-1.025000000000000000e+03
-1.126000000000000000e+03
-1.225000000000000000e+03
-1.325000000000000000e+03
-1.426000000000000000e+03
-1.527000000000000000e+03
-1.630000000000000000e+03
-1.730000000000000000e+03
-1.831000000000000000e+03
-1.933000000000000000e+03
-2.036000000000000000e+03
-2.133000000000000000e+03
-2.231000000000000000e+03
-2.335000000000000000e+03
-2.434000000000000000e+03
-2.535000000000000000e+03
-2.635000000000000000e+03
-2.736000000000000000e+03
-2.837000000000000000e+03
-2.935000000000000000e+03
-3.035000000000000000e+03
-3.135000000000000000e+03
-3.234000000000000000e+03
-3.334000000000000000e+03
-3.434000000000000000e+03
-3.533000000000000000e+03
-3.634000000000000000e+03
-3.733000000000000000e+03
-3.833000000000000000e+03
-3.931000000000000000e+03
-4.031000000000000000e+03
-4.133000000000000000e+03
-4.233000000000000000e+03
-4.331000000000000000e+03
-4.429000000000000000e+03
-4.528000000000000000e+03
-4.627000000000000000e+03
-4.745000000000000000e+03
-4.826000000000000000e+03
-4.924000000000000000e+03
-5.029000000000000000e+03
-5.127000000000000000e+03
-5.230000000000000000e+03
-5.330000000000000000e+03
-5.430000000000000000e+03
-5.531000000000000000e+03
-5.633000000000000000e+03
-5.735000000000000000e+03
-5.836000000000000000e+03
-5.936000000000000000e+03
-6.039000000000000000e+03
-6.138000000000000000e+03
-6.239000000000000000e+03
-6.338000000000000000e+03
-6.439000000000000000e+03
-6.537000000000000000e+03
-6.638000000000000000e+03
-6.738000000000000000e+03
-6.839000000000000000e+03
-6.939000000000000000e+03
-7.038000000000000000e+03
-7.138000000000000000e+03
-7.237000000000000000e+03
-7.336000000000000000e+03
-7.436000000000000000e+03
-7.539000000000000000e+03
-7.637000000000000000e+03
-7.737000000000000000e+03
-7.837000000000000000e+03
-7.937000000000000000e+03
-8.036000000000000000e+03
-8.136000000000000000e+03
-8.239000000000000000e+03
-8.338000000000000000e+03
-8.436000000000000000e+03
-8.535000000000000000e+03
-8.633000000000000000e+03
-8.732000000000000000e+03
-8.831000000000000000e+03
-8.931000000000000000e+03
-9.031000000000000000e+03
-9.131000000000000000e+03
-9.233000000000000000e+03
-9.333000000000000000e+03
-9.433000000000000000e+03
-9.532000000000000000e+03
-9.633000000000000000e+03
-9.735000000000000000e+03
-9.837000000000000000e+03
-9.939000000000000000e+03
-1.004300000000000000e+04
-1.014500000000000000e+04
-1.024400000000000000e+04
-1.034400000000000000e+04
-1.044300000000000000e+04
-1.054400000000000000e+04
-1.064300000000000000e+04
-1.074300000000000000e+04
-1.084300000000000000e+04
-1.094400000000000000e+04
-1.104500000000000000e+04
-1.114400000000000000e+04
-1.124400000000000000e+04
-1.134400000000000000e+04
-1.144200000000000000e+04
-1.154100000000000000e+04
-1.164000000000000000e+04
-1.173900000000000000e+04
-1.184000000000000000e+04
-1.194000000000000000e+04
-1.203900000000000000e+04
-1.213900000000000000e+04
-1.223800000000000000e+04
-1.234300000000000000e+04
-1.244100000000000000e+04
-1.253900000000000000e+04
-1.263700000000000000e+04
-1.273600000000000000e+04
-1.283800000000000000e+04
-1.293800000000000000e+04
-1.303800000000000000e+04
-1.313800000000000000e+04
-1.323700000000000000e+04
-1.333900000000000000e+04
-1.343800000000000000e+04
-1.353800000000000000e+04
-1.363800000000000000e+04
-1.373900000000000000e+04
-1.384100000000000000e+04
-1.394400000000000000e+04
-1.404600000000000000e+04
-1.414600000000000000e+04
-1.424800000000000000e+04
-1.434700000000000000e+04
-1.444700000000000000e+04
-1.454600000000000000e+04
-1.464700000000000000e+04
-1.474700000000000000e+04
-1.484700000000000000e+04
-1.494700000000000000e+04
-1.504800000000000000e+04
-1.514800000000000000e+04
-1.524700000000000000e+04
-1.534600000000000000e+04
-1.544600000000000000e+04
-1.554400000000000000e+04
-1.564400000000000000e+04
-1.574400000000000000e+04
-1.584200000000000000e+04
-1.594600000000000000e+04
-1.604600000000000000e+04
-1.614500000000000000e+04
-1.624400000000000000e+04
-1.634300000000000000e+04
-1.644900000000000000e+04
-1.654600000000000000e+04
-1.664400000000000000e+04
-1.674300000000000000e+04
-1.684200000000000000e+04
-1.694100000000000000e+04
-1.704000000000000000e+04
-1.714000000000000000e+04
-1.724100000000000000e+04
-1.734000000000000000e+04
-1.744100000000000000e+04
-1.754100000000000000e+04
-1.764100000000000000e+04
-1.774200000000000000e+04
-1.784200000000000000e+04
-1.794400000000000000e+04
-1.804600000000000000e+04
-1.814800000000000000e+04
-1.824800000000000000e+04
-1.835000000000000000e+04
-1.845300000000000000e+04
-1.855300000000000000e+04
-1.865300000000000000e+04
-1.875300000000000000e+04
-1.885200000000000000e+04
-1.895200000000000000e+04
-1.905200000000000000e+04
-1.915300000000000000e+04
-1.925300000000000000e+04
-1.935100000000000000e+04
-1.945200000000000000e+04
-1.955100000000000000e+04
-1.965100000000000000e+04
-1.974900000000000000e+04
-1.984800000000000000e+04
-1.994800000000000000e+04
-2.004800000000000000e+04
-2.014800000000000000e+04
-2.024600000000000000e+04
-2.034600000000000000e+04
-2.044600000000000000e+04
-2.055100000000000000e+04
-2.064900000000000000e+04
-2.074600000000000000e+04
-2.084500000000000000e+04
-2.094700000000000000e+04
-2.104600000000000000e+04
-2.114600000000000000e+04
-2.124500000000000000e+04
-2.134700000000000000e+04
-2.144700000000000000e+04
-2.154700000000000000e+04
-2.164700000000000000e+04
-2.174700000000000000e+04
-2.184800000000000000e+04
-2.194700000000000000e+04
-2.204900000000000000e+04
-2.215200000000000000e+04
-2.225400000000000000e+04
-2.235500000000000000e+04
-2.245700000000000000e+04
-2.255600000000000000e+04
-2.265600000000000000e+04
-2.275600000000000000e+04
-2.285500000000000000e+04
-2.295500000000000000e+04
-2.305500000000000000e+04
-2.315600000000000000e+04
-2.325600000000000000e+04
-2.335600000000000000e+04
-2.345500000000000000e+04
-2.355500000000000000e+04
-2.365400000000000000e+04
-2.375400000000000000e+04
-2.385200000000000000e+04
-2.395100000000000000e+04
-2.405400000000000000e+04
-2.415400000000000000e+04
-2.425400000000000000e+04
-2.435300000000000000e+04
-2.445300000000000000e+04
-2.455200000000000000e+04
-2.465700000000000000e+04
-2.475400000000000000e+04
-2.485100000000000000e+04
-2.495100000000000000e+04
-2.504900000000000000e+04
-2.514900000000000000e+04
-2.524900000000000000e+04
-2.534900000000000000e+04
-2.544900000000000000e+04
-2.554900000000000000e+04
-2.565000000000000000e+04
-2.574900000000000000e+04
-2.584900000000000000e+04
-2.595000000000000000e+04
-2.605100000000000000e+04
-2.615300000000000000e+04
-2.625500000000000000e+04
-2.636000000000000000e+04
-2.646100000000000000e+04
-2.656100000000000000e+04
-2.666200000000000000e+04
-2.676100000000000000e+04
-2.686100000000000000e+04
-2.696100000000000000e+04
-2.706100000000000000e+04
-2.716200000000000000e+04
-2.726300000000000000e+04
-2.736300000000000000e+04
-2.746100000000000000e+04
-2.756100000000000000e+04
-2.766000000000000000e+04
-2.775900000000000000e+04
-2.785900000000000000e+04
-2.795800000000000000e+04
-2.805700000000000000e+04
-2.815700000000000000e+04
-2.825700000000000000e+04
-2.835600000000000000e+04
-2.845500000000000000e+04
-2.855500000000000000e+04
-2.865400000000000000e+04
-2.875900000000000000e+04
-2.885700000000000000e+04
-2.895800000000000000e+04
-2.905400000000000000e+04
-2.915300000000000000e+04
-2.925500000000000000e+04
-2.935500000000000000e+04
-2.945400000000000000e+04
-2.955600000000000000e+04
-2.965600000000000000e+04
-2.975600000000000000e+04
-2.985600000000000000e+04
-2.995600000000000000e+04
-3.005700000000000000e+04
-3.015800000000000000e+04
-3.025900000000000000e+04
-3.036100000000000000e+04
-3.046200000000000000e+04
-3.056300000000000000e+04
-3.066300000000000000e+04
-3.076400000000000000e+04
-3.086400000000000000e+04
-3.096400000000000000e+04
-3.106400000000000000e+04
-3.116400000000000000e+04
-3.126400000000000000e+04
-3.136500000000000000e+04
-3.146500000000000000e+04
-3.156400000000000000e+04
-3.166400000000000000e+04
-3.176400000000000000e+04
-3.186300000000000000e+04
-3.196300000000000000e+04
-3.206100000000000000e+04
-3.216000000000000000e+04
-3.225900000000000000e+04
-3.236300000000000000e+04
-3.246200000000000000e+04
-3.256100000000000000e+04
-3.266100000000000000e+04
-3.276100000000000000e+04
-3.286500000000000000e+04
-3.296200000000000000e+04
-3.306100000000000000e+04
-3.315900000000000000e+04
-3.325900000000000000e+04
-3.335800000000000000e+04
-3.345800000000000000e+04
-3.355700000000000000e+04
-3.365800000000000000e+04
-3.375900000000000000e+04
-3.386000000000000000e+04
-3.395900000000000000e+04
-3.405900000000000000e+04
-3.416000000000000000e+04
-3.426100000000000000e+04
-3.436200000000000000e+04
-3.446400000000000000e+04
-3.456500000000000000e+04
-3.466600000000000000e+04
-3.476700000000000000e+04
-3.486800000000000000e+04
-3.496800000000000000e+04
-3.507000000000000000e+04
-3.517000000000000000e+04
-3.527000000000000000e+04
-3.537000000000000000e+04
-3.547100000000000000e+04
-3.557100000000000000e+04
-3.567100000000000000e+04
-3.577000000000000000e+04
-3.587000000000000000e+04
-3.596900000000000000e+04
-3.606800000000000000e+04
-3.616700000000000000e+04
-3.626500000000000000e+04
-3.636400000000000000e+04
-3.646500000000000000e+04
-3.656400000000000000e+04
-3.666400000000000000e+04
-3.676400000000000000e+04
-3.686300000000000000e+04
-3.696700000000000000e+04
-3.706400000000000000e+04
-3.716300000000000000e+04
-3.726100000000000000e+04
-3.736100000000000000e+04
-3.746000000000000000e+04
-3.756000000000000000e+04
-3.766000000000000000e+04
-3.776100000000000000e+04
-3.786100000000000000e+04
-3.796500000000000000e+04
-3.806400000000000000e+04
-3.816400000000000000e+04
-3.826500000000000000e+04
-3.836600000000000000e+04
-3.846900000000000000e+04
-3.857000000000000000e+04
-3.867100000000000000e+04
-3.877200000000000000e+04
-3.887300000000000000e+04
-3.897300000000000000e+04
-3.907300000000000000e+04
-3.917300000000000000e+04
-3.927200000000000000e+04
-3.937300000000000000e+04
-3.947300000000000000e+04
-3.957400000000000000e+04
-3.967300000000000000e+04
-3.977300000000000000e+04
-3.987300000000000000e+04
-3.997200000000000000e+04
-4.007000000000000000e+04
-4.017000000000000000e+04
-4.026900000000000000e+04
-4.036800000000000000e+04
-4.046700000000000000e+04
-4.056800000000000000e+04
-4.066700000000000000e+04
-4.076900000000000000e+04
-4.086900000000000000e+04
-4.096900000000000000e+04
-4.107300000000000000e+04
-4.116900000000000000e+04
-4.126900000000000000e+04
-4.136700000000000000e+04
-4.146700000000000000e+04
-4.156600000000000000e+04
-4.166600000000000000e+04
-4.176500000000000000e+04
-4.186600000000000000e+04
-4.196600000000000000e+04
-4.206700000000000000e+04
-4.216600000000000000e+04
-4.226700000000000000e+04
-4.236800000000000000e+04
-4.247000000000000000e+04
-4.257100000000000000e+04
-4.267300000000000000e+04
-4.277400000000000000e+04
-4.287500000000000000e+04
-4.297600000000000000e+04
-4.307600000000000000e+04
-4.317600000000000000e+04
-4.327600000000000000e+04
-4.337500000000000000e+04
-4.347600000000000000e+04
-4.357500000000000000e+04
-4.367600000000000000e+04
-4.377600000000000000e+04
-4.387800000000000000e+04
-4.397700000000000000e+04
-4.407700000000000000e+04
-4.417600000000000000e+04
-4.427600000000000000e+04
-4.437400000000000000e+04
-4.447300000000000000e+04
-4.457200000000000000e+04
-4.467300000000000000e+04
-4.477200000000000000e+04
-4.487100000000000000e+04
-4.497200000000000000e+04
-4.507200000000000000e+04
-4.517600000000000000e+04
-4.527200000000000000e+04
-4.537100000000000000e+04
-4.546900000000000000e+04
-4.556900000000000000e+04
-4.566800000000000000e+04
-4.576700000000000000e+04
-4.586800000000000000e+04
-4.596800000000000000e+04
-4.606900000000000000e+04
-4.617000000000000000e+04
-4.626900000000000000e+04
-4.637000000000000000e+04
-4.647300000000000000e+04
-4.657500000000000000e+04
-4.667700000000000000e+04
-4.677800000000000000e+04
-4.688000000000000000e+04
-4.698100000000000000e+04
-4.708200000000000000e+04
-4.718200000000000000e+04
-4.728200000000000000e+04
-4.738200000000000000e+04
-4.748100000000000000e+04
-4.758200000000000000e+04
-4.768100000000000000e+04
-4.778200000000000000e+04
-4.788200000000000000e+04
-4.798000000000000000e+04
-4.808000000000000000e+04
-4.817900000000000000e+04
-4.827800000000000000e+04
-4.837700000000000000e+04
-4.847500000000000000e+04
-4.857500000000000000e+04
-4.867400000000000000e+04
-4.877500000000000000e+04
-4.887500000000000000e+04
-4.897400000000000000e+04
-4.907800000000000000e+04
-4.917800000000000000e+04
-4.928000000000000000e+04
-4.937700000000000000e+04
-4.947500000000000000e+04
-4.957400000000000000e+04
-4.967300000000000000e+04
-4.977300000000000000e+04
-4.987300000000000000e+04
-4.997400000000000000e+04
-5.007400000000000000e+04
-5.017400000000000000e+04
-5.027500000000000000e+04
-5.037500000000000000e+04
-5.047500000000000000e+04
-5.057600000000000000e+04
-5.067800000000000000e+04
-5.078000000000000000e+04
-5.088100000000000000e+04
-5.098300000000000000e+04
-5.108500000000000000e+04
-5.118500000000000000e+04
-5.128500000000000000e+04
-5.138400000000000000e+04
-5.148500000000000000e+04
-5.158400000000000000e+04
-5.168500000000000000e+04
-5.178700000000000000e+04
-5.188800000000000000e+04
-5.198800000000000000e+04
-5.208600000000000000e+04
-5.218500000000000000e+04
-5.228400000000000000e+04
-5.238300000000000000e+04
-5.248200000000000000e+04
-5.258200000000000000e+04
-5.268100000000000000e+04
-5.278100000000000000e+04
-5.288100000000000000e+04
-5.298100000000000000e+04
-5.308000000000000000e+04
-5.318000000000000000e+04
-5.328200000000000000e+04
-5.338200000000000000e+04
-5.348000000000000000e+04
-5.357900000000000000e+04
-5.367700000000000000e+04
-5.377600000000000000e+04
-5.387600000000000000e+04
-5.397500000000000000e+04
-5.407500000000000000e+04
-5.417600000000000000e+04
-5.427700000000000000e+04
-5.437800000000000000e+04
-5.447800000000000000e+04
-5.457800000000000000e+04
-5.467900000000000000e+04
-5.478000000000000000e+04
-5.488300000000000000e+04
-5.498700000000000000e+04
-5.508900000000000000e+04
-5.519000000000000000e+04
-5.529000000000000000e+04
-5.539100000000000000e+04
-5.549000000000000000e+04
-5.559100000000000000e+04
-5.569000000000000000e+04
-5.579100000000000000e+04
-5.589000000000000000e+04
-5.599000000000000000e+04
-5.609000000000000000e+04
-5.618800000000000000e+04
-5.628800000000000000e+04
-5.638700000000000000e+04
-5.648600000000000000e+04
-5.658500000000000000e+04
-5.668400000000000000e+04
-5.678400000000000000e+04
-5.688300000000000000e+04
-5.698300000000000000e+04
-5.708400000000000000e+04
-5.718200000000000000e+04
-5.728200000000000000e+04
-5.738500000000000000e+04
-5.748600000000000000e+04
-5.758400000000000000e+04
-5.768500000000000000e+04
-5.778400000000000000e+04
-5.788300000000000000e+04
-5.798300000000000000e+04
-5.808200000000000000e+04
-5.818300000000000000e+04
-5.828300000000000000e+04
-5.838400000000000000e+04
-5.848500000000000000e+04
-5.858400000000000000e+04
-5.868400000000000000e+04
-5.878500000000000000e+04
-5.888700000000000000e+04
-5.898900000000000000e+04
-5.909000000000000000e+04
-5.919200000000000000e+04
-5.929400000000000000e+04
-5.939400000000000000e+04
-5.949400000000000000e+04
-5.959300000000000000e+04
-5.969400000000000000e+04
-5.979200000000000000e+04
-5.989300000000000000e+04
-5.999300000000000000e+04
-6.009300000000000000e+04
-6.019400000000000000e+04
-6.029500000000000000e+04
-6.039400000000000000e+04
-6.049400000000000000e+04
-6.059200000000000000e+04
-6.069100000000000000e+04
-6.079000000000000000e+04
-6.088800000000000000e+04
-6.098800000000000000e+04
-6.108800000000000000e+04
-6.118800000000000000e+04
-6.128600000000000000e+04
-6.138600000000000000e+04
-6.149000000000000000e+04
-6.158900000000000000e+04
-6.168700000000000000e+04
-6.178600000000000000e+04
-6.188500000000000000e+04
-6.198400000000000000e+04
-6.208400000000000000e+04
-6.218400000000000000e+04
-6.228400000000000000e+04
-6.238400000000000000e+04
-6.248500000000000000e+04
-6.258500000000000000e+04
-6.268500000000000000e+04
-6.278500000000000000e+04
-6.288900000000000000e+04
-6.299100000000000000e+04
-6.309300000000000000e+04
-6.319500000000000000e+04
-6.329600000000000000e+04
-6.339800000000000000e+04
-6.349700000000000000e+04
-6.359800000000000000e+04
-6.369700000000000000e+04
-6.379800000000000000e+04
-6.389800000000000000e+04
-6.399900000000000000e+04
-6.409800000000000000e+04
-6.419800000000000000e+04
-6.429800000000000000e+04
-6.439700000000000000e+04
-6.449600000000000000e+04
-6.459500000000000000e+04
-6.469300000000000000e+04
-6.479300000000000000e+04
-6.489300000000000000e+04
-6.499200000000000000e+04
-6.509200000000000000e+04
-6.519200000000000000e+04
-6.529200000000000000e+04
-6.539100000000000000e+04
-6.549100000000000000e+04
-6.559500000000000000e+04
-6.569300000000000000e+04
-6.579200000000000000e+04
-6.589000000000000000e+04
-6.599300000000000000e+04
-6.609200000000000000e+04
-6.619100000000000000e+04
-6.629100000000000000e+04
-6.639100000000000000e+04
-6.649100000000000000e+04
-6.659100000000000000e+04
-6.669100000000000000e+04
-6.679100000000000000e+04
-6.689200000000000000e+04
-6.699200000000000000e+04
-6.709400000000000000e+04
-6.719600000000000000e+04
-6.729800000000000000e+04
-6.739900000000000000e+04
-6.750100000000000000e+04
-6.760000000000000000e+04
-6.770100000000000000e+04
-6.780100000000000000e+04
-6.790200000000000000e+04
-6.800100000000000000e+04
-6.810000000000000000e+04
-6.820100000000000000e+04
-6.830100000000000000e+04
-6.840100000000000000e+04
-6.850000000000000000e+04
-6.860300000000000000e+04
-6.870200000000000000e+04
-6.880100000000000000e+04
-6.890000000000000000e+04
-6.899800000000000000e+04
-6.909800000000000000e+04
-6.919800000000000000e+04
-6.929800000000000000e+04
-6.939700000000000000e+04
-6.949700000000000000e+04
-6.959700000000000000e+04
-6.970200000000000000e+04
-6.979900000000000000e+04
-6.989800000000000000e+04
-6.999600000000000000e+04
-7.009400000000000000e+04
-7.019400000000000000e+04
-7.029300000000000000e+04
-7.039300000000000000e+04
-7.049400000000000000e+04
-7.059500000000000000e+04
-7.069500000000000000e+04
-7.079500000000000000e+04
-7.089400000000000000e+04
-7.099500000000000000e+04
-7.109500000000000000e+04
-7.119600000000000000e+04
-7.129900000000000000e+04
-7.140300000000000000e+04
-7.150400000000000000e+04
-7.160700000000000000e+04
-7.170700000000000000e+04
-7.180700000000000000e+04
-7.190600000000000000e+04
-7.200600000000000000e+04
-7.210600000000000000e+04
-7.220500000000000000e+04
-7.230500000000000000e+04
-7.240500000000000000e+04
-7.250300000000000000e+04
-7.260300000000000000e+04
-7.270100000000000000e+04
-7.280000000000000000e+04
-7.290000000000000000e+04
-7.299900000000000000e+04
-7.309800000000000000e+04
-7.319700000000000000e+04
-7.329900000000000000e+04
-7.339900000000000000e+04
-7.349900000000000000e+04
-7.360000000000000000e+04
-7.369800000000000000e+04
-7.380400000000000000e+04
-7.390100000000000000e+04
-7.399900000000000000e+04
-7.409800000000000000e+04
-7.419700000000000000e+04
-7.429600000000000000e+04
-7.439600000000000000e+04
-7.449600000000000000e+04
-7.459600000000000000e+04
-7.469600000000000000e+04
-7.479900000000000000e+04
-7.489900000000000000e+04
-7.499800000000000000e+04
-7.509900000000000000e+04
-7.520100000000000000e+04
-7.530200000000000000e+04
-7.540400000000000000e+04
-7.550600000000000000e+04
-7.560600000000000000e+04
-7.570900000000000000e+04
-7.580900000000000000e+04
-7.590800000000000000e+04
-7.600800000000000000e+04
-7.610800000000000000e+04
-7.620900000000000000e+04
-7.630900000000000000e+04
-7.640900000000000000e+04
-7.650900000000000000e+04
-7.660800000000000000e+04
-7.670800000000000000e+04
-7.680700000000000000e+04
-7.690600000000000000e+04
-7.700400000000000000e+04
-7.710200000000000000e+04
-7.720200000000000000e+04
-7.730200000000000000e+04
-7.740600000000000000e+04
-7.750600000000000000e+04
-7.760600000000000000e+04
-7.770500000000000000e+04
-7.780400000000000000e+04
-7.790900000000000000e+04
-7.800700000000000000e+04
-7.810400000000000000e+04
-7.820400000000000000e+04
-7.830300000000000000e+04
-7.840200000000000000e+04
-7.850200000000000000e+04
-7.860100000000000000e+04
-7.870200000000000000e+04
-7.880200000000000000e+04
-7.890200000000000000e+04
-7.900200000000000000e+04
-7.910200000000000000e+04
-7.920200000000000000e+04
-7.930300000000000000e+04
-7.940400000000000000e+04
-7.950600000000000000e+04
-7.960700000000000000e+04
-7.970900000000000000e+04
-7.981300000000000000e+04
-7.991500000000000000e+04
-8.001500000000000000e+04
-8.011500000000000000e+04
-8.021400000000000000e+04
-8.031500000000000000e+04
-8.041500000000000000e+04
-8.051500000000000000e+04
-8.061500000000000000e+04
-8.071300000000000000e+04
-8.081300000000000000e+04
-8.091300000000000000e+04
-8.101200000000000000e+04
-8.111200000000000000e+04
-8.121000000000000000e+04
-8.131000000000000000e+04
-8.140900000000000000e+04
-8.150900000000000000e+04
-8.160800000000000000e+04
-8.170800000000000000e+04
-8.180700000000000000e+04
-8.190700000000000000e+04
-8.201100000000000000e+04
-8.210900000000000000e+04
-8.220700000000000000e+04
-8.230500000000000000e+04
-8.240400000000000000e+04
-8.250200000000000000e+04
-8.260500000000000000e+04
-8.270500000000000000e+04
-8.280700000000000000e+04
-8.290700000000000000e+04
-8.300900000000000000e+04
-8.310800000000000000e+04
-8.320800000000000000e+04
-8.330900000000000000e+04
-8.341000000000000000e+04
-8.351100000000000000e+04
-8.361400000000000000e+04
-8.371500000000000000e+04
-8.381600000000000000e+04
-8.391700000000000000e+04
-8.401800000000000000e+04
-8.411700000000000000e+04
-8.421700000000000000e+04
-8.431600000000000000e+04
-8.441700000000000000e+04
-8.451700000000000000e+04
-8.461800000000000000e+04
-8.471800000000000000e+04
-8.481700000000000000e+04
-8.491700000000000000e+04
-8.501700000000000000e+04
-8.511600000000000000e+04
-8.521600000000000000e+04
-8.531300000000000000e+04
-8.541400000000000000e+04
-8.551200000000000000e+04
-8.561300000000000000e+04
-8.571300000000000000e+04
-8.581200000000000000e+04
-8.591200000000000000e+04
-8.601100000000000000e+04
-8.611500000000000000e+04
-8.621300000000000000e+04
-8.631100000000000000e+04
-8.641000000000000000e+04
-8.651000000000000000e+04
-8.660800000000000000e+04
-8.670800000000000000e+04
-8.680700000000000000e+04
-8.690800000000000000e+04
-8.700800000000000000e+04
-8.710900000000000000e+04
-8.720800000000000000e+04
-8.730900000000000000e+04
-8.740900000000000000e+04
-8.751000000000000000e+04
-8.761200000000000000e+04
-8.771500000000000000e+04
-8.781700000000000000e+04
-8.791800000000000000e+04
-8.801900000000000000e+04
-8.812000000000000000e+04
-8.821900000000000000e+04
-8.831800000000000000e+04
-8.841800000000000000e+04
-8.852100000000000000e+04
-8.862100000000000000e+04
-8.872200000000000000e+04
-8.882200000000000000e+04
-8.892100000000000000e+04
-8.902000000000000000e+04
-8.912000000000000000e+04
-8.921900000000000000e+04
-8.931900000000000000e+04
-8.941800000000000000e+04
-8.951700000000000000e+04
-8.961600000000000000e+04
-8.971700000000000000e+04
-8.981500000000000000e+04
-8.991500000000000000e+04
-9.001400000000000000e+04
-9.011300000000000000e+04
-9.021700000000000000e+04
-9.031400000000000000e+04
-9.041300000000000000e+04
