3.181000000000000000e+03
3.176000000000000000e+03
3.164000000000000000e+03
3.146000000000000000e+03
3.121000000000000000e+03
3.092000000000000000e+03
3.057000000000000000e+03
3.020000000000000000e+03
2.981000000000000000e+03
2.941000000000000000e+03
2.898000000000000000e+03
2.854000000000000000e+03
2.807000000000000000e+03
2.760000000000000000e+03
2.711000000000000000e+03
2.663000000000000000e+03
2.613000000000000000e+03
2.562000000000000000e+03
2.512000000000000000e+03
2.460000000000000000e+03
1.629000000000000000e+03
1.524000000000000000e+03
1.419000000000000000e+03
1.313000000000000000e+03
1.208000000000000000e+03
1.103000000000000000e+03
9.970000000000000000e+02
8.930000000000000000e+02
7.870000000000000000e+02
6.840000000000000000e+02
5.790000000000000000e+02
4.760000000000000000e+02
3.700000000000000000e+02
2.650000000000000000e+02
1.620000000000000000e+02
5.800000000000000000e+01
-5.000000000000000000e+01
-1.550000000000000000e+02
-2.570000000000000000e+02
-3.610000000000000000e+02
-4.680000000000000000e+02
-5.720000000000000000e+02
-6.770000000000000000e+02
-7.810000000000000000e+02
-8.870000000000000000e+02
-9.920000000000000000e+02
-1.099000000000000000e+03
-1.202000000000000000e+03
-1.308000000000000000e+03
-1.413000000000000000e+03
-1.520000000000000000e+03
-1.628000000000000000e+03
-1.733000000000000000e+03
-1.840000000000000000e+03
-1.946000000000000000e+03
-2.051000000000000000e+03
-2.155000000000000000e+03
-2.259000000000000000e+03
-2.365000000000000000e+03
-2.470000000000000000e+03
-2.575000000000000000e+03
-2.681000000000000000e+03
-2.786000000000000000e+03
-2.890000000000000000e+03
-2.996000000000000000e+03
-3.102000000000000000e+03
-3.205000000000000000e+03
-3.314000000000000000e+03
-3.417000000000000000e+03
-3.521000000000000000e+03
-3.626000000000000000e+03
-3.731000000000000000e+03
-3.836000000000000000e+03
-3.939000000000000000e+03
-4.043000000000000000e+03
-4.152000000000000000e+03
-4.255000000000000000e+03
-4.359000000000000000e+03
-4.463000000000000000e+03
-4.567000000000000000e+03
-4.670000000000000000e+03
-4.775000000000000000e+03
-4.879000000000000000e+03
-4.985000000000000000e+03
-5.090000000000000000e+03
-5.196000000000000000e+03
-5.300000000000000000e+03
-5.406000000000000000e+03
-5.512000000000000000e+03
-5.618000000000000000e+03
-5.725000000000000000e+03
-5.831000000000000000e+03
-5.937000000000000000e+03
-6.044000000000000000e+03
-6.148000000000000000e+03
-6.257000000000000000e+03
-6.361000000000000000e+03
-6.466000000000000000e+03
-6.571000000000000000e+03
-6.676000000000000000e+03
-6.782000000000000000e+03
-6.888000000000000000e+03
-6.993000000000000000e+03
-7.098000000000000000e+03
-7.203000000000000000e+03
-7.307000000000000000e+03
-7.413000000000000000e+03
-7.516000000000000000e+03
-7.619000000000000000e+03
-7.724000000000000000e+03
-7.828000000000000000e+03
-7.933000000000000000e+03
-8.036000000000000000e+03
-8.141000000000000000e+03
-8.251000000000000000e+03
-8.354000000000000000e+03
-8.457000000000000000e+03
-8.561000000000000000e+03
-8.665000000000000000e+03
-8.768000000000000000e+03
-8.873000000000000000e+03
-8.977000000000000000e+03
-9.083000000000000000e+03
-9.189000000000000000e+03
-9.298000000000000000e+03
-9.402000000000000000e+03
-9.507000000000000000e+03
-9.613000000000000000e+03
-9.719000000000000000e+03
-9.826000000000000000e+03
-9.933000000000000000e+03
-1.003900000000000000e+04
-1.014600000000000000e+04
-1.025000000000000000e+04
-1.035600000000000000e+04
-1.046000000000000000e+04
-1.056400000000000000e+04
-1.066900000000000000e+04
-1.077400000000000000e+04
-1.088000000000000000e+04
-1.098600000000000000e+04
-1.109100000000000000e+04
-1.119600000000000000e+04
-1.130100000000000000e+04
-1.140500000000000000e+04
-1.151000000000000000e+04
-1.161300000000000000e+04
-1.171600000000000000e+04
-1.182500000000000000e+04
-1.193000000000000000e+04
-1.203100000000000000e+04
-1.213800000000000000e+04
-1.224300000000000000e+04
-1.235300000000000000e+04
-1.245500000000000000e+04
-1.255800000000000000e+04
-1.266200000000000000e+04
-1.276600000000000000e+04
-1.287000000000000000e+04
-1.297400000000000000e+04
-1.308000000000000000e+04
-1.318500000000000000e+04
-1.329000000000000000e+04
-1.339600000000000000e+04
-1.349900000000000000e+04
-1.360400000000000000e+04
-1.371000000000000000e+04
-1.381700000000000000e+04
-1.392500000000000000e+04
-1.403100000000000000e+04
-1.413700000000000000e+04
-1.424400000000000000e+04
-1.434800000000000000e+04
-1.445600000000000000e+04
-1.456100000000000000e+04
-1.466500000000000000e+04
-1.477100000000000000e+04
-1.487600000000000000e+04
-1.498200000000000000e+04
-1.508700000000000000e+04
-1.519200000000000000e+04
-1.529700000000000000e+04
-1.540100000000000000e+04
-1.550600000000000000e+04
-1.561000000000000000e+04
-1.571400000000000000e+04
-1.581800000000000000e+04
-1.592300000000000000e+04
-1.602800000000000000e+04
-1.613200000000000000e+04
-1.623600000000000000e+04
-1.634000000000000000e+04
-1.645000000000000000e+04
-1.655200000000000000e+04
-1.665600000000000000e+04
-1.676000000000000000e+04
-1.686400000000000000e+04
-1.697100000000000000e+04
-1.707600000000000000e+04
-1.718000000000000000e+04
-1.728500000000000000e+04
-1.739100000000000000e+04
-1.749700000000000000e+04
-1.760100000000000000e+04
-1.770600000000000000e+04
-1.781200000000000000e+04
-1.791900000000000000e+04
-1.802600000000000000e+04
-1.813200000000000000e+04
-1.823800000000000000e+04
-1.834500000000000000e+04
-1.845000000000000000e+04
-1.855500000000000000e+04
-1.866000000000000000e+04
-1.876400000000000000e+04
-1.886900000000000000e+04
-1.897400000000000000e+04
-1.908000000000000000e+04
-1.918400000000000000e+04
-1.928900000000000000e+04
-1.939400000000000000e+04
-1.949900000000000000e+04
-1.960700000000000000e+04
-1.971200000000000000e+04
-1.981500000000000000e+04
-1.991800000000000000e+04
-2.002300000000000000e+04
-2.012800000000000000e+04
-2.023100000000000000e+04
-2.033700000000000000e+04
-2.044100000000000000e+04
-2.055100000000000000e+04
-2.065400000000000000e+04
-2.075700000000000000e+04
-2.086100000000000000e+04
-2.096400000000000000e+04
-2.106900000000000000e+04
-2.117300000000000000e+04
-2.127700000000000000e+04
-2.138400000000000000e+04
-2.148900000000000000e+04
-2.159500000000000000e+04
-2.169900000000000000e+04
-2.180400000000000000e+04
-2.191200000000000000e+04
-2.202000000000000000e+04
-2.212700000000000000e+04
-2.223300000000000000e+04
-2.234000000000000000e+04
-2.244600000000000000e+04
-2.255100000000000000e+04
-2.265600000000000000e+04
-2.276100000000000000e+04
-2.286400000000000000e+04
-2.297000000000000000e+04
-2.307500000000000000e+04
-2.318100000000000000e+04
-2.328700000000000000e+04
-2.339100000000000000e+04
-2.349600000000000000e+04
-2.360000000000000000e+04
-2.370400000000000000e+04
-2.380900000000000000e+04
-2.391300000000000000e+04
-2.401600000000000000e+04
-2.412100000000000000e+04
-2.422700000000000000e+04
-2.433000000000000000e+04
-2.443900000000000000e+04
-2.454300000000000000e+04
-2.465300000000000000e+04
-2.475600000000000000e+04
-2.485800000000000000e+04
-2.496100000000000000e+04
-2.506500000000000000e+04
-2.517000000000000000e+04
-2.527500000000000000e+04
-2.537900000000000000e+04
-2.548500000000000000e+04
-2.559000000000000000e+04
-2.569600000000000000e+04
-2.580000000000000000e+04
-2.590500000000000000e+04
-2.601100000000000000e+04
-2.611700000000000000e+04
-2.622500000000000000e+04
-2.633100000000000000e+04
-2.643800000000000000e+04
-2.654400000000000000e+04
-2.664900000000000000e+04
-2.675700000000000000e+04
-2.685800000000000000e+04
-2.696600000000000000e+04
-2.707200000000000000e+04
-2.717700000000000000e+04
-2.728300000000000000e+04
-2.738800000000000000e+04
-2.749200000000000000e+04
-2.759700000000000000e+04
-2.770100000000000000e+04
-2.780500000000000000e+04
-2.791000000000000000e+04
-2.801400000000000000e+04
-2.811800000000000000e+04
-2.822300000000000000e+04
-2.832800000000000000e+04
-2.843200000000000000e+04
-2.853600000000000000e+04
-2.864100000000000000e+04
-2.875000000000000000e+04
-2.885300000000000000e+04
-2.895600000000000000e+04
-2.906000000000000000e+04
-2.916400000000000000e+04
-2.927100000000000000e+04
-2.937300000000000000e+04
-2.948000000000000000e+04
-2.958600000000000000e+04
-2.969100000000000000e+04
-2.979700000000000000e+04
-2.990200000000000000e+04
-3.000600000000000000e+04
-3.011200000000000000e+04
-3.021800000000000000e+04
-3.032600000000000000e+04
-3.043200000000000000e+04
-3.053800000000000000e+04
-3.064500000000000000e+04
-3.075000000000000000e+04
-3.085500000000000000e+04
-3.095900000000000000e+04
-3.106400000000000000e+04
-3.116900000000000000e+04
-3.127400000000000000e+04
-3.138000000000000000e+04
-3.148500000000000000e+04
-3.158900000000000000e+04
-3.169400000000000000e+04
-3.179900000000000000e+04
-3.190200000000000000e+04
-3.200700000000000000e+04
-3.211400000000000000e+04
-3.221800000000000000e+04
-3.232300000000000000e+04
-3.242800000000000000e+04
-3.253200000000000000e+04
-3.263700000000000000e+04
-3.274100000000000000e+04
-3.285100000000000000e+04
-3.295400000000000000e+04
-3.305700000000000000e+04
-3.316000000000000000e+04
-3.326400000000000000e+04
-3.336800000000000000e+04
-3.347300000000000000e+04
-3.357700000000000000e+04
-3.368300000000000000e+04
-3.378900000000000000e+04
-3.389500000000000000e+04
-3.399900000000000000e+04
-3.410300000000000000e+04
-3.420900000000000000e+04
-3.431600000000000000e+04
-3.442300000000000000e+04
-3.452900000000000000e+04
-3.463900000000000000e+04
-3.474700000000000000e+04
-3.485100000000000000e+04
-3.495600000000000000e+04
-3.506000000000000000e+04
-3.516500000000000000e+04
-3.527000000000000000e+04
-3.537500000000000000e+04
-3.548100000000000000e+04
-3.558700000000000000e+04
-3.569100000000000000e+04
-3.579500000000000000e+04
-3.590000000000000000e+04
-3.600300000000000000e+04
-3.610700000000000000e+04
-3.621100000000000000e+04
-3.631500000000000000e+04
-3.642100000000000000e+04
-3.652500000000000000e+04
-3.663300000000000000e+04
-3.673500000000000000e+04
-3.683900000000000000e+04
-3.694800000000000000e+04
-3.705100000000000000e+04
-3.715700000000000000e+04
-3.726000000000000000e+04
-3.736500000000000000e+04
-3.746900000000000000e+04
-3.757400000000000000e+04
-3.767900000000000000e+04
-3.778400000000000000e+04
-3.789000000000000000e+04
-3.799500000000000000e+04
-3.809900000000000000e+04
-3.820300000000000000e+04
-3.831000000000000000e+04
-3.841600000000000000e+04
-3.852400000000000000e+04
-3.863100000000000000e+04
-3.873700000000000000e+04
-3.884300000000000000e+04
-3.894800000000000000e+04
-3.905300000000000000e+04
-3.915700000000000000e+04
-3.926300000000000000e+04
-3.936800000000000000e+04
-3.947400000000000000e+04
-3.958000000000000000e+04
-3.968800000000000000e+04
-3.979200000000000000e+04
-3.989600000000000000e+04
-4.000000000000000000e+04
-4.010400000000000000e+04
-4.020800000000000000e+04
-4.031300000000000000e+04
-4.041600000000000000e+04
-4.052200000000000000e+04
-4.062700000000000000e+04
-4.073000000000000000e+04
-4.083500000000000000e+04
-4.093900000000000000e+04
-4.104900000000000000e+04
-4.115200000000000000e+04
-4.125500000000000000e+04
-4.135900000000000000e+04
-4.146300000000000000e+04
-4.156700000000000000e+04
-4.167200000000000000e+04
-4.177600000000000000e+04
-4.188100000000000000e+04
-4.198800000000000000e+04
-4.209200000000000000e+04
-4.219800000000000000e+04
-4.230600000000000000e+04
-4.241100000000000000e+04
-4.251800000000000000e+04
-4.262500000000000000e+04
-4.273200000000000000e+04
-4.283700000000000000e+04
-4.294500000000000000e+04
-4.305000000000000000e+04
-4.315500000000000000e+04
-4.325900000000000000e+04
-4.336400000000000000e+04
-4.347000000000000000e+04
-4.357400000000000000e+04
-4.368000000000000000e+04
-4.378500000000000000e+04
-4.389000000000000000e+04
-4.399400000000000000e+04
-4.409900000000000000e+04
-4.420200000000000000e+04
-4.430600000000000000e+04
-4.441100000000000000e+04
-4.451400000000000000e+04
-4.461900000000000000e+04
-4.472400000000000000e+04
-4.483100000000000000e+04
-4.493300000000000000e+04
-4.504100000000000000e+04
-4.515100000000000000e+04
-4.525200000000000000e+04
-4.535600000000000000e+04
-4.545900000000000000e+04
-4.556400000000000000e+04
-4.566800000000000000e+04
-4.577300000000000000e+04
-4.587700000000000000e+04
-4.598300000000000000e+04
-4.608900000000000000e+04
-4.619400000000000000e+04
-4.629800000000000000e+04
-4.640400000000000000e+04
-4.650800000000000000e+04
-4.661500000000000000e+04
-4.672200000000000000e+04
-4.682900000000000000e+04
-4.693500000000000000e+04
-4.704200000000000000e+04
-4.714800000000000000e+04
-4.725200000000000000e+04
-4.735700000000000000e+04
-4.746100000000000000e+04
-4.756700000000000000e+04
-4.767500000000000000e+04
-4.778100000000000000e+04
-4.788600000000000000e+04
-4.799000000000000000e+04
-4.809500000000000000e+04
-4.819900000000000000e+04
-4.830300000000000000e+04
-4.840600000000000000e+04
-4.851000000000000000e+04
-4.861300000000000000e+04
-4.871800000000000000e+04
-4.882400000000000000e+04
-4.892800000000000000e+04
-4.903300000000000000e+04
-4.913700000000000000e+04
-4.924700000000000000e+04
-4.934800000000000000e+04
-4.945200000000000000e+04
-4.955500000000000000e+04
-4.966000000000000000e+04
-4.976500000000000000e+04
-4.986900000000000000e+04
-4.997500000000000000e+04
-5.008000000000000000e+04
-5.018600000000000000e+04
-5.029000000000000000e+04
-5.039700000000000000e+04
-5.050300000000000000e+04
-5.060800000000000000e+04
-5.071600000000000000e+04
-5.082300000000000000e+04
-5.093000000000000000e+04
-5.103600000000000000e+04
-5.114200000000000000e+04
-5.124800000000000000e+04
-5.135300000000000000e+04
-5.145900000000000000e+04
-5.156200000000000000e+04
-5.166800000000000000e+04
-5.177300000000000000e+04
-5.188000000000000000e+04
-5.198400000000000000e+04
-5.208800000000000000e+04
-5.219200000000000000e+04
-5.229600000000000000e+04
-5.240000000000000000e+04
-5.250400000000000000e+04
-5.260900000000000000e+04
-5.271200000000000000e+04
-5.282100000000000000e+04
-5.292600000000000000e+04
-5.302900000000000000e+04
-5.313400000000000000e+04
-5.323800000000000000e+04
-5.334800000000000000e+04
-5.345000000000000000e+04
-5.355400000000000000e+04
-5.365800000000000000e+04
-5.376200000000000000e+04
-5.386700000000000000e+04
-5.397100000000000000e+04
-5.407600000000000000e+04
-5.418100000000000000e+04
-5.428700000000000000e+04
-5.439200000000000000e+04
-5.449600000000000000e+04
-5.460300000000000000e+04
-5.470800000000000000e+04
-5.481500000000000000e+04
-5.492200000000000000e+04
-5.502800000000000000e+04
-5.513800000000000000e+04
-5.524400000000000000e+04
-5.535000000000000000e+04
-5.545500000000000000e+04
-5.556100000000000000e+04
-5.566500000000000000e+04
-5.577000000000000000e+04
-5.587500000000000000e+04
-5.598000000000000000e+04
-5.608600000000000000e+04
-5.618900000000000000e+04
-5.629500000000000000e+04
-5.639800000000000000e+04
-5.650200000000000000e+04
-5.660600000000000000e+04
-5.671000000000000000e+04
-5.681500000000000000e+04
-5.691900000000000000e+04
-5.702400000000000000e+04
-5.712800000000000000e+04
-5.723300000000000000e+04
-5.733700000000000000e+04
-5.744700000000000000e+04
-5.754900000000000000e+04
-5.765300000000000000e+04
-5.776000000000000000e+04
-5.786300000000000000e+04
-5.796800000000000000e+04
-5.807300000000000000e+04
-5.817800000000000000e+04
-5.828300000000000000e+04
-5.838900000000000000e+04
-5.849400000000000000e+04
-5.859800000000000000e+04
-5.870400000000000000e+04
-5.880900000000000000e+04
-5.891600000000000000e+04
-5.902400000000000000e+04
-5.913000000000000000e+04
-5.923600000000000000e+04
-5.934300000000000000e+04
-5.944900000000000000e+04
-5.955300000000000000e+04
-5.965800000000000000e+04
-5.976200000000000000e+04
-5.986700000000000000e+04
-5.997200000000000000e+04
-6.008100000000000000e+04
-6.018700000000000000e+04
-6.029000000000000000e+04
-6.039500000000000000e+04
-6.049900000000000000e+04
-6.060200000000000000e+04
-6.070600000000000000e+04
-6.080900000000000000e+04
-6.091400000000000000e+04
-6.101900000000000000e+04
-6.112300000000000000e+04
-6.122800000000000000e+04
-6.133200000000000000e+04
-6.143600000000000000e+04
-6.154500000000000000e+04
-6.164800000000000000e+04
-6.175100000000000000e+04
-6.185500000000000000e+04
-6.195900000000000000e+04
-6.206500000000000000e+04
-6.217000000000000000e+04
-6.227400000000000000e+04
-6.238200000000000000e+04
-6.248800000000000000e+04
-6.259300000000000000e+04
-6.269700000000000000e+04
-6.280300000000000000e+04
-6.290900000000000000e+04
-6.301600000000000000e+04
-6.312300000000000000e+04
-6.322900000000000000e+04
-6.333600000000000000e+04
-6.344100000000000000e+04
-6.354700000000000000e+04
-6.365200000000000000e+04
-6.375700000000000000e+04
-6.386200000000000000e+04
-6.396700000000000000e+04
-6.407300000000000000e+04
-6.417800000000000000e+04
-6.428400000000000000e+04
-6.438800000000000000e+04
-6.449200000000000000e+04
-6.459600000000000000e+04
-6.470000000000000000e+04
-6.480400000000000000e+04
-6.490800000000000000e+04
-6.501700000000000000e+04
-6.512200000000000000e+04
-6.522500000000000000e+04
-6.533000000000000000e+04
-6.543400000000000000e+04
-6.553900000000000000e+04
-6.564800000000000000e+04
-6.575100000000000000e+04
-6.585500000000000000e+04
-6.595800000000000000e+04
-6.606200000000000000e+04
-6.616700000000000000e+04
-6.627100000000000000e+04
-6.637600000000000000e+04
-6.648100000000000000e+04
-6.658700000000000000e+04
-6.669200000000000000e+04
-6.679700000000000000e+04
-6.690300000000000000e+04
-6.700900000000000000e+04
-6.711400000000000000e+04
-6.722200000000000000e+04
-6.733200000000000000e+04
-6.743800000000000000e+04
-6.754400000000000000e+04
-6.765000000000000000e+04
-6.775500000000000000e+04
-6.786000000000000000e+04
-6.796400000000000000e+04
-6.806900000000000000e+04
-6.817500000000000000e+04
-6.828000000000000000e+04
-6.838500000000000000e+04
-6.848900000000000000e+04
-6.859300000000000000e+04
-6.869800000000000000e+04
-6.880200000000000000e+04
-6.890500000000000000e+04
-6.900900000000000000e+04
-6.911400000000000000e+04
-6.922000000000000000e+04
-6.932300000000000000e+04
-6.942800000000000000e+04
-6.953300000000000000e+04
-6.964100000000000000e+04
-6.975000000000000000e+04
-6.985300000000000000e+04
-6.995700000000000000e+04
-7.005900000000000000e+04
-7.016300000000000000e+04
-7.026800000000000000e+04
-7.037300000000000000e+04
-7.047800000000000000e+04
-7.058200000000000000e+04
-7.068900000000000000e+04
-7.079300000000000000e+04
-7.089800000000000000e+04
-7.100300000000000000e+04
-7.111000000000000000e+04
-7.121500000000000000e+04
-7.132300000000000000e+04
-7.143000000000000000e+04
-7.153600000000000000e+04
-7.164300000000000000e+04
-7.175100000000000000e+04
-7.185600000000000000e+04
-7.196100000000000000e+04
-7.206500000000000000e+04
-7.217000000000000000e+04
-7.227500000000000000e+04
-7.238100000000000000e+04
-7.248500000000000000e+04
-7.258900000000000000e+04
-7.269300000000000000e+04
-7.279700000000000000e+04
-7.290200000000000000e+04
-7.300500000000000000e+04
-7.310900000000000000e+04
-7.321400000000000000e+04
-7.332000000000000000e+04
-7.342500000000000000e+04
-7.353000000000000000e+04
-7.363400000000000000e+04
-7.373800000000000000e+04
-7.384800000000000000e+04
-7.395000000000000000e+04
-7.405400000000000000e+04
-7.416000000000000000e+04
-7.426400000000000000e+04
-7.436900000000000000e+04
-7.447400000000000000e+04
-7.458000000000000000e+04
-7.468400000000000000e+04
-7.479000000000000000e+04
-7.489300000000000000e+04
-7.499800000000000000e+04
-7.510400000000000000e+04
-7.521000000000000000e+04
-7.531700000000000000e+04
-7.542500000000000000e+04
-7.553100000000000000e+04
-7.563700000000000000e+04
-7.574200000000000000e+04
-7.584800000000000000e+04
-7.595300000000000000e+04
-7.605800000000000000e+04
-7.616300000000000000e+04
-7.626900000000000000e+04
-7.637400000000000000e+04
-7.648300000000000000e+04
-7.658400000000000000e+04
-7.668800000000000000e+04
-7.679200000000000000e+04
-7.689900000000000000e+04
-7.700400000000000000e+04
-7.710800000000000000e+04
-7.721200000000000000e+04
-7.731600000000000000e+04
-7.742200000000000000e+04
-7.752600000000000000e+04
-7.763100000000000000e+04
-7.773600000000000000e+04
-7.784100000000000000e+04
-7.794900000000000000e+04
-7.805100000000000000e+04
-7.815500000000000000e+04
-7.825800000000000000e+04
-7.836200000000000000e+04
-7.846700000000000000e+04
-7.857200000000000000e+04
-7.867700000000000000e+04
-7.878100000000000000e+04
-7.888700000000000000e+04
-7.899200000000000000e+04
-7.909600000000000000e+04
-7.920500000000000000e+04
-7.931100000000000000e+04
-7.941700000000000000e+04
-7.952400000000000000e+04
-7.963100000000000000e+04
-7.973700000000000000e+04
-7.984300000000000000e+04
-7.994900000000000000e+04
-8.005400000000000000e+04
-8.016000000000000000e+04
-8.026300000000000000e+04
-8.036900000000000000e+04
-8.047300000000000000e+04
-8.057900000000000000e+04
-8.068400000000000000e+04
-8.078800000000000000e+04
-8.089300000000000000e+04
-8.099700000000000000e+04
-8.110200000000000000e+04
-8.120500000000000000e+04
-8.131000000000000000e+04
-8.141400000000000000e+04
-8.152000000000000000e+04
-8.162400000000000000e+04
-8.172800000000000000e+04
-8.183300000000000000e+04
-8.193800000000000000e+04
-8.204600000000000000e+04
-8.214800000000000000e+04
-8.225400000000000000e+04
-8.235700000000000000e+04
-8.246000000000000000e+04
-8.256500000000000000e+04
-8.266900000000000000e+04
-8.277600000000000000e+04
-8.288100000000000000e+04
-8.298700000000000000e+04
-8.309200000000000000e+04
-8.319600000000000000e+04
-8.330300000000000000e+04
-8.340900000000000000e+04
-8.351600000000000000e+04
-8.362300000000000000e+04
-8.373000000000000000e+04
-8.383600000000000000e+04
-8.394200000000000000e+04
-8.404800000000000000e+04
-8.415100000000000000e+04
-8.425700000000000000e+04
-8.436000000000000000e+04
-8.446600000000000000e+04
-8.457200000000000000e+04
-8.467800000000000000e+04
-8.478400000000000000e+04
-8.489100000000000000e+04
-8.499600000000000000e+04
-8.509900000000000000e+04
-8.520300000000000000e+04
-8.530600000000000000e+04
-8.540900000000000000e+04
-8.551200000000000000e+04
-8.561800000000000000e+04
-8.572300000000000000e+04
-8.582600000000000000e+04
-8.593200000000000000e+04
-8.603700000000000000e+04
-8.614500000000000000e+04
-8.624700000000000000e+04
-8.635100000000000000e+04
-8.645500000000000000e+04
-8.655800000000000000e+04
-8.666300000000000000e+04
-8.676800000000000000e+04
-8.687300000000000000e+04
-8.697800000000000000e+04
-8.708300000000000000e+04
-8.718800000000000000e+04
-8.729200000000000000e+04
-8.739800000000000000e+04
-8.750400000000000000e+04
-8.761500000000000000e+04
-8.772300000000000000e+04
-8.782900000000000000e+04
-8.793700000000000000e+04
-8.804200000000000000e+04
-8.814800000000000000e+04
-8.825200000000000000e+04
-8.835700000000000000e+04
-8.846100000000000000e+04
-8.856700000000000000e+04
-8.867300000000000000e+04
-8.877900000000000000e+04
-8.888500000000000000e+04
-8.898800000000000000e+04
-8.909300000000000000e+04
-8.919700000000000000e+04
-8.930100000000000000e+04
-8.940500000000000000e+04
-8.950900000000000000e+04
-8.961300000000000000e+04
-8.971900000000000000e+04
-8.982600000000000000e+04
-8.992800000000000000e+04
-9.003300000000000000e+04
-9.013900000000000000e+04
-9.024600000000000000e+04
-9.034900000000000000e+04
-9.045300000000000000e+04
-9.055600000000000000e+04
-9.066000000000000000e+04
-9.076400000000000000e+04
-9.086900000000000000e+04
-9.097300000000000000e+04
-9.107800000000000000e+04
-9.118200000000000000e+04
-9.128700000000000000e+04
-9.139300000000000000e+04
-9.149800000000000000e+04
-9.160500000000000000e+04
-9.171000000000000000e+04
-9.181800000000000000e+04
-9.192300000000000000e+04
-9.202900000000000000e+04
-9.213800000000000000e+04
-9.224200000000000000e+04
-9.234600000000000000e+04
-9.245100000000000000e+04
-9.255400000000000000e+04
-9.265800000000000000e+04
-9.276200000000000000e+04
-9.286600000000000000e+04
-9.297000000000000000e+04
-9.307300000000000000e+04
-9.317800000000000000e+04
-9.328200000000000000e+04
-9.338700000000000000e+04
-9.349000000000000000e+04
-9.359400000000000000e+04
-9.369700000000000000e+04
-9.380000000000000000e+04
-9.390000000000000000e+04
-9.400300000000000000e+04
-9.410500000000000000e+04
-9.421000000000000000e+04
-9.432000000000000000e+04
-9.442200000000000000e+04
-9.452700000000000000e+04
-9.462900000000000000e+04
-9.473200000000000000e+04
-9.483600000000000000e+04
-9.494200000000000000e+04
-9.504800000000000000e+04
-9.515200000000000000e+04
-9.525800000000000000e+04
-9.536000000000000000e+04
-9.546300000000000000e+04
-9.556800000000000000e+04
-9.567100000000000000e+04
-9.577100000000000000e+04
-9.586600000000000000e+04
-9.595500000000000000e+04
-9.604100000000000000e+04
