3.307000000000000000e+03
3.302000000000000000e+03
3.291000000000000000e+03
3.273000000000000000e+03
3.249000000000000000e+03
3.222000000000000000e+03
3.191000000000000000e+03
3.158000000000000000e+03
3.120000000000000000e+03
3.081000000000000000e+03
3.039000000000000000e+03
2.996000000000000000e+03
2.954000000000000000e+03
2.909000000000000000e+03
2.864000000000000000e+03
2.818000000000000000e+03
2.771000000000000000e+03
2.723000000000000000e+03
2.675000000000000000e+03
2.625000000000000000e+03
1.584000000000000000e+03
1.481000000000000000e+03
1.380000000000000000e+03
1.279000000000000000e+03
1.180000000000000000e+03
1.078000000000000000e+03
9.780000000000000000e+02
8.790000000000000000e+02
7.780000000000000000e+02
6.800000000000000000e+02
5.800000000000000000e+02
4.810000000000000000e+02
3.820000000000000000e+02
2.820000000000000000e+02
1.840000000000000000e+02
8.300000000000000000e+01
-1.700000000000000000e+01
-1.190000000000000000e+02
-2.160000000000000000e+02
-3.140000000000000000e+02
-4.150000000000000000e+02
-5.140000000000000000e+02
-6.140000000000000000e+02
-7.140000000000000000e+02
-8.130000000000000000e+02
-9.140000000000000000e+02
-1.014000000000000000e+03
-1.115000000000000000e+03
-1.214000000000000000e+03
-1.314000000000000000e+03
-1.415000000000000000e+03
-1.517000000000000000e+03
-1.619000000000000000e+03
-1.720000000000000000e+03
-1.821000000000000000e+03
-1.922000000000000000e+03
-2.022000000000000000e+03
-2.122000000000000000e+03
-2.221000000000000000e+03
-2.321000000000000000e+03
-2.424000000000000000e+03
-2.524000000000000000e+03
-2.625000000000000000e+03
-2.725000000000000000e+03
-2.826000000000000000e+03
-2.925000000000000000e+03
-3.026000000000000000e+03
-3.126000000000000000e+03
-3.225000000000000000e+03
-3.326000000000000000e+03
-3.425000000000000000e+03
-3.524000000000000000e+03
-3.624000000000000000e+03
-3.723000000000000000e+03
-3.823000000000000000e+03
-3.921000000000000000e+03
-4.021000000000000000e+03
-4.122000000000000000e+03
-4.224000000000000000e+03
-4.324000000000000000e+03
-4.423000000000000000e+03
-4.522000000000000000e+03
-4.620000000000000000e+03
-4.720000000000000000e+03
-4.819000000000000000e+03
-4.919000000000000000e+03
-5.020000000000000000e+03
-5.121000000000000000e+03
-5.221000000000000000e+03
-5.321000000000000000e+03
-5.421000000000000000e+03
-5.522000000000000000e+03
-5.624000000000000000e+03
-5.726000000000000000e+03
-5.827000000000000000e+03
-5.927000000000000000e+03
-6.028000000000000000e+03
-6.127000000000000000e+03
-6.228000000000000000e+03
-6.327000000000000000e+03
-6.428000000000000000e+03
-6.527000000000000000e+03
-6.627000000000000000e+03
-6.731000000000000000e+03
-6.831000000000000000e+03
-6.932000000000000000e+03
-7.031000000000000000e+03
-7.132000000000000000e+03
-7.232000000000000000e+03
-7.331000000000000000e+03
-7.431000000000000000e+03
-7.531000000000000000e+03
-7.630000000000000000e+03
-7.730000000000000000e+03
-7.830000000000000000e+03
-7.929000000000000000e+03
-8.027000000000000000e+03
-8.127000000000000000e+03
-8.229000000000000000e+03
-8.329000000000000000e+03
-8.428000000000000000e+03
-8.526000000000000000e+03
-8.625000000000000000e+03
-8.723000000000000000e+03
-8.823000000000000000e+03
-8.923000000000000000e+03
-9.021000000000000000e+03
-9.126000000000000000e+03
-9.227000000000000000e+03
-9.327000000000000000e+03
-9.427000000000000000e+03
-9.527000000000000000e+03
-9.627000000000000000e+03
-9.729000000000000000e+03
-9.830000000000000000e+03
-9.932000000000000000e+03
-1.003300000000000000e+04
-1.013500000000000000e+04
-1.023500000000000000e+04
-1.033500000000000000e+04
-1.043400000000000000e+04
-1.053400000000000000e+04
-1.063300000000000000e+04
-1.073300000000000000e+04
-1.083300000000000000e+04
-1.093500000000000000e+04
-1.103500000000000000e+04
-1.113500000000000000e+04
-1.123400000000000000e+04
-1.133400000000000000e+04
-1.143300000000000000e+04
-1.153500000000000000e+04
-1.163500000000000000e+04
-1.173300000000000000e+04
-1.183400000000000000e+04
-1.193400000000000000e+04
-1.203300000000000000e+04
-1.213300000000000000e+04
-1.223200000000000000e+04
-1.233600000000000000e+04
-1.243500000000000000e+04
-1.253200000000000000e+04
-1.263100000000000000e+04
-1.272900000000000000e+04
-1.282900000000000000e+04
-1.292800000000000000e+04
-1.302800000000000000e+04
-1.312800000000000000e+04
-1.322800000000000000e+04
-1.332900000000000000e+04
-1.342900000000000000e+04
-1.352800000000000000e+04
-1.362800000000000000e+04
-1.372900000000000000e+04
-1.383500000000000000e+04
-1.393700000000000000e+04
-1.403800000000000000e+04
-1.413900000000000000e+04
-1.424100000000000000e+04
-1.434100000000000000e+04
-1.444000000000000000e+04
-1.453900000000000000e+04
-1.464000000000000000e+04
-1.473900000000000000e+04
-1.484000000000000000e+04
-1.494100000000000000e+04
-1.504100000000000000e+04
-1.514100000000000000e+04
-1.524000000000000000e+04
-1.534000000000000000e+04
-1.544000000000000000e+04
-1.553800000000000000e+04
-1.563800000000000000e+04
-1.573800000000000000e+04
-1.583700000000000000e+04
-1.593700000000000000e+04
-1.603700000000000000e+04
-1.613500000000000000e+04
-1.623800000000000000e+04
-1.633700000000000000e+04
-1.644200000000000000e+04
-1.654000000000000000e+04
-1.663800000000000000e+04
-1.673700000000000000e+04
-1.683600000000000000e+04
-1.693500000000000000e+04
-1.703400000000000000e+04
-1.713400000000000000e+04
-1.723500000000000000e+04
-1.733400000000000000e+04
-1.743500000000000000e+04
-1.753500000000000000e+04
-1.763500000000000000e+04
-1.773600000000000000e+04
-1.783600000000000000e+04
-1.793800000000000000e+04
-1.804000000000000000e+04
-1.814200000000000000e+04
-1.824200000000000000e+04
-1.834400000000000000e+04
-1.844400000000000000e+04
-1.854400000000000000e+04
-1.864400000000000000e+04
-1.874400000000000000e+04
-1.884300000000000000e+04
-1.894600000000000000e+04
-1.904700000000000000e+04
-1.914700000000000000e+04
-1.924700000000000000e+04
-1.934600000000000000e+04
-1.944600000000000000e+04
-1.954500000000000000e+04
-1.964500000000000000e+04
-1.974300000000000000e+04
-1.984200000000000000e+04
-1.994200000000000000e+04
-2.004200000000000000e+04
-2.014200000000000000e+04
-2.024000000000000000e+04
-2.034100000000000000e+04
-2.044000000000000000e+04
-2.054500000000000000e+04
-2.064300000000000000e+04
-2.074000000000000000e+04
-2.084000000000000000e+04
-2.093800000000000000e+04
-2.103600000000000000e+04
-2.113600000000000000e+04
-2.123600000000000000e+04
-2.134100000000000000e+04
-2.143700000000000000e+04
-2.154200000000000000e+04
-2.164100000000000000e+04
-2.174100000000000000e+04
-2.184100000000000000e+04
-2.194100000000000000e+04
-2.204300000000000000e+04
-2.214500000000000000e+04
-2.224700000000000000e+04
-2.234800000000000000e+04
-2.245000000000000000e+04
-2.255000000000000000e+04
-2.264900000000000000e+04
-2.274900000000000000e+04
-2.284900000000000000e+04
-2.294800000000000000e+04
-2.304800000000000000e+04
-2.314900000000000000e+04
-2.325000000000000000e+04
-2.335000000000000000e+04
-2.345000000000000000e+04
-2.354900000000000000e+04
-2.364800000000000000e+04
-2.374800000000000000e+04
-2.384600000000000000e+04
-2.394800000000000000e+04
-2.404700000000000000e+04
-2.414800000000000000e+04
-2.424800000000000000e+04
-2.434700000000000000e+04
-2.444700000000000000e+04
-2.454600000000000000e+04
-2.465100000000000000e+04
-2.474800000000000000e+04
-2.484600000000000000e+04
-2.494500000000000000e+04
-2.504300000000000000e+04
-2.514300000000000000e+04
-2.524300000000000000e+04
-2.534200000000000000e+04
-2.544300000000000000e+04
-2.554300000000000000e+04
-2.564300000000000000e+04
-2.574300000000000000e+04
-2.584200000000000000e+04
-2.594300000000000000e+04
-2.604300000000000000e+04
-2.614900000000000000e+04
-2.624800000000000000e+04
-2.635300000000000000e+04
-2.645400000000000000e+04
-2.655600000000000000e+04
-2.665600000000000000e+04
-2.675500000000000000e+04
-2.685400000000000000e+04
-2.695400000000000000e+04
-2.705400000000000000e+04
-2.715500000000000000e+04
-2.725600000000000000e+04
-2.735600000000000000e+04
-2.745600000000000000e+04
-2.755500000000000000e+04
-2.765500000000000000e+04
-2.775300000000000000e+04
-2.785300000000000000e+04
-2.795100000000000000e+04
-2.805100000000000000e+04
-2.815100000000000000e+04
-2.825000000000000000e+04
-2.835300000000000000e+04
-2.845200000000000000e+04
-2.855100000000000000e+04
-2.865100000000000000e+04
-2.875500000000000000e+04
-2.885400000000000000e+04
-2.895100000000000000e+04
-2.905100000000000000e+04
-2.915000000000000000e+04
-2.924900000000000000e+04
-2.934900000000000000e+04
-2.944800000000000000e+04
-2.954900000000000000e+04
-2.964900000000000000e+04
-2.974900000000000000e+04
-2.985000000000000000e+04
-2.994900000000000000e+04
-3.005000000000000000e+04
-3.015100000000000000e+04
-3.025200000000000000e+04
-3.035400000000000000e+04
-3.045500000000000000e+04
-3.055600000000000000e+04
-3.066000000000000000e+04
-3.076100000000000000e+04
-3.086100000000000000e+04
-3.096000000000000000e+04
-3.106000000000000000e+04
-3.116100000000000000e+04
-3.126100000000000000e+04
-3.136100000000000000e+04
-3.146100000000000000e+04
-3.156000000000000000e+04
-3.166000000000000000e+04
-3.176100000000000000e+04
-3.185900000000000000e+04
-3.196000000000000000e+04
-3.205800000000000000e+04
-3.215600000000000000e+04
-3.225600000000000000e+04
-3.235600000000000000e+04
-3.245500000000000000e+04
-3.255400000000000000e+04
-3.265400000000000000e+04
-3.275700000000000000e+04
-3.286100000000000000e+04
-3.296000000000000000e+04
-3.305800000000000000e+04
-3.315500000000000000e+04
-3.325500000000000000e+04
-3.335400000000000000e+04
-3.345400000000000000e+04
-3.355400000000000000e+04
-3.365500000000000000e+04
-3.375500000000000000e+04
-3.385700000000000000e+04
-3.395600000000000000e+04
-3.405600000000000000e+04
-3.415600000000000000e+04
-3.425700000000000000e+04
-3.435800000000000000e+04
-3.446000000000000000e+04
-3.456100000000000000e+04
-3.466300000000000000e+04
-3.476400000000000000e+04
-3.486400000000000000e+04
-3.496400000000000000e+04
-3.506600000000000000e+04
-3.516600000000000000e+04
-3.526600000000000000e+04
-3.536600000000000000e+04
-3.546700000000000000e+04
-3.556700000000000000e+04
-3.566700000000000000e+04
-3.576700000000000000e+04
-3.586600000000000000e+04
-3.596500000000000000e+04
-3.606500000000000000e+04
-3.616300000000000000e+04
-3.626200000000000000e+04
-3.636100000000000000e+04
-3.646200000000000000e+04
-3.656100000000000000e+04
-3.666100000000000000e+04
-3.676000000000000000e+04
-3.686000000000000000e+04
-3.696300000000000000e+04
-3.706000000000000000e+04
-3.715900000000000000e+04
-3.725700000000000000e+04
-3.735700000000000000e+04
-3.746000000000000000e+04
-3.756000000000000000e+04
-3.766000000000000000e+04
-3.776100000000000000e+04
-3.786200000000000000e+04
-3.796200000000000000e+04
-3.806100000000000000e+04
-3.816100000000000000e+04
-3.826100000000000000e+04
-3.836300000000000000e+04
-3.846500000000000000e+04
-3.856700000000000000e+04
-3.866700000000000000e+04
-3.876800000000000000e+04
-3.886900000000000000e+04
-3.897000000000000000e+04
-3.906900000000000000e+04
-3.917000000000000000e+04
-3.926900000000000000e+04
-3.937000000000000000e+04
-3.946900000000000000e+04
-3.957000000000000000e+04
-3.967000000000000000e+04
-3.976900000000000000e+04
-3.986900000000000000e+04
-3.996800000000000000e+04
-4.006700000000000000e+04
-4.017000000000000000e+04
-4.026900000000000000e+04
-4.036900000000000000e+04
-4.046800000000000000e+04
-4.056900000000000000e+04
-4.066700000000000000e+04
-4.076700000000000000e+04
-4.086500000000000000e+04
-4.096500000000000000e+04
-4.106900000000000000e+04
-4.116600000000000000e+04
-4.126500000000000000e+04
-4.136300000000000000e+04
-4.146300000000000000e+04
-4.156200000000000000e+04
-4.166200000000000000e+04
-4.176200000000000000e+04
-4.186200000000000000e+04
-4.196300000000000000e+04
-4.206400000000000000e+04
-4.216300000000000000e+04
-4.226700000000000000e+04
-4.236700000000000000e+04
-4.246900000000000000e+04
-4.257100000000000000e+04
-4.267200000000000000e+04
-4.277300000000000000e+04
-4.287400000000000000e+04
-4.297500000000000000e+04
-4.307600000000000000e+04
-4.317600000000000000e+04
-4.327600000000000000e+04
-4.337500000000000000e+04
-4.347600000000000000e+04
-4.357500000000000000e+04
-4.367500000000000000e+04
-4.377500000000000000e+04
-4.387400000000000000e+04
-4.397400000000000000e+04
-4.407400000000000000e+04
-4.417300000000000000e+04
-4.427400000000000000e+04
-4.437200000000000000e+04
-4.447400000000000000e+04
-4.457000000000000000e+04
-4.467300000000000000e+04
-4.477300000000000000e+04
-4.487100000000000000e+04
-4.497100000000000000e+04
-4.507200000000000000e+04
-4.517500000000000000e+04
-4.527200000000000000e+04
-4.537000000000000000e+04
-4.546900000000000000e+04
-4.556900000000000000e+04
-4.566800000000000000e+04
-4.576800000000000000e+04
-4.586800000000000000e+04
-4.596800000000000000e+04
-4.606900000000000000e+04
-4.617000000000000000e+04
-4.626800000000000000e+04
-4.636900000000000000e+04
-4.646900000000000000e+04
-4.657100000000000000e+04
-4.667300000000000000e+04
-4.677400000000000000e+04
-4.687500000000000000e+04
-4.697700000000000000e+04
-4.707800000000000000e+04
-4.718100000000000000e+04
-4.728100000000000000e+04
-4.738200000000000000e+04
-4.748000000000000000e+04
-4.758100000000000000e+04
-4.768000000000000000e+04
-4.778100000000000000e+04
-4.788100000000000000e+04
-4.798000000000000000e+04
-4.808000000000000000e+04
-4.817900000000000000e+04
-4.827800000000000000e+04
-4.837800000000000000e+04
-4.847600000000000000e+04
-4.857500000000000000e+04
-4.867400000000000000e+04
-4.877500000000000000e+04
-4.887400000000000000e+04
-4.897300000000000000e+04
-4.907400000000000000e+04
-4.917300000000000000e+04
-4.928000000000000000e+04
-4.937700000000000000e+04
-4.947600000000000000e+04
-4.957400000000000000e+04
-4.967300000000000000e+04
-4.977400000000000000e+04
-4.987300000000000000e+04
-4.997300000000000000e+04
-5.007400000000000000e+04
-5.017400000000000000e+04
-5.027500000000000000e+04
-5.037400000000000000e+04
-5.047400000000000000e+04
-5.057500000000000000e+04
-5.067600000000000000e+04
-5.077900000000000000e+04
-5.088100000000000000e+04
-5.098200000000000000e+04
-5.108400000000000000e+04
-5.118300000000000000e+04
-5.128400000000000000e+04
-5.138400000000000000e+04
-5.148800000000000000e+04
-5.158600000000000000e+04
-5.168800000000000000e+04
-5.178700000000000000e+04
-5.188800000000000000e+04
-5.198700000000000000e+04
-5.208600000000000000e+04
-5.218600000000000000e+04
-5.228400000000000000e+04
-5.238400000000000000e+04
-5.248300000000000000e+04
-5.258200000000000000e+04
-5.268100000000000000e+04
-5.278100000000000000e+04
-5.288100000000000000e+04
-5.298000000000000000e+04
-5.307900000000000000e+04
-5.317900000000000000e+04
-5.328100000000000000e+04
-5.338200000000000000e+04
-5.348000000000000000e+04
-5.357900000000000000e+04
-5.367800000000000000e+04
-5.377500000000000000e+04
-5.387900000000000000e+04
-5.397800000000000000e+04
-5.407800000000000000e+04
-5.417900000000000000e+04
-5.428000000000000000e+04
-5.438000000000000000e+04
-5.448000000000000000e+04
-5.458000000000000000e+04
-5.468100000000000000e+04
-5.478200000000000000e+04
-5.488500000000000000e+04
-5.498600000000000000e+04
-5.508700000000000000e+04
-5.518900000000000000e+04
-5.528900000000000000e+04
-5.539000000000000000e+04
-5.549000000000000000e+04
-5.559100000000000000e+04
-5.568900000000000000e+04
-5.579000000000000000e+04
-5.588900000000000000e+04
-5.599000000000000000e+04
-5.609000000000000000e+04
-5.619200000000000000e+04
-5.629100000000000000e+04
-5.639100000000000000e+04
-5.649000000000000000e+04
-5.658900000000000000e+04
-5.668800000000000000e+04
-5.678700000000000000e+04
-5.688700000000000000e+04
-5.698700000000000000e+04
-5.708700000000000000e+04
-5.718500000000000000e+04
-5.728500000000000000e+04
-5.738900000000000000e+04
-5.748900000000000000e+04
-5.758700000000000000e+04
-5.768500000000000000e+04
-5.778300000000000000e+04
-5.788200000000000000e+04
-5.798200000000000000e+04
-5.808200000000000000e+04
-5.818600000000000000e+04
-5.828500000000000000e+04
-5.838300000000000000e+04
-5.848700000000000000e+04
-5.858600000000000000e+04
-5.868600000000000000e+04
-5.878600000000000000e+04
-5.888800000000000000e+04
-5.899000000000000000e+04
-5.909100000000000000e+04
-5.919300000000000000e+04
-5.929500000000000000e+04
-5.939500000000000000e+04
-5.949500000000000000e+04
-5.959400000000000000e+04
-5.969600000000000000e+04
-5.979400000000000000e+04
-5.989500000000000000e+04
-5.999500000000000000e+04
-6.009500000000000000e+04
-6.019600000000000000e+04
-6.029400000000000000e+04
-6.039400000000000000e+04
-6.049300000000000000e+04
-6.059100000000000000e+04
-6.069300000000000000e+04
-6.079300000000000000e+04
-6.089100000000000000e+04
-6.099100000000000000e+04
-6.109100000000000000e+04
-6.119000000000000000e+04
-6.129000000000000000e+04
-6.139000000000000000e+04
-6.149300000000000000e+04
-6.159300000000000000e+04
-6.169000000000000000e+04
-6.178800000000000000e+04
-6.188700000000000000e+04
-6.198600000000000000e+04
-6.208700000000000000e+04
-6.218700000000000000e+04
-6.228700000000000000e+04
-6.238600000000000000e+04
-6.248700000000000000e+04
-6.258600000000000000e+04
-6.268600000000000000e+04
-6.278900000000000000e+04
-6.289000000000000000e+04
-6.299200000000000000e+04
-6.309400000000000000e+04
-6.319600000000000000e+04
-6.329700000000000000e+04
-6.340000000000000000e+04
-6.349900000000000000e+04
-6.360000000000000000e+04
-6.369900000000000000e+04
-6.380000000000000000e+04
-6.389900000000000000e+04
-6.400000000000000000e+04
-6.410100000000000000e+04
-6.420100000000000000e+04
-6.430100000000000000e+04
-6.439900000000000000e+04
-6.449900000000000000e+04
-6.459900000000000000e+04
-6.469700000000000000e+04
-6.479700000000000000e+04
-6.489600000000000000e+04
-6.499800000000000000e+04
-6.509500000000000000e+04
-6.519800000000000000e+04
-6.529700000000000000e+04
-6.539700000000000000e+04
-6.549700000000000000e+04
-6.560200000000000000e+04
-6.569900000000000000e+04
-6.579800000000000000e+04
-6.589700000000000000e+04
-6.599600000000000000e+04
-6.609500000000000000e+04
-6.619400000000000000e+04
-6.629400000000000000e+04
-6.639400000000000000e+04
-6.649300000000000000e+04
-6.659400000000000000e+04
-6.669400000000000000e+04
-6.679400000000000000e+04
-6.689500000000000000e+04
-6.699600000000000000e+04
-6.709700000000000000e+04
-6.720000000000000000e+04
-6.730100000000000000e+04
-6.740200000000000000e+04
-6.750400000000000000e+04
-6.760400000000000000e+04
-6.770800000000000000e+04
-6.780700000000000000e+04
-6.790700000000000000e+04
-6.800700000000000000e+04
-6.810700000000000000e+04
-6.820700000000000000e+04
-6.830700000000000000e+04
-6.840700000000000000e+04
-6.850600000000000000e+04
-6.860600000000000000e+04
-6.870600000000000000e+04
-6.880500000000000000e+04
-6.890300000000000000e+04
-6.900200000000000000e+04
-6.910200000000000000e+04
-6.920200000000000000e+04
-6.930200000000000000e+04
-6.940100000000000000e+04
-6.950100000000000000e+04
-6.960000000000000000e+04
-6.970900000000000000e+04
-6.980700000000000000e+04
-6.990500000000000000e+04
-7.000400000000000000e+04
-7.010300000000000000e+04
-7.020100000000000000e+04
-7.030100000000000000e+04
-7.040100000000000000e+04
-7.050100000000000000e+04
-7.060200000000000000e+04
-7.070200000000000000e+04
-7.080200000000000000e+04
-7.090100000000000000e+04
-7.100200000000000000e+04
-7.110200000000000000e+04
-7.120400000000000000e+04
-7.130600000000000000e+04
-7.140800000000000000e+04
-7.150800000000000000e+04
-7.161100000000000000e+04
-7.171100000000000000e+04
-7.181100000000000000e+04
-7.191000000000000000e+04
-7.200900000000000000e+04
-7.211300000000000000e+04
-7.221200000000000000e+04
-7.231200000000000000e+04
-7.241300000000000000e+04
-7.251200000000000000e+04
-7.261100000000000000e+04
-7.271000000000000000e+04
-7.280900000000000000e+04
-7.290900000000000000e+04
-7.300700000000000000e+04
-7.310700000000000000e+04
-7.320600000000000000e+04
-7.330700000000000000e+04
-7.340700000000000000e+04
-7.350700000000000000e+04
-7.360700000000000000e+04
-7.370600000000000000e+04
-7.381100000000000000e+04
