3.882000000000000000e+03
3.877000000000000000e+03
3.866000000000000000e+03
3.848000000000000000e+03
3.825000000000000000e+03
3.797000000000000000e+03
3.765000000000000000e+03
3.730000000000000000e+03
3.694000000000000000e+03
3.654000000000000000e+03
3.612000000000000000e+03
3.570000000000000000e+03
3.525000000000000000e+03
3.481000000000000000e+03
3.435000000000000000e+03
3.389000000000000000e+03
3.342000000000000000e+03
3.294000000000000000e+03
3.246000000000000000e+03
3.198000000000000000e+03
2.148000000000000000e+03
2.048000000000000000e+03
1.949000000000000000e+03
1.849000000000000000e+03
1.749000000000000000e+03
1.649000000000000000e+03
1.549000000000000000e+03
1.450000000000000000e+03
1.349000000000000000e+03
1.249000000000000000e+03
1.149000000000000000e+03
1.049000000000000000e+03
9.490000000000000000e+02
8.500000000000000000e+02
7.500000000000000000e+02
6.500000000000000000e+02
5.520000000000000000e+02
4.520000000000000000e+02
3.520000000000000000e+02
2.540000000000000000e+02
1.550000000000000000e+02
5.600000000000000000e+01
-4.800000000000000000e+01
-1.500000000000000000e+02
-2.470000000000000000e+02
-3.460000000000000000e+02
-4.440000000000000000e+02
-5.430000000000000000e+02
-6.430000000000000000e+02
-7.420000000000000000e+02
-8.430000000000000000e+02
-9.420000000000000000e+02
-1.044000000000000000e+03
-1.143000000000000000e+03
-1.243000000000000000e+03
-1.343000000000000000e+03
-1.444000000000000000e+03
-1.546000000000000000e+03
-1.647000000000000000e+03
-1.749000000000000000e+03
-1.849000000000000000e+03
-1.951000000000000000e+03
-2.051000000000000000e+03
-2.150000000000000000e+03
-2.249000000000000000e+03
-2.349000000000000000e+03
-2.448000000000000000e+03
-2.549000000000000000e+03
-2.648000000000000000e+03
-2.750000000000000000e+03
-2.851000000000000000e+03
-2.950000000000000000e+03
-3.051000000000000000e+03
-3.150000000000000000e+03
-3.249000000000000000e+03
-3.348000000000000000e+03
-3.448000000000000000e+03
-3.547000000000000000e+03
-3.647000000000000000e+03
-3.748000000000000000e+03
-3.846000000000000000e+03
-3.947000000000000000e+03
-4.046000000000000000e+03
-4.153000000000000000e+03
-4.252000000000000000e+03
-4.346000000000000000e+03
-4.448000000000000000e+03
-4.546000000000000000e+03
-4.646000000000000000e+03
-4.746000000000000000e+03
-4.845000000000000000e+03
-4.946000000000000000e+03
-5.045000000000000000e+03
-5.146000000000000000e+03
-5.246000000000000000e+03
-5.345000000000000000e+03
-5.446000000000000000e+03
-5.546000000000000000e+03
-5.648000000000000000e+03
-5.750000000000000000e+03
-5.851000000000000000e+03
-5.951000000000000000e+03
-6.052000000000000000e+03
-6.152000000000000000e+03
-6.250000000000000000e+03
-6.350000000000000000e+03
-6.451000000000000000e+03
-6.550000000000000000e+03
-6.651000000000000000e+03
-6.751000000000000000e+03
-6.852000000000000000e+03
-6.953000000000000000e+03
-7.052000000000000000e+03
-7.152000000000000000e+03
-7.255000000000000000e+03
-7.355000000000000000e+03
-7.454000000000000000e+03
-7.553000000000000000e+03
-7.653000000000000000e+03
-7.753000000000000000e+03
-7.853000000000000000e+03
-7.952000000000000000e+03
-8.051000000000000000e+03
-8.150000000000000000e+03
-8.255000000000000000e+03
-8.353000000000000000e+03
-8.452000000000000000e+03
-8.551000000000000000e+03
-8.650000000000000000e+03
-8.748000000000000000e+03
-8.848000000000000000e+03
-8.947000000000000000e+03
-9.047000000000000000e+03
-9.147000000000000000e+03
-9.248000000000000000e+03
-9.348000000000000000e+03
-9.447000000000000000e+03
-9.549000000000000000e+03
-9.649000000000000000e+03
-9.750000000000000000e+03
-9.852000000000000000e+03
-9.953000000000000000e+03
-1.005400000000000000e+04
-1.015500000000000000e+04
-1.025500000000000000e+04
-1.035400000000000000e+04
-1.045400000000000000e+04
-1.055400000000000000e+04
-1.065600000000000000e+04
-1.075600000000000000e+04
-1.085700000000000000e+04
-1.095800000000000000e+04
-1.105900000000000000e+04
-1.115700000000000000e+04
-1.125800000000000000e+04
-1.135800000000000000e+04
-1.145800000000000000e+04
-1.155700000000000000e+04
-1.165500000000000000e+04
-1.175500000000000000e+04
-1.185500000000000000e+04
-1.195500000000000000e+04
-1.205400000000000000e+04
-1.215300000000000000e+04
-1.225300000000000000e+04
-1.235800000000000000e+04
-1.245600000000000000e+04
-1.255400000000000000e+04
-1.265300000000000000e+04
-1.275200000000000000e+04
-1.285100000000000000e+04
-1.295000000000000000e+04
-1.305000000000000000e+04
-1.315000000000000000e+04
-1.325100000000000000e+04
-1.335100000000000000e+04
-1.345100000000000000e+04
-1.355000000000000000e+04
-1.365400000000000000e+04
-1.375400000000000000e+04
-1.385500000000000000e+04
-1.395700000000000000e+04
-1.405800000000000000e+04
-1.415900000000000000e+04
-1.426100000000000000e+04
-1.436000000000000000e+04
-1.446000000000000000e+04
-1.455900000000000000e+04
-1.465800000000000000e+04
-1.475800000000000000e+04
-1.485800000000000000e+04
-1.495900000000000000e+04
-1.506000000000000000e+04
-1.516100000000000000e+04
-1.526000000000000000e+04
-1.536000000000000000e+04
-1.546000000000000000e+04
-1.556000000000000000e+04
-1.565900000000000000e+04
-1.575800000000000000e+04
-1.585700000000000000e+04
-1.595700000000000000e+04
-1.605700000000000000e+04
-1.615600000000000000e+04
-1.625500000000000000e+04
-1.635400000000000000e+04
-1.645900000000000000e+04
-1.655700000000000000e+04
-1.665500000000000000e+04
-1.675400000000000000e+04
-1.685300000000000000e+04
-1.695200000000000000e+04
-1.705200000000000000e+04
-1.715200000000000000e+04
-1.725200000000000000e+04
-1.735200000000000000e+04
-1.745200000000000000e+04
-1.755200000000000000e+04
-1.765100000000000000e+04
-1.775500000000000000e+04
-1.785200000000000000e+04
-1.795300000000000000e+04
-1.805900000000000000e+04
-1.815900000000000000e+04
-1.826000000000000000e+04
-1.836200000000000000e+04
-1.846100000000000000e+04
-1.856100000000000000e+04
-1.866000000000000000e+04
-1.876000000000000000e+04
-1.886000000000000000e+04
-1.896000000000000000e+04
-1.906100000000000000e+04
-1.916200000000000000e+04
-1.926200000000000000e+04
-1.936100000000000000e+04
-1.946100000000000000e+04
-1.956000000000000000e+04
-1.966000000000000000e+04
-1.975900000000000000e+04
-1.985800000000000000e+04
-1.995800000000000000e+04
-2.005800000000000000e+04
-2.015700000000000000e+04
-2.025500000000000000e+04
-2.035500000000000000e+04
-2.045400000000000000e+04
-2.055900000000000000e+04
-2.065600000000000000e+04
-2.075500000000000000e+04
-2.085400000000000000e+04
-2.095300000000000000e+04
-2.105200000000000000e+04
-2.115200000000000000e+04
-2.125100000000000000e+04
-2.135100000000000000e+04
-2.145200000000000000e+04
-2.155200000000000000e+04
-2.165200000000000000e+04
-2.175200000000000000e+04
-2.185200000000000000e+04
-2.195300000000000000e+04
-2.205700000000000000e+04
-2.215900000000000000e+04
-2.225900000000000000e+04
-2.235900000000000000e+04
-2.246100000000000000e+04
-2.256000000000000000e+04
-2.266100000000000000e+04
-2.276100000000000000e+04
-2.286000000000000000e+04
-2.296100000000000000e+04
-2.306100000000000000e+04
-2.316200000000000000e+04
-2.326200000000000000e+04
-2.336200000000000000e+04
-2.346300000000000000e+04
-2.356300000000000000e+04
-2.366300000000000000e+04
-2.376200000000000000e+04
-2.386100000000000000e+04
-2.396000000000000000e+04
-2.405900000000000000e+04
-2.415900000000000000e+04
-2.425700000000000000e+04
-2.435700000000000000e+04
-2.445700000000000000e+04
-2.455600000000000000e+04
-2.466200000000000000e+04
-2.476000000000000000e+04
-2.485800000000000000e+04
-2.495600000000000000e+04
-2.505500000000000000e+04
-2.515400000000000000e+04
-2.525700000000000000e+04
-2.535300000000000000e+04
-2.545300000000000000e+04
-2.555400000000000000e+04
-2.565700000000000000e+04
-2.575600000000000000e+04
-2.585700000000000000e+04
-2.595700000000000000e+04
-2.605800000000000000e+04
-2.615900000000000000e+04
-2.626100000000000000e+04
-2.636200000000000000e+04
-2.646300000000000000e+04
-2.656300000000000000e+04
-2.666300000000000000e+04
-2.676300000000000000e+04
-2.686200000000000000e+04
-2.696100000000000000e+04
-2.706200000000000000e+04
-2.716200000000000000e+04
-2.726300000000000000e+04
-2.736400000000000000e+04
-2.746300000000000000e+04
-2.756400000000000000e+04
-2.766400000000000000e+04
-2.776400000000000000e+04
-2.786400000000000000e+04
-2.796100000000000000e+04
-2.806000000000000000e+04
-2.816000000000000000e+04
-2.826000000000000000e+04
-2.835900000000000000e+04
-2.845900000000000000e+04
-2.855800000000000000e+04
-2.866000000000000000e+04
-2.876500000000000000e+04
-2.886300000000000000e+04
-2.896000000000000000e+04
-2.905800000000000000e+04
-2.915800000000000000e+04
-2.925800000000000000e+04
-2.935800000000000000e+04
-2.945700000000000000e+04
-2.955800000000000000e+04
-2.965800000000000000e+04
-2.975800000000000000e+04
-2.985800000000000000e+04
-2.995800000000000000e+04
-3.005900000000000000e+04
-3.016000000000000000e+04
-3.026200000000000000e+04
-3.036400000000000000e+04
-3.046500000000000000e+04
-3.056500000000000000e+04
-3.066500000000000000e+04
-3.076500000000000000e+04
-3.086500000000000000e+04
-3.096700000000000000e+04
-3.106400000000000000e+04
-3.116500000000000000e+04
-3.126500000000000000e+04
-3.136600000000000000e+04
-3.146700000000000000e+04
-3.156600000000000000e+04
-3.166700000000000000e+04
-3.176700000000000000e+04
-3.186700000000000000e+04
-3.197000000000000000e+04
-3.206900000000000000e+04
-3.216900000000000000e+04
-3.226700000000000000e+04
-3.236800000000000000e+04
-3.246600000000000000e+04
-3.256500000000000000e+04
-3.266500000000000000e+04
-3.276400000000000000e+04
-3.286800000000000000e+04
-3.296600000000000000e+04
-3.306500000000000000e+04
-3.316400000000000000e+04
-3.326500000000000000e+04
-3.336300000000000000e+04
-3.346300000000000000e+04
-3.356200000000000000e+04
-3.366300000000000000e+04
-3.376300000000000000e+04
-3.386400000000000000e+04
-3.396200000000000000e+04
-3.406300000000000000e+04
-3.416300000000000000e+04
-3.426400000000000000e+04
-3.436500000000000000e+04
-3.446700000000000000e+04
-3.456700000000000000e+04
-3.466800000000000000e+04
-3.476800000000000000e+04
-3.486800000000000000e+04
-3.496700000000000000e+04
-3.506700000000000000e+04
-3.516700000000000000e+04
-3.526700000000000000e+04
-3.536800000000000000e+04
-3.546900000000000000e+04
-3.557000000000000000e+04
-3.567200000000000000e+04
-3.577300000000000000e+04
-3.587400000000000000e+04
-3.597300000000000000e+04
-3.607400000000000000e+04
-3.617300000000000000e+04
-3.627200000000000000e+04
-3.637100000000000000e+04
-3.647100000000000000e+04
-3.657000000000000000e+04
-3.666900000000000000e+04
-3.676900000000000000e+04
-3.686800000000000000e+04
-3.697300000000000000e+04
-3.707000000000000000e+04
-3.716800000000000000e+04
-3.726700000000000000e+04
-3.736700000000000000e+04
-3.746600000000000000e+04
-3.756600000000000000e+04
-3.766600000000000000e+04
-3.776700000000000000e+04
-3.786600000000000000e+04
-3.796700000000000000e+04
-3.806500000000000000e+04
-3.816600000000000000e+04
-3.826600000000000000e+04
-3.836700000000000000e+04
-3.846900000000000000e+04
-3.857100000000000000e+04
-3.867200000000000000e+04
-3.877300000000000000e+04
-3.887300000000000000e+04
-3.897300000000000000e+04
-3.907200000000000000e+04
-3.917200000000000000e+04
-3.927100000000000000e+04
-3.937100000000000000e+04
-3.947200000000000000e+04
-3.957300000000000000e+04
-3.967700000000000000e+04
-3.977700000000000000e+04
-3.987400000000000000e+04
-3.997800000000000000e+04
-4.007700000000000000e+04
-4.017800000000000000e+04
-4.027600000000000000e+04
-4.037500000000000000e+04
-4.047400000000000000e+04
-4.057500000000000000e+04
-4.067300000000000000e+04
-4.077200000000000000e+04
-4.087200000000000000e+04
-4.097000000000000000e+04
-4.107500000000000000e+04
-4.117100000000000000e+04
-4.127000000000000000e+04
-4.136900000000000000e+04
-4.146900000000000000e+04
-4.156800000000000000e+04
-4.166800000000000000e+04
-4.176700000000000000e+04
-4.186800000000000000e+04
-4.196800000000000000e+04
-4.206900000000000000e+04
-4.216700000000000000e+04
-4.226800000000000000e+04
-4.236900000000000000e+04
-4.247100000000000000e+04
-4.257300000000000000e+04
-4.267400000000000000e+04
-4.277500000000000000e+04
-4.287500000000000000e+04
-4.297500000000000000e+04
-4.307500000000000000e+04
-4.317400000000000000e+04
-4.327400000000000000e+04
-4.337400000000000000e+04
-4.347400000000000000e+04
-4.357500000000000000e+04
-4.367600000000000000e+04
-4.377600000000000000e+04
-4.387500000000000000e+04
-4.397500000000000000e+04
-4.407500000000000000e+04
-4.417400000000000000e+04
-4.427800000000000000e+04
-4.437400000000000000e+04
-4.447300000000000000e+04
-4.457300000000000000e+04
-4.467300000000000000e+04
-4.477600000000000000e+04
-4.487400000000000000e+04
-4.497300000000000000e+04
-4.507400000000000000e+04
-4.517700000000000000e+04
-4.527500000000000000e+04
-4.537400000000000000e+04
-4.547300000000000000e+04
-4.557200000000000000e+04
-4.567100000000000000e+04
-4.577100000000000000e+04
-4.587000000000000000e+04
-4.597000000000000000e+04
-4.607000000000000000e+04
-4.617000000000000000e+04
-4.627000000000000000e+04
-4.637100000000000000e+04
-4.647200000000000000e+04
-4.657400000000000000e+04
-4.667600000000000000e+04
-4.677800000000000000e+04
-4.688700000000000000e+04
-4.698000000000000000e+04
-4.707900000000000000e+04
-4.717900000000000000e+04
-4.727900000000000000e+04
-4.737900000000000000e+04
-4.747900000000000000e+04
-4.757900000000000000e+04
-4.767800000000000000e+04
-4.777900000000000000e+04
-4.788000000000000000e+04
-4.797900000000000000e+04
-4.807900000000000000e+04
-4.818000000000000000e+04
-4.827900000000000000e+04
-4.838000000000000000e+04
-4.847900000000000000e+04
-4.857700000000000000e+04
-4.867700000000000000e+04
-4.878000000000000000e+04
-4.887600000000000000e+04
-4.897800000000000000e+04
-4.907700000000000000e+04
-4.917900000000000000e+04
-4.928100000000000000e+04
-4.937700000000000000e+04
-4.947600000000000000e+04
-4.957400000000000000e+04
-4.967300000000000000e+04
-4.977200000000000000e+04
-4.987200000000000000e+04
-4.997200000000000000e+04
-5.007200000000000000e+04
-5.017300000000000000e+04
-5.027300000000000000e+04
-5.037300000000000000e+04
-5.047300000000000000e+04
-5.057300000000000000e+04
-5.067500000000000000e+04
-5.077700000000000000e+04
-5.087800000000000000e+04
-5.097900000000000000e+04
-5.108100000000000000e+04
-5.118100000000000000e+04
-5.128100000000000000e+04
-5.138100000000000000e+04
-5.148100000000000000e+04
-5.158000000000000000e+04
-5.168100000000000000e+04
-5.178000000000000000e+04
-5.188100000000000000e+04
-5.198200000000000000e+04
-5.208100000000000000e+04
-5.218100000000000000e+04
-5.228100000000000000e+04
-5.238000000000000000e+04
-5.247900000000000000e+04
-5.257800000000000000e+04
-5.267600000000000000e+04
-5.277600000000000000e+04
-5.287600000000000000e+04
-5.297900000000000000e+04
-5.307500000000000000e+04
-5.317800000000000000e+04
-5.327800000000000000e+04
-5.337900000000000000e+04
-5.347700000000000000e+04
-5.357700000000000000e+04
-5.367500000000000000e+04
-5.377400000000000000e+04
-5.387400000000000000e+04
-5.397400000000000000e+04
-5.407300000000000000e+04
-5.417400000000000000e+04
-5.427500000000000000e+04
-5.437400000000000000e+04
-5.447300000000000000e+04
-5.457300000000000000e+04
-5.467300000000000000e+04
-5.477400000000000000e+04
-5.487600000000000000e+04
-5.497700000000000000e+04
-5.507800000000000000e+04
-5.518000000000000000e+04
-5.528000000000000000e+04
-5.538000000000000000e+04
-5.548000000000000000e+04
-5.558000000000000000e+04
-5.568000000000000000e+04
-5.578100000000000000e+04
-5.588100000000000000e+04
-5.598200000000000000e+04
-5.608200000000000000e+04
-5.618100000000000000e+04
-5.628200000000000000e+04
-5.638100000000000000e+04
-5.648000000000000000e+04
-5.658000000000000000e+04
-5.668300000000000000e+04
-5.678200000000000000e+04
-5.687900000000000000e+04
-5.697900000000000000e+04
-5.707800000000000000e+04
-5.717900000000000000e+04
-5.727900000000000000e+04
-5.738000000000000000e+04
-5.748000000000000000e+04
-5.757800000000000000e+04
-5.767700000000000000e+04
-5.777600000000000000e+04
-5.787400000000000000e+04
-5.797400000000000000e+04
-5.807300000000000000e+04
-5.817200000000000000e+04
-5.827200000000000000e+04
-5.837400000000000000e+04
-5.847400000000000000e+04
-5.857300000000000000e+04
-5.867300000000000000e+04
-5.877300000000000000e+04
-5.887500000000000000e+04
-5.897700000000000000e+04
-5.907700000000000000e+04
-5.917700000000000000e+04
-5.927900000000000000e+04
-5.937800000000000000e+04
-5.947800000000000000e+04
-5.957800000000000000e+04
-5.967900000000000000e+04
-5.977700000000000000e+04
-5.987800000000000000e+04
-5.997800000000000000e+04
-6.007900000000000000e+04
-6.018000000000000000e+04
-6.027900000000000000e+04
-6.037900000000000000e+04
-6.047800000000000000e+04
-6.057800000000000000e+04
-6.067800000000000000e+04
-6.077800000000000000e+04
-6.087600000000000000e+04
-6.097600000000000000e+04
-6.107600000000000000e+04
-6.117500000000000000e+04
-6.127400000000000000e+04
-6.137400000000000000e+04
-6.147600000000000000e+04
-6.157900000000000000e+04
-6.167700000000000000e+04
-6.177500000000000000e+04
-6.187500000000000000e+04
-6.197400000000000000e+04
-6.207500000000000000e+04
-6.217400000000000000e+04
-6.227500000000000000e+04
-6.237500000000000000e+04
-6.247700000000000000e+04
-6.257700000000000000e+04
-6.267700000000000000e+04
-6.277700000000000000e+04
-6.287800000000000000e+04
-6.298000000000000000e+04
-6.308300000000000000e+04
-6.318300000000000000e+04
-6.328500000000000000e+04
-6.338700000000000000e+04
-6.348600000000000000e+04
-6.358600000000000000e+04
-6.368500000000000000e+04
-6.378600000000000000e+04
-6.388500000000000000e+04
-6.398500000000000000e+04
-6.408600000000000000e+04
-6.418700000000000000e+04
-6.428800000000000000e+04
-6.438600000000000000e+04
-6.448600000000000000e+04
-6.458600000000000000e+04
-6.468500000000000000e+04
-6.478400000000000000e+04
-6.488400000000000000e+04
-6.498300000000000000e+04
-6.508300000000000000e+04
-6.518400000000000000e+04
-6.528300000000000000e+04
-6.538200000000000000e+04
-6.548200000000000000e+04
-6.558400000000000000e+04
-6.568300000000000000e+04
-6.578100000000000000e+04
-6.587900000000000000e+04
-6.597800000000000000e+04
-6.608100000000000000e+04
-6.618100000000000000e+04
-6.628000000000000000e+04
-6.638000000000000000e+04
-6.647900000000000000e+04
-6.658000000000000000e+04
-6.668000000000000000e+04
-6.677900000000000000e+04
-6.688100000000000000e+04
-6.698100000000000000e+04
-6.708300000000000000e+04
-6.718600000000000000e+04
-6.728700000000000000e+04
-6.738800000000000000e+04
-6.748900000000000000e+04
-6.758800000000000000e+04
-6.768700000000000000e+04
-6.778600000000000000e+04
-6.788700000000000000e+04
-6.798600000000000000e+04
-6.808700000000000000e+04
-6.818700000000000000e+04
-6.828700000000000000e+04
-6.838800000000000000e+04
-6.848700000000000000e+04
-6.858600000000000000e+04
-6.868600000000000000e+04
-6.878400000000000000e+04
-6.888400000000000000e+04
-6.898300000000000000e+04
-6.908300000000000000e+04
-6.918300000000000000e+04
-6.928300000000000000e+04
-6.938200000000000000e+04
-6.948000000000000000e+04
-6.957800000000000000e+04
-6.968200000000000000e+04
-6.978100000000000000e+04
-6.988400000000000000e+04
-6.998300000000000000e+04
-7.008200000000000000e+04
-7.018100000000000000e+04
-7.028100000000000000e+04
-7.038100000000000000e+04
-7.048400000000000000e+04
-7.058100000000000000e+04
-7.068200000000000000e+04
-7.078200000000000000e+04
-7.088200000000000000e+04
-7.098300000000000000e+04
-7.108400000000000000e+04
-7.118600000000000000e+04
-7.128800000000000000e+04
-7.138900000000000000e+04
-7.149000000000000000e+04
-7.159300000000000000e+04
-7.169200000000000000e+04
-7.179300000000000000e+04
-7.189300000000000000e+04
-7.199400000000000000e+04
-7.209300000000000000e+04
-7.219300000000000000e+04
-7.229300000000000000e+04
-7.239300000000000000e+04
-7.249400000000000000e+04
-7.259200000000000000e+04
-7.269200000000000000e+04
-7.279400000000000000e+04
-7.288900000000000000e+04
-7.298800000000000000e+04
-7.308800000000000000e+04
-7.319000000000000000e+04
-7.329100000000000000e+04
-7.339100000000000000e+04
-7.349000000000000000e+04
-7.359000000000000000e+04
-7.369000000000000000e+04
-7.379500000000000000e+04
-7.389300000000000000e+04
-7.399200000000000000e+04
-7.409100000000000000e+04
-7.419000000000000000e+04
-7.428900000000000000e+04
-7.438900000000000000e+04
-7.448800000000000000e+04
-7.458900000000000000e+04
-7.469000000000000000e+04
-7.479000000000000000e+04
-7.489000000000000000e+04
-7.499000000000000000e+04
-7.509100000000000000e+04
-7.519100000000000000e+04
-7.529300000000000000e+04
-7.539500000000000000e+04
-7.549600000000000000e+04
-7.559700000000000000e+04
-7.570000000000000000e+04
-7.579900000000000000e+04
-7.589900000000000000e+04
-7.599800000000000000e+04
-7.609700000000000000e+04
-7.619600000000000000e+04
-7.629600000000000000e+04
-7.639600000000000000e+04
-7.649700000000000000e+04
-7.659800000000000000e+04
-7.669700000000000000e+04
-7.679600000000000000e+04
-7.689500000000000000e+04
-7.699500000000000000e+04
-7.709200000000000000e+04
-7.719400000000000000e+04
-7.729400000000000000e+04
-7.739400000000000000e+04
-7.749400000000000000e+04
-7.759300000000000000e+04
-7.769400000000000000e+04
-7.779300000000000000e+04
-7.789800000000000000e+04
-7.799900000000000000e+04
-7.809400000000000000e+04
-7.819300000000000000e+04
-7.829200000000000000e+04
-7.839200000000000000e+04
-7.849100000000000000e+04
-7.859100000000000000e+04
-7.869100000000000000e+04
-7.879100000000000000e+04
-7.889200000000000000e+04
-7.899100000000000000e+04
-7.909100000000000000e+04
-7.919200000000000000e+04
-7.929300000000000000e+04
-7.939500000000000000e+04
-7.949800000000000000e+04
-7.959900000000000000e+04
-7.969900000000000000e+04
-7.980100000000000000e+04
-7.989900000000000000e+04
-7.999800000000000000e+04
-8.009700000000000000e+04
-8.019600000000000000e+04
-8.029600000000000000e+04
-8.039600000000000000e+04
-8.049700000000000000e+04
-8.059800000000000000e+04
-8.070100000000000000e+04
-8.080100000000000000e+04
-8.090100000000000000e+04
-8.100100000000000000e+04
-8.110000000000000000e+04
-8.119900000000000000e+04
-8.129800000000000000e+04
-8.139800000000000000e+04
-8.149900000000000000e+04
-8.159900000000000000e+04
-8.169700000000000000e+04
-8.179600000000000000e+04
-8.189500000000000000e+04
-8.200100000000000000e+04
-8.209800000000000000e+04
-8.219700000000000000e+04
-8.229700000000000000e+04
-8.239600000000000000e+04
-8.249600000000000000e+04
-8.259600000000000000e+04
-8.269500000000000000e+04
-8.279600000000000000e+04
-8.289600000000000000e+04
-8.299600000000000000e+04
-8.309600000000000000e+04
-8.319500000000000000e+04
-8.329600000000000000e+04
-8.339700000000000000e+04
-8.349800000000000000e+04
-8.360000000000000000e+04
-8.370100000000000000e+04
-8.380200000000000000e+04
-8.390300000000000000e+04
-8.400300000000000000e+04
-8.410200000000000000e+04
-8.420200000000000000e+04
-8.430100000000000000e+04
-8.440100000000000000e+04
-8.450400000000000000e+04
-8.460500000000000000e+04
-8.470500000000000000e+04
-8.480400000000000000e+04
-8.490500000000000000e+04
-8.500600000000000000e+04
-8.510500000000000000e+04
-8.520500000000000000e+04
-8.530200000000000000e+04
-8.540100000000000000e+04
-8.550100000000000000e+04
-8.560100000000000000e+04
-8.570000000000000000e+04
-8.580000000000000000e+04
-8.589900000000000000e+04
-8.599800000000000000e+04
-8.610300000000000000e+04
-8.620000000000000000e+04
-8.629800000000000000e+04
-8.639700000000000000e+04
-8.649600000000000000e+04
-8.659600000000000000e+04
-8.669600000000000000e+04
-8.679500000000000000e+04
-8.689600000000000000e+04
-8.699700000000000000e+04
-8.709700000000000000e+04
-8.719700000000000000e+04
-8.729700000000000000e+04
-8.739700000000000000e+04
-8.749800000000000000e+04
-8.759900000000000000e+04
-8.770000000000000000e+04
-8.780400000000000000e+04
-8.790100000000000000e+04
-8.800100000000000000e+04
-8.810500000000000000e+04
-8.820300000000000000e+04
-8.830200000000000000e+04
-8.840100000000000000e+04
-8.850200000000000000e+04
-8.860200000000000000e+04
-8.870300000000000000e+04
-8.881400000000000000e+04
-8.890400000000000000e+04
-8.900500000000000000e+04
-8.910500000000000000e+04
-8.920200000000000000e+04
-8.930000000000000000e+04
-8.939800000000000000e+04
-8.949700000000000000e+04
-8.959800000000000000e+04
-8.969900000000000000e+04
-8.979900000000000000e+04
-8.989900000000000000e+04
-9.000000000000000000e+04
-9.009900000000000000e+04
-9.020400000000000000e+04
-9.030200000000000000e+04
-9.040000000000000000e+04
-9.049900000000000000e+04
-9.059800000000000000e+04
-9.069800000000000000e+04
-9.079800000000000000e+04
-9.089800000000000000e+04
-9.099900000000000000e+04
-9.109900000000000000e+04
-9.120100000000000000e+04
-9.130000000000000000e+04
-9.140100000000000000e+04
-9.150400000000000000e+04
-9.160200000000000000e+04
-9.170700000000000000e+04
-9.180800000000000000e+04
-9.190800000000000000e+04
-9.200800000000000000e+04
-9.210600000000000000e+04
-9.220500000000000000e+04
-9.230200000000000000e+04
-9.239900000000000000e+04
-9.249800000000000000e+04
-9.259800000000000000e+04
-9.269900000000000000e+04
-9.280000000000000000e+04
-9.290000000000000000e+04
-9.299700000000000000e+04
-9.309500000000000000e+04
-9.319300000000000000e+04
-9.328900000000000000e+04
-9.338800000000000000e+04
-9.348600000000000000e+04
-9.358200000000000000e+04
