0.000000000000000000e+00
0.000000000000000000e+00
0.000000000000000000e+00
0.000000000000000000e+00
0.000000000000000000e+00
0.000000000000000000e+00
0.000000000000000000e+00
0.000000000000000000e+00
0.000000000000000000e+00
0.000000000000000000e+00
0.000000000000000000e+00
0.000000000000000000e+00
0.000000000000000000e+00
0.000000000000000000e+00
0.000000000000000000e+00
0.000000000000000000e+00
0.000000000000000000e+00
0.000000000000000000e+00
0.000000000000000000e+00
0.000000000000000000e+00
-6.746154022216796875e+01
-6.746154022216796875e+01
-6.746154022216796875e+01
-6.746154022216796875e+01
-6.746154022216796875e+01
-6.746154022216796875e+01
-6.746154022216796875e+01
-6.746154022216796875e+01
-6.746154022216796875e+01
-6.746154022216796875e+01
-6.800000000000000000e+01
-6.800000000000000000e+01
-6.800000000000000000e+01
-6.800000000000000000e+01
-6.800000000000000000e+01
-6.800000000000000000e+01
-6.812500000000000000e+01
-6.825000000000000000e+01
-6.837500000000000000e+01
-6.850000000000000000e+01
-6.850000000000000000e+01
-6.850000000000000000e+01
-6.850000000000000000e+01
-6.850000000000000000e+01
-6.850000000000000000e+01
-6.837500000000000000e+01
-6.812500000000000000e+01
-6.787500000000000000e+01
-6.762500000000000000e+01
-6.750000000000000000e+01
-6.737500000000000000e+01
-6.725000000000000000e+01
-6.712500000000000000e+01
-6.700000000000000000e+01
-6.700000000000000000e+01
-6.700000000000000000e+01
-6.700000000000000000e+01
-6.712500000000000000e+01
-6.725000000000000000e+01
-6.725000000000000000e+01
-6.725000000000000000e+01
-6.737500000000000000e+01
-6.750000000000000000e+01
-6.762500000000000000e+01
-6.775000000000000000e+01
-6.787500000000000000e+01
-6.787500000000000000e+01
-6.800000000000000000e+01
-6.812500000000000000e+01
-6.825000000000000000e+01
-6.837500000000000000e+01
-6.850000000000000000e+01
-6.862500000000000000e+01
-6.887500000000000000e+01
-6.900000000000000000e+01
-6.912500000000000000e+01
-6.925000000000000000e+01
-6.937500000000000000e+01
-6.937500000000000000e+01
-6.937500000000000000e+01
-6.937500000000000000e+01
-6.925000000000000000e+01
-6.925000000000000000e+01
-6.912500000000000000e+01
-6.900000000000000000e+01
-6.887500000000000000e+01
-6.862500000000000000e+01
-6.850000000000000000e+01
-6.825000000000000000e+01
-6.800000000000000000e+01
-6.775000000000000000e+01
-6.750000000000000000e+01
-6.750000000000000000e+01
-6.737500000000000000e+01
-6.737500000000000000e+01
-6.725000000000000000e+01
-6.725000000000000000e+01
-6.737500000000000000e+01
-6.750000000000000000e+01
-6.762500000000000000e+01
-6.775000000000000000e+01
-6.775000000000000000e+01
-6.775000000000000000e+01
-6.787500000000000000e+01
-6.787500000000000000e+01
-6.800000000000000000e+01
-6.800000000000000000e+01
-6.812500000000000000e+01
-6.825000000000000000e+01
-6.825000000000000000e+01
-6.837500000000000000e+01
-6.850000000000000000e+01
-6.862500000000000000e+01
-6.887500000000000000e+01
-6.900000000000000000e+01
-6.925000000000000000e+01
-6.937500000000000000e+01
-6.937500000000000000e+01
-6.937500000000000000e+01
-6.937500000000000000e+01
-6.937500000000000000e+01
-6.925000000000000000e+01
-6.900000000000000000e+01
-6.875000000000000000e+01
-6.862500000000000000e+01
-6.837500000000000000e+01
-6.825000000000000000e+01
-6.800000000000000000e+01
-6.775000000000000000e+01
-6.762500000000000000e+01
-6.750000000000000000e+01
-6.737500000000000000e+01
-6.737500000000000000e+01
-6.737500000000000000e+01
-6.737500000000000000e+01
-6.737500000000000000e+01
-6.737500000000000000e+01
-6.737500000000000000e+01
-6.750000000000000000e+01
-6.762500000000000000e+01
-6.775000000000000000e+01
-6.787500000000000000e+01
-6.800000000000000000e+01
-6.812500000000000000e+01
-6.825000000000000000e+01
-6.837500000000000000e+01
-6.862500000000000000e+01
-6.875000000000000000e+01
-6.887500000000000000e+01
-6.900000000000000000e+01
-6.900000000000000000e+01
-6.900000000000000000e+01
-6.912500000000000000e+01
-6.925000000000000000e+01
-6.925000000000000000e+01
-6.937500000000000000e+01
-6.937500000000000000e+01
-6.937500000000000000e+01
-6.937500000000000000e+01
-6.937500000000000000e+01
-6.937500000000000000e+01
-6.925000000000000000e+01
-6.900000000000000000e+01
-6.875000000000000000e+01
-6.862500000000000000e+01
-6.837500000000000000e+01
-6.812500000000000000e+01
-6.787500000000000000e+01
-6.762500000000000000e+01
-6.750000000000000000e+01
-6.737500000000000000e+01
-6.737500000000000000e+01
-6.737500000000000000e+01
-6.737500000000000000e+01
-6.750000000000000000e+01
-6.762500000000000000e+01
-6.775000000000000000e+01
-6.787500000000000000e+01
-6.800000000000000000e+01
-6.800000000000000000e+01
-6.800000000000000000e+01
-6.812500000000000000e+01
-6.825000000000000000e+01
-6.837500000000000000e+01
-6.850000000000000000e+01
-6.862500000000000000e+01
-6.875000000000000000e+01
-6.887500000000000000e+01
-6.900000000000000000e+01
-6.912500000000000000e+01
-6.925000000000000000e+01
-6.937500000000000000e+01
-6.950000000000000000e+01
-6.962500000000000000e+01
-6.975000000000000000e+01
-6.975000000000000000e+01
-6.987500000000000000e+01
-7.000000000000000000e+01
-6.987500000000000000e+01
-6.975000000000000000e+01
-6.962500000000000000e+01
-6.937500000000000000e+01
-6.912500000000000000e+01
-6.887500000000000000e+01
-6.862500000000000000e+01
-6.850000000000000000e+01
-6.812500000000000000e+01
-6.787500000000000000e+01
-6.775000000000000000e+01
-6.775000000000000000e+01
-6.775000000000000000e+01
-6.775000000000000000e+01
-6.762500000000000000e+01
-6.762500000000000000e+01
-6.762500000000000000e+01
-6.775000000000000000e+01
-6.787500000000000000e+01
-6.800000000000000000e+01
-6.800000000000000000e+01
-6.812500000000000000e+01
-6.825000000000000000e+01
-6.837500000000000000e+01
-6.862500000000000000e+01
-6.887500000000000000e+01
-6.900000000000000000e+01
-6.912500000000000000e+01
-6.937500000000000000e+01
-6.950000000000000000e+01
-6.962500000000000000e+01
-6.975000000000000000e+01
-6.987500000000000000e+01
-6.987500000000000000e+01
-6.987500000000000000e+01
-6.987500000000000000e+01
-7.000000000000000000e+01
-7.000000000000000000e+01
-7.000000000000000000e+01
-6.987500000000000000e+01
-6.975000000000000000e+01
-6.962500000000000000e+01
-6.950000000000000000e+01
-6.937500000000000000e+01
-6.912500000000000000e+01
-6.887500000000000000e+01
-6.862500000000000000e+01
-6.837500000000000000e+01
-6.812500000000000000e+01
-6.787500000000000000e+01
-6.775000000000000000e+01
-6.762500000000000000e+01
-6.762500000000000000e+01
-6.762500000000000000e+01
-6.762500000000000000e+01
-6.762500000000000000e+01
-6.775000000000000000e+01
-6.787500000000000000e+01
-6.800000000000000000e+01
-6.800000000000000000e+01
-6.812500000000000000e+01
-6.825000000000000000e+01
-6.850000000000000000e+01
-6.875000000000000000e+01
-6.887500000000000000e+01
-6.912500000000000000e+01
-6.937500000000000000e+01
-6.962500000000000000e+01
-6.962500000000000000e+01
-6.975000000000000000e+01
-6.987500000000000000e+01
-7.000000000000000000e+01
-7.000000000000000000e+01
-7.000000000000000000e+01
-7.012500000000000000e+01
-7.012500000000000000e+01
-7.012500000000000000e+01
-7.000000000000000000e+01
-7.000000000000000000e+01
-6.987500000000000000e+01
-6.962500000000000000e+01
-6.950000000000000000e+01
-6.937500000000000000e+01
-6.925000000000000000e+01
-6.900000000000000000e+01
-6.875000000000000000e+01
-6.862500000000000000e+01
-6.837500000000000000e+01
-6.812500000000000000e+01
-6.800000000000000000e+01
-6.787500000000000000e+01
-6.775000000000000000e+01
-6.775000000000000000e+01
-6.775000000000000000e+01
-6.775000000000000000e+01
-6.775000000000000000e+01
-6.787500000000000000e+01
-6.800000000000000000e+01
-6.812500000000000000e+01
-6.825000000000000000e+01
-6.837500000000000000e+01
-6.862500000000000000e+01
-6.887500000000000000e+01
-6.900000000000000000e+01
-6.912500000000000000e+01
-6.937500000000000000e+01
-6.950000000000000000e+01
-6.962500000000000000e+01
-6.975000000000000000e+01
-6.987500000000000000e+01
-6.987500000000000000e+01
-6.987500000000000000e+01
-6.987500000000000000e+01
-7.012500000000000000e+01
-7.012500000000000000e+01
-7.012500000000000000e+01
-7.012500000000000000e+01
-7.012500000000000000e+01
-7.000000000000000000e+01
-6.987500000000000000e+01
-6.975000000000000000e+01
-6.950000000000000000e+01
-6.925000000000000000e+01
-6.900000000000000000e+01
-6.875000000000000000e+01
-6.850000000000000000e+01
-6.837500000000000000e+01
-6.825000000000000000e+01
-6.812500000000000000e+01
-6.800000000000000000e+01
-6.800000000000000000e+01
-6.800000000000000000e+01
-6.800000000000000000e+01
-6.800000000000000000e+01
-6.800000000000000000e+01
-6.800000000000000000e+01
-6.800000000000000000e+01
-6.812500000000000000e+01
-6.837500000000000000e+01
-6.862500000000000000e+01
-6.887500000000000000e+01
-6.912500000000000000e+01
-6.937500000000000000e+01
-6.962500000000000000e+01
-6.987500000000000000e+01
-7.000000000000000000e+01
-7.000000000000000000e+01
-7.000000000000000000e+01
-7.000000000000000000e+01
-7.012500000000000000e+01
-7.025000000000000000e+01
-7.037500000000000000e+01
-7.050000000000000000e+01
-7.050000000000000000e+01
-7.050000000000000000e+01
-7.050000000000000000e+01
-7.050000000000000000e+01
-7.037500000000000000e+01
-7.037500000000000000e+01
-7.012500000000000000e+01
-7.000000000000000000e+01
-6.987500000000000000e+01
-6.975000000000000000e+01
-6.962500000000000000e+01
-6.937500000000000000e+01
-6.912500000000000000e+01
-6.887500000000000000e+01
-6.862500000000000000e+01
-6.850000000000000000e+01
-6.837500000000000000e+01
-6.812500000000000000e+01
-6.800000000000000000e+01
-6.800000000000000000e+01
-6.800000000000000000e+01
-6.800000000000000000e+01
-6.800000000000000000e+01
-6.812500000000000000e+01
-6.837500000000000000e+01
-6.862500000000000000e+01
-6.900000000000000000e+01
-6.937500000000000000e+01
-6.975000000000000000e+01
-7.012500000000000000e+01
-7.037500000000000000e+01
-7.050000000000000000e+01
-7.062500000000000000e+01
-7.075000000000000000e+01
-7.075000000000000000e+01
-7.087500000000000000e+01
-7.100000000000000000e+01
-7.112500000000000000e+01
-7.112500000000000000e+01
-7.125000000000000000e+01
-7.137500000000000000e+01
-7.137500000000000000e+01
-7.137500000000000000e+01
-7.125000000000000000e+01
-7.100000000000000000e+01
-7.087500000000000000e+01
-7.062500000000000000e+01
-7.037500000000000000e+01
-7.025000000000000000e+01
-7.000000000000000000e+01
-6.962500000000000000e+01
-6.937500000000000000e+01
-6.912500000000000000e+01
-6.900000000000000000e+01
-6.875000000000000000e+01
-6.850000000000000000e+01
-6.825000000000000000e+01
-6.812500000000000000e+01
-6.800000000000000000e+01
-6.800000000000000000e+01
-6.812500000000000000e+01
-6.825000000000000000e+01
-6.850000000000000000e+01
-6.862500000000000000e+01
-6.900000000000000000e+01
-6.937500000000000000e+01
-6.975000000000000000e+01
-7.012500000000000000e+01
-7.050000000000000000e+01
-7.075000000000000000e+01
-7.087500000000000000e+01
-7.112500000000000000e+01
-7.112500000000000000e+01
-7.125000000000000000e+01
-7.125000000000000000e+01
-7.137500000000000000e+01
-7.137500000000000000e+01
-7.137500000000000000e+01
-7.137500000000000000e+01
-7.150000000000000000e+01
-7.150000000000000000e+01
-7.137500000000000000e+01
-7.125000000000000000e+01
-7.100000000000000000e+01
-7.075000000000000000e+01
-7.050000000000000000e+01
-7.037500000000000000e+01
-7.012500000000000000e+01
-6.987500000000000000e+01
-6.962500000000000000e+01
-6.937500000000000000e+01
-6.912500000000000000e+01
-6.887500000000000000e+01
-6.862500000000000000e+01
-6.837500000000000000e+01
-6.825000000000000000e+01
-6.812500000000000000e+01
-6.800000000000000000e+01
-6.800000000000000000e+01
-6.800000000000000000e+01
-6.812500000000000000e+01
-6.837500000000000000e+01
-6.862500000000000000e+01
-6.887500000000000000e+01
-6.912500000000000000e+01
-6.950000000000000000e+01
-6.987500000000000000e+01
-7.025000000000000000e+01
-7.062500000000000000e+01
-7.075000000000000000e+01
-7.087500000000000000e+01
-7.112500000000000000e+01
-7.137500000000000000e+01
-7.150000000000000000e+01
-7.150000000000000000e+01
-7.162500000000000000e+01
-7.175000000000000000e+01
-7.175000000000000000e+01
-7.162500000000000000e+01
-7.162500000000000000e+01
-7.162500000000000000e+01
-7.150000000000000000e+01
-7.137500000000000000e+01
-7.112500000000000000e+01
-7.087500000000000000e+01
-7.062500000000000000e+01
-7.050000000000000000e+01
-7.025000000000000000e+01
-6.987500000000000000e+01
-6.962500000000000000e+01
-6.925000000000000000e+01
-6.900000000000000000e+01
-6.875000000000000000e+01
-6.862500000000000000e+01
-6.862500000000000000e+01
-6.850000000000000000e+01
-6.837500000000000000e+01
-6.837500000000000000e+01
-6.850000000000000000e+01
-6.862500000000000000e+01
-6.887500000000000000e+01
-6.925000000000000000e+01
-6.962500000000000000e+01
-6.987500000000000000e+01
-7.012500000000000000e+01
-7.050000000000000000e+01
-7.100000000000000000e+01
-7.137500000000000000e+01
-7.162500000000000000e+01
-7.175000000000000000e+01
-7.187500000000000000e+01
-7.212500000000000000e+01
-7.225000000000000000e+01
-7.237500000000000000e+01
-7.237500000000000000e+01
-7.225000000000000000e+01
-7.225000000000000000e+01
-7.225000000000000000e+01
-7.225000000000000000e+01
-7.225000000000000000e+01
-7.212500000000000000e+01
-7.187500000000000000e+01
-7.162500000000000000e+01
-7.150000000000000000e+01
-7.137500000000000000e+01
-7.112500000000000000e+01
-7.087500000000000000e+01
-7.037500000000000000e+01
-7.000000000000000000e+01
-6.975000000000000000e+01
-6.937500000000000000e+01
-6.912500000000000000e+01
-6.887500000000000000e+01
-6.850000000000000000e+01
-6.837500000000000000e+01
-6.837500000000000000e+01
-6.850000000000000000e+01
-6.862500000000000000e+01
-6.875000000000000000e+01
-6.900000000000000000e+01
-6.937500000000000000e+01
-6.962500000000000000e+01
-7.000000000000000000e+01
-7.037500000000000000e+01
-7.075000000000000000e+01
-7.112500000000000000e+01
-7.150000000000000000e+01
-7.150000000000000000e+01
-7.162500000000000000e+01
-7.187500000000000000e+01
-7.212500000000000000e+01
-7.225000000000000000e+01
-7.225000000000000000e+01
-7.225000000000000000e+01
-7.225000000000000000e+01
-7.225000000000000000e+01
-7.225000000000000000e+01
-7.225000000000000000e+01
-7.212500000000000000e+01
-7.187500000000000000e+01
-7.162500000000000000e+01
-7.150000000000000000e+01
-7.125000000000000000e+01
-7.100000000000000000e+01
-7.062500000000000000e+01
-7.025000000000000000e+01
-7.000000000000000000e+01
-6.962500000000000000e+01
-6.925000000000000000e+01
-6.887500000000000000e+01
-6.875000000000000000e+01
-6.850000000000000000e+01
-6.850000000000000000e+01
-6.850000000000000000e+01
-6.850000000000000000e+01
-6.850000000000000000e+01
-6.862500000000000000e+01
-6.887500000000000000e+01
-6.925000000000000000e+01
-6.962500000000000000e+01
-6.987500000000000000e+01
-7.025000000000000000e+01
-7.050000000000000000e+01
-7.087500000000000000e+01
-7.125000000000000000e+01
-7.150000000000000000e+01
-7.150000000000000000e+01
-7.162500000000000000e+01
-7.175000000000000000e+01
-7.187500000000000000e+01
-7.187500000000000000e+01
-7.187500000000000000e+01
-7.200000000000000000e+01
-7.187500000000000000e+01
-7.175000000000000000e+01
-7.175000000000000000e+01
-7.175000000000000000e+01
-7.162500000000000000e+01
-7.150000000000000000e+01
-7.137500000000000000e+01
-7.112500000000000000e+01
-7.087500000000000000e+01
-7.062500000000000000e+01
-7.050000000000000000e+01
-7.025000000000000000e+01
-6.987500000000000000e+01
-6.950000000000000000e+01
-6.912500000000000000e+01
-6.887500000000000000e+01
-6.875000000000000000e+01
-6.875000000000000000e+01
-6.875000000000000000e+01
-6.875000000000000000e+01
-6.875000000000000000e+01
-6.887500000000000000e+01
-6.912500000000000000e+01
-6.937500000000000000e+01
-6.975000000000000000e+01
-7.000000000000000000e+01
-7.025000000000000000e+01
-7.050000000000000000e+01
-7.087500000000000000e+01
-7.112500000000000000e+01
-7.150000000000000000e+01
-7.187500000000000000e+01
-7.212500000000000000e+01
-7.237500000000000000e+01
-7.262500000000000000e+01
-7.287500000000000000e+01
-7.312500000000000000e+01
-7.325000000000000000e+01
-7.325000000000000000e+01
-7.337500000000000000e+01
-7.337500000000000000e+01
-7.325000000000000000e+01
-7.325000000000000000e+01
-7.312500000000000000e+01
-7.287500000000000000e+01
-7.262500000000000000e+01
-7.237500000000000000e+01
-7.212500000000000000e+01
-7.187500000000000000e+01
-7.162500000000000000e+01
-7.137500000000000000e+01
-7.100000000000000000e+01
-7.075000000000000000e+01
-7.050000000000000000e+01
-7.012500000000000000e+01
-7.000000000000000000e+01
-6.987500000000000000e+01
-6.975000000000000000e+01
-6.975000000000000000e+01
-6.975000000000000000e+01
-6.987500000000000000e+01
-7.000000000000000000e+01
-7.012500000000000000e+01
-7.025000000000000000e+01
-7.037500000000000000e+01
-7.062500000000000000e+01
-7.087500000000000000e+01
-7.125000000000000000e+01
-7.162500000000000000e+01
-7.187500000000000000e+01
-7.200000000000000000e+01
-7.225000000000000000e+01
-7.250000000000000000e+01
-7.262500000000000000e+01
-7.275000000000000000e+01
-7.287500000000000000e+01
-7.287500000000000000e+01
-7.287500000000000000e+01
-7.287500000000000000e+01
-7.300000000000000000e+01
-7.300000000000000000e+01
-7.300000000000000000e+01
-7.300000000000000000e+01
-7.287500000000000000e+01
-7.275000000000000000e+01
-7.250000000000000000e+01
-7.225000000000000000e+01
-7.200000000000000000e+01
-7.162500000000000000e+01
-7.125000000000000000e+01
-7.075000000000000000e+01
-7.050000000000000000e+01
-7.025000000000000000e+01
-7.000000000000000000e+01
-6.987500000000000000e+01
-6.962500000000000000e+01
-6.950000000000000000e+01
-6.950000000000000000e+01
-6.950000000000000000e+01
-6.962500000000000000e+01
-6.975000000000000000e+01
-6.975000000000000000e+01
-7.000000000000000000e+01
-7.037500000000000000e+01
-7.062500000000000000e+01
-7.100000000000000000e+01
-7.125000000000000000e+01
-7.150000000000000000e+01
-7.175000000000000000e+01
-7.200000000000000000e+01
-7.200000000000000000e+01
-7.200000000000000000e+01
-7.212500000000000000e+01
-7.212500000000000000e+01
-7.225000000000000000e+01
-7.237500000000000000e+01
-7.237500000000000000e+01
-7.250000000000000000e+01
-7.250000000000000000e+01
-7.262500000000000000e+01
-7.262500000000000000e+01
-7.262500000000000000e+01
-7.250000000000000000e+01
-7.237500000000000000e+01
-7.225000000000000000e+01
-7.212500000000000000e+01
-7.200000000000000000e+01
-7.175000000000000000e+01
-7.150000000000000000e+01
-7.112500000000000000e+01
-7.075000000000000000e+01
-7.050000000000000000e+01
-7.025000000000000000e+01
-7.000000000000000000e+01
-6.987500000000000000e+01
-6.975000000000000000e+01
-6.975000000000000000e+01
-6.975000000000000000e+01
-6.987500000000000000e+01
-7.012500000000000000e+01
-7.037500000000000000e+01
-7.075000000000000000e+01
-7.112500000000000000e+01
-7.162500000000000000e+01
-7.200000000000000000e+01
-7.237500000000000000e+01
-7.275000000000000000e+01
-7.287500000000000000e+01
-7.287500000000000000e+01
-7.287500000000000000e+01
-7.262500000000000000e+01
-7.262500000000000000e+01
-7.275000000000000000e+01
-7.275000000000000000e+01
-7.287500000000000000e+01
-7.287500000000000000e+01
-7.287500000000000000e+01
-7.300000000000000000e+01
-7.312500000000000000e+01
-7.325000000000000000e+01
-7.325000000000000000e+01
-7.312500000000000000e+01
-7.287500000000000000e+01
-7.262500000000000000e+01
-7.250000000000000000e+01
-7.237500000000000000e+01
-7.212500000000000000e+01
-7.175000000000000000e+01
-7.125000000000000000e+01
-7.100000000000000000e+01
-7.075000000000000000e+01
-7.062500000000000000e+01
-7.037500000000000000e+01
-7.012500000000000000e+01
-7.012500000000000000e+01
-7.000000000000000000e+01
-7.000000000000000000e+01
-7.012500000000000000e+01
-7.025000000000000000e+01
-7.050000000000000000e+01
-7.075000000000000000e+01
-7.100000000000000000e+01
-7.125000000000000000e+01
-7.175000000000000000e+01
-7.200000000000000000e+01
-7.237500000000000000e+01
-7.275000000000000000e+01
-7.287500000000000000e+01
-7.300000000000000000e+01
-7.312500000000000000e+01
-7.300000000000000000e+01
-7.300000000000000000e+01
-7.300000000000000000e+01
-7.300000000000000000e+01
-7.312500000000000000e+01
-7.325000000000000000e+01
-7.325000000000000000e+01
-7.325000000000000000e+01
-7.325000000000000000e+01
-7.325000000000000000e+01
-7.325000000000000000e+01
-7.312500000000000000e+01
-7.300000000000000000e+01
-7.275000000000000000e+01
-7.250000000000000000e+01
-7.237500000000000000e+01
-7.225000000000000000e+01
-7.212500000000000000e+01
-7.175000000000000000e+01
-7.137500000000000000e+01
-7.112500000000000000e+01
-7.087500000000000000e+01
-7.062500000000000000e+01
-7.062500000000000000e+01
-7.050000000000000000e+01
-7.037500000000000000e+01
-7.037500000000000000e+01
-7.062500000000000000e+01
-7.087500000000000000e+01
-7.112500000000000000e+01
-7.150000000000000000e+01
-7.187500000000000000e+01
-7.212500000000000000e+01
-7.225000000000000000e+01
-7.250000000000000000e+01
-7.275000000000000000e+01
-7.287500000000000000e+01
-7.300000000000000000e+01
-7.312500000000000000e+01
-7.325000000000000000e+01
-7.337500000000000000e+01
-7.350000000000000000e+01
-7.375000000000000000e+01
-7.400000000000000000e+01
-7.437500000000000000e+01
-7.462500000000000000e+01
-7.475000000000000000e+01
-7.475000000000000000e+01
-7.475000000000000000e+01
-7.450000000000000000e+01
-7.437500000000000000e+01
-7.425000000000000000e+01
-7.387500000000000000e+01
-7.325000000000000000e+01
-7.275000000000000000e+01
-7.212500000000000000e+01
-7.162500000000000000e+01
-7.125000000000000000e+01
-7.087500000000000000e+01
-7.062500000000000000e+01
-7.050000000000000000e+01
-7.050000000000000000e+01
-7.050000000000000000e+01
-7.050000000000000000e+01
-7.062500000000000000e+01
-7.062500000000000000e+01
-7.075000000000000000e+01
-7.100000000000000000e+01
-7.125000000000000000e+01
-7.150000000000000000e+01
-7.187500000000000000e+01
-7.212500000000000000e+01
-7.250000000000000000e+01
-7.287500000000000000e+01
-7.350000000000000000e+01
-7.400000000000000000e+01
-7.425000000000000000e+01
-7.437500000000000000e+01
-7.450000000000000000e+01
-7.462500000000000000e+01
-7.462500000000000000e+01
-7.475000000000000000e+01
-7.475000000000000000e+01
-7.462500000000000000e+01
-7.462500000000000000e+01
-7.462500000000000000e+01
-7.475000000000000000e+01
-7.487500000000000000e+01
-7.475000000000000000e+01
-7.462500000000000000e+01
-7.462500000000000000e+01
-7.437500000000000000e+01
-7.425000000000000000e+01
-7.400000000000000000e+01
-7.362500000000000000e+01
-7.312500000000000000e+01
-7.262500000000000000e+01
-7.212500000000000000e+01
-7.162500000000000000e+01
-7.137500000000000000e+01
-7.125000000000000000e+01
-7.112500000000000000e+01
-7.100000000000000000e+01
-7.075000000000000000e+01
-7.075000000000000000e+01
-7.100000000000000000e+01
-7.112500000000000000e+01
-7.137500000000000000e+01
-7.175000000000000000e+01
-7.200000000000000000e+01
-7.212500000000000000e+01
-7.225000000000000000e+01
-7.262500000000000000e+01
-7.300000000000000000e+01
-7.325000000000000000e+01
-7.350000000000000000e+01
-7.375000000000000000e+01
-7.400000000000000000e+01
-7.425000000000000000e+01
-7.450000000000000000e+01
-7.462500000000000000e+01
-7.487500000000000000e+01
-7.500000000000000000e+01
-7.500000000000000000e+01
-7.512500000000000000e+01
-7.537500000000000000e+01
-7.550000000000000000e+01
-7.562500000000000000e+01
-7.562500000000000000e+01
-7.562500000000000000e+01
-7.537500000000000000e+01
-7.512500000000000000e+01
-7.487500000000000000e+01
-7.475000000000000000e+01
-7.450000000000000000e+01
-7.412500000000000000e+01
-7.387500000000000000e+01
-7.375000000000000000e+01
-7.375000000000000000e+01
-7.387500000000000000e+01
-7.425000000000000000e+01
-7.475000000000000000e+01
-7.525000000000000000e+01
-7.587500000000000000e+01
-7.662500000000000000e+01
-7.737500000000000000e+01
-7.837500000000000000e+01
-7.900000000000000000e+01
-7.962500000000000000e+01
-8.012500000000000000e+01
-8.050000000000000000e+01
-8.087500000000000000e+01
-8.125000000000000000e+01
-8.150000000000000000e+01
-8.187500000000000000e+01
-8.250000000000000000e+01
-8.312500000000000000e+01
-8.375000000000000000e+01
-8.400000000000000000e+01
-8.437500000000000000e+01
-8.525000000000000000e+01
-8.612500000000000000e+01
-8.687500000000000000e+01
-8.725000000000000000e+01
-8.687500000000000000e+01
-8.650000000000000000e+01
-8.612500000000000000e+01
-8.637500000000000000e+01
-8.712500000000000000e+01
-8.800000000000000000e+01
-8.775000000000000000e+01
-8.787500000000000000e+01
-8.837500000000000000e+01
-9.087500000000000000e+01
-9.675000000000000000e+01
-1.065000000000000000e+02
-1.198750000000000000e+02
