4.105000000000000000e+03
4.100000000000000000e+03
4.089000000000000000e+03
4.069000000000000000e+03
4.045000000000000000e+03
4.015000000000000000e+03
3.983000000000000000e+03
3.949000000000000000e+03
3.912000000000000000e+03
3.873000000000000000e+03
3.831000000000000000e+03
3.788000000000000000e+03
3.743000000000000000e+03
3.700000000000000000e+03
3.653000000000000000e+03
3.606000000000000000e+03
3.560000000000000000e+03
3.512000000000000000e+03
3.465000000000000000e+03
3.416000000000000000e+03
2.369000000000000000e+03
2.269000000000000000e+03
2.171000000000000000e+03
2.068000000000000000e+03
1.968000000000000000e+03
1.868000000000000000e+03
1.767000000000000000e+03
1.669000000000000000e+03
1.568000000000000000e+03
1.469000000000000000e+03
1.368000000000000000e+03
1.267000000000000000e+03
1.168000000000000000e+03
1.068000000000000000e+03
9.680000000000000000e+02
8.680000000000000000e+02
7.680000000000000000e+02
6.690000000000000000e+02
5.700000000000000000e+02
4.710000000000000000e+02
3.710000000000000000e+02
2.720000000000000000e+02
1.740000000000000000e+02
7.500000000000000000e+01
-2.600000000000000000e+01
-1.280000000000000000e+02
-2.240000000000000000e+02
-3.230000000000000000e+02
-4.210000000000000000e+02
-5.200000000000000000e+02
-6.200000000000000000e+02
-7.190000000000000000e+02
-8.190000000000000000e+02
-9.200000000000000000e+02
-1.021000000000000000e+03
-1.122000000000000000e+03
-1.221000000000000000e+03
-1.321000000000000000e+03
-1.421000000000000000e+03
-1.523000000000000000e+03
-1.625000000000000000e+03
-1.729000000000000000e+03
-1.827000000000000000e+03
-1.928000000000000000e+03
-2.031000000000000000e+03
-2.131000000000000000e+03
-2.230000000000000000e+03
-2.330000000000000000e+03
-2.428000000000000000e+03
-2.530000000000000000e+03
-2.629000000000000000e+03
-2.730000000000000000e+03
-2.831000000000000000e+03
-2.930000000000000000e+03
-3.031000000000000000e+03
-3.130000000000000000e+03
-3.230000000000000000e+03
-3.329000000000000000e+03
-3.428000000000000000e+03
-3.528000000000000000e+03
-3.627000000000000000e+03
-3.727000000000000000e+03
-3.827000000000000000e+03
-3.925000000000000000e+03
-4.025000000000000000e+03
-4.125000000000000000e+03
-4.227000000000000000e+03
-4.325000000000000000e+03
-4.424000000000000000e+03
-4.522000000000000000e+03
-4.621000000000000000e+03
-4.722000000000000000e+03
-4.821000000000000000e+03
-4.921000000000000000e+03
-5.022000000000000000e+03
-5.123000000000000000e+03
-5.223000000000000000e+03
-5.322000000000000000e+03
-5.423000000000000000e+03
-5.523000000000000000e+03
-5.625000000000000000e+03
-5.728000000000000000e+03
-5.828000000000000000e+03
-5.930000000000000000e+03
-6.031000000000000000e+03
-6.133000000000000000e+03
-6.233000000000000000e+03
-6.331000000000000000e+03
-6.432000000000000000e+03
-6.531000000000000000e+03
-6.633000000000000000e+03
-6.732000000000000000e+03
-6.833000000000000000e+03
-6.934000000000000000e+03
-7.033000000000000000e+03
-7.133000000000000000e+03
-7.233000000000000000e+03
-7.332000000000000000e+03
-7.432000000000000000e+03
-7.532000000000000000e+03
-7.631000000000000000e+03
-7.732000000000000000e+03
-7.832000000000000000e+03
-7.931000000000000000e+03
-8.030000000000000000e+03
-8.129000000000000000e+03
-8.231000000000000000e+03
-8.332000000000000000e+03
-8.430000000000000000e+03
-8.528000000000000000e+03
-8.628000000000000000e+03
-8.726000000000000000e+03
-8.827000000000000000e+03
-8.926000000000000000e+03
-9.026000000000000000e+03
-9.125000000000000000e+03
-9.227000000000000000e+03
-9.327000000000000000e+03
-9.426000000000000000e+03
-9.526000000000000000e+03
-9.627000000000000000e+03
-9.732000000000000000e+03
-9.831000000000000000e+03
-9.932000000000000000e+03
-1.003600000000000000e+04
-1.013700000000000000e+04
-1.023700000000000000e+04
-1.033700000000000000e+04
-1.043600000000000000e+04
-1.053700000000000000e+04
-1.063500000000000000e+04
-1.073600000000000000e+04
-1.083600000000000000e+04
-1.093600000000000000e+04
-1.103700000000000000e+04
-1.113600000000000000e+04
-1.123700000000000000e+04
-1.133600000000000000e+04
-1.143600000000000000e+04
-1.153500000000000000e+04
-1.163500000000000000e+04
-1.173400000000000000e+04
-1.183400000000000000e+04
-1.193400000000000000e+04
-1.203300000000000000e+04
-1.213200000000000000e+04
-1.223200000000000000e+04
-1.233500000000000000e+04
-1.243400000000000000e+04
-1.253200000000000000e+04
-1.263000000000000000e+04
-1.272900000000000000e+04
-1.282800000000000000e+04
-1.292800000000000000e+04
-1.302700000000000000e+04
-1.312800000000000000e+04
-1.323100000000000000e+04
-1.332900000000000000e+04
-1.342900000000000000e+04
-1.352800000000000000e+04
-1.363100000000000000e+04
-1.373200000000000000e+04
-1.383300000000000000e+04
-1.393600000000000000e+04
-1.403600000000000000e+04
-1.413700000000000000e+04
-1.423900000000000000e+04
-1.433800000000000000e+04
-1.443800000000000000e+04
-1.453700000000000000e+04
-1.463800000000000000e+04
-1.473700000000000000e+04
-1.483700000000000000e+04
-1.493700000000000000e+04
-1.503800000000000000e+04
-1.513900000000000000e+04
-1.523900000000000000e+04
-1.533800000000000000e+04
-1.543800000000000000e+04
-1.553600000000000000e+04
-1.563600000000000000e+04
-1.573500000000000000e+04
-1.583400000000000000e+04
-1.593500000000000000e+04
-1.603500000000000000e+04
-1.613400000000000000e+04
-1.623300000000000000e+04
-1.633300000000000000e+04
-1.643600000000000000e+04
-1.653500000000000000e+04
-1.663600000000000000e+04
-1.673100000000000000e+04
-1.683000000000000000e+04
-1.692900000000000000e+04
-1.703200000000000000e+04
-1.713200000000000000e+04
-1.723200000000000000e+04
-1.733100000000000000e+04
-1.743200000000000000e+04
-1.753200000000000000e+04
-1.763200000000000000e+04
-1.773300000000000000e+04
-1.783300000000000000e+04
-1.793500000000000000e+04
-1.803700000000000000e+04
-1.813800000000000000e+04
-1.823900000000000000e+04
-1.834100000000000000e+04
-1.844000000000000000e+04
-1.854000000000000000e+04
-1.863900000000000000e+04
-1.873900000000000000e+04
-1.883900000000000000e+04
-1.894000000000000000e+04
-1.904000000000000000e+04
-1.914000000000000000e+04
-1.924100000000000000e+04
-1.934000000000000000e+04
-1.943900000000000000e+04
-1.953900000000000000e+04
-1.963800000000000000e+04
-1.973800000000000000e+04
-1.983800000000000000e+04
-1.993700000000000000e+04
-2.003700000000000000e+04
-2.013700000000000000e+04
-2.023500000000000000e+04
-2.033500000000000000e+04
-2.043400000000000000e+04
-2.053900000000000000e+04
-2.063900000000000000e+04
-2.073800000000000000e+04
-2.083700000000000000e+04
-2.093600000000000000e+04
-2.103500000000000000e+04
-2.113500000000000000e+04
-2.123500000000000000e+04
-2.133500000000000000e+04
-2.143400000000000000e+04
-2.153600000000000000e+04
-2.163500000000000000e+04
-2.173500000000000000e+04
-2.183600000000000000e+04
-2.193600000000000000e+04
-2.203800000000000000e+04
-2.214000000000000000e+04
-2.224100000000000000e+04
-2.234100000000000000e+04
-2.244300000000000000e+04
-2.254200000000000000e+04
-2.264200000000000000e+04
-2.274200000000000000e+04
-2.284300000000000000e+04
-2.294200000000000000e+04
-2.304100000000000000e+04
-2.314200000000000000e+04
-2.324300000000000000e+04
-2.334300000000000000e+04
-2.344300000000000000e+04
-2.354200000000000000e+04
-2.364200000000000000e+04
-2.374100000000000000e+04
-2.384100000000000000e+04
-2.394000000000000000e+04
-2.403900000000000000e+04
-2.413900000000000000e+04
-2.424200000000000000e+04
-2.434100000000000000e+04
-2.444100000000000000e+04
-2.454000000000000000e+04
-2.464500000000000000e+04
-2.474300000000000000e+04
-2.484100000000000000e+04
-2.494000000000000000e+04
-2.503800000000000000e+04
-2.513800000000000000e+04
-2.523700000000000000e+04
-2.533700000000000000e+04
-2.543800000000000000e+04
-2.553800000000000000e+04
-2.563900000000000000e+04
-2.573800000000000000e+04
-2.583800000000000000e+04
-2.593800000000000000e+04
-2.603800000000000000e+04
-2.614000000000000000e+04
-2.624100000000000000e+04
-2.634200000000000000e+04
-2.644300000000000000e+04
-2.654400000000000000e+04
-2.664400000000000000e+04
-2.674300000000000000e+04
-2.684200000000000000e+04
-2.694200000000000000e+04
-2.704100000000000000e+04
-2.714100000000000000e+04
-2.724300000000000000e+04
-2.734400000000000000e+04
-2.744500000000000000e+04
-2.755100000000000000e+04
-2.764800000000000000e+04
-2.774700000000000000e+04
-2.784700000000000000e+04
-2.794500000000000000e+04
-2.804500000000000000e+04
-2.814400000000000000e+04
-2.824400000000000000e+04
-2.834400000000000000e+04
-2.844200000000000000e+04
-2.854200000000000000e+04
-2.864100000000000000e+04
-2.874600000000000000e+04
-2.884500000000000000e+04
-2.894200000000000000e+04
-2.904100000000000000e+04
-2.913900000000000000e+04
-2.923900000000000000e+04
-2.933900000000000000e+04
-2.943900000000000000e+04
-2.953900000000000000e+04
-2.963900000000000000e+04
-2.974000000000000000e+04
-2.983800000000000000e+04
-2.993800000000000000e+04
-3.003900000000000000e+04
-3.013900000000000000e+04
-3.024200000000000000e+04
-3.034700000000000000e+04
-3.044500000000000000e+04
-3.054600000000000000e+04
-3.065100000000000000e+04
-3.075000000000000000e+04
-3.084900000000000000e+04
-3.094900000000000000e+04
-3.104800000000000000e+04
-3.114800000000000000e+04
-3.124800000000000000e+04
-3.134900000000000000e+04
-3.145000000000000000e+04
-3.155000000000000000e+04
-3.164900000000000000e+04
-3.174900000000000000e+04
-3.184800000000000000e+04
-3.194900000000000000e+04
-3.204700000000000000e+04
-3.214700000000000000e+04
-3.224600000000000000e+04
-3.234600000000000000e+04
-3.244500000000000000e+04
-3.254300000000000000e+04
-3.264300000000000000e+04
-3.274200000000000000e+04
-3.284700000000000000e+04
-3.294600000000000000e+04
-3.304400000000000000e+04
-3.314400000000000000e+04
-3.324500000000000000e+04
-3.334400000000000000e+04
-3.344100000000000000e+04
-3.354000000000000000e+04
-3.364400000000000000e+04
-3.374400000000000000e+04
-3.384400000000000000e+04
-3.394400000000000000e+04
-3.404400000000000000e+04
-3.414500000000000000e+04
-3.424600000000000000e+04
-3.434700000000000000e+04
-3.444900000000000000e+04
-3.454900000000000000e+04
-3.465000000000000000e+04
-3.475100000000000000e+04
-3.485100000000000000e+04
-3.495100000000000000e+04
-3.505000000000000000e+04
-3.515000000000000000e+04
-3.525000000000000000e+04
-3.535000000000000000e+04
-3.545100000000000000e+04
-3.555100000000000000e+04
-3.565100000000000000e+04
-3.575100000000000000e+04
-3.585200000000000000e+04
-3.595100000000000000e+04
-3.605200000000000000e+04
-3.615000000000000000e+04
-3.624900000000000000e+04
-3.634900000000000000e+04
-3.644800000000000000e+04
-3.654700000000000000e+04
-3.664600000000000000e+04
-3.674900000000000000e+04
-3.684900000000000000e+04
-3.695300000000000000e+04
-3.705200000000000000e+04
-3.715000000000000000e+04
-3.724900000000000000e+04
-3.734800000000000000e+04
-3.744600000000000000e+04
-3.754600000000000000e+04
-3.764500000000000000e+04
-3.774600000000000000e+04
-3.784700000000000000e+04
-3.794700000000000000e+04
-3.804700000000000000e+04
-3.814700000000000000e+04
-3.824800000000000000e+04
-3.834800000000000000e+04
-3.844900000000000000e+04
-3.855200000000000000e+04
-3.865200000000000000e+04
-3.875400000000000000e+04
-3.885400000000000000e+04
-3.895400000000000000e+04
-3.905300000000000000e+04
-3.915200000000000000e+04
-3.925200000000000000e+04
-3.935200000000000000e+04
-3.945300000000000000e+04
-3.955400000000000000e+04
-3.965700000000000000e+04
-3.975700000000000000e+04
-3.985700000000000000e+04
-3.995800000000000000e+04
-4.005700000000000000e+04
-4.015700000000000000e+04
-4.025600000000000000e+04
-4.035500000000000000e+04
-4.045400000000000000e+04
-4.055400000000000000e+04
-4.065300000000000000e+04
-4.075300000000000000e+04
-4.085200000000000000e+04
-4.095200000000000000e+04
-4.105600000000000000e+04
-4.115300000000000000e+04
-4.125200000000000000e+04
-4.135000000000000000e+04
-4.145100000000000000e+04
-4.154900000000000000e+04
-4.164900000000000000e+04
-4.174900000000000000e+04
-4.185000000000000000e+04
-4.195000000000000000e+04
-4.205100000000000000e+04
-4.214900000000000000e+04
-4.224900000000000000e+04
-4.235000000000000000e+04
-4.245200000000000000e+04
-4.255300000000000000e+04
-4.265600000000000000e+04
-4.275600000000000000e+04
-4.285600000000000000e+04
-4.295600000000000000e+04
-4.305600000000000000e+04
-4.315900000000000000e+04
-4.325800000000000000e+04
-4.335800000000000000e+04
-4.345800000000000000e+04
-4.355800000000000000e+04
-4.366000000000000000e+04
-4.376000000000000000e+04
-4.386000000000000000e+04
-4.395900000000000000e+04
-4.406000000000000000e+04
-4.415900000000000000e+04
-4.425900000000000000e+04
-4.435800000000000000e+04
-4.445700000000000000e+04
-4.455600000000000000e+04
-4.465700000000000000e+04
-4.475500000000000000e+04
-4.485400000000000000e+04
-4.495300000000000000e+04
-4.505300000000000000e+04
-4.515700000000000000e+04
-4.525400000000000000e+04
-4.535400000000000000e+04
-4.545200000000000000e+04
-4.555300000000000000e+04
-4.565200000000000000e+04
-4.575200000000000000e+04
-4.585100000000000000e+04
-4.595100000000000000e+04
-4.605200000000000000e+04
-4.615300000000000000e+04
-4.625100000000000000e+04
-4.635200000000000000e+04
-4.645300000000000000e+04
-4.655800000000000000e+04
-4.666000000000000000e+04
-4.676100000000000000e+04
-4.686200000000000000e+04
-4.696200000000000000e+04
-4.706300000000000000e+04
-4.716300000000000000e+04
-4.726300000000000000e+04
-4.736300000000000000e+04
-4.746200000000000000e+04
-4.756200000000000000e+04
-4.766200000000000000e+04
-4.776300000000000000e+04
-4.786300000000000000e+04
-4.796300000000000000e+04
-4.806200000000000000e+04
-4.816300000000000000e+04
-4.826300000000000000e+04
-4.836400000000000000e+04
-4.846300000000000000e+04
-4.856200000000000000e+04
-4.866100000000000000e+04
-4.876200000000000000e+04
-4.885900000000000000e+04
-4.895900000000000000e+04
-4.905800000000000000e+04
-4.915700000000000000e+04
-4.926500000000000000e+04
-4.935800000000000000e+04
-4.945700000000000000e+04
-4.955800000000000000e+04
-4.965800000000000000e+04
-4.975700000000000000e+04
-4.985600000000000000e+04
-4.995600000000000000e+04
-5.005700000000000000e+04
-5.015800000000000000e+04
-5.025900000000000000e+04
-5.035700000000000000e+04
-5.045800000000000000e+04
-5.055900000000000000e+04
-5.066100000000000000e+04
-5.076200000000000000e+04
-5.086300000000000000e+04
-5.096400000000000000e+04
-5.106500000000000000e+04
-5.116600000000000000e+04
-5.126600000000000000e+04
-5.136500000000000000e+04
-5.146500000000000000e+04
-5.156400000000000000e+04
-5.166400000000000000e+04
-5.176400000000000000e+04
-5.186500000000000000e+04
-5.196600000000000000e+04
-5.206500000000000000e+04
-5.216600000000000000e+04
-5.226600000000000000e+04
-5.236500000000000000e+04
-5.246500000000000000e+04
-5.256400000000000000e+04
-5.266300000000000000e+04
-5.276500000000000000e+04
-5.286500000000000000e+04
-5.296000000000000000e+04
-5.306200000000000000e+04
-5.316200000000000000e+04
-5.326200000000000000e+04
-5.336500000000000000e+04
-5.346200000000000000e+04
-5.356100000000000000e+04
-5.365900000000000000e+04
-5.375900000000000000e+04
-5.385900000000000000e+04
-5.395800000000000000e+04
-5.405700000000000000e+04
-5.415700000000000000e+04
-5.425800000000000000e+04
-5.435900000000000000e+04
-5.445700000000000000e+04
-5.455800000000000000e+04
-5.465800000000000000e+04
-5.476000000000000000e+04
-5.486200000000000000e+04
-5.496300000000000000e+04
-5.506400000000000000e+04
-5.516400000000000000e+04
-5.526500000000000000e+04
-5.536400000000000000e+04
-5.546400000000000000e+04
-5.556400000000000000e+04
-5.566300000000000000e+04
-5.576400000000000000e+04
-5.586400000000000000e+04
-5.596500000000000000e+04
-5.606500000000000000e+04
-5.616500000000000000e+04
-5.626500000000000000e+04
-5.636400000000000000e+04
-5.646700000000000000e+04
-5.656700000000000000e+04
-5.666500000000000000e+04
-5.676500000000000000e+04
-5.686300000000000000e+04
-5.696300000000000000e+04
-5.706200000000000000e+04
-5.716000000000000000e+04
-5.726000000000000000e+04
-5.736000000000000000e+04
-5.746300000000000000e+04
-5.756000000000000000e+04
-5.766000000000000000e+04
-5.775800000000000000e+04
-5.785700000000000000e+04
-5.795700000000000000e+04
-5.805600000000000000e+04
-5.815500000000000000e+04
-5.825600000000000000e+04
-5.835600000000000000e+04
-5.845700000000000000e+04
-5.855600000000000000e+04
-5.865700000000000000e+04
-5.875800000000000000e+04
-5.885900000000000000e+04
-5.896200000000000000e+04
-5.906200000000000000e+04
-5.916300000000000000e+04
-5.926300000000000000e+04
-5.936400000000000000e+04
-5.946400000000000000e+04
-5.956400000000000000e+04
-5.966400000000000000e+04
-5.976600000000000000e+04
-5.986600000000000000e+04
-5.996600000000000000e+04
-6.006600000000000000e+04
-6.016700000000000000e+04
-6.026600000000000000e+04
-6.036700000000000000e+04
-6.046700000000000000e+04
-6.056600000000000000e+04
-6.066700000000000000e+04
-6.076600000000000000e+04
-6.086500000000000000e+04
-6.096400000000000000e+04
-6.106400000000000000e+04
-6.116400000000000000e+04
-6.126100000000000000e+04
-6.136200000000000000e+04
-6.146300000000000000e+04
-6.156500000000000000e+04
-6.166200000000000000e+04
-6.176000000000000000e+04
-6.185800000000000000e+04
-6.195700000000000000e+04
-6.205800000000000000e+04
-6.215800000000000000e+04
-6.225800000000000000e+04
-6.235900000000000000e+04
-6.246000000000000000e+04
-6.256200000000000000e+04
-6.266100000000000000e+04
-6.276200000000000000e+04
-6.286200000000000000e+04
-6.296400000000000000e+04
-6.306600000000000000e+04
-6.316900000000000000e+04
-6.326900000000000000e+04
-6.337100000000000000e+04
-6.347100000000000000e+04
-6.357400000000000000e+04
-6.367300000000000000e+04
-6.377400000000000000e+04
-6.387200000000000000e+04
-6.397300000000000000e+04
-6.407200000000000000e+04
-6.417400000000000000e+04
-6.427500000000000000e+04
-6.437400000000000000e+04
-6.447400000000000000e+04
-6.457400000000000000e+04
-6.467300000000000000e+04
-6.477200000000000000e+04
-6.487200000000000000e+04
-6.497100000000000000e+04
-6.507100000000000000e+04
-6.517200000000000000e+04
-6.527100000000000000e+04
-6.537000000000000000e+04
-6.546900000000000000e+04
-6.557000000000000000e+04
-6.566900000000000000e+04
-6.576700000000000000e+04
-6.586600000000000000e+04
-6.596500000000000000e+04
-6.606400000000000000e+04
-6.616500000000000000e+04
-6.626500000000000000e+04
-6.636400000000000000e+04
-6.646400000000000000e+04
-6.656500000000000000e+04
-6.666500000000000000e+04
-6.676500000000000000e+04
-6.686500000000000000e+04
-6.696600000000000000e+04
-6.706800000000000000e+04
-6.717100000000000000e+04
-6.727400000000000000e+04
-6.737200000000000000e+04
-6.747400000000000000e+04
-6.757200000000000000e+04
-6.767500000000000000e+04
-6.777400000000000000e+04
-6.787400000000000000e+04
-6.797300000000000000e+04
-6.807300000000000000e+04
-6.817400000000000000e+04
-6.827500000000000000e+04
-6.837500000000000000e+04
-6.847400000000000000e+04
-6.857400000000000000e+04
-6.867400000000000000e+04
-6.877300000000000000e+04
-6.887200000000000000e+04
-6.897200000000000000e+04
-6.907200000000000000e+04
-6.917200000000000000e+04
-6.927200000000000000e+04
-6.937200000000000000e+04
-6.946900000000000000e+04
-6.956900000000000000e+04
-6.967000000000000000e+04
-6.977000000000000000e+04
-6.986900000000000000e+04
-6.996800000000000000e+04
-7.006700000000000000e+04
-7.016600000000000000e+04
-7.026600000000000000e+04
-7.036600000000000000e+04
-7.046700000000000000e+04
-7.056600000000000000e+04
-7.066800000000000000e+04
-7.076800000000000000e+04
-7.086800000000000000e+04
-7.096700000000000000e+04
-7.106900000000000000e+04
-7.117000000000000000e+04
-7.127200000000000000e+04
-7.137400000000000000e+04
-7.147500000000000000e+04
-7.157700000000000000e+04
-7.167700000000000000e+04
-7.177800000000000000e+04
-7.187800000000000000e+04
-7.198200000000000000e+04
-7.208100000000000000e+04
-7.218100000000000000e+04
-7.228100000000000000e+04
-7.238100000000000000e+04
-7.248100000000000000e+04
-7.258000000000000000e+04
-7.267900000000000000e+04
-7.277900000000000000e+04
-7.287700000000000000e+04
-7.297700000000000000e+04
-7.307700000000000000e+04
-7.317600000000000000e+04
-7.327700000000000000e+04
-7.337600000000000000e+04
-7.347600000000000000e+04
-7.357600000000000000e+04
-7.367500000000000000e+04
-7.378000000000000000e+04
-7.387900000000000000e+04
-7.397700000000000000e+04
-7.407500000000000000e+04
-7.417400000000000000e+04
-7.427300000000000000e+04
-7.437300000000000000e+04
-7.447300000000000000e+04
-7.457300000000000000e+04
-7.467400000000000000e+04
-7.477500000000000000e+04
-7.487500000000000000e+04
-7.497500000000000000e+04
-7.507600000000000000e+04
-7.517600000000000000e+04
-7.528100000000000000e+04
-7.538000000000000000e+04
-7.548500000000000000e+04
-7.558200000000000000e+04
-7.568700000000000000e+04
-7.578300000000000000e+04
-7.588300000000000000e+04
-7.598500000000000000e+04
-7.608500000000000000e+04
-7.618400000000000000e+04
-7.628400000000000000e+04
-7.638400000000000000e+04
-7.648500000000000000e+04
-7.658500000000000000e+04
-7.668400000000000000e+04
-7.678300000000000000e+04
-7.688200000000000000e+04
-7.698100000000000000e+04
-7.708000000000000000e+04
-7.718100000000000000e+04
-7.727900000000000000e+04
-7.738000000000000000e+04
-7.748100000000000000e+04
-7.757900000000000000e+04
-7.768000000000000000e+04
-7.777800000000000000e+04
-7.788400000000000000e+04
-7.798100000000000000e+04
-7.808000000000000000e+04
-7.817900000000000000e+04
-7.827700000000000000e+04
-7.837700000000000000e+04
-7.847700000000000000e+04
-7.857700000000000000e+04
-7.867700000000000000e+04
-7.877600000000000000e+04
-7.887700000000000000e+04
-7.897700000000000000e+04
-7.907700000000000000e+04
-7.917800000000000000e+04
-7.927800000000000000e+04
-7.938000000000000000e+04
-7.948300000000000000e+04
-7.958400000000000000e+04
-7.968400000000000000e+04
-7.978900000000000000e+04
-7.988500000000000000e+04
-7.998400000000000000e+04
-8.008600000000000000e+04
-8.018600000000000000e+04
-8.028500000000000000e+04
-8.038500000000000000e+04
-8.048600000000000000e+04
-8.058600000000000000e+04
-8.068700000000000000e+04
-8.078600000000000000e+04
-8.088600000000000000e+04
-8.098500000000000000e+04
-8.108400000000000000e+04
-8.118400000000000000e+04
-8.128400000000000000e+04
-8.138300000000000000e+04
-8.148400000000000000e+04
-8.158300000000000000e+04
-8.168200000000000000e+04
-8.178100000000000000e+04
-8.188000000000000000e+04
-8.198500000000000000e+04
-8.208300000000000000e+04
-8.218100000000000000e+04
-8.228100000000000000e+04
-8.238000000000000000e+04
-8.248000000000000000e+04
-8.257900000000000000e+04
-8.267900000000000000e+04
-8.277900000000000000e+04
-8.287800000000000000e+04
-8.298000000000000000e+04
-8.308000000000000000e+04
-8.318200000000000000e+04
-8.328300000000000000e+04
-8.338300000000000000e+04
-8.348500000000000000e+04
-8.358700000000000000e+04
-8.368800000000000000e+04
-8.378800000000000000e+04
-8.389000000000000000e+04
-8.398900000000000000e+04
-8.408900000000000000e+04
-8.418800000000000000e+04
-8.428900000000000000e+04
-8.438800000000000000e+04
-8.448800000000000000e+04
-8.458900000000000000e+04
-8.469000000000000000e+04
-8.479000000000000000e+04
-8.488900000000000000e+04
-8.498900000000000000e+04
-8.508800000000000000e+04
-8.518800000000000000e+04
-8.528500000000000000e+04
-8.538400000000000000e+04
-8.548300000000000000e+04
-8.558400000000000000e+04
-8.568500000000000000e+04
-8.578300000000000000e+04
-8.588300000000000000e+04
-8.598200000000000000e+04
-8.608600000000000000e+04
-8.618400000000000000e+04
-8.628100000000000000e+04
-8.638300000000000000e+04
-8.647800000000000000e+04
-8.658100000000000000e+04
-8.668100000000000000e+04
-8.678000000000000000e+04
-8.688100000000000000e+04
-8.698100000000000000e+04
-8.708200000000000000e+04
-8.718200000000000000e+04
-8.728100000000000000e+04
-8.738200000000000000e+04
-8.748200000000000000e+04
-8.758400000000000000e+04
-8.768600000000000000e+04
-8.778700000000000000e+04
-8.788700000000000000e+04
-8.798900000000000000e+04
-8.808800000000000000e+04
-8.818700000000000000e+04
-8.828600000000000000e+04
-8.838600000000000000e+04
-8.848600000000000000e+04
-8.858700000000000000e+04
-8.868800000000000000e+04
-8.878900000000000000e+04
-8.889000000000000000e+04
-8.898900000000000000e+04
-8.908900000000000000e+04
-8.918600000000000000e+04
-8.928500000000000000e+04
-8.938300000000000000e+04
-8.948200000000000000e+04
-8.958300000000000000e+04
-8.968400000000000000e+04
-8.978800000000000000e+04
-8.988500000000000000e+04
-8.998800000000000000e+04
-9.008800000000000000e+04
-9.019200000000000000e+04
-9.029000000000000000e+04
-9.038800000000000000e+04
-9.048800000000000000e+04
-9.058700000000000000e+04
-9.068600000000000000e+04
-9.078700000000000000e+04
-9.088600000000000000e+04
-9.098800000000000000e+04
-9.108700000000000000e+04
-9.118800000000000000e+04
-9.128800000000000000e+04
-9.138800000000000000e+04
-9.148900000000000000e+04
-9.159000000000000000e+04
-9.169000000000000000e+04
-9.179100000000000000e+04
-9.189100000000000000e+04
-9.199100000000000000e+04
-9.209200000000000000e+04
-9.219000000000000000e+04
-9.228700000000000000e+04
-9.238400000000000000e+04
-9.248200000000000000e+04
-9.258200000000000000e+04
-9.268300000000000000e+04
-9.278400000000000000e+04
-9.288400000000000000e+04
-9.298300000000000000e+04
-9.307900000000000000e+04
-9.317700000000000000e+04
-9.327800000000000000e+04
-9.337300000000000000e+04
-9.347500000000000000e+04
-9.357200000000000000e+04
-9.366900000000000000e+04
