0.000000000000000000e+00
0.000000000000000000e+00
0.000000000000000000e+00
0.000000000000000000e+00
0.000000000000000000e+00
0.000000000000000000e+00
0.000000000000000000e+00
0.000000000000000000e+00
0.000000000000000000e+00
0.000000000000000000e+00
0.000000000000000000e+00
0.000000000000000000e+00
0.000000000000000000e+00
0.000000000000000000e+00
0.000000000000000000e+00
0.000000000000000000e+00
0.000000000000000000e+00
0.000000000000000000e+00
0.000000000000000000e+00
0.000000000000000000e+00
-7.888888549804687500e+01
-7.888888549804687500e+01
-7.888888549804687500e+01
-7.888888549804687500e+01
-7.888888549804687500e+01
-7.888888549804687500e+01
-7.888888549804687500e+01
-7.888888549804687500e+01
-7.888888549804687500e+01
-7.888888549804687500e+01
-7.888888549804687500e+01
-7.888888549804687500e+01
-7.888888549804687500e+01
-7.888888549804687500e+01
-7.888888549804687500e+01
-7.888888549804687500e+01
-1.138571395874023438e+02
-1.125714263916015625e+02
-1.107142868041992188e+02
-1.083571395874023438e+02
-1.059285736083984375e+02
-1.037142868041992188e+02
-1.015000000000000000e+02
-9.957142639160156250e+01
-9.807142639160156250e+01
-9.671428680419921875e+01
-9.614286041259765625e+01
-9.578571319580078125e+01
-9.550000000000000000e+01
-9.485713958740234375e+01
-9.485713958740234375e+01
-9.528571319580078125e+01
-9.642857360839843750e+01
-9.785713958740234375e+01
-9.964286041259765625e+01
-1.017142868041992188e+02
-1.033571395874023438e+02
-1.046428604125976562e+02
-1.057857131958007812e+02
-1.067142868041992188e+02
-1.075714263916015625e+02
-1.080714263916015625e+02
-1.085000000000000000e+02
-1.087857131958007812e+02
-1.091428604125976562e+02
-1.095000000000000000e+02
-1.094285736083984375e+02
-1.091428604125976562e+02
-1.085714263916015625e+02
-1.080000000000000000e+02
-1.075000000000000000e+02
-1.069285736083984375e+02
-1.062857131958007812e+02
-1.057142868041992188e+02
-1.052142868041992188e+02
-1.045000000000000000e+02
-1.032857131958007812e+02
-1.019285736083984375e+02
-1.002142868041992188e+02
-9.821428680419921875e+01
-9.585713958740234375e+01
-9.385713958740234375e+01
-9.192857360839843750e+01
-9.035713958740234375e+01
-8.885713958740234375e+01
-8.750000000000000000e+01
-8.614286041259765625e+01
-8.514286041259765625e+01
-8.457142639160156250e+01
-8.435713958740234375e+01
-8.435713958740234375e+01
-8.507142639160156250e+01
-8.657142639160156250e+01
-8.885713958740234375e+01
-9.164286041259765625e+01
-9.457142639160156250e+01
-9.764286041259765625e+01
-1.007142868041992188e+02
-1.038571395874023438e+02
-1.068571395874023438e+02
-1.095714263916015625e+02
-1.122857131958007812e+02
-1.148571395874023438e+02
-1.175000000000000000e+02
-1.200000000000000000e+02
-1.221428604125976562e+02
-1.237857131958007812e+02
-1.249285736083984375e+02
-1.257142868041992188e+02
-1.261428604125976562e+02
-1.264285736083984375e+02
-1.267857131958007812e+02
-1.267857131958007812e+02
-1.265714263916015625e+02
-1.260000000000000000e+02
-1.249285736083984375e+02
-1.235000000000000000e+02
-1.218571395874023438e+02
-1.198571395874023438e+02
-1.179285736083984375e+02
-1.160000000000000000e+02
-1.142857131958007812e+02
-1.123571395874023438e+02
-1.106428604125976562e+02
-1.091428604125976562e+02
-1.077142868041992188e+02
-1.066428604125976562e+02
-1.062857131958007812e+02
-1.062857131958007812e+02
-1.067142868041992188e+02
-1.081428604125976562e+02
-1.105000000000000000e+02
-1.135714263916015625e+02
-1.162142868041992188e+02
-1.189285736083984375e+02
-1.217857131958007812e+02
-1.250714263916015625e+02
-1.281428527832031250e+02
-1.313571472167968750e+02
-1.342857208251953125e+02
-1.372857208251953125e+02
-1.403571472167968750e+02
-1.424285736083984375e+02
-1.443571472167968750e+02
-1.458571472167968750e+02
-1.471428527832031250e+02
-1.482857208251953125e+02
-1.490000000000000000e+02
-1.494285736083984375e+02
-1.497142791748046875e+02
-1.497142791748046875e+02
-1.489285736083984375e+02
-1.477142791748046875e+02
-1.466428527832031250e+02
-1.454285736083984375e+02
-1.442857208251953125e+02
-1.431428527832031250e+02
-1.420000000000000000e+02
-1.409285736083984375e+02
-1.395714263916015625e+02
-1.376428527832031250e+02
-1.351428527832031250e+02
-1.325714263916015625e+02
-1.302857208251953125e+02
-1.282857208251953125e+02
-1.266428604125976562e+02
-1.253571395874023438e+02
-1.246428604125976562e+02
-1.237857131958007812e+02
-1.234285736083984375e+02
-1.235000000000000000e+02
-1.240000000000000000e+02
-1.245714263916015625e+02
-1.252857131958007812e+02
-1.268571395874023438e+02
-1.297142791748046875e+02
-1.323571472167968750e+02
-1.352857208251953125e+02
-1.385000000000000000e+02
-1.418571472167968750e+02
-1.454285736083984375e+02
-1.489285736083984375e+02
-1.522857208251953125e+02
-1.553571472167968750e+02
-1.579285736083984375e+02
-1.600714263916015625e+02
-1.620714263916015625e+02
-1.635000000000000000e+02
-1.642142791748046875e+02
-1.642142791748046875e+02
-1.639285736083984375e+02
-1.637142791748046875e+02
-1.635000000000000000e+02
-1.626428527832031250e+02
-1.611428527832031250e+02
-1.590714263916015625e+02
-1.563571472167968750e+02
-1.538571472167968750e+02
-1.511428527832031250e+02
-1.485714263916015625e+02
-1.455000000000000000e+02
-1.422857208251953125e+02
-1.385000000000000000e+02
-1.345000000000000000e+02
-1.307857208251953125e+02
-1.269285736083984375e+02
-1.231428604125976562e+02
-1.198571395874023438e+02
-1.175000000000000000e+02
-1.156428604125976562e+02
-1.149285736083984375e+02
-1.150714263916015625e+02
-1.152857131958007812e+02
-1.156428604125976562e+02
-1.157857131958007812e+02
-1.162857131958007812e+02
-1.170000000000000000e+02
-1.177142868041992188e+02
-1.185000000000000000e+02
-1.190714263916015625e+02
-1.197857131958007812e+02
-1.201428604125976562e+02
-1.202857131958007812e+02
-1.202857131958007812e+02
-1.198571395874023438e+02
-1.191428604125976562e+02
-1.176428604125976562e+02
-1.150714263916015625e+02
-1.121428604125976562e+02
-1.095000000000000000e+02
-1.069285736083984375e+02
-1.045714263916015625e+02
-1.029285736083984375e+02
-1.016428604125976562e+02
-1.003571395874023438e+02
-9.900000000000000000e+01
-9.764286041259765625e+01
-9.650000000000000000e+01
-9.542857360839843750e+01
-9.457142639160156250e+01
-9.385713958740234375e+01
-9.307142639160156250e+01
-9.235713958740234375e+01
-9.164286041259765625e+01
-9.100000000000000000e+01
-9.042857360839843750e+01
-8.985713958740234375e+01
-8.935713958740234375e+01
-8.907142639160156250e+01
-8.907142639160156250e+01
-8.928571319580078125e+01
-9.000000000000000000e+01
-9.100000000000000000e+01
-9.207142639160156250e+01
-9.350000000000000000e+01
-9.500000000000000000e+01
-9.657142639160156250e+01
-9.835713958740234375e+01
-1.005000000000000000e+02
-1.027857131958007812e+02
-1.052142868041992188e+02
-1.075000000000000000e+02
-1.095714263916015625e+02
-1.114285736083984375e+02
-1.131428604125976562e+02
-1.148571395874023438e+02
-1.162857131958007812e+02
-1.173571395874023438e+02
-1.182857131958007812e+02
-1.192142868041992188e+02
-1.198571395874023438e+02
-1.205000000000000000e+02
-1.208571395874023438e+02
-1.210000000000000000e+02
-1.210000000000000000e+02
-1.206428604125976562e+02
-1.199285736083984375e+02
-1.192857131958007812e+02
-1.187857131958007812e+02
-1.180000000000000000e+02
-1.169285736083984375e+02
-1.155714263916015625e+02
-1.145714263916015625e+02
-1.137857131958007812e+02
-1.122142868041992188e+02
-1.105000000000000000e+02
-1.084285736083984375e+02
-1.061428604125976562e+02
-1.045714263916015625e+02
-1.038571395874023438e+02
-1.035000000000000000e+02
-1.034285736083984375e+02
-1.035000000000000000e+02
-1.037142868041992188e+02
-1.039285736083984375e+02
-1.048571395874023438e+02
-1.065000000000000000e+02
-1.081428604125976562e+02
-1.096428604125976562e+02
-1.113571395874023438e+02
-1.137857131958007812e+02
-1.165714263916015625e+02
-1.196428604125976562e+02
-1.221428604125976562e+02
-1.240000000000000000e+02
-1.255714263916015625e+02
-1.265714263916015625e+02
-1.272142868041992188e+02
-1.277857131958007812e+02
-1.281428527832031250e+02
-1.282857208251953125e+02
-1.279285736083984375e+02
-1.274285736083984375e+02
-1.265714263916015625e+02
-1.253571395874023438e+02
-1.241428604125976562e+02
-1.226428604125976562e+02
-1.210714263916015625e+02
-1.194285736083984375e+02
-1.177857131958007812e+02
-1.162857131958007812e+02
-1.147142868041992188e+02
-1.130000000000000000e+02
-1.110714263916015625e+02
-1.089285736083984375e+02
-1.067857131958007812e+02
-1.047857131958007812e+02
-1.029285736083984375e+02
-1.010000000000000000e+02
-9.914286041259765625e+01
-9.764286041259765625e+01
-9.635713958740234375e+01
-9.557142639160156250e+01
-9.521428680419921875e+01
-9.500000000000000000e+01
-9.471428680419921875e+01
-9.471428680419921875e+01
-9.507142639160156250e+01
-9.585713958740234375e+01
-9.707142639160156250e+01
-9.857142639160156250e+01
-1.002857131958007812e+02
-1.029285736083984375e+02
-1.065714263916015625e+02
-1.108571395874023438e+02
-1.154285736083984375e+02
-1.193571395874023438e+02
-1.223571395874023438e+02
-1.246428604125976562e+02
-1.265714263916015625e+02
-1.285000000000000000e+02
-1.306428527832031250e+02
-1.327857208251953125e+02
-1.347142791748046875e+02
-1.360714263916015625e+02
-1.370714263916015625e+02
-1.375714263916015625e+02
-1.379285736083984375e+02
-1.373571472167968750e+02
-1.359285736083984375e+02
-1.335714263916015625e+02
-1.314285736083984375e+02
-1.295714263916015625e+02
-1.277142868041992188e+02
-1.262857131958007812e+02
-1.250000000000000000e+02
-1.235714263916015625e+02
-1.217857131958007812e+02
-1.199285736083984375e+02
-1.182142868041992188e+02
-1.167142868041992188e+02
-1.150000000000000000e+02
-1.128571395874023438e+02
-1.111428604125976562e+02
-1.103571395874023438e+02
-1.101428604125976562e+02
-1.101428604125976562e+02
-1.102857131958007812e+02
-1.108571395874023438e+02
-1.115714263916015625e+02
-1.125000000000000000e+02
-1.142857131958007812e+02
-1.168571395874023438e+02
-1.203571395874023438e+02
-1.235714263916015625e+02
-1.270000000000000000e+02
-1.314285736083984375e+02
-1.362142791748046875e+02
-1.402857208251953125e+02
-1.437142791748046875e+02
-1.463571472167968750e+02
-1.482857208251953125e+02
-1.496428527832031250e+02
-1.507142791748046875e+02
-1.512857208251953125e+02
-1.515000000000000000e+02
-1.513571472167968750e+02
-1.504285736083984375e+02
-1.486428527832031250e+02
-1.465000000000000000e+02
-1.447142791748046875e+02
-1.413571472167968750e+02
-1.380000000000000000e+02
-1.348571472167968750e+02
-1.317857208251953125e+02
-1.288571472167968750e+02
-1.264285736083984375e+02
-1.242857131958007812e+02
-1.217142868041992188e+02
-1.191428604125976562e+02
-1.165000000000000000e+02
-1.137857131958007812e+02
-1.115000000000000000e+02
-1.095714263916015625e+02
-1.077857131958007812e+02
-1.060714263916015625e+02
-1.047142868041992188e+02
-1.039285736083984375e+02
-1.039285736083984375e+02
-1.039285736083984375e+02
-1.044285736083984375e+02
-1.049285736083984375e+02
-1.056428604125976562e+02
-1.063571395874023438e+02
-1.075000000000000000e+02
-1.091428604125976562e+02
-1.110000000000000000e+02
-1.126428604125976562e+02
-1.142857131958007812e+02
-1.164285736083984375e+02
-1.192142868041992188e+02
-1.222142868041992188e+02
-1.249285736083984375e+02
-1.276428604125976562e+02
-1.297857208251953125e+02
-1.314285736083984375e+02
-1.328571472167968750e+02
-1.338571472167968750e+02
-1.347142791748046875e+02
-1.352142791748046875e+02
-1.352142791748046875e+02
-1.351428527832031250e+02
-1.353571472167968750e+02
-1.354285736083984375e+02
-1.347142791748046875e+02
-1.332857208251953125e+02
-1.310714263916015625e+02
-1.285714263916015625e+02
-1.258571395874023438e+02
-1.235000000000000000e+02
-1.212857131958007812e+02
-1.192142868041992188e+02
-1.175714263916015625e+02
-1.160714263916015625e+02
-1.145714263916015625e+02
-1.135000000000000000e+02
-1.124285736083984375e+02
-1.114285736083984375e+02
-1.107142868041992188e+02
-1.102142868041992188e+02
-1.097857131958007812e+02
-1.095714263916015625e+02
-1.097142868041992188e+02
-1.104285736083984375e+02
-1.110714263916015625e+02
-1.115714263916015625e+02
-1.122857131958007812e+02
-1.132857131958007812e+02
-1.141428604125976562e+02
-1.145714263916015625e+02
-1.151428604125976562e+02
-1.157142868041992188e+02
-1.161428604125976562e+02
-1.167142868041992188e+02
-1.171428604125976562e+02
-1.179285736083984375e+02
-1.195714263916015625e+02
-1.207857131958007812e+02
-1.212142868041992188e+02
-1.212857131958007812e+02
-1.211428604125976562e+02
-1.207857131958007812e+02
-1.202142868041992188e+02
-1.199285736083984375e+02
-1.195714263916015625e+02
-1.195000000000000000e+02
-1.192857131958007812e+02
-1.189285736083984375e+02
-1.183571395874023438e+02
-1.173571395874023438e+02
-1.157857131958007812e+02
-1.136428604125976562e+02
-1.121428604125976562e+02
-1.112142868041992188e+02
-1.101428604125976562e+02
-1.091428604125976562e+02
-1.080000000000000000e+02
-1.070000000000000000e+02
-1.063571395874023438e+02
-1.060000000000000000e+02
-1.059285736083984375e+02
-1.059285736083984375e+02
-1.061428604125976562e+02
-1.065714263916015625e+02
-1.072142868041992188e+02
-1.080714263916015625e+02
-1.092857131958007812e+02
-1.104285736083984375e+02
-1.114285736083984375e+02
-1.122857131958007812e+02
-1.132857131958007812e+02
-1.143571395874023438e+02
-1.147857131958007812e+02
-1.150000000000000000e+02
-1.151428604125976562e+02
-1.155000000000000000e+02
-1.157857131958007812e+02
-1.160000000000000000e+02
-1.160714263916015625e+02
-1.161428604125976562e+02
-1.160000000000000000e+02
-1.156428604125976562e+02
-1.150000000000000000e+02
-1.145000000000000000e+02
-1.138571395874023438e+02
-1.131428604125976562e+02
-1.128571395874023438e+02
-1.127142868041992188e+02
-1.131428604125976562e+02
-1.133571395874023438e+02
-1.133571395874023438e+02
-1.131428604125976562e+02
-1.128571395874023438e+02
-1.128571395874023438e+02
-1.128571395874023438e+02
-1.126428604125976562e+02
-1.123571395874023438e+02
-1.122142868041992188e+02
-1.122857131958007812e+02
-1.124285736083984375e+02
-1.129285736083984375e+02
-1.138571395874023438e+02
-1.141428604125976562e+02
-1.144285736083984375e+02
-1.150000000000000000e+02
-1.158571395874023438e+02
-1.167857131958007812e+02
-1.178571395874023438e+02
-1.191428604125976562e+02
-1.200000000000000000e+02
-1.207142868041992188e+02
-1.212857131958007812e+02
-1.215000000000000000e+02
-1.215000000000000000e+02
-1.215000000000000000e+02
-1.208571395874023438e+02
-1.196428604125976562e+02
-1.189285736083984375e+02
-1.187857131958007812e+02
-1.185000000000000000e+02
-1.178571395874023438e+02
-1.170714263916015625e+02
-1.164285736083984375e+02
-1.155714263916015625e+02
-1.143571395874023438e+02
-1.135000000000000000e+02
-1.130000000000000000e+02
-1.125714263916015625e+02
-1.121428604125976562e+02
-1.118571395874023438e+02
-1.117857131958007812e+02
-1.117857131958007812e+02
-1.117142868041992188e+02
-1.114285736083984375e+02
-1.112142868041992188e+02
-1.110000000000000000e+02
-1.107857131958007812e+02
-1.105000000000000000e+02
-1.100714263916015625e+02
-1.097142868041992188e+02
-1.097857131958007812e+02
-1.097857131958007812e+02
-1.097857131958007812e+02
-1.098571395874023438e+02
-1.099285736083984375e+02
-1.102142868041992188e+02
-1.105000000000000000e+02
-1.108571395874023438e+02
-1.110000000000000000e+02
-1.111428604125976562e+02
-1.112857131958007812e+02
-1.117857131958007812e+02
-1.124285736083984375e+02
-1.126428604125976562e+02
-1.130000000000000000e+02
-1.132857131958007812e+02
-1.137142868041992188e+02
-1.140000000000000000e+02
-1.143571395874023438e+02
-1.146428604125976562e+02
-1.151428604125976562e+02
-1.154285736083984375e+02
-1.156428604125976562e+02
-1.161428604125976562e+02
-1.167857131958007812e+02
-1.172857131958007812e+02
-1.177857131958007812e+02
-1.180714263916015625e+02
-1.183571395874023438e+02
-1.187857131958007812e+02
-1.190714263916015625e+02
-1.197142868041992188e+02
-1.202857131958007812e+02
-1.208571395874023438e+02
-1.215000000000000000e+02
-1.225714263916015625e+02
-1.236428604125976562e+02
-1.243571395874023438e+02
-1.247142868041992188e+02
-1.243571395874023438e+02
-1.242142868041992188e+02
-1.243571395874023438e+02
-1.245714263916015625e+02
-1.250000000000000000e+02
-1.253571395874023438e+02
-1.259285736083984375e+02
-1.267142868041992188e+02
-1.271428604125976562e+02
-1.277142868041992188e+02
-1.280000000000000000e+02
-1.276428604125976562e+02
-1.269285736083984375e+02
-1.258571395874023438e+02
-1.249285736083984375e+02
-1.242142868041992188e+02
-1.238571395874023438e+02
-1.235714263916015625e+02
-1.231428604125976562e+02
-1.227857131958007812e+02
-1.221428604125976562e+02
-1.217142868041992188e+02
-1.210714263916015625e+02
-1.201428604125976562e+02
-1.191428604125976562e+02
-1.180714263916015625e+02
-1.174285736083984375e+02
-1.170000000000000000e+02
-1.170000000000000000e+02
-1.170000000000000000e+02
-1.171428604125976562e+02
-1.175714263916015625e+02
-1.181428604125976562e+02
-1.188571395874023438e+02
-1.194285736083984375e+02
-1.200714263916015625e+02
-1.205714263916015625e+02
-1.207142868041992188e+02
-1.207857131958007812e+02
-1.207857131958007812e+02
-1.209285736083984375e+02
-1.212142868041992188e+02
-1.213571395874023438e+02
-1.212142868041992188e+02
-1.210000000000000000e+02
-1.206428604125976562e+02
-1.205000000000000000e+02
-1.204285736083984375e+02
-1.201428604125976562e+02
-1.198571395874023438e+02
-1.196428604125976562e+02
-1.195714263916015625e+02
-1.195714263916015625e+02
-1.196428604125976562e+02
-1.195714263916015625e+02
-1.195000000000000000e+02
-1.194285736083984375e+02
-1.195000000000000000e+02
-1.194285736083984375e+02
-1.194285736083984375e+02
-1.194285736083984375e+02
-1.194285736083984375e+02
-1.195000000000000000e+02
-1.194285736083984375e+02
-1.192142868041992188e+02
-1.188571395874023438e+02
-1.185714263916015625e+02
-1.181428604125976562e+02
-1.175714263916015625e+02
-1.170000000000000000e+02
-1.168571395874023438e+02
-1.168571395874023438e+02
-1.168571395874023438e+02
-1.166428604125976562e+02
-1.162142868041992188e+02
-1.158571395874023438e+02
-1.157142868041992188e+02
-1.158571395874023438e+02
-1.159285736083984375e+02
-1.160714263916015625e+02
-1.157857131958007812e+02
-1.152857131958007812e+02
-1.147142868041992188e+02
-1.142142868041992188e+02
-1.141428604125976562e+02
-1.142142868041992188e+02
-1.143571395874023438e+02
-1.147142868041992188e+02
-1.150000000000000000e+02
-1.154285736083984375e+02
-1.152857131958007812e+02
-1.152142868041992188e+02
-1.145714263916015625e+02
-1.117857131958007812e+02
-1.080000000000000000e+02
-1.044285736083984375e+02
-1.017142868041992188e+02
-9.935713958740234375e+01
-9.721428680419921875e+01
-9.507142639160156250e+01
-9.271428680419921875e+01
-9.028571319580078125e+01
-8.757142639160156250e+01
-8.478571319580078125e+01
-8.185713958740234375e+01
-7.985713958740234375e+01
-7.828571319580078125e+01
-7.821428680419921875e+01
-7.857142639160156250e+01
-7.950000000000000000e+01
-8.000000000000000000e+01
-8.014286041259765625e+01
-8.014286041259765625e+01
-8.021428680419921875e+01
-8.000000000000000000e+01
-7.985713958740234375e+01
-7.971428680419921875e+01
-7.950000000000000000e+01
-7.928571319580078125e+01
-7.892857360839843750e+01
-7.864286041259765625e+01
-7.835713958740234375e+01
-7.807142639160156250e+01
-7.785713958740234375e+01
-7.771428680419921875e+01
-7.771428680419921875e+01
-7.771428680419921875e+01
-7.800000000000000000e+01
-7.835713958740234375e+01
-7.864286041259765625e+01
-7.907142639160156250e+01
-7.942857360839843750e+01
-7.978571319580078125e+01
-8.021428680419921875e+01
-8.064286041259765625e+01
-8.107142639160156250e+01
-8.150000000000000000e+01
-8.192857360839843750e+01
-8.221428680419921875e+01
-8.250000000000000000e+01
-8.271428680419921875e+01
-8.285713958740234375e+01
-8.300000000000000000e+01
-8.314286041259765625e+01
-8.328571319580078125e+01
-8.335713958740234375e+01
-8.350000000000000000e+01
-8.364286041259765625e+01
-8.378571319580078125e+01
-8.392857360839843750e+01
-8.407142639160156250e+01
-8.414286041259765625e+01
-8.421428680419921875e+01
-8.421428680419921875e+01
-8.421428680419921875e+01
-8.400000000000000000e+01
-8.371428680419921875e+01
-8.350000000000000000e+01
-8.335713958740234375e+01
-8.335713958740234375e+01
-8.335713958740234375e+01
-8.335713958740234375e+01
-8.321428680419921875e+01
-8.292857360839843750e+01
-8.264286041259765625e+01
-8.242857360839843750e+01
-8.235713958740234375e+01
-8.242857360839843750e+01
-8.250000000000000000e+01
-8.264286041259765625e+01
-8.300000000000000000e+01
-8.350000000000000000e+01
-8.400000000000000000e+01
-8.442857360839843750e+01
-8.471428680419921875e+01
-8.485713958740234375e+01
-8.500000000000000000e+01
-8.507142639160156250e+01
-8.535713958740234375e+01
-8.564286041259765625e+01
-8.571428680419921875e+01
-8.585713958740234375e+01
-8.621428680419921875e+01
-8.700000000000000000e+01
-8.828571319580078125e+01
-9.000000000000000000e+01
-9.178571319580078125e+01
-9.350000000000000000e+01
-9.542857360839843750e+01
-9.764286041259765625e+01
-9.950000000000000000e+01
-1.012857131958007812e+02
-1.027142868041992188e+02
-1.034285736083984375e+02
-1.040714263916015625e+02
-1.050000000000000000e+02
-1.060000000000000000e+02
-1.062142868041992188e+02
-1.067857131958007812e+02
-1.069285736083984375e+02
-1.064285736083984375e+02
-1.053571395874023438e+02
-1.039285736083984375e+02
-1.022857131958007812e+02
-1.005000000000000000e+02
-9.928571319580078125e+01
-9.821428680419921875e+01
-9.757142639160156250e+01
-9.707142639160156250e+01
-9.735713958740234375e+01
-9.778571319580078125e+01
-9.835713958740234375e+01
-9.885713958740234375e+01
-9.964286041259765625e+01
-1.001428604125976562e+02
-1.005000000000000000e+02
-1.016428604125976562e+02
-1.039285736083984375e+02
-1.067857131958007812e+02
-1.102857131958007812e+02
-1.141428604125976562e+02
-1.190000000000000000e+02
-1.239285736083984375e+02
-1.285000000000000000e+02
-1.327857208251953125e+02
-1.369285736083984375e+02
-1.411428527832031250e+02
-1.452142791748046875e+02
-1.490000000000000000e+02
-1.522142791748046875e+02
-1.545714263916015625e+02
-1.567857208251953125e+02
-1.577142791748046875e+02
-1.577142791748046875e+02
-1.566428527832031250e+02
-1.546428527832031250e+02
-1.515000000000000000e+02
-1.482142791748046875e+02
-1.447857208251953125e+02
-1.417142791748046875e+02
-1.387857208251953125e+02
-1.355000000000000000e+02
-1.317142791748046875e+02
-1.277142868041992188e+02
-1.245714263916015625e+02
-1.220000000000000000e+02
-1.202142868041992188e+02
-1.193571395874023438e+02
-1.192857131958007812e+02
-1.197142868041992188e+02
-1.197857131958007812e+02
-1.199285736083984375e+02
-1.203571395874023438e+02
-1.204285736083984375e+02
-1.210000000000000000e+02
-1.222857131958007812e+02
-1.242142868041992188e+02
-1.270714263916015625e+02
-1.308571472167968750e+02
-1.354285736083984375e+02
-1.398571472167968750e+02
-1.442142791748046875e+02
-1.483571472167968750e+02
-1.521428527832031250e+02
-1.567142791748046875e+02
-1.625000000000000000e+02
-1.700000000000000000e+02
-1.775000000000000000e+02
-1.840714263916015625e+02
-1.896428527832031250e+02
-1.942142791748046875e+02
-1.975714263916015625e+02
-1.995714263916015625e+02
-2.000714263916015625e+02
-2.000714263916015625e+02
-1.990000000000000000e+02
-1.977857208251953125e+02
-1.960000000000000000e+02
-1.939285736083984375e+02
-1.906428527832031250e+02
-1.861428527832031250e+02
-1.811428527832031250e+02
-1.762857208251953125e+02
-1.720000000000000000e+02
-1.692857208251953125e+02
-1.670000000000000000e+02
-1.650000000000000000e+02
-1.647142791748046875e+02
-1.647142791748046875e+02
-1.650714263916015625e+02
-1.670714263916015625e+02
-1.686428527832031250e+02
-1.704285736083984375e+02
-1.727142791748046875e+02
-1.767857208251953125e+02
-1.803571472167968750e+02
-1.835000000000000000e+02
-1.872142791748046875e+02
-1.905000000000000000e+02
-1.930714263916015625e+02
-1.955714263916015625e+02
-1.981428527832031250e+02
-1.995714263916015625e+02
-2.013571472167968750e+02
-2.035000000000000000e+02
-2.058571472167968750e+02
-2.080000000000000000e+02
-2.122857208251953125e+02
-2.167142791748046875e+02
-2.213571472167968750e+02
-2.253571472167968750e+02
-2.287142791748046875e+02
-2.313571472167968750e+02
-2.332142791748046875e+02
-2.356428527832031250e+02
-2.383571472167968750e+02
-2.412857208251953125e+02
-2.426428527832031250e+02
-2.426428527832031250e+02
-2.430714263916015625e+02
-2.432142791748046875e+02
-2.430714263916015625e+02
-2.428571472167968750e+02
-2.420714263916015625e+02
-2.401428527832031250e+02
-2.382857208251953125e+02
-2.380000000000000000e+02
-2.376428527832031250e+02
-2.373571472167968750e+02
-2.374285736083984375e+02
-2.367857208251953125e+02
-2.364285736083984375e+02
-2.355000000000000000e+02
-2.367142791748046875e+02
-2.377857208251953125e+02
-2.378571472167968750e+02
-2.385000000000000000e+02
-2.393571472167968750e+02
-2.404285736083984375e+02
-2.435000000000000000e+02
-2.473571472167968750e+02
-2.503571472167968750e+02
-2.527857208251953125e+02
-2.562857055664062500e+02
-2.610000000000000000e+02
-2.672857055664062500e+02
-2.765000000000000000e+02
-2.860714416503906250e+02
