1.872000000000000000e+03
1.867000000000000000e+03
1.856000000000000000e+03
1.839000000000000000e+03
1.817000000000000000e+03
1.788000000000000000e+03
1.757000000000000000e+03
1.724000000000000000e+03
1.687000000000000000e+03
1.647000000000000000e+03
1.606000000000000000e+03
1.563000000000000000e+03
1.519000000000000000e+03
1.474000000000000000e+03
1.428000000000000000e+03
1.382000000000000000e+03
1.335000000000000000e+03
1.287000000000000000e+03
1.239000000000000000e+03
1.192000000000000000e+03
1.760000000000000000e+02
8.300000000000000000e+01
-7.000000000000000000e+00
-1.030000000000000000e+02
-1.940000000000000000e+02
-2.890000000000000000e+02
-3.830000000000000000e+02
-4.820000000000000000e+02
-5.770000000000000000e+02
-6.750000000000000000e+02
-7.740000000000000000e+02
-8.770000000000000000e+02
-9.790000000000000000e+02
-1.079000000000000000e+03
-1.177000000000000000e+03
-1.275000000000000000e+03
-1.379000000000000000e+03
-1.485000000000000000e+03
-1.590000000000000000e+03
-1.698000000000000000e+03
-1.805000000000000000e+03
-1.910000000000000000e+03
-2.013000000000000000e+03
-2.113000000000000000e+03
-2.212000000000000000e+03
-2.310000000000000000e+03
-2.407000000000000000e+03
-2.505000000000000000e+03
-2.603000000000000000e+03
-2.701000000000000000e+03
-2.802000000000000000e+03
-2.900000000000000000e+03
-2.998000000000000000e+03
-3.097000000000000000e+03
-3.195000000000000000e+03
-3.293000000000000000e+03
-3.390000000000000000e+03
-3.487000000000000000e+03
-3.586000000000000000e+03
-3.687000000000000000e+03
-3.786000000000000000e+03
-3.886000000000000000e+03
-3.986000000000000000e+03
-4.087000000000000000e+03
-4.191000000000000000e+03
-4.288000000000000000e+03
-4.386000000000000000e+03
-4.486000000000000000e+03
-4.589000000000000000e+03
-4.689000000000000000e+03
-4.790000000000000000e+03
-4.890000000000000000e+03
-4.994000000000000000e+03
-5.096000000000000000e+03
-5.197000000000000000e+03
-5.296000000000000000e+03
-5.399000000000000000e+03
-5.504000000000000000e+03
-5.610000000000000000e+03
-5.716000000000000000e+03
-5.822000000000000000e+03
-5.928000000000000000e+03
-6.035000000000000000e+03
-6.137000000000000000e+03
-6.239000000000000000e+03
-6.339000000000000000e+03
-6.438000000000000000e+03
-6.536000000000000000e+03
-6.635000000000000000e+03
-6.731000000000000000e+03
-6.827000000000000000e+03
-6.921000000000000000e+03
-7.014000000000000000e+03
-7.107000000000000000e+03
-7.202000000000000000e+03
-7.296000000000000000e+03
-7.395000000000000000e+03
-7.490000000000000000e+03
-7.586000000000000000e+03
-7.682000000000000000e+03
-7.782000000000000000e+03
-7.879000000000000000e+03
-7.977000000000000000e+03
-8.075000000000000000e+03
-8.172000000000000000e+03
-8.275000000000000000e+03
-8.371000000000000000e+03
-8.469000000000000000e+03
-8.568000000000000000e+03
-8.668000000000000000e+03
-8.769000000000000000e+03
-8.869000000000000000e+03
-8.969000000000000000e+03
-9.070000000000000000e+03
-9.173000000000000000e+03
-9.277000000000000000e+03
-9.382000000000000000e+03
-9.486000000000000000e+03
-9.589000000000000000e+03
-9.697000000000000000e+03
-9.798000000000000000e+03
-9.899000000000000000e+03
-9.998000000000000000e+03
-1.009900000000000000e+04
-1.020100000000000000e+04
-1.030100000000000000e+04
-1.040100000000000000e+04
-1.050000000000000000e+04
-1.059600000000000000e+04
-1.069300000000000000e+04
-1.078900000000000000e+04
-1.088400000000000000e+04
-1.097800000000000000e+04
-1.107300000000000000e+04
-1.117200000000000000e+04
-1.126800000000000000e+04
-1.136300000000000000e+04
-1.146000000000000000e+04
-1.155600000000000000e+04
-1.165400000000000000e+04
-1.175300000000000000e+04
-1.185500000000000000e+04
-1.195400000000000000e+04
-1.205400000000000000e+04
-1.215500000000000000e+04
-1.225400000000000000e+04
-1.235800000000000000e+04
-1.245500000000000000e+04
-1.255300000000000000e+04
-1.265300000000000000e+04
-1.275300000000000000e+04
-1.285400000000000000e+04
-1.295700000000000000e+04
-1.305900000000000000e+04
-1.316100000000000000e+04
-1.326300000000000000e+04
-1.336400000000000000e+04
-1.346400000000000000e+04
-1.356300000000000000e+04
-1.366600000000000000e+04
-1.377000000000000000e+04
-1.387300000000000000e+04
-1.397600000000000000e+04
-1.408300000000000000e+04
-1.418600000000000000e+04
-1.428800000000000000e+04
-1.438900000000000000e+04
-1.448900000000000000e+04
-1.458800000000000000e+04
-1.468700000000000000e+04
-1.478500000000000000e+04
-1.488200000000000000e+04
-1.497900000000000000e+04
-1.507600000000000000e+04
-1.517100000000000000e+04
-1.526700000000000000e+04
-1.536200000000000000e+04
-1.545800000000000000e+04
-1.555500000000000000e+04
-1.565000000000000000e+04
-1.574600000000000000e+04
-1.584400000000000000e+04
-1.594300000000000000e+04
-1.604300000000000000e+04
-1.614200000000000000e+04
-1.624200000000000000e+04
-1.634500000000000000e+04
-1.644900000000000000e+04
-1.654800000000000000e+04
-1.664700000000000000e+04
-1.674900000000000000e+04
-1.684900000000000000e+04
-1.694900000000000000e+04
-1.705100000000000000e+04
-1.715400000000000000e+04
-1.725800000000000000e+04
-1.736200000000000000e+04
-1.746500000000000000e+04
-1.756600000000000000e+04
-1.766800000000000000e+04
-1.777100000000000000e+04
-1.787600000000000000e+04
-1.798100000000000000e+04
-1.808900000000000000e+04
-1.819500000000000000e+04
-1.830000000000000000e+04
-1.840400000000000000e+04
-1.850700000000000000e+04
-1.861000000000000000e+04
-1.870700000000000000e+04
-1.880700000000000000e+04
-1.890400000000000000e+04
-1.899800000000000000e+04
-1.909300000000000000e+04
-1.919000000000000000e+04
-1.928800000000000000e+04
-1.938700000000000000e+04
-1.948700000000000000e+04
-1.958800000000000000e+04
-1.969200000000000000e+04
-1.979300000000000000e+04
-1.989700000000000000e+04
-1.999900000000000000e+04
-2.010200000000000000e+04
-2.020500000000000000e+04
-2.030600000000000000e+04
-2.041000000000000000e+04
-2.051500000000000000e+04
-2.061900000000000000e+04
-2.071900000000000000e+04
-2.082100000000000000e+04
-2.092100000000000000e+04
-2.102100000000000000e+04
-2.112000000000000000e+04
-2.121900000000000000e+04
-2.132100000000000000e+04
-2.142300000000000000e+04
-2.152600000000000000e+04
-2.163000000000000000e+04
-2.172800000000000000e+04
-2.183200000000000000e+04
-2.193200000000000000e+04
-2.203400000000000000e+04
-2.213800000000000000e+04
-2.224000000000000000e+04
-2.234200000000000000e+04
-2.244400000000000000e+04
-2.254500000000000000e+04
-2.264400000000000000e+04
-2.274100000000000000e+04
-2.284000000000000000e+04
-2.294600000000000000e+04
-2.303500000000000000e+04
-2.313100000000000000e+04
-2.322700000000000000e+04
-2.332300000000000000e+04
-2.341900000000000000e+04
-2.351600000000000000e+04
-2.361300000000000000e+04
-2.370900000000000000e+04
-2.380700000000000000e+04
-2.390400000000000000e+04
-2.400200000000000000e+04
-2.410500000000000000e+04
-2.420300000000000000e+04
-2.430200000000000000e+04
-2.439900000000000000e+04
-2.449900000000000000e+04
-2.460000000000000000e+04
-2.470100000000000000e+04
-2.479800000000000000e+04
-2.489700000000000000e+04
-2.499500000000000000e+04
-2.509400000000000000e+04
-2.519400000000000000e+04
-2.529600000000000000e+04
-2.539800000000000000e+04
-2.550100000000000000e+04
-2.560400000000000000e+04
-2.570500000000000000e+04
-2.580600000000000000e+04
-2.590800000000000000e+04
-2.601000000000000000e+04
-2.611200000000000000e+04
-2.621400000000000000e+04
-2.631700000000000000e+04
-2.642300000000000000e+04
-2.653300000000000000e+04
-2.663500000000000000e+04
-2.673600000000000000e+04
-2.683200000000000000e+04
-2.693100000000000000e+04
-2.702700000000000000e+04
-2.712400000000000000e+04
-2.722100000000000000e+04
-2.731700000000000000e+04
-2.741300000000000000e+04
-2.750900000000000000e+04
-2.760500000000000000e+04
-2.770300000000000000e+04
-2.779900000000000000e+04
-2.789600000000000000e+04
-2.799300000000000000e+04
-2.809200000000000000e+04
-2.819100000000000000e+04
-2.829100000000000000e+04
-2.839200000000000000e+04
-2.849300000000000000e+04
-2.859600000000000000e+04
-2.869800000000000000e+04
-2.880000000000000000e+04
-2.890000000000000000e+04
-2.900100000000000000e+04
-2.910100000000000000e+04
-2.920200000000000000e+04
-2.930400000000000000e+04
-2.940500000000000000e+04
-2.950700000000000000e+04
-2.960800000000000000e+04
-2.971100000000000000e+04
-2.981200000000000000e+04
-2.991400000000000000e+04
-3.001800000000000000e+04
-3.012200000000000000e+04
-3.022700000000000000e+04
-3.033300000000000000e+04
-3.043600000000000000e+04
-3.053900000000000000e+04
-3.064300000000000000e+04
-3.074400000000000000e+04
-3.084500000000000000e+04
-3.094500000000000000e+04
-3.104800000000000000e+04
-3.114400000000000000e+04
-3.124100000000000000e+04
-3.134300000000000000e+04
-3.144200000000000000e+04
-3.154100000000000000e+04
-3.163800000000000000e+04
-3.173500000000000000e+04
-3.183100000000000000e+04
-3.192500000000000000e+04
-3.201900000000000000e+04
-3.211100000000000000e+04
-3.220100000000000000e+04
-3.229300000000000000e+04
-3.238800000000000000e+04
-3.248600000000000000e+04
-3.258500000000000000e+04
-3.268700000000000000e+04
-3.279100000000000000e+04
-3.289400000000000000e+04
-3.299200000000000000e+04
-3.309000000000000000e+04
-3.319300000000000000e+04
-3.329000000000000000e+04
-3.339000000000000000e+04
-3.348900000000000000e+04
-3.358800000000000000e+04
-3.369300000000000000e+04
-3.379700000000000000e+04
-3.390000000000000000e+04
-3.400400000000000000e+04
-3.410700000000000000e+04
-3.421100000000000000e+04
-3.431400000000000000e+04
-3.441700000000000000e+04
-3.451900000000000000e+04
-3.462200000000000000e+04
-3.472500000000000000e+04
-3.482500000000000000e+04
-3.492500000000000000e+04
-3.502700000000000000e+04
-3.512900000000000000e+04
-3.522900000000000000e+04
-3.532800000000000000e+04
-3.542600000000000000e+04
-3.552500000000000000e+04
-3.562400000000000000e+04
-3.572100000000000000e+04
-3.581700000000000000e+04
-3.591100000000000000e+04
-3.600300000000000000e+04
-3.609700000000000000e+04
-3.619100000000000000e+04
-3.628900000000000000e+04
-3.638200000000000000e+04
-3.647500000000000000e+04
-3.657000000000000000e+04
-3.666900000000000000e+04
-3.677100000000000000e+04
-3.687300000000000000e+04
-3.698100000000000000e+04
-3.708300000000000000e+04
-3.718600000000000000e+04
-3.728700000000000000e+04
-3.738800000000000000e+04
-3.748900000000000000e+04
-3.759000000000000000e+04
-3.769300000000000000e+04
-3.779600000000000000e+04
-3.789900000000000000e+04
-3.800000000000000000e+04
-3.810200000000000000e+04
-3.820500000000000000e+04
-3.830900000000000000e+04
-3.841400000000000000e+04
-3.851900000000000000e+04
-3.862500000000000000e+04
-3.872900000000000000e+04
-3.883600000000000000e+04
-3.893900000000000000e+04
-3.904400000000000000e+04
-3.914400000000000000e+04
-3.924300000000000000e+04
-3.934400000000000000e+04
-3.944400000000000000e+04
-3.954300000000000000e+04
-3.964100000000000000e+04
-3.973800000000000000e+04
-3.983500000000000000e+04
-3.993200000000000000e+04
-4.002900000000000000e+04
-4.012700000000000000e+04
-4.022700000000000000e+04
-4.032500000000000000e+04
-4.042200000000000000e+04
-4.052000000000000000e+04
-4.061900000000000000e+04
-4.071400000000000000e+04
-4.081000000000000000e+04
-4.090400000000000000e+04
-4.100400000000000000e+04
-4.109900000000000000e+04
-4.119400000000000000e+04
-4.129200000000000000e+04
-4.139100000000000000e+04
-4.149100000000000000e+04
-4.159400000000000000e+04
-4.169600000000000000e+04
-4.180000000000000000e+04
-4.190500000000000000e+04
-4.200800000000000000e+04
-4.210800000000000000e+04
-4.220800000000000000e+04
-4.231000000000000000e+04
-4.241100000000000000e+04
-4.251600000000000000e+04
-4.262100000000000000e+04
-4.272500000000000000e+04
-4.282700000000000000e+04
-4.293000000000000000e+04
-4.303200000000000000e+04
-4.313400000000000000e+04
-4.323500000000000000e+04
-4.333600000000000000e+04
-4.343700000000000000e+04
-4.353800000000000000e+04
-4.363800000000000000e+04
-4.373800000000000000e+04
-4.383600000000000000e+04
-4.393500000000000000e+04
-4.403400000000000000e+04
-4.413100000000000000e+04
-4.422900000000000000e+04
-4.432500000000000000e+04
-4.442400000000000000e+04
-4.452500000000000000e+04
-4.462500000000000000e+04
-4.472600000000000000e+04
-4.482600000000000000e+04
-4.492800000000000000e+04
-4.502800000000000000e+04
-4.513300000000000000e+04
-4.523000000000000000e+04
-4.532600000000000000e+04
-4.542200000000000000e+04
-4.551600000000000000e+04
-4.561400000000000000e+04
-4.571400000000000000e+04
-4.582100000000000000e+04
-4.591700000000000000e+04
-4.601900000000000000e+04
-4.612100000000000000e+04
-4.622100000000000000e+04
-4.632200000000000000e+04
-4.642500000000000000e+04
-4.652600000000000000e+04
-4.662900000000000000e+04
-4.673300000000000000e+04
-4.683600000000000000e+04
-4.693900000000000000e+04
-4.704100000000000000e+04
-4.714000000000000000e+04
-4.723900000000000000e+04
-4.734000000000000000e+04
-4.744500000000000000e+04
-4.754700000000000000e+04
-4.764900000000000000e+04
-4.775000000000000000e+04
-4.785000000000000000e+04
-4.794800000000000000e+04
-4.804700000000000000e+04
-4.814500000000000000e+04
-4.824200000000000000e+04
-4.834100000000000000e+04
-4.843600000000000000e+04
-4.853200000000000000e+04
-4.863000000000000000e+04
-4.872800000000000000e+04
-4.882700000000000000e+04
-4.892600000000000000e+04
-4.902700000000000000e+04
-4.913000000000000000e+04
-4.923800000000000000e+04
-4.933900000000000000e+04
-4.943700000000000000e+04
-4.953600000000000000e+04
-4.963400000000000000e+04
-4.973200000000000000e+04
-4.983200000000000000e+04
-4.993100000000000000e+04
-5.003200000000000000e+04
-5.013200000000000000e+04
-5.023100000000000000e+04
-5.033000000000000000e+04
-5.043000000000000000e+04
-5.053100000000000000e+04
-5.063200000000000000e+04
-5.073500000000000000e+04
-5.083700000000000000e+04
-5.093900000000000000e+04
-5.104100000000000000e+04
-5.114200000000000000e+04
-5.124100000000000000e+04
-5.134000000000000000e+04
-5.144000000000000000e+04
-5.154000000000000000e+04
-5.164000000000000000e+04
-5.173900000000000000e+04
-5.183800000000000000e+04
-5.193600000000000000e+04
-5.203500000000000000e+04
-5.213600000000000000e+04
-5.223600000000000000e+04
-5.233400000000000000e+04
-5.243300000000000000e+04
-5.253000000000000000e+04
-5.262800000000000000e+04
-5.272600000000000000e+04
-5.282400000000000000e+04
-5.292500000000000000e+04
-5.302500000000000000e+04
-5.312700000000000000e+04
-5.322900000000000000e+04
-5.333600000000000000e+04
-5.344000000000000000e+04
-5.353900000000000000e+04
-5.363800000000000000e+04
-5.373800000000000000e+04
-5.383800000000000000e+04
-5.393800000000000000e+04
-5.403900000000000000e+04
-5.413900000000000000e+04
-5.423900000000000000e+04
-5.434000000000000000e+04
-5.443800000000000000e+04
-5.453800000000000000e+04
-5.463800000000000000e+04
-5.474000000000000000e+04
-5.484100000000000000e+04
-5.494300000000000000e+04
-5.504300000000000000e+04
-5.514500000000000000e+04
-5.524500000000000000e+04
-5.534500000000000000e+04
-5.544500000000000000e+04
-5.554500000000000000e+04
-5.564600000000000000e+04
-5.574700000000000000e+04
-5.584700000000000000e+04
-5.594800000000000000e+04
-5.605000000000000000e+04
-5.614900000000000000e+04
-5.625000000000000000e+04
-5.635000000000000000e+04
-5.644800000000000000e+04
-5.654700000000000000e+04
-5.664500000000000000e+04
-5.674500000000000000e+04
-5.684500000000000000e+04
-5.694500000000000000e+04
-5.704300000000000000e+04
-5.714200000000000000e+04
-5.724200000000000000e+04
-5.734100000000000000e+04
-5.744600000000000000e+04
-5.754300000000000000e+04
-5.764100000000000000e+04
-5.773800000000000000e+04
-5.783900000000000000e+04
-5.793700000000000000e+04
-5.803600000000000000e+04
-5.813400000000000000e+04
-5.823300000000000000e+04
-5.833300000000000000e+04
-5.843700000000000000e+04
-5.853500000000000000e+04
-5.863600000000000000e+04
-5.873500000000000000e+04
-5.883600000000000000e+04
-5.893600000000000000e+04
-5.903600000000000000e+04
-5.913500000000000000e+04
-5.923400000000000000e+04
-5.933200000000000000e+04
-5.943000000000000000e+04
-5.952900000000000000e+04
-5.962900000000000000e+04
-5.973000000000000000e+04
-5.983200000000000000e+04
-5.993500000000000000e+04
-6.003700000000000000e+04
-6.013800000000000000e+04
-6.023700000000000000e+04
-6.033700000000000000e+04
-6.043700000000000000e+04
-6.053600000000000000e+04
-6.063400000000000000e+04
-6.073000000000000000e+04
-6.082700000000000000e+04
-6.093000000000000000e+04
-6.103200000000000000e+04
-6.113400000000000000e+04
-6.123600000000000000e+04
-6.133900000000000000e+04
-6.144100000000000000e+04
-6.154800000000000000e+04
-6.164600000000000000e+04
-6.174500000000000000e+04
-6.184300000000000000e+04
-6.194300000000000000e+04
-6.204200000000000000e+04
-6.214100000000000000e+04
-6.224100000000000000e+04
-6.234200000000000000e+04
-6.244300000000000000e+04
-6.254300000000000000e+04
-6.264100000000000000e+04
-6.274400000000000000e+04
-6.284000000000000000e+04
-6.294000000000000000e+04
-6.303800000000000000e+04
-6.313900000000000000e+04
-6.323900000000000000e+04
-6.333800000000000000e+04
-6.343900000000000000e+04
-6.354300000000000000e+04
-6.364100000000000000e+04
-6.374600000000000000e+04
-6.384500000000000000e+04
-6.394500000000000000e+04
-6.404500000000000000e+04
-6.414700000000000000e+04
-6.424900000000000000e+04
-6.435100000000000000e+04
-6.446100000000000000e+04
-6.455100000000000000e+04
-6.465000000000000000e+04
-6.474900000000000000e+04
-6.484700000000000000e+04
-6.494600000000000000e+04
-6.504400000000000000e+04
-6.514500000000000000e+04
-6.524400000000000000e+04
-6.534500000000000000e+04
-6.544500000000000000e+04
-6.554400000000000000e+04
-6.564900000000000000e+04
-6.574600000000000000e+04
-6.584600000000000000e+04
-6.594600000000000000e+04
-6.604600000000000000e+04
-6.614700000000000000e+04
-6.624700000000000000e+04
-6.634400000000000000e+04
-6.644700000000000000e+04
-6.654800000000000000e+04
-6.665000000000000000e+04
-6.674900000000000000e+04
-6.685000000000000000e+04
-6.694900000000000000e+04
-6.705000000000000000e+04
-6.715200000000000000e+04
-6.725400000000000000e+04
-6.735700000000000000e+04
-6.745800000000000000e+04
-6.755800000000000000e+04
-6.765500000000000000e+04
-6.775300000000000000e+04
-6.785400000000000000e+04
-6.795500000000000000e+04
-6.805700000000000000e+04
-6.815700000000000000e+04
-6.825900000000000000e+04
-6.835900000000000000e+04
-6.845700000000000000e+04
-6.855500000000000000e+04
-6.865300000000000000e+04
-6.875200000000000000e+04
-6.885500000000000000e+04
-6.895800000000000000e+04
-6.907300000000000000e+04
-6.918900000000000000e+04
-6.930200000000000000e+04
-6.940700000000000000e+04
-6.951200000000000000e+04
-6.961400000000000000e+04
-6.972100000000000000e+04
-6.982000000000000000e+04
-6.991900000000000000e+04
-7.001800000000000000e+04
-7.011700000000000000e+04
-7.021600000000000000e+04
-7.031600000000000000e+04
-7.041500000000000000e+04
-7.051600000000000000e+04
-7.061500000000000000e+04
-7.071500000000000000e+04
-7.081400000000000000e+04
-7.091600000000000000e+04
-7.101600000000000000e+04
-7.111700000000000000e+04
-7.121900000000000000e+04
-7.132100000000000000e+04
-7.142200000000000000e+04
-7.152300000000000000e+04
-7.162400000000000000e+04
-7.172600000000000000e+04
-7.182600000000000000e+04
-7.192900000000000000e+04
-7.202900000000000000e+04
-7.213000000000000000e+04
-7.223000000000000000e+04
-7.232900000000000000e+04
-7.242900000000000000e+04
-7.252700000000000000e+04
-7.262700000000000000e+04
-7.272600000000000000e+04
-7.282500000000000000e+04
-7.292500000000000000e+04
-7.302200000000000000e+04
-7.312100000000000000e+04
-7.321900000000000000e+04
-7.331900000000000000e+04
-7.341700000000000000e+04
-7.351700000000000000e+04
-7.361700000000000000e+04
-7.371700000000000000e+04
-7.382200000000000000e+04
-7.392000000000000000e+04
-7.401800000000000000e+04
-7.411500000000000000e+04
-7.421400000000000000e+04
-7.431300000000000000e+04
-7.441100000000000000e+04
-7.451200000000000000e+04
-7.460900000000000000e+04
-7.470900000000000000e+04
-7.481100000000000000e+04
-7.491000000000000000e+04
-7.501000000000000000e+04
-7.511000000000000000e+04
-7.521100000000000000e+04
-7.531400000000000000e+04
-7.541800000000000000e+04
-7.552000000000000000e+04
-7.562200000000000000e+04
-7.572200000000000000e+04
-7.582300000000000000e+04
-7.592100000000000000e+04
-7.601900000000000000e+04
-7.611900000000000000e+04
-7.622000000000000000e+04
-7.632200000000000000e+04
-7.642300000000000000e+04
-7.652300000000000000e+04
-7.662000000000000000e+04
-7.671900000000000000e+04
-7.682000000000000000e+04
-7.691800000000000000e+04
-7.701600000000000000e+04
-7.711200000000000000e+04
-7.721100000000000000e+04
-7.731300000000000000e+04
-7.741400000000000000e+04
-7.751300000000000000e+04
-7.761300000000000000e+04
-7.771300000000000000e+04
-7.781300000000000000e+04
-7.791800000000000000e+04
-7.801600000000000000e+04
-7.811000000000000000e+04
-7.820400000000000000e+04
-7.829600000000000000e+04
-7.839000000000000000e+04
-7.848500000000000000e+04
-7.858000000000000000e+04
-7.867500000000000000e+04
-7.877100000000000000e+04
-7.887100000000000000e+04
-7.897000000000000000e+04
-7.907100000000000000e+04
-7.917600000000000000e+04
-7.927800000000000000e+04
-7.938100000000000000e+04
-7.948500000000000000e+04
-7.958700000000000000e+04
-7.968700000000000000e+04
-7.978800000000000000e+04
-7.989100000000000000e+04
-7.999400000000000000e+04
-8.009600000000000000e+04
-8.019900000000000000e+04
-8.030000000000000000e+04
-8.040100000000000000e+04
-8.050300000000000000e+04
-8.060300000000000000e+04
-8.070200000000000000e+04
-8.080000000000000000e+04
-8.089800000000000000e+04
-8.099400000000000000e+04
-8.109100000000000000e+04
-8.118700000000000000e+04
-8.128400000000000000e+04
-8.138000000000000000e+04
-8.147500000000000000e+04
-8.156900000000000000e+04
-8.166300000000000000e+04
-8.175400000000000000e+04
-8.184500000000000000e+04
-8.193800000000000000e+04
-8.203500000000000000e+04
-8.212900000000000000e+04
-8.222700000000000000e+04
-8.232500000000000000e+04
-8.242300000000000000e+04
-8.252400000000000000e+04
-8.262300000000000000e+04
-8.272400000000000000e+04
-8.282700000000000000e+04
-8.292800000000000000e+04
-8.303100000000000000e+04
-8.313700000000000000e+04
-8.324300000000000000e+04
-8.334900000000000000e+04
-8.345400000000000000e+04
-8.355900000000000000e+04
-8.366100000000000000e+04
-8.376400000000000000e+04
-8.386900000000000000e+04
-8.397100000000000000e+04
-8.407500000000000000e+04
-8.417700000000000000e+04
-8.427900000000000000e+04
-8.437600000000000000e+04
-8.447400000000000000e+04
-8.456900000000000000e+04
-8.466600000000000000e+04
-8.476300000000000000e+04
-8.486300000000000000e+04
-8.496700000000000000e+04
-8.506400000000000000e+04
-8.516400000000000000e+04
-8.526500000000000000e+04
-8.536100000000000000e+04
-8.545400000000000000e+04
-8.554800000000000000e+04
-8.563800000000000000e+04
-8.573100000000000000e+04
-8.582400000000000000e+04
-8.592800000000000000e+04
-8.601500000000000000e+04
-8.611300000000000000e+04
-8.620000000000000000e+04
-8.629100000000000000e+04
-8.638200000000000000e+04
-8.647300000000000000e+04
-8.656600000000000000e+04
-8.666200000000000000e+04
-8.675900000000000000e+04
-8.685700000000000000e+04
-8.695600000000000000e+04
-8.706000000000000000e+04
-8.716400000000000000e+04
-8.726900000000000000e+04
-8.737900000000000000e+04
-8.748100000000000000e+04
-8.758700000000000000e+04
-8.769500000000000000e+04
-8.779800000000000000e+04
-8.790100000000000000e+04
-8.800300000000000000e+04
-8.810500000000000000e+04
-8.820400000000000000e+04
-8.830100000000000000e+04
-8.839900000000000000e+04
-8.849500000000000000e+04
-8.858900000000000000e+04
-8.868400000000000000e+04
-8.878000000000000000e+04
-8.888100000000000000e+04
-8.898200000000000000e+04
-8.908200000000000000e+04
-8.917700000000000000e+04
-8.927200000000000000e+04
-8.936800000000000000e+04
-8.946400000000000000e+04
-8.955800000000000000e+04
-8.965600000000000000e+04
-8.975300000000000000e+04
-8.985000000000000000e+04
-8.995100000000000000e+04
-9.004500000000000000e+04
-9.013900000000000000e+04
-9.023000000000000000e+04
-9.031500000000000000e+04
-9.040100000000000000e+04
-9.048300000000000000e+04
-9.056500000000000000e+04
-9.064700000000000000e+04
-9.073300000000000000e+04
-9.082100000000000000e+04
-9.091100000000000000e+04
-9.100100000000000000e+04
-9.108900000000000000e+04
-9.117600000000000000e+04
-9.126500000000000000e+04
-9.135700000000000000e+04
-9.144800000000000000e+04
-9.153800000000000000e+04
-9.162900000000000000e+04
-9.171700000000000000e+04
-9.180500000000000000e+04
-9.189300000000000000e+04
-9.198100000000000000e+04
-9.207000000000000000e+04
-9.216000000000000000e+04
-9.224600000000000000e+04
-9.233400000000000000e+04
-9.242400000000000000e+04
-9.251400000000000000e+04
-9.260400000000000000e+04
-9.269100000000000000e+04
-9.278200000000000000e+04
-9.287300000000000000e+04
-9.296000000000000000e+04
-9.304300000000000000e+04
-9.312200000000000000e+04
-9.319900000000000000e+04
-9.327400000000000000e+04
-9.335200000000000000e+04
-9.343000000000000000e+04
-9.350200000000000000e+04
-9.356900000000000000e+04
-9.363000000000000000e+04
-9.368400000000000000e+04
