3.376000000000000000e+03
3.372000000000000000e+03
3.359000000000000000e+03
3.342000000000000000e+03
3.317000000000000000e+03
3.289000000000000000e+03
3.256000000000000000e+03
3.220000000000000000e+03
3.183000000000000000e+03
3.144000000000000000e+03
3.101000000000000000e+03
3.058000000000000000e+03
3.013000000000000000e+03
2.967000000000000000e+03
2.922000000000000000e+03
2.875000000000000000e+03
2.828000000000000000e+03
2.779000000000000000e+03
2.731000000000000000e+03
2.683000000000000000e+03
1.637000000000000000e+03
1.536000000000000000e+03
1.436000000000000000e+03
1.335000000000000000e+03
1.235000000000000000e+03
1.135000000000000000e+03
1.035000000000000000e+03
9.360000000000000000e+02
8.370000000000000000e+02
7.380000000000000000e+02
6.390000000000000000e+02
5.390000000000000000e+02
4.390000000000000000e+02
3.390000000000000000e+02
2.400000000000000000e+02
1.410000000000000000e+02
4.100000000000000000e+01
-6.300000000000000000e+01
-1.610000000000000000e+02
-2.580000000000000000e+02
-3.570000000000000000e+02
-4.550000000000000000e+02
-5.540000000000000000e+02
-6.540000000000000000e+02
-7.570000000000000000e+02
-8.570000000000000000e+02
-9.570000000000000000e+02
-1.054000000000000000e+03
-1.157000000000000000e+03
-1.256000000000000000e+03
-1.357000000000000000e+03
-1.457000000000000000e+03
-1.559000000000000000e+03
-1.663000000000000000e+03
-1.764000000000000000e+03
-1.865000000000000000e+03
-1.966000000000000000e+03
-2.066000000000000000e+03
-2.166000000000000000e+03
-2.265000000000000000e+03
-2.366000000000000000e+03
-2.465000000000000000e+03
-2.566000000000000000e+03
-2.667000000000000000e+03
-2.767000000000000000e+03
-2.867000000000000000e+03
-2.966000000000000000e+03
-3.065000000000000000e+03
-3.164000000000000000e+03
-3.263000000000000000e+03
-3.363000000000000000e+03
-3.461000000000000000e+03
-3.561000000000000000e+03
-3.661000000000000000e+03
-3.761000000000000000e+03
-3.860000000000000000e+03
-3.962000000000000000e+03
-4.058000000000000000e+03
-4.163000000000000000e+03
-4.264000000000000000e+03
-4.362000000000000000e+03
-4.462000000000000000e+03
-4.560000000000000000e+03
-4.659000000000000000e+03
-4.759000000000000000e+03
-4.858000000000000000e+03
-4.959000000000000000e+03
-5.059000000000000000e+03
-5.159000000000000000e+03
-5.259000000000000000e+03
-5.359000000000000000e+03
-5.461000000000000000e+03
-5.561000000000000000e+03
-5.662000000000000000e+03
-5.765000000000000000e+03
-5.866000000000000000e+03
-5.967000000000000000e+03
-6.068000000000000000e+03
-6.168000000000000000e+03
-6.269000000000000000e+03
-6.368000000000000000e+03
-6.468000000000000000e+03
-6.568000000000000000e+03
-6.668000000000000000e+03
-6.769000000000000000e+03
-6.869000000000000000e+03
-6.970000000000000000e+03
-7.068000000000000000e+03
-7.168000000000000000e+03
-7.270000000000000000e+03
-7.367000000000000000e+03
-7.465000000000000000e+03
-7.564000000000000000e+03
-7.664000000000000000e+03
-7.766000000000000000e+03
-7.866000000000000000e+03
-7.965000000000000000e+03
-8.064000000000000000e+03
-8.164000000000000000e+03
-8.269000000000000000e+03
-8.367000000000000000e+03
-8.465000000000000000e+03
-8.564000000000000000e+03
-8.663000000000000000e+03
-8.761000000000000000e+03
-8.861000000000000000e+03
-8.961000000000000000e+03
-9.062000000000000000e+03
-9.163000000000000000e+03
-9.263000000000000000e+03
-9.363000000000000000e+03
-9.462000000000000000e+03
-9.563000000000000000e+03
-9.663000000000000000e+03
-9.765000000000000000e+03
-9.868000000000000000e+03
-9.969000000000000000e+03
-1.007000000000000000e+04
-1.017300000000000000e+04
-1.027200000000000000e+04
-1.037200000000000000e+04
-1.047100000000000000e+04
-1.057100000000000000e+04
-1.067100000000000000e+04
-1.077100000000000000e+04
-1.087500000000000000e+04
-1.097500000000000000e+04
-1.107500000000000000e+04
-1.117400000000000000e+04
-1.127400000000000000e+04
-1.137300000000000000e+04
-1.147200000000000000e+04
-1.157100000000000000e+04
-1.166900000000000000e+04
-1.176900000000000000e+04
-1.186900000000000000e+04
-1.196900000000000000e+04
-1.206800000000000000e+04
-1.216800000000000000e+04
-1.226700000000000000e+04
-1.237200000000000000e+04
-1.247000000000000000e+04
-1.256700000000000000e+04
-1.266600000000000000e+04
-1.276600000000000000e+04
-1.286500000000000000e+04
-1.296600000000000000e+04
-1.306600000000000000e+04
-1.316600000000000000e+04
-1.326700000000000000e+04
-1.336600000000000000e+04
-1.346500000000000000e+04
-1.356500000000000000e+04
-1.366600000000000000e+04
-1.377100000000000000e+04
-1.387200000000000000e+04
-1.397400000000000000e+04
-1.407600000000000000e+04
-1.417600000000000000e+04
-1.427700000000000000e+04
-1.437700000000000000e+04
-1.447700000000000000e+04
-1.457600000000000000e+04
-1.467600000000000000e+04
-1.477700000000000000e+04
-1.487700000000000000e+04
-1.497900000000000000e+04
-1.507800000000000000e+04
-1.517800000000000000e+04
-1.527700000000000000e+04
-1.537700000000000000e+04
-1.547600000000000000e+04
-1.557500000000000000e+04
-1.567300000000000000e+04
-1.577300000000000000e+04
-1.587200000000000000e+04
-1.597300000000000000e+04
-1.607100000000000000e+04
-1.617100000000000000e+04
-1.627000000000000000e+04
-1.636900000000000000e+04
-1.647400000000000000e+04
-1.657200000000000000e+04
-1.667100000000000000e+04
-1.676900000000000000e+04
-1.687000000000000000e+04
-1.696900000000000000e+04
-1.706800000000000000e+04
-1.717100000000000000e+04
-1.727100000000000000e+04
-1.737200000000000000e+04
-1.747300000000000000e+04
-1.757100000000000000e+04
-1.767300000000000000e+04
-1.777300000000000000e+04
-1.787400000000000000e+04
-1.797500000000000000e+04
-1.807700000000000000e+04
-1.817800000000000000e+04
-1.827900000000000000e+04
-1.838000000000000000e+04
-1.848000000000000000e+04
-1.858100000000000000e+04
-1.868000000000000000e+04
-1.878000000000000000e+04
-1.888000000000000000e+04
-1.898000000000000000e+04
-1.908000000000000000e+04
-1.918000000000000000e+04
-1.927900000000000000e+04
-1.937900000000000000e+04
-1.947900000000000000e+04
-1.957800000000000000e+04
-1.967700000000000000e+04
-1.977600000000000000e+04
-1.987500000000000000e+04
-1.997300000000000000e+04
-2.007500000000000000e+04
-2.017300000000000000e+04
-2.027300000000000000e+04
-2.037600000000000000e+04
-2.047500000000000000e+04
-2.058000000000000000e+04
-2.067700000000000000e+04
-2.077600000000000000e+04
-2.087500000000000000e+04
-2.097400000000000000e+04
-2.107300000000000000e+04
-2.117200000000000000e+04
-2.127300000000000000e+04
-2.137300000000000000e+04
-2.147400000000000000e+04
-2.157500000000000000e+04
-2.167300000000000000e+04
-2.177400000000000000e+04
-2.187700000000000000e+04
-2.197500000000000000e+04
-2.207700000000000000e+04
-2.217900000000000000e+04
-2.228000000000000000e+04
-2.238100000000000000e+04
-2.248200000000000000e+04
-2.258300000000000000e+04
-2.268200000000000000e+04
-2.278200000000000000e+04
-2.288100000000000000e+04
-2.298200000000000000e+04
-2.308200000000000000e+04
-2.318300000000000000e+04
-2.328300000000000000e+04
-2.338200000000000000e+04
-2.348600000000000000e+04
-2.358500000000000000e+04
-2.368400000000000000e+04
-2.378300000000000000e+04
-2.388100000000000000e+04
-2.398100000000000000e+04
-2.408000000000000000e+04
-2.418100000000000000e+04
-2.428000000000000000e+04
-2.437900000000000000e+04
-2.447900000000000000e+04
-2.457700000000000000e+04
-2.468200000000000000e+04
-2.477900000000000000e+04
-2.487800000000000000e+04
-2.497600000000000000e+04
-2.507600000000000000e+04
-2.517600000000000000e+04
-2.527600000000000000e+04
-2.537500000000000000e+04
-2.547600000000000000e+04
-2.557600000000000000e+04
-2.567700000000000000e+04
-2.577500000000000000e+04
-2.587600000000000000e+04
-2.597700000000000000e+04
-2.607800000000000000e+04
-2.618100000000000000e+04
-2.628200000000000000e+04
-2.638300000000000000e+04
-2.648700000000000000e+04
-2.658800000000000000e+04
-2.668900000000000000e+04
-2.678700000000000000e+04
-2.688800000000000000e+04
-2.698700000000000000e+04
-2.708800000000000000e+04
-2.718800000000000000e+04
-2.728900000000000000e+04
-2.738900000000000000e+04
-2.748800000000000000e+04
-2.758800000000000000e+04
-2.768700000000000000e+04
-2.778600000000000000e+04
-2.788700000000000000e+04
-2.798500000000000000e+04
-2.808500000000000000e+04
-2.818300000000000000e+04
-2.828400000000000000e+04
-2.838300000000000000e+04
-2.848100000000000000e+04
-2.858100000000000000e+04
-2.868000000000000000e+04
-2.878400000000000000e+04
-2.888200000000000000e+04
-2.898100000000000000e+04
-2.907900000000000000e+04
-2.917900000000000000e+04
-2.927800000000000000e+04
-2.937800000000000000e+04
-2.947700000000000000e+04
-2.958100000000000000e+04
-2.968100000000000000e+04
-2.978200000000000000e+04
-2.988100000000000000e+04
-2.998200000000000000e+04
-3.008300000000000000e+04
-3.018400000000000000e+04
-3.028600000000000000e+04
-3.038700000000000000e+04
-3.048800000000000000e+04
-3.058900000000000000e+04
-3.069000000000000000e+04
-3.079100000000000000e+04
-3.089100000000000000e+04
-3.099200000000000000e+04
-3.109100000000000000e+04
-3.119100000000000000e+04
-3.129100000000000000e+04
-3.139100000000000000e+04
-3.149100000000000000e+04
-3.159000000000000000e+04
-3.169000000000000000e+04
-3.179000000000000000e+04
-3.188900000000000000e+04
-3.199000000000000000e+04
-3.208800000000000000e+04
-3.218700000000000000e+04
-3.228600000000000000e+04
-3.238600000000000000e+04
-3.248900000000000000e+04
-3.258700000000000000e+04
-3.268800000000000000e+04
-3.278800000000000000e+04
-3.289100000000000000e+04
-3.298800000000000000e+04
-3.308700000000000000e+04
-3.318500000000000000e+04
-3.328400000000000000e+04
-3.338400000000000000e+04
-3.348400000000000000e+04
-3.358300000000000000e+04
-3.368400000000000000e+04
-3.378400000000000000e+04
-3.388600000000000000e+04
-3.398500000000000000e+04
-3.408400000000000000e+04
-3.418500000000000000e+04
-3.428600000000000000e+04
-3.438800000000000000e+04
-3.449000000000000000e+04
-3.459100000000000000e+04
-3.469300000000000000e+04
-3.479300000000000000e+04
-3.489500000000000000e+04
-3.499400000000000000e+04
-3.509400000000000000e+04
-3.519400000000000000e+04
-3.529300000000000000e+04
-3.539300000000000000e+04
-3.549700000000000000e+04
-3.559700000000000000e+04
-3.569700000000000000e+04
-3.579700000000000000e+04
-3.589600000000000000e+04
-3.599500000000000000e+04
-3.609500000000000000e+04
-3.619400000000000000e+04
-3.629200000000000000e+04
-3.639200000000000000e+04
-3.649200000000000000e+04
-3.659200000000000000e+04
-3.669100000000000000e+04
-3.679100000000000000e+04
-3.689200000000000000e+04
-3.699300000000000000e+04
-3.709000000000000000e+04
-3.718900000000000000e+04
-3.728700000000000000e+04
-3.738600000000000000e+04
-3.748600000000000000e+04
-3.758600000000000000e+04
-3.768600000000000000e+04
-3.778600000000000000e+04
-3.788700000000000000e+04
-3.799000000000000000e+04
-3.809000000000000000e+04
-3.818900000000000000e+04
-3.829000000000000000e+04
-3.839200000000000000e+04
-3.849400000000000000e+04
-3.859600000000000000e+04
-3.869700000000000000e+04
-3.879900000000000000e+04
-3.889900000000000000e+04
-3.899900000000000000e+04
-3.909900000000000000e+04
-3.919900000000000000e+04
-3.929900000000000000e+04
-3.940000000000000000e+04
-3.950000000000000000e+04
-3.960000000000000000e+04
-3.970000000000000000e+04
-3.979900000000000000e+04
-3.989800000000000000e+04
-3.999800000000000000e+04
-4.009700000000000000e+04
-4.019600000000000000e+04
-4.029600000000000000e+04
-4.039400000000000000e+04
-4.049400000000000000e+04
-4.059400000000000000e+04
-4.069400000000000000e+04
-4.079600000000000000e+04
-4.089300000000000000e+04
-4.099900000000000000e+04
-4.109800000000000000e+04
-4.119600000000000000e+04
-4.129500000000000000e+04
-4.139400000000000000e+04
-4.149300000000000000e+04
-4.159200000000000000e+04
-4.169200000000000000e+04
-4.179100000000000000e+04
-4.189100000000000000e+04
-4.199300000000000000e+04
-4.209200000000000000e+04
-4.219300000000000000e+04
-4.229300000000000000e+04
-4.239300000000000000e+04
-4.249500000000000000e+04
-4.259700000000000000e+04
-4.269800000000000000e+04
-4.279900000000000000e+04
-4.290100000000000000e+04
-4.300100000000000000e+04
-4.310200000000000000e+04
-4.320100000000000000e+04
-4.330200000000000000e+04
-4.340200000000000000e+04
-4.350200000000000000e+04
-4.360200000000000000e+04
-4.370200000000000000e+04
-4.380200000000000000e+04
-4.390100000000000000e+04
-4.400100000000000000e+04
-4.410100000000000000e+04
-4.420300000000000000e+04
-4.430200000000000000e+04
-4.440100000000000000e+04
-4.450000000000000000e+04
-4.459900000000000000e+04
-4.470000000000000000e+04
-4.479900000000000000e+04
-4.489800000000000000e+04
-4.499800000000000000e+04
-4.510200000000000000e+04
-4.520100000000000000e+04
-4.529900000000000000e+04
-4.539800000000000000e+04
-4.549600000000000000e+04
-4.559500000000000000e+04
-4.569400000000000000e+04
-4.579300000000000000e+04
-4.589400000000000000e+04
-4.599400000000000000e+04
-4.609500000000000000e+04
-4.619500000000000000e+04
-4.629500000000000000e+04
-4.639500000000000000e+04
-4.649500000000000000e+04
-4.659800000000000000e+04
-4.669900000000000000e+04
-4.680100000000000000e+04
-4.690300000000000000e+04
-4.700500000000000000e+04
-4.710500000000000000e+04
-4.720500000000000000e+04
-4.730400000000000000e+04
-4.740500000000000000e+04
-4.750400000000000000e+04
-4.760500000000000000e+04
-4.770700000000000000e+04
-4.780800000000000000e+04
-4.790800000000000000e+04
-4.800800000000000000e+04
-4.810700000000000000e+04
-4.820600000000000000e+04
-4.830400000000000000e+04
-4.840300000000000000e+04
-4.850300000000000000e+04
-4.860100000000000000e+04
-4.870200000000000000e+04
-4.880200000000000000e+04
-4.890100000000000000e+04
-4.900100000000000000e+04
-4.910000000000000000e+04
-4.920400000000000000e+04
-4.930300000000000000e+04
-4.940100000000000000e+04
-4.950000000000000000e+04
-4.959800000000000000e+04
-4.969800000000000000e+04
-4.979800000000000000e+04
-4.989700000000000000e+04
-4.999800000000000000e+04
-5.009700000000000000e+04
-5.019800000000000000e+04
-5.029700000000000000e+04
-5.039700000000000000e+04
-5.049800000000000000e+04
-5.059800000000000000e+04
-5.070100000000000000e+04
-5.080300000000000000e+04
-5.090500000000000000e+04
-5.100600000000000000e+04
-5.110700000000000000e+04
-5.121100000000000000e+04
-5.131000000000000000e+04
-5.141000000000000000e+04
-5.151100000000000000e+04
-5.161100000000000000e+04
-5.171200000000000000e+04
-5.181100000000000000e+04
-5.191200000000000000e+04
-5.201100000000000000e+04
-5.211000000000000000e+04
-5.221000000000000000e+04
-5.230900000000000000e+04
-5.240700000000000000e+04
-5.250600000000000000e+04
-5.260600000000000000e+04
-5.270500000000000000e+04
-5.280500000000000000e+04
-5.290500000000000000e+04
-5.300400000000000000e+04
-5.310400000000000000e+04
-5.320200000000000000e+04
-5.330700000000000000e+04
-5.340600000000000000e+04
-5.350400000000000000e+04
-5.360300000000000000e+04
-5.370200000000000000e+04
-5.380100000000000000e+04
-5.390100000000000000e+04
-5.400000000000000000e+04
-5.410100000000000000e+04
-5.420000000000000000e+04
-5.430100000000000000e+04
-5.440100000000000000e+04
-5.450100000000000000e+04
-5.460200000000000000e+04
-5.470200000000000000e+04
-5.480400000000000000e+04
-5.490600000000000000e+04
-5.501000000000000000e+04
-5.511200000000000000e+04
-5.521300000000000000e+04
-5.531300000000000000e+04
-5.541400000000000000e+04
-5.551300000000000000e+04
-5.561500000000000000e+04
-5.571300000000000000e+04
-5.581400000000000000e+04
-5.591400000000000000e+04
-5.601400000000000000e+04
-5.611400000000000000e+04
-5.621300000000000000e+04
-5.631300000000000000e+04
-5.641200000000000000e+04
-5.651100000000000000e+04
-5.661000000000000000e+04
-5.670800000000000000e+04
-5.680800000000000000e+04
-5.690800000000000000e+04
-5.700800000000000000e+04
-5.710600000000000000e+04
-5.720600000000000000e+04
-5.730600000000000000e+04
-5.741000000000000000e+04
-5.750900000000000000e+04
-5.760700000000000000e+04
-5.770600000000000000e+04
-5.780500000000000000e+04
-5.790300000000000000e+04
-5.800300000000000000e+04
-5.810300000000000000e+04
-5.820300000000000000e+04
-5.830300000000000000e+04
-5.840700000000000000e+04
-5.850700000000000000e+04
-5.860600000000000000e+04
-5.870700000000000000e+04
-5.880700000000000000e+04
-5.890900000000000000e+04
-5.901200000000000000e+04
-5.911300000000000000e+04
-5.921400000000000000e+04
-5.931600000000000000e+04
-5.941700000000000000e+04
-5.951700000000000000e+04
-5.961600000000000000e+04
-5.971600000000000000e+04
-5.981600000000000000e+04
-5.991600000000000000e+04
-6.001700000000000000e+04
-6.011700000000000000e+04
-6.021700000000000000e+04
-6.031600000000000000e+04
-6.041700000000000000e+04
-6.051500000000000000e+04
-6.061400000000000000e+04
-6.071300000000000000e+04
-6.081100000000000000e+04
-6.091100000000000000e+04
-6.101100000000000000e+04
-6.111100000000000000e+04
-6.121000000000000000e+04
-6.131000000000000000e+04
-6.140900000000000000e+04
-6.151700000000000000e+04
-6.161400000000000000e+04
-6.170900000000000000e+04
-6.181100000000000000e+04
-6.191000000000000000e+04
-6.200800000000000000e+04
-6.210900000000000000e+04
-6.220800000000000000e+04
-6.230800000000000000e+04
-6.240900000000000000e+04
-6.250900000000000000e+04
-6.260900000000000000e+04
-6.270800000000000000e+04
-6.280900000000000000e+04
-6.291000000000000000e+04
-6.301200000000000000e+04
-6.311500000000000000e+04
-6.321600000000000000e+04
-6.331800000000000000e+04
-6.342000000000000000e+04
-6.351900000000000000e+04
-6.361900000000000000e+04
-6.371800000000000000e+04
-6.381900000000000000e+04
-6.391900000000000000e+04
-6.401900000000000000e+04
-6.412000000000000000e+04
-6.422000000000000000e+04
-6.432000000000000000e+04
-6.441900000000000000e+04
-6.451900000000000000e+04
-6.461800000000000000e+04
-6.471700000000000000e+04
-6.481600000000000000e+04
-6.491500000000000000e+04
-6.501500000000000000e+04
-6.511500000000000000e+04
-6.521500000000000000e+04
-6.531600000000000000e+04
-6.541500000000000000e+04
-6.551400000000000000e+04
-6.561900000000000000e+04
-6.571700000000000000e+04
-6.581600000000000000e+04
-6.591500000000000000e+04
-6.601400000000000000e+04
-6.611300000000000000e+04
-6.621300000000000000e+04
-6.631200000000000000e+04
-6.641200000000000000e+04
-6.651300000000000000e+04
-6.661300000000000000e+04
-6.671300000000000000e+04
-6.681300000000000000e+04
-6.691400000000000000e+04
-6.701600000000000000e+04
-6.711600000000000000e+04
-6.721900000000000000e+04
-6.731900000000000000e+04
-6.742000000000000000e+04
-6.752100000000000000e+04
-6.762200000000000000e+04
-6.772300000000000000e+04
-6.782300000000000000e+04
-6.792300000000000000e+04
-6.802300000000000000e+04
-6.812200000000000000e+04
-6.822300000000000000e+04
-6.832200000000000000e+04
-6.842100000000000000e+04
-6.852100000000000000e+04
-6.862100000000000000e+04
-6.872000000000000000e+04
-6.882000000000000000e+04
-6.892200000000000000e+04
-6.902000000000000000e+04
-6.912000000000000000e+04
-6.922000000000000000e+04
-6.931800000000000000e+04
-6.941900000000000000e+04
-6.951800000000000000e+04
-6.961800000000000000e+04
-6.972300000000000000e+04
-6.982100000000000000e+04
-6.991900000000000000e+04
-7.001700000000000000e+04
-7.011700000000000000e+04
-7.021600000000000000e+04
-7.031500000000000000e+04
-7.041500000000000000e+04
-7.051500000000000000e+04
-7.061500000000000000e+04
-7.071400000000000000e+04
-7.081200000000000000e+04
-7.091000000000000000e+04
-7.100800000000000000e+04
-7.110600000000000000e+04
-7.120300000000000000e+04
-7.130100000000000000e+04
-7.139700000000000000e+04
-7.149200000000000000e+04
-7.158800000000000000e+04
-7.168100000000000000e+04
-7.177300000000000000e+04
-7.186300000000000000e+04
-7.195400000000000000e+04
-7.204200000000000000e+04
-7.213300000000000000e+04
-7.222500000000000000e+04
-7.231600000000000000e+04
-7.240500000000000000e+04
-7.249500000000000000e+04
3.456000000000000000e+03
3.451000000000000000e+03
3.439000000000000000e+03
3.422000000000000000e+03
3.399000000000000000e+03
3.371000000000000000e+03
3.339000000000000000e+03
3.304000000000000000e+03
3.267000000000000000e+03
3.225000000000000000e+03
3.184000000000000000e+03
3.139000000000000000e+03
3.093000000000000000e+03
3.048000000000000000e+03
3.000000000000000000e+03
2.955000000000000000e+03
2.908000000000000000e+03
2.860000000000000000e+03
2.810000000000000000e+03
2.763000000000000000e+03
1.717000000000000000e+03
1.616000000000000000e+03
1.516000000000000000e+03
1.416000000000000000e+03
1.314000000000000000e+03
1.215000000000000000e+03
1.114000000000000000e+03
1.014000000000000000e+03
9.150000000000000000e+02
8.150000000000000000e+02
7.170000000000000000e+02
6.180000000000000000e+02
5.180000000000000000e+02
4.180000000000000000e+02
3.190000000000000000e+02
2.200000000000000000e+02
1.200000000000000000e+02
2.100000000000000000e+01
-8.300000000000000000e+01
-1.810000000000000000e+02
-2.780000000000000000e+02
-3.770000000000000000e+02
-4.760000000000000000e+02
-5.750000000000000000e+02
-6.750000000000000000e+02
-7.740000000000000000e+02
-8.750000000000000000e+02
-9.780000000000000000e+02
-1.078000000000000000e+03
-1.177000000000000000e+03
-1.277000000000000000e+03
-1.378000000000000000e+03
-1.479000000000000000e+03
-1.580000000000000000e+03
-1.683000000000000000e+03
-1.784000000000000000e+03
-1.885000000000000000e+03
-1.986000000000000000e+03
-2.086000000000000000e+03
-2.186000000000000000e+03
-2.285000000000000000e+03
-2.385000000000000000e+03
-2.486000000000000000e+03
-2.587000000000000000e+03
-2.688000000000000000e+03
-2.788000000000000000e+03
-2.887000000000000000e+03
-2.986000000000000000e+03
-3.086000000000000000e+03
-3.185000000000000000e+03
-3.285000000000000000e+03
-3.383000000000000000e+03
-3.482000000000000000e+03
-3.582000000000000000e+03
-3.682000000000000000e+03
-3.781000000000000000e+03
-3.880000000000000000e+03
-3.980000000000000000e+03
-4.079000000000000000e+03
-4.186000000000000000e+03
-4.282000000000000000e+03
-4.382000000000000000e+03
-4.481000000000000000e+03
-4.581000000000000000e+03
-4.680000000000000000e+03
-4.780000000000000000e+03
-4.879000000000000000e+03
-4.980000000000000000e+03
-5.080000000000000000e+03
-5.180000000000000000e+03
-5.281000000000000000e+03
-5.381000000000000000e+03
-5.482000000000000000e+03
-5.583000000000000000e+03
-5.684000000000000000e+03
-5.787000000000000000e+03
-5.887000000000000000e+03
-5.988000000000000000e+03
-6.088000000000000000e+03
-6.189000000000000000e+03
-6.289000000000000000e+03
-6.389000000000000000e+03
-6.489000000000000000e+03
-6.589000000000000000e+03
-6.689000000000000000e+03
-6.790000000000000000e+03
-6.890000000000000000e+03
-6.989000000000000000e+03
-7.089000000000000000e+03
-7.188000000000000000e+03
-7.288000000000000000e+03
-7.391000000000000000e+03
-7.486000000000000000e+03
-7.588000000000000000e+03
-7.687000000000000000e+03
-7.787000000000000000e+03
-7.886000000000000000e+03
-7.986000000000000000e+03
-8.085000000000000000e+03
-8.185000000000000000e+03
-8.289000000000000000e+03
-8.386000000000000000e+03
-8.485000000000000000e+03
-8.583000000000000000e+03
-8.683000000000000000e+03
-8.782000000000000000e+03
-8.882000000000000000e+03
-8.981000000000000000e+03
-9.082000000000000000e+03
-9.183000000000000000e+03
-9.284000000000000000e+03
-9.383000000000000000e+03
-9.484000000000000000e+03
-9.584000000000000000e+03
-9.685000000000000000e+03
-9.786000000000000000e+03
-9.889000000000000000e+03
-9.990000000000000000e+03
-1.009100000000000000e+04
-1.019200000000000000e+04
-1.029200000000000000e+04
-1.039500000000000000e+04
-1.049400000000000000e+04
-1.059100000000000000e+04
-1.069400000000000000e+04
-1.079400000000000000e+04
-1.089500000000000000e+04
-1.099600000000000000e+04
-1.109500000000000000e+04
-1.119500000000000000e+04
-1.129500000000000000e+04
-1.139300000000000000e+04
-1.149300000000000000e+04
-1.159100000000000000e+04
-1.169000000000000000e+04
-1.178900000000000000e+04
-1.189000000000000000e+04
-1.198900000000000000e+04
-1.208900000000000000e+04
-1.218800000000000000e+04
-1.228800000000000000e+04
-1.239200000000000000e+04
-1.248800000000000000e+04
-1.258700000000000000e+04
-1.268500000000000000e+04
-1.278600000000000000e+04
-1.288500000000000000e+04
-1.298600000000000000e+04
-1.308500000000000000e+04
-1.318600000000000000e+04
-1.328700000000000000e+04
-1.338700000000000000e+04
-1.348600000000000000e+04
-1.359000000000000000e+04
-1.369000000000000000e+04
-1.379200000000000000e+04
-1.389400000000000000e+04
-1.399600000000000000e+04
-1.409700000000000000e+04
-1.419800000000000000e+04
-1.429800000000000000e+04
-1.439800000000000000e+04
-1.449800000000000000e+04
-1.459800000000000000e+04
-1.469700000000000000e+04
-1.479800000000000000e+04
-1.489700000000000000e+04
-1.499900000000000000e+04
-1.509900000000000000e+04
-1.519800000000000000e+04
-1.529800000000000000e+04
-1.539700000000000000e+04
-1.549600000000000000e+04
-1.559500000000000000e+04
-1.569400000000000000e+04
-1.579400000000000000e+04
-1.589300000000000000e+04
-1.599400000000000000e+04
-1.609200000000000000e+04
-1.619200000000000000e+04
-1.629100000000000000e+04
-1.639000000000000000e+04
-1.649800000000000000e+04
-1.659100000000000000e+04
-1.669400000000000000e+04
-1.679200000000000000e+04
-1.689200000000000000e+04
-1.699100000000000000e+04
-1.709100000000000000e+04
-1.719100000000000000e+04
-1.729100000000000000e+04
-1.739200000000000000e+04
-1.749200000000000000e+04
-1.759100000000000000e+04
-1.769200000000000000e+04
-1.779300000000000000e+04
-1.789500000000000000e+04
-1.799600000000000000e+04
-1.809800000000000000e+04
-1.819800000000000000e+04
-1.829900000000000000e+04
-1.840000000000000000e+04
-1.850000000000000000e+04
-1.860100000000000000e+04
-1.870100000000000000e+04
-1.880000000000000000e+04
-1.890000000000000000e+04
-1.899900000000000000e+04
-1.910000000000000000e+04
-1.920000000000000000e+04
-1.929900000000000000e+04
-1.940000000000000000e+04
-1.949900000000000000e+04
-1.959800000000000000e+04
-1.969800000000000000e+04
-1.979900000000000000e+04
-1.989900000000000000e+04
-1.999700000000000000e+04
-2.009800000000000000e+04
-2.019700000000000000e+04
-2.029600000000000000e+04
-2.039600000000000000e+04
-2.049700000000000000e+04
-2.060100000000000000e+04
-2.069700000000000000e+04
-2.079600000000000000e+04
-2.089400000000000000e+04
-2.099300000000000000e+04
-2.109300000000000000e+04
-2.119300000000000000e+04
-2.129300000000000000e+04
-2.139400000000000000e+04
-2.149400000000000000e+04
-2.159600000000000000e+04
-2.169300000000000000e+04
-2.179500000000000000e+04
-2.189500000000000000e+04
-2.199700000000000000e+04
-2.209900000000000000e+04
-2.219900000000000000e+04
-2.230100000000000000e+04
-2.240300000000000000e+04
-2.250300000000000000e+04
-2.260300000000000000e+04
-2.270300000000000000e+04
-2.280700000000000000e+04
-2.290500000000000000e+04
-2.300600000000000000e+04
-2.310500000000000000e+04
-2.320600000000000000e+04
-2.330700000000000000e+04
-2.340600000000000000e+04
-2.350600000000000000e+04
-2.360500000000000000e+04
-2.370400000000000000e+04
-2.380400000000000000e+04
-2.390200000000000000e+04
-2.400100000000000000e+04
-2.410000000000000000e+04
-2.420100000000000000e+04
-2.430100000000000000e+04
-2.440000000000000000e+04
-2.450100000000000000e+04
-2.460100000000000000e+04
-2.470400000000000000e+04
-2.480000000000000000e+04
-2.489900000000000000e+04
-2.499700000000000000e+04
-2.509600000000000000e+04
-2.519700000000000000e+04
-2.529600000000000000e+04
-2.539600000000000000e+04
-2.549700000000000000e+04
-2.559700000000000000e+04
-2.569800000000000000e+04
-2.579700000000000000e+04
-2.589700000000000000e+04
-2.599700000000000000e+04
-2.609900000000000000e+04
-2.620200000000000000e+04
-2.630200000000000000e+04
-2.640400000000000000e+04
-2.650900000000000000e+04
-2.660900000000000000e+04
-2.670900000000000000e+04
-2.680800000000000000e+04
-2.691000000000000000e+04
-2.700900000000000000e+04
-2.710900000000000000e+04
-2.720900000000000000e+04
-2.731000000000000000e+04
-2.741000000000000000e+04
-2.750800000000000000e+04
-2.760800000000000000e+04
-2.770800000000000000e+04
-2.780700000000000000e+04
-2.790500000000000000e+04
-2.800500000000000000e+04
-2.810400000000000000e+04
-2.820400000000000000e+04
-2.830400000000000000e+04
-2.840400000000000000e+04
-2.850300000000000000e+04
-2.860300000000000000e+04
-2.870300000000000000e+04
-2.880400000000000000e+04
-2.890300000000000000e+04
-2.900200000000000000e+04
-2.910000000000000000e+04
-2.919900000000000000e+04
-2.929900000000000000e+04
-2.939800000000000000e+04
-2.949800000000000000e+04
-2.959800000000000000e+04
-2.970200000000000000e+04
-2.980300000000000000e+04
-2.990200000000000000e+04
-3.000300000000000000e+04
-3.010400000000000000e+04
-3.020500000000000000e+04
-3.030700000000000000e+04
-3.040800000000000000e+04
-3.050900000000000000e+04
-3.061100000000000000e+04
-3.071100000000000000e+04
-3.081200000000000000e+04
-3.091200000000000000e+04
-3.101300000000000000e+04
-3.111200000000000000e+04
-3.121300000000000000e+04
-3.131200000000000000e+04
-3.141200000000000000e+04
-3.151200000000000000e+04
-3.161100000000000000e+04
-3.171100000000000000e+04
-3.181100000000000000e+04
-3.190900000000000000e+04
-3.200900000000000000e+04
-3.210800000000000000e+04
-3.220700000000000000e+04
-3.230700000000000000e+04
-3.240600000000000000e+04
-3.251000000000000000e+04
-3.260800000000000000e+04
-3.270800000000000000e+04
-3.281200000000000000e+04
-3.291100000000000000e+04
-3.300900000000000000e+04
-3.310700000000000000e+04
-3.320600000000000000e+04
-3.330400000000000000e+04
-3.340500000000000000e+04
-3.350400000000000000e+04
-3.360500000000000000e+04
-3.370500000000000000e+04
-3.380600000000000000e+04
-3.390600000000000000e+04
-3.400500000000000000e+04
-3.410500000000000000e+04
-3.420600000000000000e+04
-3.430700000000000000e+04
-3.441000000000000000e+04
-3.451000000000000000e+04
-3.461200000000000000e+04
-3.471500000000000000e+04
-3.481500000000000000e+04
-3.491500000000000000e+04
-3.501400000000000000e+04
-3.511500000000000000e+04
-3.521400000000000000e+04
-3.531800000000000000e+04
-3.541700000000000000e+04
-3.551800000000000000e+04
-3.561800000000000000e+04
-3.571700000000000000e+04
-3.581700000000000000e+04
-3.591700000000000000e+04
-3.601400000000000000e+04
-3.611400000000000000e+04
-3.621300000000000000e+04
-3.631200000000000000e+04
-3.641300000000000000e+04
-3.651200000000000000e+04
-3.661200000000000000e+04
-3.671100000000000000e+04
-3.681000000000000000e+04
-3.691400000000000000e+04
-3.701300000000000000e+04
-3.711100000000000000e+04
-3.721000000000000000e+04
-3.730800000000000000e+04
-3.740700000000000000e+04
-3.750700000000000000e+04
-3.760700000000000000e+04
-3.770700000000000000e+04
-3.780700000000000000e+04
-3.790800000000000000e+04
-3.800700000000000000e+04
-3.810700000000000000e+04
-3.820600000000000000e+04
-3.830800000000000000e+04
-3.841000000000000000e+04
-3.851300000000000000e+04
-3.861700000000000000e+04
-3.871800000000000000e+04
-3.882100000000000000e+04
-3.891700000000000000e+04
-3.902000000000000000e+04
-3.912000000000000000e+04
-3.922000000000000000e+04
-3.932000000000000000e+04
-3.942100000000000000e+04
-3.952100000000000000e+04
-3.962100000000000000e+04
-3.972100000000000000e+04
-3.982000000000000000e+04
-3.991900000000000000e+04
-4.001800000000000000e+04
-4.011600000000000000e+04
-4.021600000000000000e+04
-4.031600000000000000e+04
-4.041400000000000000e+04
-4.051500000000000000e+04
-4.061500000000000000e+04
-4.071400000000000000e+04
-4.081300000000000000e+04
-4.091200000000000000e+04
-4.101700000000000000e+04
-4.111500000000000000e+04
-4.121300000000000000e+04
-4.131500000000000000e+04
-4.141400000000000000e+04
-4.151300000000000000e+04
-4.161300000000000000e+04
-4.171300000000000000e+04
-4.181300000000000000e+04
-4.191200000000000000e+04
-4.201300000000000000e+04
-4.211200000000000000e+04
-4.221300000000000000e+04
-4.231400000000000000e+04
-4.241400000000000000e+04
-4.251500000000000000e+04
-4.261800000000000000e+04
-4.271900000000000000e+04
-4.282000000000000000e+04
-4.292200000000000000e+04
-4.302200000000000000e+04
-4.312200000000000000e+04
-4.322300000000000000e+04
-4.332300000000000000e+04
-4.342300000000000000e+04
-4.352300000000000000e+04
-4.362300000000000000e+04
-4.372300000000000000e+04
-4.382300000000000000e+04
-4.392200000000000000e+04
-4.402200000000000000e+04
-4.412100000000000000e+04
-4.422000000000000000e+04
-4.431900000000000000e+04
-4.441800000000000000e+04
-4.452000000000000000e+04
-4.461700000000000000e+04
-4.472000000000000000e+04
-4.481900000000000000e+04
-4.491600000000000000e+04
-4.501800000000000000e+04
-4.512300000000000000e+04
-4.522100000000000000e+04
-4.531900000000000000e+04
-4.541900000000000000e+04
-4.551600000000000000e+04
-4.561600000000000000e+04
-4.571500000000000000e+04
-4.581500000000000000e+04
-4.591500000000000000e+04
-4.601500000000000000e+04
-4.611600000000000000e+04
-4.621500000000000000e+04
-4.631500000000000000e+04
-4.641600000000000000e+04
-4.651600000000000000e+04
-4.661800000000000000e+04
-4.672000000000000000e+04
-4.682100000000000000e+04
-4.692300000000000000e+04
-4.702600000000000000e+04
-4.712600000000000000e+04
-4.722600000000000000e+04
-4.732500000000000000e+04
-4.742500000000000000e+04
-4.752800000000000000e+04
-4.762500000000000000e+04
-4.772900000000000000e+04
-4.783000000000000000e+04
-4.792900000000000000e+04
-4.802900000000000000e+04
-4.812800000000000000e+04
-4.822700000000000000e+04
-4.832700000000000000e+04
-4.842400000000000000e+04
-4.852300000000000000e+04
-4.862200000000000000e+04
-4.872300000000000000e+04
-4.882300000000000000e+04
-4.892200000000000000e+04
-4.902200000000000000e+04
-4.912100000000000000e+04
-4.922500000000000000e+04
-4.932300000000000000e+04
-4.942100000000000000e+04
-4.952100000000000000e+04
-4.961900000000000000e+04
-4.971900000000000000e+04
-4.981900000000000000e+04
-4.991800000000000000e+04
-5.001900000000000000e+04
-5.011800000000000000e+04
-5.021800000000000000e+04
-5.031800000000000000e+04
-5.041800000000000000e+04
-5.051900000000000000e+04
-5.061900000000000000e+04
-5.072500000000000000e+04
-5.082700000000000000e+04
-5.092800000000000000e+04
-5.103000000000000000e+04
-5.113100000000000000e+04
-5.123200000000000000e+04
-5.133100000000000000e+04
-5.143100000000000000e+04
-5.153100000000000000e+04
-5.163200000000000000e+04
-5.173200000000000000e+04
-5.183200000000000000e+04
-5.193300000000000000e+04
-5.203200000000000000e+04
-5.213100000000000000e+04
-5.223100000000000000e+04
-5.232900000000000000e+04
-5.242900000000000000e+04
-5.252700000000000000e+04
-5.262700000000000000e+04
-5.272700000000000000e+04
-5.282600000000000000e+04
-5.292600000000000000e+04
-5.302400000000000000e+04
-5.312400000000000000e+04
-5.322300000000000000e+04
-5.332800000000000000e+04
-5.342600000000000000e+04
-5.352400000000000000e+04
-5.362400000000000000e+04
-5.372600000000000000e+04
-5.382100000000000000e+04
-5.392500000000000000e+04
-5.402400000000000000e+04
-5.412500000000000000e+04
-5.422400000000000000e+04
-5.432400000000000000e+04
-5.442400000000000000e+04
-5.452400000000000000e+04
-5.462600000000000000e+04
-5.472700000000000000e+04
-5.482800000000000000e+04
-5.493000000000000000e+04
-5.503100000000000000e+04
-5.513200000000000000e+04
-5.523300000000000000e+04
-5.533400000000000000e+04
-5.543400000000000000e+04
-5.553400000000000000e+04
-5.563400000000000000e+04
-5.573400000000000000e+04
-5.583400000000000000e+04
-5.593400000000000000e+04
-5.603500000000000000e+04
-5.613400000000000000e+04
-5.623400000000000000e+04
-5.633400000000000000e+04
-5.643300000000000000e+04
-5.653300000000000000e+04
-5.663100000000000000e+04
-5.672900000000000000e+04
-5.682900000000000000e+04
-5.693100000000000000e+04
-5.703000000000000000e+04
-5.712900000000000000e+04
-5.723000000000000000e+04
-5.732900000000000000e+04
-5.743400000000000000e+04
-5.753200000000000000e+04
-5.763000000000000000e+04
-5.772900000000000000e+04
-5.782800000000000000e+04
-5.792600000000000000e+04
-5.802700000000000000e+04
-5.812600000000000000e+04
-5.822700000000000000e+04
-5.832800000000000000e+04
-5.842800000000000000e+04
-5.852700000000000000e+04
-5.862700000000000000e+04
-5.872800000000000000e+04
-5.882900000000000000e+04
-5.893000000000000000e+04
-5.903300000000000000e+04
-5.913400000000000000e+04
-5.923500000000000000e+04
-5.933600000000000000e+04
-5.943700000000000000e+04
-5.953700000000000000e+04
-5.963600000000000000e+04
-5.973600000000000000e+04
-5.983600000000000000e+04
-5.994000000000000000e+04
-6.004000000000000000e+04
-6.014000000000000000e+04
-6.024000000000000000e+04
-6.033900000000000000e+04
-6.043900000000000000e+04
-6.053800000000000000e+04
-6.063800000000000000e+04
-6.073600000000000000e+04
-6.083500000000000000e+04
-6.093400000000000000e+04
-6.103500000000000000e+04
-6.113400000000000000e+04
-6.123400000000000000e+04
-6.133400000000000000e+04
-6.143300000000000000e+04
-6.153700000000000000e+04
-6.163300000000000000e+04
-6.173200000000000000e+04
-6.183000000000000000e+04
-6.193000000000000000e+04
-6.202900000000000000e+04
-6.212900000000000000e+04
-6.222800000000000000e+04
-6.232900000000000000e+04
-6.243000000000000000e+04
-6.253000000000000000e+04
-6.263000000000000000e+04
-6.273300000000000000e+04
-6.283400000000000000e+04
-6.293500000000000000e+04
-6.303700000000000000e+04
-6.313900000000000000e+04
-6.324000000000000000e+04
-6.334100000000000000e+04
-6.344200000000000000e+04
-6.354200000000000000e+04
-6.364200000000000000e+04
-6.374100000000000000e+04
-6.384200000000000000e+04
-6.394200000000000000e+04
-6.404200000000000000e+04
-6.414400000000000000e+04
-6.424400000000000000e+04
-6.434300000000000000e+04
-6.444200000000000000e+04
-6.454200000000000000e+04
-6.464100000000000000e+04
-6.474100000000000000e+04
-6.484000000000000000e+04
-6.493900000000000000e+04
-6.503800000000000000e+04
-6.513900000000000000e+04
-6.523700000000000000e+04
-6.533700000000000000e+04
-6.543600000000000000e+04
-6.553500000000000000e+04
-6.564000000000000000e+04
-6.574000000000000000e+04
-6.583900000000000000e+04
-6.593700000000000000e+04
-6.603700000000000000e+04
-6.613600000000000000e+04
-6.623600000000000000e+04
-6.633500000000000000e+04
-6.643600000000000000e+04
-6.653700000000000000e+04
-6.663800000000000000e+04
-6.673600000000000000e+04
-6.683700000000000000e+04
-6.693800000000000000e+04
-6.704000000000000000e+04
-6.714100000000000000e+04
-6.724300000000000000e+04
-6.734300000000000000e+04
-6.744500000000000000e+04
-6.754600000000000000e+04
-6.764600000000000000e+04
-6.774700000000000000e+04
-6.784700000000000000e+04
-6.794600000000000000e+04
-6.804600000000000000e+04
-6.814600000000000000e+04
-6.824600000000000000e+04
-6.834600000000000000e+04
-6.844500000000000000e+04
-6.854500000000000000e+04
-6.864700000000000000e+04
-6.874600000000000000e+04
-6.884600000000000000e+04
-6.894500000000000000e+04
-6.904500000000000000e+04
-6.914400000000000000e+04
-6.924500000000000000e+04
-6.934300000000000000e+04
-6.944200000000000000e+04
-6.954300000000000000e+04
-6.964200000000000000e+04
-6.974700000000000000e+04
-6.984400000000000000e+04
-6.994300000000000000e+04
-7.004000000000000000e+04
-7.014000000000000000e+04
-7.023900000000000000e+04
-7.033900000000000000e+04
-7.043800000000000000e+04
-7.053800000000000000e+04
-7.063800000000000000e+04
-7.073800000000000000e+04
-7.083500000000000000e+04
-7.093300000000000000e+04
-7.103400000000000000e+04
-7.113200000000000000e+04
-7.122900000000000000e+04
-7.132700000000000000e+04
-7.142200000000000000e+04
-7.151700000000000000e+04
-7.161300000000000000e+04
-7.170600000000000000e+04
-7.179800000000000000e+04
-7.188800000000000000e+04
-7.197800000000000000e+04
-7.206700000000000000e+04
-7.215800000000000000e+04
-7.224800000000000000e+04
-7.233800000000000000e+04
-7.242500000000000000e+04
-7.251200000000000000e+04
