0.000000000000000000e+00
0.000000000000000000e+00
0.000000000000000000e+00
0.000000000000000000e+00
0.000000000000000000e+00
0.000000000000000000e+00
0.000000000000000000e+00
0.000000000000000000e+00
0.000000000000000000e+00
0.000000000000000000e+00
0.000000000000000000e+00
0.000000000000000000e+00
0.000000000000000000e+00
0.000000000000000000e+00
0.000000000000000000e+00
0.000000000000000000e+00
0.000000000000000000e+00
0.000000000000000000e+00
0.000000000000000000e+00
0.000000000000000000e+00
-7.111111450195312500e+01
-7.111111450195312500e+01
-7.111111450195312500e+01
-7.111111450195312500e+01
-7.111111450195312500e+01
-7.111111450195312500e+01
-7.111111450195312500e+01
-7.111111450195312500e+01
-7.111111450195312500e+01
-7.111111450195312500e+01
-7.111111450195312500e+01
-7.111111450195312500e+01
-7.111111450195312500e+01
-7.111111450195312500e+01
-7.111111450195312500e+01
-7.111111450195312500e+01
-7.028571319580078125e+01
-7.028571319580078125e+01
-7.028571319580078125e+01
-7.021428680419921875e+01
-7.028571319580078125e+01
-7.035713958740234375e+01
-7.042857360839843750e+01
-7.050000000000000000e+01
-7.057142639160156250e+01
-7.064286041259765625e+01
-7.064286041259765625e+01
-7.071428680419921875e+01
-7.085713958740234375e+01
-7.100000000000000000e+01
-7.114286041259765625e+01
-7.128571319580078125e+01
-7.135713958740234375e+01
-7.150000000000000000e+01
-7.157142639160156250e+01
-7.164286041259765625e+01
-7.171428680419921875e+01
-7.178571319580078125e+01
-7.178571319580078125e+01
-7.185713958740234375e+01
-7.185713958740234375e+01
-7.192857360839843750e+01
-7.200000000000000000e+01
-7.200000000000000000e+01
-7.192857360839843750e+01
-7.185713958740234375e+01
-7.171428680419921875e+01
-7.150000000000000000e+01
-7.135713958740234375e+01
-7.128571319580078125e+01
-7.121428680419921875e+01
-7.114286041259765625e+01
-7.107142639160156250e+01
-7.092857360839843750e+01
-7.085713958740234375e+01
-7.071428680419921875e+01
-7.057142639160156250e+01
-7.042857360839843750e+01
-7.035713958740234375e+01
-7.028571319580078125e+01
-7.028571319580078125e+01
-7.035713958740234375e+01
-7.042857360839843750e+01
-7.050000000000000000e+01
-7.057142639160156250e+01
-7.057142639160156250e+01
-7.057142639160156250e+01
-7.057142639160156250e+01
-7.064286041259765625e+01
-7.078571319580078125e+01
-7.100000000000000000e+01
-7.114286041259765625e+01
-7.128571319580078125e+01
-7.150000000000000000e+01
-7.171428680419921875e+01
-7.192857360839843750e+01
-7.207142639160156250e+01
-7.214286041259765625e+01
-7.221428680419921875e+01
-7.228571319580078125e+01
-7.235713958740234375e+01
-7.235713958740234375e+01
-7.235713958740234375e+01
-7.228571319580078125e+01
-7.221428680419921875e+01
-7.200000000000000000e+01
-7.178571319580078125e+01
-7.164286041259765625e+01
-7.150000000000000000e+01
-7.128571319580078125e+01
-7.100000000000000000e+01
-7.085713958740234375e+01
-7.071428680419921875e+01
-7.064286041259765625e+01
-7.050000000000000000e+01
-7.042857360839843750e+01
-7.042857360839843750e+01
-7.035713958740234375e+01
-7.035713958740234375e+01
-7.035713958740234375e+01
-7.042857360839843750e+01
-7.057142639160156250e+01
-7.071428680419921875e+01
-7.085713958740234375e+01
-7.107142639160156250e+01
-7.135713958740234375e+01
-7.185713958740234375e+01
-7.242857360839843750e+01
-7.321428680419921875e+01
-7.414286041259765625e+01
-7.528571319580078125e+01
-7.657142639160156250e+01
-7.807142639160156250e+01
-7.985713958740234375e+01
-8.185713958740234375e+01
-8.414286041259765625e+01
-8.685713958740234375e+01
-9.000000000000000000e+01
-9.328571319580078125e+01
-9.700000000000000000e+01
-1.008571395874023438e+02
-1.049285736083984375e+02
-1.091428604125976562e+02
-1.135000000000000000e+02
-1.182142868041992188e+02
-1.241428604125976562e+02
0.000000000000000000e+00
0.000000000000000000e+00
0.000000000000000000e+00
0.000000000000000000e+00
0.000000000000000000e+00
0.000000000000000000e+00
0.000000000000000000e+00
0.000000000000000000e+00
0.000000000000000000e+00
0.000000000000000000e+00
0.000000000000000000e+00
0.000000000000000000e+00
0.000000000000000000e+00
0.000000000000000000e+00
0.000000000000000000e+00
0.000000000000000000e+00
0.000000000000000000e+00
0.000000000000000000e+00
0.000000000000000000e+00
0.000000000000000000e+00
-7.127777862548828125e+01
-7.127777862548828125e+01
-7.127777862548828125e+01
-7.127777862548828125e+01
-7.127777862548828125e+01
-7.127777862548828125e+01
-7.127777862548828125e+01
-7.127777862548828125e+01
-7.127777862548828125e+01
-7.127777862548828125e+01
-7.127777862548828125e+01
-7.127777862548828125e+01
-7.127777862548828125e+01
-7.127777862548828125e+01
-7.127777862548828125e+01
-7.127777862548828125e+01
-7.028571319580078125e+01
-7.021428680419921875e+01
-7.021428680419921875e+01
-7.028571319580078125e+01
-7.042857360839843750e+01
-7.050000000000000000e+01
-7.064286041259765625e+01
-7.078571319580078125e+01
-7.092857360839843750e+01
-7.107142639160156250e+01
-7.107142639160156250e+01
-7.107142639160156250e+01
-7.114286041259765625e+01
-7.121428680419921875e+01
-7.135713958740234375e+01
-7.150000000000000000e+01
-7.157142639160156250e+01
-7.164286041259765625e+01
-7.171428680419921875e+01
-7.171428680419921875e+01
-7.171428680419921875e+01
-7.178571319580078125e+01
-7.178571319580078125e+01
-7.178571319580078125e+01
-7.178571319580078125e+01
-7.178571319580078125e+01
-7.178571319580078125e+01
-7.178571319580078125e+01
-7.178571319580078125e+01
-7.178571319580078125e+01
-7.164286041259765625e+01
-7.150000000000000000e+01
-7.135713958740234375e+01
-7.128571319580078125e+01
-7.121428680419921875e+01
-7.107142639160156250e+01
-7.092857360839843750e+01
-7.078571319580078125e+01
-7.064286041259765625e+01
-7.050000000000000000e+01
-7.035713958740234375e+01
-7.028571319580078125e+01
-7.021428680419921875e+01
-7.021428680419921875e+01
-7.021428680419921875e+01
-7.021428680419921875e+01
-7.028571319580078125e+01
-7.035713958740234375e+01
-7.042857360839843750e+01
-7.042857360839843750e+01
-7.042857360839843750e+01
-7.042857360839843750e+01
-7.050000000000000000e+01
-7.064286041259765625e+01
-7.078571319580078125e+01
-7.092857360839843750e+01
-7.107142639160156250e+01
-7.128571319580078125e+01
-7.150000000000000000e+01
-7.164286041259765625e+01
-7.178571319580078125e+01
-7.192857360839843750e+01
-7.200000000000000000e+01
-7.207142639160156250e+01
-7.214286041259765625e+01
-7.214286041259765625e+01
-7.214286041259765625e+01
-7.214286041259765625e+01
-7.214286041259765625e+01
-7.207142639160156250e+01
-7.192857360839843750e+01
-7.178571319580078125e+01
-7.157142639160156250e+01
-7.135713958740234375e+01
-7.114286041259765625e+01
-7.100000000000000000e+01
-7.085713958740234375e+01
-7.071428680419921875e+01
-7.057142639160156250e+01
-7.042857360839843750e+01
-7.035713958740234375e+01
-7.028571319580078125e+01
-7.021428680419921875e+01
-7.021428680419921875e+01
-7.021428680419921875e+01
-7.028571319580078125e+01
-7.042857360839843750e+01
-7.057142639160156250e+01
-7.078571319580078125e+01
-7.107142639160156250e+01
-7.150000000000000000e+01
-7.200000000000000000e+01
-7.271428680419921875e+01
-7.357142639160156250e+01
-7.457142639160156250e+01
-7.578571319580078125e+01
-7.714286041259765625e+01
-7.885713958740234375e+01
-8.078571319580078125e+01
-8.300000000000000000e+01
-8.550000000000000000e+01
-8.835713958740234375e+01
-9.135713958740234375e+01
-9.464286041259765625e+01
-9.821428680419921875e+01
-1.019285736083984375e+02
-1.059285736083984375e+02
-1.101428604125976562e+02
-1.145714263916015625e+02
-1.195714263916015625e+02
-1.253571395874023438e+02
0.000000000000000000e+00
0.000000000000000000e+00
0.000000000000000000e+00
0.000000000000000000e+00
0.000000000000000000e+00
0.000000000000000000e+00
0.000000000000000000e+00
0.000000000000000000e+00
0.000000000000000000e+00
0.000000000000000000e+00
0.000000000000000000e+00
0.000000000000000000e+00
0.000000000000000000e+00
0.000000000000000000e+00
0.000000000000000000e+00
0.000000000000000000e+00
0.000000000000000000e+00
0.000000000000000000e+00
0.000000000000000000e+00
0.000000000000000000e+00
-7.122222137451171875e+01
-7.122222137451171875e+01
-7.122222137451171875e+01
-7.122222137451171875e+01
-7.122222137451171875e+01
-7.122222137451171875e+01
-7.122222137451171875e+01
-7.122222137451171875e+01
-7.122222137451171875e+01
-7.122222137451171875e+01
-7.122222137451171875e+01
-7.122222137451171875e+01
-7.122222137451171875e+01
-7.122222137451171875e+01
-7.122222137451171875e+01
-7.122222137451171875e+01
-7.028571319580078125e+01
-7.035713958740234375e+01
-7.035713958740234375e+01
-7.042857360839843750e+01
-7.042857360839843750e+01
-7.042857360839843750e+01
-7.050000000000000000e+01
-7.057142639160156250e+01
-7.064286041259765625e+01
-7.071428680419921875e+01
-7.071428680419921875e+01
-7.071428680419921875e+01
-7.078571319580078125e+01
-7.085713958740234375e+01
-7.092857360839843750e+01
-7.100000000000000000e+01
-7.100000000000000000e+01
-7.100000000000000000e+01
-7.107142639160156250e+01
-7.114286041259765625e+01
-7.114286041259765625e+01
-7.107142639160156250e+01
-7.107142639160156250e+01
-7.114286041259765625e+01
-7.121428680419921875e+01
-7.121428680419921875e+01
-7.121428680419921875e+01
-7.121428680419921875e+01
-7.121428680419921875e+01
-7.121428680419921875e+01
-7.121428680419921875e+01
-7.114286041259765625e+01
-7.107142639160156250e+01
-7.100000000000000000e+01
-7.085713958740234375e+01
-7.071428680419921875e+01
-7.064286041259765625e+01
-7.057142639160156250e+01
-7.050000000000000000e+01
-7.035713958740234375e+01
-7.028571319580078125e+01
-7.021428680419921875e+01
-7.014286041259765625e+01
-7.007142639160156250e+01
-7.007142639160156250e+01
-7.007142639160156250e+01
-7.014286041259765625e+01
-7.021428680419921875e+01
-7.028571319580078125e+01
-7.035713958740234375e+01
-7.042857360839843750e+01
-7.050000000000000000e+01
-7.057142639160156250e+01
-7.064286041259765625e+01
-7.071428680419921875e+01
-7.078571319580078125e+01
-7.085713958740234375e+01
-7.085713958740234375e+01
-7.092857360839843750e+01
-7.100000000000000000e+01
-7.100000000000000000e+01
-7.107142639160156250e+01
-7.114286041259765625e+01
-7.121428680419921875e+01
-7.128571319580078125e+01
-7.121428680419921875e+01
-7.121428680419921875e+01
-7.121428680419921875e+01
-7.121428680419921875e+01
-7.121428680419921875e+01
-7.121428680419921875e+01
-7.114286041259765625e+01
-7.107142639160156250e+01
-7.107142639160156250e+01
-7.100000000000000000e+01
-7.092857360839843750e+01
-7.085713958740234375e+01
-7.071428680419921875e+01
-7.057142639160156250e+01
-7.042857360839843750e+01
-7.035713958740234375e+01
-7.028571319580078125e+01
-7.021428680419921875e+01
-7.014286041259765625e+01
-7.014286041259765625e+01
-7.014286041259765625e+01
-7.014286041259765625e+01
-7.021428680419921875e+01
-7.035713958740234375e+01
-7.057142639160156250e+01
-7.092857360839843750e+01
-7.135713958740234375e+01
-7.192857360839843750e+01
-7.257142639160156250e+01
-7.342857360839843750e+01
-7.442857360839843750e+01
-7.571428680419921875e+01
-7.714286041259765625e+01
-7.885713958740234375e+01
-8.078571319580078125e+01
-8.307142639160156250e+01
-8.557142639160156250e+01
-8.828571319580078125e+01
-9.121428680419921875e+01
-9.435713958740234375e+01
-9.792857360839843750e+01
-1.016428604125976562e+02
-1.055714263916015625e+02
-1.097142868041992188e+02
-1.142142868041992188e+02
-1.192142868041992188e+02
-1.247857131958007812e+02
