2.013000000000000000e+03
2.009000000000000000e+03
1.997000000000000000e+03
1.980000000000000000e+03
1.957000000000000000e+03
1.929000000000000000e+03
1.897000000000000000e+03
1.862000000000000000e+03
1.825000000000000000e+03
1.784000000000000000e+03
1.743000000000000000e+03
1.702000000000000000e+03
1.658000000000000000e+03
1.612000000000000000e+03
1.566000000000000000e+03
1.520000000000000000e+03
1.473000000000000000e+03
1.425000000000000000e+03
1.377000000000000000e+03
1.327000000000000000e+03
2.860000000000000000e+02
1.890000000000000000e+02
8.800000000000000000e+01
-1.000000000000000000e+01
-1.140000000000000000e+02
-2.110000000000000000e+02
-3.090000000000000000e+02
-4.080000000000000000e+02
-5.080000000000000000e+02
-6.070000000000000000e+02
-7.070000000000000000e+02
-8.060000000000000000e+02
-9.070000000000000000e+02
-1.007000000000000000e+03
-1.108000000000000000e+03
-1.206000000000000000e+03
-1.316000000000000000e+03
-1.408000000000000000e+03
-1.509000000000000000e+03
-1.614000000000000000e+03
-1.715000000000000000e+03
-1.816000000000000000e+03
-1.917000000000000000e+03
-2.017000000000000000e+03
-2.118000000000000000e+03
-2.217000000000000000e+03
-2.317000000000000000e+03
-2.417000000000000000e+03
-2.517000000000000000e+03
-2.618000000000000000e+03
-2.718000000000000000e+03
-2.819000000000000000e+03
-2.918000000000000000e+03
-3.019000000000000000e+03
-3.118000000000000000e+03
-3.217000000000000000e+03
-3.318000000000000000e+03
-3.416000000000000000e+03
-3.516000000000000000e+03
-3.615000000000000000e+03
-3.715000000000000000e+03
-3.818000000000000000e+03
-3.915000000000000000e+03
-4.015000000000000000e+03
-4.115000000000000000e+03
-4.218000000000000000e+03
-4.316000000000000000e+03
-4.415000000000000000e+03
-4.513000000000000000e+03
-4.612000000000000000e+03
-4.712000000000000000e+03
-4.812000000000000000e+03
-4.911000000000000000e+03
-5.012000000000000000e+03
-5.112000000000000000e+03
-5.213000000000000000e+03
-5.313000000000000000e+03
-5.413000000000000000e+03
-5.514000000000000000e+03
-5.616000000000000000e+03
-5.718000000000000000e+03
-5.819000000000000000e+03
-5.919000000000000000e+03
-6.021000000000000000e+03
-6.123000000000000000e+03
-6.224000000000000000e+03
-6.323000000000000000e+03
-6.424000000000000000e+03
-6.523000000000000000e+03
-6.624000000000000000e+03
-6.724000000000000000e+03
-6.824000000000000000e+03
-6.924000000000000000e+03
-7.024000000000000000e+03
-7.124000000000000000e+03
-7.224000000000000000e+03
-7.323000000000000000e+03
-7.424000000000000000e+03
-7.522000000000000000e+03
-7.620000000000000000e+03
-7.720000000000000000e+03
-7.819000000000000000e+03
-7.919000000000000000e+03
-8.018000000000000000e+03
-8.118000000000000000e+03
-8.219000000000000000e+03
-8.324000000000000000e+03
-8.421000000000000000e+03
-8.520000000000000000e+03
-8.619000000000000000e+03
-8.717000000000000000e+03
-8.817000000000000000e+03
-8.917000000000000000e+03
-9.017000000000000000e+03
-9.118000000000000000e+03
-9.219000000000000000e+03
-9.319000000000000000e+03
-9.446000000000000000e+03
-9.519000000000000000e+03
-9.620000000000000000e+03
-9.721000000000000000e+03
-9.823000000000000000e+03
-9.924000000000000000e+03
-1.002500000000000000e+04
-1.012700000000000000e+04
-1.022700000000000000e+04
-1.032700000000000000e+04
-1.042700000000000000e+04
-1.053000000000000000e+04
-1.062900000000000000e+04
-1.072900000000000000e+04
-1.083000000000000000e+04
-1.093100000000000000e+04
-1.103100000000000000e+04
-1.113100000000000000e+04
-1.123000000000000000e+04
-1.133000000000000000e+04
-1.142900000000000000e+04
-1.152700000000000000e+04
-1.162700000000000000e+04
-1.172500000000000000e+04
-1.182600000000000000e+04
-1.192500000000000000e+04
-1.202500000000000000e+04
-1.212400000000000000e+04
-1.222400000000000000e+04
-1.232600000000000000e+04
-1.242500000000000000e+04
-1.252400000000000000e+04
-1.262600000000000000e+04
-1.272500000000000000e+04
-1.282400000000000000e+04
-1.292400000000000000e+04
-1.302400000000000000e+04
-1.312400000000000000e+04
-1.322400000000000000e+04
-1.332500000000000000e+04
-1.342500000000000000e+04
-1.352400000000000000e+04
-1.362400000000000000e+04
-1.372600000000000000e+04
-1.382800000000000000e+04
-1.393000000000000000e+04
-1.403100000000000000e+04
-1.413200000000000000e+04
-1.423300000000000000e+04
-1.433300000000000000e+04
-1.443200000000000000e+04
-1.453200000000000000e+04
-1.463300000000000000e+04
-1.473500000000000000e+04
-1.483300000000000000e+04
-1.493600000000000000e+04
-1.503700000000000000e+04
-1.513700000000000000e+04
-1.523600000000000000e+04
-1.533600000000000000e+04
-1.543500000000000000e+04
-1.553400000000000000e+04
-1.563300000000000000e+04
-1.573300000000000000e+04
-1.583100000000000000e+04
-1.593100000000000000e+04
-1.603100000000000000e+04
-1.612900000000000000e+04
-1.622900000000000000e+04
-1.632700000000000000e+04
-1.643200000000000000e+04
-1.653100000000000000e+04
-1.662900000000000000e+04
-1.672900000000000000e+04
-1.683700000000000000e+04
-1.692700000000000000e+04
-1.702900000000000000e+04
-1.712900000000000000e+04
-1.722900000000000000e+04
-1.732900000000000000e+04
-1.743000000000000000e+04
-1.753000000000000000e+04
-1.763000000000000000e+04
-1.773200000000000000e+04
-1.783200000000000000e+04
-1.793400000000000000e+04
-1.803600000000000000e+04
-1.813600000000000000e+04
-1.823700000000000000e+04
-1.833900000000000000e+04
-1.843900000000000000e+04
-1.853800000000000000e+04
-1.863800000000000000e+04
-1.873900000000000000e+04
-1.884100000000000000e+04
-1.894200000000000000e+04
-1.904200000000000000e+04
-1.914300000000000000e+04
-1.924300000000000000e+04
-1.934200000000000000e+04
-1.944200000000000000e+04
-1.954100000000000000e+04
-1.963900000000000000e+04
-1.973800000000000000e+04
-1.983800000000000000e+04
-1.993600000000000000e+04
-2.003500000000000000e+04
-2.013500000000000000e+04
-2.023300000000000000e+04
-2.033400000000000000e+04
-2.043300000000000000e+04
-2.053800000000000000e+04
-2.063700000000000000e+04
-2.073500000000000000e+04
-2.083500000000000000e+04
-2.093300000000000000e+04
-2.103500000000000000e+04
-2.113500000000000000e+04
-2.123500000000000000e+04
-2.133600000000000000e+04
-2.143500000000000000e+04
-2.153700000000000000e+04
-2.163600000000000000e+04
-2.173600000000000000e+04
-2.184600000000000000e+04
-2.193600000000000000e+04
-2.203900000000000000e+04
-2.214100000000000000e+04
-2.224200000000000000e+04
-2.234300000000000000e+04
-2.244500000000000000e+04
-2.254500000000000000e+04
-2.264400000000000000e+04
-2.274400000000000000e+04
-2.284500000000000000e+04
-2.294400000000000000e+04
-2.304400000000000000e+04
-2.314500000000000000e+04
-2.324900000000000000e+04
-2.335000000000000000e+04
-2.344900000000000000e+04
-2.354900000000000000e+04
-2.364700000000000000e+04
-2.374700000000000000e+04
-2.384400000000000000e+04
-2.394300000000000000e+04
-2.404200000000000000e+04
-2.414100000000000000e+04
-2.424100000000000000e+04
-2.434000000000000000e+04
-2.444100000000000000e+04
-2.454000000000000000e+04
-2.464500000000000000e+04
-2.474300000000000000e+04
-2.484100000000000000e+04
-2.494100000000000000e+04
-2.503900000000000000e+04
-2.513900000000000000e+04
-2.523900000000000000e+04
-2.533800000000000000e+04
-2.543900000000000000e+04
-2.553800000000000000e+04
-2.563800000000000000e+04
-2.574000000000000000e+04
-2.583800000000000000e+04
-2.593800000000000000e+04
-2.603500000000000000e+04
-2.613500000000000000e+04
-2.623300000000000000e+04
-2.633100000000000000e+04
-2.642800000000000000e+04
-2.652500000000000000e+04
-2.661900000000000000e+04
-2.671300000000000000e+04
-2.680500000000000000e+04
-2.689700000000000000e+04
-2.698800000000000000e+04
-2.708000000000000000e+04
-2.717000000000000000e+04
-2.726000000000000000e+04
-2.734800000000000000e+04
-2.743500000000000000e+04
-2.752100000000000000e+04
-2.760800000000000000e+04
2.113000000000000000e+03
2.110000000000000000e+03
2.097000000000000000e+03
2.079000000000000000e+03
2.055000000000000000e+03
2.027000000000000000e+03
1.995000000000000000e+03
1.960000000000000000e+03
1.923000000000000000e+03
1.883000000000000000e+03
1.842000000000000000e+03
1.799000000000000000e+03
1.754000000000000000e+03
1.711000000000000000e+03
1.665000000000000000e+03
1.618000000000000000e+03
1.570000000000000000e+03
1.523000000000000000e+03
1.475000000000000000e+03
1.426000000000000000e+03
3.850000000000000000e+02
2.840000000000000000e+02
1.860000000000000000e+02
8.600000000000000000e+01
-1.000000000000000000e+01
-1.180000000000000000e+02
-2.150000000000000000e+02
-3.130000000000000000e+02
-4.120000000000000000e+02
-5.120000000000000000e+02
-6.110000000000000000e+02
-7.110000000000000000e+02
-8.100000000000000000e+02
-9.110000000000000000e+02
-1.011000000000000000e+03
-1.112000000000000000e+03
-1.210000000000000000e+03
-1.310000000000000000e+03
-1.411000000000000000e+03
-1.512000000000000000e+03
-1.614000000000000000e+03
-1.715000000000000000e+03
-1.816000000000000000e+03
-1.916000000000000000e+03
-2.016000000000000000e+03
-2.117000000000000000e+03
-2.216000000000000000e+03
-2.320000000000000000e+03
-2.416000000000000000e+03
-2.519000000000000000e+03
-2.620000000000000000e+03
-2.720000000000000000e+03
-2.821000000000000000e+03
-2.920000000000000000e+03
-3.020000000000000000e+03
-3.120000000000000000e+03
-3.219000000000000000e+03
-3.320000000000000000e+03
-3.418000000000000000e+03
-3.518000000000000000e+03
-3.617000000000000000e+03
-3.717000000000000000e+03
-3.816000000000000000e+03
-3.914000000000000000e+03
-4.014000000000000000e+03
-4.113000000000000000e+03
-4.217000000000000000e+03
-4.314000000000000000e+03
-4.413000000000000000e+03
-4.512000000000000000e+03
-4.611000000000000000e+03
-4.711000000000000000e+03
-4.814000000000000000e+03
-4.913000000000000000e+03
-5.014000000000000000e+03
-5.115000000000000000e+03
-5.216000000000000000e+03
-5.316000000000000000e+03
-5.416000000000000000e+03
-5.517000000000000000e+03
-5.618000000000000000e+03
-5.721000000000000000e+03
-5.821000000000000000e+03
-5.921000000000000000e+03
-6.023000000000000000e+03
-6.123000000000000000e+03
-6.224000000000000000e+03
-6.323000000000000000e+03
-6.424000000000000000e+03
-6.523000000000000000e+03
-6.623000000000000000e+03
-6.723000000000000000e+03
-6.823000000000000000e+03
-6.924000000000000000e+03
-7.023000000000000000e+03
-7.123000000000000000e+03
-7.226000000000000000e+03
-7.326000000000000000e+03
-7.426000000000000000e+03
-7.525000000000000000e+03
-7.623000000000000000e+03
-7.723000000000000000e+03
-7.822000000000000000e+03
-7.921000000000000000e+03
-8.020000000000000000e+03
-8.120000000000000000e+03
-8.222000000000000000e+03
-8.323000000000000000e+03
-8.421000000000000000e+03
-8.520000000000000000e+03
-8.618000000000000000e+03
-8.717000000000000000e+03
-8.816000000000000000e+03
-8.917000000000000000e+03
-9.016000000000000000e+03
-9.117000000000000000e+03
-9.219000000000000000e+03
-9.318000000000000000e+03
-9.418000000000000000e+03
-9.521000000000000000e+03
-9.623000000000000000e+03
-9.724000000000000000e+03
-9.826000000000000000e+03
-9.927000000000000000e+03
-1.002800000000000000e+04
-1.013000000000000000e+04
-1.022900000000000000e+04
-1.033000000000000000e+04
-1.042900000000000000e+04
-1.052900000000000000e+04
-1.062800000000000000e+04
-1.072900000000000000e+04
-1.082900000000000000e+04
-1.093000000000000000e+04
-1.103000000000000000e+04
-1.113000000000000000e+04
-1.122900000000000000e+04
-1.132900000000000000e+04
-1.142800000000000000e+04
-1.153000000000000000e+04
-1.162900000000000000e+04
-1.172700000000000000e+04
-1.182800000000000000e+04
-1.192800000000000000e+04
-1.202800000000000000e+04
-1.212600000000000000e+04
-1.222600000000000000e+04
-1.232900000000000000e+04
-1.242800000000000000e+04
-1.252600000000000000e+04
-1.262500000000000000e+04
-1.272400000000000000e+04
-1.282300000000000000e+04
-1.292300000000000000e+04
-1.302400000000000000e+04
-1.312400000000000000e+04
-1.322300000000000000e+04
-1.332500000000000000e+04
-1.342400000000000000e+04
-1.352500000000000000e+04
-1.362400000000000000e+04
-1.372800000000000000e+04
-1.383100000000000000e+04
-1.393200000000000000e+04
-1.403300000000000000e+04
-1.413400000000000000e+04
-1.423600000000000000e+04
-1.433500000000000000e+04
-1.443500000000000000e+04
-1.453500000000000000e+04
-1.463500000000000000e+04
-1.473500000000000000e+04
-1.483600000000000000e+04
-1.493600000000000000e+04
-1.503700000000000000e+04
-1.513600000000000000e+04
-1.523600000000000000e+04
-1.533500000000000000e+04
-1.543500000000000000e+04
-1.553300000000000000e+04
-1.563200000000000000e+04
-1.573200000000000000e+04
-1.583000000000000000e+04
-1.593300000000000000e+04
-1.603300000000000000e+04
-1.613200000000000000e+04
-1.623100000000000000e+04
-1.633000000000000000e+04
-1.643400000000000000e+04
-1.653300000000000000e+04
-1.663200000000000000e+04
-1.673200000000000000e+04
-1.683000000000000000e+04
-1.693000000000000000e+04
-1.702900000000000000e+04
-1.712900000000000000e+04
-1.722900000000000000e+04
-1.732800000000000000e+04
-1.743000000000000000e+04
-1.753000000000000000e+04
-1.763000000000000000e+04
-1.773100000000000000e+04
-1.783100000000000000e+04
-1.793300000000000000e+04
-1.803500000000000000e+04
-1.813600000000000000e+04
-1.823900000000000000e+04
-1.834100000000000000e+04
-1.844100000000000000e+04
-1.854100000000000000e+04
-1.864100000000000000e+04
-1.874100000000000000e+04
-1.884100000000000000e+04
-1.894200000000000000e+04
-1.904100000000000000e+04
-1.914200000000000000e+04
-1.924200000000000000e+04
-1.934100000000000000e+04
-1.944100000000000000e+04
-1.954000000000000000e+04
-1.963900000000000000e+04
-1.973800000000000000e+04
-1.983700000000000000e+04
-1.993600000000000000e+04
-2.003500000000000000e+04
-2.013500000000000000e+04
-2.023300000000000000e+04
-2.033700000000000000e+04
-2.043600000000000000e+04
-2.054100000000000000e+04
-2.064000000000000000e+04
-2.073800000000000000e+04
-2.083700000000000000e+04
-2.093600000000000000e+04
-2.103500000000000000e+04
-2.113500000000000000e+04
-2.123400000000000000e+04
-2.133500000000000000e+04
-2.143400000000000000e+04
-2.153600000000000000e+04
-2.163500000000000000e+04
-2.173500000000000000e+04
-2.183600000000000000e+04
-2.193600000000000000e+04
-2.203800000000000000e+04
-2.214000000000000000e+04
-2.224100000000000000e+04
-2.234300000000000000e+04
-2.244400000000000000e+04
-2.254400000000000000e+04
-2.264400000000000000e+04
-2.274700000000000000e+04
-2.284700000000000000e+04
-2.294600000000000000e+04
-2.304600000000000000e+04
-2.314700000000000000e+04
-2.324800000000000000e+04
-2.334900000000000000e+04
-2.344900000000000000e+04
-2.354800000000000000e+04
-2.364700000000000000e+04
-2.374700000000000000e+04
-2.384400000000000000e+04
-2.394300000000000000e+04
-2.404100000000000000e+04
-2.414100000000000000e+04
-2.424100000000000000e+04
-2.434000000000000000e+04
-2.444000000000000000e+04
-2.454000000000000000e+04
-2.464500000000000000e+04
-2.474300000000000000e+04
-2.484000000000000000e+04
-2.494000000000000000e+04
-2.503900000000000000e+04
-2.513800000000000000e+04
-2.524200000000000000e+04
-2.534100000000000000e+04
-2.543800000000000000e+04
-2.553800000000000000e+04
-2.564100000000000000e+04
-2.574000000000000000e+04
-2.583800000000000000e+04
-2.593700000000000000e+04
-2.603400000000000000e+04
-2.613300000000000000e+04
-2.623200000000000000e+04
-2.632900000000000000e+04
-2.642600000000000000e+04
-2.652300000000000000e+04
-2.661700000000000000e+04
-2.671100000000000000e+04
-2.680400000000000000e+04
-2.689900000000000000e+04
-2.699200000000000000e+04
-2.708500000000000000e+04
-2.717700000000000000e+04
-2.726700000000000000e+04
-2.735700000000000000e+04
-2.744600000000000000e+04
-2.753300000000000000e+04
-2.762200000000000000e+04
-2.770700000000000000e+04
2.212000000000000000e+03
2.208000000000000000e+03
2.196000000000000000e+03
2.178000000000000000e+03
2.153000000000000000e+03
2.125000000000000000e+03
2.094000000000000000e+03
2.058000000000000000e+03
2.021000000000000000e+03
1.981000000000000000e+03
1.940000000000000000e+03
1.898000000000000000e+03
1.853000000000000000e+03
1.808000000000000000e+03
1.761000000000000000e+03
1.715000000000000000e+03
1.668000000000000000e+03
1.621000000000000000e+03
1.572000000000000000e+03
1.524000000000000000e+03
4.830000000000000000e+02
3.830000000000000000e+02
2.850000000000000000e+02
1.870000000000000000e+02
8.700000000000000000e+01
-1.300000000000000000e+01
-1.170000000000000000e+02
-2.130000000000000000e+02
-3.110000000000000000e+02
-4.110000000000000000e+02
-5.110000000000000000e+02
-6.100000000000000000e+02
-7.100000000000000000e+02
-8.100000000000000000e+02
-9.100000000000000000e+02
-1.014000000000000000e+03
-1.115000000000000000e+03
-1.213000000000000000e+03
-1.313000000000000000e+03
-1.413000000000000000e+03
-1.515000000000000000e+03
-1.617000000000000000e+03
-1.717000000000000000e+03
-1.818000000000000000e+03
-1.919000000000000000e+03
-2.019000000000000000e+03
-2.119000000000000000e+03
-2.218000000000000000e+03
-2.319000000000000000e+03
-2.418000000000000000e+03
-2.519000000000000000e+03
-2.619000000000000000e+03
-2.719000000000000000e+03
-2.820000000000000000e+03
-2.919000000000000000e+03
-3.019000000000000000e+03
-3.119000000000000000e+03
-3.218000000000000000e+03
-3.322000000000000000e+03
-3.420000000000000000e+03
-3.520000000000000000e+03
-3.620000000000000000e+03
-3.719000000000000000e+03
-3.818000000000000000e+03
-3.916000000000000000e+03
-4.016000000000000000e+03
-4.116000000000000000e+03
-4.219000000000000000e+03
-4.317000000000000000e+03
-4.415000000000000000e+03
-4.515000000000000000e+03
-4.613000000000000000e+03
-4.713000000000000000e+03
-4.813000000000000000e+03
-4.912000000000000000e+03
-5.013000000000000000e+03
-5.114000000000000000e+03
-5.215000000000000000e+03
-5.315000000000000000e+03
-5.415000000000000000e+03
-5.519000000000000000e+03
-5.620000000000000000e+03
-5.722000000000000000e+03
-5.823000000000000000e+03
-5.924000000000000000e+03
-6.025000000000000000e+03
-6.124000000000000000e+03
-6.225000000000000000e+03
-6.325000000000000000e+03
-6.426000000000000000e+03
-6.525000000000000000e+03
-6.625000000000000000e+03
-6.725000000000000000e+03
-6.825000000000000000e+03
-6.926000000000000000e+03
-7.025000000000000000e+03
-7.125000000000000000e+03
-7.225000000000000000e+03
-7.325000000000000000e+03
-7.425000000000000000e+03
-7.524000000000000000e+03
-7.622000000000000000e+03
-7.722000000000000000e+03
-7.821000000000000000e+03
-7.921000000000000000e+03
-8.019000000000000000e+03
-8.120000000000000000e+03
-8.221000000000000000e+03
-8.322000000000000000e+03
-8.424000000000000000e+03
-8.522000000000000000e+03
-8.621000000000000000e+03
-8.719000000000000000e+03
-8.819000000000000000e+03
-8.919000000000000000e+03
-9.019000000000000000e+03
-9.119000000000000000e+03
-9.221000000000000000e+03
-9.321000000000000000e+03
-9.421000000000000000e+03
-9.521000000000000000e+03
-9.622000000000000000e+03
-9.723000000000000000e+03
-9.825000000000000000e+03
-9.926000000000000000e+03
-1.002700000000000000e+04
-1.012900000000000000e+04
-1.022900000000000000e+04
-1.032900000000000000e+04
-1.042800000000000000e+04
-1.053200000000000000e+04
-1.063100000000000000e+04
-1.072800000000000000e+04
-1.082800000000000000e+04
-1.093200000000000000e+04
-1.103300000000000000e+04
-1.113200000000000000e+04
-1.123200000000000000e+04
-1.133200000000000000e+04
-1.143000000000000000e+04
-1.153000000000000000e+04
-1.162900000000000000e+04
-1.172700000000000000e+04
-1.182800000000000000e+04
-1.192700000000000000e+04
-1.202700000000000000e+04
-1.212600000000000000e+04
-1.222500000000000000e+04
-1.232800000000000000e+04
-1.243700000000000000e+04
-1.252500000000000000e+04
-1.262400000000000000e+04
-1.272300000000000000e+04
-1.282300000000000000e+04
-1.292300000000000000e+04
-1.302200000000000000e+04
-1.312300000000000000e+04
-1.322200000000000000e+04
-1.332400000000000000e+04
-1.342400000000000000e+04
-1.352400000000000000e+04
-1.362300000000000000e+04
-1.372400000000000000e+04
-1.383000000000000000e+04
-1.393100000000000000e+04
-1.403300000000000000e+04
-1.413300000000000000e+04
-1.423500000000000000e+04
-1.433400000000000000e+04
-1.443400000000000000e+04
-1.453400000000000000e+04
-1.463400000000000000e+04
-1.473400000000000000e+04
-1.483500000000000000e+04
-1.493500000000000000e+04
-1.503600000000000000e+04
-1.513600000000000000e+04
-1.523500000000000000e+04
-1.533400000000000000e+04
-1.543400000000000000e+04
-1.553200000000000000e+04
-1.563100000000000000e+04
-1.573100000000000000e+04
-1.583000000000000000e+04
-1.593000000000000000e+04
-1.602900000000000000e+04
-1.612900000000000000e+04
-1.622700000000000000e+04
-1.632600000000000000e+04
-1.643100000000000000e+04
-1.653300000000000000e+04
-1.663200000000000000e+04
-1.673100000000000000e+04
-1.682900000000000000e+04
-1.692900000000000000e+04
-1.702900000000000000e+04
-1.712800000000000000e+04
-1.723200000000000000e+04
-1.732800000000000000e+04
-1.743000000000000000e+04
-1.752900000000000000e+04
-1.762900000000000000e+04
-1.773100000000000000e+04
-1.783000000000000000e+04
-1.793300000000000000e+04
-1.803400000000000000e+04
-1.813500000000000000e+04
-1.823600000000000000e+04
-1.833700000000000000e+04
-1.843700000000000000e+04
-1.853700000000000000e+04
-1.863700000000000000e+04
-1.873700000000000000e+04
-1.883700000000000000e+04
-1.893700000000000000e+04
-1.903700000000000000e+04
-1.913800000000000000e+04
-1.923800000000000000e+04
-1.933800000000000000e+04
-1.944000000000000000e+04
-1.954000000000000000e+04
-1.963900000000000000e+04
-1.973700000000000000e+04
-1.983700000000000000e+04
-1.993500000000000000e+04
-2.003400000000000000e+04
-2.013400000000000000e+04
-2.023300000000000000e+04
-2.033300000000000000e+04
-2.043200000000000000e+04
-2.053700000000000000e+04
-2.063600000000000000e+04
-2.073400000000000000e+04
-2.083400000000000000e+04
-2.093200000000000000e+04
-2.103100000000000000e+04
-2.113100000000000000e+04
-2.123000000000000000e+04
-2.133100000000000000e+04
-2.143100000000000000e+04
-2.153300000000000000e+04
-2.163200000000000000e+04
-2.173100000000000000e+04
-2.183300000000000000e+04
-2.193500000000000000e+04
-2.203700000000000000e+04
-2.213900000000000000e+04
-2.224100000000000000e+04
-2.234200000000000000e+04
-2.244400000000000000e+04
-2.254300000000000000e+04
-2.264300000000000000e+04
-2.274300000000000000e+04
-2.284300000000000000e+04
-2.294200000000000000e+04
-2.304200000000000000e+04
-2.314300000000000000e+04
-2.324500000000000000e+04
-2.334500000000000000e+04
-2.344500000000000000e+04
-2.354500000000000000e+04
-2.364300000000000000e+04
-2.374200000000000000e+04
-2.384000000000000000e+04
-2.393900000000000000e+04
-2.403800000000000000e+04
-2.413700000000000000e+04
-2.423800000000000000e+04
-2.433600000000000000e+04
-2.444000000000000000e+04
-2.453800000000000000e+04
-2.464300000000000000e+04
-2.474200000000000000e+04
-2.484000000000000000e+04
-2.493900000000000000e+04
-2.503800000000000000e+04
-2.513700000000000000e+04
-2.523800000000000000e+04
-2.533700000000000000e+04
-2.543800000000000000e+04
-2.553700000000000000e+04
-2.563700000000000000e+04
-2.573600000000000000e+04
-2.583400000000000000e+04
-2.593400000000000000e+04
-2.603100000000000000e+04
-2.613000000000000000e+04
-2.623000000000000000e+04
-2.632700000000000000e+04
-2.642400000000000000e+04
-2.652100000000000000e+04
-2.661600000000000000e+04
-2.671400000000000000e+04
-2.680700000000000000e+04
-2.690200000000000000e+04
-2.699300000000000000e+04
-2.708500000000000000e+04
-2.717600000000000000e+04
-2.726600000000000000e+04
-2.735500000000000000e+04
-2.744200000000000000e+04
-2.752900000000000000e+04
-2.761700000000000000e+04
-2.770500000000000000e+04
