0.000000000000000000e+00
0.000000000000000000e+00
0.000000000000000000e+00
0.000000000000000000e+00
0.000000000000000000e+00
0.000000000000000000e+00
0.000000000000000000e+00
0.000000000000000000e+00
0.000000000000000000e+00
0.000000000000000000e+00
0.000000000000000000e+00
0.000000000000000000e+00
0.000000000000000000e+00
0.000000000000000000e+00
0.000000000000000000e+00
0.000000000000000000e+00
0.000000000000000000e+00
0.000000000000000000e+00
0.000000000000000000e+00
0.000000000000000000e+00
-7.122222137451171875e+01
-7.122222137451171875e+01
-7.122222137451171875e+01
-7.122222137451171875e+01
-7.122222137451171875e+01
-7.122222137451171875e+01
-7.122222137451171875e+01
-7.122222137451171875e+01
-7.122222137451171875e+01
-7.122222137451171875e+01
-7.122222137451171875e+01
-7.122222137451171875e+01
-7.122222137451171875e+01
-7.122222137451171875e+01
-7.122222137451171875e+01
-7.122222137451171875e+01
-7.021428680419921875e+01
-7.021428680419921875e+01
-7.028571319580078125e+01
-7.035713958740234375e+01
-7.050000000000000000e+01
-7.064286041259765625e+01
-7.078571319580078125e+01
-7.092857360839843750e+01
-7.107142639160156250e+01
-7.121428680419921875e+01
-7.142857360839843750e+01
-7.157142639160156250e+01
-7.178571319580078125e+01
-7.207142639160156250e+01
-7.228571319580078125e+01
-7.250000000000000000e+01
-7.264286041259765625e+01
-7.278571319580078125e+01
-7.278571319580078125e+01
-7.278571319580078125e+01
-7.278571319580078125e+01
-7.278571319580078125e+01
-7.278571319580078125e+01
-7.271428680419921875e+01
-7.271428680419921875e+01
-7.257142639160156250e+01
-7.242857360839843750e+01
-7.221428680419921875e+01
-7.207142639160156250e+01
-7.178571319580078125e+01
-7.157142639160156250e+01
-7.142857360839843750e+01
-7.121428680419921875e+01
-7.114286041259765625e+01
-7.107142639160156250e+01
-7.100000000000000000e+01
-7.092857360839843750e+01
-7.078571319580078125e+01
-7.071428680419921875e+01
-7.064286041259765625e+01
-7.064286041259765625e+01
-7.064286041259765625e+01
-7.064286041259765625e+01
-7.064286041259765625e+01
-7.071428680419921875e+01
-7.078571319580078125e+01
-7.078571319580078125e+01
-7.085713958740234375e+01
-7.092857360839843750e+01
-7.100000000000000000e+01
-7.107142639160156250e+01
-7.114286041259765625e+01
-7.128571319580078125e+01
-7.150000000000000000e+01
-7.171428680419921875e+01
-7.192857360839843750e+01
-7.207142639160156250e+01
-7.221428680419921875e+01
-7.235713958740234375e+01
-7.242857360839843750e+01
-7.250000000000000000e+01
-7.250000000000000000e+01
-7.257142639160156250e+01
-7.250000000000000000e+01
-7.264286041259765625e+01
-7.271428680419921875e+01
-7.264286041259765625e+01
-7.257142639160156250e+01
-7.242857360839843750e+01
-7.228571319580078125e+01
-7.207142639160156250e+01
-7.185713958740234375e+01
-7.164286041259765625e+01
-7.142857360839843750e+01
-7.121428680419921875e+01
-7.114286041259765625e+01
-7.107142639160156250e+01
-7.100000000000000000e+01
-7.092857360839843750e+01
-7.092857360839843750e+01
-7.078571319580078125e+01
-7.078571319580078125e+01
-7.078571319580078125e+01
-7.092857360839843750e+01
-7.107142639160156250e+01
-7.121428680419921875e+01
-7.157142639160156250e+01
-7.207142639160156250e+01
-7.285713958740234375e+01
-7.385713958740234375e+01
-7.500000000000000000e+01
-7.628571319580078125e+01
-7.778571319580078125e+01
-7.964286041259765625e+01
-8.178571319580078125e+01
-8.435713958740234375e+01
-8.764286041259765625e+01
-9.142857360839843750e+01
-9.578571319580078125e+01
-1.011428604125976562e+02
-1.067857131958007812e+02
0.000000000000000000e+00
0.000000000000000000e+00
0.000000000000000000e+00
0.000000000000000000e+00
0.000000000000000000e+00
0.000000000000000000e+00
0.000000000000000000e+00
0.000000000000000000e+00
0.000000000000000000e+00
0.000000000000000000e+00
0.000000000000000000e+00
0.000000000000000000e+00
0.000000000000000000e+00
0.000000000000000000e+00
0.000000000000000000e+00
0.000000000000000000e+00
0.000000000000000000e+00
0.000000000000000000e+00
0.000000000000000000e+00
0.000000000000000000e+00
-7.138888549804687500e+01
-7.138888549804687500e+01
-7.138888549804687500e+01
-7.138888549804687500e+01
-7.138888549804687500e+01
-7.138888549804687500e+01
-7.138888549804687500e+01
-7.138888549804687500e+01
-7.138888549804687500e+01
-7.138888549804687500e+01
-7.138888549804687500e+01
-7.138888549804687500e+01
-7.138888549804687500e+01
-7.138888549804687500e+01
-7.138888549804687500e+01
-7.138888549804687500e+01
-7.028571319580078125e+01
-7.035713958740234375e+01
-7.042857360839843750e+01
-7.050000000000000000e+01
-7.064286041259765625e+01
-7.071428680419921875e+01
-7.078571319580078125e+01
-7.092857360839843750e+01
-7.092857360839843750e+01
-7.100000000000000000e+01
-7.114286041259765625e+01
-7.128571319580078125e+01
-7.135713958740234375e+01
-7.150000000000000000e+01
-7.164286041259765625e+01
-7.178571319580078125e+01
-7.192857360839843750e+01
-7.200000000000000000e+01
-7.207142639160156250e+01
-7.207142639160156250e+01
-7.207142639160156250e+01
-7.214286041259765625e+01
-7.221428680419921875e+01
-7.221428680419921875e+01
-7.221428680419921875e+01
-7.221428680419921875e+01
-7.214286041259765625e+01
-7.200000000000000000e+01
-7.178571319580078125e+01
-7.164286041259765625e+01
-7.142857360839843750e+01
-7.121428680419921875e+01
-7.114286041259765625e+01
-7.107142639160156250e+01
-7.092857360839843750e+01
-7.085713958740234375e+01
-7.078571319580078125e+01
-7.071428680419921875e+01
-7.057142639160156250e+01
-7.057142639160156250e+01
-7.050000000000000000e+01
-7.050000000000000000e+01
-7.057142639160156250e+01
-7.064286041259765625e+01
-7.071428680419921875e+01
-7.071428680419921875e+01
-7.078571319580078125e+01
-7.092857360839843750e+01
-7.100000000000000000e+01
-7.107142639160156250e+01
-7.121428680419921875e+01
-7.128571319580078125e+01
-7.135713958740234375e+01
-7.142857360839843750e+01
-7.164286041259765625e+01
-7.178571319580078125e+01
-7.192857360839843750e+01
-7.207142639160156250e+01
-7.221428680419921875e+01
-7.228571319580078125e+01
-7.235713958740234375e+01
-7.235713958740234375e+01
-7.235713958740234375e+01
-7.235713958740234375e+01
-7.228571319580078125e+01
-7.221428680419921875e+01
-7.214286041259765625e+01
-7.207142639160156250e+01
-7.200000000000000000e+01
-7.178571319580078125e+01
-7.157142639160156250e+01
-7.135713958740234375e+01
-7.114286041259765625e+01
-7.100000000000000000e+01
-7.092857360839843750e+01
-7.078571319580078125e+01
-7.064286041259765625e+01
-7.050000000000000000e+01
-7.050000000000000000e+01
-7.042857360839843750e+01
-7.042857360839843750e+01
-7.042857360839843750e+01
-7.042857360839843750e+01
-7.057142639160156250e+01
-7.071428680419921875e+01
-7.092857360839843750e+01
-7.121428680419921875e+01
-7.164286041259765625e+01
-7.228571319580078125e+01
-7.307142639160156250e+01
-7.400000000000000000e+01
-7.507142639160156250e+01
-7.628571319580078125e+01
-7.778571319580078125e+01
-7.957142639160156250e+01
-8.171428680419921875e+01
-8.435713958740234375e+01
-8.742857360839843750e+01
-9.100000000000000000e+01
-9.521428680419921875e+01
-9.942857360839843750e+01
-1.035714263916015625e+02
0.000000000000000000e+00
0.000000000000000000e+00
0.000000000000000000e+00
0.000000000000000000e+00
0.000000000000000000e+00
0.000000000000000000e+00
0.000000000000000000e+00
0.000000000000000000e+00
0.000000000000000000e+00
0.000000000000000000e+00
0.000000000000000000e+00
0.000000000000000000e+00
0.000000000000000000e+00
0.000000000000000000e+00
0.000000000000000000e+00
0.000000000000000000e+00
0.000000000000000000e+00
0.000000000000000000e+00
0.000000000000000000e+00
0.000000000000000000e+00
-7.133333587646484375e+01
-7.133333587646484375e+01
-7.133333587646484375e+01
-7.133333587646484375e+01
-7.133333587646484375e+01
-7.133333587646484375e+01
-7.133333587646484375e+01
-7.133333587646484375e+01
-7.133333587646484375e+01
-7.133333587646484375e+01
-7.133333587646484375e+01
-7.133333587646484375e+01
-7.133333587646484375e+01
-7.133333587646484375e+01
-7.133333587646484375e+01
-7.133333587646484375e+01
-7.050000000000000000e+01
-7.050000000000000000e+01
-7.057142639160156250e+01
-7.064286041259765625e+01
-7.078571319580078125e+01
-7.085713958740234375e+01
-7.100000000000000000e+01
-7.114286041259765625e+01
-7.121428680419921875e+01
-7.121428680419921875e+01
-7.128571319580078125e+01
-7.135713958740234375e+01
-7.142857360839843750e+01
-7.157142639160156250e+01
-7.171428680419921875e+01
-7.185713958740234375e+01
-7.200000000000000000e+01
-7.214286041259765625e+01
-7.214286041259765625e+01
-7.221428680419921875e+01
-7.228571319580078125e+01
-7.242857360839843750e+01
-7.250000000000000000e+01
-7.250000000000000000e+01
-7.257142639160156250e+01
-7.257142639160156250e+01
-7.250000000000000000e+01
-7.235713958740234375e+01
-7.214286041259765625e+01
-7.192857360839843750e+01
-7.171428680419921875e+01
-7.157142639160156250e+01
-7.135713958740234375e+01
-7.114286041259765625e+01
-7.107142639160156250e+01
-7.100000000000000000e+01
-7.085713958740234375e+01
-7.064286041259765625e+01
-7.057142639160156250e+01
-7.042857360839843750e+01
-7.042857360839843750e+01
-7.042857360839843750e+01
-7.050000000000000000e+01
-7.057142639160156250e+01
-7.064286041259765625e+01
-7.071428680419921875e+01
-7.078571319580078125e+01
-7.078571319580078125e+01
-7.085713958740234375e+01
-7.092857360839843750e+01
-7.092857360839843750e+01
-7.100000000000000000e+01
-7.107142639160156250e+01
-7.121428680419921875e+01
-7.128571319580078125e+01
-7.135713958740234375e+01
-7.150000000000000000e+01
-7.164286041259765625e+01
-7.178571319580078125e+01
-7.185713958740234375e+01
-7.192857360839843750e+01
-7.200000000000000000e+01
-7.207142639160156250e+01
-7.214286041259765625e+01
-7.214286041259765625e+01
-7.214286041259765625e+01
-7.207142639160156250e+01
-7.200000000000000000e+01
-7.192857360839843750e+01
-7.178571319580078125e+01
-7.164286041259765625e+01
-7.142857360839843750e+01
-7.121428680419921875e+01
-7.100000000000000000e+01
-7.085713958740234375e+01
-7.071428680419921875e+01
-7.057142639160156250e+01
-7.050000000000000000e+01
-7.042857360839843750e+01
-7.035713958740234375e+01
-7.028571319580078125e+01
-7.028571319580078125e+01
-7.028571319580078125e+01
-7.035713958740234375e+01
-7.050000000000000000e+01
-7.064286041259765625e+01
-7.085713958740234375e+01
-7.121428680419921875e+01
-7.171428680419921875e+01
-7.235713958740234375e+01
-7.314286041259765625e+01
-7.407142639160156250e+01
-7.507142639160156250e+01
-7.621428680419921875e+01
-7.764286041259765625e+01
-7.942857360839843750e+01
-8.142857360839843750e+01
-8.385713958740234375e+01
-8.671428680419921875e+01
-8.992857360839843750e+01
-9.335713958740234375e+01
-9.700000000000000000e+01
-1.010714263916015625e+02
-1.052142868041992188e+02
0.000000000000000000e+00
0.000000000000000000e+00
0.000000000000000000e+00
0.000000000000000000e+00
0.000000000000000000e+00
0.000000000000000000e+00
0.000000000000000000e+00
0.000000000000000000e+00
0.000000000000000000e+00
0.000000000000000000e+00
0.000000000000000000e+00
0.000000000000000000e+00
0.000000000000000000e+00
0.000000000000000000e+00
0.000000000000000000e+00
0.000000000000000000e+00
0.000000000000000000e+00
0.000000000000000000e+00
0.000000000000000000e+00
0.000000000000000000e+00
-7.122222137451171875e+01
-7.122222137451171875e+01
-7.122222137451171875e+01
-7.122222137451171875e+01
-7.122222137451171875e+01
-7.122222137451171875e+01
-7.122222137451171875e+01
-7.122222137451171875e+01
-7.122222137451171875e+01
-7.122222137451171875e+01
-7.122222137451171875e+01
-7.122222137451171875e+01
-7.122222137451171875e+01
-7.122222137451171875e+01
-7.122222137451171875e+01
-7.122222137451171875e+01
-7.021428680419921875e+01
-7.021428680419921875e+01
-7.014286041259765625e+01
-7.021428680419921875e+01
-7.035713958740234375e+01
-7.050000000000000000e+01
-7.057142639160156250e+01
-7.064286041259765625e+01
-7.071428680419921875e+01
-7.071428680419921875e+01
-7.078571319580078125e+01
-7.085713958740234375e+01
-7.100000000000000000e+01
-7.114286041259765625e+01
-7.128571319580078125e+01
-7.142857360839843750e+01
-7.164286041259765625e+01
-7.178571319580078125e+01
-7.192857360839843750e+01
-7.192857360839843750e+01
-7.192857360839843750e+01
-7.192857360839843750e+01
-7.200000000000000000e+01
-7.207142639160156250e+01
-7.214286041259765625e+01
-7.221428680419921875e+01
-7.221428680419921875e+01
-7.221428680419921875e+01
-7.214286041259765625e+01
-7.200000000000000000e+01
-7.178571319580078125e+01
-7.157142639160156250e+01
-7.135713958740234375e+01
-7.121428680419921875e+01
-7.107142639160156250e+01
-7.100000000000000000e+01
-7.085713958740234375e+01
-7.071428680419921875e+01
-7.057142639160156250e+01
-7.042857360839843750e+01
-7.028571319580078125e+01
-7.021428680419921875e+01
-7.014286041259765625e+01
-7.014286041259765625e+01
-7.021428680419921875e+01
-7.028571319580078125e+01
-7.028571319580078125e+01
-7.035713958740234375e+01
-7.042857360839843750e+01
-7.042857360839843750e+01
-7.050000000000000000e+01
-7.050000000000000000e+01
-7.064286041259765625e+01
-7.078571319580078125e+01
-7.092857360839843750e+01
-7.114286041259765625e+01
-7.128571319580078125e+01
-7.150000000000000000e+01
-7.171428680419921875e+01
-7.178571319580078125e+01
-7.185713958740234375e+01
-7.192857360839843750e+01
-7.200000000000000000e+01
-7.207142639160156250e+01
-7.214286041259765625e+01
-7.214286041259765625e+01
-7.214286041259765625e+01
-7.207142639160156250e+01
-7.192857360839843750e+01
-7.178571319580078125e+01
-7.157142639160156250e+01
-7.135713958740234375e+01
-7.121428680419921875e+01
-7.100000000000000000e+01
-7.085713958740234375e+01
-7.078571319580078125e+01
-7.071428680419921875e+01
-7.064286041259765625e+01
-7.057142639160156250e+01
-7.050000000000000000e+01
-7.042857360839843750e+01
-7.035713958740234375e+01
-7.035713958740234375e+01
-7.042857360839843750e+01
-7.057142639160156250e+01
-7.071428680419921875e+01
-7.085713958740234375e+01
-7.107142639160156250e+01
-7.142857360839843750e+01
-7.185713958740234375e+01
-7.242857360839843750e+01
-7.307142639160156250e+01
-7.385713958740234375e+01
-7.471428680419921875e+01
-7.578571319580078125e+01
-7.714286041259765625e+01
-7.878571319580078125e+01
-8.078571319580078125e+01
-8.314286041259765625e+01
-8.592857360839843750e+01
-8.907142639160156250e+01
-9.235713958740234375e+01
-9.592857360839843750e+01
-1.000000000000000000e+02
-1.041428604125976562e+02
