0.000000000000000000e+00
0.000000000000000000e+00
0.000000000000000000e+00
0.000000000000000000e+00
0.000000000000000000e+00
0.000000000000000000e+00
0.000000000000000000e+00
0.000000000000000000e+00
0.000000000000000000e+00
0.000000000000000000e+00
0.000000000000000000e+00
0.000000000000000000e+00
0.000000000000000000e+00
0.000000000000000000e+00
0.000000000000000000e+00
0.000000000000000000e+00
0.000000000000000000e+00
0.000000000000000000e+00
0.000000000000000000e+00
0.000000000000000000e+00
-7.038888549804687500e+01
-7.038888549804687500e+01
-7.038888549804687500e+01
-7.038888549804687500e+01
-7.038888549804687500e+01
-7.038888549804687500e+01
-7.038888549804687500e+01
-7.038888549804687500e+01
-7.038888549804687500e+01
-7.038888549804687500e+01
-7.038888549804687500e+01
-7.038888549804687500e+01
-7.038888549804687500e+01
-7.038888549804687500e+01
-7.038888549804687500e+01
-7.038888549804687500e+01
-7.000000000000000000e+01
-7.000000000000000000e+01
-7.007142639160156250e+01
-7.014286041259765625e+01
-7.021428680419921875e+01
-7.042857360839843750e+01
-7.071428680419921875e+01
-7.092857360839843750e+01
-7.114286041259765625e+01
-7.135713958740234375e+01
-7.150000000000000000e+01
-7.164286041259765625e+01
-7.178571319580078125e+01
-7.185713958740234375e+01
-7.200000000000000000e+01
-7.200000000000000000e+01
-7.207142639160156250e+01
-7.207142639160156250e+01
-7.207142639160156250e+01
-7.207142639160156250e+01
-7.192857360839843750e+01
-7.171428680419921875e+01
-7.150000000000000000e+01
-7.128571319580078125e+01
-7.107142639160156250e+01
-7.092857360839843750e+01
-7.078571319580078125e+01
-7.064286041259765625e+01
-7.050000000000000000e+01
-7.035713958740234375e+01
-7.028571319580078125e+01
-7.021428680419921875e+01
-7.014286041259765625e+01
-7.007142639160156250e+01
-7.007142639160156250e+01
-7.007142639160156250e+01
-7.014286041259765625e+01
-7.021428680419921875e+01
-7.028571319580078125e+01
-7.042857360839843750e+01
-7.057142639160156250e+01
-7.064286041259765625e+01
-7.071428680419921875e+01
-7.085713958740234375e+01
-7.100000000000000000e+01
-7.114286041259765625e+01
-7.128571319580078125e+01
-7.142857360839843750e+01
-7.164286041259765625e+01
-7.171428680419921875e+01
-7.185713958740234375e+01
-7.192857360839843750e+01
-7.200000000000000000e+01
-7.200000000000000000e+01
-7.207142639160156250e+01
-7.207142639160156250e+01
-7.200000000000000000e+01
-7.200000000000000000e+01
-7.200000000000000000e+01
-7.192857360839843750e+01
-7.185713958740234375e+01
-7.171428680419921875e+01
-7.157142639160156250e+01
-7.135713958740234375e+01
-7.114286041259765625e+01
-7.100000000000000000e+01
-7.085713958740234375e+01
-7.071428680419921875e+01
-7.057142639160156250e+01
-7.042857360839843750e+01
-7.028571319580078125e+01
-7.021428680419921875e+01
-7.007142639160156250e+01
-7.000000000000000000e+01
-6.992857360839843750e+01
-7.000000000000000000e+01
-7.000000000000000000e+01
-7.007142639160156250e+01
-7.014286041259765625e+01
-7.028571319580078125e+01
-7.042857360839843750e+01
-7.057142639160156250e+01
-7.078571319580078125e+01
-7.092857360839843750e+01
-7.107142639160156250e+01
-7.121428680419921875e+01
-7.135713958740234375e+01
-7.150000000000000000e+01
-7.164286041259765625e+01
-7.185713958740234375e+01
-7.200000000000000000e+01
-7.214286041259765625e+01
-7.214286041259765625e+01
-7.221428680419921875e+01
-7.221428680419921875e+01
-7.221428680419921875e+01
-7.221428680419921875e+01
-7.214286041259765625e+01
-7.207142639160156250e+01
-7.200000000000000000e+01
-7.192857360839843750e+01
-7.178571319580078125e+01
-7.164286041259765625e+01
-7.150000000000000000e+01
-7.128571319580078125e+01
-7.100000000000000000e+01
-7.071428680419921875e+01
-7.050000000000000000e+01
-7.035713958740234375e+01
-7.021428680419921875e+01
-7.014286041259765625e+01
-7.007142639160156250e+01
-6.992857360839843750e+01
-6.985713958740234375e+01
-6.978571319580078125e+01
-6.971428680419921875e+01
-6.978571319580078125e+01
-6.985713958740234375e+01
-7.000000000000000000e+01
-7.021428680419921875e+01
-7.035713958740234375e+01
-7.057142639160156250e+01
-7.078571319580078125e+01
-7.100000000000000000e+01
-7.114286041259765625e+01
-7.128571319580078125e+01
-7.135713958740234375e+01
-7.150000000000000000e+01
-7.164286041259765625e+01
-7.185713958740234375e+01
-7.207142639160156250e+01
-7.221428680419921875e+01
-7.228571319580078125e+01
-7.228571319580078125e+01
-7.228571319580078125e+01
-7.228571319580078125e+01
-7.228571319580078125e+01
-7.228571319580078125e+01
-7.221428680419921875e+01
-7.207142639160156250e+01
-7.200000000000000000e+01
-7.192857360839843750e+01
-7.178571319580078125e+01
-7.164286041259765625e+01
-7.150000000000000000e+01
-7.121428680419921875e+01
-7.092857360839843750e+01
-7.064286041259765625e+01
-7.042857360839843750e+01
-7.028571319580078125e+01
-7.014286041259765625e+01
-7.000000000000000000e+01
-6.992857360839843750e+01
-6.985713958740234375e+01
-6.978571319580078125e+01
-6.971428680419921875e+01
-6.971428680419921875e+01
-6.971428680419921875e+01
-6.978571319580078125e+01
-6.992857360839843750e+01
-7.014286041259765625e+01
-7.035713958740234375e+01
-7.057142639160156250e+01
-7.078571319580078125e+01
-7.092857360839843750e+01
-7.107142639160156250e+01
-7.121428680419921875e+01
-7.135713958740234375e+01
-7.150000000000000000e+01
-7.171428680419921875e+01
-7.192857360839843750e+01
-7.214286041259765625e+01
-7.221428680419921875e+01
-7.221428680419921875e+01
-7.221428680419921875e+01
-7.221428680419921875e+01
-7.221428680419921875e+01
-7.221428680419921875e+01
-7.221428680419921875e+01
-7.221428680419921875e+01
-7.221428680419921875e+01
-7.214286041259765625e+01
-7.207142639160156250e+01
-7.192857360839843750e+01
-7.185713958740234375e+01
-7.171428680419921875e+01
-7.157142639160156250e+01
-7.142857360839843750e+01
-7.128571319580078125e+01
-7.114286041259765625e+01
-7.100000000000000000e+01
-7.085713958740234375e+01
-7.071428680419921875e+01
-7.057142639160156250e+01
-7.042857360839843750e+01
-7.035713958740234375e+01
-7.035713958740234375e+01
-7.035713958740234375e+01
-7.035713958740234375e+01
-7.035713958740234375e+01
-7.042857360839843750e+01
-7.050000000000000000e+01
-7.071428680419921875e+01
-7.085713958740234375e+01
-7.107142639160156250e+01
-7.128571319580078125e+01
-7.150000000000000000e+01
-7.171428680419921875e+01
-7.192857360839843750e+01
-7.214286041259765625e+01
-7.235713958740234375e+01
-7.250000000000000000e+01
-7.257142639160156250e+01
-7.271428680419921875e+01
-7.278571319580078125e+01
-7.285713958740234375e+01
-7.285713958740234375e+01
-7.278571319580078125e+01
-7.271428680419921875e+01
-7.271428680419921875e+01
-7.264286041259765625e+01
-7.257142639160156250e+01
-7.250000000000000000e+01
-7.242857360839843750e+01
-7.228571319580078125e+01
-7.214286041259765625e+01
-7.200000000000000000e+01
-7.178571319580078125e+01
-7.164286041259765625e+01
-7.142857360839843750e+01
-7.128571319580078125e+01
-7.114286041259765625e+01
-7.100000000000000000e+01
-7.085713958740234375e+01
-7.071428680419921875e+01
-7.057142639160156250e+01
-7.042857360839843750e+01
-7.035713958740234375e+01
-7.028571319580078125e+01
-7.028571319580078125e+01
-7.028571319580078125e+01
-7.035713958740234375e+01
-7.050000000000000000e+01
-7.064286041259765625e+01
-7.078571319580078125e+01
-7.092857360839843750e+01
-7.100000000000000000e+01
-7.114286041259765625e+01
-7.135713958740234375e+01
-7.150000000000000000e+01
-7.171428680419921875e+01
-7.192857360839843750e+01
-7.214286041259765625e+01
-7.228571319580078125e+01
-7.242857360839843750e+01
-7.250000000000000000e+01
-7.257142639160156250e+01
-7.257142639160156250e+01
-7.257142639160156250e+01
-7.257142639160156250e+01
-7.257142639160156250e+01
-7.257142639160156250e+01
-7.257142639160156250e+01
-7.250000000000000000e+01
-7.235713958740234375e+01
-7.228571319580078125e+01
-7.214286041259765625e+01
-7.200000000000000000e+01
-7.178571319580078125e+01
-7.157142639160156250e+01
-7.142857360839843750e+01
-7.121428680419921875e+01
-7.107142639160156250e+01
-7.092857360839843750e+01
-7.078571319580078125e+01
-7.064286041259765625e+01
-7.050000000000000000e+01
-7.035713958740234375e+01
-7.035713958740234375e+01
-7.035713958740234375e+01
-7.035713958740234375e+01
-7.035713958740234375e+01
-7.042857360839843750e+01
-7.057142639160156250e+01
-7.064286041259765625e+01
-7.078571319580078125e+01
-7.085713958740234375e+01
-7.100000000000000000e+01
-7.114286041259765625e+01
-7.128571319580078125e+01
-7.142857360839843750e+01
-7.164286041259765625e+01
-7.185713958740234375e+01
-7.200000000000000000e+01
-7.214286041259765625e+01
-7.228571319580078125e+01
-7.235713958740234375e+01
-7.250000000000000000e+01
-7.250000000000000000e+01
-7.250000000000000000e+01
-7.257142639160156250e+01
-7.264286041259765625e+01
-7.257142639160156250e+01
-7.257142639160156250e+01
-7.257142639160156250e+01
-7.250000000000000000e+01
-7.242857360839843750e+01
-7.228571319580078125e+01
-7.214286041259765625e+01
-7.200000000000000000e+01
-7.185713958740234375e+01
-7.164286041259765625e+01
-7.142857360839843750e+01
-7.121428680419921875e+01
-7.107142639160156250e+01
-7.092857360839843750e+01
-7.078571319580078125e+01
-7.064286041259765625e+01
-7.050000000000000000e+01
-7.050000000000000000e+01
-7.050000000000000000e+01
-7.057142639160156250e+01
-7.064286041259765625e+01
-7.071428680419921875e+01
-7.078571319580078125e+01
-7.085713958740234375e+01
-7.100000000000000000e+01
-7.114286041259765625e+01
-7.128571319580078125e+01
-7.150000000000000000e+01
-7.171428680419921875e+01
-7.192857360839843750e+01
-7.207142639160156250e+01
-7.228571319580078125e+01
-7.242857360839843750e+01
-7.250000000000000000e+01
-7.257142639160156250e+01
-7.271428680419921875e+01
-7.278571319580078125e+01
-7.285713958740234375e+01
-7.292857360839843750e+01
-7.292857360839843750e+01
-7.292857360839843750e+01
-7.292857360839843750e+01
-7.292857360839843750e+01
-7.285713958740234375e+01
-7.278571319580078125e+01
-7.271428680419921875e+01
-7.257142639160156250e+01
-7.242857360839843750e+01
-7.228571319580078125e+01
-7.214286041259765625e+01
-7.185713958740234375e+01
-7.164286041259765625e+01
-7.142857360839843750e+01
-7.128571319580078125e+01
-7.107142639160156250e+01
-7.100000000000000000e+01
-7.085713958740234375e+01
-7.078571319580078125e+01
-7.078571319580078125e+01
-7.078571319580078125e+01
-7.078571319580078125e+01
-7.085713958740234375e+01
-7.092857360839843750e+01
-7.107142639160156250e+01
-7.121428680419921875e+01
-7.142857360839843750e+01
-7.164286041259765625e+01
-7.185713958740234375e+01
-7.207142639160156250e+01
-7.221428680419921875e+01
-7.242857360839843750e+01
-7.264286041259765625e+01
-7.285713958740234375e+01
-7.292857360839843750e+01
-7.307142639160156250e+01
-7.321428680419921875e+01
-7.335713958740234375e+01
-7.342857360839843750e+01
-7.342857360839843750e+01
-7.342857360839843750e+01
-7.342857360839843750e+01
-7.342857360839843750e+01
-7.342857360839843750e+01
-7.335713958740234375e+01
-7.328571319580078125e+01
-7.321428680419921875e+01
-7.314286041259765625e+01
-7.292857360839843750e+01
-7.271428680419921875e+01
-7.257142639160156250e+01
-7.235713958740234375e+01
-7.214286041259765625e+01
-7.185713958740234375e+01
-7.164286041259765625e+01
-7.150000000000000000e+01
-7.128571319580078125e+01
-7.114286041259765625e+01
-7.100000000000000000e+01
-7.092857360839843750e+01
-7.092857360839843750e+01
-7.092857360839843750e+01
-7.092857360839843750e+01
-7.100000000000000000e+01
-7.114286041259765625e+01
-7.128571319580078125e+01
-7.142857360839843750e+01
-7.157142639160156250e+01
-7.178571319580078125e+01
-7.200000000000000000e+01
-7.221428680419921875e+01
-7.242857360839843750e+01
-7.271428680419921875e+01
-7.292857360839843750e+01
-7.314286041259765625e+01
-7.328571319580078125e+01
-7.342857360839843750e+01
-7.357142639160156250e+01
-7.364286041259765625e+01
-7.364286041259765625e+01
-7.364286041259765625e+01
-7.364286041259765625e+01
-7.357142639160156250e+01
-7.357142639160156250e+01
-7.357142639160156250e+01
-7.357142639160156250e+01
-7.350000000000000000e+01
-7.342857360839843750e+01
-7.328571319580078125e+01
-7.314286041259765625e+01
-7.300000000000000000e+01
-7.278571319580078125e+01
-7.257142639160156250e+01
-7.235713958740234375e+01
-7.221428680419921875e+01
-7.207142639160156250e+01
-7.192857360839843750e+01
-7.178571319580078125e+01
-7.164286041259765625e+01
-7.150000000000000000e+01
-7.135713958740234375e+01
-7.128571319580078125e+01
-7.128571319580078125e+01
-7.128571319580078125e+01
-7.135713958740234375e+01
-7.142857360839843750e+01
-7.150000000000000000e+01
-7.164286041259765625e+01
-7.185713958740234375e+01
-7.207142639160156250e+01
-7.228571319580078125e+01
-7.242857360839843750e+01
-7.264286041259765625e+01
-7.285713958740234375e+01
-7.307142639160156250e+01
-7.328571319580078125e+01
-7.342857360839843750e+01
-7.357142639160156250e+01
-7.364286041259765625e+01
-7.378571319580078125e+01
-7.385713958740234375e+01
-7.385713958740234375e+01
-7.385713958740234375e+01
-7.385713958740234375e+01
-7.378571319580078125e+01
-7.371428680419921875e+01
-7.364286041259765625e+01
-7.364286041259765625e+01
-7.357142639160156250e+01
-7.342857360839843750e+01
-7.328571319580078125e+01
-7.307142639160156250e+01
-7.285713958740234375e+01
-7.264286041259765625e+01
-7.242857360839843750e+01
-7.221428680419921875e+01
-7.200000000000000000e+01
-7.185713958740234375e+01
-7.171428680419921875e+01
-7.157142639160156250e+01
-7.142857360839843750e+01
-7.135713958740234375e+01
-7.128571319580078125e+01
-7.128571319580078125e+01
-7.135713958740234375e+01
-7.142857360839843750e+01
-7.157142639160156250e+01
-7.171428680419921875e+01
-7.192857360839843750e+01
-7.207142639160156250e+01
-7.228571319580078125e+01
-7.250000000000000000e+01
-7.271428680419921875e+01
-7.292857360839843750e+01
-7.314286041259765625e+01
-7.335713958740234375e+01
-7.350000000000000000e+01
-7.364286041259765625e+01
-7.378571319580078125e+01
-7.392857360839843750e+01
-7.400000000000000000e+01
-7.407142639160156250e+01
-7.414286041259765625e+01
-7.414286041259765625e+01
-7.407142639160156250e+01
-7.414286041259765625e+01
-7.407142639160156250e+01
-7.400000000000000000e+01
-7.392857360839843750e+01
-7.385713958740234375e+01
-7.371428680419921875e+01
-7.357142639160156250e+01
-7.328571319580078125e+01
-7.307142639160156250e+01
-7.278571319580078125e+01
-7.264286041259765625e+01
-7.242857360839843750e+01
-7.221428680419921875e+01
-7.207142639160156250e+01
-7.185713958740234375e+01
-7.171428680419921875e+01
-7.157142639160156250e+01
-7.150000000000000000e+01
-7.150000000000000000e+01
-7.150000000000000000e+01
-7.157142639160156250e+01
-7.164286041259765625e+01
-7.178571319580078125e+01
-7.200000000000000000e+01
-7.221428680419921875e+01
-7.242857360839843750e+01
-7.257142639160156250e+01
-7.278571319580078125e+01
-7.307142639160156250e+01
-7.321428680419921875e+01
-7.342857360839843750e+01
-7.364286041259765625e+01
-7.385713958740234375e+01
-7.400000000000000000e+01
-7.407142639160156250e+01
-7.421428680419921875e+01
-7.428571319580078125e+01
-7.428571319580078125e+01
-7.428571319580078125e+01
-7.428571319580078125e+01
-7.428571319580078125e+01
-7.428571319580078125e+01
-7.421428680419921875e+01
-7.407142639160156250e+01
-7.392857360839843750e+01
-7.385713958740234375e+01
-7.378571319580078125e+01
-7.364286041259765625e+01
-7.342857360839843750e+01
-7.314286041259765625e+01
-7.292857360839843750e+01
-7.271428680419921875e+01
-7.250000000000000000e+01
-7.228571319580078125e+01
-7.214286041259765625e+01
-7.192857360839843750e+01
-7.178571319580078125e+01
-7.171428680419921875e+01
-7.164286041259765625e+01
-7.164286041259765625e+01
-7.164286041259765625e+01
-7.164286041259765625e+01
-7.171428680419921875e+01
-7.185713958740234375e+01
-7.207142639160156250e+01
-7.221428680419921875e+01
-7.242857360839843750e+01
-7.264286041259765625e+01
-7.285713958740234375e+01
-7.307142639160156250e+01
-7.321428680419921875e+01
-7.342857360839843750e+01
-7.357142639160156250e+01
-7.378571319580078125e+01
-7.392857360839843750e+01
-7.407142639160156250e+01
-7.414286041259765625e+01
-7.428571319580078125e+01
-7.442857360839843750e+01
-7.442857360839843750e+01
-7.442857360839843750e+01
-7.442857360839843750e+01
-7.442857360839843750e+01
-7.442857360839843750e+01
-7.442857360839843750e+01
-7.435713958740234375e+01
-7.428571319580078125e+01
-7.421428680419921875e+01
-7.400000000000000000e+01
-7.378571319580078125e+01
-7.357142639160156250e+01
-7.335713958740234375e+01
-7.314286041259765625e+01
-7.300000000000000000e+01
-7.285713958740234375e+01
-7.271428680419921875e+01
-7.250000000000000000e+01
-7.235713958740234375e+01
-7.221428680419921875e+01
-7.221428680419921875e+01
-7.221428680419921875e+01
-7.228571319580078125e+01
-7.235713958740234375e+01
-7.250000000000000000e+01
-7.264286041259765625e+01
-7.278571319580078125e+01
-7.300000000000000000e+01
-7.307142639160156250e+01
-7.321428680419921875e+01
-7.321428680419921875e+01
-7.335713958740234375e+01
-7.350000000000000000e+01
-7.364286041259765625e+01
-7.378571319580078125e+01
-7.392857360839843750e+01
-7.407142639160156250e+01
-7.414286041259765625e+01
-7.421428680419921875e+01
-7.428571319580078125e+01
-7.435713958740234375e+01
-7.428571319580078125e+01
-7.428571319580078125e+01
-7.428571319580078125e+01
-7.435713958740234375e+01
-7.428571319580078125e+01
-7.428571319580078125e+01
-7.421428680419921875e+01
-7.414286041259765625e+01
-7.400000000000000000e+01
-7.385713958740234375e+01
-7.364286041259765625e+01
-7.342857360839843750e+01
-7.321428680419921875e+01
-7.300000000000000000e+01
-7.278571319580078125e+01
-7.271428680419921875e+01
-7.257142639160156250e+01
-7.242857360839843750e+01
-7.221428680419921875e+01
-7.214286041259765625e+01
-7.214286041259765625e+01
-7.207142639160156250e+01
-7.207142639160156250e+01
-7.221428680419921875e+01
-7.235713958740234375e+01
-7.250000000000000000e+01
-7.264286041259765625e+01
-7.285713958740234375e+01
-7.300000000000000000e+01
-7.314286041259765625e+01
-7.328571319580078125e+01
-7.335713958740234375e+01
-7.350000000000000000e+01
-7.364286041259765625e+01
-7.378571319580078125e+01
-7.400000000000000000e+01
-7.414286041259765625e+01
-7.414286041259765625e+01
-7.421428680419921875e+01
-7.421428680419921875e+01
-7.421428680419921875e+01
-7.421428680419921875e+01
-7.421428680419921875e+01
-7.421428680419921875e+01
-7.421428680419921875e+01
-7.414286041259765625e+01
-7.407142639160156250e+01
-7.400000000000000000e+01
-7.392857360839843750e+01
-7.378571319580078125e+01
-7.357142639160156250e+01
-7.328571319580078125e+01
-7.300000000000000000e+01
-7.285713958740234375e+01
-7.264286041259765625e+01
-7.242857360839843750e+01
-7.228571319580078125e+01
-7.214286041259765625e+01
-7.200000000000000000e+01
-7.178571319580078125e+01
-7.171428680419921875e+01
-7.171428680419921875e+01
-7.171428680419921875e+01
-7.178571319580078125e+01
-7.192857360839843750e+01
-7.207142639160156250e+01
-7.228571319580078125e+01
-7.250000000000000000e+01
-7.271428680419921875e+01
-7.285713958740234375e+01
-7.307142639160156250e+01
-7.321428680419921875e+01
-7.328571319580078125e+01
-7.342857360839843750e+01
-7.364286041259765625e+01
-7.378571319580078125e+01
-7.385713958740234375e+01
-7.392857360839843750e+01
-7.407142639160156250e+01
-7.414286041259765625e+01
-7.421428680419921875e+01
-7.421428680419921875e+01
-7.421428680419921875e+01
-7.421428680419921875e+01
-7.428571319580078125e+01
-7.435713958740234375e+01
-7.450000000000000000e+01
-7.471428680419921875e+01
-7.492857360839843750e+01
-7.528571319580078125e+01
-7.571428680419921875e+01
-7.628571319580078125e+01
-7.714286041259765625e+01
-7.814286041259765625e+01
-7.957142639160156250e+01
-8.128571319580078125e+01
-8.342857360839843750e+01
-8.592857360839843750e+01
-8.885713958740234375e+01
-9.235713958740234375e+01
-9.657142639160156250e+01
-1.016428604125976562e+02
-1.072142868041992188e+02
-1.132857131958007812e+02
-1.200714263916015625e+02
-1.282857208251953125e+02
