0.000000000000000000e+00
0.000000000000000000e+00
0.000000000000000000e+00
0.000000000000000000e+00
0.000000000000000000e+00
0.000000000000000000e+00
0.000000000000000000e+00
0.000000000000000000e+00
0.000000000000000000e+00
0.000000000000000000e+00
0.000000000000000000e+00
0.000000000000000000e+00
0.000000000000000000e+00
0.000000000000000000e+00
0.000000000000000000e+00
0.000000000000000000e+00
0.000000000000000000e+00
0.000000000000000000e+00
0.000000000000000000e+00
0.000000000000000000e+00
-7.088888549804687500e+01
-7.088888549804687500e+01
-7.088888549804687500e+01
-7.088888549804687500e+01
-7.088888549804687500e+01
-7.088888549804687500e+01
-7.088888549804687500e+01
-7.088888549804687500e+01
-7.088888549804687500e+01
-7.088888549804687500e+01
-7.088888549804687500e+01
-7.088888549804687500e+01
-7.088888549804687500e+01
-7.088888549804687500e+01
-7.088888549804687500e+01
-7.088888549804687500e+01
-7.050000000000000000e+01
-7.050000000000000000e+01
-7.050000000000000000e+01
-7.050000000000000000e+01
-7.050000000000000000e+01
-7.042857360839843750e+01
-7.035713958740234375e+01
-7.028571319580078125e+01
-7.021428680419921875e+01
-7.021428680419921875e+01
-7.028571319580078125e+01
-7.028571319580078125e+01
-7.028571319580078125e+01
-7.028571319580078125e+01
-7.028571319580078125e+01
-7.028571319580078125e+01
-7.021428680419921875e+01
-7.014286041259765625e+01
-7.021428680419921875e+01
-7.028571319580078125e+01
-7.035713958740234375e+01
-7.042857360839843750e+01
-7.050000000000000000e+01
-7.057142639160156250e+01
-7.064286041259765625e+01
-7.064286041259765625e+01
-7.064286041259765625e+01
-7.064286041259765625e+01
-7.071428680419921875e+01
-7.085713958740234375e+01
-7.100000000000000000e+01
-7.114286041259765625e+01
-7.128571319580078125e+01
-7.128571319580078125e+01
-7.135713958740234375e+01
-7.142857360839843750e+01
-7.150000000000000000e+01
-7.157142639160156250e+01
-7.164286041259765625e+01
-7.164286041259765625e+01
-7.164286041259765625e+01
-7.164286041259765625e+01
-7.164286041259765625e+01
-7.157142639160156250e+01
-7.142857360839843750e+01
-7.128571319580078125e+01
-7.114286041259765625e+01
-7.092857360839843750e+01
-7.078571319580078125e+01
-7.064286041259765625e+01
-7.050000000000000000e+01
-7.035713958740234375e+01
-7.021428680419921875e+01
-7.007142639160156250e+01
-6.992857360839843750e+01
-6.985713958740234375e+01
-6.978571319580078125e+01
-6.978571319580078125e+01
-6.978571319580078125e+01
-6.985713958740234375e+01
-6.985713958740234375e+01
-6.985713958740234375e+01
-6.992857360839843750e+01
-7.007142639160156250e+01
-7.014286041259765625e+01
-7.028571319580078125e+01
-7.035713958740234375e+01
-7.042857360839843750e+01
-7.050000000000000000e+01
-7.057142639160156250e+01
-7.071428680419921875e+01
-7.085713958740234375e+01
-7.100000000000000000e+01
-7.114286041259765625e+01
-7.128571319580078125e+01
-7.142857360839843750e+01
-7.150000000000000000e+01
-7.157142639160156250e+01
-7.157142639160156250e+01
-7.157142639160156250e+01
-7.157142639160156250e+01
-7.157142639160156250e+01
-7.157142639160156250e+01
-7.157142639160156250e+01
-7.150000000000000000e+01
-7.135713958740234375e+01
-7.114286041259765625e+01
-7.100000000000000000e+01
-7.078571319580078125e+01
-7.057142639160156250e+01
-7.042857360839843750e+01
-7.021428680419921875e+01
-7.007142639160156250e+01
-7.000000000000000000e+01
-6.992857360839843750e+01
-6.985713958740234375e+01
-6.978571319580078125e+01
-6.971428680419921875e+01
-6.964286041259765625e+01
-6.964286041259765625e+01
-6.971428680419921875e+01
-6.971428680419921875e+01
-6.978571319580078125e+01
-6.985713958740234375e+01
-7.000000000000000000e+01
-7.014286041259765625e+01
-7.021428680419921875e+01
-7.035713958740234375e+01
-7.042857360839843750e+01
-7.057142639160156250e+01
-7.071428680419921875e+01
-7.085713958740234375e+01
-7.107142639160156250e+01
-7.121428680419921875e+01
-7.142857360839843750e+01
-7.157142639160156250e+01
-7.171428680419921875e+01
-7.178571319580078125e+01
-7.178571319580078125e+01
-7.178571319580078125e+01
-7.178571319580078125e+01
-7.178571319580078125e+01
-7.171428680419921875e+01
-7.171428680419921875e+01
-7.171428680419921875e+01
-7.157142639160156250e+01
-7.142857360839843750e+01
-7.121428680419921875e+01
-7.100000000000000000e+01
-7.085713958740234375e+01
-7.071428680419921875e+01
-7.057142639160156250e+01
-7.042857360839843750e+01
-7.035713958740234375e+01
-7.028571319580078125e+01
-7.021428680419921875e+01
-7.014286041259765625e+01
-7.007142639160156250e+01
-7.000000000000000000e+01
-7.000000000000000000e+01
-7.000000000000000000e+01
-7.000000000000000000e+01
-7.007142639160156250e+01
-7.014286041259765625e+01
-7.021428680419921875e+01
-7.028571319580078125e+01
-7.035713958740234375e+01
-7.050000000000000000e+01
-7.064286041259765625e+01
-7.078571319580078125e+01
-7.092857360839843750e+01
-7.107142639160156250e+01
-7.128571319580078125e+01
-7.150000000000000000e+01
-7.171428680419921875e+01
-7.192857360839843750e+01
-7.200000000000000000e+01
-7.207142639160156250e+01
-7.214286041259765625e+01
-7.214286041259765625e+01
-7.214286041259765625e+01
-7.214286041259765625e+01
-7.207142639160156250e+01
-7.200000000000000000e+01
-7.192857360839843750e+01
-7.185713958740234375e+01
-7.171428680419921875e+01
-7.150000000000000000e+01
-7.128571319580078125e+01
-7.107142639160156250e+01
-7.085713958740234375e+01
-7.071428680419921875e+01
-7.057142639160156250e+01
-7.042857360839843750e+01
-7.035713958740234375e+01
-7.028571319580078125e+01
-7.021428680419921875e+01
-7.014286041259765625e+01
-7.007142639160156250e+01
-7.000000000000000000e+01
-7.000000000000000000e+01
-7.000000000000000000e+01
-7.000000000000000000e+01
-7.007142639160156250e+01
-7.014286041259765625e+01
-7.021428680419921875e+01
-7.028571319580078125e+01
-7.035713958740234375e+01
-7.050000000000000000e+01
-7.064286041259765625e+01
-7.078571319580078125e+01
-7.092857360839843750e+01
-7.107142639160156250e+01
-7.128571319580078125e+01
-7.150000000000000000e+01
-7.171428680419921875e+01
-7.192857360839843750e+01
-7.207142639160156250e+01
-7.214286041259765625e+01
-7.221428680419921875e+01
-7.221428680419921875e+01
-7.228571319580078125e+01
-7.235713958740234375e+01
-7.235713958740234375e+01
-7.228571319580078125e+01
-7.221428680419921875e+01
-7.214286041259765625e+01
-7.207142639160156250e+01
-7.185713958740234375e+01
-7.164286041259765625e+01
-7.142857360839843750e+01
-7.121428680419921875e+01
-7.100000000000000000e+01
-7.085713958740234375e+01
-7.071428680419921875e+01
-7.057142639160156250e+01
-7.050000000000000000e+01
-7.042857360839843750e+01
-7.028571319580078125e+01
-7.021428680419921875e+01
-7.014286041259765625e+01
-7.007142639160156250e+01
-7.000000000000000000e+01
-7.000000000000000000e+01
-7.000000000000000000e+01
-7.007142639160156250e+01
-7.014286041259765625e+01
-7.028571319580078125e+01
-7.042857360839843750e+01
-7.057142639160156250e+01
-7.071428680419921875e+01
-7.092857360839843750e+01
-7.114286041259765625e+01
-7.128571319580078125e+01
-7.150000000000000000e+01
-7.171428680419921875e+01
-7.192857360839843750e+01
-7.214286041259765625e+01
-7.235713958740234375e+01
-7.257142639160156250e+01
-7.264286041259765625e+01
-7.271428680419921875e+01
-7.271428680419921875e+01
-7.271428680419921875e+01
-7.271428680419921875e+01
-7.278571319580078125e+01
-7.278571319580078125e+01
-7.278571319580078125e+01
-7.285713958740234375e+01
-7.300000000000000000e+01
-7.328571319580078125e+01
-7.371428680419921875e+01
-7.428571319580078125e+01
-7.500000000000000000e+01
-7.600000000000000000e+01
-7.721428680419921875e+01
-7.885713958740234375e+01
-8.078571319580078125e+01
-8.335713958740234375e+01
-8.657142639160156250e+01
-9.035713958740234375e+01
-9.471428680419921875e+01
-9.964286041259765625e+01
-1.054285736083984375e+02
-1.122142868041992188e+02
-1.196428604125976562e+02
-1.276428604125976562e+02
-1.364285736083984375e+02
-1.460000000000000000e+02
-1.566428527832031250e+02
-1.695714263916015625e+02
0.000000000000000000e+00
0.000000000000000000e+00
0.000000000000000000e+00
0.000000000000000000e+00
0.000000000000000000e+00
0.000000000000000000e+00
0.000000000000000000e+00
0.000000000000000000e+00
0.000000000000000000e+00
0.000000000000000000e+00
0.000000000000000000e+00
0.000000000000000000e+00
0.000000000000000000e+00
0.000000000000000000e+00
0.000000000000000000e+00
0.000000000000000000e+00
0.000000000000000000e+00
0.000000000000000000e+00
0.000000000000000000e+00
0.000000000000000000e+00
-7.061111450195312500e+01
-7.061111450195312500e+01
-7.061111450195312500e+01
-7.061111450195312500e+01
-7.061111450195312500e+01
-7.061111450195312500e+01
-7.061111450195312500e+01
-7.061111450195312500e+01
-7.061111450195312500e+01
-7.061111450195312500e+01
-7.061111450195312500e+01
-7.061111450195312500e+01
-7.061111450195312500e+01
-7.061111450195312500e+01
-7.061111450195312500e+01
-7.061111450195312500e+01
-7.100000000000000000e+01
-7.107142639160156250e+01
-7.107142639160156250e+01
-7.107142639160156250e+01
-7.100000000000000000e+01
-7.092857360839843750e+01
-7.085713958740234375e+01
-7.078571319580078125e+01
-7.064286041259765625e+01
-7.050000000000000000e+01
-7.042857360839843750e+01
-7.035713958740234375e+01
-7.042857360839843750e+01
-7.035713958740234375e+01
-7.035713958740234375e+01
-7.028571319580078125e+01
-7.028571319580078125e+01
-7.021428680419921875e+01
-7.014286041259765625e+01
-7.014286041259765625e+01
-7.021428680419921875e+01
-7.028571319580078125e+01
-7.035713958740234375e+01
-7.042857360839843750e+01
-7.050000000000000000e+01
-7.057142639160156250e+01
-7.064286041259765625e+01
-7.071428680419921875e+01
-7.078571319580078125e+01
-7.092857360839843750e+01
-7.100000000000000000e+01
-7.114286041259765625e+01
-7.128571319580078125e+01
-7.142857360839843750e+01
-7.150000000000000000e+01
-7.157142639160156250e+01
-7.164286041259765625e+01
-7.164286041259765625e+01
-7.171428680419921875e+01
-7.171428680419921875e+01
-7.171428680419921875e+01
-7.171428680419921875e+01
-7.171428680419921875e+01
-7.164286041259765625e+01
-7.157142639160156250e+01
-7.150000000000000000e+01
-7.135713958740234375e+01
-7.114286041259765625e+01
-7.092857360839843750e+01
-7.078571319580078125e+01
-7.064286041259765625e+01
-7.050000000000000000e+01
-7.035713958740234375e+01
-7.028571319580078125e+01
-7.021428680419921875e+01
-7.014286041259765625e+01
-7.007142639160156250e+01
-7.000000000000000000e+01
-6.992857360839843750e+01
-6.985713958740234375e+01
-6.985713958740234375e+01
-6.985713958740234375e+01
-6.992857360839843750e+01
-7.000000000000000000e+01
-7.007142639160156250e+01
-7.014286041259765625e+01
-7.021428680419921875e+01
-7.028571319580078125e+01
-7.042857360839843750e+01
-7.057142639160156250e+01
-7.071428680419921875e+01
-7.085713958740234375e+01
-7.100000000000000000e+01
-7.114286041259765625e+01
-7.128571319580078125e+01
-7.142857360839843750e+01
-7.157142639160156250e+01
-7.171428680419921875e+01
-7.178571319580078125e+01
-7.185713958740234375e+01
-7.185713958740234375e+01
-7.185713958740234375e+01
-7.185713958740234375e+01
-7.178571319580078125e+01
-7.171428680419921875e+01
-7.164286041259765625e+01
-7.150000000000000000e+01
-7.128571319580078125e+01
-7.114286041259765625e+01
-7.092857360839843750e+01
-7.078571319580078125e+01
-7.064286041259765625e+01
-7.050000000000000000e+01
-7.035713958740234375e+01
-7.021428680419921875e+01
-7.014286041259765625e+01
-7.007142639160156250e+01
-7.000000000000000000e+01
-6.992857360839843750e+01
-6.985713958740234375e+01
-6.985713958740234375e+01
-6.985713958740234375e+01
-6.992857360839843750e+01
-7.000000000000000000e+01
-7.000000000000000000e+01
-7.007142639160156250e+01
-7.014286041259765625e+01
-7.021428680419921875e+01
-7.028571319580078125e+01
-7.042857360839843750e+01
-7.057142639160156250e+01
-7.078571319580078125e+01
-7.100000000000000000e+01
-7.121428680419921875e+01
-7.142857360839843750e+01
-7.164286041259765625e+01
-7.178571319580078125e+01
-7.192857360839843750e+01
-7.200000000000000000e+01
-7.200000000000000000e+01
-7.207142639160156250e+01
-7.214286041259765625e+01
-7.214286041259765625e+01
-7.214286041259765625e+01
-7.207142639160156250e+01
-7.192857360839843750e+01
-7.185713958740234375e+01
-7.164286041259765625e+01
-7.142857360839843750e+01
-7.121428680419921875e+01
-7.100000000000000000e+01
-7.085713958740234375e+01
-7.071428680419921875e+01
-7.057142639160156250e+01
-7.050000000000000000e+01
-7.042857360839843750e+01
-7.028571319580078125e+01
-7.021428680419921875e+01
-7.014286041259765625e+01
-7.007142639160156250e+01
-7.000000000000000000e+01
-7.000000000000000000e+01
-7.000000000000000000e+01
-7.000000000000000000e+01
-7.007142639160156250e+01
-7.014286041259765625e+01
-7.021428680419921875e+01
-7.028571319580078125e+01
-7.042857360839843750e+01
-7.057142639160156250e+01
-7.071428680419921875e+01
-7.085713958740234375e+01
-7.100000000000000000e+01
-7.121428680419921875e+01
-7.142857360839843750e+01
-7.164286041259765625e+01
-7.178571319580078125e+01
-7.185713958740234375e+01
-7.200000000000000000e+01
-7.207142639160156250e+01
-7.214286041259765625e+01
-7.221428680419921875e+01
-7.221428680419921875e+01
-7.221428680419921875e+01
-7.214286041259765625e+01
-7.207142639160156250e+01
-7.200000000000000000e+01
-7.185713958740234375e+01
-7.171428680419921875e+01
-7.150000000000000000e+01
-7.128571319580078125e+01
-7.114286041259765625e+01
-7.092857360839843750e+01
-7.078571319580078125e+01
-7.071428680419921875e+01
-7.057142639160156250e+01
-7.042857360839843750e+01
-7.028571319580078125e+01
-7.021428680419921875e+01
-7.021428680419921875e+01
-7.014286041259765625e+01
-7.007142639160156250e+01
-7.000000000000000000e+01
-7.007142639160156250e+01
-7.021428680419921875e+01
-7.028571319580078125e+01
-7.035713958740234375e+01
-7.042857360839843750e+01
-7.057142639160156250e+01
-7.071428680419921875e+01
-7.078571319580078125e+01
-7.092857360839843750e+01
-7.114286041259765625e+01
-7.135713958740234375e+01
-7.157142639160156250e+01
-7.171428680419921875e+01
-7.192857360839843750e+01
-7.214286041259765625e+01
-7.228571319580078125e+01
-7.242857360839843750e+01
-7.257142639160156250e+01
-7.264286041259765625e+01
-7.264286041259765625e+01
-7.264286041259765625e+01
-7.264286041259765625e+01
-7.264286041259765625e+01
-7.257142639160156250e+01
-7.242857360839843750e+01
-7.228571319580078125e+01
-7.214286041259765625e+01
-7.192857360839843750e+01
-7.171428680419921875e+01
-7.150000000000000000e+01
-7.128571319580078125e+01
-7.107142639160156250e+01
-7.092857360839843750e+01
-7.085713958740234375e+01
-7.078571319580078125e+01
-7.064286041259765625e+01
-7.050000000000000000e+01
-7.042857360839843750e+01
-7.035713958740234375e+01
-7.028571319580078125e+01
-7.021428680419921875e+01
-7.021428680419921875e+01
-7.028571319580078125e+01
-7.035713958740234375e+01
-7.042857360839843750e+01
-7.057142639160156250e+01
-7.071428680419921875e+01
-7.085713958740234375e+01
-7.092857360839843750e+01
-7.107142639160156250e+01
-7.121428680419921875e+01
-7.142857360839843750e+01
-7.164286041259765625e+01
-7.185713958740234375e+01
-7.207142639160156250e+01
-7.228571319580078125e+01
-7.242857360839843750e+01
-7.257142639160156250e+01
-7.264286041259765625e+01
-7.264286041259765625e+01
-7.264286041259765625e+01
-7.264286041259765625e+01
-7.264286041259765625e+01
-7.264286041259765625e+01
-7.271428680419921875e+01
-7.278571319580078125e+01
-7.285713958740234375e+01
-7.307142639160156250e+01
-7.342857360839843750e+01
-7.392857360839843750e+01
-7.464286041259765625e+01
-7.550000000000000000e+01
-7.657142639160156250e+01
-7.778571319580078125e+01
-7.942857360839843750e+01
-8.128571319580078125e+01
-8.350000000000000000e+01
-8.614286041259765625e+01
-8.928571319580078125e+01
-9.300000000000000000e+01
-9.728571319580078125e+01
-1.021428604125976562e+02
-1.080000000000000000e+02
-1.146428604125976562e+02
-1.217857131958007812e+02
-1.297857208251953125e+02
-1.381428527832031250e+02
-1.475000000000000000e+02
-1.580714263916015625e+02
-1.702142791748046875e+02
0.000000000000000000e+00
0.000000000000000000e+00
0.000000000000000000e+00
0.000000000000000000e+00
0.000000000000000000e+00
0.000000000000000000e+00
0.000000000000000000e+00
0.000000000000000000e+00
0.000000000000000000e+00
0.000000000000000000e+00
0.000000000000000000e+00
0.000000000000000000e+00
0.000000000000000000e+00
0.000000000000000000e+00
0.000000000000000000e+00
0.000000000000000000e+00
0.000000000000000000e+00
0.000000000000000000e+00
0.000000000000000000e+00
0.000000000000000000e+00
-7.055555725097656250e+01
-7.055555725097656250e+01
-7.055555725097656250e+01
-7.055555725097656250e+01
-7.055555725097656250e+01
-7.055555725097656250e+01
-7.055555725097656250e+01
-7.055555725097656250e+01
-7.055555725097656250e+01
-7.055555725097656250e+01
-7.055555725097656250e+01
-7.055555725097656250e+01
-7.055555725097656250e+01
-7.055555725097656250e+01
-7.055555725097656250e+01
-7.055555725097656250e+01
-7.078571319580078125e+01
-7.085713958740234375e+01
-7.085713958740234375e+01
-7.092857360839843750e+01
-7.100000000000000000e+01
-7.100000000000000000e+01
-7.092857360839843750e+01
-7.085713958740234375e+01
-7.078571319580078125e+01
-7.071428680419921875e+01
-7.064286041259765625e+01
-7.057142639160156250e+01
-7.050000000000000000e+01
-7.042857360839843750e+01
-7.035713958740234375e+01
-7.028571319580078125e+01
-7.021428680419921875e+01
-7.014286041259765625e+01
-7.007142639160156250e+01
-7.000000000000000000e+01
-7.000000000000000000e+01
-7.007142639160156250e+01
-7.014286041259765625e+01
-7.021428680419921875e+01
-7.028571319580078125e+01
-7.028571319580078125e+01
-7.035713958740234375e+01
-7.042857360839843750e+01
-7.057142639160156250e+01
-7.071428680419921875e+01
-7.085713958740234375e+01
-7.100000000000000000e+01
-7.114286041259765625e+01
-7.128571319580078125e+01
-7.142857360839843750e+01
-7.157142639160156250e+01
-7.164286041259765625e+01
-7.164286041259765625e+01
-7.171428680419921875e+01
-7.171428680419921875e+01
-7.171428680419921875e+01
-7.171428680419921875e+01
-7.171428680419921875e+01
-7.164286041259765625e+01
-7.157142639160156250e+01
-7.150000000000000000e+01
-7.135713958740234375e+01
-7.114286041259765625e+01
-7.100000000000000000e+01
-7.078571319580078125e+01
-7.064286041259765625e+01
-7.042857360839843750e+01
-7.028571319580078125e+01
-7.021428680419921875e+01
-7.014286041259765625e+01
-7.007142639160156250e+01
-6.992857360839843750e+01
-6.985713958740234375e+01
-6.978571319580078125e+01
-6.971428680419921875e+01
-6.971428680419921875e+01
-6.971428680419921875e+01
-6.978571319580078125e+01
-6.985713958740234375e+01
-6.985713958740234375e+01
-7.000000000000000000e+01
-7.007142639160156250e+01
-7.021428680419921875e+01
-7.028571319580078125e+01
-7.035713958740234375e+01
-7.042857360839843750e+01
-7.057142639160156250e+01
-7.071428680419921875e+01
-7.085713958740234375e+01
-7.100000000000000000e+01
-7.114286041259765625e+01
-7.128571319580078125e+01
-7.142857360839843750e+01
-7.157142639160156250e+01
-7.164286041259765625e+01
-7.171428680419921875e+01
-7.171428680419921875e+01
-7.171428680419921875e+01
-7.171428680419921875e+01
-7.171428680419921875e+01
-7.171428680419921875e+01
-7.164286041259765625e+01
-7.150000000000000000e+01
-7.128571319580078125e+01
-7.114286041259765625e+01
-7.092857360839843750e+01
-7.071428680419921875e+01
-7.057142639160156250e+01
-7.042857360839843750e+01
-7.028571319580078125e+01
-7.014286041259765625e+01
-7.007142639160156250e+01
-7.000000000000000000e+01
-6.992857360839843750e+01
-6.985713958740234375e+01
-6.978571319580078125e+01
-6.978571319580078125e+01
-6.978571319580078125e+01
-6.985713958740234375e+01
-6.992857360839843750e+01
-7.000000000000000000e+01
-7.014286041259765625e+01
-7.021428680419921875e+01
-7.028571319580078125e+01
-7.042857360839843750e+01
-7.057142639160156250e+01
-7.071428680419921875e+01
-7.085713958740234375e+01
-7.100000000000000000e+01
-7.114286041259765625e+01
-7.135713958740234375e+01
-7.157142639160156250e+01
-7.171428680419921875e+01
-7.185713958740234375e+01
-7.192857360839843750e+01
-7.200000000000000000e+01
-7.200000000000000000e+01
-7.200000000000000000e+01
-7.200000000000000000e+01
-7.192857360839843750e+01
-7.185713958740234375e+01
-7.178571319580078125e+01
-7.164286041259765625e+01
-7.150000000000000000e+01
-7.135713958740234375e+01
-7.114286041259765625e+01
-7.085713958740234375e+01
-7.064286041259765625e+01
-7.050000000000000000e+01
-7.035713958740234375e+01
-7.021428680419921875e+01
-7.007142639160156250e+01
-7.000000000000000000e+01
-6.992857360839843750e+01
-6.985713958740234375e+01
-6.978571319580078125e+01
-6.978571319580078125e+01
-6.978571319580078125e+01
-6.978571319580078125e+01
-6.978571319580078125e+01
-6.985713958740234375e+01
-7.000000000000000000e+01
-7.014286041259765625e+01
-7.035713958740234375e+01
-7.050000000000000000e+01
-7.064286041259765625e+01
-7.078571319580078125e+01
-7.092857360839843750e+01
-7.107142639160156250e+01
-7.121428680419921875e+01
-7.142857360839843750e+01
-7.164286041259765625e+01
-7.178571319580078125e+01
-7.192857360839843750e+01
-7.200000000000000000e+01
-7.207142639160156250e+01
-7.214286041259765625e+01
-7.214286041259765625e+01
-7.214286041259765625e+01
-7.207142639160156250e+01
-7.200000000000000000e+01
-7.192857360839843750e+01
-7.185713958740234375e+01
-7.171428680419921875e+01
-7.157142639160156250e+01
-7.135713958740234375e+01
-7.114286041259765625e+01
-7.092857360839843750e+01
-7.078571319580078125e+01
-7.064286041259765625e+01
-7.050000000000000000e+01
-7.035713958740234375e+01
-7.021428680419921875e+01
-7.021428680419921875e+01
-7.014286041259765625e+01
-7.007142639160156250e+01
-7.000000000000000000e+01
-6.992857360839843750e+01
-6.992857360839843750e+01
-7.000000000000000000e+01
-7.007142639160156250e+01
-7.014286041259765625e+01
-7.028571319580078125e+01
-7.042857360839843750e+01
-7.057142639160156250e+01
-7.071428680419921875e+01
-7.092857360839843750e+01
-7.114286041259765625e+01
-7.135713958740234375e+01
-7.150000000000000000e+01
-7.171428680419921875e+01
-7.192857360839843750e+01
-7.214286041259765625e+01
-7.235713958740234375e+01
-7.250000000000000000e+01
-7.257142639160156250e+01
-7.264286041259765625e+01
-7.264286041259765625e+01
-7.264286041259765625e+01
-7.264286041259765625e+01
-7.250000000000000000e+01
-7.242857360839843750e+01
-7.228571319580078125e+01
-7.214286041259765625e+01
-7.200000000000000000e+01
-7.178571319580078125e+01
-7.157142639160156250e+01
-7.135713958740234375e+01
-7.114286041259765625e+01
-7.092857360839843750e+01
-7.078571319580078125e+01
-7.064286041259765625e+01
-7.057142639160156250e+01
-7.050000000000000000e+01
-7.050000000000000000e+01
-7.042857360839843750e+01
-7.035713958740234375e+01
-7.028571319580078125e+01
-7.021428680419921875e+01
-7.014286041259765625e+01
-7.014286041259765625e+01
-7.021428680419921875e+01
-7.028571319580078125e+01
-7.042857360839843750e+01
-7.057142639160156250e+01
-7.071428680419921875e+01
-7.085713958740234375e+01
-7.100000000000000000e+01
-7.107142639160156250e+01
-7.121428680419921875e+01
-7.135713958740234375e+01
-7.157142639160156250e+01
-7.178571319580078125e+01
-7.207142639160156250e+01
-7.228571319580078125e+01
-7.242857360839843750e+01
-7.250000000000000000e+01
-7.250000000000000000e+01
-7.250000000000000000e+01
-7.250000000000000000e+01
-7.250000000000000000e+01
-7.250000000000000000e+01
-7.250000000000000000e+01
-7.257142639160156250e+01
-7.264286041259765625e+01
-7.271428680419921875e+01
-7.278571319580078125e+01
-7.300000000000000000e+01
-7.328571319580078125e+01
-7.371428680419921875e+01
-7.442857360839843750e+01
-7.535713958740234375e+01
-7.650000000000000000e+01
-7.792857360839843750e+01
-7.971428680419921875e+01
-8.192857360839843750e+01
-8.464286041259765625e+01
-8.778571319580078125e+01
-9.157142639160156250e+01
-9.585713958740234375e+01
-1.009285736083984375e+02
-1.067142868041992188e+02
-1.130714263916015625e+02
-1.200714263916015625e+02
-1.279285736083984375e+02
-1.365714263916015625e+02
-1.460714263916015625e+02
-1.567142791748046875e+02
-1.690000000000000000e+02
0.000000000000000000e+00
0.000000000000000000e+00
0.000000000000000000e+00
0.000000000000000000e+00
0.000000000000000000e+00
0.000000000000000000e+00
0.000000000000000000e+00
0.000000000000000000e+00
0.000000000000000000e+00
0.000000000000000000e+00
0.000000000000000000e+00
0.000000000000000000e+00
0.000000000000000000e+00
0.000000000000000000e+00
0.000000000000000000e+00
0.000000000000000000e+00
0.000000000000000000e+00
0.000000000000000000e+00
0.000000000000000000e+00
0.000000000000000000e+00
-7.050000000000000000e+01
-7.050000000000000000e+01
-7.050000000000000000e+01
-7.050000000000000000e+01
-7.050000000000000000e+01
-7.050000000000000000e+01
-7.050000000000000000e+01
-7.050000000000000000e+01
-7.050000000000000000e+01
-7.050000000000000000e+01
-7.050000000000000000e+01
-7.050000000000000000e+01
-7.050000000000000000e+01
-7.050000000000000000e+01
-7.050000000000000000e+01
-7.050000000000000000e+01
-7.064286041259765625e+01
-7.071428680419921875e+01
-7.078571319580078125e+01
-7.085713958740234375e+01
-7.085713958740234375e+01
-7.085713958740234375e+01
-7.085713958740234375e+01
-7.078571319580078125e+01
-7.071428680419921875e+01
-7.064286041259765625e+01
-7.057142639160156250e+01
-7.050000000000000000e+01
-7.042857360839843750e+01
-7.042857360839843750e+01
-7.035713958740234375e+01
-7.035713958740234375e+01
-7.028571319580078125e+01
-7.021428680419921875e+01
-7.014286041259765625e+01
-7.007142639160156250e+01
-7.000000000000000000e+01
-7.007142639160156250e+01
-7.014286041259765625e+01
-7.021428680419921875e+01
-7.028571319580078125e+01
-7.028571319580078125e+01
-7.028571319580078125e+01
-7.028571319580078125e+01
-7.035713958740234375e+01
-7.035713958740234375e+01
-7.042857360839843750e+01
-7.057142639160156250e+01
-7.071428680419921875e+01
-7.085713958740234375e+01
-7.100000000000000000e+01
-7.114286041259765625e+01
-7.128571319580078125e+01
-7.135713958740234375e+01
-7.142857360839843750e+01
-7.150000000000000000e+01
-7.150000000000000000e+01
-7.164286041259765625e+01
-7.171428680419921875e+01
-7.171428680419921875e+01
-7.171428680419921875e+01
-7.164286041259765625e+01
-7.150000000000000000e+01
-7.135713958740234375e+01
-7.121428680419921875e+01
-7.107142639160156250e+01
-7.092857360839843750e+01
-7.078571319580078125e+01
-7.064286041259765625e+01
-7.042857360839843750e+01
-7.028571319580078125e+01
-7.014286041259765625e+01
-7.007142639160156250e+01
-7.000000000000000000e+01
-6.992857360839843750e+01
-6.985713958740234375e+01
-6.985713958740234375e+01
-6.985713958740234375e+01
-6.985713958740234375e+01
-6.985713958740234375e+01
-6.985713958740234375e+01
-6.985713958740234375e+01
-6.992857360839843750e+01
-7.000000000000000000e+01
-7.007142639160156250e+01
-7.021428680419921875e+01
-7.028571319580078125e+01
-7.035713958740234375e+01
-7.050000000000000000e+01
-7.064286041259765625e+01
-7.078571319580078125e+01
-7.092857360839843750e+01
-7.107142639160156250e+01
-7.121428680419921875e+01
-7.135713958740234375e+01
-7.142857360839843750e+01
-7.157142639160156250e+01
-7.164286041259765625e+01
-7.171428680419921875e+01
-7.171428680419921875e+01
-7.171428680419921875e+01
-7.171428680419921875e+01
-7.171428680419921875e+01
-7.157142639160156250e+01
-7.142857360839843750e+01
-7.128571319580078125e+01
-7.114286041259765625e+01
-7.092857360839843750e+01
-7.078571319580078125e+01
-7.064286041259765625e+01
-7.050000000000000000e+01
-7.042857360839843750e+01
-7.028571319580078125e+01
-7.014286041259765625e+01
-7.007142639160156250e+01
-7.000000000000000000e+01
-7.000000000000000000e+01
-6.992857360839843750e+01
-6.992857360839843750e+01
-6.992857360839843750e+01
-6.992857360839843750e+01
-7.000000000000000000e+01
-7.014286041259765625e+01
-7.021428680419921875e+01
-7.028571319580078125e+01
-7.035713958740234375e+01
-7.042857360839843750e+01
-7.050000000000000000e+01
-7.064286041259765625e+01
-7.078571319580078125e+01
-7.092857360839843750e+01
-7.107142639160156250e+01
-7.121428680419921875e+01
-7.135713958740234375e+01
-7.150000000000000000e+01
-7.157142639160156250e+01
-7.157142639160156250e+01
-7.157142639160156250e+01
-7.157142639160156250e+01
-7.157142639160156250e+01
-7.157142639160156250e+01
-7.157142639160156250e+01
-7.150000000000000000e+01
-7.150000000000000000e+01
-7.142857360839843750e+01
-7.128571319580078125e+01
-7.114286041259765625e+01
-7.100000000000000000e+01
-7.078571319580078125e+01
-7.064286041259765625e+01
-7.050000000000000000e+01
-7.042857360839843750e+01
-7.035713958740234375e+01
-7.028571319580078125e+01
-7.021428680419921875e+01
-7.007142639160156250e+01
-7.000000000000000000e+01
-6.992857360839843750e+01
-6.985713958740234375e+01
-6.985713958740234375e+01
-6.985713958740234375e+01
-6.992857360839843750e+01
-6.992857360839843750e+01
-7.000000000000000000e+01
-7.014286041259765625e+01
-7.021428680419921875e+01
-7.028571319580078125e+01
-7.035713958740234375e+01
-7.050000000000000000e+01
-7.064286041259765625e+01
-7.078571319580078125e+01
-7.100000000000000000e+01
-7.121428680419921875e+01
-7.142857360839843750e+01
-7.164286041259765625e+01
-7.178571319580078125e+01
-7.200000000000000000e+01
-7.207142639160156250e+01
-7.214286041259765625e+01
-7.214286041259765625e+01
-7.214286041259765625e+01
-7.214286041259765625e+01
-7.214286041259765625e+01
-7.207142639160156250e+01
-7.200000000000000000e+01
-7.192857360839843750e+01
-7.171428680419921875e+01
-7.150000000000000000e+01
-7.128571319580078125e+01
-7.107142639160156250e+01
-7.085713958740234375e+01
-7.071428680419921875e+01
-7.057142639160156250e+01
-7.050000000000000000e+01
-7.042857360839843750e+01
-7.035713958740234375e+01
-7.028571319580078125e+01
-7.021428680419921875e+01
-7.014286041259765625e+01
-7.007142639160156250e+01
-7.007142639160156250e+01
-7.014286041259765625e+01
-7.014286041259765625e+01
-7.021428680419921875e+01
-7.028571319580078125e+01
-7.035713958740234375e+01
-7.050000000000000000e+01
-7.064286041259765625e+01
-7.078571319580078125e+01
-7.085713958740234375e+01
-7.100000000000000000e+01
-7.114286041259765625e+01
-7.135713958740234375e+01
-7.157142639160156250e+01
-7.178571319580078125e+01
-7.200000000000000000e+01
-7.214286041259765625e+01
-7.228571319580078125e+01
-7.242857360839843750e+01
-7.250000000000000000e+01
-7.250000000000000000e+01
-7.250000000000000000e+01
-7.250000000000000000e+01
-7.250000000000000000e+01
-7.242857360839843750e+01
-7.235713958740234375e+01
-7.228571319580078125e+01
-7.207142639160156250e+01
-7.185713958740234375e+01
-7.164286041259765625e+01
-7.142857360839843750e+01
-7.121428680419921875e+01
-7.100000000000000000e+01
-7.085713958740234375e+01
-7.071428680419921875e+01
-7.064286041259765625e+01
-7.057142639160156250e+01
-7.042857360839843750e+01
-7.035713958740234375e+01
-7.028571319580078125e+01
-7.021428680419921875e+01
-7.014286041259765625e+01
-7.014286041259765625e+01
-7.021428680419921875e+01
-7.028571319580078125e+01
-7.035713958740234375e+01
-7.050000000000000000e+01
-7.064286041259765625e+01
-7.078571319580078125e+01
-7.085713958740234375e+01
-7.100000000000000000e+01
-7.107142639160156250e+01
-7.121428680419921875e+01
-7.142857360839843750e+01
-7.164286041259765625e+01
-7.185713958740234375e+01
-7.207142639160156250e+01
-7.221428680419921875e+01
-7.228571319580078125e+01
-7.235713958740234375e+01
-7.235713958740234375e+01
-7.235713958740234375e+01
-7.242857360839843750e+01
-7.242857360839843750e+01
-7.242857360839843750e+01
-7.250000000000000000e+01
-7.257142639160156250e+01
-7.257142639160156250e+01
-7.264286041259765625e+01
-7.285713958740234375e+01
-7.307142639160156250e+01
-7.350000000000000000e+01
-7.414286041259765625e+01
-7.514286041259765625e+01
-7.628571319580078125e+01
-7.764286041259765625e+01
-7.935713958740234375e+01
-8.142857360839843750e+01
-8.407142639160156250e+01
-8.721428680419921875e+01
-9.100000000000000000e+01
-9.550000000000000000e+01
-1.007857131958007812e+02
-1.070000000000000000e+02
-1.137142868041992188e+02
-1.207857131958007812e+02
-1.288571472167968750e+02
-1.377142791748046875e+02
-1.475000000000000000e+02
-1.587857208251953125e+02
-1.709285736083984375e+02
