3.910000000000000000e+03
3.905000000000000000e+03
3.894000000000000000e+03
3.876000000000000000e+03
3.852000000000000000e+03
3.824000000000000000e+03
3.793000000000000000e+03
3.757000000000000000e+03
3.719000000000000000e+03
3.681000000000000000e+03
3.639000000000000000e+03
3.596000000000000000e+03
3.551000000000000000e+03
3.506000000000000000e+03
3.460000000000000000e+03
3.413000000000000000e+03
3.366000000000000000e+03
3.318000000000000000e+03
3.271000000000000000e+03
3.221000000000000000e+03
2.171000000000000000e+03
2.072000000000000000e+03
1.971000000000000000e+03
1.873000000000000000e+03
1.772000000000000000e+03
1.674000000000000000e+03
1.572000000000000000e+03
1.473000000000000000e+03
1.373000000000000000e+03
1.272000000000000000e+03
1.172000000000000000e+03
1.068000000000000000e+03
9.680000000000000000e+02
8.690000000000000000e+02
7.690000000000000000e+02
6.700000000000000000e+02
5.710000000000000000e+02
4.720000000000000000e+02
3.720000000000000000e+02
2.730000000000000000e+02
1.750000000000000000e+02
7.500000000000000000e+01
-2.500000000000000000e+01
-1.280000000000000000e+02
-2.240000000000000000e+02
-3.220000000000000000e+02
-4.200000000000000000e+02
-5.190000000000000000e+02
-6.200000000000000000e+02
-7.200000000000000000e+02
-8.200000000000000000e+02
-9.200000000000000000e+02
-1.020000000000000000e+03
-1.121000000000000000e+03
-1.220000000000000000e+03
-1.320000000000000000e+03
-1.421000000000000000e+03
-1.523000000000000000e+03
-1.626000000000000000e+03
-1.730000000000000000e+03
-1.828000000000000000e+03
-1.930000000000000000e+03
-2.032000000000000000e+03
-2.133000000000000000e+03
-2.232000000000000000e+03
-2.333000000000000000e+03
-2.431000000000000000e+03
-2.532000000000000000e+03
-2.633000000000000000e+03
-2.733000000000000000e+03
-2.834000000000000000e+03
-2.932000000000000000e+03
-3.032000000000000000e+03
-3.131000000000000000e+03
-3.230000000000000000e+03
-3.330000000000000000e+03
-3.429000000000000000e+03
-3.528000000000000000e+03
-3.629000000000000000e+03
-3.728000000000000000e+03
-3.828000000000000000e+03
-3.927000000000000000e+03
-4.027000000000000000e+03
-4.127000000000000000e+03
-4.229000000000000000e+03
-4.327000000000000000e+03
-4.425000000000000000e+03
-4.524000000000000000e+03
-4.623000000000000000e+03
-4.722000000000000000e+03
-4.822000000000000000e+03
-4.924000000000000000e+03
-5.025000000000000000e+03
-5.126000000000000000e+03
-5.227000000000000000e+03
-5.327000000000000000e+03
-5.427000000000000000e+03
-5.528000000000000000e+03
-5.629000000000000000e+03
-5.732000000000000000e+03
-5.832000000000000000e+03
-5.934000000000000000e+03
-6.035000000000000000e+03
-6.135000000000000000e+03
-6.235000000000000000e+03
-6.335000000000000000e+03
-6.436000000000000000e+03
-6.534000000000000000e+03
-6.635000000000000000e+03
-6.735000000000000000e+03
-6.836000000000000000e+03
-6.936000000000000000e+03
-7.034000000000000000e+03
-7.134000000000000000e+03
-7.234000000000000000e+03
-7.336000000000000000e+03
-7.436000000000000000e+03
-7.535000000000000000e+03
-7.633000000000000000e+03
-7.734000000000000000e+03
-7.833000000000000000e+03
-7.933000000000000000e+03
-8.032000000000000000e+03
-8.131000000000000000e+03
-8.234000000000000000e+03
-8.334000000000000000e+03
-8.433000000000000000e+03
-8.531000000000000000e+03
-8.630000000000000000e+03
-8.728000000000000000e+03
-8.828000000000000000e+03
-8.927000000000000000e+03
-9.028000000000000000e+03
-9.127000000000000000e+03
-9.229000000000000000e+03
-9.329000000000000000e+03
-9.429000000000000000e+03
-9.539000000000000000e+03
-9.630000000000000000e+03
-9.731000000000000000e+03
-9.834000000000000000e+03
-9.939000000000000000e+03
-1.004000000000000000e+04
-1.014200000000000000e+04
-1.024200000000000000e+04
-1.034200000000000000e+04
-1.044100000000000000e+04
-1.054100000000000000e+04
-1.064000000000000000e+04
-1.074100000000000000e+04
-1.084100000000000000e+04
-1.094200000000000000e+04
-1.104200000000000000e+04
-1.114100000000000000e+04
-1.124000000000000000e+04
-1.134000000000000000e+04
-1.143800000000000000e+04
-1.153700000000000000e+04
-1.163700000000000000e+04
-1.173500000000000000e+04
-1.183600000000000000e+04
-1.193600000000000000e+04
-1.203500000000000000e+04
-1.213500000000000000e+04
-1.223400000000000000e+04
-1.233800000000000000e+04
-1.244000000000000000e+04
-1.253800000000000000e+04
-1.263700000000000000e+04
-1.273500000000000000e+04
-1.283500000000000000e+04
-1.293500000000000000e+04
-1.303500000000000000e+04
-1.313500000000000000e+04
-1.323400000000000000e+04
-1.333500000000000000e+04
-1.343500000000000000e+04
-1.353500000000000000e+04
-1.363600000000000000e+04
-1.373600000000000000e+04
-1.383800000000000000e+04
-1.394100000000000000e+04
-1.404300000000000000e+04
-1.414300000000000000e+04
-1.424500000000000000e+04
-1.434400000000000000e+04
-1.444400000000000000e+04
-1.454400000000000000e+04
-1.464700000000000000e+04
-1.474700000000000000e+04
-1.484800000000000000e+04
-1.494800000000000000e+04
-1.504900000000000000e+04
-1.514800000000000000e+04
-1.524700000000000000e+04
-1.534600000000000000e+04
-1.544500000000000000e+04
-1.554300000000000000e+04
-1.564300000000000000e+04
-1.574300000000000000e+04
-1.584200000000000000e+04
-1.594200000000000000e+04
-1.604200000000000000e+04
-1.614000000000000000e+04
-1.624000000000000000e+04
-1.633900000000000000e+04
-1.644400000000000000e+04
-1.654200000000000000e+04
-1.664100000000000000e+04
-1.674000000000000000e+04
-1.683900000000000000e+04
-1.693700000000000000e+04
-1.703700000000000000e+04
-1.713700000000000000e+04
-1.723700000000000000e+04
-1.734000000000000000e+04
-1.744100000000000000e+04
-1.754000000000000000e+04
-1.764100000000000000e+04
-1.774100000000000000e+04
-1.784100000000000000e+04
-1.794300000000000000e+04
-1.804500000000000000e+04
-1.814700000000000000e+04
-1.824800000000000000e+04
-1.835000000000000000e+04
-1.845000000000000000e+04
-1.855000000000000000e+04
-1.865000000000000000e+04
-1.875000000000000000e+04
-1.885000000000000000e+04
-1.894900000000000000e+04
-1.905000000000000000e+04
-1.915000000000000000e+04
-1.925000000000000000e+04
-1.934900000000000000e+04
-1.944900000000000000e+04
-1.954800000000000000e+04
-1.964700000000000000e+04
-1.974500000000000000e+04
-1.984400000000000000e+04
-1.994300000000000000e+04
-2.004600000000000000e+04
-2.014600000000000000e+04
-2.024500000000000000e+04
-2.034500000000000000e+04
-2.044400000000000000e+04
-2.055000000000000000e+04
-2.064800000000000000e+04
-2.074600000000000000e+04
-2.084600000000000000e+04
-2.094400000000000000e+04
-2.104300000000000000e+04
-2.114200000000000000e+04
-2.124200000000000000e+04
-2.134300000000000000e+04
-2.144400000000000000e+04
-2.154500000000000000e+04
-2.164300000000000000e+04
-2.174300000000000000e+04
-2.184400000000000000e+04
-2.194400000000000000e+04
-2.204600000000000000e+04
-2.214700000000000000e+04
-2.224900000000000000e+04
-2.235000000000000000e+04
-2.245200000000000000e+04
-2.255500000000000000e+04
-2.265500000000000000e+04
-2.275500000000000000e+04
-2.285400000000000000e+04
-2.295500000000000000e+04
-2.305500000000000000e+04
-2.315500000000000000e+04
-2.325600000000000000e+04
-2.335600000000000000e+04
-2.345600000000000000e+04
-2.355500000000000000e+04
-2.365400000000000000e+04
-2.375400000000000000e+04
-2.385100000000000000e+04
-2.395000000000000000e+04
-2.405000000000000000e+04
-2.415000000000000000e+04
-2.425000000000000000e+04
-2.434900000000000000e+04
-2.444900000000000000e+04
-2.454800000000000000e+04
-2.465300000000000000e+04
-2.475100000000000000e+04
-2.484800000000000000e+04
-2.494800000000000000e+04
-2.504900000000000000e+04
-2.514900000000000000e+04
-2.524900000000000000e+04
-2.534900000000000000e+04
-2.545000000000000000e+04
-2.554900000000000000e+04
-2.564900000000000000e+04
-2.574900000000000000e+04
-2.584800000000000000e+04
-2.595000000000000000e+04
-2.605000000000000000e+04
-2.615200000000000000e+04
-2.625400000000000000e+04
-2.635500000000000000e+04
-2.645600000000000000e+04
-2.655700000000000000e+04
-2.665700000000000000e+04
-2.675700000000000000e+04
-2.685700000000000000e+04
-2.695700000000000000e+04
-2.705800000000000000e+04
-2.715800000000000000e+04
-2.725900000000000000e+04
-2.736000000000000000e+04
-2.746100000000000000e+04
-2.756100000000000000e+04
-2.766100000000000000e+04
-2.775900000000000000e+04
-2.785900000000000000e+04
-2.795700000000000000e+04
-2.805600000000000000e+04
-2.815700000000000000e+04
-2.825600000000000000e+04
-2.835500000000000000e+04
-2.845400000000000000e+04
-2.855400000000000000e+04
-2.865400000000000000e+04
-2.875800000000000000e+04
-2.885600000000000000e+04
-2.895400000000000000e+04
-2.905400000000000000e+04
-2.915300000000000000e+04
-2.925200000000000000e+04
-2.935200000000000000e+04
-2.945100000000000000e+04
-2.955200000000000000e+04
-2.965200000000000000e+04
-2.975100000000000000e+04
-2.985200000000000000e+04
-2.995500000000000000e+04
-3.005600000000000000e+04
-3.015700000000000000e+04
-3.025800000000000000e+04
-3.036000000000000000e+04
-3.046100000000000000e+04
-3.056200000000000000e+04
-3.066200000000000000e+04
-3.076400000000000000e+04
-3.086400000000000000e+04
-3.096400000000000000e+04
-3.106400000000000000e+04
-3.116400000000000000e+04
-3.126400000000000000e+04
-3.136500000000000000e+04
-3.146400000000000000e+04
-3.156300000000000000e+04
-3.166300000000000000e+04
-3.176400000000000000e+04
-3.186300000000000000e+04
-3.196300000000000000e+04
-3.206400000000000000e+04
-3.216300000000000000e+04
-3.226100000000000000e+04
-3.236200000000000000e+04
-3.246100000000000000e+04
-3.256000000000000000e+04
-3.266000000000000000e+04
-3.276000000000000000e+04
-3.286400000000000000e+04
-3.296200000000000000e+04
-3.306000000000000000e+04
-3.315900000000000000e+04
-3.325800000000000000e+04
-3.335700000000000000e+04
-3.345700000000000000e+04
-3.355600000000000000e+04
-3.365800000000000000e+04
-3.375900000000000000e+04
-3.385900000000000000e+04
-3.395800000000000000e+04
-3.405800000000000000e+04
-3.415900000000000000e+04
-3.425900000000000000e+04
-3.436000000000000000e+04
-3.446600000000000000e+04
-3.456700000000000000e+04
-3.466900000000000000e+04
-3.476900000000000000e+04
-3.487000000000000000e+04
-3.497000000000000000e+04
-3.506900000000000000e+04
-3.516900000000000000e+04
-3.526900000000000000e+04
-3.536900000000000000e+04
-3.547000000000000000e+04
-3.557100000000000000e+04
-3.567000000000000000e+04
-3.577000000000000000e+04
-3.587000000000000000e+04
-3.596900000000000000e+04
-3.606800000000000000e+04
-3.616600000000000000e+04
-3.626500000000000000e+04
-3.636400000000000000e+04
-3.646500000000000000e+04
-3.656400000000000000e+04
-3.666400000000000000e+04
-3.676300000000000000e+04
-3.686300000000000000e+04
-3.697000000000000000e+04
-3.706400000000000000e+04
-3.716500000000000000e+04
-3.726300000000000000e+04
-3.736400000000000000e+04
-3.746300000000000000e+04
-3.756300000000000000e+04
-3.766200000000000000e+04
-3.776300000000000000e+04
-3.786300000000000000e+04
-3.796400000000000000e+04
-3.806200000000000000e+04
-3.816300000000000000e+04
-3.826300000000000000e+04
-3.836500000000000000e+04
-3.846700000000000000e+04
-3.856900000000000000e+04
-3.867000000000000000e+04
-3.877100000000000000e+04
-3.887200000000000000e+04
-3.897200000000000000e+04
-3.907200000000000000e+04
-3.917200000000000000e+04
-3.927100000000000000e+04
-3.937200000000000000e+04
-3.947500000000000000e+04
-3.957600000000000000e+04
-3.967600000000000000e+04
-3.977500000000000000e+04
-3.987500000000000000e+04
-3.997500000000000000e+04
-4.007400000000000000e+04
-4.017300000000000000e+04
-4.027200000000000000e+04
-4.037100000000000000e+04
-4.047000000000000000e+04
-4.057100000000000000e+04
-4.067000000000000000e+04
-4.076900000000000000e+04
-4.086900000000000000e+04
-4.096800000000000000e+04
-4.107200000000000000e+04
-4.116900000000000000e+04
-4.126800000000000000e+04
-4.136600000000000000e+04
-4.146600000000000000e+04
-4.156500000000000000e+04
-4.166500000000000000e+04
-4.176800000000000000e+04
-4.186500000000000000e+04
-4.196900000000000000e+04
-4.206900000000000000e+04
-4.216800000000000000e+04
-4.226900000000000000e+04
-4.237000000000000000e+04
-4.247100000000000000e+04
-4.257300000000000000e+04
-4.267500000000000000e+04
-4.277500000000000000e+04
-4.287600000000000000e+04
-4.297700000000000000e+04
-4.307800000000000000e+04
-4.317800000000000000e+04
-4.327900000000000000e+04
-4.337800000000000000e+04
-4.347800000000000000e+04
-4.357700000000000000e+04
-4.367800000000000000e+04
-4.377800000000000000e+04
-4.387800000000000000e+04
-4.397700000000000000e+04
-4.407700000000000000e+04
-4.418000000000000000e+04
-4.427900000000000000e+04
-4.437800000000000000e+04
-4.447700000000000000e+04
-4.457500000000000000e+04
-4.467600000000000000e+04
-4.477500000000000000e+04
-4.487400000000000000e+04
-4.497500000000000000e+04
-4.507500000000000000e+04
-4.517900000000000000e+04
-4.527500000000000000e+04
-4.537400000000000000e+04
-4.547200000000000000e+04
-4.557100000000000000e+04
-4.567100000000000000e+04
-4.577000000000000000e+04
-4.587000000000000000e+04
-4.597100000000000000e+04
-4.607100000000000000e+04
-4.617200000000000000e+04
-4.627100000000000000e+04
-4.637200000000000000e+04
-4.647500000000000000e+04
-4.657400000000000000e+04
-4.667900000000000000e+04
-4.678000000000000000e+04
-4.688200000000000000e+04
-4.698400000000000000e+04
-4.708400000000000000e+04
-4.718500000000000000e+04
-4.728400000000000000e+04
-4.738400000000000000e+04
-4.748300000000000000e+04
-4.758400000000000000e+04
-4.768300000000000000e+04
-4.778400000000000000e+04
-4.788400000000000000e+04
-4.798300000000000000e+04
-4.808300000000000000e+04
-4.818200000000000000e+04
-4.828100000000000000e+04
-4.838100000000000000e+04
-4.848000000000000000e+04
-4.857800000000000000e+04
-4.868100000000000000e+04
-4.877900000000000000e+04
-4.888200000000000000e+04
-4.898100000000000000e+04
-4.908100000000000000e+04
-4.918200000000000000e+04
-4.928300000000000000e+04
-4.938000000000000000e+04
-4.947900000000000000e+04
-4.957700000000000000e+04
-4.967600000000000000e+04
-4.977700000000000000e+04
-4.987600000000000000e+04
-4.997600000000000000e+04
-5.007600000000000000e+04
-5.017800000000000000e+04
-5.027800000000000000e+04
-5.037700000000000000e+04
-5.047700000000000000e+04
-5.057800000000000000e+04
-5.068000000000000000e+04
-5.078300000000000000e+04
-5.088400000000000000e+04
-5.098500000000000000e+04
-5.108700000000000000e+04
-5.118700000000000000e+04
-5.128700000000000000e+04
-5.138700000000000000e+04
-5.149000000000000000e+04
-5.158900000000000000e+04
-5.169100000000000000e+04
-5.179000000000000000e+04
-5.189100000000000000e+04
-5.199000000000000000e+04
-5.208800000000000000e+04
-5.218800000000000000e+04
-5.228700000000000000e+04
-5.238600000000000000e+04
-5.248600000000000000e+04
-5.258500000000000000e+04
-5.268400000000000000e+04
-5.278500000000000000e+04
-5.288400000000000000e+04
-5.298400000000000000e+04
-5.308300000000000000e+04
-5.318300000000000000e+04
-5.328500000000000000e+04
-5.338500000000000000e+04
-5.348400000000000000e+04
-5.358600000000000000e+04
-5.368400000000000000e+04
-5.378300000000000000e+04
-5.388300000000000000e+04
-5.398200000000000000e+04
-5.408300000000000000e+04
-5.418200000000000000e+04
-5.428300000000000000e+04
-5.438300000000000000e+04
-5.448300000000000000e+04
-5.458400000000000000e+04
-5.468400000000000000e+04
-5.478600000000000000e+04
-5.488800000000000000e+04
-5.498900000000000000e+04
-5.509000000000000000e+04
-5.519200000000000000e+04
-5.529200000000000000e+04
-5.539300000000000000e+04
-5.549300000000000000e+04
-5.559400000000000000e+04
-5.569600000000000000e+04
-5.579700000000000000e+04
-5.589600000000000000e+04
-5.599600000000000000e+04
-5.609600000000000000e+04
-5.619500000000000000e+04
-5.629500000000000000e+04
-5.639300000000000000e+04
-5.649300000000000000e+04
-5.659200000000000000e+04
-5.669100000000000000e+04
-5.679000000000000000e+04
-5.689000000000000000e+04
-5.699000000000000000e+04
-5.708900000000000000e+04
-5.718900000000000000e+04
-5.728800000000000000e+04
-5.739200000000000000e+04
-5.749200000000000000e+04
-5.759000000000000000e+04
-5.768800000000000000e+04
-5.778700000000000000e+04
-5.788500000000000000e+04
-5.798500000000000000e+04
-5.808800000000000000e+04
-5.818800000000000000e+04
-5.828800000000000000e+04
-5.839000000000000000e+04
-5.848900000000000000e+04
-5.858800000000000000e+04
-5.868900000000000000e+04
-5.878900000000000000e+04
-5.889100000000000000e+04
-5.899300000000000000e+04
-5.909500000000000000e+04
-5.919700000000000000e+04
-5.929900000000000000e+04
-5.939900000000000000e+04
-5.949900000000000000e+04
-5.959800000000000000e+04
-5.969900000000000000e+04
-5.979800000000000000e+04
-5.989900000000000000e+04
-5.999800000000000000e+04
-6.009800000000000000e+04
-6.019900000000000000e+04
-6.029800000000000000e+04
-6.039800000000000000e+04
-6.049700000000000000e+04
-6.059500000000000000e+04
-6.069700000000000000e+04
-6.079700000000000000e+04
-6.089600000000000000e+04
-6.099600000000000000e+04
-6.109600000000000000e+04
-6.119600000000000000e+04
-6.129600000000000000e+04
-6.139500000000000000e+04
-6.150000000000000000e+04
-6.159800000000000000e+04
-6.169600000000000000e+04
-6.179400000000000000e+04
-6.189300000000000000e+04
-6.199200000000000000e+04
-6.209200000000000000e+04
-6.219200000000000000e+04
-6.229200000000000000e+04
-6.239100000000000000e+04
-6.249200000000000000e+04
-6.259100000000000000e+04
-6.269100000000000000e+04
-6.279200000000000000e+04
-6.289300000000000000e+04
-6.299400000000000000e+04
-6.310000000000000000e+04
-6.319900000000000000e+04
-6.330300000000000000e+04
-6.340500000000000000e+04
-6.350500000000000000e+04
-6.360500000000000000e+04
-6.370400000000000000e+04
-6.380500000000000000e+04
-6.390500000000000000e+04
-6.400500000000000000e+04
-6.410600000000000000e+04
-6.420600000000000000e+04
-6.430600000000000000e+04
-6.440400000000000000e+04
-6.450400000000000000e+04
-6.460300000000000000e+04
-6.470100000000000000e+04
-6.480100000000000000e+04
-6.489900000000000000e+04
-6.499900000000000000e+04
-6.510000000000000000e+04
-6.519900000000000000e+04
-6.529800000000000000e+04
-6.539700000000000000e+04
-6.549700000000000000e+04
-6.560100000000000000e+04
-6.569900000000000000e+04
-6.579800000000000000e+04
-6.589700000000000000e+04
-6.599900000000000000e+04
-6.609800000000000000e+04
-6.619800000000000000e+04
-6.629800000000000000e+04
-6.639800000000000000e+04
-6.649900000000000000e+04
-6.659900000000000000e+04
-6.669800000000000000e+04
-6.679900000000000000e+04
-6.689900000000000000e+04
-6.700000000000000000e+04
-6.710100000000000000e+04
-6.720400000000000000e+04
-6.730500000000000000e+04
-6.740600000000000000e+04
-6.750900000000000000e+04
-6.760800000000000000e+04
-6.770900000000000000e+04
-6.780800000000000000e+04
-6.790800000000000000e+04
-6.800800000000000000e+04
-6.810700000000000000e+04
-6.820800000000000000e+04
-6.830800000000000000e+04
-6.840800000000000000e+04
-6.850600000000000000e+04
-6.860900000000000000e+04
-6.870600000000000000e+04
-6.880900000000000000e+04
-6.890700000000000000e+04
-6.900600000000000000e+04
-6.910500000000000000e+04
-6.920500000000000000e+04
-6.930500000000000000e+04
-6.940400000000000000e+04
-6.950400000000000000e+04
-6.960300000000000000e+04
-6.970900000000000000e+04
-6.980700000000000000e+04
-6.990500000000000000e+04
-7.000300000000000000e+04
-7.010200000000000000e+04
-7.020100000000000000e+04
-7.030100000000000000e+04
-7.040000000000000000e+04
-7.050000000000000000e+04
-7.060000000000000000e+04
-7.069900000000000000e+04
-7.079800000000000000e+04
-7.089500000000000000e+04
-7.099300000000000000e+04
-7.109100000000000000e+04
-7.119200000000000000e+04
-7.128800000000000000e+04
-7.138700000000000000e+04
-7.148300000000000000e+04
-7.157900000000000000e+04
-7.167200000000000000e+04
-7.176500000000000000e+04
-7.185600000000000000e+04
-7.194600000000000000e+04
-7.203400000000000000e+04
