9.510000000000000000e+02
9.490000000000000000e+02
9.360000000000000000e+02
9.170000000000000000e+02
8.940000000000000000e+02
8.650000000000000000e+02
8.330000000000000000e+02
7.960000000000000000e+02
7.590000000000000000e+02
7.200000000000000000e+02
6.770000000000000000e+02
6.350000000000000000e+02
5.890000000000000000e+02
5.440000000000000000e+02
4.980000000000000000e+02
4.520000000000000000e+02
4.040000000000000000e+02
3.570000000000000000e+02
3.100000000000000000e+02
2.610000000000000000e+02
-7.750000000000000000e+02
-8.760000000000000000e+02
-9.760000000000000000e+02
-1.076000000000000000e+03
-1.175000000000000000e+03
-1.275000000000000000e+03
-1.375000000000000000e+03
-1.476000000000000000e+03
-1.577000000000000000e+03
-1.679000000000000000e+03
-1.780000000000000000e+03
-1.880000000000000000e+03
-1.981000000000000000e+03
-2.081000000000000000e+03
-2.181000000000000000e+03
-2.280000000000000000e+03
-2.380000000000000000e+03
-2.479000000000000000e+03
-2.580000000000000000e+03
-2.681000000000000000e+03
-2.782000000000000000e+03
-2.881000000000000000e+03
-2.981000000000000000e+03
-3.084000000000000000e+03
-3.182000000000000000e+03
-3.282000000000000000e+03
-3.381000000000000000e+03
-3.480000000000000000e+03
-3.580000000000000000e+03
-3.679000000000000000e+03
-3.779000000000000000e+03
-3.878000000000000000e+03
-3.977000000000000000e+03
-4.076000000000000000e+03
-4.181000000000000000e+03
-4.280000000000000000e+03
-4.378000000000000000e+03
-4.477000000000000000e+03
-4.577000000000000000e+03
-4.675000000000000000e+03
-4.775000000000000000e+03
-4.875000000000000000e+03
-4.976000000000000000e+03
-5.076000000000000000e+03
-5.176000000000000000e+03
-5.276000000000000000e+03
-5.375000000000000000e+03
-5.477000000000000000e+03
-5.578000000000000000e+03
-5.679000000000000000e+03
-5.781000000000000000e+03
-5.884000000000000000e+03
-5.985000000000000000e+03
-6.086000000000000000e+03
-6.187000000000000000e+03
-6.287000000000000000e+03
-6.386000000000000000e+03
-6.486000000000000000e+03
-6.587000000000000000e+03
-6.690000000000000000e+03
-6.788000000000000000e+03
-6.887000000000000000e+03
-6.986000000000000000e+03
-7.086000000000000000e+03
-7.187000000000000000e+03
-7.286000000000000000e+03
-7.386000000000000000e+03
-7.484000000000000000e+03
-7.583000000000000000e+03
-7.681000000000000000e+03
-7.782000000000000000e+03
-7.880000000000000000e+03
-7.980000000000000000e+03
-8.079000000000000000e+03
-8.179000000000000000e+03
-8.284000000000000000e+03
-8.385000000000000000e+03
-8.483000000000000000e+03
-8.581000000000000000e+03
-8.681000000000000000e+03
-8.780000000000000000e+03
-8.880000000000000000e+03
-8.980000000000000000e+03
-9.081000000000000000e+03
-9.182000000000000000e+03
-9.283000000000000000e+03
-9.382000000000000000e+03
-9.482000000000000000e+03
-9.582000000000000000e+03
-9.683000000000000000e+03
-9.784000000000000000e+03
-9.886000000000000000e+03
-9.987000000000000000e+03
-1.008900000000000000e+04
-1.019000000000000000e+04
-1.029000000000000000e+04
-1.038900000000000000e+04
-1.048900000000000000e+04
-1.058800000000000000e+04
-1.068900000000000000e+04
-1.078900000000000000e+04
-1.089300000000000000e+04
-1.099300000000000000e+04
-1.109200000000000000e+04
-1.118900000000000000e+04
-1.129200000000000000e+04
-1.139100000000000000e+04
-1.149000000000000000e+04
-1.158900000000000000e+04
-1.168800000000000000e+04
-1.178700000000000000e+04
-1.188800000000000000e+04
-1.198700000000000000e+04
-1.208600000000000000e+04
-1.218600000000000000e+04
-1.228500000000000000e+04
-1.238900000000000000e+04
-1.248600000000000000e+04
-1.258500000000000000e+04
-1.268300000000000000e+04
-1.278400000000000000e+04
-1.288300000000000000e+04
-1.298300000000000000e+04
-1.308400000000000000e+04
-1.318400000000000000e+04
-1.328500000000000000e+04
-1.338500000000000000e+04
-1.348400000000000000e+04
-1.358400000000000000e+04
-1.368400000000000000e+04
-1.378600000000000000e+04
-1.388700000000000000e+04
-1.399300000000000000e+04
-1.409100000000000000e+04
-1.419200000000000000e+04
-1.429600000000000000e+04
-1.439600000000000000e+04
-1.449500000000000000e+04
-1.459500000000000000e+04
-1.469400000000000000e+04
-1.479500000000000000e+04
-1.489500000000000000e+04
-1.499600000000000000e+04
-1.509600000000000000e+04
-1.519500000000000000e+04
-1.529500000000000000e+04
-1.539400000000000000e+04
-1.549300000000000000e+04
-1.559300000000000000e+04
-1.569200000000000000e+04
-1.579100000000000000e+04
-1.589000000000000000e+04
-1.599100000000000000e+04
-1.609000000000000000e+04
-1.618900000000000000e+04
-1.628800000000000000e+04
-1.638700000000000000e+04
-1.649100000000000000e+04
-1.658800000000000000e+04
-1.668800000000000000e+04
-1.678600000000000000e+04
-1.689000000000000000e+04
-1.698900000000000000e+04
-1.708600000000000000e+04
-1.718900000000000000e+04
-1.728900000000000000e+04
-1.739000000000000000e+04
-1.749100000000000000e+04
-1.759000000000000000e+04
-1.769100000000000000e+04
-1.779100000000000000e+04
-1.789200000000000000e+04
-1.799400000000000000e+04
-1.809500000000000000e+04
-1.819600000000000000e+04
-1.829700000000000000e+04
-1.839800000000000000e+04
-1.849800000000000000e+04
-1.859800000000000000e+04
-1.869800000000000000e+04
-1.879700000000000000e+04
-1.889800000000000000e+04
-1.899700000000000000e+04
-1.909800000000000000e+04
-1.919700000000000000e+04
-1.929700000000000000e+04
-1.939700000000000000e+04
-1.949700000000000000e+04
-1.959600000000000000e+04
-1.969500000000000000e+04
-1.979400000000000000e+04
-1.989600000000000000e+04
-1.999500000000000000e+04
-2.009600000000000000e+04
-2.019400000000000000e+04
-2.029200000000000000e+04
-2.039300000000000000e+04
-2.049300000000000000e+04
-2.059700000000000000e+04
-2.069500000000000000e+04
-2.079400000000000000e+04
-2.089200000000000000e+04
-2.099200000000000000e+04
-2.109100000000000000e+04
-2.119100000000000000e+04
-2.129100000000000000e+04
-2.139200000000000000e+04
-2.149200000000000000e+04
-2.159400000000000000e+04
-2.169200000000000000e+04
-2.179200000000000000e+04
-2.189300000000000000e+04
-2.199400000000000000e+04
-2.209600000000000000e+04
-2.219600000000000000e+04
-2.229800000000000000e+04
-2.239900000000000000e+04
-2.250300000000000000e+04
-2.260400000000000000e+04
-2.270300000000000000e+04
-2.280400000000000000e+04
-2.290300000000000000e+04
-2.300300000000000000e+04
-2.310300000000000000e+04
-2.320300000000000000e+04
-2.330400000000000000e+04
-2.340300000000000000e+04
-2.350300000000000000e+04
-2.360200000000000000e+04
-2.370100000000000000e+04
-2.380100000000000000e+04
-2.389900000000000000e+04
-2.399900000000000000e+04
-2.409700000000000000e+04
-2.419800000000000000e+04
-2.429800000000000000e+04
-2.439700000000000000e+04
-2.449700000000000000e+04
-2.459700000000000000e+04
-2.470100000000000000e+04
-2.479700000000000000e+04
-2.489600000000000000e+04
-2.499500000000000000e+04
-2.509400000000000000e+04
-2.519500000000000000e+04
-2.529500000000000000e+04
-2.539400000000000000e+04
-2.549800000000000000e+04
-2.559500000000000000e+04
-2.569600000000000000e+04
-2.579800000000000000e+04
-2.589800000000000000e+04
-2.599800000000000000e+04
-2.610000000000000000e+04
-2.620200000000000000e+04
-2.630300000000000000e+04
-2.640500000000000000e+04
-2.650600000000000000e+04
-2.660600000000000000e+04
-2.670600000000000000e+04
-2.680500000000000000e+04
-2.690600000000000000e+04
-2.700600000000000000e+04
-2.710700000000000000e+04
-2.720600000000000000e+04
-2.730700000000000000e+04
-2.740700000000000000e+04
-2.750500000000000000e+04
-2.760600000000000000e+04
-2.770500000000000000e+04
-2.780400000000000000e+04
-2.790400000000000000e+04
-2.800300000000000000e+04
-2.810200000000000000e+04
-2.820200000000000000e+04
-2.830200000000000000e+04
-2.840400000000000000e+04
-2.850200000000000000e+04
-2.860300000000000000e+04
-2.870300000000000000e+04
-2.880500000000000000e+04
-2.890400000000000000e+04
-2.900200000000000000e+04
-2.910100000000000000e+04
-2.920000000000000000e+04
-2.930100000000000000e+04
-2.940000000000000000e+04
-2.949900000000000000e+04
-2.960000000000000000e+04
-2.970200000000000000e+04
-2.980200000000000000e+04
-2.990100000000000000e+04
-3.000100000000000000e+04
-3.010200000000000000e+04
-3.020300000000000000e+04
-3.030500000000000000e+04
-3.040600000000000000e+04
-3.050700000000000000e+04
-3.060900000000000000e+04
-3.070800000000000000e+04
-3.080900000000000000e+04
-3.090900000000000000e+04
-3.101300000000000000e+04
-3.111200000000000000e+04
-3.121300000000000000e+04
-3.131200000000000000e+04
-3.141200000000000000e+04
-3.151300000000000000e+04
-3.161100000000000000e+04
-3.171100000000000000e+04
-3.181100000000000000e+04
-3.191000000000000000e+04
-3.200900000000000000e+04
-3.210900000000000000e+04
-3.220800000000000000e+04
-3.230700000000000000e+04
-3.240700000000000000e+04
-3.250700000000000000e+04
-3.260600000000000000e+04
-3.270600000000000000e+04
-3.280900000000000000e+04
-3.290900000000000000e+04
-3.300700000000000000e+04
-3.310500000000000000e+04
-3.320400000000000000e+04
-3.330300000000000000e+04
-3.340300000000000000e+04
-3.350200000000000000e+04
-3.360300000000000000e+04
-3.370300000000000000e+04
-3.380700000000000000e+04
-3.390700000000000000e+04
-3.400700000000000000e+04
-3.410600000000000000e+04
-3.420700000000000000e+04
-3.430800000000000000e+04
-3.441100000000000000e+04
-3.451200000000000000e+04
-3.461300000000000000e+04
-3.471500000000000000e+04
-3.481500000000000000e+04
-3.491500000000000000e+04
-3.501400000000000000e+04
-3.511500000000000000e+04
-3.521400000000000000e+04
-3.531500000000000000e+04
-3.541500000000000000e+04
-3.551500000000000000e+04
-3.561600000000000000e+04
-3.571500000000000000e+04
-3.581400000000000000e+04
-3.592300000000000000e+04
-3.601200000000000000e+04
-3.611100000000000000e+04
-3.621000000000000000e+04
-3.630900000000000000e+04
-3.640900000000000000e+04
-3.650900000000000000e+04
-3.660900000000000000e+04
-3.671200000000000000e+04
-3.681100000000000000e+04
-3.691500000000000000e+04
-3.701400000000000000e+04
-3.711200000000000000e+04
-3.721100000000000000e+04
-3.730900000000000000e+04
-3.740800000000000000e+04
-3.750800000000000000e+04
-3.760900000000000000e+04
-3.770900000000000000e+04
-3.780800000000000000e+04
-3.791900000000000000e+04
-3.800900000000000000e+04
-3.810900000000000000e+04
-3.820900000000000000e+04
-3.830900000000000000e+04
-3.841100000000000000e+04
-3.851400000000000000e+04
-3.861500000000000000e+04
-3.871600000000000000e+04
-3.881800000000000000e+04
-3.892000000000000000e+04
-3.901700000000000000e+04
-3.912000000000000000e+04
-3.922100000000000000e+04
-3.932100000000000000e+04
-3.942100000000000000e+04
-3.952200000000000000e+04
-3.962200000000000000e+04
-3.972200000000000000e+04
-3.982000000000000000e+04
-3.991900000000000000e+04
-4.001900000000000000e+04
-4.011700000000000000e+04
-4.021700000000000000e+04
-4.031700000000000000e+04
-4.041600000000000000e+04
-4.051600000000000000e+04
-4.061600000000000000e+04
-4.071500000000000000e+04
-4.081400000000000000e+04
-4.091300000000000000e+04
-4.101800000000000000e+04
-4.111600000000000000e+04
-4.121400000000000000e+04
-4.131400000000000000e+04
-4.141200000000000000e+04
-4.151200000000000000e+04
-4.161100000000000000e+04
-4.171100000000000000e+04
-4.181400000000000000e+04
-4.191400000000000000e+04
-4.201500000000000000e+04
-4.211500000000000000e+04
-4.221500000000000000e+04
-4.231500000000000000e+04
-4.241600000000000000e+04
-4.251800000000000000e+04
-4.262000000000000000e+04
-4.272100000000000000e+04
-4.282100000000000000e+04
-4.292400000000000000e+04
-4.302300000000000000e+04
-4.312400000000000000e+04
-4.322400000000000000e+04
-4.332400000000000000e+04
-4.342400000000000000e+04
-4.352400000000000000e+04
-4.362400000000000000e+04
-4.372400000000000000e+04
-4.382400000000000000e+04
-4.392300000000000000e+04
-4.402200000000000000e+04
-4.412200000000000000e+04
-4.422100000000000000e+04
-4.432000000000000000e+04
-4.441900000000000000e+04
-4.451800000000000000e+04
-4.461800000000000000e+04
-4.471800000000000000e+04
-4.481700000000000000e+04
-4.492000000000000000e+04
-4.501900000000000000e+04
-4.512400000000000000e+04
-4.522200000000000000e+04
-4.532100000000000000e+04
-4.542000000000000000e+04
-4.551800000000000000e+04
-4.561700000000000000e+04
-4.571600000000000000e+04
-4.581600000000000000e+04
-4.591700000000000000e+04
-4.601800000000000000e+04
-4.611800000000000000e+04
-4.621700000000000000e+04
-4.631700000000000000e+04
-4.641800000000000000e+04
-4.651700000000000000e+04
-4.662000000000000000e+04
-4.672200000000000000e+04
-4.682300000000000000e+04
-4.692400000000000000e+04
-4.702600000000000000e+04
-4.712700000000000000e+04
-4.722600000000000000e+04
-4.732600000000000000e+04
-4.742600000000000000e+04
-4.752600000000000000e+04
-4.762600000000000000e+04
-4.772600000000000000e+04
-4.783000000000000000e+04
-4.793000000000000000e+04
-4.802900000000000000e+04
-4.812800000000000000e+04
-4.822500000000000000e+04
-4.832200000000000000e+04
-4.841700000000000000e+04
-4.851300000000000000e+04
-4.860800000000000000e+04
-4.870300000000000000e+04
-4.879800000000000000e+04
-4.889100000000000000e+04
1.007000000000000000e+03
1.002000000000000000e+03
9.890000000000000000e+02
9.740000000000000000e+02
9.520000000000000000e+02
9.210000000000000000e+02
8.880000000000000000e+02
8.530000000000000000e+02
8.130000000000000000e+02
7.730000000000000000e+02
7.330000000000000000e+02
6.900000000000000000e+02
6.460000000000000000e+02
6.000000000000000000e+02
5.550000000000000000e+02
5.080000000000000000e+02
4.600000000000000000e+02
4.130000000000000000e+02
3.650000000000000000e+02
3.180000000000000000e+02
-7.190000000000000000e+02
-8.190000000000000000e+02
-9.190000000000000000e+02
-1.020000000000000000e+03
-1.121000000000000000e+03
-1.220000000000000000e+03
-1.319000000000000000e+03
-1.420000000000000000e+03
-1.521000000000000000e+03
-1.624000000000000000e+03
-1.724000000000000000e+03
-1.825000000000000000e+03
-1.927000000000000000e+03
-2.026000000000000000e+03
-2.126000000000000000e+03
-2.225000000000000000e+03
-2.326000000000000000e+03
-2.425000000000000000e+03
-2.525000000000000000e+03
-2.626000000000000000e+03
-2.726000000000000000e+03
-2.826000000000000000e+03
-2.925000000000000000e+03
-3.025000000000000000e+03
-3.124000000000000000e+03
-3.223000000000000000e+03
-3.324000000000000000e+03
-3.422000000000000000e+03
-3.521000000000000000e+03
-3.622000000000000000e+03
-3.721000000000000000e+03
-3.825000000000000000e+03
-3.923000000000000000e+03
-4.023000000000000000e+03
-4.123000000000000000e+03
-4.225000000000000000e+03
-4.322000000000000000e+03
-4.421000000000000000e+03
-4.520000000000000000e+03
-4.619000000000000000e+03
-4.719000000000000000e+03
-4.819000000000000000e+03
-4.918000000000000000e+03
-5.020000000000000000e+03
-5.121000000000000000e+03
-5.221000000000000000e+03
-5.320000000000000000e+03
-5.420000000000000000e+03
-5.521000000000000000e+03
-5.622000000000000000e+03
-5.725000000000000000e+03
-5.825000000000000000e+03
-5.926000000000000000e+03
-6.029000000000000000e+03
-6.128000000000000000e+03
-6.229000000000000000e+03
-6.328000000000000000e+03
-6.429000000000000000e+03
-6.528000000000000000e+03
-6.628000000000000000e+03
-6.728000000000000000e+03
-6.828000000000000000e+03
-6.928000000000000000e+03
-7.027000000000000000e+03
-7.127000000000000000e+03
-7.227000000000000000e+03
-7.326000000000000000e+03
-7.426000000000000000e+03
-7.524000000000000000e+03
-7.623000000000000000e+03
-7.726000000000000000e+03
-7.825000000000000000e+03
-7.922000000000000000e+03
-8.024000000000000000e+03
-8.124000000000000000e+03
-8.227000000000000000e+03
-8.327000000000000000e+03
-8.425000000000000000e+03
-8.523000000000000000e+03
-8.622000000000000000e+03
-8.721000000000000000e+03
-8.821000000000000000e+03
-8.921000000000000000e+03
-9.021000000000000000e+03
-9.122000000000000000e+03
-9.223000000000000000e+03
-9.323000000000000000e+03
-9.423000000000000000e+03
-9.522000000000000000e+03
-9.623000000000000000e+03
-9.725000000000000000e+03
-9.826000000000000000e+03
-9.928000000000000000e+03
-1.002900000000000000e+04
-1.013100000000000000e+04
-1.023100000000000000e+04
-1.033100000000000000e+04
-1.043100000000000000e+04
-1.053100000000000000e+04
-1.063000000000000000e+04
-1.073000000000000000e+04
-1.083000000000000000e+04
-1.093100000000000000e+04
-1.103100000000000000e+04
-1.113300000000000000e+04
-1.123200000000000000e+04
-1.133200000000000000e+04
-1.143000000000000000e+04
-1.152900000000000000e+04
-1.162900000000000000e+04
-1.172800000000000000e+04
-1.182800000000000000e+04
-1.192800000000000000e+04
-1.202800000000000000e+04
-1.212700000000000000e+04
-1.222600000000000000e+04
-1.233000000000000000e+04
-1.243000000000000000e+04
-1.252700000000000000e+04
-1.262600000000000000e+04
-1.272500000000000000e+04
-1.282400000000000000e+04
-1.292500000000000000e+04
-1.302500000000000000e+04
-1.312500000000000000e+04
-1.322500000000000000e+04
-1.332600000000000000e+04
-1.342600000000000000e+04
-1.352500000000000000e+04
-1.362400000000000000e+04
-1.372500000000000000e+04
-1.382800000000000000e+04
-1.393000000000000000e+04
-1.403200000000000000e+04
-1.413200000000000000e+04
-1.423800000000000000e+04
-1.433700000000000000e+04
-1.443700000000000000e+04
-1.453700000000000000e+04
-1.463700000000000000e+04
-1.473700000000000000e+04
-1.483800000000000000e+04
-1.493700000000000000e+04
-1.503700000000000000e+04
-1.513700000000000000e+04
-1.523600000000000000e+04
-1.533500000000000000e+04
-1.543400000000000000e+04
-1.553300000000000000e+04
-1.563200000000000000e+04
-1.573200000000000000e+04
-1.583000000000000000e+04
-1.593100000000000000e+04
-1.603100000000000000e+04
-1.613000000000000000e+04
-1.622900000000000000e+04
-1.632800000000000000e+04
-1.643200000000000000e+04
-1.653200000000000000e+04
-1.663000000000000000e+04
-1.673000000000000000e+04
-1.682800000000000000e+04
-1.692700000000000000e+04
-1.702700000000000000e+04
-1.712700000000000000e+04
-1.723000000000000000e+04
-1.733000000000000000e+04
-1.742800000000000000e+04
-1.753100000000000000e+04
-1.763100000000000000e+04
-1.773200000000000000e+04
-1.783200000000000000e+04
-1.793400000000000000e+04
-1.803500000000000000e+04
-1.813600000000000000e+04
-1.823700000000000000e+04
-1.833900000000000000e+04
-1.843900000000000000e+04
-1.853900000000000000e+04
-1.863900000000000000e+04
-1.874000000000000000e+04
-1.883900000000000000e+04
-1.894000000000000000e+04
-1.903900000000000000e+04
-1.914000000000000000e+04
-1.923900000000000000e+04
-1.933800000000000000e+04
-1.943800000000000000e+04
-1.953700000000000000e+04
-1.963500000000000000e+04
-1.973400000000000000e+04
-1.983400000000000000e+04
-1.993200000000000000e+04
-2.003300000000000000e+04
-2.013300000000000000e+04
-2.023100000000000000e+04
-2.033100000000000000e+04
-2.043100000000000000e+04
-2.053600000000000000e+04
-2.063500000000000000e+04
-2.073600000000000000e+04
-2.083500000000000000e+04
-2.093400000000000000e+04
-2.103300000000000000e+04
-2.113300000000000000e+04
-2.123200000000000000e+04
-2.133300000000000000e+04
-2.143300000000000000e+04
-2.153400000000000000e+04
-2.163400000000000000e+04
-2.173300000000000000e+04
-2.183400000000000000e+04
-2.193300000000000000e+04
-2.203500000000000000e+04
-2.213700000000000000e+04
-2.223800000000000000e+04
-2.234000000000000000e+04
-2.244200000000000000e+04
-2.254200000000000000e+04
-2.264200000000000000e+04
-2.274200000000000000e+04
-2.284300000000000000e+04
-2.294100000000000000e+04
-2.304100000000000000e+04
-2.314200000000000000e+04
-2.324300000000000000e+04
-2.334300000000000000e+04
-2.344200000000000000e+04
-2.354100000000000000e+04
-2.364000000000000000e+04
-2.374200000000000000e+04
-2.384000000000000000e+04
-2.393900000000000000e+04
-2.403900000000000000e+04
-2.413900000000000000e+04
-2.423900000000000000e+04
-2.433800000000000000e+04
-2.443800000000000000e+04
-2.453700000000000000e+04
-2.464200000000000000e+04
-2.474000000000000000e+04
-2.483800000000000000e+04
-2.493800000000000000e+04
-2.503600000000000000e+04
-2.513600000000000000e+04
-2.523600000000000000e+04
-2.533600000000000000e+04
-2.543700000000000000e+04
-2.553700000000000000e+04
-2.563700000000000000e+04
-2.573600000000000000e+04
-2.583500000000000000e+04
-2.593700000000000000e+04
-2.603600000000000000e+04
-2.613900000000000000e+04
-2.624100000000000000e+04
-2.634200000000000000e+04
-2.644600000000000000e+04
-2.654500000000000000e+04
-2.664500000000000000e+04
-2.674800000000000000e+04
-2.684800000000000000e+04
-2.694700000000000000e+04
-2.704800000000000000e+04
-2.714800000000000000e+04
-2.724900000000000000e+04
-2.734900000000000000e+04
-2.744900000000000000e+04
-2.754700000000000000e+04
-2.764700000000000000e+04
-2.774500000000000000e+04
-2.784500000000000000e+04
-2.794400000000000000e+04
-2.804300000000000000e+04
-2.814300000000000000e+04
-2.824200000000000000e+04
-2.834200000000000000e+04
-2.844000000000000000e+04
-2.854000000000000000e+04
-2.864000000000000000e+04
-2.874400000000000000e+04
-2.884300000000000000e+04
-2.894100000000000000e+04
-2.904100000000000000e+04
-2.914000000000000000e+04
-2.923900000000000000e+04
-2.934200000000000000e+04
-2.944200000000000000e+04
-2.954200000000000000e+04
-2.964200000000000000e+04
-2.974200000000000000e+04
-2.984200000000000000e+04
-2.994100000000000000e+04
-3.004600000000000000e+04
-3.014300000000000000e+04
-3.024500000000000000e+04
-3.034600000000000000e+04
-3.044700000000000000e+04
-3.054900000000000000e+04
-3.065000000000000000e+04
-3.075100000000000000e+04
-3.085100000000000000e+04
-3.095100000000000000e+04
-3.105100000000000000e+04
-3.115100000000000000e+04
-3.125100000000000000e+04
-3.135100000000000000e+04
-3.145100000000000000e+04
-3.155100000000000000e+04
-3.165000000000000000e+04
-3.175000000000000000e+04
-3.184900000000000000e+04
-3.194900000000000000e+04
-3.204700000000000000e+04
-3.214600000000000000e+04
-3.224900000000000000e+04
-3.234800000000000000e+04
-3.244800000000000000e+04
-3.254700000000000000e+04
-3.264600000000000000e+04
-3.274600000000000000e+04
-3.285100000000000000e+04
-3.294900000000000000e+04
-3.304700000000000000e+04
-3.314700000000000000e+04
-3.324600000000000000e+04
-3.334500000000000000e+04
-3.344500000000000000e+04
-3.354400000000000000e+04
-3.364500000000000000e+04
-3.374600000000000000e+04
-3.384600000000000000e+04
-3.394500000000000000e+04
-3.404400000000000000e+04
-3.414600000000000000e+04
-3.424700000000000000e+04
-3.434700000000000000e+04
-3.444900000000000000e+04
-3.455000000000000000e+04
-3.465200000000000000e+04
-3.475300000000000000e+04
-3.485700000000000000e+04
-3.495700000000000000e+04
-3.505600000000000000e+04
-3.515600000000000000e+04
-3.525600000000000000e+04
-3.535600000000000000e+04
-3.545700000000000000e+04
-3.555700000000000000e+04
-3.565600000000000000e+04
-3.575600000000000000e+04
-3.585600000000000000e+04
-3.595500000000000000e+04
-3.605400000000000000e+04
-3.615200000000000000e+04
-3.625100000000000000e+04
-3.635100000000000000e+04
-3.645100000000000000e+04
-3.654900000000000000e+04
-3.664900000000000000e+04
-3.674900000000000000e+04
-3.684800000000000000e+04
-3.695200000000000000e+04
-3.705100000000000000e+04
-3.714900000000000000e+04
-3.724800000000000000e+04
-3.735000000000000000e+04
-3.744600000000000000e+04
-3.754700000000000000e+04
-3.764900000000000000e+04
-3.775000000000000000e+04
-3.785100000000000000e+04
-3.795100000000000000e+04
-3.805000000000000000e+04
-3.815100000000000000e+04
-3.825000000000000000e+04
-3.835200000000000000e+04
-3.845300000000000000e+04
-3.855600000000000000e+04
-3.865600000000000000e+04
-3.875700000000000000e+04
-3.885800000000000000e+04
-3.895800000000000000e+04
-3.905800000000000000e+04
-3.915800000000000000e+04
-3.925800000000000000e+04
-3.937700000000000000e+04
-3.945900000000000000e+04
-3.956000000000000000e+04
-3.965900000000000000e+04
-3.975900000000000000e+04
-3.985800000000000000e+04
-3.995800000000000000e+04
-4.005700000000000000e+04
-4.015600000000000000e+04
-4.025500000000000000e+04
-4.035400000000000000e+04
-4.045400000000000000e+04
-4.055800000000000000e+04
-4.065600000000000000e+04
-4.075500000000000000e+04
-4.085400000000000000e+04
-4.095400000000000000e+04
-4.105800000000000000e+04
-4.115500000000000000e+04
-4.125500000000000000e+04
-4.135400000000000000e+04
-4.145400000000000000e+04
-4.155200000000000000e+04
-4.165200000000000000e+04
-4.175200000000000000e+04
-4.185200000000000000e+04
-4.195300000000000000e+04
-4.205400000000000000e+04
-4.215200000000000000e+04
-4.225300000000000000e+04
-4.235400000000000000e+04
-4.245500000000000000e+04
-4.255600000000000000e+04
-4.265700000000000000e+04
-4.275800000000000000e+04
-4.285900000000000000e+04
-4.296400000000000000e+04
-4.306400000000000000e+04
-4.316400000000000000e+04
-4.326500000000000000e+04
-4.336400000000000000e+04
-4.346500000000000000e+04
-4.356400000000000000e+04
-4.366500000000000000e+04
-4.376500000000000000e+04
-4.387300000000000000e+04
-4.396400000000000000e+04
-4.406400000000000000e+04
-4.416300000000000000e+04
-4.426300000000000000e+04
-4.436200000000000000e+04
-4.446100000000000000e+04
-4.455900000000000000e+04
-4.466000000000000000e+04
-4.475800000000000000e+04
-4.485800000000000000e+04
-4.495700000000000000e+04
-4.505700000000000000e+04
-4.516100000000000000e+04
-4.525800000000000000e+04
-4.535800000000000000e+04
-4.545600000000000000e+04
-4.555500000000000000e+04
-4.565400000000000000e+04
-4.575400000000000000e+04
-4.585400000000000000e+04
-4.595500000000000000e+04
-4.605600000000000000e+04
-4.616000000000000000e+04
-4.625800000000000000e+04
-4.635900000000000000e+04
-4.645900000000000000e+04
-4.656000000000000000e+04
-4.666200000000000000e+04
-4.676300000000000000e+04
-4.686500000000000000e+04
-4.696600000000000000e+04
-4.706700000000000000e+04
-4.716700000000000000e+04
-4.726700000000000000e+04
-4.736800000000000000e+04
-4.746600000000000000e+04
-4.756700000000000000e+04
-4.766600000000000000e+04
-4.776700000000000000e+04
-4.786700000000000000e+04
-4.796600000000000000e+04
-4.806600000000000000e+04
-4.816400000000000000e+04
-4.826100000000000000e+04
-4.835800000000000000e+04
-4.845400000000000000e+04
-4.854900000000000000e+04
-4.864200000000000000e+04
-4.873800000000000000e+04
-4.883100000000000000e+04
