2.303000000000000000e+03
2.299000000000000000e+03
2.288000000000000000e+03
2.270000000000000000e+03
2.247000000000000000e+03
2.219000000000000000e+03
2.187000000000000000e+03
2.151000000000000000e+03
2.114000000000000000e+03
2.075000000000000000e+03
2.033000000000000000e+03
1.990000000000000000e+03
1.946000000000000000e+03
1.902000000000000000e+03
1.855000000000000000e+03
1.809000000000000000e+03
1.761000000000000000e+03
1.715000000000000000e+03
1.667000000000000000e+03
1.618000000000000000e+03
5.770000000000000000e+02
4.780000000000000000e+02
3.790000000000000000e+02
2.790000000000000000e+02
1.810000000000000000e+02
8.000000000000000000e+01
-1.900000000000000000e+01
-1.260000000000000000e+02
-2.190000000000000000e+02
-3.210000000000000000e+02
-4.200000000000000000e+02
-5.190000000000000000e+02
-6.200000000000000000e+02
-7.190000000000000000e+02
-8.190000000000000000e+02
-9.200000000000000000e+02
-1.020000000000000000e+03
-1.121000000000000000e+03
-1.219000000000000000e+03
-1.319000000000000000e+03
-1.419000000000000000e+03
-1.521000000000000000e+03
-1.623000000000000000e+03
-1.723000000000000000e+03
-1.824000000000000000e+03
-1.926000000000000000e+03
-2.025000000000000000e+03
-2.125000000000000000e+03
-2.225000000000000000e+03
-2.325000000000000000e+03
-2.424000000000000000e+03
-2.525000000000000000e+03
-2.625000000000000000e+03
-2.726000000000000000e+03
-2.827000000000000000e+03
-2.928000000000000000e+03
-3.026000000000000000e+03
-3.128000000000000000e+03
-3.227000000000000000e+03
-3.328000000000000000e+03
-3.427000000000000000e+03
-3.525000000000000000e+03
-3.626000000000000000e+03
-3.726000000000000000e+03
-3.825000000000000000e+03
-3.923000000000000000e+03
-4.023000000000000000e+03
-4.124000000000000000e+03
-4.225000000000000000e+03
-4.324000000000000000e+03
-4.422000000000000000e+03
-4.521000000000000000e+03
-4.620000000000000000e+03
-4.720000000000000000e+03
-4.820000000000000000e+03
-4.919000000000000000e+03
-5.020000000000000000e+03
-5.121000000000000000e+03
-5.222000000000000000e+03
-5.321000000000000000e+03
-5.421000000000000000e+03
-5.523000000000000000e+03
-5.627000000000000000e+03
-5.729000000000000000e+03
-5.829000000000000000e+03
-5.930000000000000000e+03
-6.032000000000000000e+03
-6.131000000000000000e+03
-6.232000000000000000e+03
-6.332000000000000000e+03
-6.432000000000000000e+03
-6.531000000000000000e+03
-6.632000000000000000e+03
-6.732000000000000000e+03
-6.832000000000000000e+03
-6.933000000000000000e+03
-7.031000000000000000e+03
-7.132000000000000000e+03
-7.232000000000000000e+03
-7.331000000000000000e+03
-7.431000000000000000e+03
-7.530000000000000000e+03
-7.628000000000000000e+03
-7.728000000000000000e+03
-7.831000000000000000e+03
-7.930000000000000000e+03
-8.025000000000000000e+03
-8.126000000000000000e+03
-8.231000000000000000e+03
-8.331000000000000000e+03
-8.429000000000000000e+03
-8.528000000000000000e+03
-8.627000000000000000e+03
-8.725000000000000000e+03
-8.825000000000000000e+03
-8.925000000000000000e+03
-9.025000000000000000e+03
-9.125000000000000000e+03
-9.227000000000000000e+03
-9.327000000000000000e+03
-9.427000000000000000e+03
-9.527000000000000000e+03
-9.628000000000000000e+03
-9.729000000000000000e+03
-9.831000000000000000e+03
-9.932000000000000000e+03
-1.003300000000000000e+04
-1.013500000000000000e+04
-1.023500000000000000e+04
-1.033500000000000000e+04
-1.043700000000000000e+04
-1.053800000000000000e+04
-1.063700000000000000e+04
-1.073800000000000000e+04
-1.083700000000000000e+04
-1.093800000000000000e+04
-1.103900000000000000e+04
-1.113800000000000000e+04
-1.123800000000000000e+04
-1.133800000000000000e+04
-1.143600000000000000e+04
-1.153600000000000000e+04
-1.163600000000000000e+04
-1.173300000000000000e+04
-1.183400000000000000e+04
-1.193300000000000000e+04
-1.203300000000000000e+04
-1.213200000000000000e+04
-1.223100000000000000e+04
-1.233500000000000000e+04
-1.243400000000000000e+04
-1.253200000000000000e+04
-1.263000000000000000e+04
-1.272900000000000000e+04
-1.282900000000000000e+04
-1.292900000000000000e+04
-1.302900000000000000e+04
-1.312900000000000000e+04
-1.322800000000000000e+04
-1.333300000000000000e+04
-1.343300000000000000e+04
-1.353300000000000000e+04
-1.363400000000000000e+04
-1.373400000000000000e+04
-1.383600000000000000e+04
-1.393800000000000000e+04
-1.403900000000000000e+04
-1.413900000000000000e+04
-1.424100000000000000e+04
-1.434100000000000000e+04
-1.444000000000000000e+04
-1.454000000000000000e+04
-1.464000000000000000e+04
-1.474000000000000000e+04
-1.484100000000000000e+04
-1.494100000000000000e+04
-1.504200000000000000e+04
-1.514200000000000000e+04
-1.524100000000000000e+04
-1.534000000000000000e+04
-1.544000000000000000e+04
-1.553800000000000000e+04
-1.563800000000000000e+04
-1.574100000000000000e+04
-1.583900000000000000e+04
-1.594000000000000000e+04
-1.603900000000000000e+04
-1.613700000000000000e+04
-1.623700000000000000e+04
-1.633600000000000000e+04
-1.644100000000000000e+04
-1.653900000000000000e+04
-1.663800000000000000e+04
-1.673700000000000000e+04
-1.683600000000000000e+04
-1.693600000000000000e+04
-1.703500000000000000e+04
-1.713500000000000000e+04
-1.723500000000000000e+04
-1.733400000000000000e+04
-1.743600000000000000e+04
-1.753500000000000000e+04
-1.763500000000000000e+04
-1.773700000000000000e+04
-1.783700000000000000e+04
-1.793900000000000000e+04
-1.804000000000000000e+04
-1.814100000000000000e+04
-1.824200000000000000e+04
-1.834700000000000000e+04
-1.844700000000000000e+04
-1.854600000000000000e+04
-1.864700000000000000e+04
-1.874700000000000000e+04
-1.884600000000000000e+04
-1.894600000000000000e+04
-1.904700000000000000e+04
-1.914800000000000000e+04
-1.924800000000000000e+04
-1.934700000000000000e+04
-1.944700000000000000e+04
-1.954600000000000000e+04
-1.964500000000000000e+04
-1.974400000000000000e+04
-1.984300000000000000e+04
-1.994100000000000000e+04
-2.004100000000000000e+04
-2.014100000000000000e+04
-2.023900000000000000e+04
-2.033900000000000000e+04
-2.043800000000000000e+04
-2.054700000000000000e+04
-2.064200000000000000e+04
-2.074000000000000000e+04
-2.084000000000000000e+04
-2.093800000000000000e+04
-2.104100000000000000e+04
-2.114100000000000000e+04
-2.124000000000000000e+04
-2.134100000000000000e+04
-2.144100000000000000e+04
-2.154200000000000000e+04
-2.164200000000000000e+04
-2.174100000000000000e+04
-2.184200000000000000e+04
-2.194200000000000000e+04
-2.204400000000000000e+04
-2.214600000000000000e+04
-2.224700000000000000e+04
-2.234800000000000000e+04
-2.245000000000000000e+04
-2.255000000000000000e+04
-2.264900000000000000e+04
-2.274900000000000000e+04
-2.284900000000000000e+04
-2.294900000000000000e+04
-2.304900000000000000e+04
-2.315000000000000000e+04
-2.325100000000000000e+04
-2.335100000000000000e+04
-2.345400000000000000e+04
-2.355400000000000000e+04
-2.365300000000000000e+04
-2.375300000000000000e+04
-2.385000000000000000e+04
-2.394800000000000000e+04
-2.404700000000000000e+04
-2.414700000000000000e+04
-2.424700000000000000e+04
-2.434600000000000000e+04
-2.444600000000000000e+04
-2.454500000000000000e+04
-2.465000000000000000e+04
-2.474800000000000000e+04
-2.484600000000000000e+04
-2.494600000000000000e+04
-2.504500000000000000e+04
-2.514400000000000000e+04
-2.524400000000000000e+04
-2.534300000000000000e+04
-2.544400000000000000e+04
-2.554400000000000000e+04
-2.564300000000000000e+04
-2.574200000000000000e+04
-2.584000000000000000e+04
-2.594300000000000000e+04
-2.604100000000000000e+04
-2.614000000000000000e+04
-2.623900000000000000e+04
-2.633700000000000000e+04
-2.643400000000000000e+04
-2.653100000000000000e+04
-2.662600000000000000e+04
-2.672000000000000000e+04
-2.681200000000000000e+04
-2.690500000000000000e+04
-2.699400000000000000e+04
-2.708600000000000000e+04
-2.717600000000000000e+04
-2.726700000000000000e+04
-2.735700000000000000e+04
-2.744600000000000000e+04
-2.753900000000000000e+04
-2.762200000000000000e+04
-2.771000000000000000e+04
-2.779500000000000000e+04
-2.787900000000000000e+04
2.413000000000000000e+03
2.410000000000000000e+03
2.398000000000000000e+03
2.380000000000000000e+03
2.356000000000000000e+03
2.328000000000000000e+03
2.296000000000000000e+03
2.262000000000000000e+03
2.224000000000000000e+03
2.184000000000000000e+03
2.142000000000000000e+03
2.100000000000000000e+03
2.055000000000000000e+03
2.010000000000000000e+03
1.964000000000000000e+03
1.917000000000000000e+03
1.871000000000000000e+03
1.823000000000000000e+03
1.774000000000000000e+03
1.727000000000000000e+03
6.830000000000000000e+02
5.830000000000000000e+02
4.850000000000000000e+02
3.850000000000000000e+02
2.850000000000000000e+02
1.880000000000000000e+02
8.700000000000000000e+01
-1.300000000000000000e+01
-1.150000000000000000e+02
-2.120000000000000000e+02
-3.110000000000000000e+02
-4.100000000000000000e+02
-5.100000000000000000e+02
-6.090000000000000000e+02
-7.090000000000000000e+02
-8.090000000000000000e+02
-9.100000000000000000e+02
-1.010000000000000000e+03
-1.111000000000000000e+03
-1.209000000000000000e+03
-1.309000000000000000e+03
-1.410000000000000000e+03
-1.511000000000000000e+03
-1.613000000000000000e+03
-1.714000000000000000e+03
-1.818000000000000000e+03
-1.918000000000000000e+03
-2.018000000000000000e+03
-2.119000000000000000e+03
-2.218000000000000000e+03
-2.318000000000000000e+03
-2.417000000000000000e+03
-2.518000000000000000e+03
-2.619000000000000000e+03
-2.719000000000000000e+03
-2.820000000000000000e+03
-2.919000000000000000e+03
-3.019000000000000000e+03
-3.119000000000000000e+03
-3.218000000000000000e+03
-3.319000000000000000e+03
-3.420000000000000000e+03
-3.517000000000000000e+03
-3.616000000000000000e+03
-3.716000000000000000e+03
-3.815000000000000000e+03
-3.913000000000000000e+03
-4.013000000000000000e+03
-4.113000000000000000e+03
-4.216000000000000000e+03
-4.317000000000000000e+03
-4.416000000000000000e+03
-4.515000000000000000e+03
-4.613000000000000000e+03
-4.713000000000000000e+03
-4.813000000000000000e+03
-4.912000000000000000e+03
-5.014000000000000000e+03
-5.114000000000000000e+03
-5.215000000000000000e+03
-5.315000000000000000e+03
-5.414000000000000000e+03
-5.516000000000000000e+03
-5.617000000000000000e+03
-5.719000000000000000e+03
-5.820000000000000000e+03
-5.920000000000000000e+03
-6.022000000000000000e+03
-6.121000000000000000e+03
-6.222000000000000000e+03
-6.322000000000000000e+03
-6.422000000000000000e+03
-6.522000000000000000e+03
-6.621000000000000000e+03
-6.725000000000000000e+03
-6.825000000000000000e+03
-6.926000000000000000e+03
-7.025000000000000000e+03
-7.125000000000000000e+03
-7.225000000000000000e+03
-7.325000000000000000e+03
-7.425000000000000000e+03
-7.524000000000000000e+03
-7.622000000000000000e+03
-7.722000000000000000e+03
-7.821000000000000000e+03
-7.920000000000000000e+03
-8.019000000000000000e+03
-8.119000000000000000e+03
-8.221000000000000000e+03
-8.322000000000000000e+03
-8.420000000000000000e+03
-8.518000000000000000e+03
-8.617000000000000000e+03
-8.716000000000000000e+03
-8.816000000000000000e+03
-8.916000000000000000e+03
-9.015000000000000000e+03
-9.116000000000000000e+03
-9.218000000000000000e+03
-9.321000000000000000e+03
-9.421000000000000000e+03
-9.521000000000000000e+03
-9.621000000000000000e+03
-9.723000000000000000e+03
-9.825000000000000000e+03
-9.926000000000000000e+03
-1.002700000000000000e+04
-1.012900000000000000e+04
-1.022800000000000000e+04
-1.032900000000000000e+04
-1.042800000000000000e+04
-1.052800000000000000e+04
-1.062700000000000000e+04
-1.072700000000000000e+04
-1.082800000000000000e+04
-1.092900000000000000e+04
-1.102900000000000000e+04
-1.112900000000000000e+04
-1.122800000000000000e+04
-1.132800000000000000e+04
-1.142700000000000000e+04
-1.154400000000000000e+04
-1.162600000000000000e+04
-1.172600000000000000e+04
-1.182700000000000000e+04
-1.192600000000000000e+04
-1.202600000000000000e+04
-1.212500000000000000e+04
-1.222500000000000000e+04
-1.232700000000000000e+04
-1.242700000000000000e+04
-1.252500000000000000e+04
-1.262400000000000000e+04
-1.272300000000000000e+04
-1.282200000000000000e+04
-1.292200000000000000e+04
-1.302200000000000000e+04
-1.312200000000000000e+04
-1.322200000000000000e+04
-1.332400000000000000e+04
-1.342300000000000000e+04
-1.352300000000000000e+04
-1.362300000000000000e+04
-1.372400000000000000e+04
-1.382600000000000000e+04
-1.392800000000000000e+04
-1.403000000000000000e+04
-1.413000000000000000e+04
-1.423100000000000000e+04
-1.433400000000000000e+04
-1.443400000000000000e+04
-1.453400000000000000e+04
-1.463400000000000000e+04
-1.473400000000000000e+04
-1.483500000000000000e+04
-1.493500000000000000e+04
-1.503600000000000000e+04
-1.513600000000000000e+04
-1.523500000000000000e+04
-1.533400000000000000e+04
-1.543300000000000000e+04
-1.553200000000000000e+04
-1.563100000000000000e+04
-1.573100000000000000e+04
-1.583000000000000000e+04
-1.593000000000000000e+04
-1.602900000000000000e+04
-1.612900000000000000e+04
-1.622700000000000000e+04
-1.632600000000000000e+04
-1.643100000000000000e+04
-1.652900000000000000e+04
-1.662800000000000000e+04
-1.672800000000000000e+04
-1.682600000000000000e+04
-1.692600000000000000e+04
-1.702500000000000000e+04
-1.712700000000000000e+04
-1.722800000000000000e+04
-1.732700000000000000e+04
-1.742900000000000000e+04
-1.752900000000000000e+04
-1.762900000000000000e+04
-1.773000000000000000e+04
-1.783000000000000000e+04
-1.793200000000000000e+04
-1.803400000000000000e+04
-1.813500000000000000e+04
-1.823500000000000000e+04
-1.833700000000000000e+04
-1.843700000000000000e+04
-1.853700000000000000e+04
-1.863700000000000000e+04
-1.873700000000000000e+04
-1.883600000000000000e+04
-1.893700000000000000e+04
-1.903700000000000000e+04
-1.913700000000000000e+04
-1.923700000000000000e+04
-1.934000000000000000e+04
-1.944000000000000000e+04
-1.953900000000000000e+04
-1.963800000000000000e+04
-1.973700000000000000e+04
-1.983700000000000000e+04
-1.993500000000000000e+04
-2.003500000000000000e+04
-2.013400000000000000e+04
-2.023200000000000000e+04
-2.033200000000000000e+04
-2.043100000000000000e+04
-2.053700000000000000e+04
-2.063600000000000000e+04
-2.073400000000000000e+04
-2.083300000000000000e+04
-2.093200000000000000e+04
-2.103000000000000000e+04
-2.113100000000000000e+04
-2.123000000000000000e+04
-2.133100000000000000e+04
-2.143000000000000000e+04
-2.153200000000000000e+04
-2.163100000000000000e+04
-2.173100000000000000e+04
-2.183500000000000000e+04
-2.193500000000000000e+04
-2.203700000000000000e+04
-2.213900000000000000e+04
-2.224000000000000000e+04
-2.234100000000000000e+04
-2.244300000000000000e+04
-2.254300000000000000e+04
-2.264200000000000000e+04
-2.274200000000000000e+04
-2.284300000000000000e+04
-2.294200000000000000e+04
-2.304200000000000000e+04
-2.314300000000000000e+04
-2.324400000000000000e+04
-2.334500000000000000e+04
-2.344400000000000000e+04
-2.354400000000000000e+04
-2.364300000000000000e+04
-2.374200000000000000e+04
-2.384000000000000000e+04
-2.393800000000000000e+04
-2.403700000000000000e+04
-2.413700000000000000e+04
-2.423700000000000000e+04
-2.433600000000000000e+04
-2.443600000000000000e+04
-2.453800000000000000e+04
-2.464300000000000000e+04
-2.474200000000000000e+04
-2.484000000000000000e+04
-2.493900000000000000e+04
-2.503800000000000000e+04
-2.513700000000000000e+04
-2.523700000000000000e+04
-2.533700000000000000e+04
-2.543700000000000000e+04
-2.553700000000000000e+04
-2.563700000000000000e+04
-2.573500000000000000e+04
-2.583300000000000000e+04
-2.593300000000000000e+04
-2.603000000000000000e+04
-2.612900000000000000e+04
-2.622800000000000000e+04
-2.632600000000000000e+04
-2.642300000000000000e+04
-2.652100000000000000e+04
-2.661500000000000000e+04
-2.671000000000000000e+04
-2.680400000000000000e+04
-2.689900000000000000e+04
-2.699000000000000000e+04
-2.708600000000000000e+04
-2.717700000000000000e+04
-2.726900000000000000e+04
-2.735900000000000000e+04
-2.744800000000000000e+04
-2.753600000000000000e+04
-2.762400000000000000e+04
-2.771300000000000000e+04
-2.780200000000000000e+04
-2.788800000000000000e+04
-2.797100000000000000e+04
2.524000000000000000e+03
2.520000000000000000e+03
2.507000000000000000e+03
2.488000000000000000e+03
2.465000000000000000e+03
2.437000000000000000e+03
2.407000000000000000e+03
2.370000000000000000e+03
2.332000000000000000e+03
2.292000000000000000e+03
2.250000000000000000e+03
2.207000000000000000e+03
2.162000000000000000e+03
2.117000000000000000e+03
2.071000000000000000e+03
2.024000000000000000e+03
1.977000000000000000e+03
1.929000000000000000e+03
1.882000000000000000e+03
1.834000000000000000e+03
7.910000000000000000e+02
6.930000000000000000e+02
5.930000000000000000e+02
4.960000000000000000e+02
3.950000000000000000e+02
2.960000000000000000e+02
1.970000000000000000e+02
9.700000000000000000e+01
-1.000000000000000000e+00
-1.060000000000000000e+02
-2.030000000000000000e+02
-3.050000000000000000e+02
-4.030000000000000000e+02
-5.030000000000000000e+02
-6.030000000000000000e+02
-7.020000000000000000e+02
-8.020000000000000000e+02
-9.030000000000000000e+02
-1.003000000000000000e+03
-1.104000000000000000e+03
-1.202000000000000000e+03
-1.302000000000000000e+03
-1.403000000000000000e+03
-1.504000000000000000e+03
-1.606000000000000000e+03
-1.707000000000000000e+03
-1.808000000000000000e+03
-1.908000000000000000e+03
-2.008000000000000000e+03
-2.109000000000000000e+03
-2.208000000000000000e+03
-2.311000000000000000e+03
-2.411000000000000000e+03
-2.511000000000000000e+03
-2.612000000000000000e+03
-2.713000000000000000e+03
-2.813000000000000000e+03
-2.912000000000000000e+03
-3.012000000000000000e+03
-3.112000000000000000e+03
-3.211000000000000000e+03
-3.312000000000000000e+03
-3.410000000000000000e+03
-3.510000000000000000e+03
-3.610000000000000000e+03
-3.710000000000000000e+03
-3.808000000000000000e+03
-3.905000000000000000e+03
-4.006000000000000000e+03
-4.109000000000000000e+03
-4.209000000000000000e+03
-4.306000000000000000e+03
-4.409000000000000000e+03
-4.508000000000000000e+03
-4.608000000000000000e+03
-4.707000000000000000e+03
-4.807000000000000000e+03
-4.906000000000000000e+03
-5.007000000000000000e+03
-5.108000000000000000e+03
-5.208000000000000000e+03
-5.307000000000000000e+03
-5.408000000000000000e+03
-5.510000000000000000e+03
-5.610000000000000000e+03
-5.712000000000000000e+03
-5.813000000000000000e+03
-5.914000000000000000e+03
-6.014000000000000000e+03
-6.115000000000000000e+03
-6.215000000000000000e+03
-6.315000000000000000e+03
-6.416000000000000000e+03
-6.515000000000000000e+03
-6.615000000000000000e+03
-6.715000000000000000e+03
-6.816000000000000000e+03
-6.919000000000000000e+03
-7.019000000000000000e+03
-7.119000000000000000e+03
-7.219000000000000000e+03
-7.318000000000000000e+03
-7.419000000000000000e+03
-7.517000000000000000e+03
-7.616000000000000000e+03
-7.715000000000000000e+03
-7.814000000000000000e+03
-7.914000000000000000e+03
-8.012000000000000000e+03
-8.112000000000000000e+03
-8.213000000000000000e+03
-8.316000000000000000e+03
-8.413000000000000000e+03
-8.512000000000000000e+03
-8.610000000000000000e+03
-8.709000000000000000e+03
-8.809000000000000000e+03
-8.912000000000000000e+03
-9.011000000000000000e+03
-9.112000000000000000e+03
-9.213000000000000000e+03
-9.314000000000000000e+03
-9.414000000000000000e+03
-9.514000000000000000e+03
-9.615000000000000000e+03
-9.716000000000000000e+03
-9.818000000000000000e+03
-9.919000000000000000e+03
-1.002000000000000000e+04
-1.012200000000000000e+04
-1.022200000000000000e+04
-1.032200000000000000e+04
-1.042100000000000000e+04
-1.052100000000000000e+04
-1.062100000000000000e+04
-1.072000000000000000e+04
-1.082000000000000000e+04
-1.092100000000000000e+04
-1.102200000000000000e+04
-1.112200000000000000e+04
-1.122200000000000000e+04
-1.132500000000000000e+04
-1.142400000000000000e+04
-1.152300000000000000e+04
-1.162200000000000000e+04
-1.172000000000000000e+04
-1.182000000000000000e+04
-1.192000000000000000e+04
-1.202000000000000000e+04
-1.211900000000000000e+04
-1.221900000000000000e+04
-1.231900000000000000e+04
-1.242000000000000000e+04
-1.251800000000000000e+04
-1.261700000000000000e+04
-1.271500000000000000e+04
-1.281500000000000000e+04
-1.291500000000000000e+04
-1.301500000000000000e+04
-1.311500000000000000e+04
-1.321500000000000000e+04
-1.331700000000000000e+04
-1.341900000000000000e+04
-1.352000000000000000e+04
-1.361900000000000000e+04
-1.372000000000000000e+04
-1.382200000000000000e+04
-1.392400000000000000e+04
-1.402600000000000000e+04
-1.412600000000000000e+04
-1.422800000000000000e+04
-1.432700000000000000e+04
-1.442700000000000000e+04
-1.452700000000000000e+04
-1.462700000000000000e+04
-1.472600000000000000e+04
-1.482700000000000000e+04
-1.492800000000000000e+04
-1.502900000000000000e+04
-1.512800000000000000e+04
-1.522800000000000000e+04
-1.532700000000000000e+04
-1.542700000000000000e+04
-1.552800000000000000e+04
-1.562400000000000000e+04
-1.572700000000000000e+04
-1.582600000000000000e+04
-1.592600000000000000e+04
-1.602500000000000000e+04
-1.612500000000000000e+04
-1.622400000000000000e+04
-1.632300000000000000e+04
-1.642600000000000000e+04
-1.652600000000000000e+04
-1.662400000000000000e+04
-1.672400000000000000e+04
-1.682200000000000000e+04
-1.692200000000000000e+04
-1.702100000000000000e+04
-1.712100000000000000e+04
-1.722100000000000000e+04
-1.732100000000000000e+04
-1.742300000000000000e+04
-1.752500000000000000e+04
-1.762200000000000000e+04
-1.772300000000000000e+04
-1.782300000000000000e+04
-1.792600000000000000e+04
-1.802700000000000000e+04
-1.812800000000000000e+04
-1.822900000000000000e+04
-1.833400000000000000e+04
-1.843300000000000000e+04
-1.853300000000000000e+04
-1.863300000000000000e+04
-1.873400000000000000e+04
-1.883300000000000000e+04
-1.893400000000000000e+04
-1.903300000000000000e+04
-1.913400000000000000e+04
-1.923400000000000000e+04
-1.933300000000000000e+04
-1.943300000000000000e+04
-1.953300000000000000e+04
-1.963200000000000000e+04
-1.973000000000000000e+04
-1.983000000000000000e+04
-1.992800000000000000e+04
-2.002800000000000000e+04
-2.012700000000000000e+04
-2.022500000000000000e+04
-2.032800000000000000e+04
-2.042800000000000000e+04
-2.053200000000000000e+04
-2.063200000000000000e+04
-2.073000000000000000e+04
-2.083900000000000000e+04
-2.092800000000000000e+04
-2.102700000000000000e+04
-2.112700000000000000e+04
-2.122600000000000000e+04
-2.132700000000000000e+04
-2.142600000000000000e+04
-2.152800000000000000e+04
-2.162800000000000000e+04
-2.172800000000000000e+04
-2.182900000000000000e+04
-2.192800000000000000e+04
-2.203000000000000000e+04
-2.213200000000000000e+04
-2.223400000000000000e+04
-2.233700000000000000e+04
-2.243900000000000000e+04
-2.253900000000000000e+04
-2.263900000000000000e+04
-2.273900000000000000e+04
-2.283900000000000000e+04
-2.293800000000000000e+04
-2.303900000000000000e+04
-2.313900000000000000e+04
-2.324000000000000000e+04
-2.334100000000000000e+04
-2.344000000000000000e+04
-2.354000000000000000e+04
-2.363900000000000000e+04
-2.373700000000000000e+04
-2.383600000000000000e+04
-2.393500000000000000e+04
-2.403400000000000000e+04
-2.413300000000000000e+04
-2.423400000000000000e+04
-2.433200000000000000e+04
-2.443200000000000000e+04
-2.453100000000000000e+04
-2.463600000000000000e+04
-2.473500000000000000e+04
-2.483500000000000000e+04
-2.493500000000000000e+04
-2.503400000000000000e+04
-2.513300000000000000e+04
-2.523400000000000000e+04
-2.533200000000000000e+04
-2.543300000000000000e+04
-2.553200000000000000e+04
-2.563300000000000000e+04
-2.573200000000000000e+04
-2.583000000000000000e+04
-2.593000000000000000e+04
-2.602800000000000000e+04
-2.612800000000000000e+04
-2.622800000000000000e+04
-2.632500000000000000e+04
-2.642300000000000000e+04
-2.652000000000000000e+04
-2.661500000000000000e+04
-2.671000000000000000e+04
-2.680300000000000000e+04
-2.689700000000000000e+04
-2.698800000000000000e+04
-2.708300000000000000e+04
-2.717400000000000000e+04
-2.726500000000000000e+04
-2.735600000000000000e+04
-2.744600000000000000e+04
-2.753400000000000000e+04
-2.762200000000000000e+04
-2.771100000000000000e+04
-2.779900000000000000e+04
-2.788500000000000000e+04
-2.796900000000000000e+04
2.619000000000000000e+03
2.615000000000000000e+03
2.603000000000000000e+03
2.584000000000000000e+03
2.561000000000000000e+03
2.533000000000000000e+03
2.480000000000000000e+03
2.462000000000000000e+03
2.428000000000000000e+03
2.387000000000000000e+03
2.345000000000000000e+03
2.302000000000000000e+03
2.258000000000000000e+03
2.212000000000000000e+03
2.165000000000000000e+03
2.119000000000000000e+03
2.072000000000000000e+03
2.024000000000000000e+03
1.976000000000000000e+03
1.928000000000000000e+03
8.860000000000000000e+02
7.860000000000000000e+02
6.880000000000000000e+02
5.890000000000000000e+02
4.900000000000000000e+02
3.890000000000000000e+02
2.900000000000000000e+02
1.910000000000000000e+02
9.200000000000000000e+01
-7.000000000000000000e+00
-1.110000000000000000e+02
-2.090000000000000000e+02
-3.070000000000000000e+02
-4.060000000000000000e+02
-5.060000000000000000e+02
-6.050000000000000000e+02
-7.050000000000000000e+02
-8.040000000000000000e+02
-9.050000000000000000e+02
-1.005000000000000000e+03
-1.105000000000000000e+03
-1.203000000000000000e+03
-1.304000000000000000e+03
-1.405000000000000000e+03
-1.506000000000000000e+03
-1.612000000000000000e+03
-1.713000000000000000e+03
-1.814000000000000000e+03
-1.914000000000000000e+03
-2.014000000000000000e+03
-2.115000000000000000e+03
-2.213000000000000000e+03
-2.314000000000000000e+03
-2.413000000000000000e+03
-2.514000000000000000e+03
-2.615000000000000000e+03
-2.715000000000000000e+03
-2.816000000000000000e+03
-2.915000000000000000e+03
-3.015000000000000000e+03
-3.115000000000000000e+03
-3.214000000000000000e+03
-3.315000000000000000e+03
-3.413000000000000000e+03
-3.514000000000000000e+03
-3.613000000000000000e+03
-3.712000000000000000e+03
-3.811000000000000000e+03
-3.909000000000000000e+03
-4.009000000000000000e+03
-4.109000000000000000e+03
-4.212000000000000000e+03
-4.309000000000000000e+03
-4.408000000000000000e+03
-4.507000000000000000e+03
-4.609000000000000000e+03
-4.709000000000000000e+03
-4.809000000000000000e+03
-4.908000000000000000e+03
-5.009000000000000000e+03
-5.110000000000000000e+03
-5.211000000000000000e+03
-5.310000000000000000e+03
-5.411000000000000000e+03
-5.512000000000000000e+03
-5.613000000000000000e+03
-5.715000000000000000e+03
-5.816000000000000000e+03
-5.916000000000000000e+03
-6.017000000000000000e+03
-6.117000000000000000e+03
-6.218000000000000000e+03
-6.317000000000000000e+03
-6.418000000000000000e+03
-6.517000000000000000e+03
-6.617000000000000000e+03
-6.718000000000000000e+03
-6.818000000000000000e+03
-6.918000000000000000e+03
-7.018000000000000000e+03
-7.118000000000000000e+03
-7.218000000000000000e+03
-7.318000000000000000e+03
-7.418000000000000000e+03
-7.516000000000000000e+03
-7.615000000000000000e+03
-7.717000000000000000e+03
-7.817000000000000000e+03
-7.916000000000000000e+03
-8.014000000000000000e+03
-8.115000000000000000e+03
-8.216000000000000000e+03
-8.318000000000000000e+03
-8.415000000000000000e+03
-8.514000000000000000e+03
-8.612000000000000000e+03
-8.711000000000000000e+03
-8.811000000000000000e+03
-8.911000000000000000e+03
-9.010000000000000000e+03
-9.111000000000000000e+03
-9.212000000000000000e+03
-9.313000000000000000e+03
-9.413000000000000000e+03
-9.513000000000000000e+03
-9.614000000000000000e+03
-9.715000000000000000e+03
-9.817000000000000000e+03
-9.918000000000000000e+03
-1.001900000000000000e+04
-1.012100000000000000e+04
-1.022000000000000000e+04
-1.032100000000000000e+04
-1.042000000000000000e+04
-1.052300000000000000e+04
-1.062300000000000000e+04
-1.072300000000000000e+04
-1.082300000000000000e+04
-1.092400000000000000e+04
-1.102400000000000000e+04
-1.112400000000000000e+04
-1.122400000000000000e+04
-1.132400000000000000e+04
-1.142300000000000000e+04
-1.152200000000000000e+04
-1.162100000000000000e+04
-1.171900000000000000e+04
-1.181900000000000000e+04
-1.191900000000000000e+04
-1.201900000000000000e+04
-1.211800000000000000e+04
-1.221800000000000000e+04
-1.231900000000000000e+04
-1.241900000000000000e+04
-1.251700000000000000e+04
-1.261600000000000000e+04
-1.271500000000000000e+04
-1.281400000000000000e+04
-1.291400000000000000e+04
-1.301500000000000000e+04
-1.311400000000000000e+04
-1.321400000000000000e+04
-1.331600000000000000e+04
-1.341900000000000000e+04
-1.351800000000000000e+04
-1.361800000000000000e+04
-1.371900000000000000e+04
-1.382100000000000000e+04
-1.392300000000000000e+04
-1.402400000000000000e+04
-1.412500000000000000e+04
-1.422700000000000000e+04
-1.432600000000000000e+04
-1.442600000000000000e+04
-1.452600000000000000e+04
-1.462600000000000000e+04
-1.472500000000000000e+04
-1.482600000000000000e+04
-1.492600000000000000e+04
-1.502700000000000000e+04
-1.512700000000000000e+04
-1.522600000000000000e+04
-1.532600000000000000e+04
-1.542600000000000000e+04
-1.552500000000000000e+04
-1.562600000000000000e+04
-1.572400000000000000e+04
-1.582200000000000000e+04
-1.592200000000000000e+04
-1.602100000000000000e+04
-1.612400000000000000e+04
-1.622300000000000000e+04
-1.632200000000000000e+04
-1.642500000000000000e+04
-1.652500000000000000e+04
-1.662300000000000000e+04
-1.672300000000000000e+04
-1.682100000000000000e+04
-1.692100000000000000e+04
-1.702000000000000000e+04
-1.712000000000000000e+04
-1.722000000000000000e+04
-1.731900000000000000e+04
-1.742100000000000000e+04
-1.752100000000000000e+04
-1.762100000000000000e+04
-1.772100000000000000e+04
-1.782200000000000000e+04
-1.792400000000000000e+04
-1.802600000000000000e+04
-1.812700000000000000e+04
-1.822700000000000000e+04
-1.832900000000000000e+04
-1.842900000000000000e+04
-1.852900000000000000e+04
-1.862900000000000000e+04
-1.872900000000000000e+04
-1.882800000000000000e+04
-1.892900000000000000e+04
-1.902900000000000000e+04
-1.912900000000000000e+04
-1.923300000000000000e+04
-1.933200000000000000e+04
-1.943200000000000000e+04
-1.953200000000000000e+04
-1.963100000000000000e+04
-1.973000000000000000e+04
-1.982900000000000000e+04
-1.992700000000000000e+04
-2.002700000000000000e+04
-2.012600000000000000e+04
-2.022500000000000000e+04
-2.032500000000000000e+04
-2.042400000000000000e+04
-2.052900000000000000e+04
-2.062900000000000000e+04
-2.072600000000000000e+04
-2.082500000000000000e+04
-2.092400000000000000e+04
-2.102200000000000000e+04
-2.112200000000000000e+04
-2.122200000000000000e+04
-2.132300000000000000e+04
-2.142200000000000000e+04
-2.152400000000000000e+04
-2.162400000000000000e+04
-2.172300000000000000e+04
-2.182500000000000000e+04
-2.192400000000000000e+04
-2.202600000000000000e+04
-2.212800000000000000e+04
-2.223200000000000000e+04
-2.233300000000000000e+04
-2.243500000000000000e+04
-2.253500000000000000e+04
-2.263500000000000000e+04
-2.273400000000000000e+04
-2.283500000000000000e+04
-2.293400000000000000e+04
-2.303500000000000000e+04
-2.313400000000000000e+04
-2.323600000000000000e+04
-2.333700000000000000e+04
-2.343600000000000000e+04
-2.353600000000000000e+04
-2.363500000000000000e+04
-2.373300000000000000e+04
-2.383200000000000000e+04
-2.393100000000000000e+04
-2.402900000000000000e+04
-2.412900000000000000e+04
-2.423000000000000000e+04
-2.432800000000000000e+04
-2.442800000000000000e+04
-2.452800000000000000e+04
-2.463200000000000000e+04
-2.473100000000000000e+04
-2.482800000000000000e+04
-2.492800000000000000e+04
-2.502600000000000000e+04
-2.512600000000000000e+04
-2.522900000000000000e+04
-2.532900000000000000e+04
-2.542900000000000000e+04
-2.552800000000000000e+04
-2.562900000000000000e+04
-2.572800000000000000e+04
-2.582600000000000000e+04
-2.592700000000000000e+04
-2.602500000000000000e+04
-2.612500000000000000e+04
-2.622400000000000000e+04
-2.632200000000000000e+04
-2.641900000000000000e+04
-2.651700000000000000e+04
-2.661200000000000000e+04
-2.670700000000000000e+04
-2.680000000000000000e+04
-2.689300000000000000e+04
-2.698400000000000000e+04
-2.707700000000000000e+04
-2.716700000000000000e+04
-2.725800000000000000e+04
-2.734700000000000000e+04
-2.743700000000000000e+04
-2.752500000000000000e+04
-2.761400000000000000e+04
-2.770200000000000000e+04
-2.779000000000000000e+04
-2.787600000000000000e+04
-2.795900000000000000e+04
