4.906000000000000000e+03
4.902000000000000000e+03
4.890000000000000000e+03
4.872000000000000000e+03
4.850000000000000000e+03
4.822000000000000000e+03
4.789000000000000000e+03
4.754000000000000000e+03
4.716000000000000000e+03
4.676000000000000000e+03
4.636000000000000000e+03
4.592000000000000000e+03
4.548000000000000000e+03
4.502000000000000000e+03
4.456000000000000000e+03
4.411000000000000000e+03
4.363000000000000000e+03
4.317000000000000000e+03
4.269000000000000000e+03
4.221000000000000000e+03
3.182000000000000000e+03
3.082000000000000000e+03
2.981000000000000000e+03
2.883000000000000000e+03
2.782000000000000000e+03
2.681000000000000000e+03
2.580000000000000000e+03
2.478000000000000000e+03
2.378000000000000000e+03
2.274000000000000000e+03
2.172000000000000000e+03
2.073000000000000000e+03
1.973000000000000000e+03
1.874000000000000000e+03
1.773000000000000000e+03
1.674000000000000000e+03
1.574000000000000000e+03
1.475000000000000000e+03
1.374000000000000000e+03
1.273000000000000000e+03
1.174000000000000000e+03
1.073000000000000000e+03
9.730000000000000000e+02
8.740000000000000000e+02
7.730000000000000000e+02
6.750000000000000000e+02
5.750000000000000000e+02
4.760000000000000000e+02
3.760000000000000000e+02
2.770000000000000000e+02
1.780000000000000000e+02
7.800000000000000000e+01
-2.300000000000000000e+01
-1.250000000000000000e+02
-2.250000000000000000e+02
-3.230000000000000000e+02
-4.220000000000000000e+02
-5.210000000000000000e+02
-6.220000000000000000e+02
-7.210000000000000000e+02
-8.200000000000000000e+02
-9.210000000000000000e+02
-1.021000000000000000e+03
-1.123000000000000000e+03
-1.222000000000000000e+03
-1.322000000000000000e+03
-1.423000000000000000e+03
-1.525000000000000000e+03
-1.627000000000000000e+03
-1.729000000000000000e+03
-1.828000000000000000e+03
-1.929000000000000000e+03
-2.029000000000000000e+03
-2.129000000000000000e+03
-2.228000000000000000e+03
-2.329000000000000000e+03
-2.428000000000000000e+03
-2.532000000000000000e+03
-2.633000000000000000e+03
-2.733000000000000000e+03
-2.834000000000000000e+03
-2.933000000000000000e+03
-3.033000000000000000e+03
-3.133000000000000000e+03
-3.232000000000000000e+03
-3.332000000000000000e+03
-3.431000000000000000e+03
-3.530000000000000000e+03
-3.630000000000000000e+03
-3.730000000000000000e+03
-3.829000000000000000e+03
-3.927000000000000000e+03
-4.027000000000000000e+03
-4.129000000000000000e+03
-4.229000000000000000e+03
-4.327000000000000000e+03
-4.426000000000000000e+03
-4.525000000000000000e+03
-4.624000000000000000e+03
-4.723000000000000000e+03
-4.823000000000000000e+03
-4.922000000000000000e+03
-5.024000000000000000e+03
-5.128000000000000000e+03
-5.228000000000000000e+03
-5.328000000000000000e+03
-5.428000000000000000e+03
-5.529000000000000000e+03
-5.631000000000000000e+03
-5.733000000000000000e+03
-5.834000000000000000e+03
-5.934000000000000000e+03
-6.035000000000000000e+03
-6.135000000000000000e+03
-6.236000000000000000e+03
-6.335000000000000000e+03
-6.435000000000000000e+03
-6.535000000000000000e+03
-6.635000000000000000e+03
-6.735000000000000000e+03
-6.835000000000000000e+03
-6.935000000000000000e+03
-7.034000000000000000e+03
-7.134000000000000000e+03
-7.234000000000000000e+03
-7.332000000000000000e+03
-7.432000000000000000e+03
-7.529000000000000000e+03
-7.624000000000000000e+03
-7.722000000000000000e+03
-7.817000000000000000e+03
-7.914000000000000000e+03
-8.007000000000000000e+03
-8.103000000000000000e+03
-8.198000000000000000e+03
-8.297000000000000000e+03
-8.388000000000000000e+03
-8.482000000000000000e+03
-8.576000000000000000e+03
-8.668000000000000000e+03
-8.761000000000000000e+03
-8.854000000000000000e+03
-8.948000000000000000e+03
-9.042000000000000000e+03
-9.135000000000000000e+03
-9.227000000000000000e+03
4.984000000000000000e+03
4.981000000000000000e+03
4.969000000000000000e+03
4.952000000000000000e+03
4.927000000000000000e+03
4.898000000000000000e+03
4.867000000000000000e+03
4.833000000000000000e+03
4.795000000000000000e+03
4.755000000000000000e+03
4.714000000000000000e+03
4.671000000000000000e+03
4.627000000000000000e+03
4.581000000000000000e+03
4.527000000000000000e+03
4.485000000000000000e+03
4.442000000000000000e+03
4.395000000000000000e+03
4.348000000000000000e+03
4.297000000000000000e+03
3.262000000000000000e+03
3.159000000000000000e+03
3.061000000000000000e+03
2.958000000000000000e+03
2.858000000000000000e+03
2.758000000000000000e+03
2.658000000000000000e+03
2.557000000000000000e+03
2.455000000000000000e+03
2.354000000000000000e+03
2.253000000000000000e+03
2.152000000000000000e+03
2.052000000000000000e+03
1.952000000000000000e+03
1.853000000000000000e+03
1.752000000000000000e+03
1.654000000000000000e+03
1.553000000000000000e+03
1.454000000000000000e+03
1.353000000000000000e+03
1.253000000000000000e+03
1.153000000000000000e+03
1.053000000000000000e+03
9.530000000000000000e+02
8.540000000000000000e+02
7.550000000000000000e+02
6.560000000000000000e+02
5.570000000000000000e+02
4.560000000000000000e+02
3.560000000000000000e+02
2.560000000000000000e+02
1.580000000000000000e+02
5.800000000000000000e+01
-4.500000000000000000e+01
-1.470000000000000000e+02
-2.460000000000000000e+02
-3.440000000000000000e+02
-4.430000000000000000e+02
-5.420000000000000000e+02
-6.420000000000000000e+02
-7.410000000000000000e+02
-8.420000000000000000e+02
-9.410000000000000000e+02
-1.042000000000000000e+03
-1.142000000000000000e+03
-1.242000000000000000e+03
-1.342000000000000000e+03
-1.443000000000000000e+03
-1.544000000000000000e+03
-1.646000000000000000e+03
-1.747000000000000000e+03
-1.848000000000000000e+03
-1.949000000000000000e+03
-2.048000000000000000e+03
-2.149000000000000000e+03
-2.248000000000000000e+03
-2.349000000000000000e+03
-2.449000000000000000e+03
-2.550000000000000000e+03
-2.650000000000000000e+03
-2.753000000000000000e+03
-2.851000000000000000e+03
-2.950000000000000000e+03
-3.053000000000000000e+03
-3.152000000000000000e+03
-3.251000000000000000e+03
-3.351000000000000000e+03
-3.451000000000000000e+03
-3.550000000000000000e+03
-3.649000000000000000e+03
-3.749000000000000000e+03
-3.848000000000000000e+03
-3.947000000000000000e+03
-4.046000000000000000e+03
-4.149000000000000000e+03
-4.249000000000000000e+03
-4.347000000000000000e+03
-4.447000000000000000e+03
-4.546000000000000000e+03
-4.645000000000000000e+03
-4.745000000000000000e+03
-4.844000000000000000e+03
-4.944000000000000000e+03
-5.043000000000000000e+03
-5.144000000000000000e+03
-5.245000000000000000e+03
-5.344000000000000000e+03
-5.446000000000000000e+03
-5.546000000000000000e+03
-5.648000000000000000e+03
-5.750000000000000000e+03
-5.853000000000000000e+03
-5.954000000000000000e+03
-6.056000000000000000e+03
-6.155000000000000000e+03
-6.256000000000000000e+03
-6.355000000000000000e+03
-6.456000000000000000e+03
-6.555000000000000000e+03
-6.656000000000000000e+03
-6.756000000000000000e+03
-6.856000000000000000e+03
-6.956000000000000000e+03
-7.055000000000000000e+03
-7.154000000000000000e+03
-7.253000000000000000e+03
-7.350000000000000000e+03
-7.447000000000000000e+03
-7.544000000000000000e+03
-7.639000000000000000e+03
-7.737000000000000000e+03
-7.833000000000000000e+03
-7.929000000000000000e+03
-8.023000000000000000e+03
-8.119000000000000000e+03
-8.213000000000000000e+03
-8.311000000000000000e+03
-8.403000000000000000e+03
-8.496000000000000000e+03
-8.589000000000000000e+03
-8.686000000000000000e+03
-8.779000000000000000e+03
-8.874000000000000000e+03
-8.967000000000000000e+03
-9.061000000000000000e+03
-9.154000000000000000e+03
-9.245000000000000000e+03
5.057000000000000000e+03
5.054000000000000000e+03
5.043000000000000000e+03
5.025000000000000000e+03
5.001000000000000000e+03
4.973000000000000000e+03
4.941000000000000000e+03
4.902000000000000000e+03
4.867000000000000000e+03
4.829000000000000000e+03
4.786000000000000000e+03
4.743000000000000000e+03
4.696000000000000000e+03
4.652000000000000000e+03
4.606000000000000000e+03
4.559000000000000000e+03
4.511000000000000000e+03
4.464000000000000000e+03
4.416000000000000000e+03
4.369000000000000000e+03
3.332000000000000000e+03
3.231000000000000000e+03
3.130000000000000000e+03
3.030000000000000000e+03
2.931000000000000000e+03
2.832000000000000000e+03
2.731000000000000000e+03
2.631000000000000000e+03
2.530000000000000000e+03
2.428000000000000000e+03
2.327000000000000000e+03
2.226000000000000000e+03
2.125000000000000000e+03
2.026000000000000000e+03
1.926000000000000000e+03
1.826000000000000000e+03
1.726000000000000000e+03
1.627000000000000000e+03
1.527000000000000000e+03
1.427000000000000000e+03
1.322000000000000000e+03
1.225000000000000000e+03
1.125000000000000000e+03
1.022000000000000000e+03
9.230000000000000000e+02
8.220000000000000000e+02
7.250000000000000000e+02
6.250000000000000000e+02
5.260000000000000000e+02
4.260000000000000000e+02
3.260000000000000000e+02
2.280000000000000000e+02
1.280000000000000000e+02
2.800000000000000000e+01
-7.600000000000000000e+01
-1.750000000000000000e+02
-2.720000000000000000e+02
-3.720000000000000000e+02
-4.710000000000000000e+02
-5.700000000000000000e+02
-6.700000000000000000e+02
-7.700000000000000000e+02
-8.710000000000000000e+02
-9.700000000000000000e+02
-1.070000000000000000e+03
-1.170000000000000000e+03
-1.269000000000000000e+03
-1.371000000000000000e+03
-1.471000000000000000e+03
-1.573000000000000000e+03
-1.675000000000000000e+03
-1.776000000000000000e+03
-1.877000000000000000e+03
-1.977000000000000000e+03
-2.080000000000000000e+03
-2.180000000000000000e+03
-2.279000000000000000e+03
-2.379000000000000000e+03
-2.480000000000000000e+03
-2.580000000000000000e+03
-2.681000000000000000e+03
-2.781000000000000000e+03
-2.881000000000000000e+03
-2.981000000000000000e+03
-3.081000000000000000e+03
-3.180000000000000000e+03
-3.280000000000000000e+03
-3.379000000000000000e+03
-3.478000000000000000e+03
-3.578000000000000000e+03
-3.678000000000000000e+03
-3.777000000000000000e+03
-3.876000000000000000e+03
-3.976000000000000000e+03
-4.075000000000000000e+03
-4.179000000000000000e+03
-4.278000000000000000e+03
-4.376000000000000000e+03
-4.476000000000000000e+03
-4.575000000000000000e+03
-4.677000000000000000e+03
-4.774000000000000000e+03
-4.873000000000000000e+03
-4.976000000000000000e+03
-5.077000000000000000e+03
-5.177000000000000000e+03
-5.277000000000000000e+03
-5.377000000000000000e+03
-5.478000000000000000e+03
-5.579000000000000000e+03
-5.679000000000000000e+03
-5.780000000000000000e+03
-5.880000000000000000e+03
-5.981000000000000000e+03
-6.082000000000000000e+03
-6.183000000000000000e+03
-6.283000000000000000e+03
-6.382000000000000000e+03
-6.483000000000000000e+03
-6.583000000000000000e+03
-6.683000000000000000e+03
-6.783000000000000000e+03
-6.883000000000000000e+03
-6.982000000000000000e+03
-7.082000000000000000e+03
-7.182000000000000000e+03
-7.280000000000000000e+03
-7.377000000000000000e+03
-7.474000000000000000e+03
-7.573000000000000000e+03
-7.670000000000000000e+03
-7.766000000000000000e+03
-7.862000000000000000e+03
-7.957000000000000000e+03
-8.053000000000000000e+03
-8.148000000000000000e+03
-8.248000000000000000e+03
-8.341000000000000000e+03
-8.434000000000000000e+03
-8.527000000000000000e+03
-8.621000000000000000e+03
-8.713000000000000000e+03
-8.807000000000000000e+03
-8.901000000000000000e+03
-8.995000000000000000e+03
-9.089000000000000000e+03
-9.183000000000000000e+03
-9.274000000000000000e+03
