5.246000000000000000e+03
5.244000000000000000e+03
5.233000000000000000e+03
5.215000000000000000e+03
5.190000000000000000e+03
5.162000000000000000e+03
5.129000000000000000e+03
5.094000000000000000e+03
5.056000000000000000e+03
5.015000000000000000e+03
4.973000000000000000e+03
4.930000000000000000e+03
4.884000000000000000e+03
4.841000000000000000e+03
4.794000000000000000e+03
4.748000000000000000e+03
4.701000000000000000e+03
4.654000000000000000e+03
4.607000000000000000e+03
4.558000000000000000e+03
3.521000000000000000e+03
3.421000000000000000e+03
3.321000000000000000e+03
3.221000000000000000e+03
3.120000000000000000e+03
3.020000000000000000e+03
2.920000000000000000e+03
2.822000000000000000e+03
2.721000000000000000e+03
2.620000000000000000e+03
2.519000000000000000e+03
2.417000000000000000e+03
2.317000000000000000e+03
2.216000000000000000e+03
2.115000000000000000e+03
2.015000000000000000e+03
1.915000000000000000e+03
1.816000000000000000e+03
1.717000000000000000e+03
1.614000000000000000e+03
1.514000000000000000e+03
1.413000000000000000e+03
1.312000000000000000e+03
1.213000000000000000e+03
1.112000000000000000e+03
1.012000000000000000e+03
9.130000000000000000e+02
8.120000000000000000e+02
7.150000000000000000e+02
6.150000000000000000e+02
5.150000000000000000e+02
4.150000000000000000e+02
3.160000000000000000e+02
2.170000000000000000e+02
1.180000000000000000e+02
1.800000000000000000e+01
-8.600000000000000000e+01
-1.850000000000000000e+02
-2.820000000000000000e+02
-3.820000000000000000e+02
-4.810000000000000000e+02
-5.800000000000000000e+02
-6.890000000000000000e+02
-7.790000000000000000e+02
-8.800000000000000000e+02
-9.810000000000000000e+02
-1.081000000000000000e+03
-1.180000000000000000e+03
-1.284000000000000000e+03
-1.381000000000000000e+03
-1.485000000000000000e+03
-1.586000000000000000e+03
-1.688000000000000000e+03
-1.788000000000000000e+03
-1.889000000000000000e+03
-1.989000000000000000e+03
-2.090000000000000000e+03
-2.189000000000000000e+03
-2.289000000000000000e+03
-2.389000000000000000e+03
-2.490000000000000000e+03
-2.590000000000000000e+03
-2.691000000000000000e+03
-2.792000000000000000e+03
-2.891000000000000000e+03
-2.991000000000000000e+03
-3.091000000000000000e+03
-3.190000000000000000e+03
-3.290000000000000000e+03
-3.389000000000000000e+03
-3.488000000000000000e+03
-3.587000000000000000e+03
-3.687000000000000000e+03
-3.785000000000000000e+03
-3.884000000000000000e+03
-3.983000000000000000e+03
-4.083000000000000000e+03
-4.187000000000000000e+03
-4.289000000000000000e+03
-4.387000000000000000e+03
-4.486000000000000000e+03
-4.586000000000000000e+03
-4.685000000000000000e+03
-4.785000000000000000e+03
-4.884000000000000000e+03
-4.985000000000000000e+03
-5.085000000000000000e+03
-5.186000000000000000e+03
-5.285000000000000000e+03
-5.386000000000000000e+03
-5.487000000000000000e+03
-5.588000000000000000e+03
-5.689000000000000000e+03
-5.791000000000000000e+03
-5.891000000000000000e+03
-5.992000000000000000e+03
-6.092000000000000000e+03
-6.193000000000000000e+03
-6.293000000000000000e+03
-6.392000000000000000e+03
-6.493000000000000000e+03
-6.593000000000000000e+03
-6.696000000000000000e+03
-6.793000000000000000e+03
-6.894000000000000000e+03
-7.020000000000000000e+03
-7.092000000000000000e+03
-7.192000000000000000e+03
-7.294000000000000000e+03
-7.392000000000000000e+03
-7.489000000000000000e+03
-7.585000000000000000e+03
-7.682000000000000000e+03
-7.779000000000000000e+03
-7.874000000000000000e+03
-7.970000000000000000e+03
-8.065000000000000000e+03
-8.160000000000000000e+03
-8.260000000000000000e+03
-8.353000000000000000e+03
-8.446000000000000000e+03
-8.539000000000000000e+03
-8.631000000000000000e+03
-8.724000000000000000e+03
-8.818000000000000000e+03
-8.911000000000000000e+03
-9.003000000000000000e+03
-9.096000000000000000e+03
-9.188000000000000000e+03
-9.278000000000000000e+03
-9.368000000000000000e+03
-9.458000000000000000e+03
5.323000000000000000e+03
5.321000000000000000e+03
5.311000000000000000e+03
5.294000000000000000e+03
5.271000000000000000e+03
5.242000000000000000e+03
5.209000000000000000e+03
5.174000000000000000e+03
5.135000000000000000e+03
5.095000000000000000e+03
5.054000000000000000e+03
5.009000000000000000e+03
4.965000000000000000e+03
4.918000000000000000e+03
4.873000000000000000e+03
4.828000000000000000e+03
4.781000000000000000e+03
4.735000000000000000e+03
4.686000000000000000e+03
4.639000000000000000e+03
3.601000000000000000e+03
3.501000000000000000e+03
3.402000000000000000e+03
3.303000000000000000e+03
3.202000000000000000e+03
3.101000000000000000e+03
2.996000000000000000e+03
2.901000000000000000e+03
2.798000000000000000e+03
2.698000000000000000e+03
2.597000000000000000e+03
2.495000000000000000e+03
2.395000000000000000e+03
2.294000000000000000e+03
2.194000000000000000e+03
2.093000000000000000e+03
1.992000000000000000e+03
1.893000000000000000e+03
1.794000000000000000e+03
1.694000000000000000e+03
1.594000000000000000e+03
1.494000000000000000e+03
1.394000000000000000e+03
1.293000000000000000e+03
1.193000000000000000e+03
1.092000000000000000e+03
9.920000000000000000e+02
8.930000000000000000e+02
7.930000000000000000e+02
6.940000000000000000e+02
5.950000000000000000e+02
4.960000000000000000e+02
3.950000000000000000e+02
2.960000000000000000e+02
1.940000000000000000e+02
9.400000000000000000e+01
-5.000000000000000000e+00
-1.090000000000000000e+02
-2.060000000000000000e+02
-3.050000000000000000e+02
-4.030000000000000000e+02
-5.030000000000000000e+02
-6.030000000000000000e+02
-7.020000000000000000e+02
-8.020000000000000000e+02
-9.030000000000000000e+02
-1.003000000000000000e+03
-1.104000000000000000e+03
-1.203000000000000000e+03
-1.304000000000000000e+03
-1.404000000000000000e+03
-1.505000000000000000e+03
-1.607000000000000000e+03
-1.708000000000000000e+03
-1.809000000000000000e+03
-1.909000000000000000e+03
-2.010000000000000000e+03
-2.110000000000000000e+03
-2.209000000000000000e+03
-2.309000000000000000e+03
-2.408000000000000000e+03
-2.509000000000000000e+03
-2.612000000000000000e+03
-2.710000000000000000e+03
-2.814000000000000000e+03
-2.913000000000000000e+03
-3.013000000000000000e+03
-3.114000000000000000e+03
-3.213000000000000000e+03
-3.313000000000000000e+03
-3.412000000000000000e+03
-3.512000000000000000e+03
-3.611000000000000000e+03
-3.712000000000000000e+03
-3.811000000000000000e+03
-3.909000000000000000e+03
-4.008000000000000000e+03
-4.108000000000000000e+03
-4.211000000000000000e+03
-4.309000000000000000e+03
-4.408000000000000000e+03
-4.507000000000000000e+03
-4.607000000000000000e+03
-4.706000000000000000e+03
-4.805000000000000000e+03
-4.904000000000000000e+03
-5.005000000000000000e+03
-5.106000000000000000e+03
-5.207000000000000000e+03
-5.306000000000000000e+03
-5.407000000000000000e+03
-5.511000000000000000e+03
-5.612000000000000000e+03
-5.713000000000000000e+03
-5.814000000000000000e+03
-5.915000000000000000e+03
-6.015000000000000000e+03
-6.115000000000000000e+03
-6.215000000000000000e+03
-6.314000000000000000e+03
-6.414000000000000000e+03
-6.512000000000000000e+03
-6.611000000000000000e+03
-6.710000000000000000e+03
-6.812000000000000000e+03
-6.914000000000000000e+03
-7.014000000000000000e+03
-7.114000000000000000e+03
-7.215000000000000000e+03
-7.314000000000000000e+03
-7.414000000000000000e+03
-7.511000000000000000e+03
-7.609000000000000000e+03
-7.704000000000000000e+03
-7.800000000000000000e+03
-7.897000000000000000e+03
-7.992000000000000000e+03
-8.086000000000000000e+03
-8.179000000000000000e+03
-8.278000000000000000e+03
-8.371000000000000000e+03
-8.465000000000000000e+03
-8.559000000000000000e+03
-8.653000000000000000e+03
-8.746000000000000000e+03
-8.841000000000000000e+03
-8.935000000000000000e+03
-9.029000000000000000e+03
-9.123000000000000000e+03
-9.218000000000000000e+03
-9.310000000000000000e+03
-9.400000000000000000e+03
-9.490000000000000000e+03
-9.578000000000000000e+03
5.400000000000000000e+03
5.397000000000000000e+03
5.387000000000000000e+03
5.369000000000000000e+03
5.345000000000000000e+03
5.316000000000000000e+03
5.284000000000000000e+03
5.248000000000000000e+03
5.210000000000000000e+03
5.170000000000000000e+03
5.127000000000000000e+03
5.083000000000000000e+03
5.039000000000000000e+03
4.993000000000000000e+03
4.948000000000000000e+03
4.900000000000000000e+03
4.855000000000000000e+03
4.807000000000000000e+03
4.759000000000000000e+03
4.711000000000000000e+03
3.674000000000000000e+03
3.576000000000000000e+03
3.475000000000000000e+03
3.376000000000000000e+03
3.277000000000000000e+03
3.175000000000000000e+03
3.075000000000000000e+03
2.974000000000000000e+03
2.875000000000000000e+03
2.775000000000000000e+03
2.672000000000000000e+03
2.574000000000000000e+03
2.472000000000000000e+03
2.371000000000000000e+03
2.267000000000000000e+03
2.166000000000000000e+03
2.066000000000000000e+03
1.967000000000000000e+03
1.867000000000000000e+03
1.766000000000000000e+03
1.668000000000000000e+03
1.567000000000000000e+03
1.468000000000000000e+03
1.367000000000000000e+03
1.267000000000000000e+03
1.167000000000000000e+03
1.067000000000000000e+03
9.670000000000000000e+02
8.670000000000000000e+02
7.670000000000000000e+02
6.690000000000000000e+02
5.700000000000000000e+02
4.710000000000000000e+02
3.700000000000000000e+02
2.700000000000000000e+02
1.720000000000000000e+02
7.100000000000000000e+01
-2.900000000000000000e+01
-1.340000000000000000e+02
-2.320000000000000000e+02
-3.300000000000000000e+02
-4.290000000000000000e+02
-5.280000000000000000e+02
-6.280000000000000000e+02
-7.280000000000000000e+02
-8.270000000000000000e+02
-9.280000000000000000e+02
-1.029000000000000000e+03
-1.130000000000000000e+03
-1.229000000000000000e+03
-1.329000000000000000e+03
-1.430000000000000000e+03
-1.532000000000000000e+03
-1.634000000000000000e+03
-1.735000000000000000e+03
-1.835000000000000000e+03
-1.936000000000000000e+03
-2.036000000000000000e+03
-2.136000000000000000e+03
-2.235000000000000000e+03
-2.336000000000000000e+03
-2.435000000000000000e+03
-2.537000000000000000e+03
-2.636000000000000000e+03
-2.737000000000000000e+03
-2.840000000000000000e+03
-2.936000000000000000e+03
-3.036000000000000000e+03
-3.136000000000000000e+03
-3.238000000000000000e+03
-3.338000000000000000e+03
-3.437000000000000000e+03
-3.536000000000000000e+03
-3.636000000000000000e+03
-3.735000000000000000e+03
-3.835000000000000000e+03
-3.933000000000000000e+03
-4.033000000000000000e+03
-4.135000000000000000e+03
-4.236000000000000000e+03
-4.334000000000000000e+03
-4.432000000000000000e+03
-4.532000000000000000e+03
-4.630000000000000000e+03
-4.730000000000000000e+03
-4.830000000000000000e+03
-4.930000000000000000e+03
-5.030000000000000000e+03
-5.132000000000000000e+03
-5.232000000000000000e+03
-5.332000000000000000e+03
-5.432000000000000000e+03
-5.533000000000000000e+03
-5.635000000000000000e+03
-5.740000000000000000e+03
-5.841000000000000000e+03
-5.941000000000000000e+03
-6.042000000000000000e+03
-6.142000000000000000e+03
-6.243000000000000000e+03
-6.342000000000000000e+03
-6.443000000000000000e+03
-6.542000000000000000e+03
-6.642000000000000000e+03
-6.742000000000000000e+03
-6.842000000000000000e+03
-6.942000000000000000e+03
-7.041000000000000000e+03
-7.141000000000000000e+03
-7.240000000000000000e+03
-7.337000000000000000e+03
-7.435000000000000000e+03
-7.532000000000000000e+03
-7.628000000000000000e+03
-7.725000000000000000e+03
-7.821000000000000000e+03
-7.917000000000000000e+03
-8.011000000000000000e+03
-8.107000000000000000e+03
-8.201000000000000000e+03
-8.300000000000000000e+03
-8.396000000000000000e+03
-8.487000000000000000e+03
-8.583000000000000000e+03
-8.675000000000000000e+03
-8.770000000000000000e+03
-8.865000000000000000e+03
-8.957000000000000000e+03
-9.051000000000000000e+03
-9.144000000000000000e+03
-9.237000000000000000e+03
-9.328000000000000000e+03
-9.417000000000000000e+03
-9.506000000000000000e+03
