5.170000000000000000e+02
5.140000000000000000e+02
5.020000000000000000e+02
4.830000000000000000e+02
4.590000000000000000e+02
4.310000000000000000e+02
3.970000000000000000e+02
3.630000000000000000e+02
3.250000000000000000e+02
2.850000000000000000e+02
2.440000000000000000e+02
2.010000000000000000e+02
1.570000000000000000e+02
1.120000000000000000e+02
6.500000000000000000e+01
2.000000000000000000e+01
-3.000000000000000000e+01
-8.000000000000000000e+01
-1.280000000000000000e+02
-1.750000000000000000e+02
-1.211000000000000000e+03
-1.312000000000000000e+03
-1.412000000000000000e+03
-1.514000000000000000e+03
-1.616000000000000000e+03
-1.717000000000000000e+03
-1.817000000000000000e+03
-1.918000000000000000e+03
-2.018000000000000000e+03
-2.118000000000000000e+03
-2.217000000000000000e+03
-2.317000000000000000e+03
-2.416000000000000000e+03
-2.517000000000000000e+03
-2.617000000000000000e+03
-2.718000000000000000e+03
-2.819000000000000000e+03
-2.918000000000000000e+03
-3.018000000000000000e+03
-3.117000000000000000e+03
-3.216000000000000000e+03
-3.316000000000000000e+03
-3.415000000000000000e+03
-3.514000000000000000e+03
-3.613000000000000000e+03
-3.713000000000000000e+03
-3.813000000000000000e+03
-3.911000000000000000e+03
-4.011000000000000000e+03
-4.113000000000000000e+03
-4.213000000000000000e+03
-4.314000000000000000e+03
-4.413000000000000000e+03
-4.512000000000000000e+03
-4.611000000000000000e+03
-4.711000000000000000e+03
-4.811000000000000000e+03
-4.911000000000000000e+03
-5.012000000000000000e+03
-5.112000000000000000e+03
-5.213000000000000000e+03
-5.311000000000000000e+03
-5.412000000000000000e+03
-5.513000000000000000e+03
-5.614000000000000000e+03
-5.716000000000000000e+03
-5.818000000000000000e+03
-5.919000000000000000e+03
-6.021000000000000000e+03
-6.120000000000000000e+03
-6.220000000000000000e+03
-6.320000000000000000e+03
-6.421000000000000000e+03
-6.520000000000000000e+03
-6.620000000000000000e+03
-6.720000000000000000e+03
-6.820000000000000000e+03
-6.921000000000000000e+03
-7.019000000000000000e+03
-7.119000000000000000e+03
-7.219000000000000000e+03
-7.318000000000000000e+03
-7.422000000000000000e+03
-7.520000000000000000e+03
-7.616000000000000000e+03
-7.718000000000000000e+03
-7.818000000000000000e+03
-7.917000000000000000e+03
-8.016000000000000000e+03
-8.116000000000000000e+03
-8.217000000000000000e+03
-8.319000000000000000e+03
-8.416000000000000000e+03
-8.515000000000000000e+03
-8.614000000000000000e+03
-8.713000000000000000e+03
-8.813000000000000000e+03
-8.913000000000000000e+03
-9.012000000000000000e+03
-9.113000000000000000e+03
-9.214000000000000000e+03
-9.315000000000000000e+03
-9.415000000000000000e+03
-9.514000000000000000e+03
-9.615000000000000000e+03
-9.719000000000000000e+03
-9.818000000000000000e+03
-9.919000000000000000e+03
-1.002000000000000000e+04
-1.012300000000000000e+04
-1.022300000000000000e+04
-1.032300000000000000e+04
-1.042300000000000000e+04
-1.052300000000000000e+04
-1.062200000000000000e+04
-1.072200000000000000e+04
-1.082200000000000000e+04
-1.092600000000000000e+04
-1.102600000000000000e+04
-1.112500000000000000e+04
-1.122500000000000000e+04
-1.132500000000000000e+04
-1.143200000000000000e+04
-1.152200000000000000e+04
-1.162100000000000000e+04
-1.171900000000000000e+04
-1.182000000000000000e+04
-1.192000000000000000e+04
-1.202000000000000000e+04
-1.211900000000000000e+04
-1.222000000000000000e+04
-1.232200000000000000e+04
-1.242100000000000000e+04
-1.251900000000000000e+04
-1.261800000000000000e+04
-1.271600000000000000e+04
-1.281600000000000000e+04
-1.291700000000000000e+04
-1.301700000000000000e+04
-1.311600000000000000e+04
-1.321700000000000000e+04
-1.331800000000000000e+04
-1.341800000000000000e+04
-1.351700000000000000e+04
-1.361700000000000000e+04
-1.371800000000000000e+04
-1.381900000000000000e+04
-1.392200000000000000e+04
-1.402600000000000000e+04
-1.412700000000000000e+04
-1.422900000000000000e+04
-1.432900000000000000e+04
-1.442900000000000000e+04
-1.452900000000000000e+04
-1.462900000000000000e+04
-1.472900000000000000e+04
-1.482900000000000000e+04
-1.492900000000000000e+04
-1.503000000000000000e+04
-1.512900000000000000e+04
-1.522800000000000000e+04
-1.532700000000000000e+04
-1.542700000000000000e+04
-1.552500000000000000e+04
-1.562400000000000000e+04
-1.572400000000000000e+04
-1.582200000000000000e+04
-1.592300000000000000e+04
-1.602300000000000000e+04
-1.612200000000000000e+04
-1.622100000000000000e+04
-1.632100000000000000e+04
-1.642400000000000000e+04
-1.652400000000000000e+04
-1.662200000000000000e+04
-1.672200000000000000e+04
-1.682000000000000000e+04
-1.692000000000000000e+04
-1.702000000000000000e+04
-1.711900000000000000e+04
-1.722000000000000000e+04
-1.731900000000000000e+04
-1.742100000000000000e+04
-1.752000000000000000e+04
-1.762000000000000000e+04
-1.772300000000000000e+04
-1.782400000000000000e+04
-1.792600000000000000e+04
-1.802700000000000000e+04
-1.812900000000000000e+04
-1.823000000000000000e+04
-1.833200000000000000e+04
-1.843200000000000000e+04
-1.853200000000000000e+04
-1.863200000000000000e+04
-1.873300000000000000e+04
-1.883200000000000000e+04
-1.893200000000000000e+04
-1.903100000000000000e+04
-1.913100000000000000e+04
-1.923100000000000000e+04
-1.933000000000000000e+04
-1.943000000000000000e+04
-1.952900000000000000e+04
-1.962800000000000000e+04
-1.972600000000000000e+04
-1.982700000000000000e+04
-1.992500000000000000e+04
-2.002500000000000000e+04
-2.012500000000000000e+04
-2.022400000000000000e+04
-2.032300000000000000e+04
-2.042300000000000000e+04
-2.052700000000000000e+04
-2.062600000000000000e+04
-2.072500000000000000e+04
-2.082400000000000000e+04
-2.092200000000000000e+04
-2.102200000000000000e+04
-2.112200000000000000e+04
-2.122100000000000000e+04
-2.132200000000000000e+04
-2.142200000000000000e+04
-2.152700000000000000e+04
-2.162600000000000000e+04
-2.172500000000000000e+04
-2.182600000000000000e+04
-2.192600000000000000e+04
-2.202800000000000000e+04
-2.213000000000000000e+04
-2.223100000000000000e+04
-2.233300000000000000e+04
-2.243500000000000000e+04
-2.253500000000000000e+04
-2.263400000000000000e+04
-2.273400000000000000e+04
-2.283500000000000000e+04
-2.293300000000000000e+04
-2.303500000000000000e+04
-2.313400000000000000e+04
-2.323500000000000000e+04
-2.333500000000000000e+04
-2.343400000000000000e+04
-2.353300000000000000e+04
-2.363200000000000000e+04
-2.373000000000000000e+04
-2.382900000000000000e+04
-2.392900000000000000e+04
-2.402700000000000000e+04
-2.412700000000000000e+04
-2.422800000000000000e+04
-2.432600000000000000e+04
-2.442700000000000000e+04
-2.452600000000000000e+04
-2.463100000000000000e+04
-2.472900000000000000e+04
-2.482700000000000000e+04
-2.492600000000000000e+04
-2.502500000000000000e+04
-2.512400000000000000e+04
-2.522800000000000000e+04
-2.532700000000000000e+04
-2.542900000000000000e+04
-2.552800000000000000e+04
-2.562800000000000000e+04
-2.572800000000000000e+04
-2.582700000000000000e+04
-2.592800000000000000e+04
-2.602800000000000000e+04
-2.613000000000000000e+04
-2.623300000000000000e+04
-2.633400000000000000e+04
-2.643500000000000000e+04
-2.653700000000000000e+04
-2.663700000000000000e+04
-2.673700000000000000e+04
-2.683600000000000000e+04
-2.693700000000000000e+04
-2.703600000000000000e+04
-2.713700000000000000e+04
-2.723800000000000000e+04
-2.733800000000000000e+04
-2.743800000000000000e+04
-2.753600000000000000e+04
-2.763600000000000000e+04
-2.773400000000000000e+04
-2.783300000000000000e+04
-2.793200000000000000e+04
-2.803400000000000000e+04
-2.813100000000000000e+04
-2.823100000000000000e+04
-2.833400000000000000e+04
-2.843200000000000000e+04
-2.853200000000000000e+04
-2.863200000000000000e+04
-2.873700000000000000e+04
-2.883500000000000000e+04
-2.893300000000000000e+04
-2.903300000000000000e+04
-2.913200000000000000e+04
-2.923000000000000000e+04
-2.933000000000000000e+04
-2.943000000000000000e+04
-2.953100000000000000e+04
-2.963000000000000000e+04
-2.973100000000000000e+04
-2.983100000000000000e+04
-2.993100000000000000e+04
-3.003200000000000000e+04
-3.013200000000000000e+04
-3.023300000000000000e+04
-3.033500000000000000e+04
-3.043600000000000000e+04
-3.053800000000000000e+04
-3.064000000000000000e+04
-3.074000000000000000e+04
-3.084000000000000000e+04
-3.093900000000000000e+04
-3.104100000000000000e+04
-3.114000000000000000e+04
-3.124000000000000000e+04
-3.134000000000000000e+04
-3.144000000000000000e+04
-3.154400000000000000e+04
-3.164200000000000000e+04
-3.174200000000000000e+04
-3.184100000000000000e+04
-3.194100000000000000e+04
-3.203900000000000000e+04
-3.213700000000000000e+04
-3.223700000000000000e+04
-3.233600000000000000e+04
-3.243700000000000000e+04
-3.253600000000000000e+04
-3.263600000000000000e+04
-3.273600000000000000e+04
-3.284000000000000000e+04
-3.293900000000000000e+04
-3.303700000000000000e+04
-3.313600000000000000e+04
-3.323500000000000000e+04
-3.333300000000000000e+04
-3.343400000000000000e+04
-3.353300000000000000e+04
-3.363400000000000000e+04
-3.373500000000000000e+04
-3.383400000000000000e+04
-3.393400000000000000e+04
-3.403400000000000000e+04
-3.413400000000000000e+04
-3.423400000000000000e+04
-3.433500000000000000e+04
-3.443800000000000000e+04
-3.453900000000000000e+04
-3.464000000000000000e+04
-3.474300000000000000e+04
-3.484500000000000000e+04
-3.494600000000000000e+04
-3.504500000000000000e+04
-3.514500000000000000e+04
-3.524500000000000000e+04
-3.534500000000000000e+04
-3.544500000000000000e+04
-3.554600000000000000e+04
-3.564600000000000000e+04
-3.574500000000000000e+04
-3.584500000000000000e+04
-3.594300000000000000e+04
-3.604300000000000000e+04
-3.614100000000000000e+04
-3.623900000000000000e+04
-3.633900000000000000e+04
-3.643900000000000000e+04
-3.653900000000000000e+04
-3.663800000000000000e+04
-3.673800000000000000e+04
-3.683700000000000000e+04
-3.694200000000000000e+04
-3.704000000000000000e+04
-3.713800000000000000e+04
-3.723700000000000000e+04
-3.733600000000000000e+04
-3.743500000000000000e+04
-3.753600000000000000e+04
-3.763600000000000000e+04
-3.773600000000000000e+04
-3.783700000000000000e+04
-3.793600000000000000e+04
-3.803600000000000000e+04
-3.813500000000000000e+04
-3.823600000000000000e+04
-3.833800000000000000e+04
-3.843800000000000000e+04
-3.854100000000000000e+04
-3.864200000000000000e+04
-3.874300000000000000e+04
-3.884500000000000000e+04
-3.894800000000000000e+04
-3.904800000000000000e+04
-3.914700000000000000e+04
-3.924700000000000000e+04
-3.934800000000000000e+04
-3.944800000000000000e+04
-3.954900000000000000e+04
-3.964900000000000000e+04
-3.974800000000000000e+04
-3.984700000000000000e+04
-3.994700000000000000e+04
-4.004600000000000000e+04
-4.014500000000000000e+04
-4.024400000000000000e+04
-4.034300000000000000e+04
-4.044300000000000000e+04
-4.054300000000000000e+04
-4.064100000000000000e+04
-4.074100000000000000e+04
-4.084000000000000000e+04
-4.093900000000000000e+04
-4.104400000000000000e+04
-4.114200000000000000e+04
-4.124100000000000000e+04
-4.134000000000000000e+04
-4.143900000000000000e+04
-4.153800000000000000e+04
-4.163800000000000000e+04
-4.173800000000000000e+04
-4.183800000000000000e+04
-4.193800000000000000e+04
-4.203700000000000000e+04
-4.213700000000000000e+04
-4.223700000000000000e+04
-4.233900000000000000e+04
-4.244300000000000000e+04
-4.254400000000000000e+04
-4.264600000000000000e+04
-4.274700000000000000e+04
-4.284800000000000000e+04
-4.294900000000000000e+04
-4.305000000000000000e+04
-4.315000000000000000e+04
-4.325000000000000000e+04
-4.335000000000000000e+04
-4.345100000000000000e+04
-4.355000000000000000e+04
-4.365100000000000000e+04
-4.375000000000000000e+04
-4.384900000000000000e+04
-4.395000000000000000e+04
-4.404900000000000000e+04
-4.414900000000000000e+04
-4.424900000000000000e+04
-4.434700000000000000e+04
-4.444600000000000000e+04
-4.454500000000000000e+04
-4.464500000000000000e+04
-4.474400000000000000e+04
-4.484300000000000000e+04
-4.494300000000000000e+04
-4.504200000000000000e+04
-4.514700000000000000e+04
-4.524500000000000000e+04
-4.534400000000000000e+04
-4.544200000000000000e+04
-4.554100000000000000e+04
-4.564000000000000000e+04
-4.574000000000000000e+04
-4.584300000000000000e+04
-4.594400000000000000e+04
-4.604400000000000000e+04
-4.614600000000000000e+04
-4.624400000000000000e+04
-4.634500000000000000e+04
-4.644500000000000000e+04
-4.654600000000000000e+04
-4.664700000000000000e+04
-4.674900000000000000e+04
-4.685100000000000000e+04
-4.695100000000000000e+04
-4.705300000000000000e+04
-4.715300000000000000e+04
-4.725300000000000000e+04
-4.735300000000000000e+04
-4.745200000000000000e+04
-4.755300000000000000e+04
-4.765300000000000000e+04
-4.775400000000000000e+04
-4.785400000000000000e+04
-4.795200000000000000e+04
-4.805200000000000000e+04
-4.815000000000000000e+04
-4.824800000000000000e+04
-4.834500000000000000e+04
-4.844000000000000000e+04
-4.853600000000000000e+04
-4.863100000000000000e+04
-4.872600000000000000e+04
-4.881900000000000000e+04
-4.891200000000000000e+04
-4.900500000000000000e+04
-4.909700000000000000e+04
-4.919200000000000000e+04
-4.928700000000000000e+04
-4.937700000000000000e+04
-4.946800000000000000e+04
-4.955800000000000000e+04
-4.965000000000000000e+04
-4.974100000000000000e+04
-4.984000000000000000e+04
-4.992300000000000000e+04
-5.001400000000000000e+04
6.030000000000000000e+02
5.990000000000000000e+02
5.870000000000000000e+02
5.700000000000000000e+02
5.470000000000000000e+02
5.180000000000000000e+02
4.860000000000000000e+02
4.510000000000000000e+02
4.130000000000000000e+02
3.730000000000000000e+02
3.310000000000000000e+02
2.880000000000000000e+02
2.450000000000000000e+02
1.990000000000000000e+02
1.540000000000000000e+02
1.080000000000000000e+02
6.000000000000000000e+01
1.300000000000000000e+01
-3.700000000000000000e+01
-8.700000000000000000e+01
-1.123000000000000000e+03
-1.222000000000000000e+03
-1.321000000000000000e+03
-1.423000000000000000e+03
-1.524000000000000000e+03
-1.626000000000000000e+03
-1.727000000000000000e+03
-1.828000000000000000e+03
-1.932000000000000000e+03
-2.028000000000000000e+03
-2.128000000000000000e+03
-2.227000000000000000e+03
-2.328000000000000000e+03
-2.430000000000000000e+03
-2.530000000000000000e+03
-2.631000000000000000e+03
-2.731000000000000000e+03
-2.831000000000000000e+03
-2.930000000000000000e+03
-3.030000000000000000e+03
-3.129000000000000000e+03
-3.228000000000000000e+03
-3.329000000000000000e+03
-3.427000000000000000e+03
-3.526000000000000000e+03
-3.627000000000000000e+03
-3.727000000000000000e+03
-3.826000000000000000e+03
-3.924000000000000000e+03
-4.024000000000000000e+03
-4.125000000000000000e+03
-4.226000000000000000e+03
-4.325000000000000000e+03
-4.424000000000000000e+03
-4.523000000000000000e+03
-4.621000000000000000e+03
-4.721000000000000000e+03
-4.821000000000000000e+03
-4.920000000000000000e+03
-5.021000000000000000e+03
-5.122000000000000000e+03
-5.223000000000000000e+03
-5.323000000000000000e+03
-5.422000000000000000e+03
-5.524000000000000000e+03
-5.625000000000000000e+03
-5.727000000000000000e+03
-5.828000000000000000e+03
-5.929000000000000000e+03
-6.031000000000000000e+03
-6.133000000000000000e+03
-6.234000000000000000e+03
-6.333000000000000000e+03
-6.434000000000000000e+03
-6.533000000000000000e+03
-6.634000000000000000e+03
-6.734000000000000000e+03
-6.834000000000000000e+03
-6.934000000000000000e+03
-7.032000000000000000e+03
-7.132000000000000000e+03
-7.232000000000000000e+03
-7.331000000000000000e+03
-7.431000000000000000e+03
-7.530000000000000000e+03
-7.628000000000000000e+03
-7.728000000000000000e+03
-7.827000000000000000e+03
-7.928000000000000000e+03
-8.026000000000000000e+03
-8.127000000000000000e+03
-8.229000000000000000e+03
-8.329000000000000000e+03
-8.428000000000000000e+03
-8.526000000000000000e+03
-8.624000000000000000e+03
-8.723000000000000000e+03
-8.823000000000000000e+03
-8.923000000000000000e+03
-9.023000000000000000e+03
-9.124000000000000000e+03
-9.226000000000000000e+03
-9.325000000000000000e+03
-9.428000000000000000e+03
-9.528000000000000000e+03
-9.629000000000000000e+03
-9.730000000000000000e+03
-9.832000000000000000e+03
-9.934000000000000000e+03
-1.003500000000000000e+04
-1.013800000000000000e+04
-1.023700000000000000e+04
-1.033700000000000000e+04
-1.043600000000000000e+04
-1.053700000000000000e+04
-1.063600000000000000e+04
-1.073600000000000000e+04
-1.083600000000000000e+04
-1.093700000000000000e+04
-1.103700000000000000e+04
-1.113600000000000000e+04
-1.123500000000000000e+04
-1.133400000000000000e+04
-1.143300000000000000e+04
-1.153200000000000000e+04
-1.163100000000000000e+04
-1.173000000000000000e+04
-1.183000000000000000e+04
-1.193000000000000000e+04
-1.203000000000000000e+04
-1.212900000000000000e+04
-1.222900000000000000e+04
-1.233300000000000000e+04
-1.243200000000000000e+04
-1.253000000000000000e+04
-1.262800000000000000e+04
-1.272700000000000000e+04
-1.282600000000000000e+04
-1.293000000000000000e+04
-1.303000000000000000e+04
-1.313000000000000000e+04
-1.323000000000000000e+04
-1.333200000000000000e+04
-1.343100000000000000e+04
-1.353000000000000000e+04
-1.363000000000000000e+04
-1.373100000000000000e+04
-1.383300000000000000e+04
-1.393500000000000000e+04
-1.403700000000000000e+04
-1.413800000000000000e+04
-1.424000000000000000e+04
-1.434000000000000000e+04
-1.443900000000000000e+04
-1.453900000000000000e+04
-1.463900000000000000e+04
-1.473900000000000000e+04
-1.484000000000000000e+04
-1.494000000000000000e+04
-1.504000000000000000e+04
-1.513900000000000000e+04
-1.523800000000000000e+04
-1.533700000000000000e+04
-1.543600000000000000e+04
-1.553400000000000000e+04
-1.563400000000000000e+04
-1.573400000000000000e+04
-1.583300000000000000e+04
-1.594600000000000000e+04
-1.603300000000000000e+04
-1.613200000000000000e+04
-1.623200000000000000e+04
-1.633400000000000000e+04
-1.643900000000000000e+04
-1.653700000000000000e+04
-1.663500000000000000e+04
-1.673500000000000000e+04
-1.683300000000000000e+04
-1.693300000000000000e+04
-1.703300000000000000e+04
-1.713300000000000000e+04
-1.723300000000000000e+04
-1.733200000000000000e+04
-1.743400000000000000e+04
-1.753300000000000000e+04
-1.763300000000000000e+04
-1.773400000000000000e+04
-1.783400000000000000e+04
-1.793600000000000000e+04
-1.803800000000000000e+04
-1.814000000000000000e+04
-1.824000000000000000e+04
-1.834200000000000000e+04
-1.844200000000000000e+04
-1.854200000000000000e+04
-1.864200000000000000e+04
-1.874200000000000000e+04
-1.884200000000000000e+04
-1.894200000000000000e+04
-1.904200000000000000e+04
-1.914200000000000000e+04
-1.924200000000000000e+04
-1.934100000000000000e+04
-1.944000000000000000e+04
-1.954200000000000000e+04
-1.964100000000000000e+04
-1.974000000000000000e+04
-1.984000000000000000e+04
-1.993800000000000000e+04
-2.003800000000000000e+04
-2.013800000000000000e+04
-2.023600000000000000e+04
-2.033700000000000000e+04
-2.043600000000000000e+04
-2.054100000000000000e+04
-2.064000000000000000e+04
-2.073800000000000000e+04
-2.083800000000000000e+04
-2.093600000000000000e+04
-2.103500000000000000e+04
-2.113500000000000000e+04
-2.123400000000000000e+04
-2.133600000000000000e+04
-2.143500000000000000e+04
-2.153700000000000000e+04
-2.163600000000000000e+04
-2.173500000000000000e+04
-2.183600000000000000e+04
-2.193600000000000000e+04
-2.203800000000000000e+04
-2.214000000000000000e+04
-2.224100000000000000e+04
-2.234300000000000000e+04
-2.244400000000000000e+04
-2.254800000000000000e+04
-2.264800000000000000e+04
-2.274800000000000000e+04
-2.284800000000000000e+04
-2.294700000000000000e+04
-2.304700000000000000e+04
-2.314700000000000000e+04
-2.324800000000000000e+04
-2.334800000000000000e+04
-2.344800000000000000e+04
-2.354700000000000000e+04
-2.364600000000000000e+04
-2.374500000000000000e+04
-2.384300000000000000e+04
-2.394100000000000000e+04
-2.404100000000000000e+04
-2.414100000000000000e+04
-2.424100000000000000e+04
-2.434000000000000000e+04
-2.444000000000000000e+04
-2.453900000000000000e+04
-2.464400000000000000e+04
-2.474200000000000000e+04
-2.484000000000000000e+04
-2.494000000000000000e+04
-2.503900000000000000e+04
-2.513800000000000000e+04
-2.523800000000000000e+04
-2.533800000000000000e+04
-2.543900000000000000e+04
-2.554200000000000000e+04
-2.563900000000000000e+04
-2.574100000000000000e+04
-2.584100000000000000e+04
-2.594200000000000000e+04
-2.604100000000000000e+04
-2.614400000000000000e+04
-2.624600000000000000e+04
-2.634700000000000000e+04
-2.644800000000000000e+04
-2.655000000000000000e+04
-2.665000000000000000e+04
-2.675000000000000000e+04
-2.685000000000000000e+04
-2.694900000000000000e+04
-2.705000000000000000e+04
-2.715100000000000000e+04
-2.725100000000000000e+04
-2.735200000000000000e+04
-2.745100000000000000e+04
-2.755000000000000000e+04
-2.764900000000000000e+04
-2.774800000000000000e+04
-2.784800000000000000e+04
-2.794600000000000000e+04
-2.804500000000000000e+04
-2.814500000000000000e+04
-2.824500000000000000e+04
-2.834400000000000000e+04
-2.844600000000000000e+04
-2.854500000000000000e+04
-2.864500000000000000e+04
-2.874900000000000000e+04
-2.884800000000000000e+04
-2.894600000000000000e+04
-2.904600000000000000e+04
-2.914500000000000000e+04
-2.924400000000000000e+04
-2.934500000000000000e+04
-2.944300000000000000e+04
-2.954400000000000000e+04
-2.964400000000000000e+04
-2.974400000000000000e+04
-2.984500000000000000e+04
-2.994300000000000000e+04
-3.004500000000000000e+04
-3.014600000000000000e+04
-3.024600000000000000e+04
-3.034800000000000000e+04
-3.044900000000000000e+04
-3.055000000000000000e+04
-3.065200000000000000e+04
-3.075200000000000000e+04
-3.085300000000000000e+04
-3.095300000000000000e+04
-3.105300000000000000e+04
-3.115300000000000000e+04
-3.125300000000000000e+04
-3.135300000000000000e+04
-3.145600000000000000e+04
-3.155500000000000000e+04
-3.165500000000000000e+04
-3.175600000000000000e+04
-3.185400000000000000e+04
-3.195400000000000000e+04
-3.205300000000000000e+04
-3.215100000000000000e+04
-3.225100000000000000e+04
-3.235000000000000000e+04
-3.244900000000000000e+04
-3.254800000000000000e+04
-3.264800000000000000e+04
-3.274800000000000000e+04
-3.285200000000000000e+04
-3.295100000000000000e+04
-3.304900000000000000e+04
-3.314800000000000000e+04
-3.324700000000000000e+04
-3.334500000000000000e+04
-3.344600000000000000e+04
-3.354500000000000000e+04
-3.364600000000000000e+04
-3.374700000000000000e+04
-3.384700000000000000e+04
-3.394700000000000000e+04
-3.404600000000000000e+04
-3.414700000000000000e+04
-3.424800000000000000e+04
-3.434800000000000000e+04
-3.445000000000000000e+04
-3.455100000000000000e+04
-3.465500000000000000e+04
-3.475300000000000000e+04
-3.485700000000000000e+04
-3.495800000000000000e+04
-3.505700000000000000e+04
-3.515700000000000000e+04
-3.525800000000000000e+04
-3.535800000000000000e+04
-3.545900000000000000e+04
-3.555900000000000000e+04
-3.565800000000000000e+04
-3.575800000000000000e+04
-3.585800000000000000e+04
-3.595700000000000000e+04
-3.605600000000000000e+04
-3.615400000000000000e+04
-3.625300000000000000e+04
-3.635300000000000000e+04
-3.645300000000000000e+04
-3.655200000000000000e+04
-3.665200000000000000e+04
-3.675000000000000000e+04
-3.685000000000000000e+04
-3.695400000000000000e+04
-3.705300000000000000e+04
-3.715100000000000000e+04
-3.724900000000000000e+04
-3.734900000000000000e+04
-3.744800000000000000e+04
-3.755200000000000000e+04
-3.765100000000000000e+04
-3.775200000000000000e+04
-3.785300000000000000e+04
-3.795400000000000000e+04
-3.805200000000000000e+04
-3.815200000000000000e+04
-3.825200000000000000e+04
-3.835400000000000000e+04
-3.845500000000000000e+04
-3.855700000000000000e+04
-3.865800000000000000e+04
-3.875900000000000000e+04
-3.886000000000000000e+04
-3.896000000000000000e+04
-3.906000000000000000e+04
-3.916000000000000000e+04
-3.926000000000000000e+04
-3.936100000000000000e+04
-3.946100000000000000e+04
-3.956200000000000000e+04
-3.966200000000000000e+04
-3.976100000000000000e+04
-3.986000000000000000e+04
-3.996000000000000000e+04
-4.005900000000000000e+04
-4.015900000000000000e+04
-4.025700000000000000e+04
-4.035700000000000000e+04
-4.045600000000000000e+04
-4.055600000000000000e+04
-4.065800000000000000e+04
-4.075700000000000000e+04
-4.085600000000000000e+04
-4.095600000000000000e+04
-4.106000000000000000e+04
-4.115700000000000000e+04
-4.125700000000000000e+04
-4.135500000000000000e+04
-4.145500000000000000e+04
-4.155400000000000000e+04
-4.165400000000000000e+04
-4.175400000000000000e+04
-4.185400000000000000e+04
-4.195500000000000000e+04
-4.205600000000000000e+04
-4.215400000000000000e+04
-4.225500000000000000e+04
-4.235500000000000000e+04
-4.245700000000000000e+04
-4.255700000000000000e+04
-4.266000000000000000e+04
-4.276100000000000000e+04
-4.286200000000000000e+04
-4.296300000000000000e+04
-4.306300000000000000e+04
-4.316300000000000000e+04
-4.326300000000000000e+04
-4.336300000000000000e+04
-4.346300000000000000e+04
-4.356300000000000000e+04
-4.366700000000000000e+04
-4.376700000000000000e+04
-4.386600000000000000e+04
-4.396600000000000000e+04
-4.406600000000000000e+04
-4.416500000000000000e+04
-4.426500000000000000e+04
-4.436300000000000000e+04
-4.446200000000000000e+04
-4.456100000000000000e+04
-4.466200000000000000e+04
-4.476000000000000000e+04
-4.486000000000000000e+04
-4.495900000000000000e+04
-4.505900000000000000e+04
-4.516300000000000000e+04
-4.526000000000000000e+04
-4.535900000000000000e+04
-4.545800000000000000e+04
-4.555800000000000000e+04
-4.565600000000000000e+04
-4.575600000000000000e+04
-4.585600000000000000e+04
-4.595700000000000000e+04
-4.605800000000000000e+04
-4.615900000000000000e+04
-4.625700000000000000e+04
-4.635800000000000000e+04
-4.645700000000000000e+04
-4.656200000000000000e+04
-4.666400000000000000e+04
-4.676500000000000000e+04
-4.686700000000000000e+04
-4.696800000000000000e+04
-4.707000000000000000e+04
-4.717000000000000000e+04
-4.726900000000000000e+04
-4.736900000000000000e+04
-4.746800000000000000e+04
-4.756900000000000000e+04
-4.766800000000000000e+04
-4.776900000000000000e+04
-4.786900000000000000e+04
-4.796800000000000000e+04
-4.806800000000000000e+04
-4.816600000000000000e+04
-4.826300000000000000e+04
-4.836100000000000000e+04
-4.845600000000000000e+04
-4.855100000000000000e+04
-4.864400000000000000e+04
-4.873900000000000000e+04
-4.883300000000000000e+04
-4.892600000000000000e+04
-4.901900000000000000e+04
-4.911200000000000000e+04
-4.920900000000000000e+04
-4.930000000000000000e+04
-4.939000000000000000e+04
-4.948100000000000000e+04
-4.957100000000000000e+04
-4.966300000000000000e+04
-4.975400000000000000e+04
-4.984300000000000000e+04
-4.993500000000000000e+04
