0.000000000000000000e+00
0.000000000000000000e+00
0.000000000000000000e+00
0.000000000000000000e+00
0.000000000000000000e+00
0.000000000000000000e+00
0.000000000000000000e+00
0.000000000000000000e+00
0.000000000000000000e+00
0.000000000000000000e+00
0.000000000000000000e+00
0.000000000000000000e+00
0.000000000000000000e+00
0.000000000000000000e+00
0.000000000000000000e+00
0.000000000000000000e+00
0.000000000000000000e+00
0.000000000000000000e+00
0.000000000000000000e+00
0.000000000000000000e+00
-7.088888549804687500e+01
-7.088888549804687500e+01
-7.088888549804687500e+01
-7.088888549804687500e+01
-7.088888549804687500e+01
-7.088888549804687500e+01
-7.088888549804687500e+01
-7.088888549804687500e+01
-7.088888549804687500e+01
-7.088888549804687500e+01
-7.088888549804687500e+01
-7.088888549804687500e+01
-7.088888549804687500e+01
-7.088888549804687500e+01
-7.088888549804687500e+01
-7.088888549804687500e+01
-7.035713958740234375e+01
-7.057142639160156250e+01
-7.071428680419921875e+01
-7.085713958740234375e+01
-7.100000000000000000e+01
-7.121428680419921875e+01
-7.128571319580078125e+01
-7.142857360839843750e+01
-7.157142639160156250e+01
-7.178571319580078125e+01
-7.192857360839843750e+01
-7.207142639160156250e+01
-7.228571319580078125e+01
-7.242857360839843750e+01
-7.257142639160156250e+01
-7.264286041259765625e+01
-7.264286041259765625e+01
-7.264286041259765625e+01
-7.257142639160156250e+01
-7.250000000000000000e+01
-7.242857360839843750e+01
-7.228571319580078125e+01
-7.221428680419921875e+01
-7.214286041259765625e+01
-7.200000000000000000e+01
-7.178571319580078125e+01
-7.157142639160156250e+01
-7.135713958740234375e+01
-7.114286041259765625e+01
-7.092857360839843750e+01
-7.064286041259765625e+01
-7.050000000000000000e+01
-7.035713958740234375e+01
-7.028571319580078125e+01
-7.021428680419921875e+01
-7.014286041259765625e+01
-7.007142639160156250e+01
-7.000000000000000000e+01
-7.000000000000000000e+01
-7.000000000000000000e+01
-7.007142639160156250e+01
-7.014286041259765625e+01
-7.028571319580078125e+01
-7.042857360839843750e+01
-7.064286041259765625e+01
-7.078571319580078125e+01
-7.092857360839843750e+01
-7.107142639160156250e+01
-7.128571319580078125e+01
-7.142857360839843750e+01
-7.164286041259765625e+01
-7.185713958740234375e+01
-7.207142639160156250e+01
-7.221428680419921875e+01
-7.235713958740234375e+01
-7.250000000000000000e+01
-7.257142639160156250e+01
-7.264286041259765625e+01
-7.264286041259765625e+01
-7.264286041259765625e+01
-7.264286041259765625e+01
-7.257142639160156250e+01
-7.250000000000000000e+01
-7.235713958740234375e+01
-7.221428680419921875e+01
-7.214286041259765625e+01
-7.200000000000000000e+01
-7.185713958740234375e+01
-7.164286041259765625e+01
-7.142857360839843750e+01
-7.121428680419921875e+01
-7.100000000000000000e+01
-7.078571319580078125e+01
-7.064286041259765625e+01
-7.050000000000000000e+01
-7.042857360839843750e+01
-7.035713958740234375e+01
-7.035713958740234375e+01
-7.035713958740234375e+01
-7.035713958740234375e+01
-7.035713958740234375e+01
-7.042857360839843750e+01
-7.050000000000000000e+01
-7.064286041259765625e+01
-7.078571319580078125e+01
-7.092857360839843750e+01
-7.107142639160156250e+01
-7.121428680419921875e+01
-7.135713958740234375e+01
-7.150000000000000000e+01
-7.164286041259765625e+01
-7.185713958740234375e+01
-7.200000000000000000e+01
-7.214286041259765625e+01
-7.228571319580078125e+01
-7.235713958740234375e+01
-7.250000000000000000e+01
-7.257142639160156250e+01
-7.257142639160156250e+01
-7.257142639160156250e+01
-7.250000000000000000e+01
-7.250000000000000000e+01
-7.242857360839843750e+01
-7.235713958740234375e+01
-7.228571319580078125e+01
-7.221428680419921875e+01
-7.207142639160156250e+01
-7.185713958740234375e+01
-7.164286041259765625e+01
-7.142857360839843750e+01
-7.121428680419921875e+01
-7.092857360839843750e+01
-7.071428680419921875e+01
-7.057142639160156250e+01
-7.042857360839843750e+01
-7.028571319580078125e+01
-7.028571319580078125e+01
-7.021428680419921875e+01
-7.014286041259765625e+01
-7.021428680419921875e+01
-7.021428680419921875e+01
-7.021428680419921875e+01
-7.035713958740234375e+01
-7.050000000000000000e+01
-7.064286041259765625e+01
-7.085713958740234375e+01
-7.107142639160156250e+01
-7.128571319580078125e+01
-7.150000000000000000e+01
-7.164286041259765625e+01
-7.185713958740234375e+01
-7.207142639160156250e+01
-7.221428680419921875e+01
-7.242857360839843750e+01
-7.257142639160156250e+01
-7.271428680419921875e+01
-7.278571319580078125e+01
-7.285713958740234375e+01
-7.292857360839843750e+01
-7.300000000000000000e+01
-7.292857360839843750e+01
-7.285713958740234375e+01
-7.278571319580078125e+01
-7.271428680419921875e+01
-7.257142639160156250e+01
-7.257142639160156250e+01
-7.242857360839843750e+01
-7.228571319580078125e+01
-7.214286041259765625e+01
-7.192857360839843750e+01
-7.171428680419921875e+01
-7.150000000000000000e+01
-7.128571319580078125e+01
-7.107142639160156250e+01
-7.085713958740234375e+01
-7.071428680419921875e+01
-7.057142639160156250e+01
-7.042857360839843750e+01
-7.028571319580078125e+01
-7.028571319580078125e+01
-7.028571319580078125e+01
-7.028571319580078125e+01
-7.035713958740234375e+01
-7.042857360839843750e+01
-7.057142639160156250e+01
-7.078571319580078125e+01
-7.107142639160156250e+01
-7.128571319580078125e+01
-7.150000000000000000e+01
-7.171428680419921875e+01
-7.200000000000000000e+01
-7.221428680419921875e+01
-7.250000000000000000e+01
-7.278571319580078125e+01
-7.300000000000000000e+01
-7.321428680419921875e+01
-7.335713958740234375e+01
-7.350000000000000000e+01
-7.357142639160156250e+01
-7.357142639160156250e+01
-7.357142639160156250e+01
-7.350000000000000000e+01
-7.342857360839843750e+01
-7.342857360839843750e+01
-7.335713958740234375e+01
-7.328571319580078125e+01
-7.314286041259765625e+01
-7.307142639160156250e+01
-7.292857360839843750e+01
-7.271428680419921875e+01
-7.250000000000000000e+01
-7.228571319580078125e+01
-7.207142639160156250e+01
-7.185713958740234375e+01
-7.164286041259765625e+01
-7.142857360839843750e+01
-7.121428680419921875e+01
-7.100000000000000000e+01
-7.085713958740234375e+01
-7.071428680419921875e+01
-7.064286041259765625e+01
-7.057142639160156250e+01
-7.057142639160156250e+01
-7.064286041259765625e+01
-7.071428680419921875e+01
-7.085713958740234375e+01
-7.100000000000000000e+01
-7.121428680419921875e+01
-7.142857360839843750e+01
-7.164286041259765625e+01
-7.192857360839843750e+01
-7.221428680419921875e+01
-7.250000000000000000e+01
-7.271428680419921875e+01
-7.292857360839843750e+01
-7.314286041259765625e+01
-7.335713958740234375e+01
-7.350000000000000000e+01
-7.350000000000000000e+01
-7.350000000000000000e+01
-7.350000000000000000e+01
-7.350000000000000000e+01
-7.342857360839843750e+01
-7.335713958740234375e+01
-7.328571319580078125e+01
-7.321428680419921875e+01
-7.307142639160156250e+01
-7.292857360839843750e+01
-7.278571319580078125e+01
-7.271428680419921875e+01
-7.264286041259765625e+01
-7.242857360839843750e+01
-7.221428680419921875e+01
-7.207142639160156250e+01
-7.192857360839843750e+01
-7.171428680419921875e+01
-7.150000000000000000e+01
-7.128571319580078125e+01
-7.114286041259765625e+01
-7.100000000000000000e+01
-7.085713958740234375e+01
-7.078571319580078125e+01
-7.071428680419921875e+01
-7.071428680419921875e+01
-7.078571319580078125e+01
-7.078571319580078125e+01
-7.078571319580078125e+01
-7.092857360839843750e+01
-7.107142639160156250e+01
-7.121428680419921875e+01
-7.150000000000000000e+01
-7.178571319580078125e+01
-7.207142639160156250e+01
-7.235713958740234375e+01
-7.264286041259765625e+01
-7.292857360839843750e+01
-7.314286041259765625e+01
-7.328571319580078125e+01
-7.342857360839843750e+01
-7.357142639160156250e+01
-7.371428680419921875e+01
-7.371428680419921875e+01
-7.371428680419921875e+01
-7.371428680419921875e+01
-7.364286041259765625e+01
-7.364286041259765625e+01
-7.357142639160156250e+01
-7.342857360839843750e+01
-7.328571319580078125e+01
-7.314286041259765625e+01
-7.300000000000000000e+01
-7.285713958740234375e+01
-7.264286041259765625e+01
-7.250000000000000000e+01
-7.228571319580078125e+01
-7.207142639160156250e+01
-7.192857360839843750e+01
-7.178571319580078125e+01
-7.164286041259765625e+01
-7.150000000000000000e+01
-7.135713958740234375e+01
-7.121428680419921875e+01
-7.114286041259765625e+01
-7.107142639160156250e+01
-7.107142639160156250e+01
-7.114286041259765625e+01
-7.114286041259765625e+01
-7.114286041259765625e+01
-7.128571319580078125e+01
-7.142857360839843750e+01
-7.157142639160156250e+01
-7.178571319580078125e+01
-7.200000000000000000e+01
-7.214286041259765625e+01
-7.228571319580078125e+01
-7.250000000000000000e+01
-7.271428680419921875e+01
-7.292857360839843750e+01
-7.307142639160156250e+01
-7.321428680419921875e+01
-7.335713958740234375e+01
-7.350000000000000000e+01
-7.357142639160156250e+01
-7.357142639160156250e+01
-7.357142639160156250e+01
-7.357142639160156250e+01
-7.350000000000000000e+01
-7.342857360839843750e+01
-7.335713958740234375e+01
-7.335713958740234375e+01
-7.328571319580078125e+01
-7.321428680419921875e+01
-7.307142639160156250e+01
-7.292857360839843750e+01
-7.278571319580078125e+01
-7.257142639160156250e+01
-7.235713958740234375e+01
-7.214286041259765625e+01
-7.200000000000000000e+01
-7.185713958740234375e+01
-7.171428680419921875e+01
-7.157142639160156250e+01
-7.142857360839843750e+01
-7.128571319580078125e+01
-7.128571319580078125e+01
-7.128571319580078125e+01
-7.135713958740234375e+01
-7.142857360839843750e+01
-7.150000000000000000e+01
-7.164286041259765625e+01
-7.178571319580078125e+01
-7.200000000000000000e+01
-7.221428680419921875e+01
-7.242857360839843750e+01
-7.264286041259765625e+01
-7.292857360839843750e+01
-7.314286041259765625e+01
-7.335713958740234375e+01
-7.357142639160156250e+01
-7.371428680419921875e+01
-7.378571319580078125e+01
-7.385713958740234375e+01
-7.392857360839843750e+01
-7.400000000000000000e+01
-7.407142639160156250e+01
-7.407142639160156250e+01
-7.400000000000000000e+01
-7.392857360839843750e+01
-7.385713958740234375e+01
-7.371428680419921875e+01
-7.364286041259765625e+01
-7.357142639160156250e+01
-7.342857360839843750e+01
-7.328571319580078125e+01
-7.314286041259765625e+01
-7.292857360839843750e+01
-7.278571319580078125e+01
-7.264286041259765625e+01
-7.242857360839843750e+01
-7.221428680419921875e+01
-7.214286041259765625e+01
-7.200000000000000000e+01
-7.185713958740234375e+01
-7.171428680419921875e+01
-7.157142639160156250e+01
-7.150000000000000000e+01
-7.150000000000000000e+01
-7.157142639160156250e+01
-7.164286041259765625e+01
-7.171428680419921875e+01
-7.185713958740234375e+01
-7.207142639160156250e+01
-7.221428680419921875e+01
-7.235713958740234375e+01
-7.257142639160156250e+01
-7.278571319580078125e+01
-7.292857360839843750e+01
-7.314286041259765625e+01
-7.335713958740234375e+01
-7.364286041259765625e+01
-7.378571319580078125e+01
-7.392857360839843750e+01
-7.400000000000000000e+01
-7.407142639160156250e+01
-7.414286041259765625e+01
-7.414286041259765625e+01
-7.414286041259765625e+01
-7.407142639160156250e+01
-7.400000000000000000e+01
-7.392857360839843750e+01
-7.385713958740234375e+01
-7.378571319580078125e+01
-7.357142639160156250e+01
-7.342857360839843750e+01
-7.328571319580078125e+01
-7.307142639160156250e+01
-7.292857360839843750e+01
-7.278571319580078125e+01
-7.264286041259765625e+01
-7.250000000000000000e+01
-7.235713958740234375e+01
-7.221428680419921875e+01
-7.207142639160156250e+01
-7.192857360839843750e+01
-7.178571319580078125e+01
-7.171428680419921875e+01
-7.171428680419921875e+01
-7.178571319580078125e+01
-7.185713958740234375e+01
-7.192857360839843750e+01
-7.200000000000000000e+01
-7.214286041259765625e+01
-7.221428680419921875e+01
-7.242857360839843750e+01
-7.257142639160156250e+01
-7.271428680419921875e+01
-7.285713958740234375e+01
-7.307142639160156250e+01
-7.328571319580078125e+01
-7.350000000000000000e+01
-7.371428680419921875e+01
-7.385713958740234375e+01
-7.400000000000000000e+01
-7.414286041259765625e+01
-7.428571319580078125e+01
-7.442857360839843750e+01
-7.442857360839843750e+01
-7.442857360839843750e+01
-7.442857360839843750e+01
-7.442857360839843750e+01
-7.442857360839843750e+01
-7.435713958740234375e+01
-7.435713958740234375e+01
-7.428571319580078125e+01
-7.414286041259765625e+01
-7.400000000000000000e+01
-7.378571319580078125e+01
-7.357142639160156250e+01
-7.335713958740234375e+01
-7.314286041259765625e+01
-7.292857360839843750e+01
-7.278571319580078125e+01
-7.264286041259765625e+01
-7.250000000000000000e+01
-7.228571319580078125e+01
-7.214286041259765625e+01
-7.207142639160156250e+01
-7.207142639160156250e+01
-7.207142639160156250e+01
-7.207142639160156250e+01
-7.228571319580078125e+01
-7.257142639160156250e+01
-7.300000000000000000e+01
-7.357142639160156250e+01
-7.435713958740234375e+01
-7.542857360839843750e+01
-7.678571319580078125e+01
-7.850000000000000000e+01
-8.064286041259765625e+01
-8.300000000000000000e+01
-8.578571319580078125e+01
-8.900000000000000000e+01
-9.242857360839843750e+01
-9.642857360839843750e+01
-1.007857131958007812e+02
-1.057142868041992188e+02
-1.113571395874023438e+02
-1.173571395874023438e+02
-1.237857131958007812e+02
0.000000000000000000e+00
0.000000000000000000e+00
0.000000000000000000e+00
0.000000000000000000e+00
0.000000000000000000e+00
0.000000000000000000e+00
0.000000000000000000e+00
0.000000000000000000e+00
0.000000000000000000e+00
0.000000000000000000e+00
0.000000000000000000e+00
0.000000000000000000e+00
0.000000000000000000e+00
0.000000000000000000e+00
0.000000000000000000e+00
0.000000000000000000e+00
0.000000000000000000e+00
0.000000000000000000e+00
0.000000000000000000e+00
0.000000000000000000e+00
-7.083333587646484375e+01
-7.083333587646484375e+01
-7.083333587646484375e+01
-7.083333587646484375e+01
-7.083333587646484375e+01
-7.083333587646484375e+01
-7.083333587646484375e+01
-7.083333587646484375e+01
-7.083333587646484375e+01
-7.083333587646484375e+01
-7.083333587646484375e+01
-7.083333587646484375e+01
-7.083333587646484375e+01
-7.083333587646484375e+01
-7.083333587646484375e+01
-7.083333587646484375e+01
-7.007142639160156250e+01
-7.021428680419921875e+01
-7.042857360839843750e+01
-7.057142639160156250e+01
-7.071428680419921875e+01
-7.085713958740234375e+01
-7.100000000000000000e+01
-7.114286041259765625e+01
-7.128571319580078125e+01
-7.142857360839843750e+01
-7.164286041259765625e+01
-7.185713958740234375e+01
-7.207142639160156250e+01
-7.221428680419921875e+01
-7.228571319580078125e+01
-7.235713958740234375e+01
-7.242857360839843750e+01
-7.242857360839843750e+01
-7.242857360839843750e+01
-7.242857360839843750e+01
-7.242857360839843750e+01
-7.235713958740234375e+01
-7.228571319580078125e+01
-7.221428680419921875e+01
-7.214286041259765625e+01
-7.192857360839843750e+01
-7.171428680419921875e+01
-7.150000000000000000e+01
-7.128571319580078125e+01
-7.100000000000000000e+01
-7.085713958740234375e+01
-7.064286041259765625e+01
-7.050000000000000000e+01
-7.035713958740234375e+01
-7.021428680419921875e+01
-7.014286041259765625e+01
-7.007142639160156250e+01
-7.000000000000000000e+01
-6.992857360839843750e+01
-6.992857360839843750e+01
-7.000000000000000000e+01
-7.007142639160156250e+01
-7.021428680419921875e+01
-7.035713958740234375e+01
-7.057142639160156250e+01
-7.071428680419921875e+01
-7.085713958740234375e+01
-7.100000000000000000e+01
-7.114286041259765625e+01
-7.128571319580078125e+01
-7.142857360839843750e+01
-7.164286041259765625e+01
-7.185713958740234375e+01
-7.207142639160156250e+01
-7.221428680419921875e+01
-7.235713958740234375e+01
-7.242857360839843750e+01
-7.250000000000000000e+01
-7.250000000000000000e+01
-7.250000000000000000e+01
-7.250000000000000000e+01
-7.242857360839843750e+01
-7.235713958740234375e+01
-7.228571319580078125e+01
-7.221428680419921875e+01
-7.214286041259765625e+01
-7.200000000000000000e+01
-7.178571319580078125e+01
-7.157142639160156250e+01
-7.135713958740234375e+01
-7.114286041259765625e+01
-7.092857360839843750e+01
-7.071428680419921875e+01
-7.057142639160156250e+01
-7.042857360839843750e+01
-7.035713958740234375e+01
-7.028571319580078125e+01
-7.021428680419921875e+01
-7.014286041259765625e+01
-7.007142639160156250e+01
-7.007142639160156250e+01
-7.007142639160156250e+01
-7.014286041259765625e+01
-7.028571319580078125e+01
-7.042857360839843750e+01
-7.064286041259765625e+01
-7.078571319580078125e+01
-7.092857360839843750e+01
-7.107142639160156250e+01
-7.121428680419921875e+01
-7.142857360839843750e+01
-7.157142639160156250e+01
-7.171428680419921875e+01
-7.192857360839843750e+01
-7.214286041259765625e+01
-7.228571319580078125e+01
-7.242857360839843750e+01
-7.257142639160156250e+01
-7.257142639160156250e+01
-7.257142639160156250e+01
-7.250000000000000000e+01
-7.242857360839843750e+01
-7.242857360839843750e+01
-7.235713958740234375e+01
-7.228571319580078125e+01
-7.228571319580078125e+01
-7.214286041259765625e+01
-7.200000000000000000e+01
-7.185713958740234375e+01
-7.164286041259765625e+01
-7.142857360839843750e+01
-7.114286041259765625e+01
-7.092857360839843750e+01
-7.078571319580078125e+01
-7.064286041259765625e+01
-7.050000000000000000e+01
-7.035713958740234375e+01
-7.021428680419921875e+01
-7.014286041259765625e+01
-7.014286041259765625e+01
-7.014286041259765625e+01
-7.014286041259765625e+01
-7.021428680419921875e+01
-7.035713958740234375e+01
-7.050000000000000000e+01
-7.064286041259765625e+01
-7.085713958740234375e+01
-7.107142639160156250e+01
-7.128571319580078125e+01
-7.150000000000000000e+01
-7.164286041259765625e+01
-7.185713958740234375e+01
-7.207142639160156250e+01
-7.228571319580078125e+01
-7.250000000000000000e+01
-7.264286041259765625e+01
-7.271428680419921875e+01
-7.278571319580078125e+01
-7.285713958740234375e+01
-7.292857360839843750e+01
-7.292857360839843750e+01
-7.285713958740234375e+01
-7.278571319580078125e+01
-7.271428680419921875e+01
-7.257142639160156250e+01
-7.242857360839843750e+01
-7.235713958740234375e+01
-7.221428680419921875e+01
-7.207142639160156250e+01
-7.192857360839843750e+01
-7.171428680419921875e+01
-7.150000000000000000e+01
-7.128571319580078125e+01
-7.107142639160156250e+01
-7.085713958740234375e+01
-7.071428680419921875e+01
-7.057142639160156250e+01
-7.042857360839843750e+01
-7.035713958740234375e+01
-7.028571319580078125e+01
-7.028571319580078125e+01
-7.028571319580078125e+01
-7.028571319580078125e+01
-7.028571319580078125e+01
-7.035713958740234375e+01
-7.050000000000000000e+01
-7.071428680419921875e+01
-7.092857360839843750e+01
-7.121428680419921875e+01
-7.142857360839843750e+01
-7.171428680419921875e+01
-7.200000000000000000e+01
-7.221428680419921875e+01
-7.250000000000000000e+01
-7.278571319580078125e+01
-7.300000000000000000e+01
-7.321428680419921875e+01
-7.335713958740234375e+01
-7.350000000000000000e+01
-7.357142639160156250e+01
-7.357142639160156250e+01
-7.357142639160156250e+01
-7.350000000000000000e+01
-7.342857360839843750e+01
-7.328571319580078125e+01
-7.321428680419921875e+01
-7.307142639160156250e+01
-7.285713958740234375e+01
-7.271428680419921875e+01
-7.250000000000000000e+01
-7.228571319580078125e+01
-7.207142639160156250e+01
-7.178571319580078125e+01
-7.157142639160156250e+01
-7.135713958740234375e+01
-7.114286041259765625e+01
-7.092857360839843750e+01
-7.078571319580078125e+01
-7.064286041259765625e+01
-7.050000000000000000e+01
-7.035713958740234375e+01
-7.028571319580078125e+01
-7.028571319580078125e+01
-7.028571319580078125e+01
-7.028571319580078125e+01
-7.035713958740234375e+01
-7.050000000000000000e+01
-7.071428680419921875e+01
-7.092857360839843750e+01
-7.114286041259765625e+01
-7.142857360839843750e+01
-7.164286041259765625e+01
-7.192857360839843750e+01
-7.221428680419921875e+01
-7.250000000000000000e+01
-7.278571319580078125e+01
-7.307142639160156250e+01
-7.328571319580078125e+01
-7.342857360839843750e+01
-7.357142639160156250e+01
-7.357142639160156250e+01
-7.357142639160156250e+01
-7.357142639160156250e+01
-7.357142639160156250e+01
-7.350000000000000000e+01
-7.335713958740234375e+01
-7.321428680419921875e+01
-7.314286041259765625e+01
-7.300000000000000000e+01
-7.285713958740234375e+01
-7.271428680419921875e+01
-7.250000000000000000e+01
-7.228571319580078125e+01
-7.200000000000000000e+01
-7.185713958740234375e+01
-7.171428680419921875e+01
-7.150000000000000000e+01
-7.135713958740234375e+01
-7.128571319580078125e+01
-7.114286041259765625e+01
-7.100000000000000000e+01
-7.085713958740234375e+01
-7.071428680419921875e+01
-7.064286041259765625e+01
-7.064286041259765625e+01
-7.064286041259765625e+01
-7.071428680419921875e+01
-7.078571319580078125e+01
-7.100000000000000000e+01
-7.121428680419921875e+01
-7.135713958740234375e+01
-7.150000000000000000e+01
-7.178571319580078125e+01
-7.200000000000000000e+01
-7.221428680419921875e+01
-7.250000000000000000e+01
-7.271428680419921875e+01
-7.300000000000000000e+01
-7.321428680419921875e+01
-7.335713958740234375e+01
-7.350000000000000000e+01
-7.357142639160156250e+01
-7.357142639160156250e+01
-7.357142639160156250e+01
-7.350000000000000000e+01
-7.350000000000000000e+01
-7.342857360839843750e+01
-7.328571319580078125e+01
-7.314286041259765625e+01
-7.300000000000000000e+01
-7.285713958740234375e+01
-7.264286041259765625e+01
-7.250000000000000000e+01
-7.228571319580078125e+01
-7.200000000000000000e+01
-7.178571319580078125e+01
-7.164286041259765625e+01
-7.150000000000000000e+01
-7.135713958740234375e+01
-7.121428680419921875e+01
-7.107142639160156250e+01
-7.092857360839843750e+01
-7.078571319580078125e+01
-7.071428680419921875e+01
-7.064286041259765625e+01
-7.064286041259765625e+01
-7.071428680419921875e+01
-7.078571319580078125e+01
-7.085713958740234375e+01
-7.107142639160156250e+01
-7.128571319580078125e+01
-7.142857360839843750e+01
-7.157142639160156250e+01
-7.171428680419921875e+01
-7.185713958740234375e+01
-7.207142639160156250e+01
-7.228571319580078125e+01
-7.250000000000000000e+01
-7.264286041259765625e+01
-7.285713958740234375e+01
-7.300000000000000000e+01
-7.307142639160156250e+01
-7.314286041259765625e+01
-7.314286041259765625e+01
-7.314286041259765625e+01
-7.314286041259765625e+01
-7.307142639160156250e+01
-7.300000000000000000e+01
-7.292857360839843750e+01
-7.285713958740234375e+01
-7.278571319580078125e+01
-7.264286041259765625e+01
-7.250000000000000000e+01
-7.228571319580078125e+01
-7.214286041259765625e+01
-7.192857360839843750e+01
-7.178571319580078125e+01
-7.164286041259765625e+01
-7.150000000000000000e+01
-7.135713958740234375e+01
-7.128571319580078125e+01
-7.121428680419921875e+01
-7.114286041259765625e+01
-7.107142639160156250e+01
-7.100000000000000000e+01
-7.100000000000000000e+01
-7.100000000000000000e+01
-7.107142639160156250e+01
-7.114286041259765625e+01
-7.128571319580078125e+01
-7.142857360839843750e+01
-7.157142639160156250e+01
-7.171428680419921875e+01
-7.192857360839843750e+01
-7.207142639160156250e+01
-7.221428680419921875e+01
-7.242857360839843750e+01
-7.264286041259765625e+01
-7.285713958740234375e+01
-7.307142639160156250e+01
-7.328571319580078125e+01
-7.342857360839843750e+01
-7.364286041259765625e+01
-7.371428680419921875e+01
-7.378571319580078125e+01
-7.378571319580078125e+01
-7.371428680419921875e+01
-7.371428680419921875e+01
-7.371428680419921875e+01
-7.364286041259765625e+01
-7.357142639160156250e+01
-7.350000000000000000e+01
-7.335713958740234375e+01
-7.321428680419921875e+01
-7.307142639160156250e+01
-7.285713958740234375e+01
-7.264286041259765625e+01
-7.242857360839843750e+01
-7.228571319580078125e+01
-7.214286041259765625e+01
-7.200000000000000000e+01
-7.185713958740234375e+01
-7.171428680419921875e+01
-7.157142639160156250e+01
-7.150000000000000000e+01
-7.150000000000000000e+01
-7.150000000000000000e+01
-7.150000000000000000e+01
-7.157142639160156250e+01
-7.164286041259765625e+01
-7.178571319580078125e+01
-7.200000000000000000e+01
-7.221428680419921875e+01
-7.228571319580078125e+01
-7.235713958740234375e+01
-7.250000000000000000e+01
-7.271428680419921875e+01
-7.292857360839843750e+01
-7.314286041259765625e+01
-7.335713958740234375e+01
-7.350000000000000000e+01
-7.371428680419921875e+01
-7.385713958740234375e+01
-7.400000000000000000e+01
-7.414286041259765625e+01
-7.421428680419921875e+01
-7.428571319580078125e+01
-7.428571319580078125e+01
-7.428571319580078125e+01
-7.435713958740234375e+01
-7.435713958740234375e+01
-7.435713958740234375e+01
-7.435713958740234375e+01
-7.428571319580078125e+01
-7.421428680419921875e+01
-7.407142639160156250e+01
-7.385713958740234375e+01
-7.364286041259765625e+01
-7.342857360839843750e+01
-7.321428680419921875e+01
-7.292857360839843750e+01
-7.278571319580078125e+01
-7.264286041259765625e+01
-7.250000000000000000e+01
-7.228571319580078125e+01
-7.214286041259765625e+01
-7.207142639160156250e+01
-7.207142639160156250e+01
-7.207142639160156250e+01
-7.207142639160156250e+01
-7.214286041259765625e+01
-7.221428680419921875e+01
-7.242857360839843750e+01
-7.257142639160156250e+01
-7.264286041259765625e+01
-7.278571319580078125e+01
-7.300000000000000000e+01
-7.314286041259765625e+01
-7.328571319580078125e+01
-7.342857360839843750e+01
-7.364286041259765625e+01
-7.378571319580078125e+01
-7.392857360839843750e+01
-7.407142639160156250e+01
-7.421428680419921875e+01
-7.435713958740234375e+01
-7.442857360839843750e+01
-7.450000000000000000e+01
-7.442857360839843750e+01
-7.442857360839843750e+01
-7.442857360839843750e+01
-7.442857360839843750e+01
-7.442857360839843750e+01
-7.435713958740234375e+01
-7.428571319580078125e+01
-7.414286041259765625e+01
-7.392857360839843750e+01
-7.371428680419921875e+01
-7.350000000000000000e+01
-7.328571319580078125e+01
-7.307142639160156250e+01
-7.285713958740234375e+01
-7.271428680419921875e+01
-7.257142639160156250e+01
-7.242857360839843750e+01
-7.228571319580078125e+01
-7.214286041259765625e+01
-7.214286041259765625e+01
-7.214286041259765625e+01
-7.221428680419921875e+01
-7.235713958740234375e+01
-7.257142639160156250e+01
-7.285713958740234375e+01
-7.321428680419921875e+01
-7.385713958740234375e+01
-7.464286041259765625e+01
-7.564286041259765625e+01
-7.700000000000000000e+01
-7.864286041259765625e+01
-8.064286041259765625e+01
-8.307142639160156250e+01
-8.592857360839843750e+01
-8.921428680419921875e+01
-9.285713958740234375e+01
-9.692857360839843750e+01
-1.014285736083984375e+02
-1.066428604125976562e+02
-1.125714263916015625e+02
-1.189285736083984375e+02
-1.259285736083984375e+02
