0.000000000000000000e+00
0.000000000000000000e+00
0.000000000000000000e+00
0.000000000000000000e+00
0.000000000000000000e+00
0.000000000000000000e+00
0.000000000000000000e+00
0.000000000000000000e+00
0.000000000000000000e+00
0.000000000000000000e+00
0.000000000000000000e+00
0.000000000000000000e+00
0.000000000000000000e+00
0.000000000000000000e+00
0.000000000000000000e+00
0.000000000000000000e+00
0.000000000000000000e+00
0.000000000000000000e+00
0.000000000000000000e+00
0.000000000000000000e+00
-7.138888549804687500e+01
-7.138888549804687500e+01
-7.138888549804687500e+01
-7.138888549804687500e+01
-7.138888549804687500e+01
-7.138888549804687500e+01
-7.138888549804687500e+01
-7.138888549804687500e+01
-7.138888549804687500e+01
-7.138888549804687500e+01
-7.138888549804687500e+01
-7.138888549804687500e+01
-7.138888549804687500e+01
-7.138888549804687500e+01
-7.138888549804687500e+01
-7.138888549804687500e+01
-7.057142639160156250e+01
-7.050000000000000000e+01
-7.050000000000000000e+01
-7.042857360839843750e+01
-7.050000000000000000e+01
-7.050000000000000000e+01
-7.050000000000000000e+01
-7.050000000000000000e+01
-7.057142639160156250e+01
-7.057142639160156250e+01
-7.064286041259765625e+01
-7.071428680419921875e+01
-7.078571319580078125e+01
-7.085713958740234375e+01
-7.092857360839843750e+01
-7.092857360839843750e+01
-7.100000000000000000e+01
-7.107142639160156250e+01
-7.107142639160156250e+01
-7.114286041259765625e+01
-7.114286041259765625e+01
-7.121428680419921875e+01
-7.128571319580078125e+01
-7.135713958740234375e+01
-7.142857360839843750e+01
-7.150000000000000000e+01
-7.157142639160156250e+01
-7.157142639160156250e+01
-7.164286041259765625e+01
-7.171428680419921875e+01
-7.164286041259765625e+01
-7.164286041259765625e+01
-7.157142639160156250e+01
-7.157142639160156250e+01
-7.157142639160156250e+01
-7.157142639160156250e+01
-7.150000000000000000e+01
-7.135713958740234375e+01
-7.121428680419921875e+01
-7.114286041259765625e+01
-7.100000000000000000e+01
-7.085713958740234375e+01
-7.071428680419921875e+01
-7.064286041259765625e+01
-7.050000000000000000e+01
-7.042857360839843750e+01
-7.035713958740234375e+01
-7.028571319580078125e+01
-7.021428680419921875e+01
-7.014286041259765625e+01
-7.014286041259765625e+01
-7.021428680419921875e+01
-7.028571319580078125e+01
-7.035713958740234375e+01
-7.042857360839843750e+01
-7.042857360839843750e+01
-7.050000000000000000e+01
-7.057142639160156250e+01
-7.071428680419921875e+01
-7.085713958740234375e+01
-7.107142639160156250e+01
-7.128571319580078125e+01
-7.150000000000000000e+01
-7.171428680419921875e+01
-7.192857360839843750e+01
-7.207142639160156250e+01
-7.214286041259765625e+01
-7.221428680419921875e+01
-7.228571319580078125e+01
-7.228571319580078125e+01
-7.235713958740234375e+01
-7.228571319580078125e+01
-7.228571319580078125e+01
-7.228571319580078125e+01
-7.214286041259765625e+01
-7.192857360839843750e+01
-7.171428680419921875e+01
-7.150000000000000000e+01
-7.128571319580078125e+01
-7.107142639160156250e+01
-7.085713958740234375e+01
-7.071428680419921875e+01
-7.057142639160156250e+01
-7.042857360839843750e+01
-7.028571319580078125e+01
-7.021428680419921875e+01
-7.021428680419921875e+01
-7.014286041259765625e+01
-7.014286041259765625e+01
-7.014286041259765625e+01
-7.021428680419921875e+01
-7.028571319580078125e+01
-7.042857360839843750e+01
-7.057142639160156250e+01
-7.078571319580078125e+01
-7.114286041259765625e+01
-7.164286041259765625e+01
-7.228571319580078125e+01
-7.307142639160156250e+01
-7.400000000000000000e+01
-7.507142639160156250e+01
-7.635713958740234375e+01
-7.778571319580078125e+01
-7.957142639160156250e+01
-8.171428680419921875e+01
-8.407142639160156250e+01
-8.657142639160156250e+01
-8.935713958740234375e+01
-9.228571319580078125e+01
-9.542857360839843750e+01
-9.864286041259765625e+01
-1.020714263916015625e+02
-1.057857131958007812e+02
-1.097142868041992188e+02
-1.140714263916015625e+02
-1.187857131958007812e+02
-1.242857131958007812e+02
-1.304285736083984375e+02
-1.371428527832031250e+02
-1.451428527832031250e+02
-1.534285736083984375e+02
-1.625714263916015625e+02
0.000000000000000000e+00
0.000000000000000000e+00
0.000000000000000000e+00
0.000000000000000000e+00
0.000000000000000000e+00
0.000000000000000000e+00
0.000000000000000000e+00
0.000000000000000000e+00
0.000000000000000000e+00
0.000000000000000000e+00
0.000000000000000000e+00
0.000000000000000000e+00
0.000000000000000000e+00
0.000000000000000000e+00
0.000000000000000000e+00
0.000000000000000000e+00
0.000000000000000000e+00
0.000000000000000000e+00
0.000000000000000000e+00
0.000000000000000000e+00
-7.116666412353515625e+01
-7.116666412353515625e+01
-7.116666412353515625e+01
-7.116666412353515625e+01
-7.116666412353515625e+01
-7.116666412353515625e+01
-7.116666412353515625e+01
-7.116666412353515625e+01
-7.116666412353515625e+01
-7.116666412353515625e+01
-7.116666412353515625e+01
-7.116666412353515625e+01
-7.116666412353515625e+01
-7.116666412353515625e+01
-7.116666412353515625e+01
-7.116666412353515625e+01
-7.064286041259765625e+01
-7.057142639160156250e+01
-7.057142639160156250e+01
-7.057142639160156250e+01
-7.050000000000000000e+01
-7.042857360839843750e+01
-7.035713958740234375e+01
-7.028571319580078125e+01
-7.028571319580078125e+01
-7.028571319580078125e+01
-7.028571319580078125e+01
-7.035713958740234375e+01
-7.042857360839843750e+01
-7.050000000000000000e+01
-7.057142639160156250e+01
-7.064286041259765625e+01
-7.071428680419921875e+01
-7.078571319580078125e+01
-7.078571319580078125e+01
-7.078571319580078125e+01
-7.085713958740234375e+01
-7.092857360839843750e+01
-7.107142639160156250e+01
-7.114286041259765625e+01
-7.121428680419921875e+01
-7.128571319580078125e+01
-7.135713958740234375e+01
-7.142857360839843750e+01
-7.150000000000000000e+01
-7.157142639160156250e+01
-7.157142639160156250e+01
-7.157142639160156250e+01
-7.157142639160156250e+01
-7.150000000000000000e+01
-7.150000000000000000e+01
-7.142857360839843750e+01
-7.135713958740234375e+01
-7.121428680419921875e+01
-7.107142639160156250e+01
-7.092857360839843750e+01
-7.078571319580078125e+01
-7.064286041259765625e+01
-7.050000000000000000e+01
-7.035713958740234375e+01
-7.021428680419921875e+01
-7.014286041259765625e+01
-7.007142639160156250e+01
-7.007142639160156250e+01
-7.000000000000000000e+01
-7.007142639160156250e+01
-7.000000000000000000e+01
-7.007142639160156250e+01
-7.014286041259765625e+01
-7.021428680419921875e+01
-7.028571319580078125e+01
-7.035713958740234375e+01
-7.042857360839843750e+01
-7.050000000000000000e+01
-7.057142639160156250e+01
-7.078571319580078125e+01
-7.092857360839843750e+01
-7.107142639160156250e+01
-7.121428680419921875e+01
-7.142857360839843750e+01
-7.164286041259765625e+01
-7.178571319580078125e+01
-7.192857360839843750e+01
-7.200000000000000000e+01
-7.207142639160156250e+01
-7.214286041259765625e+01
-7.221428680419921875e+01
-7.221428680419921875e+01
-7.221428680419921875e+01
-7.221428680419921875e+01
-7.207142639160156250e+01
-7.192857360839843750e+01
-7.178571319580078125e+01
-7.164286041259765625e+01
-7.150000000000000000e+01
-7.128571319580078125e+01
-7.107142639160156250e+01
-7.085713958740234375e+01
-7.071428680419921875e+01
-7.057142639160156250e+01
-7.042857360839843750e+01
-7.028571319580078125e+01
-7.021428680419921875e+01
-7.014286041259765625e+01
-7.014286041259765625e+01
-7.007142639160156250e+01
-7.007142639160156250e+01
-7.014286041259765625e+01
-7.021428680419921875e+01
-7.035713958740234375e+01
-7.057142639160156250e+01
-7.078571319580078125e+01
-7.114286041259765625e+01
-7.157142639160156250e+01
-7.221428680419921875e+01
-7.307142639160156250e+01
-7.400000000000000000e+01
-7.507142639160156250e+01
-7.635713958740234375e+01
-7.785713958740234375e+01
-7.957142639160156250e+01
-8.171428680419921875e+01
-8.400000000000000000e+01
-8.642857360839843750e+01
-8.907142639160156250e+01
-9.207142639160156250e+01
-9.521428680419921875e+01
-9.864286041259765625e+01
-1.021428604125976562e+02
-1.059285736083984375e+02
-1.103571395874023438e+02
-1.152142868041992188e+02
-1.203571395874023438e+02
-1.261428604125976562e+02
-1.325714263916015625e+02
-1.395000000000000000e+02
-1.475714263916015625e+02
-1.558571472167968750e+02
-1.651428527832031250e+02
0.000000000000000000e+00
0.000000000000000000e+00
0.000000000000000000e+00
0.000000000000000000e+00
0.000000000000000000e+00
0.000000000000000000e+00
0.000000000000000000e+00
0.000000000000000000e+00
0.000000000000000000e+00
0.000000000000000000e+00
0.000000000000000000e+00
0.000000000000000000e+00
0.000000000000000000e+00
0.000000000000000000e+00
0.000000000000000000e+00
0.000000000000000000e+00
0.000000000000000000e+00
0.000000000000000000e+00
0.000000000000000000e+00
0.000000000000000000e+00
-7.116666412353515625e+01
-7.116666412353515625e+01
-7.116666412353515625e+01
-7.116666412353515625e+01
-7.116666412353515625e+01
-7.116666412353515625e+01
-7.116666412353515625e+01
-7.116666412353515625e+01
-7.116666412353515625e+01
-7.116666412353515625e+01
-7.116666412353515625e+01
-7.116666412353515625e+01
-7.116666412353515625e+01
-7.116666412353515625e+01
-7.116666412353515625e+01
-7.116666412353515625e+01
-7.028571319580078125e+01
-7.028571319580078125e+01
-7.021428680419921875e+01
-7.021428680419921875e+01
-7.021428680419921875e+01
-7.014286041259765625e+01
-7.007142639160156250e+01
-7.000000000000000000e+01
-7.000000000000000000e+01
-7.000000000000000000e+01
-7.000000000000000000e+01
-7.007142639160156250e+01
-7.014286041259765625e+01
-7.014286041259765625e+01
-7.014286041259765625e+01
-7.021428680419921875e+01
-7.028571319580078125e+01
-7.035713958740234375e+01
-7.042857360839843750e+01
-7.050000000000000000e+01
-7.057142639160156250e+01
-7.064286041259765625e+01
-7.071428680419921875e+01
-7.078571319580078125e+01
-7.085713958740234375e+01
-7.092857360839843750e+01
-7.092857360839843750e+01
-7.092857360839843750e+01
-7.092857360839843750e+01
-7.100000000000000000e+01
-7.100000000000000000e+01
-7.100000000000000000e+01
-7.100000000000000000e+01
-7.100000000000000000e+01
-7.092857360839843750e+01
-7.085713958740234375e+01
-7.078571319580078125e+01
-7.071428680419921875e+01
-7.064286041259765625e+01
-7.057142639160156250e+01
-7.050000000000000000e+01
-7.042857360839843750e+01
-7.035713958740234375e+01
-7.035713958740234375e+01
-7.028571319580078125e+01
-7.021428680419921875e+01
-7.014286041259765625e+01
-7.007142639160156250e+01
-6.992857360839843750e+01
-6.992857360839843750e+01
-6.992857360839843750e+01
-6.992857360839843750e+01
-7.000000000000000000e+01
-7.000000000000000000e+01
-7.000000000000000000e+01
-7.007142639160156250e+01
-7.014286041259765625e+01
-7.021428680419921875e+01
-7.028571319580078125e+01
-7.028571319580078125e+01
-7.035713958740234375e+01
-7.050000000000000000e+01
-7.064286041259765625e+01
-7.078571319580078125e+01
-7.092857360839843750e+01
-7.114286041259765625e+01
-7.135713958740234375e+01
-7.150000000000000000e+01
-7.157142639160156250e+01
-7.171428680419921875e+01
-7.185713958740234375e+01
-7.192857360839843750e+01
-7.192857360839843750e+01
-7.192857360839843750e+01
-7.192857360839843750e+01
-7.185713958740234375e+01
-7.171428680419921875e+01
-7.157142639160156250e+01
-7.142857360839843750e+01
-7.128571319580078125e+01
-7.107142639160156250e+01
-7.085713958740234375e+01
-7.071428680419921875e+01
-7.057142639160156250e+01
-7.050000000000000000e+01
-7.042857360839843750e+01
-7.035713958740234375e+01
-7.028571319580078125e+01
-7.021428680419921875e+01
-7.021428680419921875e+01
-7.028571319580078125e+01
-7.035713958740234375e+01
-7.042857360839843750e+01
-7.057142639160156250e+01
-7.071428680419921875e+01
-7.092857360839843750e+01
-7.121428680419921875e+01
-7.164286041259765625e+01
-7.214286041259765625e+01
-7.278571319580078125e+01
-7.350000000000000000e+01
-7.435713958740234375e+01
-7.535713958740234375e+01
-7.664286041259765625e+01
-7.814286041259765625e+01
-8.007142639160156250e+01
-8.242857360839843750e+01
-8.500000000000000000e+01
-8.771428680419921875e+01
-9.050000000000000000e+01
-9.357142639160156250e+01
-9.678571319580078125e+01
-1.001428604125976562e+02
-1.035714263916015625e+02
-1.070000000000000000e+02
-1.108571395874023438e+02
-1.152857131958007812e+02
-1.201428604125976562e+02
-1.252857131958007812e+02
-1.306428527832031250e+02
-1.365000000000000000e+02
-1.436428527832031250e+02
-1.515000000000000000e+02
-1.611428527832031250e+02
-1.709285736083984375e+02
