2.320000000000000000e+02
2.260000000000000000e+02
2.140000000000000000e+02
1.950000000000000000e+02
1.720000000000000000e+02
1.440000000000000000e+02
1.120000000000000000e+02
7.500000000000000000e+01
3.900000000000000000e+01
-1.000000000000000000e+00
-4.700000000000000000e+01
-9.100000000000000000e+01
-1.350000000000000000e+02
-1.790000000000000000e+02
-2.230000000000000000e+02
-2.700000000000000000e+02
-3.160000000000000000e+02
-3.640000000000000000e+02
-4.110000000000000000e+02
-4.600000000000000000e+02
-1.503000000000000000e+03
-1.605000000000000000e+03
-1.706000000000000000e+03
-1.807000000000000000e+03
-1.907000000000000000e+03
-2.007000000000000000e+03
-2.108000000000000000e+03
-2.206000000000000000e+03
-2.306000000000000000e+03
-2.405000000000000000e+03
-2.505000000000000000e+03
-2.606000000000000000e+03
-2.706000000000000000e+03
-2.807000000000000000e+03
-2.906000000000000000e+03
-3.006000000000000000e+03
-3.106000000000000000e+03
-3.204000000000000000e+03
-3.304000000000000000e+03
-3.403000000000000000e+03
-3.502000000000000000e+03
-3.605000000000000000e+03
-3.705000000000000000e+03
-3.804000000000000000e+03
-3.903000000000000000e+03
-4.002000000000000000e+03
-4.101000000000000000e+03
-4.205000000000000000e+03
-4.303000000000000000e+03
-4.401000000000000000e+03
-4.500000000000000000e+03
-4.600000000000000000e+03
-4.699000000000000000e+03
-4.800000000000000000e+03
-4.899000000000000000e+03
-5.000000000000000000e+03
-5.101000000000000000e+03
-5.202000000000000000e+03
-5.301000000000000000e+03
-5.401000000000000000e+03
-5.502000000000000000e+03
-5.604000000000000000e+03
-5.706000000000000000e+03
-5.807000000000000000e+03
-5.907000000000000000e+03
-6.008000000000000000e+03
-6.108000000000000000e+03
-6.209000000000000000e+03
-6.309000000000000000e+03
-6.409000000000000000e+03
-6.512000000000000000e+03
-6.609000000000000000e+03
-6.711000000000000000e+03
-6.812000000000000000e+03
-6.912000000000000000e+03
-7.011000000000000000e+03
-7.111000000000000000e+03
-7.211000000000000000e+03
-7.310000000000000000e+03
-7.410000000000000000e+03
-7.508000000000000000e+03
-7.607000000000000000e+03
-7.707000000000000000e+03
-7.807000000000000000e+03
-7.906000000000000000e+03
-8.004000000000000000e+03
-8.104000000000000000e+03
-8.205000000000000000e+03
-8.308000000000000000e+03
-8.405000000000000000e+03
-8.504000000000000000e+03
-8.602000000000000000e+03
-8.702000000000000000e+03
-8.802000000000000000e+03
-8.902000000000000000e+03
-9.002000000000000000e+03
-9.103000000000000000e+03
-9.204000000000000000e+03
-9.304000000000000000e+03
-9.403000000000000000e+03
-9.503000000000000000e+03
-9.607000000000000000e+03
-9.708000000000000000e+03
-9.810000000000000000e+03
-9.911000000000000000e+03
-1.001200000000000000e+04
-1.011500000000000000e+04
-1.021500000000000000e+04
-1.031500000000000000e+04
-1.041500000000000000e+04
-1.051500000000000000e+04
-1.061400000000000000e+04
-1.071400000000000000e+04
-1.081400000000000000e+04
-1.091500000000000000e+04
-1.101500000000000000e+04
-1.111400000000000000e+04
-1.121400000000000000e+04
-1.131300000000000000e+04
-1.141200000000000000e+04
-1.151200000000000000e+04
-1.161000000000000000e+04
-1.170900000000000000e+04
-1.180900000000000000e+04
-1.190900000000000000e+04
-1.200800000000000000e+04
-1.210700000000000000e+04
-1.220700000000000000e+04
-1.230700000000000000e+04
-1.241100000000000000e+04
-1.250800000000000000e+04
-1.260700000000000000e+04
-1.270700000000000000e+04
-1.280700000000000000e+04
-1.290800000000000000e+04
-1.300800000000000000e+04
-1.310800000000000000e+04
-1.320900000000000000e+04
-1.331000000000000000e+04
-1.341000000000000000e+04
-1.350900000000000000e+04
-1.360900000000000000e+04
-1.371000000000000000e+04
-1.381200000000000000e+04
-1.391400000000000000e+04
-1.401700000000000000e+04
-1.411600000000000000e+04
-1.421800000000000000e+04
-1.431700000000000000e+04
-1.441700000000000000e+04
-1.451700000000000000e+04
-1.461700000000000000e+04
-1.471700000000000000e+04
-1.481700000000000000e+04
-1.491700000000000000e+04
-1.501800000000000000e+04
-1.511700000000000000e+04
-1.521600000000000000e+04
-1.531600000000000000e+04
-1.541500000000000000e+04
-1.551400000000000000e+04
-1.561400000000000000e+04
-1.571300000000000000e+04
-1.581400000000000000e+04
-1.591500000000000000e+04
-1.601500000000000000e+04
-1.611400000000000000e+04
-1.621300000000000000e+04
-1.631300000000000000e+04
-1.641400000000000000e+04
-1.651500000000000000e+04
-1.661400000000000000e+04
-1.671300000000000000e+04
-1.681100000000000000e+04
-1.691100000000000000e+04
-1.701100000000000000e+04
-1.711000000000000000e+04
-1.721000000000000000e+04
-1.731100000000000000e+04
-1.741300000000000000e+04
-1.751200000000000000e+04
-1.761200000000000000e+04
-1.771200000000000000e+04
-1.781300000000000000e+04
-1.791400000000000000e+04
-1.801600000000000000e+04
-1.811700000000000000e+04
-1.821800000000000000e+04
-1.832000000000000000e+04
-1.842300000000000000e+04
-1.852300000000000000e+04
-1.862300000000000000e+04
-1.872400000000000000e+04
-1.882300000000000000e+04
-1.892300000000000000e+04
-1.902300000000000000e+04
-1.912300000000000000e+04
-1.922200000000000000e+04
-1.932200000000000000e+04
-1.942100000000000000e+04
-1.952100000000000000e+04
-1.962000000000000000e+04
-1.971900000000000000e+04
-1.981800000000000000e+04
-1.991600000000000000e+04
-2.001600000000000000e+04
-2.011600000000000000e+04
-2.021600000000000000e+04
-2.031500000000000000e+04
-2.041500000000000000e+04
-2.051700000000000000e+04
-2.061800000000000000e+04
-2.071600000000000000e+04
-2.081500000000000000e+04
-2.091400000000000000e+04
-2.101300000000000000e+04
-2.111300000000000000e+04
-2.121200000000000000e+04
-2.131300000000000000e+04
-2.141600000000000000e+04
-2.151800000000000000e+04
-2.161800000000000000e+04
-2.171700000000000000e+04
-2.181700000000000000e+04
-2.191700000000000000e+04
-2.201900000000000000e+04
-2.212100000000000000e+04
-2.222200000000000000e+04
-2.232400000000000000e+04
-2.242600000000000000e+04
-2.252600000000000000e+04
-2.262600000000000000e+04
-2.272600000000000000e+04
-2.282600000000000000e+04
-2.292500000000000000e+04
-2.302600000000000000e+04
-2.312500000000000000e+04
-2.322600000000000000e+04
-2.332600000000000000e+04
-2.342500000000000000e+04
-2.352500000000000000e+04
-2.362400000000000000e+04
-2.372200000000000000e+04
-2.382100000000000000e+04
-2.392100000000000000e+04
-2.401900000000000000e+04
-2.411900000000000000e+04
-2.422300000000000000e+04
-2.432200000000000000e+04
-2.442100000000000000e+04
-2.452100000000000000e+04
-2.462400000000000000e+04
-2.472400000000000000e+04
-2.482200000000000000e+04
-2.492100000000000000e+04
-2.502000000000000000e+04
-2.511900000000000000e+04
-2.522000000000000000e+04
-2.531900000000000000e+04
-2.542000000000000000e+04
-2.551900000000000000e+04
-2.562000000000000000e+04
-2.572000000000000000e+04
-2.581900000000000000e+04
-2.591900000000000000e+04
-2.602000000000000000e+04
-2.612200000000000000e+04
-2.622400000000000000e+04
-2.632500000000000000e+04
-2.642700000000000000e+04
-2.652800000000000000e+04
-2.662800000000000000e+04
-2.672800000000000000e+04
-2.682800000000000000e+04
-2.693200000000000000e+04
-2.702800000000000000e+04
-2.712900000000000000e+04
-2.722900000000000000e+04
-2.733300000000000000e+04
-2.743200000000000000e+04
-2.753100000000000000e+04
-2.763100000000000000e+04
-2.773000000000000000e+04
-2.782800000000000000e+04
-2.792800000000000000e+04
-2.802700000000000000e+04
-2.812600000000000000e+04
-2.822600000000000000e+04
-2.832600000000000000e+04
-2.842500000000000000e+04
-2.852400000000000000e+04
-2.862300000000000000e+04
-2.872800000000000000e+04
-2.882700000000000000e+04
-2.892500000000000000e+04
-2.902500000000000000e+04
-2.912400000000000000e+04
-2.922200000000000000e+04
-2.932200000000000000e+04
-2.942200000000000000e+04
-2.952300000000000000e+04
-2.962200000000000000e+04
-2.972300000000000000e+04
-2.982300000000000000e+04
-2.992500000000000000e+04
-3.002700000000000000e+04
-3.012600000000000000e+04
-3.022800000000000000e+04
-3.033000000000000000e+04
-3.043100000000000000e+04
-3.053200000000000000e+04
-3.063400000000000000e+04
-3.073400000000000000e+04
-3.083400000000000000e+04
-3.093400000000000000e+04
-3.103500000000000000e+04
-3.113400000000000000e+04
-3.123500000000000000e+04
-3.133500000000000000e+04
-3.143500000000000000e+04
-3.153500000000000000e+04
-3.163300000000000000e+04
-3.173300000000000000e+04
-3.183200000000000000e+04
-3.193100000000000000e+04
-3.203000000000000000e+04
-3.212900000000000000e+04
-3.222900000000000000e+04
-3.232800000000000000e+04
-3.242800000000000000e+04
-3.252700000000000000e+04
-3.262600000000000000e+04
-3.272600000000000000e+04
-3.283100000000000000e+04
-3.293300000000000000e+04
-3.303100000000000000e+04
-3.313000000000000000e+04
-3.322900000000000000e+04
-3.332700000000000000e+04
-3.342700000000000000e+04
-3.352700000000000000e+04
-3.362800000000000000e+04
-3.372900000000000000e+04
-3.382800000000000000e+04
-3.392800000000000000e+04
-3.402800000000000000e+04
-3.412900000000000000e+04
-3.422900000000000000e+04
-3.433000000000000000e+04
-3.443200000000000000e+04
-3.453300000000000000e+04
-3.463500000000000000e+04
-3.473700000000000000e+04
-3.483700000000000000e+04
-3.493700000000000000e+04
-3.503600000000000000e+04
-3.513700000000000000e+04
-3.523600000000000000e+04
-3.533600000000000000e+04
-3.543700000000000000e+04
-3.553700000000000000e+04
-3.563800000000000000e+04
-3.573700000000000000e+04
-3.583600000000000000e+04
-3.593500000000000000e+04
-3.603800000000000000e+04
-3.613600000000000000e+04
-3.623500000000000000e+04
-3.633400000000000000e+04
-3.643400000000000000e+04
-3.653400000000000000e+04
-3.663300000000000000e+04
-3.673300000000000000e+04
-3.683200000000000000e+04
-3.693700000000000000e+04
-3.703500000000000000e+04
-3.713300000000000000e+04
-3.723200000000000000e+04
-3.733100000000000000e+04
-3.743100000000000000e+04
-3.753100000000000000e+04
-3.763100000000000000e+04
-3.773100000000000000e+04
-3.783100000000000000e+04
-3.793100000000000000e+04
-3.803000000000000000e+04
-3.813000000000000000e+04
-3.823100000000000000e+04
-3.833100000000000000e+04
-3.843300000000000000e+04
-3.853500000000000000e+04
-3.863700000000000000e+04
-3.873700000000000000e+04
-3.884000000000000000e+04
-3.893900000000000000e+04
-3.903900000000000000e+04
-3.913900000000000000e+04
-3.923800000000000000e+04
-3.934200000000000000e+04
-3.944200000000000000e+04
-3.954300000000000000e+04
-3.964300000000000000e+04
-3.974300000000000000e+04
-3.984200000000000000e+04
-3.994100000000000000e+04
-4.004100000000000000e+04
-4.014000000000000000e+04
-4.023900000000000000e+04
-4.033800000000000000e+04
-4.043700000000000000e+04
-4.053800000000000000e+04
-4.063700000000000000e+04
-4.073600000000000000e+04
-4.083600000000000000e+04
-4.093400000000000000e+04
-4.103900000000000000e+04
-4.113700000000000000e+04
-4.123600000000000000e+04
-4.133500000000000000e+04
-4.143400000000000000e+04
-4.153300000000000000e+04
-4.163300000000000000e+04
-4.173300000000000000e+04
-4.183300000000000000e+04
-4.193300000000000000e+04
-4.203300000000000000e+04
-4.213300000000000000e+04
-4.223300000000000000e+04
-4.233700000000000000e+04
-4.243900000000000000e+04
-4.253900000000000000e+04
-4.264100000000000000e+04
-4.274200000000000000e+04
-4.284300000000000000e+04
-4.294500000000000000e+04
-4.304500000000000000e+04
-4.314500000000000000e+04
-4.324500000000000000e+04
-4.334500000000000000e+04
-4.344600000000000000e+04
-4.354500000000000000e+04
-4.364600000000000000e+04
-4.374600000000000000e+04
-4.384500000000000000e+04
-4.394500000000000000e+04
-4.404500000000000000e+04
-4.414400000000000000e+04
-4.424400000000000000e+04
-4.434200000000000000e+04
-4.444100000000000000e+04
-4.454000000000000000e+04
-4.464000000000000000e+04
-4.473800000000000000e+04
-4.483800000000000000e+04
-4.493800000000000000e+04
-4.503700000000000000e+04
-4.514200000000000000e+04
-4.524000000000000000e+04
-4.534200000000000000e+04
-4.544100000000000000e+04
-4.554000000000000000e+04
-4.563800000000000000e+04
-4.573800000000000000e+04
-4.583800000000000000e+04
-4.593900000000000000e+04
-4.604000000000000000e+04
-4.614000000000000000e+04
-4.623900000000000000e+04
-4.633900000000000000e+04
-4.643900000000000000e+04
-4.654000000000000000e+04
-4.664100000000000000e+04
-4.674300000000000000e+04
-4.684500000000000000e+04
-4.694600000000000000e+04
-4.704800000000000000e+04
-4.714800000000000000e+04
-4.724800000000000000e+04
-4.734800000000000000e+04
-4.744700000000000000e+04
-4.754800000000000000e+04
-4.764800000000000000e+04
-4.774900000000000000e+04
-4.784800000000000000e+04
-4.794700000000000000e+04
-4.804700000000000000e+04
-4.814500000000000000e+04
-4.824300000000000000e+04
-4.834300000000000000e+04
-4.843700000000000000e+04
-4.853200000000000000e+04
-4.862700000000000000e+04
-4.872100000000000000e+04
-4.881500000000000000e+04
-4.890700000000000000e+04
-4.900100000000000000e+04
-4.909300000000000000e+04
-4.918900000000000000e+04
-4.928100000000000000e+04
-4.937100000000000000e+04
3.000000000000000000e+02
2.960000000000000000e+02
2.840000000000000000e+02
2.660000000000000000e+02
2.440000000000000000e+02
2.150000000000000000e+02
1.840000000000000000e+02
1.480000000000000000e+02
1.100000000000000000e+02
6.900000000000000000e+01
2.900000000000000000e+01
-1.600000000000000000e+01
-6.500000000000000000e+01
-1.090000000000000000e+02
-1.540000000000000000e+02
-1.980000000000000000e+02
-2.460000000000000000e+02
-2.920000000000000000e+02
-3.400000000000000000e+02
-3.880000000000000000e+02
-1.429000000000000000e+03
-1.534000000000000000e+03
-1.636000000000000000e+03
-1.734000000000000000e+03
-1.838000000000000000e+03
-1.939000000000000000e+03
-2.038000000000000000e+03
-2.138000000000000000e+03
-2.237000000000000000e+03
-2.337000000000000000e+03
-2.436000000000000000e+03
-2.537000000000000000e+03
-2.637000000000000000e+03
-2.738000000000000000e+03
-2.839000000000000000e+03
-2.937000000000000000e+03
-3.036000000000000000e+03
-3.136000000000000000e+03
-3.235000000000000000e+03
-3.334000000000000000e+03
-3.434000000000000000e+03
-3.533000000000000000e+03
-3.633000000000000000e+03
-3.732000000000000000e+03
-3.832000000000000000e+03
-3.930000000000000000e+03
-4.030000000000000000e+03
-4.132000000000000000e+03
-4.232000000000000000e+03
-4.330000000000000000e+03
-4.429000000000000000e+03
-4.527000000000000000e+03
-4.626000000000000000e+03
-4.726000000000000000e+03
-4.830000000000000000e+03
-4.930000000000000000e+03
-5.031000000000000000e+03
-5.132000000000000000e+03
-5.232000000000000000e+03
-5.331000000000000000e+03
-5.431000000000000000e+03
-5.532000000000000000e+03
-5.634000000000000000e+03
-5.736000000000000000e+03
-5.837000000000000000e+03
-5.938000000000000000e+03
-6.040000000000000000e+03
-6.140000000000000000e+03
-6.240000000000000000e+03
-6.339000000000000000e+03
-6.440000000000000000e+03
-6.539000000000000000e+03
-6.640000000000000000e+03
-6.739000000000000000e+03
-6.840000000000000000e+03
-6.940000000000000000e+03
-7.039000000000000000e+03
-7.138000000000000000e+03
-7.238000000000000000e+03
-7.337000000000000000e+03
-7.440000000000000000e+03
-7.539000000000000000e+03
-7.638000000000000000e+03
-7.738000000000000000e+03
-7.837000000000000000e+03
-7.937000000000000000e+03
-8.035000000000000000e+03
-8.134000000000000000e+03
-8.238000000000000000e+03
-8.338000000000000000e+03
-8.436000000000000000e+03
-8.534000000000000000e+03
-8.633000000000000000e+03
-8.732000000000000000e+03
-8.832000000000000000e+03
-8.932000000000000000e+03
-9.033000000000000000e+03
-9.133000000000000000e+03
-9.234000000000000000e+03
-9.334000000000000000e+03
-9.434000000000000000e+03
-9.533000000000000000e+03
-9.634000000000000000e+03
-9.736000000000000000e+03
-9.838000000000000000e+03
-9.939000000000000000e+03
-1.004000000000000000e+04
-1.014300000000000000e+04
-1.024300000000000000e+04
-1.034600000000000000e+04
-1.044200000000000000e+04
-1.054600000000000000e+04
-1.064500000000000000e+04
-1.074500000000000000e+04
-1.084500000000000000e+04
-1.094600000000000000e+04
-1.104600000000000000e+04
-1.114500000000000000e+04
-1.124400000000000000e+04
-1.134400000000000000e+04
-1.144100000000000000e+04
-1.154100000000000000e+04
-1.164000000000000000e+04
-1.173900000000000000e+04
-1.184000000000000000e+04
-1.194000000000000000e+04
-1.203800000000000000e+04
-1.213800000000000000e+04
-1.223800000000000000e+04
-1.234300000000000000e+04
-1.244100000000000000e+04
-1.253900000000000000e+04
-1.263800000000000000e+04
-1.273600000000000000e+04
-1.284500000000000000e+04
-1.293600000000000000e+04
-1.303600000000000000e+04
-1.313700000000000000e+04
-1.323600000000000000e+04
-1.334100000000000000e+04
-1.343900000000000000e+04
-1.353900000000000000e+04
-1.364000000000000000e+04
-1.374000000000000000e+04
-1.384200000000000000e+04
-1.394500000000000000e+04
-1.404600000000000000e+04
-1.414700000000000000e+04
-1.424900000000000000e+04
-1.434800000000000000e+04
-1.444900000000000000e+04
-1.454800000000000000e+04
-1.464800000000000000e+04
-1.474800000000000000e+04
-1.484900000000000000e+04
-1.494900000000000000e+04
-1.504900000000000000e+04
-1.514900000000000000e+04
-1.524800000000000000e+04
-1.534600000000000000e+04
-1.544600000000000000e+04
-1.554400000000000000e+04
-1.564300000000000000e+04
-1.574300000000000000e+04
-1.584500000000000000e+04
-1.594200000000000000e+04
-1.604200000000000000e+04
-1.614100000000000000e+04
-1.624400000000000000e+04
-1.634300000000000000e+04
-1.644900000000000000e+04
-1.654600000000000000e+04
-1.664500000000000000e+04
-1.674400000000000000e+04
-1.684300000000000000e+04
-1.694300000000000000e+04
-1.704300000000000000e+04
-1.714200000000000000e+04
-1.724200000000000000e+04
-1.734200000000000000e+04
-1.744300000000000000e+04
-1.754300000000000000e+04
-1.764300000000000000e+04
-1.774300000000000000e+04
-1.784400000000000000e+04
-1.794500000000000000e+04
-1.804700000000000000e+04
-1.814800000000000000e+04
-1.824900000000000000e+04
-1.835100000000000000e+04
-1.845100000000000000e+04
-1.855100000000000000e+04
-1.865100000000000000e+04
-1.875100000000000000e+04
-1.885100000000000000e+04
-1.895100000000000000e+04
-1.905100000000000000e+04
-1.915400000000000000e+04
-1.925400000000000000e+04
-1.935300000000000000e+04
-1.945200000000000000e+04
-1.955200000000000000e+04
-1.965100000000000000e+04
-1.975000000000000000e+04
-1.984900000000000000e+04
-1.994800000000000000e+04
-2.004700000000000000e+04
-2.014700000000000000e+04
-2.024500000000000000e+04
-2.034600000000000000e+04
-2.044500000000000000e+04
-2.055000000000000000e+04
-2.064900000000000000e+04
-2.074700000000000000e+04
-2.084700000000000000e+04
-2.094500000000000000e+04
-2.104500000000000000e+04
-2.114500000000000000e+04
-2.124400000000000000e+04
-2.134500000000000000e+04
-2.144500000000000000e+04
-2.154600000000000000e+04
-2.164500000000000000e+04
-2.174500000000000000e+04
-2.184500000000000000e+04
-2.194400000000000000e+04
-2.205000000000000000e+04
-2.215200000000000000e+04
-2.225300000000000000e+04
-2.235400000000000000e+04
-2.245600000000000000e+04
-2.255700000000000000e+04
-2.265600000000000000e+04
-2.276600000000000000e+04
-2.285600000000000000e+04
-2.295600000000000000e+04
-2.305700000000000000e+04
-2.315600000000000000e+04
-2.325700000000000000e+04
-2.335700000000000000e+04
-2.345700000000000000e+04
-2.355600000000000000e+04
-2.365500000000000000e+04
-2.375500000000000000e+04
-2.385200000000000000e+04
-2.395100000000000000e+04
-2.405100000000000000e+04
-2.415100000000000000e+04
-2.425100000000000000e+04
-2.435300000000000000e+04
-2.445000000000000000e+04
-2.454800000000000000e+04
-2.465400000000000000e+04
-2.475200000000000000e+04
-2.485000000000000000e+04
-2.494900000000000000e+04
-2.504900000000000000e+04
-2.515100000000000000e+04
-2.525100000000000000e+04
-2.535100000000000000e+04
-2.545200000000000000e+04
-2.555200000000000000e+04
-2.565200000000000000e+04
-2.575100000000000000e+04
-2.585000000000000000e+04
-2.595100000000000000e+04
-2.605200000000000000e+04
-2.615400000000000000e+04
-2.625600000000000000e+04
-2.635700000000000000e+04
-2.645800000000000000e+04
-2.655900000000000000e+04
-2.666000000000000000e+04
-2.675900000000000000e+04
-2.685900000000000000e+04
-2.695900000000000000e+04
-2.706000000000000000e+04
-2.716000000000000000e+04
-2.726000000000000000e+04
-2.736100000000000000e+04
-2.746000000000000000e+04
-2.756000000000000000e+04
-2.765900000000000000e+04
-2.775700000000000000e+04
-2.786000000000000000e+04
-2.795800000000000000e+04
-2.805800000000000000e+04
-2.815800000000000000e+04
-2.825700000000000000e+04
-2.835600000000000000e+04
-2.845500000000000000e+04
-2.855500000000000000e+04
-2.865400000000000000e+04
-2.875900000000000000e+04
-2.885700000000000000e+04
-2.895600000000000000e+04
-2.905500000000000000e+04
-2.915500000000000000e+04
-2.925400000000000000e+04
-2.935400000000000000e+04
-2.945300000000000000e+04
-2.955400000000000000e+04
-2.965400000000000000e+04
-2.975400000000000000e+04
-2.985400000000000000e+04
-2.995400000000000000e+04
-3.005500000000000000e+04
-3.015500000000000000e+04
-3.025600000000000000e+04
-3.035900000000000000e+04
-3.045900000000000000e+04
-3.056000000000000000e+04
-3.066300000000000000e+04
-3.076500000000000000e+04
-3.086400000000000000e+04
-3.096500000000000000e+04
-3.106500000000000000e+04
-3.116500000000000000e+04
-3.126500000000000000e+04
-3.136500000000000000e+04
-3.146600000000000000e+04
-3.156500000000000000e+04
-3.166400000000000000e+04
-3.176400000000000000e+04
-3.186300000000000000e+04
-3.196300000000000000e+04
-3.206100000000000000e+04
-3.216000000000000000e+04
-3.225900000000000000e+04
-3.235900000000000000e+04
-3.245800000000000000e+04
-3.255700000000000000e+04
-3.265700000000000000e+04
-3.275700000000000000e+04
-3.286100000000000000e+04
-3.296000000000000000e+04
-3.305800000000000000e+04
-3.315600000000000000e+04
-3.325600000000000000e+04
-3.335800000000000000e+04
-3.345800000000000000e+04
-3.355800000000000000e+04
-3.365900000000000000e+04
-3.376000000000000000e+04
-3.386100000000000000e+04
-3.395900000000000000e+04
-3.405900000000000000e+04
-3.416000000000000000e+04
-3.426100000000000000e+04
-3.436200000000000000e+04
-3.446500000000000000e+04
-3.456500000000000000e+04
-3.466600000000000000e+04
-3.476700000000000000e+04
-3.486800000000000000e+04
-3.496800000000000000e+04
-3.506700000000000000e+04
-3.516700000000000000e+04
-3.526800000000000000e+04
-3.536700000000000000e+04
-3.546800000000000000e+04
-3.556900000000000000e+04
-3.566800000000000000e+04
-3.576800000000000000e+04
-3.586800000000000000e+04
-3.596600000000000000e+04
-3.606600000000000000e+04
-3.616400000000000000e+04
-3.626200000000000000e+04
-3.636500000000000000e+04
-3.646600000000000000e+04
-3.656500000000000000e+04
-3.666400000000000000e+04
-3.676400000000000000e+04
-3.686300000000000000e+04
-3.696800000000000000e+04
-3.706500000000000000e+04
-3.716400000000000000e+04
-3.726200000000000000e+04
-3.736200000000000000e+04
-3.746100000000000000e+04
-3.756100000000000000e+04
-3.766100000000000000e+04
-3.776200000000000000e+04
-3.786300000000000000e+04
-3.796300000000000000e+04
-3.806200000000000000e+04
-3.816200000000000000e+04
-3.826200000000000000e+04
-3.836400000000000000e+04
-3.846500000000000000e+04
-3.856700000000000000e+04
-3.866800000000000000e+04
-3.877000000000000000e+04
-3.887000000000000000e+04
-3.897100000000000000e+04
-3.907000000000000000e+04
-3.917300000000000000e+04
-3.927300000000000000e+04
-3.937400000000000000e+04
-3.947300000000000000e+04
-3.957400000000000000e+04
-3.967400000000000000e+04
-3.977300000000000000e+04
-3.987300000000000000e+04
-3.997300000000000000e+04
-4.007100000000000000e+04
-4.017100000000000000e+04
-4.027000000000000000e+04
-4.036900000000000000e+04
-4.046800000000000000e+04
-4.056900000000000000e+04
-4.066700000000000000e+04
-4.076700000000000000e+04
-4.086600000000000000e+04
-4.096500000000000000e+04
-4.107000000000000000e+04
-4.116700000000000000e+04
-4.126600000000000000e+04
-4.136400000000000000e+04
-4.146800000000000000e+04
-4.156700000000000000e+04
-4.166600000000000000e+04
-4.176600000000000000e+04
-4.186700000000000000e+04
-4.196700000000000000e+04
-4.206800000000000000e+04
-4.216700000000000000e+04
-4.226800000000000000e+04
-4.236800000000000000e+04
-4.247000000000000000e+04
-4.257200000000000000e+04
-4.267300000000000000e+04
-4.277300000000000000e+04
-4.287400000000000000e+04
-4.297500000000000000e+04
-4.307600000000000000e+04
-4.317700000000000000e+04
-4.327700000000000000e+04
-4.337600000000000000e+04
-4.347600000000000000e+04
-4.357600000000000000e+04
-4.367700000000000000e+04
-4.377600000000000000e+04
-4.387500000000000000e+04
-4.397900000000000000e+04
-4.407500000000000000e+04
-4.417800000000000000e+04
-4.427800000000000000e+04
-4.437600000000000000e+04
-4.447500000000000000e+04
-4.457400000000000000e+04
-4.467400000000000000e+04
-4.477400000000000000e+04
-4.487200000000000000e+04
-4.497300000000000000e+04
-4.507300000000000000e+04
-4.517700000000000000e+04
-4.527400000000000000e+04
-4.537200000000000000e+04
-4.547000000000000000e+04
-4.556900000000000000e+04
-4.566900000000000000e+04
-4.576900000000000000e+04
-4.586900000000000000e+04
-4.597000000000000000e+04
-4.607000000000000000e+04
-4.617100000000000000e+04
-4.627000000000000000e+04
-4.637100000000000000e+04
-4.647100000000000000e+04
-4.657300000000000000e+04
-4.667400000000000000e+04
-4.677900000000000000e+04
-4.688000000000000000e+04
-4.698200000000000000e+04
-4.708300000000000000e+04
-4.718300000000000000e+04
-4.728200000000000000e+04
-4.738300000000000000e+04
-4.748200000000000000e+04
-4.758300000000000000e+04
-4.768200000000000000e+04
-4.778200000000000000e+04
-4.788300000000000000e+04
-4.798100000000000000e+04
-4.808100000000000000e+04
-4.817800000000000000e+04
-4.827600000000000000e+04
-4.837300000000000000e+04
-4.846800000000000000e+04
-4.856400000000000000e+04
-4.865700000000000000e+04
-4.875300000000000000e+04
-4.884400000000000000e+04
-4.893800000000000000e+04
-4.903100000000000000e+04
-4.912600000000000000e+04
-4.922400000000000000e+04
-4.931400000000000000e+04
-4.940400000000000000e+04
