1.728000000000000000e+03
1.725000000000000000e+03
1.714000000000000000e+03
1.696000000000000000e+03
1.672000000000000000e+03
1.644000000000000000e+03
1.612000000000000000e+03
1.577000000000000000e+03
1.538000000000000000e+03
1.500000000000000000e+03
1.458000000000000000e+03
1.415000000000000000e+03
1.370000000000000000e+03
1.324000000000000000e+03
1.279000000000000000e+03
1.232000000000000000e+03
1.186000000000000000e+03
1.138000000000000000e+03
1.090000000000000000e+03
1.042000000000000000e+03
4.000000000000000000e+00
-1.000000000000000000e+02
-1.970000000000000000e+02
-2.950000000000000000e+02
-3.940000000000000000e+02
-4.940000000000000000e+02
-5.930000000000000000e+02
-6.930000000000000000e+02
-7.920000000000000000e+02
-8.930000000000000000e+02
-9.930000000000000000e+02
-1.094000000000000000e+03
-1.193000000000000000e+03
-1.293000000000000000e+03
-1.393000000000000000e+03
-1.495000000000000000e+03
-1.599000000000000000e+03
-1.701000000000000000e+03
-1.801000000000000000e+03
-1.902000000000000000e+03
-2.002000000000000000e+03
-2.102000000000000000e+03
-2.202000000000000000e+03
-2.301000000000000000e+03
-2.401000000000000000e+03
-2.502000000000000000e+03
-2.603000000000000000e+03
-2.703000000000000000e+03
-2.804000000000000000e+03
-2.903000000000000000e+03
-3.003000000000000000e+03
-3.103000000000000000e+03
-3.202000000000000000e+03
-3.303000000000000000e+03
-3.401000000000000000e+03
-3.503000000000000000e+03
-3.603000000000000000e+03
-3.704000000000000000e+03
-3.802000000000000000e+03
-3.901000000000000000e+03
-4.000000000000000000e+03
-4.099000000000000000e+03
-4.203000000000000000e+03
-4.301000000000000000e+03
-4.400000000000000000e+03
-4.498000000000000000e+03
-4.599000000000000000e+03
-4.698000000000000000e+03
-4.798000000000000000e+03
-4.897000000000000000e+03
-4.998000000000000000e+03
-5.098000000000000000e+03
-5.199000000000000000e+03
-5.298000000000000000e+03
-5.398000000000000000e+03
-5.500000000000000000e+03
-5.601000000000000000e+03
-5.706000000000000000e+03
-5.807000000000000000e+03
-5.907000000000000000e+03
-6.008000000000000000e+03
-6.108000000000000000e+03
-6.209000000000000000e+03
-6.309000000000000000e+03
-6.409000000000000000e+03
-6.508000000000000000e+03
-6.608000000000000000e+03
-6.709000000000000000e+03
-6.810000000000000000e+03
-6.910000000000000000e+03
-7.009000000000000000e+03
-7.110000000000000000e+03
-7.210000000000000000e+03
-7.308000000000000000e+03
-7.409000000000000000e+03
-7.510000000000000000e+03
-7.609000000000000000e+03
-7.708000000000000000e+03
-7.809000000000000000e+03
-7.908000000000000000e+03
-8.006000000000000000e+03
-8.106000000000000000e+03
-8.207000000000000000e+03
-8.309000000000000000e+03
-8.407000000000000000e+03
-8.505000000000000000e+03
-8.604000000000000000e+03
-8.704000000000000000e+03
-8.802000000000000000e+03
-8.903000000000000000e+03
-9.002000000000000000e+03
-9.103000000000000000e+03
-9.204000000000000000e+03
-9.305000000000000000e+03
-9.407000000000000000e+03
-9.507000000000000000e+03
-9.608000000000000000e+03
-9.719000000000000000e+03
-9.811000000000000000e+03
-9.913000000000000000e+03
-1.001400000000000000e+04
-1.011600000000000000e+04
-1.021600000000000000e+04
-1.031600000000000000e+04
-1.041600000000000000e+04
-1.051500000000000000e+04
-1.061500000000000000e+04
-1.071500000000000000e+04
-1.081500000000000000e+04
-1.091600000000000000e+04
-1.101600000000000000e+04
-1.111900000000000000e+04
-1.121900000000000000e+04
-1.131900000000000000e+04
-1.141700000000000000e+04
-1.151700000000000000e+04
-1.161500000000000000e+04
-1.171300000000000000e+04
-1.181300000000000000e+04
-1.191400000000000000e+04
-1.201400000000000000e+04
-1.211300000000000000e+04
-1.221200000000000000e+04
-1.231300000000000000e+04
-1.241600000000000000e+04
-1.251300000000000000e+04
-1.261100000000000000e+04
-1.271000000000000000e+04
-1.280900000000000000e+04
-1.290900000000000000e+04
-1.300900000000000000e+04
-1.310800000000000000e+04
-1.321300000000000000e+04
-1.331400000000000000e+04
-1.341300000000000000e+04
-1.351300000000000000e+04
-1.361300000000000000e+04
-1.371400000000000000e+04
-1.381500000000000000e+04
-1.391800000000000000e+04
-1.402000000000000000e+04
-1.412000000000000000e+04
-1.422200000000000000e+04
-1.432100000000000000e+04
-1.442100000000000000e+04
-1.452100000000000000e+04
-1.462100000000000000e+04
-1.472100000000000000e+04
-1.482200000000000000e+04
-1.492200000000000000e+04
-1.502300000000000000e+04
-1.512300000000000000e+04
-1.522500000000000000e+04
-1.532400000000000000e+04
-1.542300000000000000e+04
-1.552200000000000000e+04
-1.562100000000000000e+04
-1.572100000000000000e+04
-1.581900000000000000e+04
-1.592000000000000000e+04
-1.602000000000000000e+04
-1.611900000000000000e+04
-1.621800000000000000e+04
-1.631800000000000000e+04
-1.642000000000000000e+04
-1.652000000000000000e+04
-1.661800000000000000e+04
-1.671800000000000000e+04
-1.681600000000000000e+04
-1.691500000000000000e+04
-1.701800000000000000e+04
-1.711800000000000000e+04
-1.721800000000000000e+04
-1.731800000000000000e+04
-1.742000000000000000e+04
-1.751900000000000000e+04
-1.761900000000000000e+04
-1.772000000000000000e+04
-1.782000000000000000e+04
-1.792200000000000000e+04
-1.802400000000000000e+04
-1.812600000000000000e+04
-1.822600000000000000e+04
-1.832800000000000000e+04
-1.842800000000000000e+04
-1.852800000000000000e+04
-1.862800000000000000e+04
-1.872800000000000000e+04
-1.883000000000000000e+04
-1.893100000000000000e+04
-1.903100000000000000e+04
-1.913100000000000000e+04
-1.923100000000000000e+04
-1.933100000000000000e+04
-1.943000000000000000e+04
-1.952900000000000000e+04
-1.962800000000000000e+04
-1.972700000000000000e+04
-1.982600000000000000e+04
-1.992500000000000000e+04
-2.002400000000000000e+04
-2.012500000000000000e+04
-2.022400000000000000e+04
-2.032300000000000000e+04
-2.042300000000000000e+04
-2.052600000000000000e+04
-2.062600000000000000e+04
-2.072700000000000000e+04
-2.082600000000000000e+04
-2.092500000000000000e+04
-2.102400000000000000e+04
-2.112400000000000000e+04
-2.122300000000000000e+04
-2.132400000000000000e+04
-2.142400000000000000e+04
-2.152600000000000000e+04
-2.162500000000000000e+04
-2.172500000000000000e+04
-2.182600000000000000e+04
-2.192500000000000000e+04
-2.202700000000000000e+04
-2.213000000000000000e+04
-2.223100000000000000e+04
-2.233200000000000000e+04
-2.243400000000000000e+04
-2.253400000000000000e+04
-2.263700000000000000e+04
-2.273600000000000000e+04
-2.283700000000000000e+04
-2.293600000000000000e+04
-2.303700000000000000e+04
-2.313600000000000000e+04
-2.323800000000000000e+04
-2.333800000000000000e+04
-2.343800000000000000e+04
-2.353700000000000000e+04
-2.363600000000000000e+04
-2.373400000000000000e+04
-2.383200000000000000e+04
-2.393200000000000000e+04
-2.403000000000000000e+04
-2.413000000000000000e+04
-2.423100000000000000e+04
-2.433000000000000000e+04
-2.443000000000000000e+04
-2.453200000000000000e+04
-2.463700000000000000e+04
-2.473500000000000000e+04
-2.483300000000000000e+04
-2.493300000000000000e+04
-2.503100000000000000e+04
-2.513000000000000000e+04
-2.523100000000000000e+04
-2.533000000000000000e+04
-2.543000000000000000e+04
-2.553000000000000000e+04
-2.563000000000000000e+04
-2.572900000000000000e+04
-2.582700000000000000e+04
-2.592700000000000000e+04
-2.602400000000000000e+04
-2.612400000000000000e+04
-2.622600000000000000e+04
-2.632400000000000000e+04
-2.642100000000000000e+04
-2.651800000000000000e+04
-2.661200000000000000e+04
-2.670600000000000000e+04
-2.679800000000000000e+04
-2.689000000000000000e+04
-2.698100000000000000e+04
-2.707400000000000000e+04
-2.716500000000000000e+04
-2.725600000000000000e+04
-2.734400000000000000e+04
-2.743100000000000000e+04
-2.751300000000000000e+04
1.831000000000000000e+03
1.827000000000000000e+03
1.816000000000000000e+03
1.798000000000000000e+03
1.773000000000000000e+03
1.746000000000000000e+03
1.716000000000000000e+03
1.681000000000000000e+03
1.643000000000000000e+03
1.603000000000000000e+03
1.562000000000000000e+03
1.519000000000000000e+03
1.472000000000000000e+03
1.427000000000000000e+03
1.381000000000000000e+03
1.333000000000000000e+03
1.286000000000000000e+03
1.238000000000000000e+03
1.191000000000000000e+03
1.143000000000000000e+03
1.070000000000000000e+02
8.000000000000000000e+00
-9.600000000000000000e+01
-1.930000000000000000e+02
-2.920000000000000000e+02
-3.910000000000000000e+02
-4.900000000000000000e+02
-5.890000000000000000e+02
-6.890000000000000000e+02
-7.880000000000000000e+02
-8.890000000000000000e+02
-9.890000000000000000e+02
-1.090000000000000000e+03
-1.189000000000000000e+03
-1.289000000000000000e+03
-1.390000000000000000e+03
-1.491000000000000000e+03
-1.591000000000000000e+03
-1.693000000000000000e+03
-1.794000000000000000e+03
-1.898000000000000000e+03
-1.998000000000000000e+03
-2.098000000000000000e+03
-2.198000000000000000e+03
-2.298000000000000000e+03
-2.398000000000000000e+03
-2.498000000000000000e+03
-2.599000000000000000e+03
-2.699000000000000000e+03
-2.800000000000000000e+03
-2.900000000000000000e+03
-2.999000000000000000e+03
-3.100000000000000000e+03
-3.199000000000000000e+03
-3.300000000000000000e+03
-3.399000000000000000e+03
-3.498000000000000000e+03
-3.597000000000000000e+03
-3.698000000000000000e+03
-3.796000000000000000e+03
-3.899000000000000000e+03
-3.997000000000000000e+03
-4.096000000000000000e+03
-4.201000000000000000e+03
-4.298000000000000000e+03
-4.396000000000000000e+03
-4.495000000000000000e+03
-4.596000000000000000e+03
-4.694000000000000000e+03
-4.795000000000000000e+03
-4.894000000000000000e+03
-4.994000000000000000e+03
-5.095000000000000000e+03
-5.196000000000000000e+03
-5.295000000000000000e+03
-5.395000000000000000e+03
-5.496000000000000000e+03
-5.597000000000000000e+03
-5.699000000000000000e+03
-5.800000000000000000e+03
-5.900000000000000000e+03
-6.001000000000000000e+03
-6.101000000000000000e+03
-6.205000000000000000e+03
-6.304000000000000000e+03
-6.405000000000000000e+03
-6.504000000000000000e+03
-6.604000000000000000e+03
-6.705000000000000000e+03
-6.805000000000000000e+03
-6.906000000000000000e+03
-7.005000000000000000e+03
-7.106000000000000000e+03
-7.206000000000000000e+03
-7.305000000000000000e+03
-7.406000000000000000e+03
-7.504000000000000000e+03
-7.603000000000000000e+03
-7.702000000000000000e+03
-7.802000000000000000e+03
-7.900000000000000000e+03
-8.000000000000000000e+03
-8.099000000000000000e+03
-8.198000000000000000e+03
-8.306000000000000000e+03
-8.403000000000000000e+03
-8.501000000000000000e+03
-8.600000000000000000e+03
-8.700000000000000000e+03
-8.799000000000000000e+03
-8.899000000000000000e+03
-8.998000000000000000e+03
-9.099000000000000000e+03
-9.200000000000000000e+03
-9.301000000000000000e+03
-9.400000000000000000e+03
-9.501000000000000000e+03
-9.601000000000000000e+03
-9.703000000000000000e+03
-9.804000000000000000e+03
-9.915000000000000000e+03
-1.000700000000000000e+04
-1.010800000000000000e+04
-1.020800000000000000e+04
-1.030900000000000000e+04
-1.041100000000000000e+04
-1.051100000000000000e+04
-1.061000000000000000e+04
-1.071000000000000000e+04
-1.081000000000000000e+04
-1.091100000000000000e+04
-1.101200000000000000e+04
-1.111200000000000000e+04
-1.121200000000000000e+04
-1.131200000000000000e+04
-1.141100000000000000e+04
-1.151000000000000000e+04
-1.160800000000000000e+04
-1.170800000000000000e+04
-1.180700000000000000e+04
-1.190700000000000000e+04
-1.200600000000000000e+04
-1.210500000000000000e+04
-1.220500000000000000e+04
-1.230500000000000000e+04
-1.240800000000000000e+04
-1.250800000000000000e+04
-1.260700000000000000e+04
-1.270500000000000000e+04
-1.280500000000000000e+04
-1.290500000000000000e+04
-1.300500000000000000e+04
-1.310400000000000000e+04
-1.320500000000000000e+04
-1.330600000000000000e+04
-1.340700000000000000e+04
-1.350600000000000000e+04
-1.360600000000000000e+04
-1.370700000000000000e+04
-1.380900000000000000e+04
-1.391100000000000000e+04
-1.401200000000000000e+04
-1.411300000000000000e+04
-1.421500000000000000e+04
-1.431400000000000000e+04
-1.441400000000000000e+04
-1.451400000000000000e+04
-1.461400000000000000e+04
-1.471400000000000000e+04
-1.481400000000000000e+04
-1.491700000000000000e+04
-1.501800000000000000e+04
-1.511800000000000000e+04
-1.521700000000000000e+04
-1.531700000000000000e+04
-1.541700000000000000e+04
-1.551600000000000000e+04
-1.561600000000000000e+04
-1.571500000000000000e+04
-1.581300000000000000e+04
-1.591300000000000000e+04
-1.601300000000000000e+04
-1.611200000000000000e+04
-1.621100000000000000e+04
-1.631000000000000000e+04
-1.641100000000000000e+04
-1.651300000000000000e+04
-1.661100000000000000e+04
-1.671000000000000000e+04
-1.680900000000000000e+04
-1.690800000000000000e+04
-1.701100000000000000e+04
-1.710700000000000000e+04
-1.721000000000000000e+04
-1.731100000000000000e+04
-1.741200000000000000e+04
-1.751200000000000000e+04
-1.761200000000000000e+04
-1.771300000000000000e+04
-1.781300000000000000e+04
-1.791500000000000000e+04
-1.801700000000000000e+04
-1.811800000000000000e+04
-1.821800000000000000e+04
-1.832000000000000000e+04
-1.841900000000000000e+04
-1.851900000000000000e+04
-1.862000000000000000e+04
-1.872000000000000000e+04
-1.881900000000000000e+04
-1.891900000000000000e+04
-1.901900000000000000e+04
-1.912000000000000000e+04
-1.922100000000000000e+04
-1.932000000000000000e+04
-1.942300000000000000e+04
-1.952200000000000000e+04
-1.962100000000000000e+04
-1.972000000000000000e+04
-1.981900000000000000e+04
-1.991700000000000000e+04
-2.001700000000000000e+04
-2.011700000000000000e+04
-2.021600000000000000e+04
-2.031500000000000000e+04
-2.041600000000000000e+04
-2.051800000000000000e+04
-2.061800000000000000e+04
-2.071700000000000000e+04
-2.081600000000000000e+04
-2.091400000000000000e+04
-2.101300000000000000e+04
-2.111300000000000000e+04
-2.121200000000000000e+04
-2.131300000000000000e+04
-2.141300000000000000e+04
-2.151800000000000000e+04
-2.161500000000000000e+04
-2.171800000000000000e+04
-2.181800000000000000e+04
-2.191800000000000000e+04
-2.202000000000000000e+04
-2.212200000000000000e+04
-2.222300000000000000e+04
-2.232400000000000000e+04
-2.242600000000000000e+04
-2.252600000000000000e+04
-2.262600000000000000e+04
-2.272500000000000000e+04
-2.282600000000000000e+04
-2.292400000000000000e+04
-2.302500000000000000e+04
-2.312500000000000000e+04
-2.322700000000000000e+04
-2.332700000000000000e+04
-2.342600000000000000e+04
-2.352600000000000000e+04
-2.362500000000000000e+04
-2.372400000000000000e+04
-2.382300000000000000e+04
-2.392200000000000000e+04
-2.402000000000000000e+04
-2.412300000000000000e+04
-2.422300000000000000e+04
-2.432200000000000000e+04
-2.442200000000000000e+04
-2.452100000000000000e+04
-2.462500000000000000e+04
-2.472500000000000000e+04
-2.482300000000000000e+04
-2.492200000000000000e+04
-2.502000000000000000e+04
-2.512000000000000000e+04
-2.522000000000000000e+04
-2.531900000000000000e+04
-2.542000000000000000e+04
-2.551900000000000000e+04
-2.561900000000000000e+04
-2.571800000000000000e+04
-2.581700000000000000e+04
-2.591500000000000000e+04
-2.601400000000000000e+04
-2.611300000000000000e+04
-2.621200000000000000e+04
-2.631300000000000000e+04
-2.641000000000000000e+04
-2.650700000000000000e+04
-2.660100000000000000e+04
-2.669600000000000000e+04
-2.678900000000000000e+04
-2.688200000000000000e+04
-2.697300000000000000e+04
-2.706500000000000000e+04
-2.715500000000000000e+04
-2.724500000000000000e+04
-2.733400000000000000e+04
-2.742100000000000000e+04
-2.750700000000000000e+04
1.924000000000000000e+03
1.920000000000000000e+03
1.909000000000000000e+03
1.891000000000000000e+03
1.866000000000000000e+03
1.837000000000000000e+03
1.806000000000000000e+03
1.770000000000000000e+03
1.732000000000000000e+03
1.694000000000000000e+03
1.652000000000000000e+03
1.609000000000000000e+03
1.565000000000000000e+03
1.520000000000000000e+03
1.474000000000000000e+03
1.427000000000000000e+03
1.380000000000000000e+03
1.331000000000000000e+03
1.283000000000000000e+03
1.235000000000000000e+03
1.990000000000000000e+02
1.000000000000000000e+02
1.000000000000000000e+00
-1.030000000000000000e+02
-2.000000000000000000e+02
-2.990000000000000000e+02
-3.980000000000000000e+02
-4.980000000000000000e+02
-5.970000000000000000e+02
-6.970000000000000000e+02
-7.960000000000000000e+02
-9.000000000000000000e+02
-1.000000000000000000e+03
-1.101000000000000000e+03
-1.199000000000000000e+03
-1.300000000000000000e+03
-1.400000000000000000e+03
-1.501000000000000000e+03
-1.603000000000000000e+03
-1.704000000000000000e+03
-1.805000000000000000e+03
-1.906000000000000000e+03
-2.006000000000000000e+03
-2.106000000000000000e+03
-2.205000000000000000e+03
-2.306000000000000000e+03
-2.405000000000000000e+03
-2.505000000000000000e+03
-2.606000000000000000e+03
-2.707000000000000000e+03
-2.808000000000000000e+03
-2.910000000000000000e+03
-3.010000000000000000e+03
-3.110000000000000000e+03
-3.208000000000000000e+03
-3.309000000000000000e+03
-3.407000000000000000e+03
-3.507000000000000000e+03
-3.607000000000000000e+03
-3.707000000000000000e+03
-3.805000000000000000e+03
-3.904000000000000000e+03
-4.003000000000000000e+03
-4.102000000000000000e+03
-4.206000000000000000e+03
-4.304000000000000000e+03
-4.403000000000000000e+03
-4.501000000000000000e+03
-4.602000000000000000e+03
-4.701000000000000000e+03
-4.801000000000000000e+03
-4.909000000000000000e+03
-5.000000000000000000e+03
-5.101000000000000000e+03
-5.205000000000000000e+03
-5.304000000000000000e+03
-5.405000000000000000e+03
-5.506000000000000000e+03
-5.607000000000000000e+03
-5.709000000000000000e+03
-5.810000000000000000e+03
-5.911000000000000000e+03
-6.011000000000000000e+03
-6.111000000000000000e+03
-6.212000000000000000e+03
-6.312000000000000000e+03
-6.412000000000000000e+03
-6.512000000000000000e+03
-6.612000000000000000e+03
-6.712000000000000000e+03
-6.813000000000000000e+03
-6.913000000000000000e+03
-7.013000000000000000e+03
-7.113000000000000000e+03
-7.213000000000000000e+03
-7.312000000000000000e+03
-7.416000000000000000e+03
-7.514000000000000000e+03
-7.613000000000000000e+03
-7.712000000000000000e+03
-7.812000000000000000e+03
-7.911000000000000000e+03
-8.009000000000000000e+03
-8.110000000000000000e+03
-8.210000000000000000e+03
-8.313000000000000000e+03
-8.410000000000000000e+03
-8.509000000000000000e+03
-8.607000000000000000e+03
-8.707000000000000000e+03
-8.806000000000000000e+03
-8.906000000000000000e+03
-9.006000000000000000e+03
-9.107000000000000000e+03
-9.208000000000000000e+03
-9.309000000000000000e+03
-9.407000000000000000e+03
-9.508000000000000000e+03
-9.609000000000000000e+03
-9.710000000000000000e+03
-9.815000000000000000e+03
-9.916000000000000000e+03
-1.001700000000000000e+04
-1.012000000000000000e+04
-1.021900000000000000e+04
-1.031900000000000000e+04
-1.041800000000000000e+04
-1.051800000000000000e+04
-1.061800000000000000e+04
-1.071800000000000000e+04
-1.081800000000000000e+04
-1.091900000000000000e+04
-1.102000000000000000e+04
-1.111900000000000000e+04
-1.121900000000000000e+04
-1.131900000000000000e+04
-1.141700000000000000e+04
-1.151700000000000000e+04
-1.161500000000000000e+04
-1.171400000000000000e+04
-1.181300000000000000e+04
-1.191600000000000000e+04
-1.201700000000000000e+04
-1.211500000000000000e+04
-1.221500000000000000e+04
-1.231700000000000000e+04
-1.241700000000000000e+04
-1.251600000000000000e+04
-1.261400000000000000e+04
-1.271300000000000000e+04
-1.281200000000000000e+04
-1.291200000000000000e+04
-1.301200000000000000e+04
-1.311200000000000000e+04
-1.321300000000000000e+04
-1.331400000000000000e+04
-1.341400000000000000e+04
-1.351300000000000000e+04
-1.361300000000000000e+04
-1.371400000000000000e+04
-1.381600000000000000e+04
-1.392100000000000000e+04
-1.402300000000000000e+04
-1.412400000000000000e+04
-1.422500000000000000e+04
-1.432400000000000000e+04
-1.442500000000000000e+04
-1.452400000000000000e+04
-1.462500000000000000e+04
-1.472400000000000000e+04
-1.482500000000000000e+04
-1.492500000000000000e+04
-1.502600000000000000e+04
-1.512600000000000000e+04
-1.522500000000000000e+04
-1.532400000000000000e+04
-1.542400000000000000e+04
-1.552300000000000000e+04
-1.562200000000000000e+04
-1.572200000000000000e+04
-1.581900000000000000e+04
-1.592000000000000000e+04
-1.602000000000000000e+04
-1.612200000000000000e+04
-1.622100000000000000e+04
-1.632100000000000000e+04
-1.642300000000000000e+04
-1.652300000000000000e+04
-1.662100000000000000e+04
-1.672000000000000000e+04
-1.681900000000000000e+04
-1.691900000000000000e+04
-1.701800000000000000e+04
-1.711800000000000000e+04
-1.721800000000000000e+04
-1.731800000000000000e+04
-1.742000000000000000e+04
-1.751900000000000000e+04
-1.761900000000000000e+04
-1.772000000000000000e+04
-1.782100000000000000e+04
-1.792300000000000000e+04
-1.802700000000000000e+04
-1.812900000000000000e+04
-1.822900000000000000e+04
-1.833100000000000000e+04
-1.843000000000000000e+04
-1.853000000000000000e+04
-1.863000000000000000e+04
-1.873100000000000000e+04
-1.883000000000000000e+04
-1.893100000000000000e+04
-1.903000000000000000e+04
-1.913100000000000000e+04
-1.923100000000000000e+04
-1.933000000000000000e+04
-1.943000000000000000e+04
-1.953000000000000000e+04
-1.962800000000000000e+04
-1.972700000000000000e+04
-1.982700000000000000e+04
-1.992500000000000000e+04
-2.002700000000000000e+04
-2.012700000000000000e+04
-2.022600000000000000e+04
-2.032600000000000000e+04
-2.042500000000000000e+04
-2.052900000000000000e+04
-2.062900000000000000e+04
-2.072700000000000000e+04
-2.082600000000000000e+04
-2.092400000000000000e+04
-2.102400000000000000e+04
-2.112400000000000000e+04
-2.122300000000000000e+04
-2.132400000000000000e+04
-2.142300000000000000e+04
-2.152500000000000000e+04
-2.162500000000000000e+04
-2.172400000000000000e+04
-2.182500000000000000e+04
-2.192500000000000000e+04
-2.202700000000000000e+04
-2.213200000000000000e+04
-2.223400000000000000e+04
-2.233500000000000000e+04
-2.243600000000000000e+04
-2.253700000000000000e+04
-2.263600000000000000e+04
-2.273600000000000000e+04
-2.283700000000000000e+04
-2.293500000000000000e+04
-2.303600000000000000e+04
-2.313600000000000000e+04
-2.323800000000000000e+04
-2.333800000000000000e+04
-2.343700000000000000e+04
-2.353700000000000000e+04
-2.363600000000000000e+04
-2.373400000000000000e+04
-2.383200000000000000e+04
-2.393200000000000000e+04
-2.403400000000000000e+04
-2.413300000000000000e+04
-2.423400000000000000e+04
-2.433200000000000000e+04
-2.443200000000000000e+04
-2.453200000000000000e+04
-2.463700000000000000e+04
-2.473500000000000000e+04
-2.483200000000000000e+04
-2.493200000000000000e+04
-2.503100000000000000e+04
-2.513000000000000000e+04
-2.523000000000000000e+04
-2.533000000000000000e+04
-2.543000000000000000e+04
-2.552900000000000000e+04
-2.563000000000000000e+04
-2.572800000000000000e+04
-2.582700000000000000e+04
-2.592600000000000000e+04
-2.602300000000000000e+04
-2.612300000000000000e+04
-2.622500000000000000e+04
-2.632300000000000000e+04
-2.642000000000000000e+04
-2.651600000000000000e+04
-2.661000000000000000e+04
-2.670400000000000000e+04
-2.679700000000000000e+04
-2.689100000000000000e+04
-2.698300000000000000e+04
-2.707600000000000000e+04
-2.716800000000000000e+04
-2.725900000000000000e+04
-2.734700000000000000e+04
-2.743600000000000000e+04
-2.752200000000000000e+04
