3.711000000000000000e+03
3.707000000000000000e+03
3.695000000000000000e+03
3.677000000000000000e+03
3.653000000000000000e+03
3.625000000000000000e+03
3.593000000000000000e+03
3.559000000000000000e+03
3.520000000000000000e+03
3.481000000000000000e+03
3.439000000000000000e+03
3.396000000000000000e+03
3.352000000000000000e+03
3.306000000000000000e+03
3.259000000000000000e+03
3.212000000000000000e+03
3.166000000000000000e+03
3.117000000000000000e+03
3.068000000000000000e+03
3.020000000000000000e+03
1.971000000000000000e+03
1.873000000000000000e+03
1.772000000000000000e+03
1.674000000000000000e+03
1.573000000000000000e+03
1.473000000000000000e+03
1.372000000000000000e+03
1.271000000000000000e+03
1.172000000000000000e+03
1.071000000000000000e+03
9.680000000000000000e+02
8.690000000000000000e+02
7.680000000000000000e+02
6.710000000000000000e+02
5.720000000000000000e+02
4.720000000000000000e+02
3.710000000000000000e+02
2.720000000000000000e+02
1.750000000000000000e+02
7.400000000000000000e+01
-2.600000000000000000e+01
-1.280000000000000000e+02
-2.240000000000000000e+02
-3.230000000000000000e+02
-4.210000000000000000e+02
-5.200000000000000000e+02
-6.200000000000000000e+02
-7.200000000000000000e+02
-8.190000000000000000e+02
-9.200000000000000000e+02
-1.023000000000000000e+03
-1.125000000000000000e+03
-1.224000000000000000e+03
-1.324000000000000000e+03
-1.425000000000000000e+03
-1.527000000000000000e+03
-1.630000000000000000e+03
-1.731000000000000000e+03
-1.832000000000000000e+03
-1.934000000000000000e+03
-2.033000000000000000e+03
-2.133000000000000000e+03
-2.232000000000000000e+03
-2.333000000000000000e+03
-2.432000000000000000e+03
-2.533000000000000000e+03
-2.633000000000000000e+03
-2.734000000000000000e+03
-2.834000000000000000e+03
-2.932000000000000000e+03
-3.032000000000000000e+03
-3.131000000000000000e+03
-3.230000000000000000e+03
-3.330000000000000000e+03
-3.429000000000000000e+03
-3.528000000000000000e+03
-3.631000000000000000e+03
-3.732000000000000000e+03
-3.832000000000000000e+03
-3.930000000000000000e+03
-4.030000000000000000e+03
-4.132000000000000000e+03
-4.232000000000000000e+03
-4.330000000000000000e+03
-4.428000000000000000e+03
-4.527000000000000000e+03
-4.626000000000000000e+03
-4.726000000000000000e+03
-4.825000000000000000e+03
-4.924000000000000000e+03
-5.025000000000000000e+03
-5.127000000000000000e+03
-5.227000000000000000e+03
-5.327000000000000000e+03
-5.427000000000000000e+03
-5.528000000000000000e+03
-5.630000000000000000e+03
-5.732000000000000000e+03
-5.834000000000000000e+03
-5.934000000000000000e+03
-6.036000000000000000e+03
-6.135000000000000000e+03
-6.239000000000000000e+03
-6.338000000000000000e+03
-6.439000000000000000e+03
-6.538000000000000000e+03
-6.639000000000000000e+03
-6.739000000000000000e+03
-6.839000000000000000e+03
-6.940000000000000000e+03
-7.038000000000000000e+03
-7.138000000000000000e+03
-7.237000000000000000e+03
-7.336000000000000000e+03
-7.435000000000000000e+03
-7.535000000000000000e+03
-7.634000000000000000e+03
-7.734000000000000000e+03
-7.832000000000000000e+03
-7.933000000000000000e+03
-8.031000000000000000e+03
-8.132000000000000000e+03
-8.236000000000000000e+03
-8.335000000000000000e+03
-8.436000000000000000e+03
-8.530000000000000000e+03
-8.632000000000000000e+03
-8.731000000000000000e+03
-8.831000000000000000e+03
-8.931000000000000000e+03
-9.031000000000000000e+03
-9.131000000000000000e+03
-9.233000000000000000e+03
-9.333000000000000000e+03
-9.433000000000000000e+03
-9.533000000000000000e+03
-9.634000000000000000e+03
-9.735000000000000000e+03
-9.837000000000000000e+03
-9.939000000000000000e+03
-1.004000000000000000e+04
-1.014200000000000000e+04
-1.024200000000000000e+04
-1.034200000000000000e+04
-1.044100000000000000e+04
-1.054100000000000000e+04
-1.064100000000000000e+04
-1.074100000000000000e+04
-1.084100000000000000e+04
-1.094500000000000000e+04
-1.104600000000000000e+04
-1.114500000000000000e+04
-1.124300000000000000e+04
-1.134300000000000000e+04
-1.144100000000000000e+04
-1.154000000000000000e+04
-1.164000000000000000e+04
-1.173800000000000000e+04
-1.183900000000000000e+04
-1.193900000000000000e+04
-1.203800000000000000e+04
-1.213800000000000000e+04
-1.223800000000000000e+04
-1.234300000000000000e+04
-1.244000000000000000e+04
-1.253800000000000000e+04
-1.263700000000000000e+04
-1.273500000000000000e+04
-1.283500000000000000e+04
-1.293500000000000000e+04
-1.303500000000000000e+04
-1.313600000000000000e+04
-1.323500000000000000e+04
-1.333900000000000000e+04
-1.343900000000000000e+04
-1.353900000000000000e+04
-1.363900000000000000e+04
-1.373900000000000000e+04
-1.384200000000000000e+04
-1.394400000000000000e+04
-1.404600000000000000e+04
-1.414600000000000000e+04
-1.424800000000000000e+04
-1.434800000000000000e+04
-1.444800000000000000e+04
-1.454700000000000000e+04
-1.464700000000000000e+04
-1.474700000000000000e+04
-1.484800000000000000e+04
-1.494800000000000000e+04
-1.504900000000000000e+04
-1.514800000000000000e+04
-1.524700000000000000e+04
-1.534700000000000000e+04
-1.544600000000000000e+04
-1.554300000000000000e+04
-1.564300000000000000e+04
-1.574300000000000000e+04
-1.584200000000000000e+04
-1.594500000000000000e+04
-1.604500000000000000e+04
-1.614400000000000000e+04
-1.624300000000000000e+04
-1.634300000000000000e+04
-1.644900000000000000e+04
-1.654600000000000000e+04
-1.664400000000000000e+04
-1.674400000000000000e+04
-1.684300000000000000e+04
-1.694200000000000000e+04
-1.704100000000000000e+04
-1.714100000000000000e+04
-1.724100000000000000e+04
-1.734100000000000000e+04
-1.744200000000000000e+04
-1.754100000000000000e+04
-1.764100000000000000e+04
-1.774200000000000000e+04
-1.784200000000000000e+04
-1.794400000000000000e+04
-1.804600000000000000e+04
-1.814700000000000000e+04
-1.824800000000000000e+04
-1.835300000000000000e+04
-1.845300000000000000e+04
-1.855300000000000000e+04
-1.865300000000000000e+04
-1.875300000000000000e+04
-1.885300000000000000e+04
-1.895300000000000000e+04
-1.905300000000000000e+04
-1.915300000000000000e+04
-1.925300000000000000e+04
-1.935300000000000000e+04
-1.945200000000000000e+04
-1.955100000000000000e+04
-1.965100000000000000e+04
-1.974800000000000000e+04
-1.984700000000000000e+04
-1.994700000000000000e+04
-2.004700000000000000e+04
-2.014600000000000000e+04
-2.024500000000000000e+04
-2.034600000000000000e+04
-2.044500000000000000e+04
-2.055000000000000000e+04
-2.064900000000000000e+04
-2.074700000000000000e+04
-2.084900000000000000e+04
-2.094700000000000000e+04
-2.104700000000000000e+04
-2.114600000000000000e+04
-2.124600000000000000e+04
-2.134700000000000000e+04
-2.144700000000000000e+04
-2.154700000000000000e+04
-2.164700000000000000e+04
-2.174600000000000000e+04
-2.184700000000000000e+04
-2.194700000000000000e+04
-2.204900000000000000e+04
-2.215100000000000000e+04
-2.225200000000000000e+04
-2.235300000000000000e+04
-2.245600000000000000e+04
-2.255600000000000000e+04
-2.265600000000000000e+04
-2.275600000000000000e+04
-2.285500000000000000e+04
-2.295500000000000000e+04
-2.305500000000000000e+04
-2.315600000000000000e+04
-2.325700000000000000e+04
-2.336000000000000000e+04
-2.345900000000000000e+04
-2.355900000000000000e+04
-2.365700000000000000e+04
-2.375700000000000000e+04
-2.385500000000000000e+04
-2.395400000000000000e+04
-2.405400000000000000e+04
-2.415400000000000000e+04
-2.425400000000000000e+04
-2.436200000000000000e+04
-2.445300000000000000e+04
-2.455200000000000000e+04
-2.465700000000000000e+04
-2.475400000000000000e+04
-2.485200000000000000e+04
-2.495100000000000000e+04
-2.505000000000000000e+04
-2.514900000000000000e+04
-2.525000000000000000e+04
-2.534900000000000000e+04
-2.545000000000000000e+04
-2.555000000000000000e+04
-2.565000000000000000e+04
-2.575200000000000000e+04
-2.584800000000000000e+04
-2.595300000000000000e+04
-2.605400000000000000e+04
-2.615500000000000000e+04
-2.625700000000000000e+04
-2.635800000000000000e+04
-2.645900000000000000e+04
-2.656100000000000000e+04
-2.666100000000000000e+04
-2.676100000000000000e+04
-2.686100000000000000e+04
-2.696100000000000000e+04
-2.706100000000000000e+04
-2.716100000000000000e+04
-2.726200000000000000e+04
-2.736300000000000000e+04
-2.746100000000000000e+04
-2.756100000000000000e+04
-2.766100000000000000e+04
-2.776000000000000000e+04
-2.785900000000000000e+04
-2.795800000000000000e+04
-2.805700000000000000e+04
-2.815700000000000000e+04
-2.826000000000000000e+04
-2.835900000000000000e+04
-2.845800000000000000e+04
-2.855800000000000000e+04
-2.865700000000000000e+04
-2.876100000000000000e+04
-2.886000000000000000e+04
-2.895800000000000000e+04
-2.905700000000000000e+04
-2.915600000000000000e+04
-2.925500000000000000e+04
-2.935500000000000000e+04
-2.945400000000000000e+04
-2.955500000000000000e+04
-2.965500000000000000e+04
-2.975500000000000000e+04
-2.985500000000000000e+04
-2.995600000000000000e+04
-3.005700000000000000e+04
-3.015700000000000000e+04
-3.025800000000000000e+04
-3.036000000000000000e+04
-3.046100000000000000e+04
-3.056300000000000000e+04
-3.066300000000000000e+04
-3.076700000000000000e+04
-3.086700000000000000e+04
-3.096700000000000000e+04
-3.106700000000000000e+04
-3.116800000000000000e+04
-3.126800000000000000e+04
-3.136800000000000000e+04
-3.146800000000000000e+04
-3.156700000000000000e+04
-3.166700000000000000e+04
-3.176700000000000000e+04
-3.186600000000000000e+04
-3.196600000000000000e+04
-3.206400000000000000e+04
-3.216300000000000000e+04
-3.226200000000000000e+04
-3.236300000000000000e+04
-3.246200000000000000e+04
-3.256100000000000000e+04
-3.266100000000000000e+04
-3.276000000000000000e+04
-3.286400000000000000e+04
-3.296200000000000000e+04
-3.306100000000000000e+04
-3.315900000000000000e+04
-3.326200000000000000e+04
-3.336100000000000000e+04
-3.346100000000000000e+04
-3.356000000000000000e+04
-3.366100000000000000e+04
-3.376200000000000000e+04
-3.386300000000000000e+04
-3.396200000000000000e+04
-3.406200000000000000e+04
-3.416200000000000000e+04
-3.426300000000000000e+04
-3.436400000000000000e+04
-3.446600000000000000e+04
-3.456700000000000000e+04
-3.466900000000000000e+04
-3.477000000000000000e+04
-3.487100000000000000e+04
-3.497000000000000000e+04
-3.507000000000000000e+04
-3.517000000000000000e+04
-3.527000000000000000e+04
-3.537000000000000000e+04
-3.547400000000000000e+04
-3.557100000000000000e+04
-3.567400000000000000e+04
-3.577100000000000000e+04
-3.587300000000000000e+04
-3.597200000000000000e+04
-3.607100000000000000e+04
-3.617000000000000000e+04
-3.626900000000000000e+04
-3.636800000000000000e+04
-3.646900000000000000e+04
-3.656800000000000000e+04
-3.666800000000000000e+04
-3.676700000000000000e+04
-3.686700000000000000e+04
-3.697000000000000000e+04
-3.706700000000000000e+04
-3.716600000000000000e+04
-3.726400000000000000e+04
-3.736400000000000000e+04
-3.746300000000000000e+04
-3.756400000000000000e+04
-3.766300000000000000e+04
-3.776400000000000000e+04
-3.786400000000000000e+04
-3.796400000000000000e+04
-3.806300000000000000e+04
-3.816400000000000000e+04
-3.826700000000000000e+04
-3.836900000000000000e+04
-3.847100000000000000e+04
-3.857200000000000000e+04
-3.867300000000000000e+04
-3.877500000000000000e+04
-3.887600000000000000e+04
-3.897600000000000000e+04
-3.907500000000000000e+04
-3.917600000000000000e+04
-3.927500000000000000e+04
-3.937600000000000000e+04
-3.947600000000000000e+04
-3.957600000000000000e+04
-3.967600000000000000e+04
-3.977600000000000000e+04
-3.987500000000000000e+04
-3.997500000000000000e+04
-4.007400000000000000e+04
-4.017300000000000000e+04
-4.027200000000000000e+04
-4.037200000000000000e+04
-4.047100000000000000e+04
-4.057200000000000000e+04
-4.067000000000000000e+04
-4.077200000000000000e+04
-4.087200000000000000e+04
-4.097300000000000000e+04
-4.107600000000000000e+04
-4.117200000000000000e+04
-4.127100000000000000e+04
-4.137000000000000000e+04
-4.147000000000000000e+04
-4.156900000000000000e+04
-4.166900000000000000e+04
-4.176800000000000000e+04
-4.186800000000000000e+04
-4.196900000000000000e+04
-4.206900000000000000e+04
-4.216800000000000000e+04
-4.227000000000000000e+04
-4.237000000000000000e+04
-4.247200000000000000e+04
-4.257400000000000000e+04
-4.267500000000000000e+04
-4.277600000000000000e+04
-4.287700000000000000e+04
-4.297800000000000000e+04
-4.307800000000000000e+04
-4.317900000000000000e+04
-4.327900000000000000e+04
-4.337800000000000000e+04
-4.348200000000000000e+04
-4.357800000000000000e+04
-4.368200000000000000e+04
-4.378200000000000000e+04
-4.388100000000000000e+04
-4.398100000000000000e+04
-4.408100000000000000e+04
-4.418000000000000000e+04
-4.428000000000000000e+04
-4.437900000000000000e+04
-4.447800000000000000e+04
-4.457700000000000000e+04
-4.467600000000000000e+04
-4.477600000000000000e+04
-4.487400000000000000e+04
-4.497500000000000000e+04
-4.507500000000000000e+04
-4.517900000000000000e+04
-4.527500000000000000e+04
-4.537400000000000000e+04
-4.547100000000000000e+04
-4.557100000000000000e+04
-4.567100000000000000e+04
-4.577000000000000000e+04
-4.587000000000000000e+04
-4.597100000000000000e+04
-4.607200000000000000e+04
-4.617300000000000000e+04
-4.627500000000000000e+04
-4.637500000000000000e+04
-4.647500000000000000e+04
-4.657700000000000000e+04
-4.667900000000000000e+04
-4.678000000000000000e+04
-4.688200000000000000e+04
-4.698400000000000000e+04
-4.708500000000000000e+04
-4.718500000000000000e+04
-4.728500000000000000e+04
-4.738500000000000000e+04
-4.748400000000000000e+04
-4.758500000000000000e+04
-4.768400000000000000e+04
-4.778500000000000000e+04
-4.788500000000000000e+04
-4.798400000000000000e+04
-4.808400000000000000e+04
-4.818300000000000000e+04
-4.828200000000000000e+04
-4.838200000000000000e+04
-4.848000000000000000e+04
-4.857900000000000000e+04
-4.867900000000000000e+04
-4.878300000000000000e+04
-4.888200000000000000e+04
-4.898100000000000000e+04
-4.908200000000000000e+04
-4.918200000000000000e+04
-4.928300000000000000e+04
-4.938000000000000000e+04
-4.947900000000000000e+04
-4.957800000000000000e+04
-4.967700000000000000e+04
-4.977700000000000000e+04
-4.987700000000000000e+04
-4.997600000000000000e+04
-5.007600000000000000e+04
-5.017800000000000000e+04
-5.027700000000000000e+04
-5.037600000000000000e+04
-5.047700000000000000e+04
-5.057800000000000000e+04
-5.068000000000000000e+04
-5.078300000000000000e+04
-5.088400000000000000e+04
-5.098500000000000000e+04
-5.109000000000000000e+04
-5.119000000000000000e+04
-5.129000000000000000e+04
-5.139000000000000000e+04
-5.149100000000000000e+04
-5.159000000000000000e+04
-5.169100000000000000e+04
-5.179100000000000000e+04
-5.189100000000000000e+04
-5.199100000000000000e+04
-5.208900000000000000e+04
-5.218900000000000000e+04
-5.228800000000000000e+04
-5.238700000000000000e+04
-5.248700000000000000e+04
-5.258600000000000000e+04
-5.268500000000000000e+04
-5.278500000000000000e+04
-5.288500000000000000e+04
-5.298500000000000000e+04
-5.308300000000000000e+04
-5.318300000000000000e+04
-5.328500000000000000e+04
-5.338500000000000000e+04
-5.348300000000000000e+04
-5.358300000000000000e+04
-5.368100000000000000e+04
-5.378300000000000000e+04
-5.388000000000000000e+04
-5.398200000000000000e+04
-5.408200000000000000e+04
-5.418200000000000000e+04
-5.428300000000000000e+04
-5.438300000000000000e+04
-5.448300000000000000e+04
-5.458300000000000000e+04
-5.468400000000000000e+04
-5.478600000000000000e+04
-5.488800000000000000e+04
-5.498900000000000000e+04
-5.509100000000000000e+04
-5.519200000000000000e+04
-5.529200000000000000e+04
-5.539300000000000000e+04
-5.549300000000000000e+04
-5.559400000000000000e+04
-5.569300000000000000e+04
-5.579300000000000000e+04
-5.589300000000000000e+04
-5.599300000000000000e+04
-5.609300000000000000e+04
-5.619100000000000000e+04
-5.629100000000000000e+04
-5.639100000000000000e+04
-5.649300000000000000e+04
-5.659200000000000000e+04
-5.669100000000000000e+04
-5.679000000000000000e+04
-5.688900000000000000e+04
-5.699000000000000000e+04
-5.708900000000000000e+04
-5.718800000000000000e+04
-5.728800000000000000e+04
-5.739200000000000000e+04
-5.749200000000000000e+04
-5.759000000000000000e+04
-5.768800000000000000e+04
-5.778700000000000000e+04
-5.788500000000000000e+04
-5.798600000000000000e+04
-5.808500000000000000e+04
-5.818500000000000000e+04
-5.828500000000000000e+04
-5.838600000000000000e+04
-5.848600000000000000e+04
-5.858600000000000000e+04
-5.868600000000000000e+04
-5.879000000000000000e+04
-5.889100000000000000e+04
-5.899400000000000000e+04
-5.909500000000000000e+04
-5.919700000000000000e+04
-5.929900000000000000e+04
-5.939800000000000000e+04
-5.949900000000000000e+04
-5.959800000000000000e+04
-5.969900000000000000e+04
-5.979800000000000000e+04
-5.989800000000000000e+04
-5.999800000000000000e+04
-6.009800000000000000e+04
-6.019800000000000000e+04
-6.029700000000000000e+04
-6.039700000000000000e+04
-6.049600000000000000e+04
-6.059500000000000000e+04
-6.069400000000000000e+04
-6.079400000000000000e+04
-6.089300000000000000e+04
-6.099300000000000000e+04
-6.109300000000000000e+04
-6.119600000000000000e+04
-6.129600000000000000e+04
-6.139500000000000000e+04
-6.150000000000000000e+04
-6.159800000000000000e+04
-6.169600000000000000e+04
-6.179400000000000000e+04
-6.189300000000000000e+04
-6.199200000000000000e+04
-6.209200000000000000e+04
-6.219200000000000000e+04
-6.229200000000000000e+04
-6.239100000000000000e+04
-6.249200000000000000e+04
-6.259100000000000000e+04
-6.269100000000000000e+04
-6.279200000000000000e+04
-6.289300000000000000e+04
-6.299500000000000000e+04
-6.309800000000000000e+04
-6.319900000000000000e+04
-6.330000000000000000e+04
-6.340200000000000000e+04
-6.350200000000000000e+04
-6.360200000000000000e+04
-6.370100000000000000e+04
-6.380200000000000000e+04
-6.390500000000000000e+04
-6.400500000000000000e+04
-6.410600000000000000e+04
-6.420600000000000000e+04
-6.430600000000000000e+04
-6.440500000000000000e+04
-6.450400000000000000e+04
-6.460400000000000000e+04
-6.470200000000000000e+04
-6.480100000000000000e+04
-6.490000000000000000e+04
-6.500000000000000000e+04
-6.510100000000000000e+04
-6.520000000000000000e+04
-6.530000000000000000e+04
-6.539900000000000000e+04
-6.549800000000000000e+04
-6.560300000000000000e+04
-6.570000000000000000e+04
-6.579900000000000000e+04
-6.589800000000000000e+04
-6.599700000000000000e+04
-6.609500000000000000e+04
-6.619800000000000000e+04
-6.629800000000000000e+04
-6.639800000000000000e+04
-6.649900000000000000e+04
-6.659900000000000000e+04
-6.669900000000000000e+04
-6.679900000000000000e+04
-6.690000000000000000e+04
-6.700000000000000000e+04
-6.710200000000000000e+04
-6.720400000000000000e+04
-6.730500000000000000e+04
-6.740600000000000000e+04
-6.750800000000000000e+04
-6.760800000000000000e+04
-6.770800000000000000e+04
-6.780800000000000000e+04
-6.790800000000000000e+04
-6.800900000000000000e+04
-6.810800000000000000e+04
-6.820800000000000000e+04
-6.830800000000000000e+04
-6.840800000000000000e+04
-6.850600000000000000e+04
-6.860900000000000000e+04
-6.870900000000000000e+04
-6.880900000000000000e+04
-6.890700000000000000e+04
-6.900500000000000000e+04
-6.910500000000000000e+04
-6.920500000000000000e+04
-6.930500000000000000e+04
-6.940400000000000000e+04
-6.950400000000000000e+04
-6.960400000000000000e+04
-6.970900000000000000e+04
-6.980700000000000000e+04
-6.990500000000000000e+04
-7.000400000000000000e+04
-7.010200000000000000e+04
-7.020100000000000000e+04
-7.030000000000000000e+04
-7.040000000000000000e+04
-7.050000000000000000e+04
-7.060000000000000000e+04
-7.069900000000000000e+04
-7.080000000000000000e+04
-7.089500000000000000e+04
-7.099600000000000000e+04
-7.109300000000000000e+04
-7.119100000000000000e+04
-7.128800000000000000e+04
-7.138400000000000000e+04
-7.148000000000000000e+04
-7.157500000000000000e+04
-7.166700000000000000e+04
-7.176000000000000000e+04
-7.185100000000000000e+04
-7.194100000000000000e+04
-7.203000000000000000e+04
-7.212000000000000000e+04
-7.220900000000000000e+04
-7.229800000000000000e+04
-7.238500000000000000e+04
-7.247200000000000000e+04
-7.255600000000000000e+04
-7.264200000000000000e+04
-7.272500000000000000e+04
-7.280500000000000000e+04
3.813000000000000000e+03
3.808000000000000000e+03
3.796000000000000000e+03
3.778000000000000000e+03
3.753000000000000000e+03
3.725000000000000000e+03
3.695000000000000000e+03
3.659000000000000000e+03
3.622000000000000000e+03
3.583000000000000000e+03
3.541000000000000000e+03
3.498000000000000000e+03
3.453000000000000000e+03
3.408000000000000000e+03
3.362000000000000000e+03
3.315000000000000000e+03
3.268000000000000000e+03
3.218000000000000000e+03
3.171000000000000000e+03
3.122000000000000000e+03
2.073000000000000000e+03
1.973000000000000000e+03
1.874000000000000000e+03
1.773000000000000000e+03
1.675000000000000000e+03
1.575000000000000000e+03
1.474000000000000000e+03
1.374000000000000000e+03
1.273000000000000000e+03
1.173000000000000000e+03
1.069000000000000000e+03
9.700000000000000000e+02
8.700000000000000000e+02
7.700000000000000000e+02
6.720000000000000000e+02
5.730000000000000000e+02
4.730000000000000000e+02
3.730000000000000000e+02
2.740000000000000000e+02
1.770000000000000000e+02
7.600000000000000000e+01
-2.300000000000000000e+01
-1.260000000000000000e+02
-2.220000000000000000e+02
-3.210000000000000000e+02
-4.190000000000000000e+02
-5.180000000000000000e+02
-6.180000000000000000e+02
-7.180000000000000000e+02
-8.180000000000000000e+02
-9.190000000000000000e+02
-1.018000000000000000e+03
-1.120000000000000000e+03
-1.219000000000000000e+03
-1.322000000000000000e+03
-1.423000000000000000e+03
-1.525000000000000000e+03
-1.628000000000000000e+03
-1.729000000000000000e+03
-1.830000000000000000e+03
-1.931000000000000000e+03
-2.031000000000000000e+03
-2.131000000000000000e+03
-2.230000000000000000e+03
-2.331000000000000000e+03
-2.430000000000000000e+03
-2.531000000000000000e+03
-2.631000000000000000e+03
-2.731000000000000000e+03
-2.832000000000000000e+03
-2.930000000000000000e+03
-3.030000000000000000e+03
-3.130000000000000000e+03
-3.228000000000000000e+03
-3.329000000000000000e+03
-3.427000000000000000e+03
-3.526000000000000000e+03
-3.627000000000000000e+03
-3.727000000000000000e+03
-3.827000000000000000e+03
-3.928000000000000000e+03
-4.028000000000000000e+03
-4.130000000000000000e+03
-4.230000000000000000e+03
-4.328000000000000000e+03
-4.426000000000000000e+03
-4.525000000000000000e+03
-4.624000000000000000e+03
-4.724000000000000000e+03
-4.823000000000000000e+03
-4.922000000000000000e+03
-5.024000000000000000e+03
-5.125000000000000000e+03
-5.226000000000000000e+03
-5.325000000000000000e+03
-5.425000000000000000e+03
-5.527000000000000000e+03
-5.628000000000000000e+03
-5.730000000000000000e+03
-5.831000000000000000e+03
-5.932000000000000000e+03
-6.034000000000000000e+03
-6.134000000000000000e+03
-6.237000000000000000e+03
-6.337000000000000000e+03
-6.438000000000000000e+03
-6.536000000000000000e+03
-6.637000000000000000e+03
-6.737000000000000000e+03
-6.837000000000000000e+03
-6.937000000000000000e+03
-7.036000000000000000e+03
-7.135000000000000000e+03
-7.236000000000000000e+03
-7.334000000000000000e+03
-7.434000000000000000e+03
-7.533000000000000000e+03
-7.632000000000000000e+03
-7.732000000000000000e+03
-7.831000000000000000e+03
-7.932000000000000000e+03
-8.030000000000000000e+03
-8.130000000000000000e+03
-8.237000000000000000e+03
-8.336000000000000000e+03
-8.434000000000000000e+03
-8.532000000000000000e+03
-8.631000000000000000e+03
-8.730000000000000000e+03
-8.830000000000000000e+03
-8.929000000000000000e+03
-9.030000000000000000e+03
-9.130000000000000000e+03
-9.231000000000000000e+03
-9.331000000000000000e+03
-9.431000000000000000e+03
-9.531000000000000000e+03
-9.632000000000000000e+03
-9.733000000000000000e+03
-9.836000000000000000e+03
-9.938000000000000000e+03
-1.003800000000000000e+04
-1.014100000000000000e+04
-1.024000000000000000e+04
-1.034000000000000000e+04
-1.043900000000000000e+04
-1.054000000000000000e+04
-1.063900000000000000e+04
-1.073900000000000000e+04
-1.083900000000000000e+04
-1.094000000000000000e+04
-1.104400000000000000e+04
-1.114200000000000000e+04
-1.124200000000000000e+04
-1.134100000000000000e+04
-1.143900000000000000e+04
-1.153800000000000000e+04
-1.163800000000000000e+04
-1.173700000000000000e+04
-1.183800000000000000e+04
-1.193800000000000000e+04
-1.203700000000000000e+04
-1.213600000000000000e+04
-1.223600000000000000e+04
-1.234000000000000000e+04
-1.243900000000000000e+04
-1.253600000000000000e+04
-1.263500000000000000e+04
-1.273400000000000000e+04
-1.283300000000000000e+04
-1.293300000000000000e+04
-1.303300000000000000e+04
-1.313400000000000000e+04
-1.323300000000000000e+04
-1.333400000000000000e+04
-1.343700000000000000e+04
-1.353300000000000000e+04
-1.363700000000000000e+04
-1.373800000000000000e+04
-1.384000000000000000e+04
-1.394200000000000000e+04
-1.404400000000000000e+04
-1.414400000000000000e+04
-1.424600000000000000e+04
-1.434600000000000000e+04
-1.444600000000000000e+04
-1.454500000000000000e+04
-1.464500000000000000e+04
-1.474500000000000000e+04
-1.484600000000000000e+04
-1.494600000000000000e+04
-1.504700000000000000e+04
-1.514600000000000000e+04
-1.524500000000000000e+04
-1.534400000000000000e+04
-1.544300000000000000e+04
-1.554100000000000000e+04
-1.564100000000000000e+04
-1.574100000000000000e+04
-1.583900000000000000e+04
-1.594000000000000000e+04
-1.604300000000000000e+04
-1.614200000000000000e+04
-1.623800000000000000e+04
-1.634100000000000000e+04
-1.644600000000000000e+04
-1.654400000000000000e+04
-1.664200000000000000e+04
-1.674200000000000000e+04
-1.684100000000000000e+04
-1.694000000000000000e+04
-1.703900000000000000e+04
-1.713900000000000000e+04
-1.723900000000000000e+04
-1.733800000000000000e+04
-1.744000000000000000e+04
-1.753900000000000000e+04
-1.763900000000000000e+04
-1.774000000000000000e+04
-1.784000000000000000e+04
-1.794200000000000000e+04
-1.804400000000000000e+04
-1.814600000000000000e+04
-1.824600000000000000e+04
-1.834800000000000000e+04
-1.844800000000000000e+04
-1.854800000000000000e+04
-1.864800000000000000e+04
-1.874800000000000000e+04
-1.885100000000000000e+04
-1.895100000000000000e+04
-1.905200000000000000e+04
-1.915200000000000000e+04
-1.925100000000000000e+04
-1.935100000000000000e+04
-1.945000000000000000e+04
-1.955000000000000000e+04
-1.965000000000000000e+04
-1.974700000000000000e+04
-1.984600000000000000e+04
-1.994500000000000000e+04
-2.004500000000000000e+04
-2.014500000000000000e+04
-2.024300000000000000e+04
-2.034400000000000000e+04
-2.044300000000000000e+04
-2.054900000000000000e+04
-2.064700000000000000e+04
-2.074500000000000000e+04
-2.084400000000000000e+04
-2.094300000000000000e+04
-2.104200000000000000e+04
-2.114100000000000000e+04
-2.124100000000000000e+04
-2.134500000000000000e+04
-2.144200000000000000e+04
-2.154600000000000000e+04
-2.164500000000000000e+04
-2.174500000000000000e+04
-2.184600000000000000e+04
-2.194500000000000000e+04
-2.204700000000000000e+04
-2.215000000000000000e+04
-2.225100000000000000e+04
-2.235200000000000000e+04
-2.245500000000000000e+04
-2.255500000000000000e+04
-2.265400000000000000e+04
-2.275400000000000000e+04
-2.285300000000000000e+04
-2.295400000000000000e+04
-2.305400000000000000e+04
-2.315400000000000000e+04
-2.325500000000000000e+04
-2.335500000000000000e+04
-2.345400000000000000e+04
-2.355400000000000000e+04
-2.365300000000000000e+04
-2.375200000000000000e+04
-2.385000000000000000e+04
-2.395200000000000000e+04
-2.405200000000000000e+04
-2.414900000000000000e+04
-2.424900000000000000e+04
-2.434800000000000000e+04
-2.445100000000000000e+04
-2.455000000000000000e+04
-2.465500000000000000e+04
-2.475300000000000000e+04
-2.485000000000000000e+04
-2.495000000000000000e+04
-2.504900000000000000e+04
-2.514800000000000000e+04
-2.524800000000000000e+04
-2.534700000000000000e+04
-2.544800000000000000e+04
-2.554800000000000000e+04
-2.564800000000000000e+04
-2.574800000000000000e+04
-2.584700000000000000e+04
-2.594800000000000000e+04
-2.605000000000000000e+04
-2.615100000000000000e+04
-2.625300000000000000e+04
-2.635400000000000000e+04
-2.645600000000000000e+04
-2.655700000000000000e+04
-2.665700000000000000e+04
-2.675700000000000000e+04
-2.685600000000000000e+04
-2.695600000000000000e+04
-2.705700000000000000e+04
-2.715800000000000000e+04
-2.725800000000000000e+04
-2.736200000000000000e+04
-2.746000000000000000e+04
-2.756000000000000000e+04
-2.766000000000000000e+04
-2.775800000000000000e+04
-2.785800000000000000e+04
-2.795600000000000000e+04
-2.805600000000000000e+04
-2.815500000000000000e+04
-2.825500000000000000e+04
-2.835400000000000000e+04
-2.845300000000000000e+04
-2.855300000000000000e+04
-2.865300000000000000e+04
-2.875700000000000000e+04
-2.885500000000000000e+04
-2.895300000000000000e+04
-2.905300000000000000e+04
-2.915200000000000000e+04
-2.925100000000000000e+04
-2.935000000000000000e+04
-2.945000000000000000e+04
-2.955100000000000000e+04
-2.965000000000000000e+04
-2.975100000000000000e+04
-2.985100000000000000e+04
-2.995000000000000000e+04
-3.005100000000000000e+04
-3.015200000000000000e+04
-3.025600000000000000e+04
-3.035900000000000000e+04
-3.046000000000000000e+04
-3.056100000000000000e+04
-3.066200000000000000e+04
-3.076300000000000000e+04
-3.086300000000000000e+04
-3.096200000000000000e+04
-3.106300000000000000e+04
-3.116300000000000000e+04
-3.126300000000000000e+04
-3.136300000000000000e+04
-3.146300000000000000e+04
-3.156200000000000000e+04
-3.166200000000000000e+04
-3.176200000000000000e+04
-3.186100000000000000e+04
-3.196200000000000000e+04
-3.206000000000000000e+04
-3.215800000000000000e+04
-3.225700000000000000e+04
-3.235700000000000000e+04
-3.245600000000000000e+04
-3.255600000000000000e+04
-3.265500000000000000e+04
-3.275900000000000000e+04
-3.286000000000000000e+04
-3.296100000000000000e+04
-3.305900000000000000e+04
-3.315700000000000000e+04
-3.325700000000000000e+04
-3.335600000000000000e+04
-3.345600000000000000e+04
-3.355500000000000000e+04
-3.365600000000000000e+04
-3.375700000000000000e+04
-3.385800000000000000e+04
-3.395700000000000000e+04
-3.405700000000000000e+04
-3.415700000000000000e+04
-3.425800000000000000e+04
-3.435900000000000000e+04
-3.446200000000000000e+04
-3.456300000000000000e+04
-3.466400000000000000e+04
-3.476500000000000000e+04
-3.486500000000000000e+04
-3.496500000000000000e+04
-3.506500000000000000e+04
-3.516500000000000000e+04
-3.526500000000000000e+04
-3.536500000000000000e+04
-3.546900000000000000e+04
-3.556900000000000000e+04
-3.566800000000000000e+04
-3.576800000000000000e+04
-3.586800000000000000e+04
-3.596600000000000000e+04
-3.606600000000000000e+04
-3.616400000000000000e+04
-3.626300000000000000e+04
-3.636200000000000000e+04
-3.646300000000000000e+04
-3.656200000000000000e+04
-3.666200000000000000e+04
-3.676100000000000000e+04
-3.686100000000000000e+04
-3.696500000000000000e+04
-3.706200000000000000e+04
-3.716000000000000000e+04
-3.725900000000000000e+04
-3.735900000000000000e+04
-3.745800000000000000e+04
-3.755800000000000000e+04
-3.765800000000000000e+04
-3.775800000000000000e+04
-3.785800000000000000e+04
-3.795900000000000000e+04
-3.805800000000000000e+04
-3.815800000000000000e+04
-3.825800000000000000e+04
-3.836000000000000000e+04
-3.846100000000000000e+04
-3.856700000000000000e+04
-3.866900000000000000e+04
-3.877000000000000000e+04
-3.887000000000000000e+04
-3.897100000000000000e+04
-3.907100000000000000e+04
-3.917100000000000000e+04
-3.927000000000000000e+04
-3.937100000000000000e+04
-3.947100000000000000e+04
-3.957200000000000000e+04
-3.967200000000000000e+04
-3.977100000000000000e+04
-3.987100000000000000e+04
-3.997000000000000000e+04
-4.006900000000000000e+04
-4.016900000000000000e+04
-4.026800000000000000e+04
-4.036600000000000000e+04
-4.046600000000000000e+04
-4.056600000000000000e+04
-4.066500000000000000e+04
-4.076500000000000000e+04
-4.086400000000000000e+04
-4.096300000000000000e+04
-4.107100000000000000e+04
-4.116400000000000000e+04
-4.126700000000000000e+04
-4.136500000000000000e+04
-4.146500000000000000e+04
-4.156300000000000000e+04
-4.166300000000000000e+04
-4.176300000000000000e+04
-4.186300000000000000e+04
-4.196400000000000000e+04
-4.206500000000000000e+04
-4.216400000000000000e+04
-4.226500000000000000e+04
-4.236500000000000000e+04
-4.246700000000000000e+04
-4.256900000000000000e+04
-4.267000000000000000e+04
-4.277100000000000000e+04
-4.287200000000000000e+04
-4.297300000000000000e+04
-4.307400000000000000e+04
-4.317400000000000000e+04
-4.327700000000000000e+04
-4.337700000000000000e+04
-4.347700000000000000e+04
-4.357600000000000000e+04
-4.367700000000000000e+04
-4.377700000000000000e+04
-4.387600000000000000e+04
-4.397600000000000000e+04
-4.407600000000000000e+04
-4.417500000000000000e+04
-4.427500000000000000e+04
-4.437300000000000000e+04
-4.447200000000000000e+04
-4.457200000000000000e+04
-4.467200000000000000e+04
-4.477100000000000000e+04
-4.487000000000000000e+04
-4.497000000000000000e+04
-4.507000000000000000e+04
-4.517400000000000000e+04
-4.527100000000000000e+04
-4.536900000000000000e+04
-4.546700000000000000e+04
-4.556700000000000000e+04
-4.566600000000000000e+04
-4.576600000000000000e+04
-4.586900000000000000e+04
-4.596900000000000000e+04
-4.607000000000000000e+04
-4.617100000000000000e+04
-4.626900000000000000e+04
-4.637000000000000000e+04
-4.647000000000000000e+04
-4.657200000000000000e+04
-4.667400000000000000e+04
-4.677500000000000000e+04
-4.687700000000000000e+04
-4.697900000000000000e+04
-4.708000000000000000e+04
-4.718000000000000000e+04
-4.727900000000000000e+04
-4.738000000000000000e+04
-4.747900000000000000e+04
-4.758000000000000000e+04
-4.767900000000000000e+04
-4.777900000000000000e+04
-4.788000000000000000e+04
-4.797900000000000000e+04
-4.807900000000000000e+04
-4.817800000000000000e+04
-4.828000000000000000e+04
-4.838000000000000000e+04
-4.847800000000000000e+04
-4.857700000000000000e+04
-4.867700000000000000e+04
-4.877700000000000000e+04
-4.887700000000000000e+04
-4.897600000000000000e+04
-4.907600000000000000e+04
-4.917700000000000000e+04
-4.927900000000000000e+04
-4.937600000000000000e+04
-4.947400000000000000e+04
-4.957200000000000000e+04
-4.967200000000000000e+04
-4.977200000000000000e+04
-4.987200000000000000e+04
-4.997200000000000000e+04
-5.007200000000000000e+04
-5.017200000000000000e+04
-5.027300000000000000e+04
-5.037200000000000000e+04
-5.047300000000000000e+04
-5.057700000000000000e+04
-5.067900000000000000e+04
-5.078100000000000000e+04
-5.088300000000000000e+04
-5.098400000000000000e+04
-5.108500000000000000e+04
-5.118500000000000000e+04
-5.128500000000000000e+04
-5.138500000000000000e+04
-5.148600000000000000e+04
-5.158500000000000000e+04
-5.168600000000000000e+04
-5.178500000000000000e+04
-5.188600000000000000e+04
-5.198600000000000000e+04
-5.208400000000000000e+04
-5.218400000000000000e+04
-5.228300000000000000e+04
-5.238200000000000000e+04
-5.248200000000000000e+04
-5.258100000000000000e+04
-5.268000000000000000e+04
-5.278000000000000000e+04
-5.288100000000000000e+04
-5.298300000000000000e+04
-5.308200000000000000e+04
-5.318200000000000000e+04
-5.328300000000000000e+04
-5.338400000000000000e+04
-5.348200000000000000e+04
-5.358100000000000000e+04
-5.368000000000000000e+04
-5.377800000000000000e+04
-5.387900000000000000e+04
-5.397800000000000000e+04
-5.407700000000000000e+04
-5.417700000000000000e+04
-5.427900000000000000e+04
-5.437900000000000000e+04
-5.447800000000000000e+04
-5.457900000000000000e+04
-5.468000000000000000e+04
-5.478100000000000000e+04
-5.488400000000000000e+04
-5.498500000000000000e+04
-5.508600000000000000e+04
-5.519100000000000000e+04
-5.529100000000000000e+04
-5.539200000000000000e+04
-5.549100000000000000e+04
-5.559300000000000000e+04
-5.569100000000000000e+04
-5.579300000000000000e+04
-5.589100000000000000e+04
-5.599200000000000000e+04
-5.609200000000000000e+04
-5.619000000000000000e+04
-5.629000000000000000e+04
-5.639000000000000000e+04
-5.648800000000000000e+04
-5.658800000000000000e+04
-5.668700000000000000e+04
-5.678600000000000000e+04
-5.688500000000000000e+04
-5.698500000000000000e+04
-5.708500000000000000e+04
-5.718700000000000000e+04
-5.728700000000000000e+04
-5.739100000000000000e+04
-5.749000000000000000e+04
-5.758800000000000000e+04
-5.768700000000000000e+04
-5.778500000000000000e+04
-5.788300000000000000e+04
-5.798400000000000000e+04
-5.808300000000000000e+04
-5.818400000000000000e+04
-5.828400000000000000e+04
-5.838500000000000000e+04
-5.848500000000000000e+04
-5.858400000000000000e+04
-5.868400000000000000e+04
-5.878500000000000000e+04
-5.888600000000000000e+04
-5.898900000000000000e+04
-5.909000000000000000e+04
-5.919200000000000000e+04
-5.929400000000000000e+04
-5.939400000000000000e+04
-5.949400000000000000e+04
-5.959300000000000000e+04
-5.969700000000000000e+04
-5.979600000000000000e+04
-5.989700000000000000e+04
-5.999600000000000000e+04
-6.009700000000000000e+04
-6.019700000000000000e+04
-6.029600000000000000e+04
-6.039600000000000000e+04
-6.049500000000000000e+04
-6.059300000000000000e+04
-6.069300000000000000e+04
-6.079200000000000000e+04
-6.089100000000000000e+04
-6.099200000000000000e+04
-6.109200000000000000e+04
-6.119100000000000000e+04
-6.129100000000000000e+04
-6.139000000000000000e+04
-6.149500000000000000e+04
-6.159300000000000000e+04
-6.169100000000000000e+04
-6.178900000000000000e+04
-6.188800000000000000e+04
-6.198700000000000000e+04
-6.209000000000000000e+04
-6.219000000000000000e+04
-6.228900000000000000e+04
-6.238900000000000000e+04
-6.249000000000000000e+04
-6.259000000000000000e+04
-6.268900000000000000e+04
-6.279000000000000000e+04
-6.289100000000000000e+04
-6.299300000000000000e+04
-6.309600000000000000e+04
-6.319700000000000000e+04
-6.329800000000000000e+04
-6.340100000000000000e+04
-6.350000000000000000e+04
-6.360000000000000000e+04
-6.369900000000000000e+04
-6.380000000000000000e+04
-6.390000000000000000e+04
-6.400100000000000000e+04
-6.410100000000000000e+04
-6.420100000000000000e+04
-6.430400000000000000e+04
-6.440300000000000000e+04
-6.450200000000000000e+04
-6.460200000000000000e+04
-6.470000000000000000e+04
-6.479900000000000000e+04
-6.489800000000000000e+04
-6.499800000000000000e+04
-6.509800000000000000e+04
-6.519800000000000000e+04
-6.529700000000000000e+04
-6.539600000000000000e+04
-6.549500000000000000e+04
-6.560100000000000000e+04
-6.569800000000000000e+04
-6.579600000000000000e+04
-6.589600000000000000e+04
-6.599500000000000000e+04
-6.609300000000000000e+04
-6.619300000000000000e+04
-6.629300000000000000e+04
-6.639300000000000000e+04
-6.649300000000000000e+04
-6.659400000000000000e+04
-6.669700000000000000e+04
-6.679400000000000000e+04
-6.689800000000000000e+04
-6.699900000000000000e+04
-6.710000000000000000e+04
-6.720300000000000000e+04
-6.730400000000000000e+04
-6.740500000000000000e+04
-6.750700000000000000e+04
-6.760600000000000000e+04
-6.770700000000000000e+04
-6.780700000000000000e+04
-6.790600000000000000e+04
-6.800700000000000000e+04
-6.810600000000000000e+04
-6.820700000000000000e+04
-6.830600000000000000e+04
-6.840600000000000000e+04
-6.850500000000000000e+04
-6.860400000000000000e+04
-6.870400000000000000e+04
-6.880400000000000000e+04
-6.890200000000000000e+04
-6.900100000000000000e+04
-6.910000000000000000e+04
-6.920100000000000000e+04
-6.930300000000000000e+04
-6.940300000000000000e+04
-6.950300000000000000e+04
-6.960200000000000000e+04
-6.970700000000000000e+04
-6.980500000000000000e+04
-6.990400000000000000e+04
-7.000200000000000000e+04
-7.010100000000000000e+04
-7.020000000000000000e+04
-7.029900000000000000e+04
-7.039900000000000000e+04
-7.049900000000000000e+04
-7.059900000000000000e+04
-7.069800000000000000e+04
-7.079600000000000000e+04
-7.089400000000000000e+04
-7.099200000000000000e+04
-7.108900000000000000e+04
-7.118700000000000000e+04
-7.128500000000000000e+04
-7.138200000000000000e+04
-7.147700000000000000e+04
-7.157300000000000000e+04
-7.166900000000000000e+04
-7.176100000000000000e+04
-7.185200000000000000e+04
-7.194300000000000000e+04
-7.203100000000000000e+04
-7.212100000000000000e+04
-7.221100000000000000e+04
-7.230000000000000000e+04
-7.238900000000000000e+04
-7.247500000000000000e+04
-7.256000000000000000e+04
-7.264500000000000000e+04
-7.272700000000000000e+04
-7.280600000000000000e+04
