4.665000000000000000e+03
4.661000000000000000e+03
4.650000000000000000e+03
4.632000000000000000e+03
4.608000000000000000e+03
4.580000000000000000e+03
4.542000000000000000e+03
4.511000000000000000e+03
4.476000000000000000e+03
4.436000000000000000e+03
4.395000000000000000e+03
4.352000000000000000e+03
4.309000000000000000e+03
4.263000000000000000e+03
4.218000000000000000e+03
4.170000000000000000e+03
4.125000000000000000e+03
4.076000000000000000e+03
4.025000000000000000e+03
3.976000000000000000e+03
2.941000000000000000e+03
2.841000000000000000e+03
2.740000000000000000e+03
2.641000000000000000e+03
2.539000000000000000e+03
2.434000000000000000e+03
2.333000000000000000e+03
2.233000000000000000e+03
2.131000000000000000e+03
2.031000000000000000e+03
1.931000000000000000e+03
1.832000000000000000e+03
1.732000000000000000e+03
1.633000000000000000e+03
1.533000000000000000e+03
1.433000000000000000e+03
1.332000000000000000e+03
1.231000000000000000e+03
1.132000000000000000e+03
1.032000000000000000e+03
9.330000000000000000e+02
8.340000000000000000e+02
7.350000000000000000e+02
6.370000000000000000e+02
5.370000000000000000e+02
4.380000000000000000e+02
3.370000000000000000e+02
2.380000000000000000e+02
1.390000000000000000e+02
4.000000000000000000e+01
-6.500000000000000000e+01
-1.630000000000000000e+02
-2.610000000000000000e+02
-3.600000000000000000e+02
-4.590000000000000000e+02
-5.610000000000000000e+02
-6.620000000000000000e+02
-7.610000000000000000e+02
-8.620000000000000000e+02
-9.620000000000000000e+02
-1.063000000000000000e+03
-1.162000000000000000e+03
-1.261000000000000000e+03
-1.362000000000000000e+03
-1.462000000000000000e+03
-1.564000000000000000e+03
-1.667000000000000000e+03
-1.768000000000000000e+03
-1.868000000000000000e+03
-1.970000000000000000e+03
-2.069000000000000000e+03
-2.169000000000000000e+03
-2.269000000000000000e+03
-2.369000000000000000e+03
-2.469000000000000000e+03
-2.570000000000000000e+03
-2.671000000000000000e+03
-2.772000000000000000e+03
-2.872000000000000000e+03
-2.971000000000000000e+03
-3.071000000000000000e+03
-3.173000000000000000e+03
-3.273000000000000000e+03
-3.371000000000000000e+03
-3.470000000000000000e+03
-3.570000000000000000e+03
-3.669000000000000000e+03
-3.769000000000000000e+03
-3.867000000000000000e+03
-3.967000000000000000e+03
-4.066000000000000000e+03
-4.170000000000000000e+03
-4.269000000000000000e+03
-4.367000000000000000e+03
-4.466000000000000000e+03
-4.566000000000000000e+03
-4.664000000000000000e+03
-4.765000000000000000e+03
-4.864000000000000000e+03
-4.964000000000000000e+03
-5.065000000000000000e+03
-5.164000000000000000e+03
-5.264000000000000000e+03
-5.363000000000000000e+03
-5.464000000000000000e+03
-5.564000000000000000e+03
-5.669000000000000000e+03
-5.772000000000000000e+03
-5.872000000000000000e+03
-5.974000000000000000e+03
-6.076000000000000000e+03
-6.175000000000000000e+03
-6.276000000000000000e+03
-6.375000000000000000e+03
-6.475000000000000000e+03
-6.575000000000000000e+03
-6.675000000000000000e+03
-6.776000000000000000e+03
-6.876000000000000000e+03
-6.976000000000000000e+03
-7.074000000000000000e+03
-7.174000000000000000e+03
-7.272000000000000000e+03
-7.370000000000000000e+03
-7.465000000000000000e+03
-7.560000000000000000e+03
-7.656000000000000000e+03
-7.751000000000000000e+03
-7.847000000000000000e+03
-7.942000000000000000e+03
-8.036000000000000000e+03
-8.133000000000000000e+03
-8.228000000000000000e+03
-8.320000000000000000e+03
-8.408000000000000000e+03
-8.496000000000000000e+03
-8.586000000000000000e+03
4.726000000000000000e+03
4.722000000000000000e+03
4.710000000000000000e+03
4.692000000000000000e+03
4.669000000000000000e+03
4.642000000000000000e+03
4.609000000000000000e+03
4.572000000000000000e+03
4.537000000000000000e+03
4.497000000000000000e+03
4.453000000000000000e+03
4.414000000000000000e+03
4.369000000000000000e+03
4.323000000000000000e+03
4.276000000000000000e+03
4.230000000000000000e+03
4.182000000000000000e+03
4.127000000000000000e+03
4.084000000000000000e+03
4.034000000000000000e+03
2.998000000000000000e+03
2.900000000000000000e+03
2.799000000000000000e+03
2.699000000000000000e+03
2.598000000000000000e+03
2.497000000000000000e+03
2.396000000000000000e+03
2.294000000000000000e+03
2.194000000000000000e+03
2.093000000000000000e+03
1.993000000000000000e+03
1.894000000000000000e+03
1.794000000000000000e+03
1.695000000000000000e+03
1.595000000000000000e+03
1.495000000000000000e+03
1.394000000000000000e+03
1.293000000000000000e+03
1.194000000000000000e+03
1.094000000000000000e+03
9.910000000000000000e+02
8.950000000000000000e+02
7.910000000000000000e+02
6.930000000000000000e+02
5.930000000000000000e+02
4.940000000000000000e+02
3.930000000000000000e+02
2.940000000000000000e+02
1.960000000000000000e+02
9.600000000000000000e+01
-2.000000000000000000e+00
-1.060000000000000000e+02
-2.040000000000000000e+02
-3.020000000000000000e+02
-4.010000000000000000e+02
-5.010000000000000000e+02
-6.000000000000000000e+02
-7.000000000000000000e+02
-7.990000000000000000e+02
-9.010000000000000000e+02
-1.001000000000000000e+03
-1.101000000000000000e+03
-1.200000000000000000e+03
-1.301000000000000000e+03
-1.402000000000000000e+03
-1.507000000000000000e+03
-1.608000000000000000e+03
-1.709000000000000000e+03
-1.811000000000000000e+03
-1.911000000000000000e+03
-2.011000000000000000e+03
-2.111000000000000000e+03
-2.210000000000000000e+03
-2.311000000000000000e+03
-2.411000000000000000e+03
-2.511000000000000000e+03
-2.611000000000000000e+03
-2.712000000000000000e+03
-2.813000000000000000e+03
-2.912000000000000000e+03
-3.012000000000000000e+03
-3.112000000000000000e+03
-3.211000000000000000e+03
-3.312000000000000000e+03
-3.410000000000000000e+03
-3.510000000000000000e+03
-3.609000000000000000e+03
-3.709000000000000000e+03
-3.807000000000000000e+03
-3.908000000000000000e+03
-4.009000000000000000e+03
-4.108000000000000000e+03
-4.212000000000000000e+03
-4.309000000000000000e+03
-4.408000000000000000e+03
-4.507000000000000000e+03
-4.607000000000000000e+03
-4.706000000000000000e+03
-4.806000000000000000e+03
-4.905000000000000000e+03
-5.006000000000000000e+03
-5.106000000000000000e+03
-5.207000000000000000e+03
-5.306000000000000000e+03
-5.407000000000000000e+03
-5.508000000000000000e+03
-5.609000000000000000e+03
-5.711000000000000000e+03
-5.812000000000000000e+03
-5.912000000000000000e+03
-6.013000000000000000e+03
-6.113000000000000000e+03
-6.214000000000000000e+03
-6.314000000000000000e+03
-6.417000000000000000e+03
-6.517000000000000000e+03
-6.617000000000000000e+03
-6.716000000000000000e+03
-6.817000000000000000e+03
-6.917000000000000000e+03
-7.016000000000000000e+03
-7.116000000000000000e+03
-7.215000000000000000e+03
-7.313000000000000000e+03
-7.411000000000000000e+03
-7.506000000000000000e+03
-7.601000000000000000e+03
-7.698000000000000000e+03
-7.794000000000000000e+03
-7.889000000000000000e+03
-7.983000000000000000e+03
-8.076000000000000000e+03
-8.170000000000000000e+03
-8.268000000000000000e+03
-8.359000000000000000e+03
-8.449000000000000000e+03
-8.542000000000000000e+03
-8.634000000000000000e+03
4.785000000000000000e+03
4.781000000000000000e+03
4.769000000000000000e+03
4.751000000000000000e+03
4.727000000000000000e+03
4.698000000000000000e+03
4.667000000000000000e+03
4.632000000000000000e+03
4.594000000000000000e+03
4.555000000000000000e+03
4.513000000000000000e+03
4.470000000000000000e+03
4.426000000000000000e+03
4.381000000000000000e+03
4.336000000000000000e+03
4.289000000000000000e+03
4.243000000000000000e+03
4.195000000000000000e+03
4.147000000000000000e+03
4.100000000000000000e+03
3.059000000000000000e+03
2.959000000000000000e+03
2.860000000000000000e+03
2.760000000000000000e+03
2.659000000000000000e+03
2.558000000000000000e+03
2.456000000000000000e+03
2.355000000000000000e+03
2.254000000000000000e+03
2.153000000000000000e+03
2.053000000000000000e+03
1.953000000000000000e+03
1.854000000000000000e+03
1.751000000000000000e+03
1.652000000000000000e+03
1.551000000000000000e+03
1.452000000000000000e+03
1.351000000000000000e+03
1.250000000000000000e+03
1.151000000000000000e+03
1.051000000000000000e+03
9.520000000000000000e+02
8.530000000000000000e+02
7.530000000000000000e+02
6.530000000000000000e+02
5.550000000000000000e+02
4.540000000000000000e+02
3.540000000000000000e+02
2.550000000000000000e+02
1.560000000000000000e+02
5.700000000000000000e+01
-4.600000000000000000e+01
-1.460000000000000000e+02
-2.440000000000000000e+02
-3.420000000000000000e+02
-4.410000000000000000e+02
-5.400000000000000000e+02
-6.400000000000000000e+02
-7.390000000000000000e+02
-8.400000000000000000e+02
-9.390000000000000000e+02
-1.040000000000000000e+03
-1.141000000000000000e+03
-1.244000000000000000e+03
-1.343000000000000000e+03
-1.444000000000000000e+03
-1.546000000000000000e+03
-1.649000000000000000e+03
-1.750000000000000000e+03
-1.851000000000000000e+03
-1.952000000000000000e+03
-2.052000000000000000e+03
-2.151000000000000000e+03
-2.250000000000000000e+03
-2.351000000000000000e+03
-2.451000000000000000e+03
-2.552000000000000000e+03
-2.652000000000000000e+03
-2.752000000000000000e+03
-2.853000000000000000e+03
-2.952000000000000000e+03
-3.052000000000000000e+03
-3.151000000000000000e+03
-3.250000000000000000e+03
-3.350000000000000000e+03
-3.450000000000000000e+03
-3.549000000000000000e+03
-3.649000000000000000e+03
-3.748000000000000000e+03
-3.850000000000000000e+03
-3.949000000000000000e+03
-4.048000000000000000e+03
-4.153000000000000000e+03
-4.251000000000000000e+03
-4.350000000000000000e+03
-4.448000000000000000e+03
-4.548000000000000000e+03
-4.647000000000000000e+03
-4.746000000000000000e+03
-4.846000000000000000e+03
-4.946000000000000000e+03
-5.046000000000000000e+03
-5.147000000000000000e+03
-5.247000000000000000e+03
-5.347000000000000000e+03
-5.448000000000000000e+03
-5.548000000000000000e+03
-5.649000000000000000e+03
-5.752000000000000000e+03
-5.852000000000000000e+03
-5.953000000000000000e+03
-6.055000000000000000e+03
-6.154000000000000000e+03
-6.255000000000000000e+03
-6.354000000000000000e+03
-6.455000000000000000e+03
-6.554000000000000000e+03
-6.655000000000000000e+03
-6.754000000000000000e+03
-6.854000000000000000e+03
-6.958000000000000000e+03
-7.057000000000000000e+03
-7.156000000000000000e+03
-7.254000000000000000e+03
-7.351000000000000000e+03
-7.448000000000000000e+03
-7.545000000000000000e+03
-7.641000000000000000e+03
-7.738000000000000000e+03
-7.835000000000000000e+03
-7.930000000000000000e+03
-8.024000000000000000e+03
-8.119000000000000000e+03
-8.213000000000000000e+03
-8.310000000000000000e+03
-8.400000000000000000e+03
-8.493000000000000000e+03
-8.586000000000000000e+03
-8.680000000000000000e+03
-8.772000000000000000e+03
4.844000000000000000e+03
4.841000000000000000e+03
4.829000000000000000e+03
4.811000000000000000e+03
4.787000000000000000e+03
4.759000000000000000e+03
4.728000000000000000e+03
4.692000000000000000e+03
4.655000000000000000e+03
4.616000000000000000e+03
4.574000000000000000e+03
4.531000000000000000e+03
4.486000000000000000e+03
4.442000000000000000e+03
4.397000000000000000e+03
4.351000000000000000e+03
4.304000000000000000e+03
4.257000000000000000e+03
4.209000000000000000e+03
4.160000000000000000e+03
3.121000000000000000e+03
3.017000000000000000e+03
2.918000000000000000e+03
2.819000000000000000e+03
2.718000000000000000e+03
2.617000000000000000e+03
2.516000000000000000e+03
2.415000000000000000e+03
2.314000000000000000e+03
2.214000000000000000e+03
2.112000000000000000e+03
2.012000000000000000e+03
1.913000000000000000e+03
1.813000000000000000e+03
1.714000000000000000e+03
1.614000000000000000e+03
1.514000000000000000e+03
1.413000000000000000e+03
1.312000000000000000e+03
1.213000000000000000e+03
1.112000000000000000e+03
1.012000000000000000e+03
9.130000000000000000e+02
8.130000000000000000e+02
7.150000000000000000e+02
6.160000000000000000e+02
5.160000000000000000e+02
4.160000000000000000e+02
3.170000000000000000e+02
2.180000000000000000e+02
1.190000000000000000e+02
2.000000000000000000e+01
-8.500000000000000000e+01
-1.830000000000000000e+02
-2.810000000000000000e+02
-3.840000000000000000e+02
-4.820000000000000000e+02
-5.810000000000000000e+02
-6.820000000000000000e+02
-7.810000000000000000e+02
-8.820000000000000000e+02
-9.820000000000000000e+02
-1.082000000000000000e+03
-1.182000000000000000e+03
-1.282000000000000000e+03
-1.383000000000000000e+03
-1.484000000000000000e+03
-1.585000000000000000e+03
-1.687000000000000000e+03
-1.788000000000000000e+03
-1.888000000000000000e+03
-1.989000000000000000e+03
-2.089000000000000000e+03
-2.189000000000000000e+03
-2.288000000000000000e+03
-2.388000000000000000e+03
-2.489000000000000000e+03
-2.590000000000000000e+03
-2.690000000000000000e+03
-2.791000000000000000e+03
-2.891000000000000000e+03
-2.991000000000000000e+03
-3.091000000000000000e+03
-3.190000000000000000e+03
-3.290000000000000000e+03
-3.389000000000000000e+03
-3.487000000000000000e+03
-3.586000000000000000e+03
-3.686000000000000000e+03
-3.788000000000000000e+03
-3.888000000000000000e+03
-3.987000000000000000e+03
-4.086000000000000000e+03
-4.190000000000000000e+03
-4.288000000000000000e+03
-4.387000000000000000e+03
-4.485000000000000000e+03
-4.585000000000000000e+03
-4.684000000000000000e+03
-4.785000000000000000e+03
-4.884000000000000000e+03
-4.984000000000000000e+03
-5.084000000000000000e+03
-5.186000000000000000e+03
-5.285000000000000000e+03
-5.386000000000000000e+03
-5.486000000000000000e+03
-5.587000000000000000e+03
-5.688000000000000000e+03
-5.790000000000000000e+03
-5.890000000000000000e+03
-5.991000000000000000e+03
-6.091000000000000000e+03
-6.191000000000000000e+03
-6.291000000000000000e+03
-6.391000000000000000e+03
-6.491000000000000000e+03
-6.591000000000000000e+03
-6.692000000000000000e+03
-6.795000000000000000e+03
-6.895000000000000000e+03
-6.995000000000000000e+03
-7.095000000000000000e+03
-7.195000000000000000e+03
-7.292000000000000000e+03
-7.391000000000000000e+03
-7.487000000000000000e+03
-7.583000000000000000e+03
-7.680000000000000000e+03
-7.777000000000000000e+03
-7.873000000000000000e+03
-7.968000000000000000e+03
-8.063000000000000000e+03
-8.158000000000000000e+03
-8.257000000000000000e+03
-8.349000000000000000e+03
-8.440000000000000000e+03
-8.533000000000000000e+03
-8.625000000000000000e+03
-8.717000000000000000e+03
-8.810000000000000000e+03
