-0.272948 0.341410 0.039966 0.087357 0.000000 3.141590 0.012053 -0.012621 -0.026782 0.000000
-0.272948 0.341410 0.039966 0.087357 0.000000 3.141590 0.012053 -0.012621 -0.026782 0.000000
-0.272948 0.341410 0.039966 0.087357 0.000000 3.141590 0.011549 -0.017030 -0.030301 0.000000
-0.272948 0.341410 0.039966 0.087357 0.000000 3.141590 0.007551 -0.015037 -0.032435 0.000000
-0.272948 0.341410 0.039966 0.087357 0.000000 3.141590 0.002583 -0.012561 -0.035085 0.000000
-0.272948 0.341409 0.039966 0.087357 0.000000 3.141590 -0.006225 -0.008172 -0.039784 0.000000
-0.272948 0.341409 0.039965 0.087357 0.000000 3.141590 -0.003921 -0.008343 -0.031564 0.000000
-0.272949 0.341408 0.039964 0.087357 0.000000 3.141590 0.000189 -0.009177 -0.020685 0.000000
-0.272949 0.341405 0.039961 0.087357 0.000000 3.141590 0.003136 -0.007760 -0.019637 0.000000
-0.272948 0.341402 0.039957 0.087357 0.000000 3.141590 0.006845 -0.004717 -0.022530 0.000000
-0.272947 0.341398 0.039951 0.087357 0.000000 3.141590 0.006341 -0.000346 -0.023092 0.000000
-0.272946 0.341383 0.039901 0.087357 0.000000 3.141590 0.003435 0.037783 -0.063381 0.000000
-0.272946 0.341383 0.039901 0.087357 0.000000 3.141590 0.003435 0.037783 -0.063381 0.000000
-0.272948 0.341380 0.039884 0.087357 0.000000 3.141590 0.005590 0.029170 -0.061586 0.000000
-0.272950 0.341379 0.039865 0.087357 0.000000 3.141590 0.008012 0.014742 -0.055337 0.000000
-0.272953 0.341379 0.039845 0.087357 0.000000 3.141590 0.024657 0.012886 -0.063746 0.000000
-0.272956 0.341382 0.039805 0.087357 0.000000 3.141590 0.058571 0.016202 -0.084627 0.000000
-0.272956 0.341384 0.039785 0.087357 0.000000 3.141590 0.075901 0.017897 -0.095297 0.000000
-0.272954 0.341386 0.039763 0.087357 0.000000 3.141590 0.083793 0.019846 -0.096894 0.000000
-0.272951 0.341388 0.039742 0.087357 0.000000 3.141590 0.067751 0.022753 -0.074610 0.000000
-0.272948 0.341390 0.039720 0.087357 0.000000 3.141590 0.056543 0.024784 -0.059041 0.000000
-0.272934 0.341379 0.039631 0.087357 0.000000 3.141590 0.124297 0.040017 -0.049100 0.000000
-0.272932 0.341372 0.039608 0.087357 0.000000 3.141590 0.154952 0.061342 -0.050973 0.000000
-0.272932 0.341372 0.039608 0.087357 0.000000 3.141590 0.154952 0.061342 -0.050973 0.000000
-0.272932 0.341365 0.039585 0.087357 0.000000 3.141590 0.183226 0.081012 -0.052701 0.000000
-0.272934 0.341357 0.039563 0.087357 0.000000 3.141590 0.199975 0.090864 -0.062331 0.000000
-0.272938 0.341350 0.039541 0.087357 0.000000 3.141590 0.206463 0.091990 -0.078929 0.000000
-0.272948 0.341336 0.039501 0.087357 0.000000 3.141590 0.199924 0.071781 -0.075805 0.000000
-0.272954 0.341331 0.039481 0.087357 0.000000 3.141590 0.189712 0.052416 -0.062228 0.000000
-0.272960 0.341327 0.039462 0.087357 0.000000 3.141590 0.180294 0.034556 -0.049706 0.000000
-0.272966 0.341326 0.039442 0.087357 0.000000 3.141590 0.171607 0.018083 -0.038156 0.000000
-0.272971 0.341325 0.039422 0.087357 0.000000 3.141590 0.167533 0.023355 -0.026706 0.000000
-0.272975 0.341333 0.039334 0.087357 0.000000 3.141590 0.133039 0.023762 -0.002839 0.000000
-0.272975 0.341333 0.039334 0.087357 0.000000 3.141590 0.133039 0.023762 -0.002839 0.000000
-0.272975 0.341333 0.039334 0.087357 0.000000 3.141590 0.133039 0.023762 -0.002839 0.000000
-0.272972 0.341335 0.039311 0.087357 0.000000 3.141590 0.149593 0.034826 0.008629 0.000000
-0.272968 0.341336 0.039288 0.087357 0.000000 3.141590 0.164727 0.029657 0.019906 0.000000
-0.272964 0.341336 0.039265 0.087357 0.000000 3.141590 0.176946 0.018835 0.029356 0.000000
-0.272957 0.341331 0.039221 0.087357 0.000000 3.141590 0.178920 0.007901 -0.000881 0.000000
-0.272957 0.341331 0.039221 0.087357 0.000000 3.141590 0.178920 0.007901 -0.000881 0.000000
-0.272953 0.341319 0.039178 0.087357 0.000000 3.141590 0.165496 0.001716 -0.031610 0.000000
-0.272953 0.341312 0.039156 0.087357 0.000000 3.141590 0.160201 -0.007879 -0.005753 0.000000
-0.272953 0.341312 0.039156 0.087357 0.000000 3.141590 0.160201 -0.007879 -0.005753 0.000000
-0.272955 0.341304 0.039135 0.087357 0.000000 3.141590 0.155318 -0.016729 0.018096 0.000000
-0.272975 0.341278 0.039046 0.087357 0.000000 3.141590 0.120852 -0.030027 0.070106 0.000000
-0.272981 0.341274 0.039024 0.087357 0.000000 3.141590 0.121019 -0.018598 0.048557 0.000000
-0.272986 0.341273 0.039002 0.087357 0.000000 3.141590 0.121136 -0.010613 0.033500 0.000000
-0.272991 0.341273 0.038981 0.087357 0.000000 3.141590 0.125510 0.005949 0.139570 0.000000
-0.272995 0.341276 0.038960 0.087357 0.000000 3.141590 0.113112 0.021319 0.263614 0.000000
-0.272997 0.341286 0.038923 0.087357 0.000000 3.141590 0.063992 0.050622 0.503382 0.000000
-0.272997 0.341286 0.038923 0.087357 0.000000 3.141590 0.063992 0.050622 0.503382 0.000000
-0.272995 0.341292 0.038906 0.087357 0.000000 3.141590 0.040588 0.070264 0.646177 0.000000
-0.272992 0.341299 0.038889 0.087357 0.000000 3.141590 0.023892 0.101829 0.836289 0.000000
-0.272989 0.341306 0.038872 0.087357 0.000000 3.141590 0.004271 0.131121 1.023705 0.000000
-0.272977 0.341323 0.038817 0.087357 0.000000 3.141590 -0.073393 0.201792 1.556665 0.000000
-0.272975 0.341321 0.038737 0.087357 0.000000 3.141590 -0.128978 0.287688 2.238722 0.000000
-0.272979 0.341316 0.038718 0.087357 0.000000 3.141590 -0.127170 0.318232 2.411585 0.000000
-0.272983 0.341309 0.038700 0.087357 0.000000 3.141590 -0.148610 0.343832 2.605937 0.000000
-0.272989 0.341302 0.038683 0.087357 0.000000 3.141590 -0.193307 0.378519 2.903570 0.000000
-0.272995 0.341294 0.038669 3.141590 0.000000 0.087357 -0.205359 0.388273 3.178253 0.000000
-0.273007 0.341279 0.038645 3.141590 0.000000 0.087357 -0.226726 0.405567 3.665267 0.789582
-0.273007 0.341279 0.038645 3.141590 0.000000 0.087357 -0.226726 0.405567 3.665267 1.414427
-0.273012 0.341273 0.038634 3.141590 0.000000 0.087357 -0.244372 0.410436 3.989731 1.951272
-0.273017 0.341264 0.038613 3.141590 0.000000 0.087357 -0.283271 0.409501 4.824205 2.430349
-0.273017 0.341264 0.038613 3.141590 0.000000 0.087357 -0.283271 0.409501 4.824205 2.867533
-0.272997 0.341284 0.038565 3.141590 0.000000 0.087357 -0.373243 0.411002 6.743199 3.272450
-0.272989 0.341296 0.038558 3.141590 0.000000 0.087357 -0.404014 0.440369 7.200796 3.651484
-0.272980 0.341310 0.038554 3.141590 0.000000 0.087357 -0.423198 0.469668 7.569197 4.009133
-0.272972 0.341326 0.038552 3.141590 0.000000 0.087357 -0.447033 0.506069 8.026901 4.348715
-0.272964 0.341343 0.038553 3.141590 0.000000 0.087357 -0.457341 0.603840 8.498894 4.672763
-0.272956 0.341361 0.038557 3.141590 0.000000 0.087357 -0.486081 0.698759 8.943047 4.983261
-0.272950 0.341380 0.038564 3.141590 0.000000 0.087357 -0.523141 0.766781 9.258571 5.281803
-0.272946 0.341398 0.038574 3.141590 0.000000 0.087357 -0.569183 0.851292 9.650579 5.569688
-0.272944 0.341433 0.038602 3.141590 0.000000 0.087357 -0.577661 1.085042 10.465730 5.847997
-0.272944 0.341433 0.038602 3.141590 0.000000 0.087357 -0.577661 1.085042 10.465730 6.117637
-0.272968 0.341485 0.038683 3.141590 0.000000 0.087357 -0.470936 1.524082 11.742133 6.379378
-0.272978 0.341492 0.038707 3.141590 0.000000 0.087357 -0.444448 1.620957 12.018556 6.633884
-0.272989 0.341495 0.038732 3.141590 0.000000 0.087357 -0.411078 1.668377 12.057175 6.881729
-0.273000 0.341495 0.038757 3.141590 0.000000 0.087357 -0.369619 1.727291 12.105156 7.123416
-0.273012 0.341491 0.038783 3.141590 0.000000 0.087357 -0.321630 1.768886 12.087987 7.359385
-0.273023 0.341484 0.038808 3.141590 0.000000 0.087357 -0.268005 1.795012 12.013162 7.590027
-0.273042 0.341459 0.038857 3.141590 0.000000 0.087357 -0.239710 1.767126 11.777707 7.815692
-0.273049 0.341443 0.038882 3.141590 0.000000 0.087357 -0.238623 1.707385 11.622117 8.036690
-0.273049 0.341443 0.038882 3.141590 0.000000 0.087357 -0.238623 1.707385 11.622117 8.253301
-0.273054 0.341424 0.038906 3.141590 0.000000 0.087357 -0.236697 1.601463 11.346256 8.465779
-0.273050 0.341339 0.038990 3.141590 0.000000 0.087357 -0.168812 1.161874 10.439535 8.674353
-0.273037 0.341294 0.039019 3.141590 0.000000 0.087357 -0.140852 1.092982 10.250520 8.879232
-0.273037 0.341294 0.039019 3.141590 0.000000 0.087357 -0.140852 1.092982 10.250520 9.080607
-0.273020 0.341253 0.039035 3.141590 0.000000 0.087357 -0.072773 0.926473 9.744095 9.278654
-0.273012 0.341235 0.039038 3.141590 0.000000 0.087357 -0.038274 0.846161 9.335118 9.473532
-0.273004 0.341218 0.039038 3.141590 0.000000 0.087357 -0.005826 0.772947 8.946191 9.665391
-0.272997 0.341205 0.039035 3.141590 0.000000 0.087357 0.018215 0.723670 8.648872 9.854366
-0.272991 0.341194 0.039031 3.141590 0.000000 0.087357 0.048083 0.662448 8.279480 10.040586
-0.272984 0.341182 0.039007 3.141590 0.000000 0.087357 0.102557 0.505717 7.395306 10.224168
-0.273003 0.341202 0.038969 3.141590 0.000000 0.087357 0.128205 0.414425 6.770157 10.405221
-0.273032 0.341228 0.038940 3.141590 0.000000 0.087357 0.110902 0.401573 6.450861 10.583848
-0.273050 0.341244 0.038924 3.141590 0.000000 0.087357 0.092487 0.405781 6.287864 10.760144
-0.273070 0.341261 0.038909 3.141590 0.000000 0.087357 0.075503 0.409662 6.137529 10.934199
-0.273092 0.341279 0.038893 3.141590 0.000000 0.087357 0.059838 0.413241 5.998871 11.106096
-0.273140 0.341316 0.038861 3.141590 0.000000 0.087357 -0.032372 0.454889 6.042739 11.275914
-0.273140 0.341316 0.038861 3.141590 0.000000 0.087357 -0.032372 0.454889 6.042739 11.443727
-0.273164 0.341334 0.038845 3.141590 0.000000 0.087357 -0.071055 0.496182 6.132221 11.609605
-0.273189 0.341351 0.038829 3.141590 0.000000 0.087357 -0.098629 0.553483 6.279160 11.773614
-0.273278 0.341403 0.038767 3.141590 0.000000 0.087357 -0.286925 0.723705 7.083466 11.935814
-0.273297 0.341410 0.038753 3.141590 0.000000 0.087357 -0.322577 0.755172 7.232711 12.096267
-0.273313 0.341414 0.038742 3.141590 0.000000 0.087357 -0.361405 0.835083 7.561418 12.255026
-0.273326 0.341413 0.038732 3.141590 0.000000 0.087357 -0.395468 0.921850 7.910454 12.412145
-0.273335 0.341409 0.038725 3.141590 0.000000 0.087357 -0.437634 0.994864 8.310706 12.567673
-0.273343 0.341388 0.038719 3.141590 0.000000 0.087357 -0.509541 1.105443 8.980384 12.721658
-0.273341 0.341372 0.038720 3.141590 0.000000 0.087357 -0.546287 1.161951 9.322599 12.874146
-0.273333 0.341352 0.038724 3.141590 0.000000 0.087357 -0.590848 1.207075 9.674142 13.025179
-0.273333 0.341352 0.038724 3.141590 0.000000 0.087357 -0.590848 1.207075 9.674142 13.174799
-0.273321 0.341330 0.038730 3.141590 0.000000 0.087357 -0.662694 1.228539 10.101852 13.323044
-0.273303 0.341305 0.038738 3.141590 0.000000 0.087357 -0.711207 1.226850 10.463797 13.469952
-0.273156 0.341158 0.038804 3.141590 0.000000 0.087357 -0.507135 0.764598 11.168502 13.615558
-0.273156 0.341158 0.038804 3.141590 0.000000 0.087357 -0.507135 0.764598 11.168502 13.759897
-0.273118 0.341127 0.038821 3.141590 0.000000 0.087357 -0.443173 0.652304 11.265760 13.903001
-0.273035 0.341067 0.038856 3.141590 0.000000 0.087357 -0.309083 0.495707 11.200990 14.044902
-0.272948 0.341011 0.038891 3.141590 0.000000 0.087357 -0.151791 0.385416 10.957199 14.185629
-0.272948 0.341011 0.038891 3.141590 0.000000 0.087357 -0.151791 0.385416 10.957199 14.325211
-0.272903 0.340986 0.038908 3.141590 0.000000 0.087357 -0.050485 0.327364 10.778861 14.463676
-0.272815 0.340944 0.038938 3.141590 0.000000 0.087357 0.129130 0.224437 10.462668 14.601050
-0.272771 0.340928 0.038952 3.141590 0.000000 0.087357 0.174761 0.210570 10.231472 14.737359
-0.272614 0.340904 0.038991 3.141590 0.000000 0.087357 0.302544 0.152901 9.039233 14.872628
-0.272552 0.340922 0.038996 3.141590 0.000000 0.087357 0.332694 0.167353 8.371646 15.006879
-0.272525 0.340939 0.038995 3.141590 0.000000 0.087357 0.335022 0.194801 8.078666 15.140135
-0.272503 0.340961 0.038992 3.141590 0.000000 0.087357 0.336648 0.213978 7.873965 15.272418
-0.272486 0.340987 0.038987 3.141590 0.000000 0.087357 0.331842 0.247798 7.588647 15.403750
-0.272466 0.341052 0.038971 3.141590 0.000000 0.087357 0.315662 0.293981 7.069465 15.534151
-0.272466 0.341052 0.038971 3.141590 0.000000 0.087357 0.315662 0.293981 7.069465 15.663640
-0.272469 0.341130 0.038949 3.141590 0.000000 0.087357 0.298799 0.301621 6.687013 15.792236
-0.272479 0.341173 0.038936 3.141590 0.000000 0.087357 0.290182 0.305525 6.491574 15.919957
-0.272574 0.341361 0.038876 3.141590 0.000000 0.087357 0.211509 0.533658 6.280733 16.046821
-0.272610 0.341410 0.038860 3.141590 0.000000 0.087357 0.176225 0.604885 6.333295 16.172846
-0.272650 0.341459 0.038844 3.141590 0.000000 0.087357 0.136206 0.675786 6.463069 16.298047
-0.272741 0.341556 0.038813 3.141590 0.000000 0.087357 0.088772 0.770467 6.693076 16.422440
-0.272791 0.341602 0.038799 3.141590 0.000000 0.087357 0.067880 0.815253 6.816466 16.546042
-0.272843 0.341647 0.038786 3.141590 0.000000 0.087357 0.011719 0.924363 7.195701 16.668867
-0.272897 0.341690 0.038774 3.141590 0.000000 0.087357 -0.022119 0.988661 7.430268 16.790929
-0.273010 0.341768 0.038756 3.141590 0.000000 0.087357 -0.085547 1.048106 7.719599 16.912243
-0.273069 0.341803 0.038750 3.141590 0.000000 0.087357 -0.144048 1.102933 7.986456 17.032822
-0.273301 0.341899 0.038752 3.141590 0.000000 0.087357 -0.339509 1.268498 9.088741 17.152680
-0.273357 0.341911 0.038758 3.141590 0.000000 0.087357 -0.373509 1.294107 9.329286 17.271829
-0.273411 0.341917 0.038766 3.141590 0.000000 0.087357 -0.414780 1.325379 9.626217 17.390281
-0.273463 0.341917 0.038775 3.141590 0.000000 0.087357 -0.474681 1.360749 9.898409 17.508050
-0.273513 0.341910 0.038785 3.141590 0.000000 0.087357 -0.552825 1.402239 10.146446 17.625146
-0.273560 0.341898 0.038795 3.141590 0.000000 0.087357 -0.580281 1.410453 10.364365 17.741581
-0.273560 0.341898 0.038795 3.141590 0.000000 0.087357 -0.599465 1.416191 10.516623 17.857366
-0.273644 0.341856 0.038818 3.141590 0.000000 0.087357 -0.623298 1.423321 10.705789 17.972512
-0.273644 0.341856 0.038818 3.141590 0.000000 0.087357 -0.623298 1.423321 10.705789 18.087029
-0.273680 0.341827 0.038831 3.141590 0.000000 0.087357 -0.638635 1.383651 10.819828 18.200928
-0.273711 0.341794 0.038845 3.141590 0.000000 0.087357 -0.650653 1.332261 10.905666 18.314219
-0.273784 0.341625 0.038903 3.141590 0.000000 0.087357 -0.701953 1.048674 10.836681 18.426910
-0.273787 0.341575 0.038917 3.141590 0.000000 0.087357 -0.706403 0.974199 10.778413 18.539012
-0.273783 0.341524 0.038931 3.141590 0.000000 0.087357 -0.687250 0.893001 10.623331 18.650534
-0.273756 0.341416 0.038956 3.141590 0.000000 0.087357 -0.614215 0.753899 10.253948 18.761485
-0.273756 0.341416 0.038956 3.141590 0.000000 0.087357 -0.614215 0.753899 10.253948 18.871873
-0.273673 0.341250 0.038980 3.141590 0.000000 0.087357 -0.450458 0.498689 9.352568 18.981707
-0.273673 0.341250 0.038980 3.141590 0.000000 0.087357 -0.450458 0.498689 9.352568 19.090995
-0.273594 0.341140 0.038983 3.141590 0.000000 0.087357 -0.392115 0.385735 8.856393 19.199745
-0.273549 0.341087 0.038982 3.141590 0.000000 0.087357 -0.352234 0.332670 8.572977 19.307966
-0.273341 0.340895 0.038958 3.141590 0.000000 0.087357 -0.153259 0.272528 7.404808 19.415664
-0.273284 0.340854 0.038949 3.141590 0.000000 0.087357 -0.114665 0.272617 7.149048 19.522847
-0.273225 0.340817 0.038940 3.141590 0.000000 0.087357 -0.079069 0.272699 6.913154 19.629523
-0.273106 0.340755 0.038920 3.141590 0.000000 0.087357 -0.044178 0.258845 6.574452 19.735699
-0.273046 0.340732 0.038911 3.141590 0.000000 0.087357 -0.015797 0.240250 6.436208 19.841382
-0.273046 0.340732 0.038911 3.141590 0.000000 0.087357 0.022345 0.213268 6.339449 19.946579
-0.272929 0.340701 0.038889 3.141590 0.000000 0.087357 0.057493 0.221316 6.295352 20.051295
-0.272929 0.340701 0.038889 3.141590 0.000000 0.087357 0.057493 0.221316 6.295352 20.155538
-0.272871 0.340694 0.038877 3.141590 0.000000 0.087357 0.083547 0.236519 6.276207 20.259315
-0.272816 0.340694 0.038864 3.141590 0.000000 0.087357 0.130567 0.243304 6.256373 20.362631
-0.272577 0.340790 0.038788 3.141590 0.000000 0.087357 0.341605 0.314053 6.532555 20.465492
-0.272540 0.340826 0.038774 3.141590 0.000000 0.087357 0.405540 0.350937 6.665980 20.567905
-0.272540 0.340826 0.038774 3.141590 0.000000 0.087357 0.405540 0.350937 6.665980 20.669875
-0.272507 0.340866 0.038761 3.141590 0.000000 0.087357 0.450211 0.376708 6.759201 20.771408
-0.272479 0.340910 0.038750 3.141590 0.000000 0.087357 0.563736 0.470709 7.028217 20.872509
-0.272457 0.340958 0.038740 3.141590 0.000000 0.087357 0.563736 0.470709 7.028217 20.973185
-0.272440 0.341009 0.038734 3.141590 0.000000 0.087357 0.636959 0.621392 7.303141 21.073439
-0.272429 0.341063 0.038729 3.141590 0.000000 0.087357 0.688119 0.726672 7.495227 21.173279
-0.272425 0.341119 0.038728 3.141590 0.000000 0.087357 0.652821 0.804050 7.847176 21.272708
-0.272435 0.341238 0.038733 3.141590 0.000000 0.087357 0.649213 1.032899 8.551082 21.371732
-0.272448 0.341299 0.038738 3.141590 0.000000 0.087357 0.660448 1.135982 8.811561 21.470355
-0.272520 0.341486 0.038764 3.141590 0.000000 0.087357 0.668976 1.494994 9.677593 21.568583
-0.272553 0.341549 0.038774 3.141590 0.000000 0.087357 0.610360 1.597362 9.991151 21.666420
-0.272632 0.341670 0.038797 3.141590 0.000000 0.087357 0.502909 1.770951 10.458204 21.763871
-0.272677 0.341728 0.038809 3.141590 0.000000 0.087357 0.466120 1.827419 10.595394 21.860941
-0.272724 0.341785 0.038821 3.141590 0.000000 0.087357 0.420414 1.897575 10.765841 21.957633
-0.272774 0.341839 0.038832 3.141590 0.000000 0.087357 0.378258 1.962281 10.923047 22.053953
-0.272826 0.341890 0.038844 3.141590 0.000000 0.087357 0.336709 1.990120 10.944321 22.149903
-0.272990 0.342022 0.038883 3.141590 0.000000 0.087357 0.229443 1.959733 10.790994 22.245490
-0.272990 0.342022 0.038883 3.141590 0.000000 0.087357 0.229443 1.959733 10.790994 22.340717
-0.273212 0.342133 0.038935 3.141590 0.000000 0.087357 0.015802 1.814498 10.371438 22.435587
-0.273266 0.342146 0.038946 3.141590 0.000000 0.087357 -0.033912 1.783634 10.261910 22.530105
-0.273318 0.342153 0.038955 3.141590 0.000000 0.087357 -0.063968 1.742019 10.076153 22.624275
-0.273368 0.342153 0.038963 3.141590 0.000000 0.087357 -0.101310 1.690316 9.845369 22.718101
-0.273415 0.342147 0.038968 3.141590 0.000000 0.087357 -0.136944 1.610440 9.611895 22.811586
-0.273460 0.342134 0.038972 3.141590 0.000000 0.087357 -0.170957 1.505853 9.376757 22.904733
-0.273501 0.342116 0.038973 3.141590 0.000000 0.087357 -0.194722 1.432779 9.212470 22.997548
-0.273538 0.342092 0.038973 3.141590 0.000000 0.087357 -0.224247 1.341992 9.008359 23.090033
-0.273572 0.342064 0.038970 3.141590 0.000000 0.087357 -0.252947 1.260415 8.800444 23.182191
-0.273601 0.342030 0.038966 3.141590 0.000000 0.087357 -0.283652 1.191392 8.552035 23.274027
-0.273664 0.341849 0.038939 3.141590 0.000000 0.087357 -0.249828 0.866874 7.550950 23.365543
-0.273661 0.341737 0.038920 3.141590 0.000000 0.087357 -0.244924 0.750615 7.163934 23.456743
-0.273661 0.341737 0.038920 3.141590 0.000000 0.087357 -0.244924 0.750615 7.163934 23.547630
-0.273652 0.341678 0.038910 3.141590 0.000000 0.087357 -0.250099 0.686395 6.969864 23.638207
-0.273639 0.341616 0.038901 3.141590 0.000000 0.087357 -0.241986 0.620627 6.816178 23.728477
-0.273621 0.341553 0.038892 3.141590 0.000000 0.087357 -0.222128 0.553690 6.698735 23.818445
-0.273600 0.341488 0.038884 3.141590 0.000000 0.087357 -0.208254 0.506921 6.616679 23.908111
-0.273575 0.341423 0.038875 3.141590 0.000000 0.087357 -0.175377 0.439016 6.530016 23.997481
-0.273547 0.341357 0.038867 3.141590 0.000000 0.087357 -0.145054 0.376385 6.450085 24.086556
-0.273516 0.341291 0.038857 3.141590 0.000000 0.087357 -0.117086 0.318619 6.376363 24.175339
-0.273482 0.341225 0.038847 3.141590 0.000000 0.087357 -0.091291 0.265340 6.308367 24.263833
-0.273272 0.340919 0.038787 3.141590 0.000000 0.087357 0.080124 0.087321 6.622685 24.352042
-0.273223 0.340864 0.038775 3.141590 0.000000 0.087357 0.102333 0.088308 6.772272 24.439967
-0.273173 0.340813 0.038764 3.141590 0.000000 0.087357 0.141900 0.109057 6.943218 24.527612
-0.273121 0.340766 0.038755 3.141590 0.000000 0.087357 0.203893 0.141566 7.211046 24.614979
-0.273069 0.340723 0.038747 3.141590 0.000000 0.087357 0.203893 0.141566 7.211046 24.702071
-0.272964 0.340650 0.038737 3.141590 0.000000 0.087357 0.333989 0.123834 7.846234 24.788891
-0.272911 0.340621 0.038736 3.141590 0.000000 0.087357 0.333989 0.123834 7.846234 24.875440
-0.272807 0.340582 0.038741 3.141590 0.000000 0.087357 0.358224 0.105298 8.366357 24.961722
-0.272807 0.340582 0.038741 3.141590 0.000000 0.087357 0.358224 0.105298 8.366357 25.047738
-0.272610 0.340576 0.038769 3.141590 0.000000 0.087357 0.504707 0.121148 9.163158 25.133493
-0.272565 0.340587 0.038778 3.141590 0.000000 0.087357 0.582480 0.152672 9.325853 25.218986
-0.272522 0.340604 0.038788 3.141590 0.000000 0.087357 0.648000 0.187952 9.475214 25.304222
-0.272443 0.340648 0.038807 3.141590 0.000000 0.087357 0.721149 0.287309 9.692593 25.389203
-0.272443 0.340648 0.038807 3.141590 0.000000 0.087357 0.721149 0.287309 9.692593 25.473930
-0.272408 0.340676 0.038816 3.141590 0.000000 0.087357 0.771262 0.328826 9.790233 25.558406
-0.272377 0.340707 0.038824 3.141590 0.000000 0.087357 0.817483 0.367118 9.880289 25.642633
-0.272350 0.340741 0.038832 3.141590 0.000000 0.087357 0.849694 0.400665 9.909922 25.726614
-0.272310 0.340818 0.038850 3.141590 0.000000 0.087357 0.917902 0.514169 9.817562 25.810350
-0.272297 0.340860 0.038860 3.141590 0.000000 0.087357 0.920147 0.564180 9.779303 25.893844
-0.272282 0.341052 0.038903 3.141590 0.000000 0.087357 0.925309 0.748735 9.648483 25.977098
-0.272287 0.341104 0.038913 3.141590 0.000000 0.087357 0.924760 0.802048 9.617457 26.060114
-0.272294 0.341158 0.038921 3.141590 0.000000 0.087357 0.906744 0.876052 9.593415 26.142893
-0.272317 0.341267 0.038933 3.141590 0.000000 0.087357 0.841880 1.032253 9.550757 26.225438
-0.272317 0.341267 0.038933 3.141590 0.000000 0.087357 0.841880 1.032253 9.550757 26.307751
-0.272332 0.341322 0.038936 3.141590 0.000000 0.087357 0.809319 1.109771 9.515629 26.389834
-0.272348 0.341377 0.038936 3.141590 0.000000 0.087357 0.762811 1.168860 9.488404 26.471689
-0.272367 0.341432 0.038935 3.141590 0.000000 0.087357 0.705029 1.242273 9.454580 26.553317
-0.272387 0.341487 0.038932 3.141590 0.000000 0.087357 0.651735 1.309983 9.423383 26.634721
-0.272409 0.341541 0.038928 3.141590 0.000000 0.087357 0.597676 1.349763 9.299046 26.715902
-0.272548 0.341793 0.038898 3.141590 0.000000 0.087357 0.347648 1.436727 8.904045 26.796862
-0.272581 0.341837 0.038893 3.141590 0.000000 0.087357 0.314052 1.454720 8.861796 26.877603
-0.272616 0.341879 0.038889 3.141590 0.000000 0.087357 0.273028 1.504014 8.817695 26.958127
-0.272686 0.341952 0.038886 3.141590 0.000000 0.087357 0.191125 1.537872 8.715270 27.038436
-0.272723 0.341983 0.038887 3.141590 0.000000 0.087357 0.160337 1.529763 8.672127 27.118530
-0.272761 0.342009 0.038890 3.141590 0.000000 0.087357 0.120687 1.532327 8.694379 27.198413
-0.272799 0.342030 0.038893 3.141590 0.000000 0.087357 0.072865 1.525064 8.720229 27.278085
-0.272838 0.342047 0.038896 3.141590 0.000000 0.087357 0.014367 1.511877 8.748143 27.357548
-0.272878 0.342060 0.038900 3.141590 0.000000 0.087357 -0.039588 1.499715 8.773888 27.436804
-0.273042 0.342070 0.038906 3.141590 0.000000 0.087357 -0.180986 1.469932 8.779847 27.515855
-0.273085 0.342064 0.038904 3.141590 0.000000 0.087357 -0.227128 1.463334 8.735809 27.594701
-0.273127 0.342056 0.038900 3.141590 0.000000 0.087357 -0.269687 1.457249 8.695192 27.673345
-0.273211 0.342033 0.038888 3.141590 0.000000 0.087357 -0.336146 1.411849 8.582709 27.751789
-0.273251 0.342019 0.038882 3.141590 0.000000 0.087357 -0.352973 1.375657 8.520481 27.830033
-0.273329 0.341984 0.038869 3.141590 0.000000 0.087357 -0.426041 1.258200 8.433128 27.908079
-0.273367 0.341964 0.038864 3.141590 0.000000 0.087357 -0.451472 1.189827 8.412281 27.985929
-0.273367 0.341964 0.038864 3.141590 0.000000 0.087357 -0.451472 1.189827 8.412281 28.063585
-0.273405 0.341942 0.038860 3.141590 0.000000 0.087357 -0.464333 1.112564 8.409643 28.141047
-0.273549 0.341842 0.038861 3.141590 0.000000 0.087357 -0.509299 0.760476 8.553503 28.218317
-0.273616 0.341782 0.038868 3.141590 0.000000 0.087357 -0.511685 0.700005 8.610449 28.295396
-0.273648 0.341750 0.038871 3.141590 0.000000 0.087357 -0.509411 0.654260 8.655547 28.372287
-0.273677 0.341718 0.038874 3.141590 0.000000 0.087357 -0.507823 0.622298 8.687057 28.448990
-0.273704 0.341685 0.038877 3.141590 0.000000 0.087357 -0.505849 0.582589 8.726205 28.525506
-0.273728 0.341652 0.038878 3.141590 0.000000 0.087357 -0.504749 0.540117 8.732818 28.601837
-0.273749 0.341618 0.038877 3.141590 0.000000 0.087357 -0.505811 0.484091 8.653932 28.677985
-0.273766 0.341584 0.038875 3.141590 0.000000 0.087357 -0.506791 0.432418 8.581173 28.753951
-0.273779 0.341548 0.038871 3.141590 0.000000 0.087357 -0.489690 0.405982 8.533736 28.829735
-0.273789 0.341512 0.038866 3.141590 0.000000 0.087357 -0.468445 0.373139 8.474801 28.905340
-0.273793 0.341356 0.038841 3.141590 0.000000 0.087357 -0.453763 0.250070 8.140029 28.980766
-0.273787 0.341315 0.038836 3.141590 0.000000 0.087357 -0.439614 0.219006 8.074137 29.056016
-0.273779 0.341274 0.038832 3.141590 0.000000 0.087357 -0.408603 0.184252 8.029500 29.131089
-0.273758 0.341190 0.038829 3.141590 0.000000 0.087357 -0.357240 0.137674 8.029232 29.205987
-0.273746 0.341149 0.038831 3.141590 0.000000 0.087357 -0.329851 0.117110 8.057750 29.280712
-0.273732 0.341108 0.038835 3.141590 0.000000 0.087357 -0.304589 0.098144 8.084053 29.355265
-0.273716 0.341067 0.038841 3.141590 0.000000 0.087357 -0.281290 0.080650 8.108312 29.429646
-0.273716 0.341067 0.038841 3.141590 0.000000 0.087357 -0.281290 0.080650 8.108312 29.503858
-0.273679 0.340984 0.038855 3.141590 0.000000 0.087357 -0.224433 0.008885 8.191750 29.577901
-0.273658 0.340943 0.038863 3.141590 0.000000 0.087357 -0.177693 -0.019057 8.253057 29.651776
-0.273555 0.340783 0.038891 3.141590 0.000000 0.087357 -0.042846 -0.110015 8.379764 29.725485
-0.273526 0.340745 0.038895 3.141590 0.000000 0.087357 -0.008962 -0.141359 8.369025 29.799028
-0.273526 0.340745 0.038895 3.141590 0.000000 0.087357 -0.008962 -0.141359 8.369025 29.872407
-0.273464 0.340672 0.038897 3.141590 0.000000 0.087357 0.071539 -0.161263 8.295433 29.945623
-0.273432 0.340638 0.038894 3.141590 0.000000 0.087357 0.132726 -0.150077 8.216307 30.018677
-0.273365 0.340579 0.038880 3.141590 0.000000 0.087357 0.165310 -0.109133 8.049822 30.091570
-0.273330 0.340554 0.038871 3.141590 0.000000 0.087357 0.172295 -0.094312 7.992652 30.164303
-0.273295 0.340532 0.038860 3.141590 0.000000 0.087357 0.180973 -0.075899 7.921624 30.236877
-0.273222 0.340498 0.038837 3.141590 0.000000 0.087357 0.200891 -0.042882 7.830402 30.309293
-0.273064 0.340474 0.038794 3.141590 0.000000 0.087357 0.310292 -0.017137 8.040545 30.381552
-0.273023 0.340475 0.038787 3.141590 0.000000 0.087357 0.359791 -0.020724 8.155039 30.453655
-0.272983 0.340478 0.038781 3.141590 0.000000 0.087357 0.409371 -0.019251 8.261712 30.525604
-0.272905 0.340490 0.038777 3.141590 0.000000 0.087357 0.489194 -0.014600 8.446376 30.597399
-0.272905 0.340490 0.038777 3.141590 0.000000 0.087357 0.489194 -0.014600 8.446376 30.669041
-0.272827 0.340510 0.038783 3.141590 0.000000 0.087357 0.581162 0.010118 8.746343 30.740531
-0.272788 0.340522 0.038789 3.141590 0.000000 0.087357 0.621790 0.038972 8.904520 30.811870
-0.272710 0.340550 0.038803 3.141590 0.000000 0.087357 0.685443 0.084178 9.152343 30.883059
-0.272557 0.340625 0.038837 3.141590 0.000000 0.087357 0.790827 0.279098 9.518584 30.954099
-0.272482 0.340670 0.038852 3.141590 0.000000 0.087357 0.827285 0.380923 9.469715 31.024991
-0.272482 0.340670 0.038852 3.141590 0.000000 0.087357 0.827285 0.380923 9.469715 31.095736
-0.272413 0.340717 0.038864 3.141590 0.000000 0.087357 0.821045 0.491058 9.363559 31.166335
-0.272381 0.340742 0.038869 3.141590 0.000000 0.087357 0.830275 0.563342 9.297491 31.236788
-0.272321 0.340792 0.038879 3.141590 0.000000 0.087357 0.837414 0.682225 9.156279 31.307097
-0.272294 0.340818 0.038885 3.141590 0.000000 0.087357 0.835706 0.747097 9.056546 31.377263
-0.272268 0.340844 0.038892 3.141590 0.000000 0.087357 0.838921 0.776402 8.971900 31.447285
-0.272243 0.340872 0.038898 3.141590 0.000000 0.087357 0.846486 0.774113 8.900879 31.517166
-0.272161 0.340995 0.038916 3.141590 0.000000 0.087357 0.864237 0.818295 8.642510 31.586906
-0.272147 0.341029 0.038916 3.141590 0.000000 0.087357 0.864962 0.845491 8.584959 31.656506
-0.272136 0.341064 0.038914 3.141590 0.000000 0.087357 0.863817 0.882138 8.514803 31.725967
-0.272136 0.341064 0.038914 3.141590 0.000000 0.087357 0.863817 0.882138 8.514803 31.795289
-0.272123 0.341134 0.038905 3.141590 0.000000 0.087357 0.839439 0.929140 8.345050 31.864473
-0.272121 0.341170 0.038898 3.141590 0.000000 0.087357 0.821721 0.957846 8.244711 31.933521
-0.272121 0.341206 0.038890 3.141590 0.000000 0.087357 0.813739 0.989628 8.172694 32.002433
-0.272123 0.341243 0.038882 3.141590 0.000000 0.087357 0.803822 1.029113 8.083219 32.071209
-0.272128 0.341281 0.038874 3.141590 0.000000 0.087357 0.790714 1.048252 8.017119 32.139852
-0.272134 0.341320 0.038866 3.141590 0.000000 0.087357 0.758601 1.050388 7.925810 32.208360
-0.272142 0.341360 0.038859 3.141590 0.000000 0.087357 0.724892 1.064163 7.868475 32.276736
-0.272194 0.341528 0.038837 3.141590 0.000000 0.087357 0.580521 1.221506 7.951224 32.344980
-0.272211 0.341571 0.038834 3.141590 0.000000 0.087357 0.550013 1.254741 8.019543 32.413092
-0.272229 0.341614 0.038832 3.141590 0.000000 0.087357 0.507933 1.300577 8.139367 32.481074
-0.272229 0.341614 0.038832 3.141590 0.000000 0.087357 0.474058 1.341368 8.254416 32.548926
-0.272267 0.341699 0.038832 3.141590 0.000000 0.087357 0.447555 1.377565 8.364883 32.616649
-0.272287 0.341741 0.038833 3.141590 0.000000 0.087357 0.418672 1.398385 8.443488 32.684244
-0.272309 0.341782 0.038834 3.141590 0.000000 0.087357 0.379460 1.414428 8.537841 32.751711
-0.272333 0.341823 0.038834 3.141590 0.000000 0.087357 0.341989 1.437561 8.640484 32.819051
-0.272385 0.341902 0.038836 3.141590 0.000000 0.087357 0.274748 1.483703 8.832083 32.886266
-0.272510 0.342046 0.038848 3.141590 0.000000 0.087357 0.113741 1.531893 8.994226 32.953354
-0.272544 0.342077 0.038852 3.141590 0.000000 0.087357 0.075269 1.536978 9.017655 33.020318
-0.272579 0.342105 0.038855 3.141590 0.000000 0.087357 0.039786 1.541669 9.039265 33.087158
-0.272649 0.342153 0.038860 3.141590 0.000000 0.087357 -0.014125 1.526789 9.047456 33.153875
-0.272684 0.342172 0.038862 3.141590 0.000000 0.087357 -0.040982 1.510043 9.041085 33.220469
-0.272719 0.342189 0.038864 3.141590 0.000000 0.087357 -0.158283 1.504310 8.999081 33.286941
-0.272754 0.342203 0.038865 3.141590 0.000000 0.087357 -0.158283 1.504310 8.999081 33.353291
-0.272825 0.342223 0.038869 3.141590 0.000000 0.087357 -0.194934 1.440874 8.934736 33.419521
-0.272862 0.342228 0.038873 3.141590 0.000000 0.087357 -0.211989 1.420036 8.920249 33.485631
-0.272975 0.342227 0.038887 3.141590 0.000000 0.087357 -0.257785 1.304208 8.826429 33.551621
-0.273053 0.342214 0.038895 3.141590 0.000000 0.087357 -0.304429 1.226086 8.739307 33.617493
-0.273053 0.342214 0.038895 3.141590 0.000000 0.087357 -0.304429 1.226086 8.739307 33.683247
-0.273091 0.342206 0.038897 3.141590 0.000000 0.087357 -0.327234 1.204858 8.710466 33.748883
-0.273166 0.342187 0.038897 3.141590 0.000000 0.087357 -0.381699 1.154158 8.641583 33.814402
-0.273204 0.342175 0.038894 3.141590 0.000000 0.087357 -0.417648 1.118748 8.558589 33.879806
-0.273279 0.342147 0.038885 3.141590 0.000000 0.087357 -0.485844 1.028493 8.358739 33.945093
-0.273279 0.342147 0.038885 3.141590 0.000000 0.087357 -0.485844 1.028493 8.358739 34.010266
-0.273316 0.342131 0.038880 3.141590 0.000000 0.087357 -0.505617 0.976972 8.269498 34.075324
-0.273543 0.342010 0.038855 3.141590 0.000000 0.087357 -0.543092 0.665174 8.042415 34.140269
-0.273579 0.341985 0.038853 3.141590 0.000000 0.087357 -0.556000 0.650497 8.111326 34.205100
-0.273615 0.341960 0.038852 3.141590 0.000000 0.087357 -0.579612 0.622708 8.196972 34.269819
-0.273682 0.341910 0.038854 3.141590 0.000000 0.087357 -0.635463 0.555797 8.348883 34.334426
-0.273713 0.341884 0.038856 3.141590 0.000000 0.087357 -0.660178 0.526187 8.416108 34.398921
-0.273743 0.341856 0.038859 3.141590 0.000000 0.087357 -0.669524 0.492672 8.466321 34.463305
-0.273771 0.341828 0.038861 3.141590 0.000000 0.087357 -0.646692 0.455709 8.475671 34.527580
-0.273798 0.341799 0.038864 3.141590 0.000000 0.087357 -0.618327 0.409787 8.487287 34.591744
-0.273823 0.341770 0.038865 3.141590 0.000000 0.087357 -0.587102 0.398845 8.427683 34.655799
-0.273908 0.341641 0.038859 3.141590 0.000000 0.087357 -0.539372 0.279257 8.211493 34.719746
-0.273923 0.341606 0.038855 3.141590 0.000000 0.087357 -0.537089 0.260899 8.157702 34.783585
-0.273935 0.341571 0.038852 3.141590 0.000000 0.087357 -0.535579 0.242861 8.096667 34.847316
-0.273943 0.341535 0.038849 3.141590 0.000000 0.087357 -0.535898 0.223033 8.007462 34.910941
-0.273950 0.341463 0.038845 3.141590 0.000000 0.087357 -0.482876 0.201416 7.877326 34.974458
-0.273950 0.341463 0.038845 3.141590 0.000000 0.087357 -0.482876 0.201416 7.877326 35.037870
-0.273950 0.341427 0.038845 3.141590 0.000000 0.087357 -0.453417 0.197121 7.839810 35.101177
-0.273948 0.341391 0.038847 3.141590 0.000000 0.087357 -0.416818 0.191784 7.793202 35.164379
-0.273938 0.341317 0.038852 3.141590 0.000000 0.087357 -0.352881 0.159660 7.732194 35.227476
-0.273938 0.341317 0.038852 3.141590 0.000000 0.087357 -0.352881 0.159660 7.732194 35.290470
-0.273885 0.341116 0.038858 3.141590 0.000000 0.087357 -0.240675 0.016425 7.686485 35.353360
-0.273869 0.341074 0.038855 3.141590 0.000000 0.087357 -0.209590 -0.015830 7.672096 35.416148
-0.273853 0.341031 0.038850 3.141590 0.000000 0.087357 -0.177485 -0.043578 7.661170 35.478833
-0.273819 0.340948 0.038837 3.141590 0.000000 0.087357 -0.136891 -0.089637 7.649529 35.541417
-0.273819 0.340948 0.038837 3.141590 0.000000 0.087357 -0.136891 -0.089637 7.649529 35.603899
-0.273800 0.340907 0.038830 3.141590 0.000000 0.087357 -0.123245 -0.115064 7.647585 35.666281
-0.273760 0.340825 0.038815 3.141590 0.000000 0.087357 -0.091900 -0.155729 7.649104 35.728562
-0.273760 0.340825 0.038815 3.141590 0.000000 0.087357 -0.091900 -0.155729 7.649104 35.790743
-0.273739 0.340785 0.038809 3.141590 0.000000 0.087357 -0.076886 -0.173018 7.650571 35.852825
-0.273717 0.340746 0.038805 3.141590 0.000000 0.087357 -0.063038 -0.188964 7.651923 35.914808
-0.273614 0.340595 0.038802 3.141590 0.000000 0.087357 0.060456 -0.210593 7.991561 35.976693
-0.273584 0.340559 0.038804 3.141590 0.000000 0.087357 0.095032 -0.213035 8.117253 36.038480
-0.273554 0.340525 0.038807 3.141590 0.000000 0.087357 0.144010 -0.213258 8.219186 36.100169
-0.273490 0.340461 0.038812 3.141590 0.000000 0.087357 0.229790 -0.204993 8.426512 36.161762
-0.273457 0.340432 0.038814 3.141590 0.000000 0.087357 0.275608 -0.198879 8.542903 36.223257
-0.273390 0.340384 0.038817 3.141590 0.000000 0.087357 0.347375 -0.153728 8.692458 36.284657
-0.273356 0.340365 0.038818 3.141590 0.000000 0.087357 0.376139 -0.129523 8.746229 36.345961
-0.273285 0.340337 0.038824 3.141590 0.000000 0.087357 0.419881 -0.119262 8.849748 36.407170
-0.273248 0.340327 0.038829 3.141590 0.000000 0.087357 0.442234 -0.114018 8.902647 36.468284
-0.273133 0.340315 0.038848 3.141590 0.000000 0.087357 0.499197 -0.074248 9.049853 36.529304
-0.273054 0.340320 0.038861 3.141590 0.000000 0.087357 0.577448 -0.030739 9.060191 36.590230
-0.273014 0.340324 0.038867 3.141590 0.000000 0.087357 0.621604 0.006785 9.040100 36.651062
-0.273014 0.340324 0.038867 3.141590 0.000000 0.087357 0.653930 0.041087 8.996920 36.711801
-0.272935 0.340337 0.038874 3.141590 0.000000 0.087357 0.697960 0.072277 8.944762 36.772448
-0.272935 0.340337 0.038874 3.141590 0.000000 0.087357 0.697960 0.072277 8.944762 36.833003
-0.272858 0.340355 0.038874 3.141590 0.000000 0.087357 0.776027 0.127577 8.852287 36.893466
-0.272819 0.340365 0.038872 3.141590 0.000000 0.087357 0.788782 0.153808 8.767296 36.953837
-0.272779 0.340377 0.038870 3.141590 0.000000 0.087357 0.804628 0.186397 8.661704 37.014118
-0.272616 0.340440 0.038859 3.141590 0.000000 0.087357 0.778387 0.402300 8.278846 37.074308
-0.272496 0.340501 0.038860 3.141590 0.000000 0.087357 0.818938 0.499134 8.135327 37.134408
-0.272496 0.340501 0.038860 3.141590 0.000000 0.087357 0.818938 0.499134 8.135327 37.194418
-0.272422 0.340543 0.038866 3.141590 0.000000 0.087357 0.851702 0.611636 8.178568 37.254339
-0.272387 0.340565 0.038870 3.141590 0.000000 0.087357 0.876568 0.649403 8.179077 37.314171
-0.272352 0.340588 0.038872 3.141590 0.000000 0.087357 0.890451 0.675809 8.182245 37.373914
-0.272318 0.340613 0.038874 3.141590 0.000000 0.087357 0.898757 0.708664 8.193388 37.433570
-0.272285 0.340637 0.038875 3.141590 0.000000 0.087357 0.906418 0.738968 8.203665 37.493138
-0.272253 0.340663 0.038874 3.141590 0.000000 0.087357 0.922064 0.763732 8.199471 37.552618
-0.272132 0.340777 0.038855 3.141590 0.000000 0.087357 0.898359 0.863360 8.221852 37.612011
-0.272077 0.340841 0.038841 3.141590 0.000000 0.087357 0.845434 0.919528 8.265458 37.671318
-0.272077 0.340841 0.038841 3.141590 0.000000 0.087357 0.845434 0.919528 8.265458 37.730538
-0.272052 0.340874 0.038835 3.141590 0.000000 0.087357 0.849037 0.949858 8.267056 37.789673
-0.272030 0.340906 0.038829 3.141590 0.000000 0.087357 0.861009 0.979584 8.262865 37.848722
-0.272011 0.340939 0.038825 3.141590 0.000000 0.087357 0.860537 1.002586 8.270197 37.907687
-0.271983 0.341004 0.038821 3.141590 0.000000 0.087357 0.843692 1.054642 8.315847 37.966566
-0.271974 0.341038 0.038823 3.141590 0.000000 0.087357 0.842419 1.118454 8.360041 38.025361
-0.271968 0.341073 0.038826 3.141590 0.000000 0.087357 0.855242 1.178119 8.399886 38.084072
-0.271964 0.341108 0.038832 3.141590 0.000000 0.087357 0.867069 1.233149 8.436636 38.142700
-0.271970 0.341260 0.038861 3.141590 0.000000 0.087357 0.811611 1.374811 8.694468 38.201244
-0.271977 0.341300 0.038868 3.141590 0.000000 0.087357 0.790081 1.423182 8.768264 38.259705
-0.271985 0.341341 0.038874 3.141590 0.000000 0.087357 0.770224 1.467796 8.836327 38.318084
-0.271994 0.341382 0.038880 3.141590 0.000000 0.087357 0.751909 1.508944 8.899104 38.376380
-0.272004 0.341423 0.038883 3.141590 0.000000 0.087357 0.739112 1.537694 8.942965 38.434595
-0.272015 0.341464 0.038885 3.141590 0.000000 0.087357 0.682708 1.527628 8.895190 38.492728
-0.272027 0.341505 0.038884 3.141590 0.000000 0.087357 0.630684 1.518344 8.851126 38.550780
-0.272038 0.341546 0.038881 3.141590 0.000000 0.087357 0.580924 1.552349 8.821033 38.608751
-0.272065 0.341627 0.038871 3.141590 0.000000 0.087357 0.522038 1.552498 8.681017 38.666641
-0.272065 0.341627 0.038871 3.141590 0.000000 0.087357 0.522038 1.552498 8.681017 38.724451
-0.272159 0.341835 0.038839 3.141590 0.000000 0.087357 0.361193 1.456740 8.334227 38.782182
-0.272182 0.341876 0.038834 3.141590 0.000000 0.087357 0.328364 1.434763 8.304240 38.839833
-0.272206 0.341916 0.038832 3.141590 0.000000 0.087357 0.271883 1.466309 8.345302 38.897405
-0.272255 0.341993 0.038833 3.141590 0.000000 0.087357 0.183392 1.515734 8.409635 38.954897
-0.272255 0.341993 0.038833 3.141590 0.000000 0.087357 0.183392 1.515734 8.409635 39.012312
-0.272306 0.342065 0.038841 3.141590 0.000000 0.087357 0.108971 1.529153 8.522134 39.069648
-0.272333 0.342098 0.038848 3.141590 0.000000 0.087357 0.086042 1.506988 8.611353 39.126906
-0.272361 0.342131 0.038855 3.141590 0.000000 0.087357 0.065158 1.508366 8.669665 39.184087
-0.272390 0.342162 0.038863 3.141590 0.000000 0.087357 0.026753 1.553275 8.731807 39.241190
-0.272551 0.342298 0.038893 3.141590 0.000000 0.087357 -0.069635 1.542093 8.751858 39.298216
-0.272624 0.342339 0.038894 3.141590 0.000000 0.087357 -0.066854 1.483639 8.636691 39.355166
-0.272661 0.342356 0.038891 3.141590 0.000000 0.087357 -0.115312 1.469328 8.598408 39.412040
-0.272661 0.342356 0.038891 3.141590 0.000000 0.087357 -0.115312 1.469328 8.598408 39.468837
-0.272698 0.342370 0.038887 3.141590 0.000000 0.087357 -0.176231 1.461184 8.569099 39.525559
-0.272735 0.342379 0.038881 3.141590 0.000000 0.087357 -0.232418 1.453673 8.542067 39.582205
-0.272772 0.342386 0.038875 3.141590 0.000000 0.087357 -0.271675 1.448425 8.523179 39.638776
-0.272809 0.342390 0.038868 3.141590 0.000000 0.087357 -0.317056 1.436986 8.486224 39.695272
-0.272847 0.342391 0.038861 3.141590 0.000000 0.087357 -0.349133 1.412261 8.413267 39.751694
-0.272923 0.342388 0.038849 3.141590 0.000000 0.087357 -0.392304 1.352915 8.326952 39.808041
-0.273042 0.342369 0.038841 3.141590 0.000000 0.087357 -0.473090 1.292916 8.438179 39.864315
-0.273126 0.342349 0.038843 3.141590 0.000000 0.087357 -0.551840 1.268587 8.525187 39.920515
-0.273168 0.342337 0.038846 3.141590 0.000000 0.087357 -0.581386 1.244768 8.592242 39.976641
-0.273252 0.342311 0.038852 3.141590 0.000000 0.087357 -0.619027 1.186156 8.743877 40.032695
-0.273252 0.342311 0.038852 3.141590 0.000000 0.087357 -0.619027 1.186156 8.743877 40.088676
-0.273335 0.342282 0.038857 3.141590 0.000000 0.087357 -0.697469 1.107620 8.890890 40.144584
-0.273375 0.342266 0.038858 3.141590 0.000000 0.087357 -0.732182 1.072866 8.955948 40.200420
-0.273375 0.342266 0.038858 3.141590 0.000000 0.087357 -0.732182 1.072866 8.955948 40.256184
-0.273455 0.342232 0.038855 3.141590 0.000000 0.087357 -0.780541 0.985114 9.020215 40.311876
-0.273613 0.342147 0.038843 3.141590 0.000000 0.087357 -0.788800 0.790364 8.945370 40.367497
-0.273651 0.342123 0.038841 3.141590 0.000000 0.087357 -0.789233 0.749241 8.929227 40.423047
-0.273687 0.342098 0.038841 3.141590 0.000000 0.087357 -0.801359 0.711324 8.961923 40.478525
-0.273722 0.342074 0.038842 3.141590 0.000000 0.087357 -0.812543 0.676352 8.992080 40.533934
-0.273756 0.342050 0.038844 3.141590 0.000000 0.087357 -0.820357 0.651918 9.013150 40.589272
-0.273787 0.342025 0.038849 3.141590 0.000000 0.087357 -0.812159 0.614450 9.014041 40.644540
-0.273818 0.342001 0.038854 3.141590 0.000000 0.087357 -0.798866 0.577616 9.006770 40.699738
-0.273876 0.341949 0.038868 3.141590 0.000000 0.087357 -0.776427 0.509153 9.021319 40.754867
-0.273932 0.341891 0.038881 3.141590 0.000000 0.087357 -0.759691 0.457321 9.035448 40.809926
-0.274031 0.341760 0.038895 3.141590 0.000000 0.087357 -0.700488 0.334586 8.776960 40.864917
-0.274051 0.341725 0.038894 3.141590 0.000000 0.087357 -0.681053 0.306753 8.688982 40.919838
-0.274067 0.341689 0.038892 3.141590 0.000000 0.087357 -0.652737 0.291064 8.602340 40.974692
-0.274067 0.341689 0.038892 3.141590 0.000000 0.087357 -0.652737 0.291064 8.602340 41.029477
-0.274092 0.341618 0.038886 3.141590 0.000000 0.087357 -0.589545 0.261325 8.432701 41.084194
-0.274092 0.341618 0.038886 3.141590 0.000000 0.087357 -0.589545 0.261325 8.432701 41.138843
-0.274106 0.341545 0.038879 3.141590 0.000000 0.087357 -0.540441 0.228117 8.261424 41.193425
-0.274110 0.341508 0.038875 3.141590 0.000000 0.087357 -0.521879 0.195870 8.117080 41.247940
-0.274111 0.341469 0.038870 3.141590 0.000000 0.087357 -0.508910 0.173339 8.016228 41.302387
-0.274106 0.341390 0.038860 3.141590 0.000000 0.087357 -0.432163 0.137462 7.846827 41.356768
-0.274086 0.341267 0.038850 3.141590 0.000000 0.087357 -0.323447 0.083051 7.647893 41.411083
-0.274066 0.341183 0.038843 3.141590 0.000000 0.087357 -0.297984 0.066327 7.632340 41.465331
-0.274066 0.341183 0.038843 3.141590 0.000000 0.087357 -0.258966 0.039901 7.612577 41.519513
-0.274056 0.341141 0.038840 3.141590 0.000000 0.087357 -0.258966 0.039901 7.612577 41.573630
-0.274034 0.341059 0.038835 3.141590 0.000000 0.087357 -0.204466 0.004080 7.635999 41.627681
-0.274034 0.341059 0.038835 3.141590 0.000000 0.087357 -0.204466 0.004080 7.635999 41.681667
-0.274008 0.340978 0.038830 3.141590 0.000000 0.087357 -0.193553 -0.027956 7.673942 41.735588
-0.273994 0.340937 0.038827 3.141590 0.000000 0.087357 -0.187977 -0.044328 7.693331 41.789443
-0.273960 0.340854 0.038817 3.141590 0.000000 0.087357 -0.167555 -0.048764 7.821536 41.843235
-0.273876 0.340691 0.038796 3.141590 0.000000 0.087357 -0.106075 -0.158204 8.065389 41.896962
-0.273851 0.340651 0.038793 3.141590 0.000000 0.087357 -0.090559 -0.178844 8.132069 41.950625
-0.273826 0.340612 0.038792 3.141590 0.000000 0.087357 -0.071887 -0.182521 8.229989 42.004224
-0.273775 0.340538 0.038794 3.141590 0.000000 0.087357 -0.005112 -0.207174 8.447123 42.057759
-0.273749 0.340503 0.038797 3.141590 0.000000 0.087357 0.029510 -0.222029 8.535730 42.111231
-0.273749 0.340503 0.038797 3.141590 0.000000 0.087357 0.029510 -0.222029 8.535730 42.164640
-0.273698 0.340439 0.038808 3.141590 0.000000 0.087357 0.103633 -0.198265 8.770910 42.217986
-0.273698 0.340439 0.038808 3.141590 0.000000 0.087357 0.103633 -0.198265 8.770910 42.271269
-0.273671 0.340408 0.038815 3.141590 0.000000 0.087357 0.152628 -0.200101 8.887981 42.324489
-0.273643 0.340378 0.038822 3.141590 0.000000 0.087357 0.197817 -0.201794 8.995958 42.377647
-0.273517 0.340270 0.038850 3.141590 0.000000 0.087357 0.280403 -0.131884 9.226431 42.430743
-0.273482 0.340247 0.038856 3.141590 0.000000 0.087357 0.324774 -0.111443 9.239679 42.483778
-0.273445 0.340225 0.038863 3.141590 0.000000 0.087357 0.365699 -0.092590 9.251898 42.536750
-0.273333 0.340177 0.038874 3.141590 0.000000 0.087357 0.467614 -0.021719 9.168135 42.589661
-0.273333 0.340177 0.038874 3.141590 0.000000 0.087357 0.467614 -0.021719 9.168135 42.642511
-0.273295 0.340167 0.038876 3.141590 0.000000 0.087357 0.501272 -0.000241 9.084923 42.695300
-0.273256 0.340161 0.038876 3.141590 0.000000 0.087357 0.532708 0.011647 8.984787 42.748028
-0.273137 0.340158 0.038877 3.141590 0.000000 0.087357 0.565288 0.103935 8.714753 42.800695
-0.273097 0.340161 0.038878 3.141590 0.000000 0.087357 0.558799 0.136509 8.661269 42.853303
-0.272974 0.340176 0.038887 3.141590 0.000000 0.087357 0.561489 0.252525 8.429767 42.905849
-0.272889 0.340192 0.038894 3.141590 0.000000 0.087357 0.623575 0.293348 8.296760 42.958336
-0.272847 0.340202 0.038896 3.141590 0.000000 0.087357 0.646963 0.305791 8.252879 43.010763
-0.272804 0.340212 0.038898 3.141590 0.000000 0.087357 0.676021 0.321250 8.198361 43.063131
-0.272804 0.340212 0.038898 3.141590 0.000000 0.087357 0.676021 0.321250 8.198361 43.115439
-0.272763 0.340223 0.038897 3.141590 0.000000 0.087357 0.701360 0.339296 8.139223 43.167688
-0.272640 0.340258 0.038885 3.141590 0.000000 0.087357 0.722148 0.436373 7.914494 43.219878
-0.272640 0.340258 0.038885 3.141590 0.000000 0.087357 0.722148 0.436373 7.914494 43.272009
-0.272640 0.340258 0.038885 3.141590 0.000000 0.087357 0.722148 0.436373 7.914494 43.324082
-0.272394 0.340364 0.038834 3.141590 0.000000 0.087357 0.750834 0.590121 7.446222 43.376097
-0.272316 0.340409 0.038819 3.141590 0.000000 0.087357 0.791378 0.658311 7.476059 43.428053
-0.272278 0.340431 0.038814 3.141590 0.000000 0.087357 0.816795 0.725014 7.595618 43.479951
-0.272242 0.340454 0.038811 3.141590 0.000000 0.087357 0.840238 0.786536 7.705889 43.531791
-0.272208 0.340477 0.038810 3.141590 0.000000 0.087357 0.861860 0.843279 7.807596 43.583574
-0.272175 0.340501 0.038811 3.141590 0.000000 0.087357 0.881803 0.895615 7.901402 43.635300
-0.272145 0.340525 0.038813 3.141590 0.000000 0.087357 0.887923 0.917639 7.992961 43.686968
-0.272115 0.340550 0.038817 3.141590 0.000000 0.087357 0.890523 0.935692 8.123373 43.738579
-0.272086 0.340575 0.038822 3.141590 0.000000 0.087357 0.897622 0.961968 8.238146 43.790133
-0.272086 0.340575 0.038822 3.141590 0.000000 0.087357 0.908684 0.995447 8.338714 43.841631
-0.272058 0.340602 0.038828 3.141590 0.000000 0.087357 0.908684 0.995447 8.338714 43.893072
-0.271923 0.340757 0.038845 3.141590 0.000000 0.087357 0.933461 1.110403 8.566927 43.944457
-0.271898 0.340792 0.038845 3.141590 0.000000 0.087357 0.947195 1.140936 8.598052 43.995786
-0.271875 0.340828 0.038842 3.141590 0.000000 0.087357 0.967547 1.173459 8.625068 44.047059
-0.271855 0.340864 0.038839 3.141590 0.000000 0.087357 0.956401 1.174187 8.601256 44.098277
-0.271836 0.340901 0.038834 3.141590 0.000000 0.087357 0.941361 1.167598 8.572803 44.149438
-0.271821 0.340938 0.038830 3.141590 0.000000 0.087357 0.922674 1.159413 8.537453 44.200545
-0.271809 0.340976 0.038825 3.141590 0.000000 0.087357 0.905439 1.151863 8.504849 44.251596
-0.271800 0.341014 0.038820 3.141590 0.000000 0.087357 0.892754 1.157429 8.483721 44.302592
-0.271794 0.341054 0.038817 3.141590 0.000000 0.087357 0.890306 1.198666 8.490003 44.353533
-0.271794 0.341054 0.038817 3.141590 0.000000 0.087357 0.890306 1.198666 8.490003 44.404420
-0.271792 0.341137 0.038814 3.141590 0.000000 0.087357 0.854152 1.268402 8.549436 44.455252
-0.271813 0.341315 0.038832 3.141590 0.000000 0.087357 0.690426 1.427005 8.825686 44.506030
-0.271822 0.341361 0.038840 3.141590 0.000000 0.087357 0.662054 1.455343 8.880579 44.556754
-0.271822 0.341361 0.038840 3.141590 0.000000 0.087357 0.639716 1.480717 8.942052 44.607424
-0.271843 0.341453 0.038859 3.141590 0.000000 0.087357 0.626895 1.497892 8.992890 44.658040
-0.271843 0.341453 0.038859 3.141590 0.000000 0.087357 0.626895 1.497892 8.992890 44.708602
-0.271867 0.341544 0.038878 3.141590 0.000000 0.087357 0.576474 1.519192 9.040344 44.759111
-0.271867 0.341544 0.038878 3.141590 0.000000 0.087357 0.576474 1.519192 9.040344 44.809567
-0.271881 0.341590 0.038887 3.141590 0.000000 0.087357 0.544662 1.519156 9.025855 44.859970
-0.271912 0.341682 0.038900 3.141590 0.000000 0.087357 0.488259 1.519092 9.000165 44.910320
-0.271930 0.341728 0.038903 3.141590 0.000000 0.087357 0.464176 1.512074 8.927235 44.960616
-0.271949 0.341774 0.038904 3.141590 0.000000 0.087357 0.403403 1.491063 8.650313 45.010861
-0.272068 0.342000 0.038889 3.141590 0.000000 0.087357 0.261752 1.416448 8.165473 45.061053
-0.272096 0.342043 0.038884 3.141590 0.000000 0.087357 0.232411 1.390281 8.055626 45.111192
-0.272124 0.342085 0.038879 3.141590 0.000000 0.087357 0.205349 1.366146 7.954311 45.161280
-0.272153 0.342126 0.038876 3.141590 0.000000 0.087357 0.179283 1.332842 7.881728 45.211315
-0.272181 0.342164 0.038873 3.141590 0.000000 0.087357 0.154889 1.298590 7.821460 45.261299
-0.272210 0.342201 0.038871 3.141590 0.000000 0.087357 0.112089 1.315409 7.786098 45.311231
-0.272239 0.342237 0.038870 3.141590 0.000000 0.087357 0.077264 1.338899 7.766295 45.361112
-0.272300 0.342304 0.038867 3.141590 0.000000 0.087357 -0.005910 1.395001 7.718998 45.410941
-0.272332 0.342335 0.038864 3.141590 0.000000 0.087357 -0.048902 1.422459 7.712950 45.460720
-0.272332 0.342335 0.038864 3.141590 0.000000 0.087357 -0.048902 1.422459 7.712950 45.510447
-0.272504 0.342464 0.038834 3.141590 0.000000 0.087357 -0.201929 1.408730 7.844490 45.560123
-0.272541 0.342484 0.038826 3.141590 0.000000 0.087357 -0.222136 1.399999 7.877332 45.609749
-0.272579 0.342502 0.038819 3.141590 0.000000 0.087357 -0.260620 1.385768 7.929844 45.659324
-0.272654 0.342526 0.038807 3.141590 0.000000 0.087357 -0.321539 1.367719 8.029542 45.708849
-0.272654 0.342526 0.038807 3.141590 0.000000 0.087357 -0.321539 1.367719 8.029542 45.758324
-0.272731 0.342537 0.038802 3.141590 0.000000 0.087357 -0.385328 1.376863 8.237772 45.807748
-0.272770 0.342539 0.038803 3.141590 0.000000 0.087357 -0.426968 1.381083 8.369933 45.857123
-0.272809 0.342538 0.038806 3.141590 0.000000 0.087357 -0.465374 1.384974 8.491828 45.906448
-0.272848 0.342536 0.038810 3.141590 0.000000 0.087357 -0.500796 1.388564 8.604254 45.955723
-0.272848 0.342536 0.038810 3.141590 0.000000 0.087357 -0.500796 1.388564 8.604254 46.004949
-0.273013 0.342517 0.038836 3.141590 0.000000 0.087357 -0.584489 1.322125 9.068571 46.054125
-0.273098 0.342500 0.038848 3.141590 0.000000 0.087357 -0.648385 1.252592 9.266350 46.103252
-0.273098 0.342500 0.038848 3.141590 0.000000 0.087357 -0.683142 1.217594 9.313184 46.152331
-0.273182 0.342480 0.038855 3.141590 0.000000 0.087357 -0.720320 1.184649 9.360594 46.201360
-0.273224 0.342469 0.038856 3.141590 0.000000 0.087357 -0.752688 1.157636 9.400871 46.250341
-0.273308 0.342445 0.038854 3.141590 0.000000 0.087357 -0.796111 1.084912 9.426033 46.299273
-0.273350 0.342432 0.038851 3.141590 0.000000 0.087357 -0.804154 1.032869 9.400173 46.348157
-0.273393 0.342417 0.038848 3.141590 0.000000 0.087357 -0.812087 1.000770 9.364887 46.396992
-0.273435 0.342401 0.038844 3.141590 0.000000 0.087357 -0.823424 0.963621 9.310021 46.445779
-0.273435 0.342401 0.038844 3.141590 0.000000 0.087357 -0.823424 0.963621 9.310021 46.494518
-0.273603 0.342328 0.038840 3.141590 0.000000 0.087357 -0.851725 0.816179 9.175116 46.543210
-0.273645 0.342306 0.038843 3.141590 0.000000 0.087357 -0.852535 0.783264 9.172339 46.591853
-0.273685 0.342284 0.038848 3.141590 0.000000 0.087357 -0.859281 0.741354 9.186833 46.640449
-0.273724 0.342260 0.038855 3.141590 0.000000 0.087357 -0.867339 0.702373 9.205944 46.688998
-0.273763 0.342237 0.038864 3.141590 0.000000 0.087357 -0.880926 0.650565 9.284264 46.737499
-0.273800 0.342213 0.038874 3.141590 0.000000 0.087357 -0.892960 0.602528 9.327076 46.785953
-0.273872 0.342161 0.038897 3.141590 0.000000 0.087357 -0.905955 0.525367 9.337286 46.834360
-0.273906 0.342134 0.038908 3.141590 0.000000 0.087357 -0.904604 0.485184 9.334717 46.882720
-0.273940 0.342106 0.038919 3.141590 0.000000 0.087357 -0.880326 0.445957 9.309912 46.931034
-0.274095 0.341946 0.038953 3.141590 0.000000 0.087357 -0.752115 0.352233 8.918626 46.979301
-0.274123 0.341912 0.038953 3.141590 0.000000 0.087357 -0.700920 0.354309 8.591219 47.027521
-0.274149 0.341877 0.038951 3.141590 0.000000 0.087357 -0.700920 0.354309 8.591219 47.075695
-0.274173 0.341843 0.038947 3.141590 0.000000 0.087357 -0.673604 0.339208 8.415282 47.123823
-0.274195 0.341809 0.038941 3.141590 0.000000 0.087357 -0.644368 0.308161 8.234513 47.171904
-0.274214 0.341775 0.038933 3.141590 0.000000 0.087357 -0.623073 0.284210 8.074507 47.219940
-0.274229 0.341740 0.038925 3.141590 0.000000 0.087357 -0.591391 0.255209 7.848772 47.267930
-0.274242 0.341704 0.038916 3.141590 0.000000 0.087357 -0.562682 0.235477 7.651033 47.315874
-0.274261 0.341630 0.038895 3.141590 0.000000 0.087357 -0.512096 0.204810 7.306879 47.363772
-0.274274 0.341472 0.038854 3.141590 0.000000 0.087357 -0.435496 0.113907 6.957397 47.411626
-0.274272 0.341432 0.038845 3.141590 0.000000 0.087357 -0.426533 0.101751 6.898912 47.459433
-0.274270 0.341390 0.038838 3.141590 0.000000 0.087357 -0.418266 0.090539 6.844970 47.507196
-0.274262 0.341308 0.038828 3.141590 0.000000 0.087357 -0.392001 0.016055 6.875464 47.554914
-0.274262 0.341308 0.038828 3.141590 0.000000 0.087357 -0.392001 0.016055 6.875464 47.602586
-0.274244 0.341188 0.038823 3.141590 0.000000 0.087357 -0.308258 -0.058754 7.030082 47.650214
-0.274244 0.341188 0.038823 3.141590 0.000000 0.087357 -0.308258 -0.058754 7.030082 47.697797
-0.274215 0.341068 0.038822 3.141590 0.000000 0.087357 -0.253373 -0.101586 7.272431 47.745336
-0.274215 0.341068 0.038822 3.141590 0.000000 0.087357 -0.253373 -0.101586 7.272431 47.792830
-0.274161 0.340909 0.038809 3.141590 0.000000 0.087357 -0.172483 -0.107349 7.484329 47.840280
-0.274146 0.340869 0.038803 3.141590 0.000000 0.087357 -0.147420 -0.127353 7.526995 47.887686
-0.274131 0.340830 0.038797 3.141590 0.000000 0.087357 -0.124304 -0.145803 7.566347 47.935048
-0.274099 0.340753 0.038784 3.141590 0.000000 0.087357 -0.088087 -0.174709 7.628001 47.982366
-0.274099 0.340753 0.038784 3.141590 0.000000 0.087357 -0.088087 -0.174709 7.628001 48.029640
-0.274067 0.340679 0.038775 3.141590 0.000000 0.087357 -0.031053 -0.187218 7.801613 48.076870
-0.274050 0.340643 0.038773 3.141590 0.000000 0.087357 -0.002854 -0.179489 7.918919 48.124057
-0.274031 0.340607 0.038772 3.141590 0.000000 0.087357 0.024584 -0.160665 8.058552 48.171200
-0.274011 0.340572 0.038774 3.141590 0.000000 0.087357 0.038946 -0.152995 8.177252 48.218300
-0.273919 0.340434 0.038799 3.141590 0.000000 0.087357 0.126124 -0.203983 8.703888 48.265357
-0.273866 0.340368 0.038815 3.141590 0.000000 0.087357 0.197919 -0.202073 8.938040 48.312371
-0.273866 0.340368 0.038815 3.141590 0.000000 0.087357 0.197919 -0.202073 8.938040 48.359341
-0.273839 0.340336 0.038822 3.141590 0.000000 0.087357 0.214245 -0.184987 9.006905 48.406269
-0.273811 0.340306 0.038829 3.141590 0.000000 0.087357 0.229572 -0.153227 9.086299 48.453155
-0.273783 0.340278 0.038835 3.141590 0.000000 0.087357 0.243709 -0.123934 9.159526 48.499997
-0.273755 0.340250 0.038840 3.141590 0.000000 0.087357 0.256747 -0.096917 9.227066 48.546797
-0.273664 0.340172 0.038854 3.141590 0.000000 0.087357 0.343048 -0.042143 9.160048 48.593555
-0.273664 0.340172 0.038854 3.141590 0.000000 0.087357 0.343048 -0.042143 9.160048 48.640270
-0.273632 0.340147 0.038860 3.141590 0.000000 0.087357 0.352871 -0.053975 9.097204 48.686944
-0.273452 0.340046 0.038886 3.141590 0.000000 0.087357 0.460931 0.014740 8.816731 48.733575
-0.273413 0.340030 0.038888 3.141590 0.000000 0.087357 0.479873 0.024398 8.720103 48.780164
-0.273335 0.340004 0.038889 3.141590 0.000000 0.087357 0.494433 0.042104 8.505818 48.826712
-0.273296 0.339996 0.038888 3.141590 0.000000 0.087357 0.492164 0.078016 8.374974 48.873217
-0.273296 0.339996 0.038888 3.141590 0.000000 0.087357 0.492164 0.078016 8.374974 48.919682
-0.273218 0.339988 0.038883 3.141590 0.000000 0.087357 0.488142 0.141688 8.142987 48.966104
-0.273218 0.339988 0.038883 3.141590 0.000000 0.087357 0.488142 0.141688 8.142987 49.012486
-0.273141 0.339990 0.038876 3.141590 0.000000 0.087357 0.485519 0.197856 7.964872 49.058826
-0.273101 0.339993 0.038872 3.141590 0.000000 0.087357 0.484729 0.237948 7.868741 49.105125
-0.273061 0.339998 0.038867 3.141590 0.000000 0.087357 0.508299 0.269145 7.776459 49.151383
-0.272851 0.340040 0.038836 3.141590 0.000000 0.087357 0.606861 0.416493 7.490065 49.197600
-0.272809 0.340051 0.038830 3.141590 0.000000 0.087357 0.623380 0.437553 7.446620 49.243776
-0.272728 0.340072 0.038821 3.141590 0.000000 0.087357 0.649791 0.523832 7.477101 49.289911
-0.272728 0.340072 0.038821 3.141590 0.000000 0.087357 0.649791 0.523832 7.477101 49.336006
-0.272689 0.340082 0.038819 3.141590 0.000000 0.087357 0.680473 0.547609 7.521896 49.382061
-0.272652 0.340092 0.038818 3.141590 0.000000 0.087357 0.706564 0.559917 7.559000 49.428075
-0.272616 0.340101 0.038819 3.141590 0.000000 0.087357 0.738979 0.575209 7.605097 49.474048
-0.272543 0.340122 0.038825 3.141590 0.000000 0.087357 0.798873 0.613850 7.700703 49.519982
-0.272543 0.340122 0.038825 3.141590 0.000000 0.087357 0.798873 0.613850 7.700703 49.565875
-0.272432 0.340163 0.038835 3.141590 0.000000 0.087357 0.877046 0.761504 7.932139 49.611729
-0.272315 0.340220 0.038838 3.141590 0.000000 0.087357 0.935351 0.909033 8.109476 49.657542
-0.272237 0.340265 0.038832 3.141590 0.000000 0.087357 0.966536 1.011699 8.171905 49.703316
-0.272237 0.340265 0.038832 3.141590 0.000000 0.087357 0.966536 1.011699 8.171905 49.749051
-0.272123 0.340336 0.038814 3.141590 0.000000 0.087357 0.894071 1.120485 8.163017 49.794745
-0.272123 0.340336 0.038814 3.141590 0.000000 0.087357 0.894071 1.120485 8.163017 49.840400
-0.272054 0.340386 0.038802 3.141590 0.000000 0.087357 0.908238 1.172612 8.225646 49.886016
-0.272054 0.340386 0.038802 3.141590 0.000000 0.087357 0.908238 1.172612 8.225646 49.931593
-0.272022 0.340413 0.038796 3.141590 0.000000 0.087357 0.914507 1.195680 8.253361 49.977130
-0.271960 0.340468 0.038790 3.141590 0.000000 0.087357 0.921167 1.236689 8.317384 50.022629
-0.271960 0.340468 0.038790 3.141590 0.000000 0.087357 0.921167 1.236689 8.317384 50.068088
-0.271845 0.340591 0.038801 3.141590 0.000000 0.087357 0.907260 1.256661 8.605020 50.113509
-0.271817 0.340625 0.038808 3.141590 0.000000 0.087357 0.904152 1.246353 8.675973 50.158891
-0.271791 0.340659 0.038816 3.141590 0.000000 0.087357 0.932588 1.278015 8.734525 50.204234
-0.271765 0.340695 0.038824 3.141590 0.000000 0.087357 0.967917 1.317353 8.807269 50.249539
-0.271742 0.340731 0.038832 3.141590 0.000000 0.087357 1.000501 1.353635 8.874363 50.294805
-0.271685 0.340840 0.038852 3.141590 0.000000 0.087357 0.976243 1.381844 9.024425 50.340033
-0.271685 0.340840 0.038852 3.141590 0.000000 0.087357 0.976243 1.381844 9.024425 50.385223
-0.271659 0.340917 0.038859 3.141590 0.000000 0.087357 0.990934 1.395398 9.049054 50.430374
-0.271649 0.340957 0.038861 3.141590 0.000000 0.087357 0.998441 1.402323 9.061639 50.475487
-0.271637 0.341121 0.038870 3.141590 0.000000 0.087357 0.829939 1.459779 9.032209 50.520563
-0.271639 0.341164 0.038873 3.141590 0.000000 0.087357 0.798271 1.467705 9.015768 50.565600
-0.271643 0.341206 0.038876 3.141590 0.000000 0.087357 0.765812 1.480384 8.984303 50.610600
-0.271643 0.341206 0.038876 3.141590 0.000000 0.087357 0.765812 1.480384 8.984303 50.655562
-0.271655 0.341290 0.038881 3.141590 0.000000 0.087357 0.684296 1.508686 8.955314 50.700487
-0.271661 0.341331 0.038882 3.141590 0.000000 0.087357 0.642508 1.521781 8.951130 50.745374
-0.271661 0.341331 0.038882 3.141590 0.000000 0.087357 0.642508 1.521781 8.951130 50.790224
-0.271669 0.341372 0.038882 3.141590 0.000000 0.087357 0.588038 1.513894 8.888248 50.835036
-0.271676 0.341413 0.038881 3.141590 0.000000 0.087357 0.588038 1.513894 8.888248 50.879811
-0.271685 0.341455 0.038880 3.141590 0.000000 0.087357 0.562616 1.503636 8.843761 50.924549
-0.271695 0.341498 0.038879 3.141590 0.000000 0.087357 0.536579 1.509133 8.792800 50.969250
-0.271766 0.341721 0.038878 3.141590 0.000000 0.087357 0.371709 1.517273 8.640456 51.013914
-0.271785 0.341767 0.038880 3.141590 0.000000 0.087357 0.338330 1.524994 8.619923 51.058542
-0.271804 0.341813 0.038882 3.141590 0.000000 0.087357 0.329530 1.543549 8.588501 51.103132
-0.271823 0.341859 0.038883 3.141590 0.000000 0.087357 0.288343 1.552021 8.586331 51.147686
-0.271823 0.341859 0.038883 3.141590 0.000000 0.087357 0.288343 1.552021 8.586331 51.192203
-0.271863 0.341948 0.038884 3.141590 0.000000 0.087357 0.209771 1.561554 8.568495 51.236684
-0.271884 0.341991 0.038882 3.141590 0.000000 0.087357 0.173304 1.563240 8.539903 51.281128
-0.271906 0.342034 0.038879 3.141590 0.000000 0.087357 0.139670 1.564795 8.513533 51.325536
-0.271929 0.342075 0.038875 3.141590 0.000000 0.087357 0.095951 1.576602 8.483686 51.369908
-0.271953 0.342117 0.038870 3.141590 0.000000 0.087357 0.051562 1.590812 8.454390 51.414244
-0.272035 0.342238 0.038859 3.141590 0.000000 0.087357 0.046036 1.587164 8.300316 51.458544
-0.272095 0.342316 0.038856 3.141590 0.000000 0.087357 0.036382 1.585844 8.222774 51.502807
-0.272095 0.342316 0.038856 3.141590 0.000000 0.087357 0.036382 1.585844 8.222774 51.547035
-0.272158 0.342390 0.038858 3.141590 0.000000 0.087357 -0.045101 1.604039 8.281602 51.591227
-0.272189 0.342424 0.038860 3.141590 0.000000 0.087357 -0.067912 1.609975 8.326281 51.635384
-0.272221 0.342456 0.038862 3.141590 0.000000 0.087357 -0.082924 1.614373 8.372169 51.679505
-0.272254 0.342486 0.038864 3.141590 0.000000 0.087357 -0.097262 1.592413 8.419579 51.723590
-0.272287 0.342514 0.038864 3.141590 0.000000 0.087357 -0.138538 1.585110 8.457011 51.767640
-0.272320 0.342540 0.038864 3.141590 0.000000 0.087357 -0.202957 1.590993 8.482579 51.811654
-0.272390 0.342587 0.038859 3.141590 0.000000 0.087357 -0.295150 1.598214 8.518742 51.855634
-0.272540 0.342663 0.038842 3.141590 0.000000 0.087357 -0.332820 1.563990 8.551317 51.899578
-0.272580 0.342677 0.038839 3.141590 0.000000 0.087357 -0.333624 1.554371 8.558593 51.943487
-0.272621 0.342688 0.038837 3.141590 0.000000 0.087357 -0.334623 1.542421 8.567632 51.987361
-0.272661 0.342696 0.038837 3.141590 0.000000 0.087357 -0.363796 1.531273 8.612385 52.031200
-0.272661 0.342696 0.038837 3.141590 0.000000 0.087357 -0.363796 1.531273 8.612385 52.075004
-0.272701 0.342701 0.038838 3.141590 0.000000 0.087357 -0.399746 1.520952 8.665317 52.118774
-0.272782 0.342704 0.038846 3.141590 0.000000 0.087357 -0.463858 1.537062 8.834092 52.162508
-0.272782 0.342704 0.038846 3.141590 0.000000 0.087357 -0.463858 1.537062 8.834092 52.206209
-0.272824 0.342703 0.038851 3.141590 0.000000 0.087357 -0.485848 1.521823 8.901283 52.249874
-0.272865 0.342700 0.038857 3.141590 0.000000 0.087357 -0.517609 1.488249 8.996125 52.293506
-0.273040 0.342676 0.038875 3.141590 0.000000 0.087357 -0.705757 1.367691 9.257408 52.337103
-0.273178 0.342643 0.038874 3.141590 0.000000 0.087357 -0.783144 1.215997 9.247388 52.380665
-0.273178 0.342643 0.038874 3.141590 0.000000 0.087357 -0.783144 1.215997 9.247388 52.424194
-0.273224 0.342631 0.038871 3.141590 0.000000 0.087357 -0.798542 1.163325 9.227778 52.467688
-0.273269 0.342619 0.038867 3.141590 0.000000 0.087357 -0.812743 1.114744 9.209692 52.511149
-0.273358 0.342592 0.038858 3.141590 0.000000 0.087357 -0.833217 1.029403 9.133076 52.554575
-0.273403 0.342578 0.038854 3.141590 0.000000 0.087357 -0.842949 0.981997 9.074066 52.597968
-0.273447 0.342564 0.038851 3.141590 0.000000 0.087357 -0.838903 0.941130 9.019049 52.641326
-0.273491 0.342549 0.038849 3.141590 0.000000 0.087357 -0.835171 0.903436 8.968305 52.684651
-0.273659 0.342483 0.038861 3.141590 0.000000 0.087357 -0.814488 0.785217 8.980139 52.727943
-0.273742 0.342444 0.038877 3.141590 0.000000 0.087357 -0.805364 0.708058 9.010735 52.771201
-0.273742 0.342444 0.038877 3.141590 0.000000 0.087357 -0.805364 0.708058 9.010735 52.814425
-0.273782 0.342423 0.038887 3.141590 0.000000 0.087357 -0.805164 0.669491 9.023303 52.857616
-0.273820 0.342401 0.038897 3.141590 0.000000 0.087357 -0.775794 0.645864 8.960264 52.900774
-0.273894 0.342357 0.038917 3.141590 0.000000 0.087357 -0.729777 0.608847 8.861498 52.943898
-0.273894 0.342357 0.038917 3.141590 0.000000 0.087357 -0.729777 0.608847 8.861498 52.986990
-0.273929 0.342334 0.038926 3.141590 0.000000 0.087357 -0.706262 0.589931 8.811027 53.030048
-0.273964 0.342310 0.038934 3.141590 0.000000 0.087357 -0.681821 0.553521 8.661248 53.073073
-0.274032 0.342257 0.038944 3.141590 0.000000 0.087357 -0.622977 0.479860 8.308089 53.116065
-0.274161 0.342134 0.038935 3.141590 0.000000 0.087357 -0.532968 0.350086 7.582834 53.159025
-0.274192 0.342101 0.038928 3.141590 0.000000 0.087357 -0.543850 0.299809 7.409936 53.201951
-0.274222 0.342067 0.038919 3.141590 0.000000 0.087357 -0.553887 0.253438 7.250467 53.244845
-0.274276 0.341999 0.038900 3.141590 0.000000 0.087357 -0.514200 0.223561 6.947251 53.287707
-0.274300 0.341966 0.038890 3.141590 0.000000 0.087357 -0.503581 0.211544 6.803334 53.330535
-0.274300 0.341966 0.038890 3.141590 0.000000 0.087357 -0.503581 0.211544 6.803334 53.373331
-0.274342 0.341897 0.038869 3.141590 0.000000 0.087357 -0.502587 0.196238 6.568536 53.416095
-0.274342 0.341897 0.038869 3.141590 0.000000 0.087357 -0.502587 0.196238 6.568536 53.458827
-0.274376 0.341825 0.038845 3.141590 0.000000 0.087357 -0.499949 0.178912 6.374886 53.501526
-0.274391 0.341788 0.038832 3.141590 0.000000 0.087357 -0.494501 0.162143 6.325474 53.544193
-0.274431 0.341630 0.038785 3.141590 0.000000 0.087357 -0.504048 0.074547 6.395143 53.586828
-0.274435 0.341589 0.038775 3.141590 0.000000 0.087357 -0.488988 0.063483 6.484173 53.629431
-0.274435 0.341589 0.038775 3.141590 0.000000 0.087357 -0.488988 0.063483 6.484173 53.672002
-0.274437 0.341505 0.038759 3.141590 0.000000 0.087357 -0.451417 0.024608 6.633572 53.714541
-0.274435 0.341463 0.038754 3.141590 0.000000 0.087357 -0.429897 0.006183 6.737098 53.757048
-0.274431 0.341421 0.038751 3.141590 0.000000 0.087357 -0.403363 -0.006661 6.910908 53.799523
-0.274421 0.341336 0.038750 3.141590 0.000000 0.087357 -0.352289 -0.041869 7.283321 53.841967
-0.274415 0.341293 0.038752 3.141590 0.000000 0.087357 -0.334289 -0.056383 7.422172 53.884379
-0.274408 0.341250 0.038755 3.141590 0.000000 0.087357 -0.311925 -0.074416 7.594680 53.926759
-0.274399 0.341206 0.038758 3.141590 0.000000 0.087357 -0.291299 -0.091047 7.753789 53.969108
-0.274352 0.341026 0.038776 3.141590 0.000000 0.087357 -0.179693 -0.157887 8.364614 54.011426
-0.274337 0.340980 0.038782 3.141590 0.000000 0.087357 -0.160409 -0.170442 8.450352 54.053712
-0.274322 0.340935 0.038789 3.141590 0.000000 0.087357 -0.134973 -0.198082 8.558914 54.095967
-0.274307 0.340890 0.038796 3.141590 0.000000 0.087357 -0.098314 -0.229384 8.640077 54.138191
-0.274291 0.340846 0.038803 3.141590 0.000000 0.087357 -0.060278 -0.260114 8.708865 54.180384
-0.274258 0.340760 0.038816 3.141590 0.000000 0.087357 0.011624 -0.298202 8.805625 54.222546
-0.274258 0.340760 0.038816 3.141590 0.000000 0.087357 0.011624 -0.298202 8.805625 54.264676
-0.274224 0.340676 0.038830 3.141590 0.000000 0.087357 0.067681 -0.317917 8.841012 54.306776
-0.274206 0.340635 0.038836 3.141590 0.000000 0.087357 0.094091 -0.334088 8.836042 54.348845
-0.274097 0.340435 0.038866 3.141590 0.000000 0.087357 0.223063 -0.382878 8.687323 54.390883
-0.274097 0.340435 0.038866 3.141590 0.000000 0.087357 0.223063 -0.382878 8.687323 54.432890
-0.274072 0.340397 0.038869 3.141590 0.000000 0.087357 0.232648 -0.367461 8.621660 54.474867
-0.274047 0.340361 0.038870 3.141590 0.000000 0.087357 0.241489 -0.353242 8.561098 54.516813
-0.273996 0.340292 0.038867 3.141590 0.000000 0.087357 0.295958 -0.304492 8.391696 54.558729
-0.273996 0.340292 0.038867 3.141590 0.000000 0.087357 0.295958 -0.304492 8.391696 54.600614
-0.273946 0.340230 0.038862 3.141590 0.000000 0.087357 0.322950 -0.253872 8.252570 54.642469
-0.273919 0.340200 0.038858 3.141590 0.000000 0.087357 0.337899 -0.232046 8.168417 54.684293
-0.273892 0.340171 0.038856 3.141590 0.000000 0.087357 0.355015 -0.223561 8.053173 54.726087
-0.273734 0.340029 0.038853 3.141590 0.000000 0.087357 0.410009 -0.116113 7.772166 54.767851
-0.273699 0.340003 0.038853 3.141590 0.000000 0.087357 0.432595 -0.123285 7.786307 54.809585
-0.273665 0.339979 0.038852 3.141590 0.000000 0.087357 0.457855 -0.138805 7.816930 54.851289
-0.273665 0.339979 0.038852 3.141590 0.000000 0.087357 0.457855 -0.138805 7.816930 54.892963
-0.273597 0.339936 0.038847 3.141590 0.000000 0.087357 0.481551 -0.116988 7.876353 54.934607
-0.273562 0.339918 0.038843 3.141590 0.000000 0.087357 0.491839 -0.094158 7.901504 54.976221
-0.273491 0.339886 0.038833 3.141590 0.000000 0.087357 0.512342 -0.054283 7.907479 55.017805
-0.273491 0.339886 0.038833 3.141590 0.000000 0.087357 0.512342 -0.054283 7.907479 55.059359
-0.273417 0.339859 0.038823 3.141590 0.000000 0.087357 0.528345 -0.041375 7.868070 55.100884
-0.273260 0.339827 0.038816 3.141590 0.000000 0.087357 0.571192 0.072716 8.005672 55.142379
-0.273180 0.339826 0.038822 3.141590 0.000000 0.087357 0.598222 0.108020 8.067220 55.183845
-0.273142 0.339828 0.038826 3.141590 0.000000 0.087357 0.607284 0.119855 8.087852 55.225281
-0.273142 0.339828 0.038826 3.141590 0.000000 0.087357 0.607284 0.119855 8.087852 55.266688
-0.273067 0.339835 0.038836 3.141590 0.000000 0.087357 0.757845 0.556554 7.882086 55.308065
-0.273030 0.339840 0.038840 3.141590 0.000000 0.087357 0.549528 0.813613 7.638254 55.349413
-0.272957 0.339849 0.038846 3.141590 0.000000 0.087357 0.396098 1.196515 7.111267 55.390732
-0.272919 0.339855 0.038847 3.141590 0.000000 0.087357 0.411627 1.312767 6.912208 55.432022
-0.272880 0.339862 0.038846 3.141590 0.000000 0.087357 0.415727 1.489267 6.706189 55.473282
-0.272718 0.339900 0.038826 3.141590 0.000000 0.087357 0.462348 2.106538 5.847222 55.514514
-0.272636 0.339923 0.038811 3.141590 0.000000 0.087357 0.499180 2.321609 5.515945 55.555717
-0.272636 0.339923 0.038811 3.141590 0.000000 0.087357 0.499180 2.321609 5.515945 55.596890
-0.272556 0.339948 0.038795 3.141590 0.000000 0.087357 0.535361 2.532880 5.190521 55.638035
-0.272516 0.339961 0.038787 3.141590 0.000000 0.087357 0.529058 2.694965 5.130266 55.679151
-0.272439 0.339987 0.038770 3.141590 0.000000 0.087357 0.512560 2.975611 5.120889 55.720238
-0.272400 0.340001 0.038760 3.141590 0.000000 0.087357 0.516202 3.016303 5.167844 55.761297
-0.272362 0.340015 0.038750 3.141590 0.000000 0.087357 0.556509 3.103608 5.242185 55.802326
-0.272325 0.340030 0.038739 3.141590 0.000000 0.087357 0.622771 3.214631 5.325460 55.843328
-0.272175 0.340101 0.038699 3.141590 0.000000 0.087357 0.894209 3.803843 5.767745 55.884301
-0.272137 0.340121 0.038690 3.141590 0.000000 0.087357 0.976175 4.041587 5.968818 55.925245
-0.272100 0.340142 0.038682 3.141590 0.000000 0.087357 1.071744 4.295161 6.194481 55.966161
-0.272028 0.340184 0.038672 3.141590 0.000000 0.087357 1.278054 4.808065 6.668818 56.007049
-0.272028 0.340184 0.038672 3.141590 0.000000 0.087357 1.278054 4.808065 6.668818 56.047908
-0.271961 0.340230 0.038672 3.141590 0.000000 0.087357 1.433141 5.193623 7.025385 56.088739
-0.271929 0.340254 0.038675 3.141590 0.000000 0.087357 1.576847 5.570494 7.331290 56.129542
-0.271899 0.340279 0.038681 3.141590 0.000000 0.087357 1.709391 5.918091 7.613434 56.170317
