-0.272948 0.340910 0.039966 0.087357 0.000000 3.141590 -0.025086 0.004626 -0.005267 0.000000
-0.272948 0.340910 0.039966 0.087357 0.000000 3.141590 -0.025086 0.004626 -0.005267 0.000000
-0.272948 0.340910 0.039966 0.087357 0.000000 3.141590 -0.022588 0.005823 -0.010340 0.000000
-0.272948 0.340910 0.039966 0.087357 0.000000 3.141590 -0.022588 0.005823 -0.010340 0.000000
-0.272948 0.340909 0.039966 0.087357 0.000000 3.141590 -0.020195 0.002428 -0.008811 0.000000
-0.272948 0.340909 0.039966 0.087357 0.000000 3.141590 -0.015745 -0.003735 0.000295 0.000000
-0.272948 0.340909 0.039965 0.087357 0.000000 3.141590 -0.012575 -0.004683 0.009523 0.000000
-0.272947 0.340908 0.039964 0.087357 0.000000 3.141590 -0.011283 -0.004154 0.014072 0.000000
-0.272946 0.340905 0.039961 0.087357 0.000000 3.141590 -0.014286 -0.008125 0.013630 0.000000
-0.272946 0.340894 0.039942 0.087357 0.000000 3.141590 -0.008783 -0.030911 0.030127 0.000000
-0.272946 0.340889 0.039931 0.087357 0.000000 3.141590 -0.008783 -0.030911 0.030127 0.000000
-0.272947 0.340884 0.039917 0.087357 0.000000 3.141590 -0.016388 -0.023968 0.029564 0.000000
-0.272947 0.340880 0.039901 0.087357 0.000000 3.141590 -0.030341 -0.021861 0.011046 0.000000
-0.272947 0.340876 0.039884 0.087357 0.000000 3.141590 -0.045430 -0.021293 -0.011795 0.000000
-0.272947 0.340876 0.039884 0.087357 0.000000 3.141590 -0.045430 -0.021293 -0.011795 0.000000
-0.272946 0.340874 0.039865 0.087357 0.000000 3.141590 -0.059346 -0.020768 -0.032862 0.000000
-0.272945 0.340872 0.039844 0.087357 0.000000 3.141590 -0.069070 -0.020402 -0.047581 0.000000
-0.272943 0.340871 0.039823 0.087357 0.000000 3.141590 -0.078643 -0.015074 -0.059875 0.000000
-0.272941 0.340869 0.039800 0.087357 0.000000 3.141590 -0.080245 0.003881 -0.053944 0.000000
-0.272939 0.340868 0.039777 0.087357 0.000000 3.141590 -0.081724 0.021364 -0.048474 0.000000
-0.272938 0.340865 0.039754 0.087357 0.000000 3.141590 -0.089436 -0.003629 -0.033450 0.000000
-0.272939 0.340861 0.039731 0.087357 0.000000 3.141590 -0.094824 -0.021092 -0.022953 0.000000
-0.272943 0.340847 0.039660 0.087357 0.000000 3.141590 -0.055042 -0.018683 0.009371 0.000000
-0.272944 0.340839 0.039614 0.087357 0.000000 3.141590 -0.016205 -0.016149 0.021009 0.000000
-0.272944 0.340839 0.039614 0.087357 0.000000 3.141590 -0.016205 -0.016149 0.021009 0.000000
-0.272943 0.340837 0.039591 0.087357 0.000000 3.141590 -0.021976 -0.023637 0.022988 0.000000
-0.272943 0.340837 0.039591 0.087357 0.000000 3.141590 -0.021976 -0.023637 0.022988 0.000000
-0.272941 0.340836 0.039569 0.087357 0.000000 3.141590 -0.029107 -0.026430 0.027782 0.000000
-0.272938 0.340836 0.039548 0.087357 0.000000 3.141590 -0.035573 -0.010248 0.038932 0.000000
-0.272933 0.340838 0.039528 0.087357 0.000000 3.141590 -0.041536 0.004676 0.049216 0.000000
-0.272924 0.340841 0.039488 0.087357 0.000000 3.141590 -0.050879 0.028058 0.065328 0.000000
-0.272919 0.340842 0.039468 0.087357 0.000000 3.141590 -0.063135 0.011586 0.071126 0.000000
-0.272916 0.340842 0.039447 0.087357 0.000000 3.141590 -0.076835 -0.012703 0.075694 0.000000
-0.272913 0.340841 0.039426 0.087357 0.000000 3.141590 -0.060041 -0.017903 0.073413 0.000000
-0.272920 0.340826 0.039339 0.087357 0.000000 3.141590 -0.038858 -0.074438 0.024892 0.000000
-0.272920 0.340826 0.039339 0.087357 0.000000 3.141590 -0.038858 -0.074438 0.024892 0.000000
-0.272925 0.340821 0.039317 0.087357 0.000000 3.141590 -0.054477 -0.079905 0.021630 0.000000
-0.272930 0.340817 0.039295 0.087357 0.000000 3.141590 -0.059476 -0.081655 0.020586 0.000000
-0.272936 0.340813 0.039274 0.087357 0.000000 3.141590 -0.073883 -0.086697 0.017578 0.000000
-0.272940 0.340811 0.039254 0.087357 0.000000 3.141590 -0.101108 -0.089231 0.019693 0.000000
-0.272947 0.340810 0.039215 0.087357 0.000000 3.141590 -0.114353 -0.060048 0.012098 0.000000
-0.272948 0.340811 0.039196 0.087357 0.000000 3.141590 -0.117815 -0.044828 0.007960 0.000000
-0.272948 0.340813 0.039176 0.087357 0.000000 3.141590 -0.121009 -0.030789 0.004144 0.000000
-0.272945 0.340814 0.039156 0.087357 0.000000 3.141590 -0.115661 -0.025991 0.003439 0.000000
-0.272942 0.340816 0.039135 0.087357 0.000000 3.141590 -0.089605 -0.032860 0.007588 0.000000
-0.272923 0.340809 0.039048 0.087357 0.000000 3.141590 -0.053540 -0.042935 -0.011175 0.000000
-0.272923 0.340809 0.039048 0.087357 0.000000 3.141590 -0.053540 -0.042935 -0.011175 0.000000
-0.272920 0.340805 0.039025 0.087357 0.000000 3.141590 -0.040739 -0.048512 -0.008147 0.000000
-0.272917 0.340800 0.039003 0.087357 0.000000 3.141590 0.002733 -0.031281 -0.018759 0.000000
-0.272918 0.340791 0.038962 0.087357 0.000000 3.141590 0.067232 -0.004221 0.064396 0.000000
-0.272918 0.340791 0.038962 0.087357 0.000000 3.141590 0.067232 -0.004221 0.064396 0.000000
-0.272924 0.340785 0.038924 0.087357 0.000000 3.141590 0.084950 0.007579 0.376366 0.000000
-0.272929 0.340784 0.038905 0.087357 0.000000 3.141590 0.055107 0.028367 0.591098 0.000000
-0.272934 0.340784 0.038885 0.087357 0.000000 3.141590 0.027582 0.047541 0.789151 0.000000
-0.272940 0.340785 0.038865 0.087357 0.000000 3.141590 0.002195 0.065225 0.971819 0.000000
-0.272945 0.340787 0.038844 0.087357 0.000000 3.141590 -0.021220 0.081536 1.140299 0.000000
-0.272952 0.340790 0.038777 0.087357 0.000000 3.141590 -0.059687 0.147202 1.800754 0.000000
-0.272952 0.340790 0.038777 0.087357 0.000000 3.141590 -0.059687 0.147202 1.800754 0.000000
-0.272952 0.340789 0.038755 0.087357 0.000000 3.141590 -0.078234 0.153136 2.002574 0.000000
-0.272949 0.340786 0.038734 0.087357 0.000000 3.141590 -0.122096 0.183502 2.158975 0.000000
-0.272941 0.340778 0.038696 0.087357 0.000000 3.141590 -0.237245 0.282609 2.641054 0.000000
-0.272937 0.340774 0.038678 0.087357 0.000000 3.141590 -0.264411 0.329847 2.884938 0.000000
-0.272932 0.340769 0.038662 3.141590 0.000000 0.087357 -0.289467 0.373417 3.109879 0.000000
-0.272927 0.340764 0.038646 3.141590 0.000000 0.087357 -0.307114 0.396446 3.428300 0.789582
-0.272920 0.340756 0.038601 3.141590 0.000000 0.087357 -0.328743 0.481398 4.670324 1.414427
-0.272921 0.340755 0.038587 3.141590 0.000000 0.087357 -0.325929 0.506714 5.054816 1.951272
-0.272922 0.340755 0.038573 3.141590 0.000000 0.087357 -0.323963 0.524403 5.323456 2.430349
-0.272926 0.340763 0.038542 3.141590 0.000000 0.087357 -0.325221 0.596945 6.517001 2.867533
-0.272928 0.340770 0.038536 3.141590 0.000000 0.087357 -0.358134 0.632630 7.051691 3.272450
-0.272932 0.340789 0.038533 3.141590 0.000000 0.087357 -0.450574 0.764474 8.082242 3.651484
-0.272936 0.340801 0.038536 3.141590 0.000000 0.087357 -0.497906 0.850778 8.570612 4.009133
-0.272936 0.340801 0.038536 3.141590 0.000000 0.087357 -0.497906 0.850778 8.570612 4.348715
-0.272941 0.340814 0.038541 3.141590 0.000000 0.087357 -0.566962 0.995997 9.347198 4.672763
-0.272949 0.340827 0.038549 3.141590 0.000000 0.087357 -0.566962 0.995997 9.347198 4.983261
-0.272958 0.340840 0.038560 3.141590 0.000000 0.087357 -0.602393 1.078728 9.804824 5.281803
-0.272970 0.340852 0.038573 3.141590 0.000000 0.087357 -0.635210 1.163216 10.285276 5.569688
-0.272998 0.340875 0.038607 3.141590 0.000000 0.087357 -0.715476 1.321319 11.057559 5.847997
-0.273014 0.340884 0.038627 3.141590 0.000000 0.087357 -0.768360 1.412696 11.460244 6.117637
-0.273061 0.340896 0.038696 3.141590 0.000000 0.087357 -0.872610 1.622521 12.356300 6.379378
-0.273075 0.340895 0.038722 3.141590 0.000000 0.087357 -0.872227 1.677765 12.545880 6.633884
-0.273089 0.340889 0.038747 3.141590 0.000000 0.087357 -0.875118 1.701392 12.652233 6.881729
-0.273101 0.340881 0.038773 3.141590 0.000000 0.087357 -0.880901 1.696943 12.684538 7.123416
-0.273110 0.340870 0.038798 3.141590 0.000000 0.087357 -0.884708 1.679551 12.656980 7.359385
-0.273122 0.340840 0.038849 3.141590 0.000000 0.087357 -0.860132 1.592115 12.476621 7.590027
-0.273122 0.340840 0.038849 3.141590 0.000000 0.087357 -0.860132 1.592115 12.476621 7.815692
-0.273114 0.340784 0.038923 3.141590 0.000000 0.087357 -0.798244 1.387301 12.092148 8.036690
-0.273104 0.340764 0.038947 3.141590 0.000000 0.087357 -0.774621 1.251922 11.857267 8.253301
-0.273035 0.340688 0.039031 3.141590 0.000000 0.087357 -0.526407 0.848076 10.773252 8.465779
-0.273012 0.340672 0.039047 3.141590 0.000000 0.087357 -0.456979 0.762085 10.475940 8.674353
-0.272989 0.340659 0.039060 3.141590 0.000000 0.087357 -0.358882 0.689306 10.048551 8.879232
-0.272989 0.340659 0.039060 3.141590 0.000000 0.087357 -0.358882 0.689306 10.048551 9.080607
-0.272964 0.340647 0.039069 3.141590 0.000000 0.087357 -0.290343 0.638456 9.749941 9.278654
-0.272939 0.340639 0.039076 3.141590 0.000000 0.087357 -0.253704 0.573665 9.286212 9.473532
-0.272915 0.340634 0.039078 3.141590 0.000000 0.087357 -0.219911 0.513907 8.858505 9.665391
-0.272890 0.340632 0.039078 3.141590 0.000000 0.087357 -0.168542 0.495042 8.482931 9.854366
-0.272866 0.340634 0.039074 3.141590 0.000000 0.087357 -0.123319 0.469743 8.145055 10.040586
-0.272804 0.340662 0.039046 3.141590 0.000000 0.087357 -0.013977 0.401083 7.362816 10.224168
-0.272765 0.340712 0.039001 3.141590 0.000000 0.087357 0.084739 0.401287 6.699408 10.405221
-0.272758 0.340731 0.038983 3.141590 0.000000 0.087357 0.114973 0.416621 6.501296 10.583848
-0.272758 0.340731 0.038983 3.141590 0.000000 0.087357 0.114973 0.416621 6.501296 10.760144
-0.272756 0.340752 0.038965 3.141590 0.000000 0.087357 0.142860 0.430763 6.318573 10.934199
-0.272758 0.340772 0.038945 3.141590 0.000000 0.087357 0.168580 0.443807 6.150042 11.106096
-0.272776 0.340813 0.038907 3.141590 0.000000 0.087357 0.183002 0.489645 5.903540 11.275914
-0.272792 0.340833 0.038887 3.141590 0.000000 0.087357 0.168716 0.547888 5.749115 11.443727
-0.272811 0.340851 0.038867 3.141590 0.000000 0.087357 0.168716 0.547888 5.749115 11.609605
-0.272833 0.340868 0.038847 3.141590 0.000000 0.087357 0.123701 0.604596 5.803166 11.773614
-0.272859 0.340883 0.038827 3.141590 0.000000 0.087357 0.067118 0.661286 5.885095 11.935814
-0.273014 0.340911 0.038745 3.141590 0.000000 0.087357 -0.118464 0.945976 6.785752 12.096267
-0.273014 0.340911 0.038745 3.141590 0.000000 0.087357 -0.118464 0.945976 6.785752 12.255026
-0.273081 0.340895 0.038724 3.141590 0.000000 0.087357 -0.221860 1.074483 7.492956 12.412145
-0.273148 0.340864 0.038713 3.141590 0.000000 0.087357 -0.311771 1.180534 8.138081 12.567673
-0.273179 0.340844 0.038712 3.141590 0.000000 0.087357 -0.345085 1.209307 8.394213 12.721658
-0.273237 0.340797 0.038716 3.141590 0.000000 0.087357 -0.440280 1.244645 9.202243 12.874146
-0.273262 0.340771 0.038721 3.141590 0.000000 0.087357 -0.536944 1.236791 9.622224 13.025179
-0.273284 0.340743 0.038728 3.141590 0.000000 0.087357 -0.613795 1.206924 9.995615 13.174799
-0.273330 0.340658 0.038758 3.141590 0.000000 0.087357 -0.699864 0.947961 10.768368 13.323044
-0.273339 0.340603 0.038784 3.141590 0.000000 0.087357 -0.746803 0.811576 11.116404 13.469952
-0.273336 0.340577 0.038798 3.141590 0.000000 0.087357 -0.723670 0.740739 11.222303 13.615558
-0.273336 0.340577 0.038798 3.141590 0.000000 0.087357 -0.723670 0.740739 11.222303 13.759897
-0.273313 0.340530 0.038826 3.141590 0.000000 0.087357 -0.673686 0.593540 11.284099 13.903001
-0.273313 0.340530 0.038826 3.141590 0.000000 0.087357 -0.673686 0.593540 11.284099 14.044902
-0.273270 0.340493 0.038857 3.141590 0.000000 0.087357 -0.631726 0.472328 11.268970 14.185629
-0.273270 0.340493 0.038857 3.141590 0.000000 0.087357 -0.610285 0.410386 11.261239 14.325211
-0.273242 0.340479 0.038873 3.141590 0.000000 0.087357 -0.610285 0.410386 11.261239 14.463676
-0.273211 0.340469 0.038890 3.141590 0.000000 0.087357 -0.561605 0.372895 11.130661 14.601050
-0.273012 0.340486 0.038965 3.141590 0.000000 0.087357 -0.283301 0.240187 10.094933 14.737359
-0.272967 0.340504 0.038976 3.141590 0.000000 0.087357 -0.211728 0.235719 9.859616 14.872628
-0.272922 0.340526 0.038984 3.141590 0.000000 0.087357 -0.122805 0.230169 9.567256 15.006879
-0.272876 0.340552 0.038989 3.141590 0.000000 0.087357 -0.040790 0.225049 9.297606 15.140135
-0.272829 0.340581 0.038992 3.141590 0.000000 0.087357 0.012004 0.276570 8.940791 15.272418
-0.272739 0.340647 0.038991 3.141590 0.000000 0.087357 0.086027 0.329977 8.361481 15.403750
-0.272695 0.340683 0.038988 3.141590 0.000000 0.087357 0.111931 0.319805 8.037636 15.534151
-0.272613 0.340761 0.038975 3.141590 0.000000 0.087357 0.157859 0.301769 7.463457 15.663640
-0.272613 0.340761 0.038975 3.141590 0.000000 0.087357 0.166443 0.309734 7.286230 15.792236
-0.272575 0.340801 0.038966 3.141590 0.000000 0.087357 0.166443 0.309734 7.286230 15.919957
-0.272424 0.341035 0.038890 3.141590 0.000000 0.087357 0.167443 0.504023 6.553085 16.046821
-0.272424 0.341035 0.038890 3.141590 0.000000 0.087357 0.167443 0.504023 6.553085 16.172846
-0.272412 0.341101 0.038859 3.141590 0.000000 0.087357 0.121552 0.560313 6.421760 16.298047
-0.272415 0.341130 0.038844 3.141590 0.000000 0.087357 0.121552 0.560313 6.421760 16.422440
-0.272424 0.341156 0.038830 3.141590 0.000000 0.087357 0.121480 0.592785 6.469785 16.546042
-0.272440 0.341178 0.038817 3.141590 0.000000 0.087357 0.116799 0.630691 6.534847 16.668867
-0.272461 0.341196 0.038804 3.141590 0.000000 0.087357 0.099184 0.688578 6.654699 16.790929
-0.272519 0.341218 0.038781 3.141590 0.000000 0.087357 0.071587 0.779272 6.842476 16.912243
-0.272519 0.341218 0.038781 3.141590 0.000000 0.087357 0.071587 0.779272 6.842476 17.032822
-0.272555 0.341221 0.038769 3.141590 0.000000 0.087357 0.057485 0.825618 6.938432 17.152680
-0.272788 0.341152 0.038733 3.141590 0.000000 0.087357 -0.240552 1.106446 8.189922 17.271829
-0.272842 0.341123 0.038732 3.141590 0.000000 0.087357 -0.312438 1.124902 8.500757 17.390281
-0.272956 0.341053 0.038738 3.141590 0.000000 0.087357 -0.447325 1.128670 9.071242 17.508050
-0.273014 0.341013 0.038744 3.141590 0.000000 0.087357 -0.492543 1.129934 9.262484 17.625146
-0.273014 0.341013 0.038744 3.141590 0.000000 0.087357 -0.492543 1.129934 9.262484 17.741581
-0.273131 0.340925 0.038759 3.141590 0.000000 0.087357 -0.591730 1.000936 9.772873 17.857366
-0.273131 0.340925 0.038759 3.141590 0.000000 0.087357 -0.591730 1.000936 9.772873 17.972512
-0.273189 0.340877 0.038768 3.141590 0.000000 0.087357 -0.620436 0.904742 9.955284 18.087029
-0.273302 0.340778 0.038790 3.141590 0.000000 0.087357 -0.657481 0.737682 10.215453 18.200928
-0.273505 0.340573 0.038844 3.141590 0.000000 0.087357 -0.726698 0.512787 10.476463 18.314219
-0.273549 0.340522 0.038858 3.141590 0.000000 0.087357 -0.726611 0.466435 10.448988 18.426910
-0.273589 0.340473 0.038872 3.141590 0.000000 0.087357 -0.723069 0.428397 10.399641 18.539012
-0.273625 0.340426 0.038885 3.141590 0.000000 0.087357 -0.707270 0.413088 10.266230 18.650534
-0.273657 0.340381 0.038897 3.141590 0.000000 0.087357 -0.686585 0.390595 10.134065 18.761485
-0.273683 0.340338 0.038908 3.141590 0.000000 0.087357 -0.667683 0.368788 10.035091 18.871873
-0.273683 0.340338 0.038908 3.141590 0.000000 0.087357 -0.667683 0.368788 10.035091 18.981707
-0.273720 0.340261 0.038927 3.141590 0.000000 0.087357 -0.615442 0.320387 9.718226 19.090995
-0.273720 0.340261 0.038927 3.141590 0.000000 0.087357 -0.615442 0.320387 9.718226 19.199745
-0.273729 0.340228 0.038934 3.141590 0.000000 0.087357 -0.582101 0.304269 9.462096 19.307966
-0.273732 0.340199 0.038940 3.141590 0.000000 0.087357 -0.558806 0.293008 9.283142 19.415664
-0.273678 0.340132 0.038944 3.141590 0.000000 0.087357 -0.537814 0.188666 8.514498 19.522847
-0.273618 0.340134 0.038934 3.141590 0.000000 0.087357 -0.445389 0.111120 8.048383 19.629523
-0.273618 0.340134 0.038934 3.141590 0.000000 0.087357 -0.445389 0.111120 8.048383 19.735699
-0.273581 0.340144 0.038927 3.141590 0.000000 0.087357 -0.402634 0.101095 7.798156 19.841382
-0.273494 0.340181 0.038911 3.141590 0.000000 0.087357 -0.341500 0.132637 7.393587 19.946579
-0.273446 0.340207 0.038903 3.141590 0.000000 0.087357 -0.302682 0.144376 7.186742 20.051295
-0.273446 0.340207 0.038903 3.141590 0.000000 0.087357 -0.302682 0.144376 7.186742 20.155538
-0.273395 0.340238 0.038894 3.141590 0.000000 0.087357 -0.248544 0.163040 7.017439 20.259315
-0.273342 0.340272 0.038885 3.141590 0.000000 0.087357 -0.192744 0.182763 6.868160 20.362631
-0.273286 0.340311 0.038875 3.141590 0.000000 0.087357 -0.141278 0.200953 6.730476 20.465492
-0.272992 0.340552 0.038817 3.141590 0.000000 0.087357 0.180803 0.485621 6.692764 20.567905
-0.272932 0.340608 0.038806 3.141590 0.000000 0.087357 0.235562 0.557028 6.692359 20.669875
-0.272817 0.340725 0.038785 3.141590 0.000000 0.087357 0.339513 0.725779 6.816828 20.771408
-0.272761 0.340784 0.038777 3.141590 0.000000 0.087357 0.375857 0.791537 6.885846 20.872509
-0.272707 0.340844 0.038770 3.141590 0.000000 0.087357 0.421065 0.859548 7.067976 20.973185
-0.272656 0.340905 0.038764 3.141590 0.000000 0.087357 0.462376 0.922527 7.254022 21.073439
-0.272608 0.340964 0.038760 3.141590 0.000000 0.087357 0.514014 0.978641 7.473982 21.173279
-0.272608 0.340964 0.038760 3.141590 0.000000 0.087357 0.514014 0.978641 7.473982 21.272708
-0.272563 0.341023 0.038758 3.141590 0.000000 0.087357 0.547884 1.021749 7.632785 21.371732
-0.272522 0.341081 0.038757 3.141590 0.000000 0.087357 0.584305 1.085300 7.843196 21.470355
-0.272375 0.341378 0.038783 3.141590 0.000000 0.087357 0.668626 1.407109 9.214624 21.568583
-0.272375 0.341378 0.038783 3.141590 0.000000 0.087357 0.668626 1.407109 9.214624 21.666420
-0.272371 0.341415 0.038789 3.141590 0.000000 0.087357 0.664437 1.441143 9.383427 21.763871
-0.272373 0.341449 0.038795 3.141590 0.000000 0.087357 0.659233 1.483428 9.593149 21.860941
-0.272383 0.341477 0.038801 3.141590 0.000000 0.087357 0.637846 1.502731 9.739139 21.957633
-0.272419 0.341517 0.038808 3.141590 0.000000 0.087357 0.576517 1.534920 9.952115 22.053953
-0.272446 0.341528 0.038811 3.141590 0.000000 0.087357 0.541555 1.556711 10.005321 22.149903
-0.272513 0.341531 0.038817 3.141590 0.000000 0.087357 0.445125 1.555082 10.063343 22.245490
-0.272553 0.341523 0.038822 3.141590 0.000000 0.087357 0.399788 1.553955 10.068047 22.340717
-0.272644 0.341493 0.038834 3.141590 0.000000 0.087357 0.328758 1.552188 10.075416 22.435587
-0.272801 0.341415 0.038865 3.141590 0.000000 0.087357 0.082496 1.509263 10.070658 22.530105
-0.272801 0.341415 0.038865 3.141590 0.000000 0.087357 0.082496 1.509263 10.070658 22.624275
-0.272857 0.341381 0.038878 3.141590 0.000000 0.087357 0.004454 1.481442 10.080498 22.718101
-0.272914 0.341344 0.038891 3.141590 0.000000 0.087357 -0.092505 1.446877 10.092723 22.811586
-0.272972 0.341303 0.038904 3.141590 0.000000 0.087357 -0.181933 1.414997 10.103998 22.904733
-0.273030 0.341259 0.038917 3.141590 0.000000 0.087357 -0.253444 1.360607 10.065656 22.997548
-0.273089 0.341213 0.038928 3.141590 0.000000 0.087357 -0.287788 1.238446 9.889844 23.090033
-0.273204 0.341114 0.038948 3.141590 0.000000 0.087357 -0.338570 1.052472 9.532395 23.182191
-0.273260 0.341061 0.038955 3.141590 0.000000 0.087357 -0.363276 0.959667 9.316008 23.274027
-0.273314 0.341007 0.038959 3.141590 0.000000 0.087357 -0.367828 0.884301 9.101210 23.365543
-0.273367 0.340951 0.038961 3.141590 0.000000 0.087357 -0.387979 0.813783 8.897877 23.456743
-0.273507 0.340780 0.038953 3.141590 0.000000 0.087357 -0.444609 0.650605 8.356740 23.547630
-0.273547 0.340722 0.038946 3.141590 0.000000 0.087357 -0.439316 0.605628 8.113436 23.638207
-0.273583 0.340664 0.038938 3.141590 0.000000 0.087357 -0.432636 0.561511 7.883025 23.728477
-0.273641 0.340549 0.038919 3.141590 0.000000 0.087357 -0.413374 0.479493 7.492635 23.818445
-0.273663 0.340494 0.038908 3.141590 0.000000 0.087357 -0.403530 0.437580 7.293141 23.908111
-0.273687 0.340388 0.038886 3.141590 0.000000 0.087357 -0.383563 0.358763 7.020929 23.997481
-0.273690 0.340338 0.038876 3.141590 0.000000 0.087357 -0.375346 0.329612 6.979056 24.086556
-0.273687 0.340292 0.038865 3.141590 0.000000 0.087357 -0.368956 0.304525 6.946272 24.175339
-0.273678 0.340249 0.038854 3.141590 0.000000 0.087357 -0.366732 0.292078 6.934510 24.263833
-0.273585 0.340116 0.038809 3.141590 0.000000 0.087357 -0.343740 0.136798 7.148275 24.352042
-0.273510 0.340080 0.038788 3.141590 0.000000 0.087357 -0.291656 0.091199 7.329251 24.439967
-0.273467 0.340070 0.038779 3.141590 0.000000 0.087357 -0.260983 0.088714 7.414932 24.527612
-0.273420 0.340065 0.038772 3.141590 0.000000 0.087357 -0.213417 0.093936 7.556132 24.614979
-0.273371 0.340065 0.038767 3.141590 0.000000 0.087357 -0.160462 0.106734 7.719736 24.702071
-0.273319 0.340068 0.038764 3.141590 0.000000 0.087357 -0.111620 0.118537 7.870632 24.788891
-0.273265 0.340076 0.038763 3.141590 0.000000 0.087357 -0.066572 0.129424 8.009806 24.875440
-0.273209 0.340086 0.038765 3.141590 0.000000 0.087357 -0.029920 0.138533 8.128360 24.961722
-0.273151 0.340101 0.038768 3.141590 0.000000 0.087357 0.028877 0.153698 8.330246 25.047738
-0.273092 0.340118 0.038773 3.141590 0.000000 0.087357 0.083106 0.167684 8.516450 25.133493
-0.272908 0.340189 0.038795 3.141590 0.000000 0.087357 0.321044 0.260657 8.951801 25.218986
-0.272847 0.340219 0.038802 3.141590 0.000000 0.087357 0.404648 0.348018 9.075237 25.304222
-0.272785 0.340251 0.038810 3.141590 0.000000 0.087357 0.479283 0.451911 9.176429 25.389203
-0.272725 0.340287 0.038816 3.141590 0.000000 0.087357 0.531430 0.524500 9.247131 25.473930
-0.272665 0.340324 0.038822 3.141590 0.000000 0.087357 0.589689 0.617257 9.325006 25.558406
-0.272608 0.340363 0.038826 3.141590 0.000000 0.087357 0.624612 0.710221 9.368120 25.642633
-0.272499 0.340445 0.038835 3.141590 0.000000 0.087357 0.681549 0.814962 9.365627 25.726614
-0.272449 0.340487 0.038839 3.141590 0.000000 0.087357 0.699550 0.836974 9.347583 25.810350
-0.272358 0.340576 0.038851 3.141590 0.000000 0.087357 0.742541 0.889548 9.304488 25.893844
-0.272230 0.340763 0.038881 3.141590 0.000000 0.087357 0.765049 1.034459 9.279689 25.977098
-0.272198 0.340857 0.038893 3.141590 0.000000 0.087357 0.799728 1.070870 9.191673 26.060114
-0.272198 0.340857 0.038893 3.141590 0.000000 0.087357 0.799728 1.070870 9.191673 26.142893
-0.272185 0.340949 0.038898 3.141590 0.000000 0.087357 0.762123 1.133830 9.140109 26.225438
-0.272185 0.340994 0.038898 3.141590 0.000000 0.087357 0.742906 1.166003 9.113759 26.307751
-0.272189 0.341038 0.038897 3.141590 0.000000 0.087357 0.688703 1.184026 9.015921 26.389834
-0.272198 0.341081 0.038894 3.141590 0.000000 0.087357 0.638711 1.200649 8.925682 26.471689
-0.272198 0.341081 0.038894 3.141590 0.000000 0.087357 0.638711 1.200649 8.925682 26.553317
-0.272210 0.341124 0.038890 3.141590 0.000000 0.087357 0.613761 1.216390 8.825085 26.634721
-0.272226 0.341166 0.038885 3.141590 0.000000 0.087357 0.601459 1.227486 8.750588 26.715902
-0.272353 0.341360 0.038863 3.141590 0.000000 0.087357 0.436522 1.313271 8.457929 26.796862
-0.272387 0.341393 0.038862 3.141590 0.000000 0.087357 0.378524 1.355435 8.486664 26.877603
-0.272422 0.341423 0.038863 3.141590 0.000000 0.087357 0.320967 1.391336 8.516602 26.958127
-0.272499 0.341474 0.038869 3.141590 0.000000 0.087357 0.237990 1.388134 8.565478 27.038436
-0.272540 0.341495 0.038873 3.141590 0.000000 0.087357 0.174313 1.383771 8.610009 27.118530
-0.272624 0.341525 0.038883 3.141590 0.000000 0.087357 0.065904 1.369002 8.683715 27.198413
-0.272668 0.341535 0.038887 3.141590 0.000000 0.087357 0.024397 1.352335 8.708772 27.278085
-0.272668 0.341535 0.038887 3.141590 0.000000 0.087357 0.024397 1.352335 8.708772 27.357548
-0.272712 0.341541 0.038891 3.141590 0.000000 0.087357 -0.004604 1.340690 8.726280 27.436804
-0.272896 0.341536 0.038889 3.141590 0.000000 0.087357 -0.173090 1.292715 8.668542 27.515855
-0.272944 0.341528 0.038883 3.141590 0.000000 0.087357 -0.230973 1.282082 8.637833 27.594701
-0.272991 0.341518 0.038876 3.141590 0.000000 0.087357 -0.291061 1.272238 8.603732 27.673345
-0.273084 0.341491 0.038858 3.141590 0.000000 0.087357 -0.363120 1.201867 8.500969 27.751789
-0.273130 0.341475 0.038848 3.141590 0.000000 0.087357 -0.386805 1.166444 8.487374 27.830033
-0.273130 0.341475 0.038848 3.141590 0.000000 0.087357 -0.386805 1.166444 8.487374 27.908079
-0.273218 0.341440 0.038829 3.141590 0.000000 0.087357 -0.481748 1.075084 8.516285 27.985929
-0.273261 0.341419 0.038821 3.141590 0.000000 0.087357 -0.532872 1.040779 8.536288 28.063585
-0.273303 0.341397 0.038814 3.141590 0.000000 0.087357 -0.568592 1.016811 8.550263 28.141047
-0.273500 0.341265 0.038809 3.141590 0.000000 0.087357 -0.730252 0.873529 9.140574 28.218317
-0.273535 0.341234 0.038815 3.141590 0.000000 0.087357 -0.762813 0.850358 9.276527 28.295396
-0.273597 0.341171 0.038831 3.141590 0.000000 0.087357 -0.772468 0.771078 9.485465 28.372287
-0.273597 0.341171 0.038831 3.141590 0.000000 0.087357 -0.772468 0.771078 9.485465 28.448990
-0.273624 0.341139 0.038841 3.141590 0.000000 0.087357 -0.760390 0.712888 9.590564 28.525506
-0.273669 0.341074 0.038861 3.141590 0.000000 0.087357 -0.766667 0.609790 9.699496 28.601837
-0.273669 0.341074 0.038861 3.141590 0.000000 0.087357 -0.766667 0.609790 9.699496 28.677985
-0.273702 0.341008 0.038880 3.141590 0.000000 0.087357 -0.719649 0.528035 9.663068 28.753951
-0.273713 0.340973 0.038888 3.141590 0.000000 0.087357 -0.709603 0.496448 9.639857 28.829735
-0.273720 0.340937 0.038894 3.141590 0.000000 0.087357 -0.697123 0.457204 9.611019 28.905340
-0.273725 0.340900 0.038898 3.141590 0.000000 0.087357 -0.680329 0.417385 9.568672 28.980766
-0.273719 0.340784 0.038902 3.141590 0.000000 0.087357 -0.603810 0.295715 9.318242 29.056016
-0.273712 0.340743 0.038902 3.141590 0.000000 0.087357 -0.581347 0.257392 9.219562 29.131089
-0.273702 0.340701 0.038903 3.141590 0.000000 0.087357 -0.560630 0.222045 9.128546 29.205987
-0.273690 0.340659 0.038903 3.141590 0.000000 0.087357 -0.541521 0.189444 9.044600 29.280712
-0.273677 0.340617 0.038904 3.141590 0.000000 0.087357 -0.493928 0.147581 8.890796 29.355265
-0.273662 0.340575 0.038906 3.141590 0.000000 0.087357 -0.453408 0.115471 8.764815 29.429646
-0.273628 0.340492 0.038908 3.141590 0.000000 0.087357 -0.365973 0.023997 8.512869 29.503858
-0.273609 0.340451 0.038909 3.141590 0.000000 0.087357 -0.330904 0.012745 8.411477 29.577901
-0.273587 0.340410 0.038908 3.141590 0.000000 0.087357 -0.308097 0.011872 8.338496 29.651776
-0.273564 0.340369 0.038905 3.141590 0.000000 0.087357 -0.260996 0.013540 8.248980 29.725485
-0.273456 0.340213 0.038879 3.141590 0.000000 0.087357 -0.101679 -0.014238 7.934786 29.799028
-0.273425 0.340176 0.038871 3.141590 0.000000 0.087357 -0.065947 -0.022232 7.878776 29.872407
-0.273394 0.340142 0.038862 3.141590 0.000000 0.087357 -0.030210 -0.021370 7.849981 29.945623
-0.273362 0.340109 0.038854 3.141590 0.000000 0.087357 0.002751 -0.020574 7.823423 30.018677
-0.273330 0.340079 0.038847 3.141590 0.000000 0.087357 0.025780 -0.020019 7.804867 30.091570
-0.273264 0.340026 0.038836 3.141590 0.000000 0.087357 0.118016 -0.002428 7.874105 30.164303
-0.273230 0.340004 0.038833 3.141590 0.000000 0.087357 0.169549 0.010037 7.937426 30.236877
-0.273158 0.339971 0.038828 3.141590 0.000000 0.087357 0.231058 0.012636 8.085214 30.309293
-0.273158 0.339971 0.038828 3.141590 0.000000 0.087357 0.231058 0.012636 8.085214 30.381552
-0.273005 0.339947 0.038817 3.141590 0.000000 0.087357 0.372778 0.034976 8.365053 30.453655
-0.272923 0.339953 0.038810 3.141590 0.000000 0.087357 0.424084 0.061577 8.468318 30.525604
-0.272923 0.339953 0.038810 3.141590 0.000000 0.087357 0.424084 0.061577 8.468318 30.597399
-0.272883 0.339961 0.038808 3.141590 0.000000 0.087357 0.450319 0.078992 8.521685 30.669041
-0.272842 0.339970 0.038807 3.141590 0.000000 0.087357 0.472907 0.116646 8.592113 30.740531
-0.272801 0.339981 0.038807 3.141590 0.000000 0.087357 0.493739 0.151376 8.657071 30.811870
-0.272721 0.340007 0.038813 3.141590 0.000000 0.087357 0.526379 0.205787 8.758843 30.883059
-0.272681 0.340022 0.038819 3.141590 0.000000 0.087357 0.558106 0.272909 8.842476 30.954099
-0.272599 0.340058 0.038831 3.141590 0.000000 0.087357 0.640736 0.435458 8.998312 31.024991
-0.272558 0.340079 0.038838 3.141590 0.000000 0.087357 0.701959 0.535257 9.050126 31.095736
-0.272435 0.340151 0.038854 3.141590 0.000000 0.087357 0.814293 1.058187 8.970171 31.166335
-0.272356 0.340206 0.038863 3.141590 0.000000 0.087357 0.877649 1.374730 8.867021 31.236788
-0.272319 0.340235 0.038867 3.141590 0.000000 0.087357 0.923196 1.626840 8.725048 31.307097
-0.272283 0.340264 0.038869 3.141590 0.000000 0.087357 0.969420 1.888286 8.565532 31.377263
-0.272283 0.340264 0.038869 3.141590 0.000000 0.087357 0.969420 1.888286 8.565532 31.447285
-0.272220 0.340324 0.038870 3.141590 0.000000 0.087357 0.984417 2.459238 8.362897 31.517166
-0.272191 0.340354 0.038869 3.141590 0.000000 0.087357 0.986834 2.765742 8.263668 31.586906
-0.272164 0.340386 0.038867 3.141590 0.000000 0.087357 0.989064 3.048437 8.172146 31.656506
-0.272139 0.340420 0.038865 3.141590 0.000000 0.087357 0.997819 3.211984 8.129505 31.725967
-0.272067 0.340609 0.038844 3.141590 0.000000 0.087357 0.816196 2.618308 8.395184 31.795289
-0.272063 0.340650 0.038839 3.141590 0.000000 0.087357 0.823009 2.604661 8.431618 31.864473
-0.272062 0.340692 0.038834 3.141590 0.000000 0.087357 0.859955 2.586468 8.467481 31.933521
-0.272067 0.340775 0.038827 3.141590 0.000000 0.087357 0.874889 2.525118 8.564101 32.002433
-0.272073 0.340816 0.038826 3.141590 0.000000 0.087357 0.824723 2.472813 8.632531 32.071209
-0.272089 0.340897 0.038829 3.141590 0.000000 0.087357 0.718656 2.402245 8.825151 32.139852
-0.272099 0.340937 0.038833 3.141590 0.000000 0.087357 0.678313 2.397095 8.924397 32.208360
-0.272111 0.340977 0.038837 3.141590 0.000000 0.087357 0.650126 2.393496 8.993738 32.276736
-0.272124 0.341016 0.038842 3.141590 0.000000 0.087357 0.615107 2.389026 9.079888 32.344980
-0.272188 0.341171 0.038860 3.141590 0.000000 0.087357 0.413657 2.335789 9.325540 32.413092
-0.272207 0.341209 0.038863 3.141590 0.000000 0.087357 0.362136 2.287446 9.335208 32.481074
-0.272226 0.341245 0.038865 3.141590 0.000000 0.087357 0.306189 2.237794 9.312015 32.548926
-0.272245 0.341280 0.038865 3.141590 0.000000 0.087357 0.263447 2.206950 9.291282 32.616649
-0.272265 0.341314 0.038865 3.141590 0.000000 0.087357 0.210344 2.168628 9.265524 32.684244
-0.272286 0.341347 0.038863 3.141590 0.000000 0.087357 0.161366 2.133283 9.241767 32.751711
-0.272307 0.341379 0.038861 3.141590 0.000000 0.087357 0.129788 2.079347 9.183220 32.819051
-0.272307 0.341379 0.038861 3.141590 0.000000 0.087357 0.129788 2.079347 9.183220 32.886266
-0.272331 0.341412 0.038859 3.141590 0.000000 0.087357 0.107725 2.041663 9.142313 32.953354
-0.272355 0.341443 0.038858 3.141590 0.000000 0.087357 0.083618 1.999050 9.076682 33.020318
-0.272505 0.341591 0.038867 3.141590 0.000000 0.087357 -0.041462 1.849180 8.826921 33.087158
-0.272575 0.341638 0.038875 3.141590 0.000000 0.087357 -0.120350 1.783454 8.815887 33.153875
-0.272612 0.341657 0.038879 3.141590 0.000000 0.087357 -0.159751 1.736249 8.813556 33.220469
-0.272648 0.341674 0.038883 3.141590 0.000000 0.087357 -0.213344 1.734712 8.803052 33.286941
-0.272648 0.341674 0.038883 3.141590 0.000000 0.087357 -0.213344 1.734712 8.803052 33.353291
-0.272761 0.341702 0.038883 3.141590 0.000000 0.087357 -0.317935 1.628291 8.734484 33.419521
-0.272761 0.341702 0.038883 3.141590 0.000000 0.087357 -0.317935 1.628291 8.734484 33.485631
-0.272761 0.341702 0.038883 3.141590 0.000000 0.087357 -0.317935 1.628291 8.734484 33.551621
-0.272838 0.341704 0.038876 3.141590 0.000000 0.087357 -0.408170 1.580401 8.691711 33.617493
-0.272838 0.341704 0.038876 3.141590 0.000000 0.087357 -0.408170 1.580401 8.691711 33.683247
-0.273047 0.341668 0.038850 3.141590 0.000000 0.087357 -0.451908 1.421588 8.520086 33.748883
-0.273091 0.341654 0.038846 3.141590 0.000000 0.087357 -0.461113 1.380046 8.507857 33.814402
-0.273135 0.341638 0.038845 3.141590 0.000000 0.087357 -0.476987 1.333308 8.518221 33.879806
-0.273222 0.341604 0.038847 3.141590 0.000000 0.087357 -0.539328 1.231273 8.605202 33.945093
-0.273265 0.341585 0.038850 3.141590 0.000000 0.087357 -0.560231 1.192764 8.633184 34.010266
-0.273308 0.341566 0.038854 3.141590 0.000000 0.087357 -0.586857 1.145053 8.660442 34.075324
-0.273350 0.341545 0.038859 3.141590 0.000000 0.087357 -0.615058 1.094152 8.693857 34.140269
-0.273391 0.341524 0.038863 3.141590 0.000000 0.087357 -0.642235 1.044997 8.727325 34.205100
-0.273432 0.341502 0.038867 3.141590 0.000000 0.087357 -0.667300 0.999660 8.758194 34.269819
-0.273472 0.341479 0.038870 3.141590 0.000000 0.087357 -0.681038 0.955234 8.742144 34.334426
-0.273625 0.341370 0.038868 3.141590 0.000000 0.087357 -0.732495 0.733223 8.674735 34.398921
-0.273661 0.341339 0.038863 3.141590 0.000000 0.087357 -0.743013 0.679930 8.659919 34.463305
-0.273695 0.341308 0.038858 3.141590 0.000000 0.087357 -0.753849 0.626693 8.633480 34.527580
-0.273726 0.341276 0.038853 3.141590 0.000000 0.087357 -0.767117 0.565822 8.572290 34.591744
-0.273756 0.341244 0.038847 3.141590 0.000000 0.087357 -0.775861 0.515781 8.517791 34.655799
-0.273783 0.341211 0.038842 3.141590 0.000000 0.087357 -0.774345 0.494137 8.483945 34.719746
-0.273807 0.341178 0.038837 3.141590 0.000000 0.087357 -0.772461 0.467247 8.441894 34.783585
-0.273828 0.341144 0.038834 3.141590 0.000000 0.087357 -0.768490 0.437204 8.414545 34.847316
-0.273846 0.341108 0.038833 3.141590 0.000000 0.087357 -0.761396 0.408781 8.393409 34.910941
-0.273881 0.340916 0.038846 3.141590 0.000000 0.087357 -0.691245 0.242276 8.324954 34.974458
-0.273875 0.340833 0.038855 3.141590 0.000000 0.087357 -0.609534 0.160708 8.275121 35.037870
-0.273875 0.340833 0.038855 3.141590 0.000000 0.087357 -0.609534 0.160708 8.275121 35.101177
-0.273875 0.340833 0.038855 3.141590 0.000000 0.087357 -0.609534 0.160708 8.275121 35.164379
-0.273869 0.340792 0.038858 3.141590 0.000000 0.087357 -0.573374 0.124611 8.253068 35.227476
-0.273862 0.340750 0.038860 3.141590 0.000000 0.087357 -0.548110 0.099392 8.237660 35.290470
-0.273855 0.340709 0.038860 3.141590 0.000000 0.087357 -0.515410 0.076769 8.212676 35.353360
-0.273835 0.340627 0.038855 3.141590 0.000000 0.087357 -0.443916 0.045124 8.139553 35.416148
-0.273823 0.340586 0.038851 3.141590 0.000000 0.087357 -0.393972 0.035592 8.070857 35.478833
-0.273809 0.340544 0.038846 3.141590 0.000000 0.087357 -0.356863 0.017398 8.038317 35.541417
-0.273794 0.340502 0.038840 3.141590 0.000000 0.087357 -0.310450 -0.021051 8.011617 35.603899
-0.273714 0.340334 0.038822 3.141590 0.000000 0.087357 -0.212419 -0.120997 8.009510 35.666281
-0.273689 0.340291 0.038820 3.141590 0.000000 0.087357 -0.192750 -0.132583 8.065215 35.728562
-0.273663 0.340249 0.038821 3.141590 0.000000 0.087357 -0.156536 -0.132978 8.129717 35.790743
-0.273637 0.340208 0.038822 3.141590 0.000000 0.087357 -0.126852 -0.130759 8.177965 35.852825
-0.273610 0.340168 0.038826 3.141590 0.000000 0.087357 -0.089971 -0.128001 8.237910 35.914808
-0.273582 0.340128 0.038830 3.141590 0.000000 0.087357 -0.055956 -0.125458 8.293198 35.976693
-0.273553 0.340090 0.038834 3.141590 0.000000 0.087357 -0.020252 -0.121157 8.354789 36.038480
-0.273523 0.340054 0.038838 3.141590 0.000000 0.087357 0.014146 -0.113883 8.420953 36.100169
-0.273492 0.340019 0.038842 3.141590 0.000000 0.087357 0.056882 -0.104846 8.503157 36.161762
-0.273460 0.339985 0.038846 3.141590 0.000000 0.087357 0.083751 -0.070742 8.566277 36.223257
-0.273318 0.339867 0.038843 3.141590 0.000000 0.087357 0.187733 0.019098 8.639521 36.284657
-0.273240 0.339824 0.038834 3.141590 0.000000 0.087357 0.254303 0.054420 8.641064 36.345961
-0.273240 0.339824 0.038834 3.141590 0.000000 0.087357 0.254303 0.054420 8.641064 36.407170
-0.273159 0.339796 0.038822 3.141590 0.000000 0.087357 0.302348 0.082358 8.581702 36.468284
-0.273119 0.339787 0.038817 3.141590 0.000000 0.087357 0.310372 0.097918 8.566882 36.529304
-0.273077 0.339781 0.038813 3.141590 0.000000 0.087357 0.315978 0.108789 8.556528 36.590230
-0.273036 0.339779 0.038809 3.141590 0.000000 0.087357 0.322943 0.122296 8.543663 36.651062
-0.273036 0.339779 0.038809 3.141590 0.000000 0.087357 0.322943 0.122296 8.543663 36.711801
-0.272952 0.339782 0.038808 3.141590 0.000000 0.087357 0.281727 0.253665 8.257990 36.772448
-0.272909 0.339787 0.038811 3.141590 0.000000 0.087357 0.220642 0.397723 7.921312 36.833003
-0.272735 0.339829 0.038839 3.141590 0.000000 0.087357 0.167264 1.144798 6.868198 36.893466
-0.272690 0.339844 0.038848 3.141590 0.000000 0.087357 0.220861 1.229736 6.692245 36.953837
-0.272690 0.339844 0.038848 3.141590 0.000000 0.087357 0.220861 1.229736 6.692245 37.014118
-0.272645 0.339859 0.038856 3.141590 0.000000 0.087357 0.287451 1.335263 6.473639 37.074308
-0.272600 0.339875 0.038865 3.141590 0.000000 0.087357 0.348869 1.432593 6.272014 37.134408
-0.272557 0.339892 0.038873 3.141590 0.000000 0.087357 0.427436 1.553408 6.068138 37.194418
-0.272431 0.339951 0.038887 3.141590 0.000000 0.087357 0.510186 1.958027 5.488672 37.254339
-0.272431 0.339951 0.038887 3.141590 0.000000 0.087357 0.510186 1.958027 5.488672 37.314171
-0.272350 0.339997 0.038884 3.141590 0.000000 0.087357 0.503093 2.230938 5.133868 37.373914
-0.272350 0.339997 0.038884 3.141590 0.000000 0.087357 0.503093 2.230938 5.133868 37.433570
-0.272197 0.340105 0.038846 3.141590 0.000000 0.087357 0.551271 2.391147 4.829224 37.493138
-0.272161 0.340136 0.038832 3.141590 0.000000 0.087357 0.598117 2.484583 4.761766 37.552618
-0.272126 0.340167 0.038816 3.141590 0.000000 0.087357 0.663087 2.709274 4.797213 37.612011
-0.272093 0.340199 0.038799 3.141590 0.000000 0.087357 0.721478 2.924501 4.851740 37.671318
-0.272062 0.340232 0.038782 3.141590 0.000000 0.087357 0.761876 3.078208 4.903849 37.730538
-0.272034 0.340265 0.038765 3.141590 0.000000 0.087357 0.812068 3.269174 4.968591 37.789673
-0.272008 0.340298 0.038748 3.141590 0.000000 0.087357 0.842566 3.402142 5.114269 37.848722
-0.271984 0.340332 0.038731 3.141590 0.000000 0.087357 0.825184 3.400401 5.496342 37.907687
-0.271963 0.340367 0.038715 3.141590 0.000000 0.087357 0.805198 3.334256 5.834827 37.966566
-0.271944 0.340402 0.038700 3.141590 0.000000 0.087357 0.782605 3.147165 6.040961 38.025361
-0.271901 0.340554 0.038654 3.141590 0.000000 0.087357 0.693298 2.484092 7.001121 38.084072
-0.271899 0.340680 0.038647 3.141590 0.000000 0.087357 0.637030 2.535985 8.224707 38.142700
-0.271899 0.340680 0.038647 3.141590 0.000000 0.087357 0.637030 2.535985 8.224707 38.201244
-0.271902 0.340723 0.038651 3.141590 0.000000 0.087357 0.604361 2.595064 8.698621 38.259705
-0.271907 0.340765 0.038656 3.141590 0.000000 0.087357 0.570954 2.676811 9.164139 38.318084
-0.271913 0.340807 0.038663 3.141590 0.000000 0.087357 0.548133 2.720784 9.511360 38.376380
-0.271931 0.340892 0.038683 3.141590 0.000000 0.087357 0.493629 2.825805 10.340629 38.434595
-0.271942 0.340935 0.038695 3.141590 0.000000 0.087357 0.452190 2.841325 10.715792 38.492728
-0.271955 0.340978 0.038709 3.141590 0.000000 0.087357 0.413969 2.855639 11.061814 38.550780
-0.271969 0.341022 0.038725 3.141590 0.000000 0.087357 0.393001 2.853838 11.344119 38.608751
-0.272040 0.341197 0.038800 3.141590 0.000000 0.087357 0.337280 2.822576 12.141166 38.666641
-0.272062 0.341241 0.038821 3.141590 0.000000 0.087357 0.303570 2.781676 12.172466 38.724451
-0.272085 0.341285 0.038843 3.141590 0.000000 0.087357 0.272478 2.743952 12.201334 38.782182
-0.272085 0.341285 0.038843 3.141590 0.000000 0.087357 0.265810 2.725881 12.133091 38.839833
-0.272134 0.341370 0.038886 3.141590 0.000000 0.087357 0.257526 2.703430 12.048305 38.897405
-0.272134 0.341370 0.038886 3.141590 0.000000 0.087357 0.257526 2.703430 12.048305 38.954897
-0.272185 0.341450 0.038926 3.141590 0.000000 0.087357 0.200893 2.511336 11.641362 39.012312
-0.272212 0.341489 0.038946 3.141590 0.000000 0.087357 0.199793 2.431423 11.434663 39.069648
-0.272212 0.341489 0.038946 3.141590 0.000000 0.087357 0.199793 2.431423 11.434663 39.126906
-0.272240 0.341528 0.038965 3.141590 0.000000 0.087357 0.198779 2.357717 11.244019 39.184087
-0.272268 0.341565 0.038982 3.141590 0.000000 0.087357 0.195593 2.291346 11.063898 39.241190
-0.272433 0.341735 0.039045 3.141590 0.000000 0.087357 0.032842 1.916734 9.436337 39.298216
-0.272469 0.341763 0.039050 3.141590 0.000000 0.087357 -0.007606 1.876311 9.162915 39.355166
-0.272506 0.341789 0.039052 3.141590 0.000000 0.087357 -0.039545 1.812068 8.884193 39.412040
-0.272543 0.341811 0.039051 3.141590 0.000000 0.087357 -0.079228 1.732252 8.537908 39.468837
-0.272580 0.341829 0.039047 3.141590 0.000000 0.087357 -0.108384 1.658717 8.230183 39.525559
-0.272618 0.341843 0.039041 3.141590 0.000000 0.087357 -0.128127 1.590972 7.957563 39.582205
-0.272657 0.341854 0.039033 3.141590 0.000000 0.087357 -0.148989 1.513934 7.697468 39.638776
-0.272696 0.341862 0.039022 3.141590 0.000000 0.087357 -0.168609 1.439311 7.449586 39.695272
-0.272696 0.341862 0.039022 3.141590 0.000000 0.087357 -0.168609 1.439311 7.449586 39.751694
-0.272778 0.341867 0.038996 3.141590 0.000000 0.087357 -0.179346 1.332220 7.017085 39.808041
-0.272954 0.341847 0.038925 3.141590 0.000000 0.087357 -0.225185 1.083057 6.350177 39.864315
-0.273000 0.341836 0.038906 3.141590 0.000000 0.087357 -0.237711 1.035024 6.246746 39.920515
-0.273000 0.341836 0.038906 3.141590 0.000000 0.087357 -0.237711 1.035024 6.246746 39.976641
-0.273136 0.341796 0.038849 3.141590 0.000000 0.087357 -0.288974 0.872871 5.953842 40.032695
-0.273181 0.341781 0.038831 3.141590 0.000000 0.087357 -0.332038 0.838726 6.094319 40.088676
-0.273271 0.341748 0.038800 3.141590 0.000000 0.087357 -0.421314 0.822057 6.456840 40.144584
-0.273271 0.341748 0.038800 3.141590 0.000000 0.087357 -0.421314 0.822057 6.456840 40.200420
-0.273358 0.341711 0.038772 3.141590 0.000000 0.087357 -0.527545 0.824063 7.037118 40.256184
-0.273565 0.341602 0.038723 3.141590 0.000000 0.087357 -0.689437 0.717433 8.431963 40.311876
-0.273604 0.341578 0.038720 3.141590 0.000000 0.087357 -0.731679 0.713277 8.733208 40.367497
-0.273641 0.341554 0.038719 3.141590 0.000000 0.087357 -0.779941 0.701527 9.053773 40.423047
-0.273709 0.341507 0.038724 3.141590 0.000000 0.087357 -0.865510 0.680694 9.622136 40.478525
-0.273740 0.341482 0.038730 3.141590 0.000000 0.087357 -0.903377 0.671475 9.873652 40.533934
-0.273769 0.341457 0.038738 3.141590 0.000000 0.087357 -0.921855 0.643000 10.032527 40.589272
-0.273797 0.341432 0.038747 3.141590 0.000000 0.087357 -0.939704 0.593514 10.219122 40.644540
-0.273797 0.341432 0.038747 3.141590 0.000000 0.087357 -0.939704 0.593514 10.219122 40.699738
-0.273824 0.341407 0.038759 3.141590 0.000000 0.087357 -0.942098 0.545844 10.375950 40.754867
-0.273946 0.341266 0.038834 3.141590 0.000000 0.087357 -0.881949 0.374038 10.774922 40.809926
-0.273985 0.341203 0.038867 3.141590 0.000000 0.087357 -0.844594 0.323978 10.766750 40.864917
-0.273985 0.341203 0.038867 3.141590 0.000000 0.087357 -0.844594 0.323978 10.766750 40.919838
-0.274002 0.341171 0.038883 3.141590 0.000000 0.087357 -0.818829 0.284432 10.698417 40.974692
-0.274026 0.341108 0.038910 3.141590 0.000000 0.087357 -0.764218 0.208052 10.484035 41.029477
-0.274035 0.341076 0.038921 3.141590 0.000000 0.087357 -0.738625 0.173249 10.374263 41.084194
-0.274043 0.341043 0.038932 3.141590 0.000000 0.087357 -0.715019 0.141150 10.273018 41.138843
-0.274043 0.341043 0.038932 3.141590 0.000000 0.087357 -0.698526 0.118723 10.202279 41.193425
-0.274048 0.341009 0.038941 3.141590 0.000000 0.087357 -0.698526 0.118723 10.202279 41.247940
-0.274051 0.340974 0.038949 3.141590 0.000000 0.087357 -0.662706 0.097425 9.929380 41.302387
-0.274052 0.340938 0.038954 3.141590 0.000000 0.087357 -0.629669 0.077781 9.677679 41.356768
-0.274025 0.340743 0.038952 3.141590 0.000000 0.087357 -0.457220 -0.025361 8.334008 41.411083
-0.274015 0.340702 0.038947 3.141590 0.000000 0.087357 -0.424218 -0.043391 8.093343 41.465331
-0.274004 0.340661 0.038941 3.141590 0.000000 0.087357 -0.396215 -0.061431 7.870917 41.519513
-0.273992 0.340620 0.038934 3.141590 0.000000 0.087357 -0.377405 -0.082138 7.664462 41.573630
-0.273980 0.340578 0.038928 3.141590 0.000000 0.087357 -0.354688 -0.096922 7.475976 41.627681
-0.273966 0.340537 0.038921 3.141590 0.000000 0.087357 -0.318269 -0.098124 7.307698 41.681667
-0.273966 0.340537 0.038921 3.141590 0.000000 0.087357 -0.318269 -0.098124 7.307698 41.735588
-0.273936 0.340454 0.038904 3.141590 0.000000 0.087357 -0.261211 -0.100008 7.044050 41.789443
-0.273936 0.340454 0.038904 3.141590 0.000000 0.087357 -0.261211 -0.100008 7.044050 41.843235
-0.273810 0.340196 0.038830 3.141590 0.000000 0.087357 -0.096614 -0.150983 6.845951 41.896962
-0.273810 0.340196 0.038830 3.141590 0.000000 0.087357 -0.096614 -0.150983 6.845951 41.950625
-0.273758 0.340113 0.038808 3.141590 0.000000 0.087357 -0.067119 -0.152277 7.016890 42.004224
-0.273758 0.340113 0.038808 3.141590 0.000000 0.087357 -0.067119 -0.152277 7.016890 42.057759
-0.273732 0.340073 0.038799 3.141590 0.000000 0.087357 -0.053724 -0.151721 7.098997 42.111231
-0.273705 0.340035 0.038791 3.141590 0.000000 0.087357 -0.041368 -0.151208 7.174727 42.164640
-0.273679 0.339998 0.038784 3.141590 0.000000 0.087357 -0.018717 -0.152297 7.327810 42.217986
-0.273594 0.339893 0.038767 3.141590 0.000000 0.087357 0.051910 -0.116834 7.928469 42.271269
-0.273564 0.339860 0.038765 3.141590 0.000000 0.087357 0.069526 -0.094273 8.121823 42.324489
-0.273360 0.339693 0.038781 3.141590 0.000000 0.087357 0.249398 0.027707 9.142134 42.377647
-0.273360 0.339693 0.038781 3.141590 0.000000 0.087357 0.249398 0.027707 9.142134 42.430743
-0.273292 0.339656 0.038793 3.141590 0.000000 0.087357 0.326374 0.058412 9.353838 42.483778
-0.273259 0.339643 0.038798 3.141590 0.000000 0.087357 0.373706 0.096495 9.453608 42.536750
-0.273259 0.339643 0.038798 3.141590 0.000000 0.087357 0.373706 0.096495 9.453608 42.589661
-0.273195 0.339629 0.038808 3.141590 0.000000 0.087357 0.433408 0.234491 9.501440 42.642511
-0.273163 0.339627 0.038812 3.141590 0.000000 0.087357 0.378424 0.532445 9.088790 42.695300
-0.273098 0.339630 0.038823 3.141590 0.000000 0.087357 0.333562 0.883745 8.341551 42.748028
-0.273098 0.339630 0.038823 3.141590 0.000000 0.087357 0.333562 0.883745 8.341551 42.800695
-0.273029 0.339643 0.038839 3.141590 0.000000 0.087357 0.322134 1.137505 7.527874 42.853303
-0.272876 0.339678 0.038881 3.141590 0.000000 0.087357 0.290103 1.472947 6.291911 42.905849
-0.272836 0.339687 0.038892 3.141590 0.000000 0.087357 0.311098 1.514843 6.053103 42.958336
-0.272756 0.339702 0.038910 3.141590 0.000000 0.087357 0.318763 1.614873 5.453075 43.010763
-0.272716 0.339708 0.038917 3.141590 0.000000 0.087357 0.331275 1.654770 5.198989 43.063131
-0.272677 0.339714 0.038922 3.141590 0.000000 0.087357 0.348011 1.689971 4.968632 43.115439
-0.272638 0.339720 0.038924 3.141590 0.000000 0.087357 0.363448 1.722438 4.756169 43.167688
-0.272600 0.339726 0.038923 3.141590 0.000000 0.087357 0.346673 1.713049 4.595284 43.219878
-0.272562 0.339733 0.038920 3.141590 0.000000 0.087357 0.325831 1.701383 4.395400 43.272009
-0.272524 0.339742 0.038912 3.141590 0.000000 0.087357 0.331140 1.696346 4.210403 43.324082
-0.272485 0.339752 0.038902 3.141590 0.000000 0.087357 0.359595 1.697196 4.039162 43.376097
-0.272290 0.339834 0.038814 3.141590 0.000000 0.087357 0.516898 1.775888 3.440550 43.428053
-0.272290 0.339834 0.038814 3.141590 0.000000 0.087357 0.516898 1.775888 3.440550 43.479951
-0.272180 0.339904 0.038749 3.141590 0.000000 0.087357 0.693754 2.193634 3.429094 43.531791
-0.272146 0.339930 0.038727 3.141590 0.000000 0.087357 0.739974 2.335897 3.463644 43.583574
-0.272113 0.339955 0.038706 3.141590 0.000000 0.087357 0.816298 2.530633 3.509497 43.635300
-0.272081 0.339982 0.038686 3.141590 0.000000 0.087357 0.886694 2.710243 3.551788 43.686968
-0.272020 0.340036 0.038650 3.141590 0.000000 0.087357 1.067158 3.361849 3.913184 43.738579
-0.271990 0.340064 0.038634 3.141590 0.000000 0.087357 1.134393 3.620627 4.069015 43.790133
-0.271962 0.340094 0.038620 3.141590 0.000000 0.087357 1.099957 3.832344 4.427545 43.841631
-0.271857 0.340219 0.038593 3.141590 0.000000 0.087357 1.129195 4.743237 5.660030 43.893072
-0.271834 0.340253 0.038593 3.141590 0.000000 0.087357 1.274946 5.202186 6.052015 43.944457
-0.271814 0.340287 0.038594 3.141590 0.000000 0.087357 1.391466 5.555730 6.336320 43.995786
