-0.272948 0.341010 0.039966 0.087357 0.000000 3.141590 0.000000 0.000000 -0.000000 0.000000
-0.272948 0.341010 0.039966 0.087357 0.000000 3.141590 0.000000 0.000000 -0.000000 0.000000
-0.272948 0.341010 0.039966 0.087357 0.000000 3.141590 0.061745 0.003558 0.023238 0.000000
-0.272948 0.341009 0.039966 0.087357 0.000000 3.141590 0.066459 0.007629 0.020912 0.000000
-0.272948 0.341009 0.039966 0.087357 0.000000 3.141590 0.068925 0.013966 0.021011 0.000000
-0.272948 0.341009 0.039966 0.087357 0.000000 3.141590 0.070649 0.018394 0.021080 0.000000
-0.272949 0.341005 0.039961 0.087357 0.000000 3.141590 0.083016 0.020857 0.034063 0.000000
-0.272949 0.341005 0.039961 0.087357 0.000000 3.141590 0.083016 0.020857 0.034063 0.000000
-0.272950 0.341002 0.039957 0.087357 0.000000 3.141590 0.083660 0.017708 0.036574 0.000000
-0.272951 0.340998 0.039951 0.087357 0.000000 3.141590 0.084255 0.014804 0.038890 0.000000
-0.272954 0.340991 0.039931 0.087357 0.000000 3.141590 0.085187 0.010253 0.042519 0.000000
-0.272954 0.340991 0.039931 0.087357 0.000000 3.141590 0.085187 0.010253 0.042519 0.000000
-0.272954 0.340985 0.039901 0.087357 0.000000 3.141590 0.081894 0.018131 0.037772 0.000000
-0.272952 0.340981 0.039884 0.087357 0.000000 3.141590 0.066524 0.014916 0.023475 0.000000
-0.272950 0.340978 0.039865 0.087357 0.000000 3.141590 0.052482 0.010839 0.010667 0.000000
-0.272948 0.340975 0.039845 0.087357 0.000000 3.141590 0.057524 0.020267 0.011337 0.000000
-0.272947 0.340973 0.039824 0.087357 0.000000 3.141590 0.088406 0.040222 0.029861 0.000000
-0.272946 0.340971 0.039803 0.087357 0.000000 3.141590 0.091190 0.023020 0.057206 0.000000
-0.272955 0.340958 0.039713 0.087357 0.000000 3.141590 0.093773 0.016876 0.107365 0.000000
-0.272955 0.340958 0.039713 0.087357 0.000000 3.141590 0.093773 0.016876 0.107365 0.000000
-0.272960 0.340954 0.039691 0.087357 0.000000 3.141590 0.088066 0.009408 0.100379 0.000000
-0.272960 0.340954 0.039691 0.087357 0.000000 3.141590 0.088066 0.009408 0.100379 0.000000
-0.272964 0.340950 0.039668 0.087357 0.000000 3.141590 0.081360 -0.003854 0.091426 0.000000
-0.272971 0.340943 0.039623 0.087357 0.000000 3.141590 0.070854 -0.024632 0.077398 0.000000
-0.272973 0.340941 0.039602 0.087357 0.000000 3.141590 0.066719 -0.029475 0.066725 0.000000
-0.272973 0.340941 0.039602 0.087357 0.000000 3.141590 0.066719 -0.029475 0.066725 0.000000
-0.272974 0.340938 0.039581 0.087357 0.000000 3.141590 0.066459 -0.017300 0.046779 0.000000
-0.272972 0.340935 0.039559 0.087357 0.000000 3.141590 0.060875 -0.010752 0.032092 0.000000
-0.272969 0.340932 0.039537 0.087357 0.000000 3.141590 0.040322 -0.018199 0.029233 0.000000
-0.272965 0.340929 0.039516 0.087357 0.000000 3.141590 0.025961 -0.023402 0.027236 0.000000
-0.272943 0.340916 0.039430 0.087357 0.000000 3.141590 0.115486 0.057422 0.030483 0.000000
-0.272938 0.340913 0.039409 0.087357 0.000000 3.141590 0.124364 0.064310 0.035031 0.000000
-0.272935 0.340911 0.039387 0.087357 0.000000 3.141590 0.131284 0.064880 0.030563 0.000000
-0.272934 0.340910 0.039365 0.087357 0.000000 3.141590 0.132904 0.064113 0.027935 0.000000
-0.272934 0.340910 0.039344 0.087357 0.000000 3.141590 0.120679 0.059684 0.029814 0.000000
-0.272937 0.340910 0.039324 0.087357 0.000000 3.141590 0.109404 0.055598 0.031546 0.000000
-0.272942 0.340912 0.039303 0.087357 0.000000 3.141590 0.099005 0.051830 0.033144 0.000000
-0.272948 0.340913 0.039283 0.087357 0.000000 3.141590 0.091739 0.049197 0.034260 0.000000
-0.272956 0.340913 0.039263 0.087357 0.000000 3.141590 0.091808 0.048342 0.034904 0.000000
-0.272964 0.340913 0.039242 0.087357 0.000000 3.141590 0.094783 0.048326 0.035259 0.000000
-0.272964 0.340913 0.039242 0.087357 0.000000 3.141590 0.094783 0.048326 0.035259 0.000000
-0.272973 0.340912 0.039220 0.087357 0.000000 3.141590 0.088612 0.048126 0.037850 0.000000
-0.273005 0.340895 0.039128 0.087357 0.000000 3.141590 0.042445 0.044542 0.030707 0.000000
-0.273010 0.340890 0.039105 0.087357 0.000000 3.141590 0.035102 0.049631 0.031743 0.000000
-0.273013 0.340885 0.039082 0.087357 0.000000 3.141590 0.028329 0.054325 0.032698 0.000000
-0.273013 0.340881 0.039060 0.087357 0.000000 3.141590 0.019160 0.034655 0.028802 0.000000
-0.273010 0.340878 0.039039 0.087357 0.000000 3.141590 0.007769 0.010218 0.023961 0.000000
-0.273006 0.340877 0.039020 0.087357 0.000000 3.141590 -0.002247 0.016200 0.083042 0.000000
-0.272999 0.340877 0.039002 0.087357 0.000000 3.141590 -0.011328 0.030846 0.157874 0.000000
-0.272990 0.340878 0.038984 0.087357 0.000000 3.141590 -0.019704 0.044354 0.226893 0.000000
-0.272981 0.340879 0.038968 0.087357 0.000000 3.141590 -0.027429 0.056814 0.290552 0.000000
-0.272970 0.340880 0.038951 0.087357 0.000000 3.141590 -0.032914 0.061404 0.381141 0.000000
-0.272959 0.340881 0.038933 0.087357 0.000000 3.141590 -0.039953 0.056566 0.611803 0.000000
-0.272948 0.340881 0.038915 0.087357 0.000000 3.141590 -0.046444 0.052103 0.824548 0.000000
-0.272919 0.340873 0.038856 0.087357 0.000000 3.141590 -0.073161 0.099714 1.392511 0.000000
-0.272919 0.340873 0.038856 0.087357 0.000000 3.141590 -0.073161 0.099714 1.392511 0.000000
-0.272908 0.340862 0.038813 0.087357 0.000000 3.141590 -0.074099 0.158078 1.845297 0.000000
-0.272905 0.340857 0.038791 0.087357 0.000000 3.141590 -0.071292 0.191779 2.045669 0.000000
-0.272906 0.340852 0.038770 0.087357 0.000000 3.141590 -0.051927 0.208296 2.212915 0.000000
-0.272908 0.340848 0.038749 0.087357 0.000000 3.141590 -0.026192 0.209239 2.316993 0.000000
-0.272913 0.340846 0.038729 0.087357 0.000000 3.141590 -0.001839 0.216087 2.488754 0.000000
-0.272920 0.340844 0.038710 0.087357 0.000000 3.141590 -0.001341 0.238761 2.769508 0.000000
-0.272927 0.340844 0.038691 3.141590 0.000000 0.087357 -0.000880 0.259673 3.028455 0.000000
-0.272945 0.340846 0.038657 3.141590 0.000000 0.087357 -0.000065 0.296752 3.487569 0.789582
-0.272954 0.340847 0.038641 3.141590 0.000000 0.087357 -0.037710 0.309300 3.817991 1.414427
-0.272981 0.340845 0.038588 3.141590 0.000000 0.087357 -0.205248 0.439077 5.601344 1.951272
-0.272981 0.340845 0.038588 3.141590 0.000000 0.087357 -0.205248 0.439077 5.601344 2.430349
-0.272984 0.340842 0.038580 3.141590 0.000000 0.087357 -0.256678 0.482623 5.996571 2.867533
-0.272984 0.340840 0.038573 3.141590 0.000000 0.087357 -0.329672 0.536857 6.502654 3.272450
-0.272982 0.340838 0.038569 3.141590 0.000000 0.087357 -0.396996 0.586877 6.969427 3.651484
-0.272977 0.340837 0.038569 3.141590 0.000000 0.087357 -0.459091 0.633013 7.399942 4.009133
-0.272970 0.340837 0.038572 3.141590 0.000000 0.087357 -0.536026 0.707260 7.943988 4.348715
-0.272962 0.340839 0.038577 3.141590 0.000000 0.087357 -0.589780 0.759136 8.324106 4.672763
-0.272952 0.340842 0.038586 3.141590 0.000000 0.087357 -0.625257 0.814146 8.782864 4.983261
-0.272941 0.340848 0.038597 3.141590 0.000000 0.087357 -0.647958 0.861860 9.201666 5.281803
-0.272941 0.340848 0.038597 3.141590 0.000000 0.087357 -0.647958 0.861860 9.201666 5.569688
-0.272919 0.340861 0.038624 3.141590 0.000000 0.087357 -0.688207 0.946459 9.944204 5.847997
-0.272870 0.340896 0.038723 3.141590 0.000000 0.087357 -0.416579 0.876177 10.645455 6.117637
-0.272870 0.340896 0.038723 3.141590 0.000000 0.087357 -0.416579 0.876177 10.645455 6.379378
-0.272835 0.340900 0.038793 3.141590 0.000000 0.087357 -0.238814 0.818060 10.710045 6.633884
-0.272821 0.340896 0.038817 3.141590 0.000000 0.087357 -0.181358 0.800794 10.717849 6.881729
-0.272805 0.340890 0.038839 3.141590 0.000000 0.087357 -0.114685 0.768074 10.673143 7.123416
-0.272788 0.340882 0.038860 3.141590 0.000000 0.087357 -0.040052 0.721765 10.582064 7.359385
-0.272753 0.340861 0.038900 3.141590 0.000000 0.087357 0.057668 0.648526 10.333287 7.590027
-0.272735 0.340850 0.038919 3.141590 0.000000 0.087357 0.099703 0.610819 10.162526 7.815692
-0.272718 0.340837 0.038936 3.141590 0.000000 0.087357 0.138474 0.576040 10.005030 8.036690
-0.272718 0.340837 0.038936 3.141590 0.000000 0.087357 0.138474 0.576040 10.005030 8.253301
-0.272660 0.340793 0.038984 3.141590 0.000000 0.087357 0.252341 0.492616 9.115887 8.465779
-0.272651 0.340785 0.038989 3.141590 0.000000 0.087357 0.277319 0.459086 8.809630 8.674353
-0.272641 0.340775 0.038990 3.141590 0.000000 0.087357 0.280033 0.393482 8.182678 8.879232
-0.272641 0.340775 0.038990 3.141590 0.000000 0.087357 0.280033 0.393482 8.182678 9.080607
-0.272641 0.340774 0.038988 3.141590 0.000000 0.087357 0.287289 0.384004 7.952340 9.278654
-0.272646 0.340777 0.038984 3.141590 0.000000 0.087357 0.296303 0.372227 7.666166 9.473532
-0.272655 0.340783 0.038979 3.141590 0.000000 0.087357 0.304618 0.361365 7.402220 9.665391
-0.272686 0.340807 0.038963 3.141590 0.000000 0.087357 0.290835 0.316179 6.933152 9.854366
-0.272733 0.340844 0.038940 3.141590 0.000000 0.087357 0.302413 0.296426 6.595270 10.040586
-0.272761 0.340867 0.038928 3.141590 0.000000 0.087357 0.310334 0.287630 6.423953 10.224168
-0.272862 0.340945 0.038886 3.141590 0.000000 0.087357 0.234969 0.328509 6.214199 10.405221
-0.272900 0.340973 0.038872 3.141590 0.000000 0.087357 0.172082 0.367076 6.230703 10.583848
-0.272978 0.341030 0.038845 3.141590 0.000000 0.087357 0.037104 0.522249 6.436464 10.760144
-0.272978 0.341030 0.038845 3.141590 0.000000 0.087357 -0.001839 0.591262 6.602115 10.934199
-0.273018 0.341058 0.038833 3.141590 0.000000 0.087357 -0.001839 0.591262 6.602115 11.106096
-0.273098 0.341112 0.038812 3.141590 0.000000 0.087357 -0.089725 0.701462 6.890631 11.275914
-0.273098 0.341112 0.038812 3.141590 0.000000 0.087357 -0.089725 0.701462 6.890631 11.443727
-0.273137 0.341136 0.038801 3.141590 0.000000 0.087357 -0.140529 0.758232 7.044424 11.609605
-0.273175 0.341158 0.038791 3.141590 0.000000 0.087357 -0.189450 0.828841 7.241774 11.773614
-0.273210 0.341178 0.038782 3.141590 0.000000 0.087357 -0.236552 0.911494 7.477098 11.935814
-0.273351 0.341227 0.038761 3.141590 0.000000 0.087357 -0.386122 1.124627 8.526532 12.096267
-0.273369 0.341224 0.038765 3.141590 0.000000 0.087357 -0.427098 1.169943 8.795557 12.255026
-0.273390 0.341202 0.038777 3.141590 0.000000 0.087357 -0.493458 1.234811 9.278939 12.412145
-0.273393 0.341184 0.038785 3.141590 0.000000 0.087357 -0.517470 1.249327 9.544470 12.567673
-0.273381 0.341136 0.038803 3.141590 0.000000 0.087357 -0.606585 1.235207 10.007779 12.721658
-0.273381 0.341136 0.038803 3.141590 0.000000 0.087357 -0.606585 1.235207 10.007779 12.874146
-0.273366 0.341107 0.038812 3.141590 0.000000 0.087357 -0.631474 1.171446 10.179557 13.025179
-0.273346 0.341075 0.038822 3.141590 0.000000 0.087357 -0.648863 1.126897 10.299576 13.174799
-0.273321 0.341041 0.038833 3.141590 0.000000 0.087357 -0.670468 1.071549 10.448688 13.323044
-0.273292 0.341005 0.038845 3.141590 0.000000 0.087357 -0.617276 0.930739 10.462859 13.469952
-0.273092 0.340806 0.038913 3.141590 0.000000 0.087357 -0.335108 0.419157 10.186444 13.615558
-0.273044 0.340766 0.038927 3.141590 0.000000 0.087357 -0.279175 0.346483 10.093627 13.759897
-0.272994 0.340727 0.038940 3.141590 0.000000 0.087357 -0.217942 0.310111 9.940771 13.903001
-0.272944 0.340689 0.038952 3.141590 0.000000 0.087357 -0.175158 0.284698 9.833972 14.044902
-0.272892 0.340653 0.038962 3.141590 0.000000 0.087357 -0.097708 0.248966 9.681154 14.185629
-0.272788 0.340587 0.038975 3.141590 0.000000 0.087357 0.016206 0.205853 9.287331 14.325211
-0.272737 0.340558 0.038978 3.141590 0.000000 0.087357 0.064423 0.209208 9.062733 14.463676
-0.272737 0.340558 0.038978 3.141590 0.000000 0.087357 0.064423 0.209208 9.062733 14.601050
-0.272686 0.340532 0.038979 3.141590 0.000000 0.087357 0.117011 0.227352 8.840329 14.737359
-0.272637 0.340510 0.038977 3.141590 0.000000 0.087357 0.153753 0.240028 8.684938 14.872628
-0.272500 0.340470 0.038962 3.141590 0.000000 0.087357 0.218768 0.268625 7.932202 15.006879
-0.272459 0.340467 0.038954 3.141590 0.000000 0.087357 0.236480 0.272359 7.692762 15.140135
-0.272389 0.340478 0.038936 3.141590 0.000000 0.087357 0.264230 0.278209 7.317621 15.272418
-0.272359 0.340492 0.038926 3.141590 0.000000 0.087357 0.278410 0.281199 7.125919 15.403750
-0.272334 0.340512 0.038917 3.141590 0.000000 0.087357 0.307766 0.297382 7.018080 15.534151
-0.272314 0.340536 0.038908 3.141590 0.000000 0.087357 0.340052 0.316605 6.940695 15.663640
-0.272300 0.340565 0.038899 3.141590 0.000000 0.087357 0.347124 0.349764 6.927892 15.792236
-0.272291 0.340598 0.038888 3.141590 0.000000 0.087357 0.345994 0.403591 6.938409 15.919957
-0.272288 0.340635 0.038878 3.141590 0.000000 0.087357 0.362912 0.455266 6.979250 16.046821
-0.272288 0.340635 0.038878 3.141590 0.000000 0.087357 0.362912 0.455266 6.979250 16.172846
-0.272292 0.340675 0.038866 3.141590 0.000000 0.087357 0.395898 0.502011 7.036615 16.298047
-0.272363 0.340860 0.038821 3.141590 0.000000 0.087357 0.424372 0.756981 7.384871 16.422440
-0.272394 0.340910 0.038812 3.141590 0.000000 0.087357 0.346083 0.986396 7.715780 16.546042
-0.272428 0.340961 0.038804 3.141590 0.000000 0.087357 0.346083 0.986396 7.715780 16.668867
-0.272507 0.341064 0.038795 3.141590 0.000000 0.087357 0.285283 1.153649 7.980007 16.790929
-0.272507 0.341064 0.038795 3.141590 0.000000 0.087357 0.285283 1.153649 7.980007 16.912243
-0.272647 0.341215 0.038796 3.141590 0.000000 0.087357 0.189796 1.347812 8.512564 17.032822
-0.272697 0.341262 0.038800 3.141590 0.000000 0.087357 0.166168 1.374908 8.680304 17.152680
-0.272801 0.341350 0.038812 3.141590 0.000000 0.087357 0.028859 1.499625 9.199432 17.271829
-0.272801 0.341350 0.038812 3.141590 0.000000 0.087357 0.028859 1.499625 9.199432 17.390281
-0.273010 0.341489 0.038842 3.141590 0.000000 0.087357 -0.133620 1.561104 9.884890 17.508050
-0.273060 0.341514 0.038851 3.141590 0.000000 0.087357 -0.173041 1.570915 9.995942 17.625146
-0.273109 0.341533 0.038860 3.141590 0.000000 0.087357 -0.211602 1.581479 10.057575 17.741581
-0.273109 0.341533 0.038860 3.141590 0.000000 0.087357 -0.211602 1.581479 10.057575 17.857366
-0.273200 0.341556 0.038877 3.141590 0.000000 0.087357 -0.285961 1.575911 10.104284 17.972512
-0.273241 0.341558 0.038886 3.141590 0.000000 0.087357 -0.313762 1.564582 10.096032 18.087029
-0.273313 0.341544 0.038906 3.141590 0.000000 0.087357 -0.363053 1.544497 10.081403 18.200928
-0.273343 0.341528 0.038916 3.141590 0.000000 0.087357 -0.363944 1.502258 9.982845 18.314219
-0.273369 0.341507 0.038926 3.141590 0.000000 0.087357 -0.365050 1.449781 9.860397 18.426910
-0.273390 0.341481 0.038935 3.141590 0.000000 0.087357 -0.385716 1.400547 9.735808 18.539012
-0.273419 0.341377 0.038958 3.141590 0.000000 0.087357 -0.425310 1.210775 9.218766 18.650534
-0.273416 0.341336 0.038963 3.141590 0.000000 0.087357 -0.390935 1.099919 8.955068 18.761485
-0.273407 0.341291 0.038965 3.141590 0.000000 0.087357 -0.359229 0.997674 8.711852 18.871873
-0.273392 0.341244 0.038966 3.141590 0.000000 0.087357 -0.329987 0.903371 8.487528 18.981707
-0.273372 0.341195 0.038964 3.141590 0.000000 0.087357 -0.318691 0.822276 8.290489 19.090995
-0.273347 0.341144 0.038961 3.141590 0.000000 0.087357 -0.304656 0.721524 8.045687 19.199745
-0.273318 0.341092 0.038957 3.141590 0.000000 0.087357 -0.278343 0.649610 7.805169 19.307966
-0.273285 0.341040 0.038950 3.141590 0.000000 0.087357 -0.249795 0.590008 7.578618 19.415664
-0.273207 0.340933 0.038935 3.141590 0.000000 0.087357 -0.199178 0.484334 7.176942 19.522847
-0.273164 0.340881 0.038926 3.141590 0.000000 0.087357 -0.175872 0.450801 7.046252 19.629523
-0.272970 0.340682 0.038882 3.141590 0.000000 0.087357 -0.027282 0.313559 6.635032 19.735699
-0.272918 0.340637 0.038870 3.141590 0.000000 0.087357 0.007809 0.296737 6.619334 19.841382
-0.272918 0.340637 0.038870 3.141590 0.000000 0.087357 0.007809 0.296737 6.619334 19.946579
-0.272866 0.340596 0.038858 3.141590 0.000000 0.087357 0.052810 0.289452 6.625249 20.051295
-0.272815 0.340557 0.038848 3.141590 0.000000 0.087357 0.107182 0.289718 6.648055 20.155538
-0.272712 0.340492 0.038830 3.141590 0.000000 0.087357 0.195818 0.289712 6.722302 20.259315
-0.272712 0.340492 0.038830 3.141590 0.000000 0.087357 0.195818 0.289712 6.722302 20.362631
-0.272615 0.340445 0.038813 3.141590 0.000000 0.087357 0.289821 0.279658 6.920428 20.465492
-0.272569 0.340429 0.038805 3.141590 0.000000 0.087357 0.324159 0.245185 7.087537 20.567905
-0.272526 0.340419 0.038796 3.141590 0.000000 0.087357 0.348151 0.221100 7.204294 20.669875
-0.272386 0.340440 0.038770 3.141590 0.000000 0.087357 0.448476 0.154067 7.791626 20.771408
-0.272361 0.340459 0.038768 3.141590 0.000000 0.087357 0.485993 0.154096 7.978608 20.872509
-0.272341 0.340484 0.038768 3.141590 0.000000 0.087357 0.535516 0.155859 8.170573 20.973185
-0.272326 0.340513 0.038770 3.141590 0.000000 0.087357 0.594776 0.206306 8.379911 21.073439
-0.272317 0.340546 0.038773 3.141590 0.000000 0.087357 0.656743 0.268822 8.589251 21.173279
-0.272314 0.340583 0.038778 3.141590 0.000000 0.087357 0.703523 0.320411 8.745521 21.272708
-0.272318 0.340623 0.038785 3.141590 0.000000 0.087357 0.761644 0.384506 8.939671 21.371732
-0.272328 0.340666 0.038792 3.141590 0.000000 0.087357 0.815249 0.443622 9.118741 21.470355
-0.272343 0.340711 0.038801 3.141590 0.000000 0.087357 0.850864 0.543499 9.273393 21.568583
-0.272420 0.340858 0.038832 3.141590 0.000000 0.087357 0.826847 0.885543 9.726639 21.666420
-0.272492 0.340960 0.038855 3.141590 0.000000 0.087357 0.751962 1.149598 10.047060 21.763871
-0.272579 0.341063 0.038877 3.141590 0.000000 0.087357 0.665020 1.261600 10.185869 21.860941
-0.272579 0.341063 0.038877 3.141590 0.000000 0.087357 0.665020 1.261600 10.185869 21.957633
-0.272678 0.341162 0.038897 3.141590 0.000000 0.087357 0.577465 1.368344 10.172684 22.053953
-0.272678 0.341162 0.038897 3.141590 0.000000 0.087357 0.577465 1.368344 10.172684 22.149903
-0.272731 0.341210 0.038905 3.141590 0.000000 0.087357 0.531557 1.420900 10.111114 22.245490
-0.272844 0.341298 0.038921 3.141590 0.000000 0.087357 0.372686 1.430248 9.980355 22.340717
-0.272903 0.341338 0.038929 3.141590 0.000000 0.087357 0.283041 1.409504 9.907403 22.435587
-0.272962 0.341375 0.038937 3.141590 0.000000 0.087357 0.200360 1.390372 9.840118 22.530105
-0.273256 0.341495 0.038963 3.141590 0.000000 0.087357 0.006265 1.315371 9.125219 22.624275
-0.273312 0.341504 0.038964 3.141590 0.000000 0.087357 -0.013690 1.301814 8.996829 22.718101
-0.273366 0.341506 0.038963 3.141590 0.000000 0.087357 -0.038483 1.284971 8.837315 22.811586
-0.273417 0.341502 0.038961 3.141590 0.000000 0.087357 -0.055008 1.241685 8.614382 22.904733
-0.273465 0.341492 0.038958 3.141590 0.000000 0.087357 -0.068219 1.192879 8.384499 22.997548
-0.273465 0.341492 0.038958 3.141590 0.000000 0.087357 -0.068219 1.192879 8.384499 23.090033
-0.273510 0.341476 0.038954 3.141590 0.000000 0.087357 -0.079825 1.130354 8.160853 23.182191
-0.273551 0.341455 0.038948 3.141590 0.000000 0.087357 -0.089974 1.055869 7.943418 23.274027
-0.273588 0.341429 0.038941 3.141590 0.000000 0.087357 -0.116156 0.996562 7.801704 23.365543
-0.273621 0.341398 0.038934 3.141590 0.000000 0.087357 -0.156340 0.913609 7.616988 23.456743
-0.273649 0.341362 0.038925 3.141590 0.000000 0.087357 -0.169310 0.832275 7.442413 23.547630
-0.273701 0.341125 0.038875 3.141590 0.000000 0.087357 -0.262762 0.518655 7.005403 23.638207
-0.273693 0.341069 0.038865 3.141590 0.000000 0.087357 -0.277390 0.464796 6.944853 23.728477
-0.273680 0.341010 0.038855 3.141590 0.000000 0.087357 -0.287610 0.427165 6.902547 23.818445
-0.273640 0.340889 0.038837 3.141590 0.000000 0.087357 -0.301523 0.339291 6.820045 23.908111
-0.273640 0.340889 0.038837 3.141590 0.000000 0.087357 -0.301523 0.339291 6.820045 23.997481
-0.273583 0.340764 0.038825 3.141590 0.000000 0.087357 -0.241221 0.268898 6.890673 24.086556
-0.273549 0.340702 0.038821 3.141590 0.000000 0.087357 -0.209986 0.223525 6.967920 24.175339
-0.273472 0.340578 0.038812 3.141590 0.000000 0.087357 -0.124148 0.135341 7.180822 24.263833
-0.273472 0.340578 0.038812 3.141590 0.000000 0.087357 -0.124148 0.135341 7.180822 24.352042
-0.273284 0.340349 0.038796 3.141590 0.000000 0.087357 -0.014009 0.056061 7.642799 24.439967
-0.273232 0.340298 0.038794 3.141590 0.000000 0.087357 0.050023 0.031805 7.770217 24.527612
-0.273178 0.340250 0.038794 3.141590 0.000000 0.087357 0.109471 0.006968 7.900384 24.614979
-0.273067 0.340166 0.038797 3.141590 0.000000 0.087357 0.204519 -0.044011 8.166225 24.702071
-0.273067 0.340166 0.038797 3.141590 0.000000 0.087357 0.204519 -0.044011 8.166225 24.788891
-0.272954 0.340100 0.038805 3.141590 0.000000 0.087357 0.297888 -0.094089 8.427371 24.875440
-0.272898 0.340075 0.038810 3.141590 0.000000 0.087357 0.338381 -0.082834 8.546885 24.961722
-0.272786 0.340042 0.038822 3.141590 0.000000 0.087357 0.398748 -0.035762 8.740958 25.047738
-0.272731 0.340035 0.038828 3.141590 0.000000 0.087357 0.425994 0.003753 8.846549 25.133493
-0.272573 0.340049 0.038847 3.141590 0.000000 0.087357 0.563626 0.110673 9.040844 25.218986
-0.272523 0.340064 0.038853 3.141590 0.000000 0.087357 0.600514 0.127230 9.069488 25.304222
-0.272476 0.340083 0.038860 3.141590 0.000000 0.087357 0.646344 0.147801 9.105076 25.389203
-0.272388 0.340134 0.038872 3.141590 0.000000 0.087357 0.686075 0.264185 9.059038 25.473930
-0.272348 0.340165 0.038878 3.141590 0.000000 0.087357 0.720589 0.311008 9.009581 25.558406
-0.272281 0.340237 0.038888 3.141590 0.000000 0.087357 0.829106 0.432448 8.849584 25.642633
-0.272281 0.340237 0.038888 3.141590 0.000000 0.087357 0.829106 0.432448 8.849584 25.726614
-0.272233 0.340320 0.038897 3.141590 0.000000 0.087357 0.881424 0.550492 8.693011 25.810350
-0.272216 0.340366 0.038901 3.141590 0.000000 0.087357 0.855329 0.606141 8.618197 25.893844
-0.272193 0.340517 0.038906 3.141590 0.000000 0.087357 0.820565 0.768168 8.371990 25.977098
-0.272197 0.340625 0.038903 3.141590 0.000000 0.087357 0.752597 0.880428 8.241277 26.060114
-0.272197 0.340625 0.038903 3.141590 0.000000 0.087357 0.752597 0.880428 8.241277 26.142893
-0.272224 0.340795 0.038890 3.141590 0.000000 0.087357 0.617764 1.048288 8.055532 26.225438
-0.272224 0.340795 0.038890 3.141590 0.000000 0.087357 0.617764 1.048288 8.055532 26.307751
-0.272238 0.340852 0.038885 3.141590 0.000000 0.087357 0.587067 1.089552 7.979753 26.389834
-0.272256 0.340909 0.038881 3.141590 0.000000 0.087357 0.565620 1.118382 7.926808 26.471689
-0.272275 0.340965 0.038877 3.141590 0.000000 0.087357 0.540525 1.142055 7.905032 26.553317
-0.272320 0.341076 0.038870 3.141590 0.000000 0.087357 0.496032 1.184026 7.866424 26.634721
-0.272345 0.341129 0.038867 3.141590 0.000000 0.087357 0.476342 1.202599 7.849339 26.715902
-0.272432 0.341283 0.038853 3.141590 0.000000 0.087357 0.358539 1.258306 7.932956 26.796862
-0.272465 0.341331 0.038848 3.141590 0.000000 0.087357 0.314697 1.300426 7.999014 26.877603
-0.272499 0.341377 0.038845 3.141590 0.000000 0.087357 0.263760 1.320919 8.067579 26.958127
-0.272571 0.341458 0.038841 3.141590 0.000000 0.087357 0.170650 1.340229 8.201116 27.038436
-0.272608 0.341494 0.038842 3.141590 0.000000 0.087357 0.116499 1.354802 8.296906 27.118530
-0.272646 0.341525 0.038843 3.141590 0.000000 0.087357 0.066555 1.368243 8.385254 27.198413
-0.272685 0.341552 0.038845 3.141590 0.000000 0.087357 0.016645 1.384891 8.472541 27.278085
-0.272725 0.341574 0.038849 3.141590 0.000000 0.087357 -0.029387 1.400247 8.553048 27.357548
-0.272766 0.341591 0.038852 3.141590 0.000000 0.087357 -0.044583 1.395089 8.604915 27.436804
-0.272807 0.341603 0.038856 3.141590 0.000000 0.087357 -0.052598 1.378509 8.666549 27.515855
-0.272807 0.341603 0.038856 3.141590 0.000000 0.087357 -0.052598 1.378509 8.666549 27.594701
-0.272985 0.341610 0.038873 3.141590 0.000000 0.087357 -0.113045 1.331232 8.813327 27.673345
-0.272985 0.341610 0.038873 3.141590 0.000000 0.087357 -0.113045 1.331232 8.813327 27.751789
-0.273031 0.341603 0.038877 3.141590 0.000000 0.087357 -0.135989 1.326792 8.813807 27.830033
-0.273077 0.341592 0.038880 3.141590 0.000000 0.087357 -0.162639 1.299990 8.785857 27.908079
-0.273123 0.341579 0.038882 3.141590 0.000000 0.087357 -0.197647 1.269656 8.764842 27.985929
-0.273169 0.341563 0.038883 3.141590 0.000000 0.087357 -0.268886 1.235527 8.767224 28.063585
-0.273305 0.341502 0.038878 3.141590 0.000000 0.087357 -0.433094 1.152987 8.765242 28.141047
-0.273305 0.341502 0.038878 3.141590 0.000000 0.087357 -0.433094 1.152987 8.765242 28.218317
-0.273349 0.341477 0.038876 3.141590 0.000000 0.087357 -0.478590 1.108332 8.733277 28.295396
-0.273433 0.341421 0.038874 3.141590 0.000000 0.087357 -0.542069 0.990561 8.616997 28.372287
-0.273548 0.341324 0.038880 3.141590 0.000000 0.087357 -0.551593 0.822817 8.460575 28.448990
-0.273582 0.341288 0.038884 3.141590 0.000000 0.087357 -0.554564 0.770493 8.411784 28.525506
-0.273613 0.341251 0.038888 3.141590 0.000000 0.087357 -0.571104 0.692910 8.362952 28.601837
-0.273641 0.341212 0.038893 3.141590 0.000000 0.087357 -0.582660 0.638703 8.328834 28.677985
-0.273685 0.341133 0.038900 3.141590 0.000000 0.087357 -0.558716 0.515558 8.226489 28.753951
-0.273685 0.341133 0.038900 3.141590 0.000000 0.087357 -0.558716 0.515558 8.226489 28.829735
-0.273701 0.341092 0.038902 3.141590 0.000000 0.087357 -0.524343 0.479534 8.129704 28.905340
-0.273712 0.341051 0.038902 3.141590 0.000000 0.087357 -0.491647 0.453448 8.023488 28.980766
-0.273720 0.341009 0.038900 3.141590 0.000000 0.087357 -0.469637 0.438610 7.946729 29.056016
-0.273725 0.340924 0.038893 3.141590 0.000000 0.087357 -0.417069 0.403172 7.763405 29.131089
-0.273709 0.340791 0.038875 3.141590 0.000000 0.087357 -0.329261 0.304357 7.414765 29.205987
-0.273684 0.340700 0.038862 3.141590 0.000000 0.087357 -0.280397 0.271563 7.271139 29.280712
-0.273684 0.340700 0.038862 3.141590 0.000000 0.087357 -0.280397 0.271563 7.271139 29.355265
-0.273651 0.340611 0.038850 3.141590 0.000000 0.087357 -0.227944 0.240371 7.173197 29.429646
-0.273632 0.340567 0.038845 3.141590 0.000000 0.087357 -0.198483 0.226320 7.166807 29.503858
-0.273589 0.340481 0.038838 3.141590 0.000000 0.087357 -0.148309 0.166295 7.199943 29.577901
-0.273589 0.340481 0.038838 3.141590 0.000000 0.087357 -0.148309 0.166295 7.199943 29.651776
-0.273539 0.340398 0.038831 3.141590 0.000000 0.087357 -0.115405 0.113624 7.350500 29.725485
-0.273512 0.340358 0.038826 3.141590 0.000000 0.087357 -0.109227 0.087925 7.449267 29.799028
-0.273391 0.340207 0.038809 3.141590 0.000000 0.087357 -0.050969 0.005436 7.823353 29.872407
-0.273358 0.340174 0.038806 3.141590 0.000000 0.087357 -0.022503 -0.000426 7.897792 29.945623
-0.273358 0.340174 0.038806 3.141590 0.000000 0.087357 -0.022503 -0.000426 7.897792 30.018677
-0.273289 0.340115 0.038807 3.141590 0.000000 0.087357 0.048668 -0.033096 8.155685 30.091570
-0.273254 0.340090 0.038809 3.141590 0.000000 0.087357 0.080163 -0.047553 8.269810 30.164303
-0.273219 0.340068 0.038813 3.141590 0.000000 0.087357 0.109212 -0.060888 8.375070 30.236877
-0.273145 0.340039 0.038823 3.141590 0.000000 0.087357 0.181002 -0.053998 8.580623 30.309293
-0.273069 0.340025 0.038834 3.141590 0.000000 0.087357 0.302002 -0.058877 8.763751 30.381552
-0.273030 0.340023 0.038840 3.141590 0.000000 0.087357 0.348158 -0.046282 8.812955 30.453655
-0.272908 0.340034 0.038858 3.141590 0.000000 0.087357 0.469072 0.083071 8.923450 30.525604
-0.272823 0.340052 0.038869 3.141590 0.000000 0.087357 0.504296 0.112372 8.866926 30.597399
-0.272781 0.340064 0.038874 3.141590 0.000000 0.087357 0.536785 0.139396 8.814792 30.669041
-0.272739 0.340077 0.038878 3.141590 0.000000 0.087357 0.559294 0.170567 8.759635 30.740531
-0.272739 0.340077 0.038878 3.141590 0.000000 0.087357 0.559294 0.170567 8.759635 30.811870
-0.272616 0.340122 0.038887 3.141590 0.000000 0.087357 0.636506 0.299776 8.536351 30.883059
-0.272576 0.340139 0.038890 3.141590 0.000000 0.087357 0.657191 0.337098 8.454141 30.954099
-0.272537 0.340158 0.038893 3.141590 0.000000 0.087357 0.672921 0.373722 8.323473 31.024991
-0.272498 0.340178 0.038896 3.141590 0.000000 0.087357 0.683911 0.399310 8.232177 31.095736
-0.272459 0.340199 0.038898 3.141590 0.000000 0.087357 0.712324 0.472350 8.096247 31.166335
-0.272347 0.340270 0.038895 3.141590 0.000000 0.087357 0.751135 0.574052 7.682663 31.236788
-0.272311 0.340296 0.038891 3.141590 0.000000 0.087357 0.744113 0.607759 7.556049 31.307097
-0.272276 0.340324 0.038885 3.141590 0.000000 0.087357 0.737636 0.638847 7.439270 31.377263
-0.272243 0.340353 0.038879 3.141590 0.000000 0.087357 0.742216 0.677545 7.349120 31.447285
-0.272184 0.340412 0.038865 3.141590 0.000000 0.087357 0.766649 0.759860 7.231058 31.517166
-0.272158 0.340442 0.038858 3.141590 0.000000 0.087357 0.766769 0.775231 7.215313 31.586906
-0.272134 0.340473 0.038852 3.141590 0.000000 0.087357 0.766918 0.794328 7.195751 31.656506
-0.272134 0.340473 0.038852 3.141590 0.000000 0.087357 0.766918 0.794328 7.195751 31.725967
-0.272094 0.340540 0.038839 3.141590 0.000000 0.087357 0.767183 0.828188 7.161068 31.795289
-0.272094 0.340540 0.038839 3.141590 0.000000 0.087357 0.767183 0.828188 7.161068 31.864473
-0.272050 0.340772 0.038809 3.141590 0.000000 0.087357 0.658858 1.134860 7.682102 31.933521
-0.272050 0.340772 0.038809 3.141590 0.000000 0.087357 0.658858 1.134860 7.682102 32.002433
-0.272054 0.340814 0.038808 3.141590 0.000000 0.087357 0.641843 1.188949 7.773208 32.071209
-0.272060 0.340856 0.038809 3.141590 0.000000 0.087357 0.620703 1.256150 7.886400 32.139852
-0.272069 0.340898 0.038812 3.141590 0.000000 0.087357 0.601205 1.318130 7.990799 32.208360
-0.272079 0.340939 0.038815 3.141590 0.000000 0.087357 0.563081 1.373163 8.189738 32.276736
-0.272103 0.341020 0.038822 3.141590 0.000000 0.087357 0.504673 1.464429 8.539204 32.344980
-0.272117 0.341061 0.038826 3.141590 0.000000 0.087357 0.490660 1.491203 8.654382 32.413092
-0.272132 0.341102 0.038830 3.141590 0.000000 0.087357 0.473250 1.524467 8.797481 32.481074
-0.272148 0.341143 0.038834 3.141590 0.000000 0.087357 0.457192 1.555147 8.929465 32.548926
-0.272204 0.341263 0.038847 3.141590 0.000000 0.087357 0.418611 1.619698 9.159462 32.616649
-0.272248 0.341343 0.038858 3.141590 0.000000 0.087357 0.350939 1.627500 9.212009 32.684244
-0.272248 0.341343 0.038858 3.141590 0.000000 0.087357 0.350939 1.627500 9.212009 32.751711
-0.272272 0.341382 0.038865 3.141590 0.000000 0.087357 0.324552 1.653089 9.230785 32.819051
-0.272297 0.341420 0.038871 3.141590 0.000000 0.087357 0.299773 1.679330 9.251746 32.886266
-0.272323 0.341458 0.038877 3.141590 0.000000 0.087357 0.282140 1.699584 9.269044 32.953354
-0.272379 0.341530 0.038890 3.141590 0.000000 0.087357 0.233831 1.736218 9.294534 33.020318
-0.272440 0.341597 0.038903 3.141590 0.000000 0.087357 0.151122 1.689376 9.209114 33.087158
-0.272472 0.341628 0.038908 3.141590 0.000000 0.087357 0.109160 1.661421 9.154934 33.153875
-0.272506 0.341658 0.038912 3.141590 0.000000 0.087357 0.079842 1.641890 9.117079 33.220469
-0.272615 0.341729 0.038915 3.141590 0.000000 0.087357 -0.007037 1.561396 8.926682 33.286941
-0.272654 0.341747 0.038914 3.141590 0.000000 0.087357 -0.018064 1.525953 8.815261 33.353291
-0.272693 0.341760 0.038911 3.141590 0.000000 0.087357 -0.037782 1.498945 8.726121 33.419521
-0.272774 0.341776 0.038906 3.141590 0.000000 0.087357 -0.081031 1.411657 8.481858 33.485631
-0.272814 0.341779 0.038903 3.141590 0.000000 0.087357 -0.077390 1.349932 8.355740 33.551621
-0.272855 0.341780 0.038902 3.141590 0.000000 0.087357 -0.124252 1.331081 8.253075 33.617493
-0.272896 0.341778 0.038901 3.141590 0.000000 0.087357 -0.156995 1.317909 8.181345 33.683247
-0.272978 0.341767 0.038902 3.141590 0.000000 0.087357 -0.226446 1.256837 8.029118 33.748883
-0.273019 0.341759 0.038903 3.141590 0.000000 0.087357 -0.250183 1.206122 7.977021 33.814402
-0.273144 0.341723 0.038901 3.141590 0.000000 0.087357 -0.345329 1.095073 7.874838 33.879806
-0.273186 0.341709 0.038898 3.141590 0.000000 0.087357 -0.376363 1.060748 7.843701 33.945093
-0.273227 0.341692 0.038894 3.141590 0.000000 0.087357 -0.406001 1.023138 7.811780 34.010266
-0.273310 0.341654 0.038883 3.141590 0.000000 0.087357 -0.457401 0.935086 7.746096 34.075324
-0.273351 0.341633 0.038876 3.141590 0.000000 0.087357 -0.480600 0.876144 7.713407 34.140269
-0.273430 0.341589 0.038862 3.141590 0.000000 0.087357 -0.520572 0.785693 7.731227 34.205100
-0.273468 0.341566 0.038856 3.141590 0.000000 0.087357 -0.540971 0.755145 7.767131 34.269819
-0.273506 0.341543 0.038850 3.141590 0.000000 0.087357 -0.571536 0.717848 7.799772 34.334426
-0.273543 0.341517 0.038846 3.141590 0.000000 0.087357 -0.571536 0.717848 7.799772 34.398921
-0.273678 0.341404 0.038839 3.141590 0.000000 0.087357 -0.662782 0.575777 8.108911 34.463305
-0.273709 0.341373 0.038840 3.141590 0.000000 0.087357 -0.676900 0.542075 8.176291 34.527580
-0.273709 0.341373 0.038840 3.141590 0.000000 0.087357 -0.676900 0.542075 8.176291 34.591744
-0.273737 0.341340 0.038842 3.141590 0.000000 0.087357 -0.694440 0.500204 8.260004 34.655799
-0.273763 0.341307 0.038843 3.141590 0.000000 0.087357 -0.710617 0.461586 8.337214 34.719746
-0.273786 0.341273 0.038845 3.141590 0.000000 0.087357 -0.704104 0.426796 8.357784 34.783585
-0.273828 0.341203 0.038848 3.141590 0.000000 0.087357 -0.675041 0.364594 8.352717 34.847316
-0.273846 0.341166 0.038850 3.141590 0.000000 0.087357 -0.650307 0.321635 8.336743 34.910941
-0.273872 0.341091 0.038857 3.141590 0.000000 0.087357 -0.616136 0.269431 8.308189 34.974458
-0.273880 0.341053 0.038861 3.141590 0.000000 0.087357 -0.588924 0.220584 8.270701 35.037870
-0.273885 0.340933 0.038871 3.141590 0.000000 0.087357 -0.496894 0.050430 8.242832 35.101177
-0.273876 0.340849 0.038873 3.141590 0.000000 0.087357 -0.459772 0.025448 8.208626 35.164379
-0.273868 0.340806 0.038872 3.141590 0.000000 0.087357 -0.430260 0.012288 8.171650 35.227476
-0.273858 0.340763 0.038870 3.141590 0.000000 0.087357 -0.393593 -0.004062 8.125711 35.290470
-0.273847 0.340720 0.038867 3.141590 0.000000 0.087357 -0.359774 -0.019142 8.083340 35.353360
-0.273822 0.340636 0.038863 3.141590 0.000000 0.087357 -0.301770 -0.068506 8.009344 35.416148
-0.273822 0.340636 0.038863 3.141590 0.000000 0.087357 -0.301770 -0.068506 8.009344 35.478833
-0.273807 0.340593 0.038862 3.141590 0.000000 0.087357 -0.282752 -0.089987 7.984784 35.541417
-0.273791 0.340551 0.038861 3.141590 0.000000 0.087357 -0.240347 -0.112775 7.974871 35.603899
-0.273774 0.340508 0.038860 3.141590 0.000000 0.087357 -0.201237 -0.133793 7.965729 35.666281
-0.273716 0.340382 0.038854 3.141590 0.000000 0.087357 -0.136970 -0.153015 7.958077 35.728562
-0.273693 0.340341 0.038852 3.141590 0.000000 0.087357 -0.114901 -0.149240 7.948350 35.790743
-0.273668 0.340301 0.038850 3.141590 0.000000 0.087357 -0.086049 -0.151061 7.950249 35.852825
-0.273615 0.340223 0.038849 3.141590 0.000000 0.087357 -0.033515 -0.183779 8.031355 35.914808
-0.273587 0.340186 0.038849 3.141590 0.000000 0.087357 -0.032312 -0.176169 8.068168 35.976693
-0.273557 0.340150 0.038850 3.141590 0.000000 0.087357 -0.031473 -0.170852 8.093888 36.038480
-0.273496 0.340082 0.038852 3.141590 0.000000 0.087357 -0.029467 -0.158153 8.155316 36.100169
-0.273432 0.340020 0.038851 3.141590 0.000000 0.087357 0.048084 -0.114677 8.239178 36.161762
-0.273432 0.340020 0.038851 3.141590 0.000000 0.087357 0.048084 -0.114677 8.239178 36.223257
-0.273292 0.339921 0.038842 3.141590 0.000000 0.087357 0.200836 -0.080637 8.271944 36.284657
-0.273255 0.339904 0.038841 3.141590 0.000000 0.087357 0.223706 -0.065554 8.268087 36.345961
-0.273218 0.339890 0.038841 3.141590 0.000000 0.087357 0.239685 -0.055016 8.265392 36.407170
-0.273181 0.339879 0.038843 3.141590 0.000000 0.087357 0.259537 -0.041923 8.262045 36.468284
-0.273143 0.339871 0.038846 3.141590 0.000000 0.087357 0.278205 -0.024184 8.296140 36.529304
-0.273105 0.339866 0.038849 3.141590 0.000000 0.087357 0.295538 -0.006009 8.339489 36.590230
-0.273067 0.339863 0.038853 3.141590 0.000000 0.087357 0.328837 0.028632 8.362533 36.651062
-0.273029 0.339863 0.038857 3.141590 0.000000 0.087357 0.365091 0.066305 8.378364 36.711801
-0.272990 0.339865 0.038861 3.141590 0.000000 0.087357 0.390421 0.092627 8.389426 36.772448
-0.272951 0.339869 0.038864 3.141590 0.000000 0.087357 0.421891 0.125330 8.403168 36.833003
-0.272745 0.339915 0.038868 3.141590 0.000000 0.087357 0.360783 0.838685 7.275607 36.893466
-0.272701 0.339930 0.038870 3.141590 0.000000 0.087357 0.364094 0.958552 7.003266 36.953837
-0.272657 0.339946 0.038872 3.141590 0.000000 0.087357 0.372318 1.081354 6.782891 37.014118
-0.272613 0.339963 0.038874 3.141590 0.000000 0.087357 0.383507 1.201724 6.613918 37.074308
-0.272569 0.339980 0.038875 3.141590 0.000000 0.087357 0.393827 1.312744 6.458069 37.134408
-0.272526 0.339997 0.038876 3.141590 0.000000 0.087357 0.416397 1.389848 6.329789 37.194418
-0.272485 0.340015 0.038875 3.141590 0.000000 0.087357 0.483778 1.484451 6.120744 37.254339
-0.272443 0.340033 0.038873 3.141590 0.000000 0.087357 0.528281 1.591419 5.942549 37.314171
-0.272403 0.340053 0.038869 3.141590 0.000000 0.087357 0.518482 1.746883 5.820297 37.373914
-0.272363 0.340074 0.038863 3.141590 0.000000 0.087357 0.509443 1.890270 5.707542 37.433570
-0.272210 0.340174 0.038820 3.141590 0.000000 0.087357 0.577243 2.472655 5.523859 37.493138
-0.272173 0.340203 0.038808 3.141590 0.000000 0.087357 0.626310 2.683645 5.551517 37.552618
-0.272137 0.340233 0.038795 3.141590 0.000000 0.087357 0.677550 2.919827 5.595622 37.612011
-0.272137 0.340233 0.038795 3.141590 0.000000 0.087357 0.677550 2.919827 5.595622 37.671318
-0.272070 0.340298 0.038772 3.141590 0.000000 0.087357 0.779623 3.393395 5.822967 37.730538
-0.272070 0.340298 0.038772 3.141590 0.000000 0.087357 0.779623 3.393395 5.822967 37.789673
-0.272010 0.340367 0.038750 3.141590 0.000000 0.087357 0.796230 3.870996 6.274430 37.848722
-0.271984 0.340403 0.038741 3.141590 0.000000 0.087357 0.797803 4.081821 6.488221 37.907687
-0.271940 0.340478 0.038729 3.141590 0.000000 0.087357 0.695897 3.651746 6.880881 37.966566
-0.271940 0.340478 0.038729 3.141590 0.000000 0.087357 0.695897 3.651746 6.880881 38.025361
-0.271895 0.340642 0.038729 3.141590 0.000000 0.087357 0.807363 3.439328 7.852003 38.084072
-0.271892 0.340685 0.038733 3.141590 0.000000 0.087357 0.826681 3.395186 8.079488 38.142700
-0.271892 0.340729 0.038739 3.141590 0.000000 0.087357 0.810798 3.319983 8.284676 38.201244
-0.271900 0.340816 0.038752 3.141590 0.000000 0.087357 0.764621 3.204890 8.841646 38.259705
-0.271900 0.340816 0.038752 3.141590 0.000000 0.087357 0.764621 3.204890 8.841646 38.318084
-0.271914 0.340903 0.038767 3.141590 0.000000 0.087357 0.696919 3.073125 9.337285 38.376380
-0.271923 0.340947 0.038775 3.141590 0.000000 0.087357 0.652896 2.978570 9.531946 38.434595
-0.271946 0.341034 0.038795 3.141590 0.000000 0.087357 0.574505 2.822034 9.809496 38.492728
-0.271960 0.341078 0.038808 3.141590 0.000000 0.087357 0.536603 2.762288 9.920821 38.550780
-0.272007 0.341207 0.038848 3.141590 0.000000 0.087357 0.459683 2.618018 10.048199 38.608751
-0.272025 0.341250 0.038862 3.141590 0.000000 0.087357 0.439727 2.553857 10.061804 38.666641
-0.272045 0.341294 0.038875 3.141590 0.000000 0.087357 0.414934 2.474144 10.078706 38.724451
-0.272084 0.341379 0.038901 3.141590 0.000000 0.087357 0.369666 2.326218 10.012732 38.782182
-0.272104 0.341420 0.038913 3.141590 0.000000 0.087357 0.348584 2.255484 9.906793 38.839833
-0.272147 0.341499 0.038933 3.141590 0.000000 0.087357 0.306070 2.124596 9.634496 38.897405
-0.272170 0.341536 0.038941 3.141590 0.000000 0.087357 0.286011 2.046488 9.449198 38.954897
-0.272219 0.341607 0.038952 3.141590 0.000000 0.087357 0.245119 1.913506 9.051739 39.012312
-0.272219 0.341607 0.038952 3.141590 0.000000 0.087357 0.245119 1.913506 9.051739 39.069648
-0.272302 0.341706 0.038954 3.141590 0.000000 0.087357 0.179402 1.755513 8.522868 39.126906
-0.272363 0.341766 0.038946 3.141590 0.000000 0.087357 0.128774 1.656227 8.068393 39.184087
-0.272363 0.341766 0.038946 3.141590 0.000000 0.087357 0.128774 1.656227 8.068393 39.241190
-0.272427 0.341818 0.038935 3.141590 0.000000 0.087357 0.087312 1.621375 7.681273 39.298216
-0.272460 0.341841 0.038929 3.141590 0.000000 0.087357 0.073412 1.609692 7.551500 39.355166
-0.272560 0.341899 0.038909 3.141590 0.000000 0.087357 0.007678 1.449278 7.081075 39.412040
-0.272560 0.341899 0.038909 3.141590 0.000000 0.087357 0.007678 1.449278 7.081075 39.468837
-0.272631 0.341925 0.038892 3.141590 0.000000 0.087357 -0.043387 1.353712 6.913862 39.525559
-0.272631 0.341925 0.038892 3.141590 0.000000 0.087357 -0.043387 1.353712 6.913862 39.582205
-0.272782 0.341942 0.038855 3.141590 0.000000 0.087357 -0.093750 1.239124 6.841446 39.638776
-0.272821 0.341939 0.038844 3.141590 0.000000 0.087357 -0.110128 1.224481 6.857694 39.695272
-0.272861 0.341934 0.038835 3.141590 0.000000 0.087357 -0.161035 1.202263 6.940296 39.751694
-0.272901 0.341928 0.038826 3.141590 0.000000 0.087357 -0.207566 1.184882 7.029306 39.808041
-0.272941 0.341920 0.038817 3.141590 0.000000 0.087357 -0.249264 1.177813 7.148355 39.864315
-0.272941 0.341920 0.038817 3.141590 0.000000 0.087357 -0.249264 1.177813 7.148355 39.920515
-0.273022 0.341901 0.038803 3.141590 0.000000 0.087357 -0.323196 1.165279 7.359430 39.976641
-0.273022 0.341901 0.038803 3.141590 0.000000 0.087357 -0.347979 1.161077 7.430188 40.032695
-0.273147 0.341863 0.038795 3.141590 0.000000 0.087357 -0.436600 1.106453 7.765265 40.088676
-0.273190 0.341847 0.038796 3.141590 0.000000 0.087357 -0.480019 1.067021 7.951108 40.144584
-0.273322 0.341792 0.038809 3.141590 0.000000 0.087357 -0.580585 0.961671 8.442123 40.200420
-0.273409 0.341751 0.038820 3.141590 0.000000 0.087357 -0.605958 0.863472 8.724188 40.256184
-0.273409 0.341751 0.038820 3.141590 0.000000 0.087357 -0.605958 0.863472 8.724188 40.311876
-0.273491 0.341707 0.038830 3.141590 0.000000 0.087357 -0.639611 0.761826 8.904514 40.367497
-0.273530 0.341685 0.038833 3.141590 0.000000 0.087357 -0.656752 0.723336 8.943518 40.423047
-0.273606 0.341639 0.038838 3.141590 0.000000 0.087357 -0.660629 0.668516 9.020639 40.478525
-0.273643 0.341615 0.038840 3.141590 0.000000 0.087357 -0.656421 0.650188 9.052204 40.533934
-0.273714 0.341563 0.038846 3.141590 0.000000 0.087357 -0.652160 0.604287 9.077388 40.589272
-0.273714 0.341563 0.038846 3.141590 0.000000 0.087357 -0.652160 0.604287 9.077388 40.644540
-0.273846 0.341449 0.038872 3.141590 0.000000 0.087357 -0.631171 0.436879 8.948958 40.699738
-0.273875 0.341419 0.038881 3.141590 0.000000 0.087357 -0.628943 0.409476 8.913954 40.754867
-0.273903 0.341387 0.038889 3.141590 0.000000 0.087357 -0.620317 0.390372 8.884615 40.809926
-0.273903 0.341387 0.038889 3.141590 0.000000 0.087357 -0.591491 0.366743 8.835659 40.864917
-0.273952 0.341323 0.038905 3.141590 0.000000 0.087357 -0.564904 0.344950 8.790505 40.919838
-0.273972 0.341291 0.038911 3.141590 0.000000 0.087357 -0.546040 0.315123 8.729467 40.974692
-0.274006 0.341223 0.038917 3.141590 0.000000 0.087357 -0.517689 0.246182 8.584481 41.029477
-0.274020 0.341188 0.038918 3.141590 0.000000 0.087357 -0.494563 0.227904 8.533421 41.084194
-0.274030 0.341151 0.038916 3.141590 0.000000 0.087357 -0.465831 0.205196 8.469984 41.138843
-0.274044 0.340996 0.038896 3.141590 0.000000 0.087357 -0.394715 0.110740 8.135587 41.193425
-0.274043 0.340955 0.038889 3.141590 0.000000 0.087357 -0.370398 0.085022 8.005653 41.247940
-0.274040 0.340913 0.038884 3.141590 0.000000 0.087357 -0.332927 0.065299 7.881990 41.302387
-0.274036 0.340871 0.038879 3.141590 0.000000 0.087357 -0.304567 0.057599 7.799676 41.356768
-0.274032 0.340830 0.038875 3.141590 0.000000 0.087357 -0.285740 0.054432 7.754355 41.411083
-0.274026 0.340789 0.038873 3.141590 0.000000 0.087357 -0.258882 0.030963 7.709475 41.465331
-0.274019 0.340749 0.038872 3.141590 0.000000 0.087357 -0.240117 0.014565 7.678118 41.519513
-0.274010 0.340709 0.038872 3.141590 0.000000 0.087357 -0.216803 -0.005808 7.639160 41.573630
-0.273989 0.340629 0.038873 3.141590 0.000000 0.087357 -0.149206 -0.034534 7.661908 41.627681
-0.273989 0.340629 0.038873 3.141590 0.000000 0.087357 -0.149206 -0.034534 7.661908 41.681667
-0.273929 0.340467 0.038866 3.141590 0.000000 0.087357 -0.056789 -0.146828 7.829313 41.735588
-0.273910 0.340425 0.038861 3.141590 0.000000 0.087357 -0.035358 -0.163526 7.861924 41.789443
-0.273889 0.340384 0.038856 3.141590 0.000000 0.087357 -0.011481 -0.152360 7.874311 41.843235
-0.273844 0.340302 0.038844 3.141590 0.000000 0.087357 0.011034 -0.133405 7.912603 41.896962
-0.273821 0.340263 0.038838 3.141590 0.000000 0.087357 0.016414 -0.123118 7.939937 41.950625
-0.273797 0.340224 0.038833 3.141590 0.000000 0.087357 0.035559 -0.138736 8.027834 42.004224
-0.273772 0.340186 0.038830 3.141590 0.000000 0.087357 0.045432 -0.147447 8.121513 42.057759
-0.273696 0.340077 0.038829 3.141590 0.000000 0.087357 0.063428 -0.156037 8.387424 42.111231
-0.273670 0.340043 0.038832 3.141590 0.000000 0.087357 0.107410 -0.156526 8.494593 42.164640
-0.273613 0.339976 0.038839 3.141590 0.000000 0.087357 0.199276 -0.131706 8.669735 42.217986
-0.273584 0.339944 0.038844 3.141590 0.000000 0.087357 0.233100 -0.117784 8.725206 42.271269
-0.273554 0.339913 0.038848 3.141590 0.000000 0.087357 0.275122 -0.100489 8.794123 42.324489
-0.273491 0.339857 0.038857 3.141590 0.000000 0.087357 0.335498 -0.053762 8.901427 42.377647
-0.273459 0.339832 0.038861 3.141590 0.000000 0.087357 0.350913 -0.020237 8.937003 42.430743
-0.273393 0.339787 0.038871 3.141590 0.000000 0.087357 0.356254 0.058238 8.962027 42.483778
-0.273359 0.339767 0.038876 3.141590 0.000000 0.087357 0.377484 0.097011 8.935040 42.536750
-0.273359 0.339767 0.038876 3.141590 0.000000 0.087357 0.415653 0.128373 8.878988 42.589661
-0.273289 0.339736 0.038887 3.141590 0.000000 0.087357 0.444093 0.167837 8.834817 42.642511
-0.273252 0.339724 0.038892 3.141590 0.000000 0.087357 0.470324 0.204234 8.794078 42.695300
-0.273138 0.339706 0.038898 3.141590 0.000000 0.087357 0.515742 0.488354 7.958217 42.748028
-0.273098 0.339706 0.038898 3.141590 0.000000 0.087357 0.507993 0.605395 7.567980 42.800695
-0.273057 0.339707 0.038897 3.141590 0.000000 0.087357 0.494894 0.709827 7.213719 42.853303
-0.272976 0.339715 0.038891 3.141590 0.000000 0.087357 0.474370 0.873444 6.658684 42.905849
-0.272935 0.339720 0.038888 3.141590 0.000000 0.087357 0.465381 0.946533 6.362067 42.958336
-0.272852 0.339735 0.038881 3.141590 0.000000 0.087357 0.457747 1.017842 5.764233 43.010763
-0.272852 0.339735 0.038881 3.141590 0.000000 0.087357 0.457747 1.017842 5.764233 43.063131
-0.272768 0.339756 0.038869 3.141590 0.000000 0.087357 0.411819 1.097124 5.337014 43.115439
-0.272725 0.339768 0.038860 3.141590 0.000000 0.087357 0.415586 1.147518 5.104056 43.167688
-0.272595 0.339811 0.038828 3.141590 0.000000 0.087357 0.444980 1.290301 4.585097 43.219878
-0.272507 0.339844 0.038801 3.141590 0.000000 0.087357 0.478994 1.479336 4.355352 43.272009
-0.272507 0.339844 0.038801 3.141590 0.000000 0.087357 0.478994 1.479336 4.355352 43.324082
-0.272422 0.339879 0.038772 3.141590 0.000000 0.087357 0.585570 1.745995 4.238675 43.376097
-0.272380 0.339897 0.038758 3.141590 0.000000 0.087357 0.636625 1.846137 4.207710 43.428053
-0.272339 0.339916 0.038744 3.141590 0.000000 0.087357 0.700055 1.970555 4.169238 43.479951
-0.272299 0.339936 0.038731 3.141590 0.000000 0.087357 0.758558 2.085309 4.133754 43.531791
-0.272260 0.339957 0.038718 3.141590 0.000000 0.087357 0.831216 2.312278 4.165586 43.583574
-0.272222 0.339978 0.038706 3.141590 0.000000 0.087357 0.904214 2.560388 4.215609 43.635300
-0.272185 0.340001 0.038694 3.141590 0.000000 0.087357 0.996389 2.844470 4.294266 43.686968
-0.272076 0.340075 0.038664 3.141590 0.000000 0.087357 1.233014 3.760339 4.719904 43.738579
-0.272007 0.340132 0.038652 3.141590 0.000000 0.087357 1.231461 4.242058 5.110399 43.790133
-0.272007 0.340132 0.038652 3.141590 0.000000 0.087357 1.231461 4.242058 5.110399 43.841631
-0.271973 0.340162 0.038649 3.141590 0.000000 0.087357 1.230668 4.488222 5.309947 43.893072
-0.271941 0.340192 0.038648 3.141590 0.000000 0.087357 1.291348 4.749649 5.617374 43.944457
-0.271911 0.340223 0.038649 3.141590 0.000000 0.087357 1.366971 5.001775 5.940412 43.995786
-0.271855 0.340289 0.038655 3.141590 0.000000 0.087357 1.658405 5.757688 6.683029 44.047059
-0.271855 0.340289 0.038655 3.141590 0.000000 0.087357 1.658405 5.757688 6.683029 44.098277
