-0.286045 0.362495 -0.015398 0.087408 0.000000 3.141590 -0.057915 0.079013 -0.006862 0.000000
-0.286045 0.362495 -0.015398 0.087408 0.000000 3.141590 -0.057915 0.079013 -0.006862 0.000000
-0.286045 0.362495 -0.015398 0.087408 0.000000 3.141590 -0.057163 0.082853 -0.002847 0.000000
-0.286045 0.362495 -0.015398 0.087408 0.000000 3.141590 -0.059020 0.085892 -0.007228 0.000000
-0.286045 0.362495 -0.015398 0.087408 0.000000 3.141590 -0.060316 0.088014 -0.010290 0.000000
-0.286045 0.362495 -0.015398 0.087408 0.000000 3.141590 -0.061928 0.090652 -0.014093 0.000000
-0.286044 0.362494 -0.015399 0.087408 0.000000 3.141590 -0.063414 0.093084 -0.017601 0.000000
-0.286044 0.362494 -0.015399 0.087408 0.000000 3.141590 -0.063414 0.093084 -0.017601 0.000000
-0.286042 0.362491 -0.015403 0.087408 0.000000 3.141590 -0.067664 0.101124 -0.015073 0.000000
-0.286040 0.362487 -0.015407 0.087408 0.000000 3.141590 -0.068053 0.102705 -0.014158 0.000000
-0.286039 0.362469 -0.015433 0.087408 0.000000 3.141590 -0.064662 0.100105 -0.015939 0.000000
-0.286039 0.362469 -0.015433 0.087408 0.000000 3.141590 -0.064662 0.100105 -0.015939 0.000000
-0.286041 0.362462 -0.015447 0.087408 0.000000 3.141590 -0.063604 0.099294 -0.016495 0.000000
-0.286045 0.362451 -0.015480 0.087408 0.000000 3.141590 -0.061728 0.097856 -0.017481 0.000000
-0.286045 0.362451 -0.015480 0.087408 0.000000 3.141590 -0.061728 0.097856 -0.017481 0.000000
-0.286046 0.362447 -0.015499 0.087408 0.000000 3.141590 -0.066801 0.076963 -0.027347 0.000000
-0.286047 0.362445 -0.015519 0.087408 0.000000 3.141590 -0.076753 0.037936 -0.045711 0.000000
-0.286047 0.362443 -0.015540 0.087408 0.000000 3.141590 -0.078657 0.038601 -0.057222 0.000000
-0.286042 0.362443 -0.015584 0.087408 0.000000 3.141590 -0.068600 0.107458 -0.067613 0.000000
-0.286042 0.362443 -0.015584 0.087408 0.000000 3.141590 -0.068600 0.107458 -0.067613 0.000000
-0.286038 0.362443 -0.015606 0.087408 0.000000 3.141590 -0.064149 0.137930 -0.072211 0.000000
-0.286033 0.362442 -0.015630 0.087408 0.000000 3.141590 -0.061040 0.159220 -0.075424 0.000000
-0.286019 0.362423 -0.015745 0.087408 0.000000 3.141590 0.008478 0.141719 -0.069932 0.000000
-0.286021 0.362416 -0.015768 0.087408 0.000000 3.141590 0.027110 0.136155 -0.069204 0.000000
-0.286024 0.362410 -0.015790 0.087408 0.000000 3.141590 0.050257 0.129242 -0.068300 0.000000
-0.286028 0.362404 -0.015811 0.087408 0.000000 3.141590 0.071607 0.122866 -0.067465 0.000000
-0.286034 0.362399 -0.015830 0.087408 0.000000 3.141590 0.082380 0.118957 -0.066645 0.000000
-0.286039 0.362395 -0.015849 0.087408 0.000000 3.141590 0.066620 0.121037 -0.065743 0.000000
-0.286045 0.362392 -0.015866 0.087408 0.000000 3.141590 0.052084 0.122956 -0.064911 0.000000
-0.286050 0.362391 -0.015883 0.087408 0.000000 3.141590 0.071381 0.135108 -0.051948 0.000000
-0.286055 0.362390 -0.015900 0.087408 0.000000 3.141590 0.095355 0.150206 -0.035842 0.000000
-0.286058 0.362390 -0.015917 0.087408 0.000000 3.141590 0.117467 0.164131 -0.020988 0.000000
-0.286059 0.362390 -0.015935 0.087408 0.000000 3.141590 0.137861 0.176974 -0.007287 0.000000
-0.286054 0.362386 -0.015996 0.087408 0.000000 3.141590 0.139893 0.184307 -0.009270 0.000000
-0.286050 0.362382 -0.016018 0.087408 0.000000 3.141590 0.153546 0.170334 -0.010605 0.000000
-0.286045 0.362376 -0.016040 0.087408 0.000000 3.141590 0.166139 0.157446 -0.011836 0.000000
-0.286041 0.362370 -0.016062 0.087408 0.000000 3.141590 0.177754 0.145560 -0.012971 0.000000
-0.286037 0.362364 -0.016084 0.087408 0.000000 3.141590 0.188466 0.134597 -0.014018 0.000000
-0.286032 0.362352 -0.016126 0.087408 0.000000 3.141590 0.205250 0.117420 -0.015659 0.000000
-0.286032 0.362346 -0.016145 0.087408 0.000000 3.141590 0.201584 0.112203 -0.014414 0.000000
-0.286033 0.362342 -0.016164 0.087408 0.000000 3.141590 0.186445 0.110811 -0.011266 0.000000
-0.286036 0.362340 -0.016183 0.087408 0.000000 3.141590 0.158783 0.108745 -0.025559 0.000000
-0.286041 0.362339 -0.016202 0.087408 0.000000 3.141590 0.120115 0.106090 -0.055258 0.000000
-0.286046 0.362341 -0.016223 0.087408 0.000000 3.141590 0.093097 0.104235 -0.076008 0.000000
-0.286067 0.362353 -0.016311 0.087408 0.000000 3.141590 -0.004419 0.077433 -0.079324 0.000000
-0.286070 0.362356 -0.016334 0.087408 0.000000 3.141590 0.003605 0.084369 -0.073695 0.000000
-0.286072 0.362359 -0.016357 0.087408 0.000000 3.141590 0.018246 0.096155 -0.073252 0.000000
-0.286071 0.362360 -0.016379 0.087408 0.000000 3.141590 0.028476 0.104390 -0.072942 0.000000
-0.286069 0.362359 -0.016401 0.087408 0.000000 3.141590 0.041186 0.114621 -0.072557 0.000000
-0.286069 0.362359 -0.016401 0.087408 0.000000 3.141590 0.041186 0.114621 -0.072557 0.000000
-0.286066 0.362357 -0.016421 0.087408 0.000000 3.141590 0.052909 0.124057 -0.072202 0.000000
-0.286062 0.362353 -0.016441 0.087408 0.000000 3.141590 0.063721 0.132761 -0.071874 0.000000
-0.286058 0.362348 -0.016460 0.087408 0.000000 3.141590 0.067750 0.136609 -0.071211 0.000000
-0.286049 0.362335 -0.016499 0.087408 0.000000 3.141590 0.044973 0.122185 -0.068401 0.000000
-0.286049 0.362335 -0.016499 0.087408 0.000000 3.141590 0.044973 0.122185 -0.068401 0.000000
-0.286045 0.362314 -0.016584 0.087408 0.000000 3.141590 0.048281 0.080113 -0.097825 0.000000
-0.286053 0.362310 -0.016629 0.087408 0.000000 3.141590 0.023318 0.097150 -0.093709 0.000000
-0.286058 0.362309 -0.016651 0.087408 0.000000 3.141590 0.001690 0.108732 -0.084432 0.000000
-0.286064 0.362309 -0.016673 0.087408 0.000000 3.141590 -0.036947 0.119387 -0.058961 0.000000
-0.286069 0.362309 -0.016695 0.087408 0.000000 3.141590 -0.072582 0.129214 -0.035470 0.000000
-0.286075 0.362309 -0.016715 0.087408 0.000000 3.141590 -0.105450 0.138277 -0.013802 0.000000
-0.286079 0.362307 -0.016734 0.087408 0.000000 3.141590 -0.128414 0.144610 0.001336 0.000000
-0.286082 0.362305 -0.016753 0.087408 0.000000 3.141590 -0.156945 0.152478 0.020144 0.000000
-0.286084 0.362301 -0.016772 0.087408 0.000000 3.141590 -0.183260 0.159735 0.037491 0.000000
-0.286082 0.362289 -0.016812 0.087408 0.000000 3.141590 -0.180244 0.139088 0.010558 0.000000
-0.286082 0.362289 -0.016812 0.087408 0.000000 3.141590 -0.180244 0.139088 0.010558 0.000000
-0.286070 0.362270 -0.016877 0.087408 0.000000 3.141590 -0.140446 0.169252 -0.004435 0.000000
-0.286062 0.362261 -0.016923 0.087408 0.000000 3.141590 -0.112473 0.196189 -0.009596 0.000000
-0.286062 0.362261 -0.016923 0.087408 0.000000 3.141590 -0.112473 0.196189 -0.009596 0.000000
-0.286058 0.362259 -0.016946 0.087408 0.000000 3.141590 -0.107700 0.173931 0.019506 0.000000
-0.286058 0.362259 -0.016946 0.087408 0.000000 3.141590 -0.104365 0.158380 0.039840 0.000000
-0.286056 0.362259 -0.016990 0.087408 0.000000 3.141590 -0.116280 0.150864 0.031306 0.000000
-0.286057 0.362262 -0.017011 0.087408 0.000000 3.141590 -0.132410 0.147710 0.012618 0.000000
-0.286058 0.362265 -0.017033 0.087408 0.000000 3.141590 -0.147286 0.144801 -0.004618 0.000000
-0.286060 0.362269 -0.017054 0.087408 0.000000 3.141590 -0.161008 0.142118 -0.020516 0.000000
-0.286062 0.362272 -0.017076 0.087408 0.000000 3.141590 -0.170594 0.140244 -0.031623 0.000000
-0.286064 0.362275 -0.017097 0.087408 0.000000 3.141590 -0.182505 0.137915 -0.045423 0.000000
-0.286064 0.362278 -0.017119 0.087408 0.000000 3.141590 -0.189810 0.140543 -0.055676 0.000000
-0.286059 0.362276 -0.017184 0.087408 0.000000 3.141590 -0.173538 0.148827 -0.046073 0.000000
-0.286055 0.362272 -0.017206 0.087408 0.000000 3.141590 -0.162562 0.120455 -0.028586 0.000000
-0.286046 0.362261 -0.017251 0.087408 0.000000 3.141590 -0.145367 0.076003 -0.001187 0.000000
-0.286042 0.362254 -0.017273 0.087408 0.000000 3.141590 -0.137396 0.063749 0.001264 0.000000
-0.286039 0.362248 -0.017294 0.087408 0.000000 3.141590 -0.130829 0.062493 -0.007567 0.000000
-0.286037 0.362242 -0.017314 0.087408 0.000000 3.141590 -0.126039 0.061538 -0.010111 0.000000
-0.286037 0.362237 -0.017334 0.087408 0.000000 3.141590 -0.125276 0.061242 0.003684 0.000000
-0.286038 0.362233 -0.017353 0.087408 0.000000 3.141590 -0.124743 0.061034 0.013322 0.000000
-0.286041 0.362230 -0.017372 0.087408 0.000000 3.141590 -0.124080 0.060777 0.025297 0.000000
-0.286046 0.362229 -0.017391 0.087408 0.000000 3.141590 -0.123469 0.060539 0.036341 0.000000
-0.286051 0.362228 -0.017411 0.087408 0.000000 3.141590 -0.122905 0.060320 0.046527 0.000000
-0.286067 0.362227 -0.017477 0.087408 0.000000 3.141590 -0.111217 0.046110 0.037531 0.000000
-0.286067 0.362227 -0.017477 0.087408 0.000000 3.141590 -0.111217 0.046110 0.037531 0.000000
-0.286075 0.362224 -0.017522 0.087408 0.000000 3.141590 -0.097695 0.041532 0.087310 0.000000
-0.286075 0.362224 -0.017522 0.087408 0.000000 3.141590 -0.097695 0.041532 0.087310 0.000000
-0.286076 0.362220 -0.017545 0.087408 0.000000 3.141590 -0.090298 0.041320 0.128294 0.000000
-0.286073 0.362208 -0.017589 0.087408 0.000000 3.141590 -0.077184 0.040946 0.200958 0.000000
-0.286068 0.362202 -0.017611 0.087408 0.000000 3.141590 -0.190901 0.069515 0.387005 0.000000
-0.286062 0.362195 -0.017632 0.087408 0.000000 3.141590 -0.270355 0.089476 0.516994 0.000000
-0.286054 0.362189 -0.017654 0.087408 0.000000 3.141590 -0.370260 0.098066 0.687583 0.000000
-0.286046 0.362184 -0.017675 0.087408 0.000000 3.141590 -0.462788 0.100800 0.847832 0.000000
-0.286037 0.362180 -0.017697 0.087408 0.000000 3.141590 -0.548128 0.103321 0.995633 0.000000
-0.286028 0.362178 -0.017718 0.087408 0.000000 3.141590 -0.626840 0.105647 1.131954 0.000000
-0.286005 0.362181 -0.017783 0.087408 0.000000 3.141590 -0.821175 0.113508 1.452245 0.000000
-0.286000 0.362184 -0.017804 0.087408 0.000000 3.141590 -0.909714 0.124189 1.543666 0.000000
-0.285998 0.362187 -0.017825 0.087408 0.000000 3.141590 -0.971575 0.131652 1.607541 0.000000
-0.285999 0.362194 -0.017864 0.087408 0.000000 3.141590 -1.119176 0.096011 1.845242 0.000000
-0.285999 0.362194 -0.017864 0.087408 0.000000 3.141590 -1.119176 0.096011 1.845242 0.000000
-0.286002 0.362197 -0.017881 0.087408 0.000000 3.141590 -1.184483 0.076577 1.956262 0.000000
-0.286012 0.362197 -0.017910 0.087408 0.000000 3.141590 -1.323257 0.003201 2.132424 0.000000
-0.286017 0.362195 -0.017922 0.087408 0.000000 3.141590 -1.444174 -0.093181 2.225494 0.000000
-0.286023 0.362191 -0.017933 0.087408 0.000000 3.141590 -1.536785 -0.184982 2.331118 0.000000
-0.286028 0.362186 -0.017945 0.087408 0.000000 3.141590 -1.567700 -0.278025 2.485544 0.000000
-0.286032 0.362180 -0.017956 0.087408 0.000000 3.141590 -1.589300 -0.343033 2.593439 0.000000
-0.286037 0.362161 -0.017993 0.087408 0.000000 3.141590 -1.663715 -0.566998 2.965160 0.000000
-0.286034 0.362155 -0.018007 3.141590 0.000000 0.087408 -1.679665 -0.615002 3.044834 0.000000
-0.286020 0.362149 -0.018037 3.141590 0.000000 0.087408 -1.760604 -0.732495 3.301606 0.789582
-0.286010 0.362149 -0.018051 3.141590 0.000000 0.087408 -1.787539 -0.776420 3.398135 1.414427
-0.285998 0.362151 -0.018065 3.141590 0.000000 0.087408 -1.807209 -0.841733 3.524214 1.951272
-0.285985 0.362155 -0.018078 3.141590 0.000000 0.087408 -1.825350 -0.901973 3.640499 2.430349
-0.285971 0.362160 -0.018090 3.141590 0.000000 0.087408 -1.842082 -0.957534 3.747753 2.867533
-0.285957 0.362167 -0.018101 3.141590 0.000000 0.087408 -1.860391 -1.000720 3.838629 3.272450
-0.285943 0.362175 -0.018110 3.141590 0.000000 0.087408 -1.879462 -1.013301 3.884560 3.651484
-0.285916 0.362191 -0.018122 3.141590 0.000000 0.087408 -1.903715 -1.049485 4.018732 4.009133
-0.285880 0.362216 -0.018118 3.141590 0.000000 0.087408 -1.882500 -1.119930 4.284590 4.348715
-0.285877 0.362221 -0.018112 3.141590 0.000000 0.087408 -1.877847 -1.135379 4.342891 4.672763
-0.285877 0.362224 -0.018106 3.141590 0.000000 0.087408 -1.874597 -1.146172 4.383625 4.983261
-0.285878 0.362227 -0.018100 3.141590 0.000000 0.087408 -1.719114 -1.249382 4.061135 5.281803
-0.285882 0.362229 -0.018093 3.141590 0.000000 0.087408 -1.575709 -1.344575 3.763695 5.569688
-0.285882 0.362229 -0.018093 3.141590 0.000000 0.087408 -1.489110 -1.409049 3.508776 5.847997
-0.285897 0.362231 -0.018080 3.141590 0.000000 0.087408 -1.428603 -1.454095 3.330668 6.117637
-0.285909 0.362233 -0.018073 3.141590 0.000000 0.087408 -1.353430 -1.510062 3.109385 6.379378
-0.285940 0.362239 -0.018063 3.141590 0.000000 0.087408 -1.228502 -1.614191 2.728237 6.633884
-0.286027 0.362266 -0.018065 3.141590 0.000000 0.087408 -1.114260 -1.771234 2.313483 6.881729
-0.286077 0.362281 -0.018076 3.141590 0.000000 0.087408 -1.080772 -1.823412 2.187559 7.123416
-0.286077 0.362281 -0.018076 3.141590 0.000000 0.087408 -1.080772 -1.823412 2.187559 7.359385
-0.286127 0.362293 -0.018091 3.141590 0.000000 0.087408 -1.047875 -1.874668 2.063860 7.590027
-0.286127 0.362293 -0.018091 3.141590 0.000000 0.087408 -1.059102 -1.898704 2.002915 7.815692
-0.286151 0.362296 -0.018099 3.141590 0.000000 0.087408 -1.059102 -1.898704 2.002915 8.036690
-0.286195 0.362297 -0.018113 3.141590 0.000000 0.087408 -1.131175 -1.965455 1.829136 8.253301
-0.286195 0.362297 -0.018113 3.141590 0.000000 0.087408 -1.131175 -1.965455 1.829136 8.465779
-0.286231 0.362286 -0.018124 3.141590 0.000000 0.087408 -1.229062 -2.017859 1.688111 8.674353
-0.286245 0.362275 -0.018129 3.141590 0.000000 0.087408 -1.279083 -2.044638 1.616045 8.879232
-0.286263 0.362196 -0.018145 3.141590 0.000000 0.087408 -1.529271 -2.152045 1.436949 9.080607
-0.286246 0.362140 -0.018155 3.141590 0.000000 0.087408 -1.612074 -2.211419 1.382174 9.278654
-0.286231 0.362110 -0.018160 3.141590 0.000000 0.087408 -1.639832 -2.231323 1.363811 9.473532
-0.286190 0.362045 -0.018169 3.141590 0.000000 0.087408 -1.706127 -2.278859 1.319956 9.665391
-0.286165 0.362012 -0.018173 3.141590 0.000000 0.087408 -1.722705 -2.322398 1.293398 9.854366
-0.286138 0.361979 -0.018177 3.141590 0.000000 0.087408 -1.706435 -2.401937 1.259233 10.040586
-0.286138 0.361979 -0.018177 3.141590 0.000000 0.087408 -1.706435 -2.401937 1.259233 10.224168
-0.286108 0.361946 -0.018181 3.141590 0.000000 0.087408 -1.686222 -2.500756 1.216787 10.405221
-0.286045 0.361884 -0.018191 3.141590 0.000000 0.087408 -1.660968 -2.684806 1.141061 10.583848
-0.285912 0.361782 -0.018216 3.141590 0.000000 0.087408 -1.485984 -3.044792 0.903834 10.760144
-0.285880 0.361764 -0.018222 3.141590 0.000000 0.087408 -1.398495 -3.130049 0.830698 10.934199
-0.285849 0.361749 -0.018226 3.141590 0.000000 0.087408 -1.244069 -3.238971 0.745820 11.106096
-0.285819 0.361738 -0.018228 3.141590 0.000000 0.087408 -1.101637 -3.339433 0.667535 11.275914
