-0.286045 0.362516 -0.015400 0.087266 0.000000 3.141590 -0.002395 0.066725 0.002311 0.000000
-0.286045 0.362516 -0.015400 0.087266 0.000000 3.141590 -0.002395 0.066725 0.002311 0.000000
-0.286045 0.362516 -0.015400 0.087266 0.000000 3.141590 -0.002395 0.066725 0.002311 0.000000
-0.286045 0.362516 -0.015400 0.087267 0.000000 3.141590 -0.006361 0.068448 -0.003457 0.000000
-0.286045 0.362516 -0.015400 0.087267 0.000000 3.141590 -0.011288 0.070583 -0.010623 0.000000
-0.286045 0.362516 -0.015400 0.087267 0.000000 3.141590 -0.015832 0.072552 -0.017233 0.000000
-0.286044 0.362511 -0.015404 0.087268 0.000000 3.141590 -0.010511 0.068947 -0.029646 0.000000
-0.286045 0.362508 -0.015409 0.087266 -0.000000 3.141590 -0.013895 0.065167 -0.025711 0.000000
-0.286045 0.362508 -0.015409 0.087266 -0.000000 3.141590 -0.013895 0.065167 -0.025711 0.000000
-0.286047 0.362497 -0.015424 0.087261 -0.000000 3.141590 -0.019198 0.059198 -0.019541 0.000000
-0.286048 0.362491 -0.015435 0.087260 -0.000000 3.141590 -0.021908 0.056166 -0.016390 0.000000
-0.286048 0.362484 -0.015449 0.087260 -0.000000 3.141590 -0.024407 0.053401 -0.013487 0.000000
-0.286047 0.362478 -0.015465 0.087262 -0.000000 3.141590 -0.026713 0.050895 -0.010812 0.000000
-0.286045 0.362472 -0.015482 0.087267 0.000000 3.141590 -0.039400 0.046940 -0.022351 0.000000
-0.286045 0.362472 -0.015482 0.087267 0.000000 3.141590 -0.039400 0.046940 -0.022351 0.000000
-0.286043 0.362467 -0.015501 0.087272 0.000000 3.141590 -0.062254 0.040581 -0.045269 0.000000
-0.286040 0.362464 -0.015521 0.087277 0.000000 3.141590 -0.060078 0.049929 -0.064660 0.000000
-0.286037 0.362461 -0.015565 0.087284 0.000000 3.141590 -0.013283 0.094525 -0.095813 0.000000
-0.286042 0.362462 -0.015634 0.087274 0.000000 3.141590 0.005734 0.105600 -0.101318 0.000000
-0.286045 0.362462 -0.015656 0.087266 -0.000000 3.141590 -0.005556 0.089962 -0.088806 0.000000
-0.286045 0.362462 -0.015656 0.087266 -0.000000 3.141590 -0.005556 0.089962 -0.088806 0.000000
-0.286049 0.362460 -0.015678 0.087258 -0.000000 3.141590 -0.007639 0.087983 -0.076854 0.000000
-0.286057 0.362454 -0.015720 0.087241 -0.000000 3.141590 -0.003982 0.095178 -0.057872 0.000000
-0.286059 0.362448 -0.015739 0.087235 -0.000000 3.141590 -0.002363 0.098387 -0.049474 0.000000
-0.286061 0.362443 -0.015758 0.087232 -0.000000 3.141590 -0.000871 0.101389 -0.041732 0.000000
-0.286061 0.362436 -0.015777 0.087232 -0.000000 3.141590 0.000172 0.103536 -0.036327 0.000000
-0.286061 0.362436 -0.015777 0.087232 -0.000000 3.141590 0.000172 0.103536 -0.036327 0.000000
-0.286059 0.362429 -0.015797 0.087236 -0.000000 3.141590 0.002230 0.104516 -0.029629 0.000000
-0.286055 0.362423 -0.015817 0.087244 -0.000000 3.141590 0.006325 0.100415 -0.023488 0.000000
-0.286027 0.362405 -0.015926 0.087305 0.000000 3.141590 -0.033866 0.087609 -0.024344 0.000000
-0.286027 0.362405 -0.015926 0.087305 0.000000 3.141590 -0.033866 0.087609 -0.024344 0.000000
-0.286022 0.362404 -0.015948 0.087316 0.000000 3.141590 -0.042129 0.074361 -0.017013 0.000000
-0.286019 0.362402 -0.015970 0.087324 0.000000 3.141590 -0.047568 0.062388 -0.009767 0.000000
-0.286017 0.362400 -0.015990 0.087328 0.000000 3.141590 -0.044999 0.059683 -0.002416 0.000000
-0.286017 0.362398 -0.016010 0.087328 0.000000 3.141590 -0.015756 0.092489 -0.000409 0.000000
-0.286017 0.362398 -0.016010 0.087328 0.000000 3.141590 -0.015756 0.092489 -0.000409 0.000000
-0.286021 0.362390 -0.016048 0.087319 0.000000 3.141590 0.030060 0.143700 0.002750 0.000000
-0.286021 0.362390 -0.016048 0.087319 0.000000 3.141590 0.030060 0.143700 0.002750 0.000000
-0.286025 0.362385 -0.016066 0.087311 0.000000 3.141590 0.053473 0.169812 0.004370 0.000000
-0.286029 0.362380 -0.016085 0.087302 0.000000 3.141590 0.075067 0.193866 0.005867 0.000000
-0.286033 0.362374 -0.016105 0.087293 0.000000 3.141590 0.090155 0.210622 0.006916 0.000000
-0.286035 0.362358 -0.016235 0.087289 0.000000 3.141590 0.035736 0.187594 0.041865 0.000000
-0.286035 0.362358 -0.016235 0.087289 0.000000 3.141590 0.035736 0.187594 0.041865 0.000000
-0.286035 0.362358 -0.016235 0.087289 0.000000 3.141590 0.035736 0.187594 0.041865 0.000000
-0.286030 0.362359 -0.016256 0.087299 0.000000 3.141590 0.024671 0.190100 0.041105 0.000000
-0.286024 0.362360 -0.016276 0.087311 0.000000 3.141590 0.047685 0.182134 0.044435 0.000000
-0.286012 0.362364 -0.016313 0.087338 0.000000 3.141590 0.071242 0.157015 0.042580 0.000000
-0.286007 0.362365 -0.016329 0.087350 0.000000 3.141590 0.074136 0.134813 0.036471 0.000000
-0.286002 0.362366 -0.016345 0.087361 0.000000 3.141590 0.076806 0.114319 0.030838 0.000000
-0.285998 0.362366 -0.016360 0.087368 0.000000 3.141590 0.079268 0.095381 0.025645 0.000000
-0.285996 0.362365 -0.016375 0.087373 0.000000 3.141590 0.081539 0.077857 0.020861 0.000000
-0.285996 0.362362 -0.016391 0.087373 0.000000 3.141590 0.083125 0.065561 0.017523 0.000000
-0.285998 0.362359 -0.016407 0.087369 0.000000 3.141590 0.082287 0.057721 0.017389 0.000000
-0.285998 0.362359 -0.016407 0.087369 0.000000 3.141590 0.082287 0.057721 0.017389 0.000000
-0.286012 0.362339 -0.016486 0.087338 0.000000 3.141590 0.003274 0.039107 0.015675 0.000000
-0.286016 0.362334 -0.016508 0.087330 0.000000 3.141590 -0.017498 0.023600 0.007738 0.000000
-0.286018 0.362330 -0.016531 0.087324 0.000000 3.141590 -0.043306 0.004405 -0.002129 0.000000
-0.286020 0.362326 -0.016554 0.087321 0.000000 3.141590 -0.053082 -0.001890 -0.004862 0.000000
-0.286020 0.362324 -0.016576 0.087321 0.000000 3.141590 -0.048627 0.003284 -0.001270 0.000000
-0.286018 0.362323 -0.016599 0.087325 0.000000 3.141590 -0.043635 0.002132 0.007344 0.000000
-0.286014 0.362323 -0.016621 0.087333 0.000000 3.141590 -0.039506 -0.002946 0.017216 0.000000
-0.286010 0.362324 -0.016644 0.087344 0.000000 3.141590 -0.034375 -0.009240 0.029479 0.000000
-0.286010 0.362324 -0.016644 0.087344 0.000000 3.141590 -0.034375 -0.009240 0.029479 0.000000
-0.286004 0.362325 -0.016667 0.087356 0.000000 3.141590 -0.029643 -0.014994 0.040786 0.000000
-0.285998 0.362327 -0.016690 0.087369 0.000000 3.141590 -0.025279 -0.020266 0.051211 0.000000
-0.285986 0.362330 -0.016736 0.087395 0.000000 3.141590 -0.018441 -0.028434 0.067536 0.000000
-0.285981 0.362331 -0.016759 0.087405 0.000000 3.141590 -0.028585 -0.034087 0.070755 0.000000
-0.285977 0.362323 -0.016850 0.087414 0.000000 3.141590 -0.082043 0.002431 0.053180 0.000000
-0.285977 0.362323 -0.016850 0.087414 0.000000 3.141590 -0.082043 0.002431 0.053180 0.000000
-0.285980 0.362319 -0.016872 0.087408 0.000000 3.141590 -0.090784 0.014125 0.048059 0.000000
-0.285984 0.362314 -0.016894 0.087400 0.000000 3.141590 -0.101644 0.028646 0.041696 0.000000
-0.285988 0.362309 -0.016915 0.087392 0.000000 3.141590 -0.076569 0.007864 0.049611 0.000000
-0.285992 0.362304 -0.016936 0.087383 0.000000 3.141590 -0.053440 -0.011316 0.056912 0.000000
-0.285995 0.362299 -0.016956 0.087375 0.000000 3.141590 -0.082220 -0.004760 0.039722 0.000000
-0.285998 0.362295 -0.016977 0.087369 0.000000 3.141590 -0.102327 -0.000190 0.027713 0.000000
-0.286000 0.362291 -0.016997 0.087366 0.000000 3.141590 -0.127309 0.005568 0.012785 0.000000
-0.285999 0.362289 -0.017018 0.087366 0.000000 3.141590 -0.150350 0.010942 -0.000988 0.000000
-0.285997 0.362288 -0.017040 0.087370 0.000000 3.141590 -0.171602 0.015976 -0.013699 0.000000
-0.285994 0.362288 -0.017062 0.087378 0.000000 3.141590 -0.191203 0.020694 -0.025429 0.000000
-0.285977 0.362291 -0.017131 0.087414 0.000000 3.141590 -0.058177 0.073787 -0.023954 0.000000
-0.285977 0.362291 -0.017131 0.087414 0.000000 3.141590 -0.058177 0.073787 -0.023954 0.000000
-0.285971 0.362293 -0.017154 0.087427 0.000000 3.141590 -0.030339 0.066529 -0.021231 0.000000
-0.285966 0.362294 -0.017177 0.087439 0.000000 3.141590 -0.004664 0.059838 -0.018719 0.000000
-0.285961 0.362295 -0.017199 0.087450 0.000000 3.141590 0.013275 0.055199 -0.016968 0.000000
-0.285957 0.362295 -0.017220 0.087458 0.000000 3.141590 0.035562 0.049336 -0.014783 0.000000
-0.285955 0.362292 -0.017260 0.087462 0.000000 3.141590 0.028339 0.044582 0.010833 0.000000
-0.285957 0.362288 -0.017279 0.087459 0.000000 3.141590 0.016985 0.030983 0.024303 0.000000
-0.285960 0.362284 -0.017300 0.087453 0.000000 3.141590 0.005854 0.006550 0.035437 0.000000
-0.285963 0.362279 -0.017320 0.087445 0.000000 3.141590 -0.001923 -0.010591 0.043222 0.000000
-0.285967 0.362274 -0.017342 0.087436 0.000000 3.141590 -0.011585 -0.031868 0.052893 0.000000
-0.285979 0.362256 -0.017431 0.087410 0.000000 3.141590 -0.031497 -0.070024 0.064936 0.000000
-0.285979 0.362256 -0.017431 0.087410 0.000000 3.141590 -0.031497 -0.070024 0.064936 0.000000
-0.285979 0.362254 -0.017453 0.087411 0.000000 3.141590 -0.019067 -0.031862 0.037641 0.000000
-0.285977 0.362252 -0.017476 0.087415 0.000000 3.141590 -0.012738 -0.012520 0.020807 0.000000
-0.285973 0.362252 -0.017497 0.087423 0.000000 3.141590 -0.011832 -0.009906 0.013291 0.000000
-0.285963 0.362255 -0.017537 0.087445 0.000000 3.141590 -0.010412 -0.005609 0.001497 0.000000
-0.285957 0.362256 -0.017557 0.087459 0.000000 3.141590 -0.009687 -0.003384 -0.004533 0.000000
-0.285951 0.362258 -0.017576 0.087472 0.000000 3.141590 -0.024887 -0.004723 -0.006059 0.000000
-0.285945 0.362259 -0.017595 0.087484 0.000000 3.141590 -0.038906 -0.005955 -0.007468 0.000000
-0.285940 0.362260 -0.017616 0.087495 0.000000 3.141590 -0.053924 -0.014411 0.006563 0.000000
-0.285937 0.362260 -0.017636 0.087502 0.000000 3.141590 -0.067776 -0.022247 0.019508 0.000000
-0.285935 0.362259 -0.017658 0.087507 0.000000 3.141590 -0.089479 -0.034673 0.039802 0.000000
-0.285939 0.362249 -0.017725 0.087497 0.000000 3.141590 -0.110798 -0.047145 0.059760 0.000000
-0.285943 0.362244 -0.017747 0.087490 0.000000 3.141590 -0.116190 -0.048440 0.067357 0.000000
-0.285947 0.362239 -0.017770 0.087481 0.000000 3.141590 -0.111134 -0.040034 0.069962 0.000000
-0.285954 0.362229 -0.017816 0.087464 0.000000 3.141590 -0.077875 -0.005725 0.067864 0.000000
-0.285957 0.362224 -0.017838 0.087458 0.000000 3.141590 -0.052992 0.016273 0.062946 0.000000
-0.285959 0.362221 -0.017858 0.087455 0.000000 3.141590 -0.030042 0.036604 0.058406 0.000000
-0.285958 0.362218 -0.017878 0.087455 0.000000 3.141590 -0.014007 0.050859 0.055230 0.000000
-0.285957 0.362217 -0.017897 0.087459 0.000000 3.141590 -0.008328 0.051055 0.053224 0.000000
-0.285953 0.362217 -0.017917 0.087467 0.000000 3.141590 -0.016768 0.034417 0.053237 0.000000
-0.285948 0.362218 -0.017936 0.087478 0.000000 3.141590 -0.014002 0.028120 0.040776 0.000000
-0.285942 0.362219 -0.017956 0.087490 0.000000 3.141590 -0.001318 0.030990 0.017304 0.000000
-0.285925 0.362224 -0.018021 0.087529 0.000000 3.141590 0.028710 0.037968 -0.038278 0.000000
-0.285925 0.362224 -0.018021 0.087529 0.000000 3.141590 0.028710 0.037968 -0.038278 0.000000
-0.285920 0.362225 -0.018043 0.087539 0.000000 3.141590 0.038077 0.040115 -0.055613 0.000000
-0.285916 0.362225 -0.018065 0.087547 0.000000 3.141590 0.098539 0.029658 -0.043307 0.000000
-0.285915 0.362221 -0.018109 0.087551 0.000000 3.141590 0.145382 0.017505 -0.013101 0.000000
-0.285917 0.362218 -0.018131 0.087546 0.000000 3.141590 0.218981 -0.011788 0.023051 0.000000
-0.285921 0.362214 -0.018152 0.087536 0.000000 3.141590 0.301656 -0.052441 0.055075 0.000000
-0.285927 0.362210 -0.018173 0.087523 0.000000 3.141590 0.377908 -0.090020 0.084619 0.000000
-0.285935 0.362206 -0.018194 0.087507 0.000000 3.141590 0.448237 -0.124751 0.111874 0.000000
-0.285943 0.362202 -0.018216 0.087490 0.000000 3.141590 0.507657 -0.150651 0.128776 0.000000
-0.285951 0.362199 -0.018238 0.087471 0.000000 3.141590 0.537284 -0.155351 0.122609 0.000000
-0.285960 0.362196 -0.018261 0.087453 0.000000 3.141590 0.574093 -0.161105 0.114940 0.000000
-0.285968 0.362195 -0.018284 0.087435 0.000000 3.141590 0.587115 -0.173152 0.154319 0.000000
-0.285986 0.362199 -0.018354 0.087396 0.000000 3.141590 0.600753 -0.207141 0.285702 0.000000
-0.285986 0.362199 -0.018354 0.087396 0.000000 3.141590 0.600753 -0.207141 0.285702 0.000000
-0.285989 0.362205 -0.018400 0.087391 0.000000 3.141590 0.608930 -0.227179 0.364452 0.000000
-0.285989 0.362208 -0.018422 0.087395 0.000000 3.141590 0.611671 -0.233780 0.390841 0.000000
-0.285988 0.362211 -0.018444 0.087403 0.000000 3.141590 0.633262 -0.272082 0.412819 0.000000
-0.285986 0.362212 -0.018464 0.087413 0.000000 3.141590 0.653175 -0.307345 0.433086 0.000000
-0.285984 0.362213 -0.018484 0.087426 0.000000 3.141590 0.669639 -0.313446 0.428345 0.000000
-0.285983 0.362212 -0.018503 0.087439 0.000000 3.141590 0.684823 -0.319038 0.423969 0.000000
-0.285983 0.362210 -0.018522 0.087452 0.000000 3.141590 0.698828 -0.324176 0.419932 0.000000
-0.285984 0.362205 -0.018542 0.087464 0.000000 3.141590 0.708613 -0.327706 0.417105 0.000000
-0.285987 0.362200 -0.018562 0.087475 0.000000 3.141590 0.697420 -0.313777 0.504616 0.000000
-0.285987 0.362200 -0.018562 0.087475 0.000000 3.141590 0.697420 -0.313777 0.504616 0.000000
-0.286012 0.362174 -0.018646 0.087484 0.000000 3.141590 0.533057 -0.235571 1.143884 0.000000
-0.286021 0.362169 -0.018668 0.087478 0.000000 3.141590 0.484940 -0.223960 1.300403 0.000000
-0.286029 0.362165 -0.018690 0.087470 0.000000 3.141590 0.440560 -0.213295 1.444769 0.000000
-0.286037 0.362162 -0.018711 0.087461 0.000000 3.141590 0.399628 -0.203487 1.577923 0.000000
-0.286045 0.362161 -0.018731 0.087453 0.000000 3.141590 0.371030 -0.196685 1.670961 0.000000
-0.286051 0.362162 -0.018751 0.087445 0.000000 3.141590 0.264885 -0.199873 1.856923 0.000000
-0.286055 0.362164 -0.018769 0.087439 0.000000 3.141590 0.144383 -0.206535 2.050964 0.000000
-0.286058 0.362167 -0.018788 0.087435 0.000000 3.141590 0.003430 -0.211560 2.259984 0.000000
-0.286059 0.362170 -0.018806 0.087436 0.000000 3.141590 -0.155204 -0.215096 2.481625 0.000000
-0.286059 0.362170 -0.018806 0.087436 0.000000 3.141590 -0.155204 -0.215096 2.481625 0.000000
-0.286058 0.362173 -0.018824 0.087440 0.000000 3.141590 -0.266040 -0.217489 2.636476 0.000000
-0.286057 0.362175 -0.018842 0.087448 0.000000 3.141590 -0.403743 -0.220412 2.828860 0.000000
-0.286053 0.362174 -0.018909 3.141590 0.000000 0.087497 -0.865983 -0.196723 4.030673 0.000000
-0.286053 0.362170 -0.018924 3.141590 0.000000 0.087509 -1.003776 -0.181981 4.489779 0.789582
-0.286057 0.362158 -0.018948 3.141590 0.000000 0.087527 -1.219662 -0.158903 5.209081 1.414427
-0.286059 0.362152 -0.018956 3.141590 0.000000 0.087532 -1.329983 -0.147208 5.576663 1.951272
-0.286061 0.362145 -0.018962 3.141590 0.000000 0.087531 -1.431734 -0.136501 5.915700 2.430349
-0.286062 0.362139 -0.018965 3.141590 0.000000 0.087526 -1.534108 -0.127106 6.279390 2.867533
-0.286064 0.362134 -0.018967 3.141590 0.000000 0.087517 -1.653096 -0.119647 6.761737 3.272450
-0.286064 0.362134 -0.018967 3.141590 0.000000 0.087517 -1.653096 -0.119647 6.761737 3.651484
-0.286067 0.362128 -0.018966 3.141590 0.000000 0.087503 -1.762841 -0.112850 7.206625 4.009133
-0.286074 0.362114 -0.018957 3.141590 0.000000 0.087470 -1.874885 -0.114983 7.983193 4.348715
-0.286075 0.362080 -0.018906 3.141590 0.000000 0.087386 -2.043481 -0.198875 9.521620 4.672763
-0.286070 0.362075 -0.018893 3.141590 0.000000 0.087377 -2.029020 -0.250942 9.691995 4.983261
-0.286062 0.362072 -0.018879 3.141590 0.000000 0.087371 -2.015682 -0.298893 9.849130 5.281803
-0.286038 0.362071 -0.018852 3.141590 0.000000 0.087375 -1.994786 -0.373787 10.095300 5.569688
-0.286024 0.362074 -0.018838 3.141590 0.000000 0.087383 -1.984107 -0.411948 10.221086 5.847997
-0.286009 0.362081 -0.018824 3.141590 0.000000 0.087394 -1.974258 -0.447082 10.337096 6.117637
-0.285992 0.362091 -0.018809 3.141590 0.000000 0.087406 -1.927995 -0.499771 10.305821 6.379378
-0.285959 0.362118 -0.018776 3.141590 0.000000 0.087432 -1.765945 -0.631846 10.060256 6.633884
-0.285959 0.362118 -0.018776 3.141590 0.000000 0.087432 -1.765945 -0.631846 10.060256 6.881729
-0.285901 0.362196 -0.018704 3.141590 0.000000 0.087467 -1.509496 -0.690172 9.536127 7.123416
-0.285890 0.362218 -0.018686 3.141590 0.000000 0.087468 -1.361390 -0.656066 9.285156 7.359385
-0.285882 0.362242 -0.018669 3.141590 0.000000 0.087464 -1.224788 -0.624678 9.053686 7.590027
-0.285877 0.362265 -0.018653 3.141590 0.000000 0.087458 -1.122278 -0.599207 8.854654 7.815692
-0.285875 0.362288 -0.018639 3.141590 0.000000 0.087450 -0.994918 -0.567568 8.607376 8.036690
-0.285876 0.362309 -0.018627 3.141590 0.000000 0.087442 -0.877451 -0.538416 8.379308 8.253301
-0.285876 0.362309 -0.018627 3.141590 0.000000 0.087442 -0.877451 -0.538416 8.379308 8.465779
-0.285882 0.362330 -0.018617 3.141590 0.000000 0.087433 -0.769109 -0.511541 8.168957 8.674353
-0.285891 0.362347 -0.018610 3.141590 0.000000 0.087425 -0.669182 -0.486749 7.974945 8.879232
-0.285919 0.362374 -0.018607 3.141590 0.000000 0.087416 -0.512622 -0.447852 7.670973 9.080607
-0.285937 0.362382 -0.018610 3.141590 0.000000 0.087416 -0.394736 -0.361562 7.367501 9.278654
-0.286025 0.362370 -0.018647 3.141590 0.000000 0.087451 -0.173015 -0.120150 6.504850 9.473532
-0.286050 0.362356 -0.018660 3.141590 0.000000 0.087464 -0.137770 -0.069627 6.323073 9.665391
-0.286074 0.362339 -0.018674 3.141590 0.000000 0.087477 -0.133180 -0.036497 6.178863 9.854366
-0.286097 0.362319 -0.018689 3.141590 0.000000 0.087489 -0.155759 -0.018891 6.068374 10.040586
-0.286120 0.362297 -0.018703 3.141590 0.000000 0.087500 -0.194907 0.007891 5.998001 10.224168
-0.286142 0.362274 -0.018718 3.141590 0.000000 0.087508 -0.235589 0.034296 5.971770 10.405221
-0.286162 0.362249 -0.018734 3.141590 0.000000 0.087512 -0.286132 0.066996 5.939190 10.583848
-0.286180 0.362224 -0.018749 3.141590 0.000000 0.087512 -0.332749 0.097076 5.909147 10.760144
-0.286195 0.362199 -0.018765 3.141590 0.000000 0.087507 -0.375745 0.124725 5.881447 10.934199
-0.286208 0.362174 -0.018781 3.141590 0.000000 0.087497 -0.415402 0.150132 5.855906 11.106096
-0.286221 0.362081 -0.018842 3.141590 0.000000 0.087432 -0.833225 0.020883 6.517979 11.275914
-0.286214 0.362061 -0.018856 3.141590 0.000000 0.087413 -0.973115 -0.052222 6.780478 11.443727
-0.286204 0.362044 -0.018868 3.141590 0.000000 0.087396 -1.102138 -0.119659 7.022587 11.609605
-0.286173 0.362015 -0.018887 3.141590 0.000000 0.087367 -1.304285 -0.225342 7.401912 11.773614
-0.286173 0.362015 -0.018887 3.141590 0.000000 0.087367 -1.304285 -0.225342 7.401912 11.935814
-0.286133 0.361997 -0.018897 3.141590 0.000000 0.087352 -1.450283 -0.425401 7.965253 12.096267
-0.286110 0.361993 -0.018898 3.141590 0.000000 0.087352 -1.463951 -0.532380 8.135358 12.255026
-0.286086 0.361993 -0.018896 3.141590 0.000000 0.087356 -1.473501 -0.607040 8.254200 12.412145
-0.286061 0.361997 -0.018891 3.141590 0.000000 0.087364 -1.485366 -0.699748 8.401847 12.567673
-0.285962 0.362052 -0.018854 3.141590 0.000000 0.087413 -1.504356 -0.991000 8.885790 12.721658
-0.285918 0.362098 -0.018827 3.141590 0.000000 0.087436 -1.388957 -1.015080 9.050034 12.874146
-0.285918 0.362098 -0.018827 3.141590 0.000000 0.087436 -1.388957 -1.015080 9.050034 13.025179
-0.285899 0.362125 -0.018813 3.141590 0.000000 0.087443 -1.261819 -0.984050 9.055430 13.174799
-0.285882 0.362154 -0.018798 3.141590 0.000000 0.087448 -1.144557 -0.955488 9.060411 13.323044
-0.285868 0.362185 -0.018784 3.141590 0.000000 0.087448 -1.062627 -0.935585 9.063897 13.469952
-0.285858 0.362218 -0.018770 3.141590 0.000000 0.087445 -0.960837 -0.910926 9.068233 13.615558
-0.285851 0.362251 -0.018757 3.141590 0.000000 0.087438 -0.834795 -0.867624 9.027871 13.759897
-0.285848 0.362284 -0.018744 3.141590 0.000000 0.087431 -0.687657 -0.807930 8.948040 13.903001
-0.285850 0.362318 -0.018730 3.141590 0.000000 0.087422 -0.558388 -0.736017 8.850366 14.044902
-0.285856 0.362350 -0.018718 3.141590 0.000000 0.087413 -0.445345 -0.653486 8.737185 14.185629
-0.285923 0.362460 -0.018674 3.141590 0.000000 0.087396 -0.094255 -0.396969 8.385653 14.325211
-0.285948 0.362480 -0.018667 3.141590 0.000000 0.087401 -0.017263 -0.340564 8.308551 14.463676
-0.285975 0.362497 -0.018663 3.141590 0.000000 0.087408 0.013760 -0.270208 8.195440 14.601050
-0.286035 0.362517 -0.018661 3.141590 0.000000 0.087431 0.038814 -0.065777 7.838997 14.737359
-0.286068 0.362520 -0.018664 3.141590 0.000000 0.087444 0.019637 0.022372 7.661978 14.872628
-0.286134 0.362512 -0.018674 3.141590 0.000000 0.087470 -0.014363 0.178700 7.348120 15.006879
-0.286134 0.362512 -0.018674 3.141590 0.000000 0.087470 -0.014363 0.178700 7.348120 15.140135
-0.286168 0.362499 -0.018680 3.141590 0.000000 0.087480 -0.025761 0.231143 7.242903 15.272418
-0.286233 0.362461 -0.018694 3.141590 0.000000 0.087492 -0.160826 0.378649 6.966074 15.403750
-0.286233 0.362461 -0.018694 3.141590 0.000000 0.087492 -0.160826 0.378649 6.966074 15.534151
-0.286346 0.362339 -0.018727 3.141590 0.000000 0.087475 -0.480180 0.589854 6.676646 15.663640
-0.286368 0.362301 -0.018737 3.141590 0.000000 0.087467 -0.552357 0.635930 6.615420 15.792236
-0.286368 0.362301 -0.018737 3.141590 0.000000 0.087467 -0.552357 0.635930 6.615420 15.919957
-0.286402 0.362219 -0.018757 3.141590 0.000000 0.087450 -0.709220 0.690832 6.545407 16.046821
-0.286413 0.362174 -0.018766 3.141590 0.000000 0.087444 -0.875753 0.625171 6.643965 16.172846
-0.286419 0.362128 -0.018776 3.141590 0.000000 0.087441 -0.992107 0.579312 6.712824 16.298047
-0.286421 0.362081 -0.018786 3.141590 0.000000 0.087440 -1.125174 0.481803 6.804703 16.422440
-0.286417 0.362032 -0.018795 3.141590 0.000000 0.087443 -1.247905 0.391919 6.889440 16.546042
-0.286407 0.361984 -0.018805 3.141590 0.000000 0.087447 -1.361103 0.309055 6.967593 16.668867
-0.286393 0.361936 -0.018813 3.141590 0.000000 0.087452 -1.465508 0.232652 7.039672 16.790929
-0.286289 0.361757 -0.018842 3.141590 0.000000 0.087464 -1.651175 -0.409405 7.385555 16.912243
-0.286254 0.361718 -0.018846 3.141590 0.000000 0.087461 -1.654360 -0.544631 7.453820 17.032822
-0.286216 0.361683 -0.018848 3.141590 0.000000 0.087455 -1.658318 -0.712673 7.538636 17.152680
-0.286133 0.361623 -0.018848 3.141590 0.000000 0.087438 -1.665336 -1.010725 7.689026 17.271829
-0.286089 0.361599 -0.018846 3.141590 0.000000 0.087429 -1.668441 -1.142648 7.755580 17.390281
-0.286089 0.361599 -0.018846 3.141590 0.000000 0.087429 -1.668441 -1.142648 7.755580 17.508050
-0.286044 0.361579 -0.018844 3.141590 0.000000 0.087422 -1.604761 -1.266125 7.781797 17.625146
-0.285951 0.361554 -0.018836 3.141590 0.000000 0.087412 -1.337742 -1.603614 7.777795 17.741581
-0.285904 0.361549 -0.018831 3.141590 0.000000 0.087412 -1.170790 -1.759035 7.716066 17.857366
-0.285813 0.361556 -0.018820 3.141590 0.000000 0.087424 -0.909219 -2.002314 7.619333 17.972512
-0.285686 0.361609 -0.018804 3.141590 0.000000 0.087460 -0.452015 -2.383423 7.360388 18.087029
-0.285648 0.361637 -0.018799 3.141590 0.000000 0.087474 -0.301059 -2.476301 7.270438 18.200928
-0.285612 0.361670 -0.018796 3.141590 0.000000 0.087486 -0.161829 -2.561963 7.187474 18.314219
-0.285581 0.361706 -0.018794 3.141590 0.000000 0.087496 -0.064551 -2.621777 7.129506 18.426910
-0.285552 0.361747 -0.018794 3.141590 0.000000 0.087504 0.056308 -2.696190 7.057494 18.539012
-0.285528 0.361792 -0.018796 3.141590 0.000000 0.087508 0.167779 -2.764881 6.991081 18.650534
-0.285509 0.361840 -0.018799 3.141590 0.000000 0.087508 0.270592 -2.828315 6.929833 18.761485
-0.285494 0.361892 -0.018803 3.141590 0.000000 0.087503 0.378006 -2.839787 6.871227 18.871873
-0.285485 0.361946 -0.018808 3.141590 0.000000 0.087493 0.480532 -2.745042 6.825651 18.981707
-0.285481 0.362002 -0.018812 3.141590 0.000000 0.087480 0.607910 -2.627354 6.769030 19.090995
-0.285555 0.362297 -0.018821 3.141590 0.000000 0.087392 1.196591 -1.908647 6.564031 19.199745
-0.285586 0.362355 -0.018818 3.141590 0.000000 0.087376 1.250964 -1.633733 6.630653 19.307966
-0.285621 0.362412 -0.018814 3.141590 0.000000 0.087363 1.278353 -1.369080 6.702380 19.415664
-0.285661 0.362466 -0.018809 3.141590 0.000000 0.087353 1.238027 -1.093052 6.798155 19.522847
-0.285704 0.362517 -0.018804 3.141590 0.000000 0.087348 1.200834 -0.838392 6.886485 19.629523
-0.285751 0.362565 -0.018798 3.141590 0.000000 0.087348 1.174848 -0.660400 6.948194 19.735699
-0.285852 0.362651 -0.018788 3.141590 0.000000 0.087360 1.112784 -0.235058 7.095554 19.841382
-0.285852 0.362651 -0.018788 3.141590 0.000000 0.087360 1.112784 -0.235058 7.095554 19.946579
-0.285962 0.362721 -0.018783 3.141590 0.000000 0.087383 0.975448 0.160486 7.241958 20.051295
-0.285962 0.362721 -0.018783 3.141590 0.000000 0.087383 0.975448 0.160486 7.241958 20.155538
-0.286192 0.362801 -0.018784 3.141590 0.000000 0.087432 0.484203 0.873630 7.412779 20.259315
-0.286307 0.362808 -0.018783 3.141590 0.000000 0.087445 0.288463 1.146373 7.453894 20.362631
-0.286362 0.362802 -0.018781 3.141590 0.000000 0.087447 0.144588 1.312434 7.449343 20.465492
-0.286416 0.362790 -0.018778 3.141590 0.000000 0.087447 0.011888 1.465566 7.445149 20.567905
-0.286468 0.362772 -0.018774 3.141590 0.000000 0.087446 -0.134559 1.632268 7.446943 20.669875
-0.286518 0.362748 -0.018768 3.141590 0.000000 0.087445 -0.277329 1.794177 7.450409 20.771408
-0.286564 0.362718 -0.018762 3.141590 0.000000 0.087446 -0.377082 1.907315 7.452830 20.872509
-0.286564 0.362718 -0.018762 3.141590 0.000000 0.087446 -0.377082 1.907315 7.452830 20.973185
-0.286608 0.362684 -0.018755 3.141590 0.000000 0.087447 -0.501014 2.047902 7.455835 21.073439
-0.286683 0.362602 -0.018739 3.141590 0.000000 0.087452 -0.720747 2.297205 7.461160 21.173279
-0.286776 0.362398 -0.018717 3.141590 0.000000 0.087447 -1.240637 2.396349 7.107701 21.272708
-0.286785 0.362341 -0.018715 3.141590 0.000000 0.087442 -1.390424 2.351412 7.023822 21.371732
-0.286787 0.362283 -0.018716 3.141590 0.000000 0.087436 -1.528576 2.309958 6.946458 21.470355
-0.286783 0.362224 -0.018719 3.141590 0.000000 0.087432 -1.655997 2.271734 6.875103 21.568583
-0.286772 0.362163 -0.018723 3.141590 0.000000 0.087430 -1.723494 2.165496 6.800249 21.666420
-0.286755 0.362102 -0.018729 3.141590 0.000000 0.087430 -1.793568 1.982640 6.691238 21.763871
-0.286755 0.362102 -0.018729 3.141590 0.000000 0.087430 -1.863895 1.797610 6.587458 21.860941
-0.286704 0.361978 -0.018743 3.141590 0.000000 0.087439 -1.945175 1.579641 6.482424 21.957633
-0.286671 0.361917 -0.018752 3.141590 0.000000 0.087447 -2.020140 1.378647 6.385545 22.053953
-0.286671 0.361917 -0.018752 3.141590 0.000000 0.087447 -2.020140 1.378647 6.385545 22.149903
-0.286591 0.361798 -0.018769 3.141590 0.000000 0.087465 -2.137593 1.063840 6.233752 22.245490
-0.286446 0.361638 -0.018798 3.141590 0.000000 0.087482 -2.214212 0.522042 6.051804 22.340717
-0.286392 0.361591 -0.018807 3.141590 0.000000 0.087482 -2.149717 0.276960 6.032126 22.435587
-0.286278 0.361511 -0.018825 3.141590 0.000000 0.087470 -1.968298 -0.200602 5.956036 22.530105
-0.286219 0.361479 -0.018833 3.141590 0.000000 0.087459 -1.857964 -0.465200 5.907230 22.624275
-0.286160 0.361451 -0.018840 3.141590 0.000000 0.087447 -1.756200 -0.709296 5.862219 22.718101
-0.286099 0.361429 -0.018846 3.141590 0.000000 0.087434 -1.644591 -0.947980 5.820064 22.811586
-0.286099 0.361429 -0.018846 3.141590 0.000000 0.087434 -1.644591 -0.947980 5.820064 22.904733
-0.286039 0.361413 -0.018853 3.141590 0.000000 0.087420 -1.490508 -1.207084 5.779330 22.997548
-0.285980 0.361402 -0.018859 3.141590 0.000000 0.087408 -1.382852 -1.388175 5.750874 23.090033
-0.285921 0.361398 -0.018867 3.141590 0.000000 0.087398 -1.245321 -1.589996 5.704361 23.182191
-0.285863 0.361400 -0.018875 3.141590 0.000000 0.087390 -1.117262 -1.768718 5.657888 23.274027
-0.285608 0.361498 -0.018910 3.141590 0.000000 0.087414 -0.610252 -2.445409 5.491305 23.365543
-0.285608 0.361498 -0.018910 3.141590 0.000000 0.087414 -0.610252 -2.445409 5.491305 23.456743
-0.285566 0.361533 -0.018914 3.141590 0.000000 0.087430 -0.445868 -2.560791 5.498190 23.547630
-0.285495 0.361617 -0.018918 3.141590 0.000000 0.087466 -0.155443 -2.676232 5.514646 23.638207
-0.285495 0.361617 -0.018918 3.141590 0.000000 0.087466 -0.155443 -2.676232 5.514646 23.728477
-0.285467 0.361666 -0.018918 3.141590 0.000000 0.087484 0.017015 -2.687598 5.527214 23.818445
-0.285444 0.361718 -0.018916 3.141590 0.000000 0.087502 0.176077 -2.698071 5.538806 23.908111
-0.285427 0.361773 -0.018913 3.141590 0.000000 0.087518 0.322784 -2.707739 5.549498 23.997481
-0.285412 0.361894 -0.018908 3.141590 0.000000 0.087541 0.580187 -2.477210 5.637706 24.086556
-0.285413 0.361959 -0.018905 3.141590 0.000000 0.087546 0.704885 -2.320445 5.703495 24.175339
-0.285420 0.362026 -0.018904 3.141590 0.000000 0.087546 0.792936 -2.128000 5.805022 24.263833
-0.285433 0.362095 -0.018903 3.141590 0.000000 0.087542 0.874147 -1.950589 5.898671 24.352042
-0.285504 0.362308 -0.018913 3.141590 0.000000 0.087511 1.126374 -1.400174 6.189578 24.439967
-0.285574 0.362449 -0.018926 3.141590 0.000000 0.087485 1.106157 -1.160611 6.297964 24.527612
-0.285615 0.362518 -0.018934 3.141590 0.000000 0.087472 1.063334 -0.901592 6.412202 24.614979
-0.285615 0.362518 -0.018934 3.141590 0.000000 0.087472 1.063334 -0.901592 6.412202 24.702071
-0.285706 0.362649 -0.018948 3.141590 0.000000 0.087454 0.968642 -0.404552 6.659296 24.788891
-0.285756 0.362711 -0.018954 3.141590 0.000000 0.087449 0.914199 -0.130466 6.800496 24.875440
-0.285807 0.362769 -0.018959 3.141590 0.000000 0.087447 0.863986 0.122376 6.930723 24.961722
-0.285860 0.362824 -0.018962 3.141590 0.000000 0.087447 0.785152 0.348904 7.060828 25.047738
-0.285970 0.362922 -0.018962 3.141590 0.000000 0.087449 0.502458 0.671025 7.313597 25.133493
-0.286026 0.362965 -0.018958 3.141590 0.000000 0.087448 0.368890 0.907179 7.436080 25.218986
-0.286199 0.363062 -0.018932 3.141590 0.000000 0.087442 0.036945 1.574575 7.743419 25.304222
-0.286256 0.363083 -0.018919 3.141590 0.000000 0.087440 -0.034203 1.717620 7.809294 25.389203
-0.286313 0.363096 -0.018904 3.141590 0.000000 0.087440 -0.122598 1.895381 7.891133 25.473930
-0.286368 0.363103 -0.018889 3.141590 0.000000 0.087443 -0.224562 2.084573 7.955396 25.558406
-0.286421 0.363103 -0.018872 3.141590 0.000000 0.087447 -0.377488 2.331706 7.982346 25.642633
-0.286473 0.363096 -0.018855 3.141590 0.000000 0.087452 -0.518535 2.559666 8.007201 25.726614
-0.286522 0.363083 -0.018837 3.141590 0.000000 0.087457 -0.627069 2.744215 7.951933 25.810350
-0.286568 0.363064 -0.018821 3.141590 0.000000 0.087462 -0.761911 2.973460 7.883273 25.893844
-0.286650 0.363011 -0.018789 3.141590 0.000000 0.087464 -1.000988 3.379809 7.761545 25.977098
-0.286650 0.363011 -0.018789 3.141590 0.000000 0.087464 -1.121553 3.531103 7.652904 26.060114
-0.286685 0.362977 -0.018775 3.141590 0.000000 0.087461 -1.121553 3.531103 7.652904 26.142893
-0.286777 0.362803 -0.018728 3.141590 0.000000 0.087429 -1.526774 3.782091 7.132273 26.225438
-0.286786 0.362751 -0.018720 3.141590 0.000000 0.087422 -1.612748 3.815605 7.017069 26.307751
-0.286791 0.362695 -0.018715 3.141590 0.000000 0.087415 -1.747446 3.868168 6.836570 26.389834
-0.286791 0.362636 -0.018712 3.141590 0.000000 0.087412 -1.747446 3.868168 6.836570 26.471689
-0.286787 0.362573 -0.018712 3.141590 0.000000 0.087412 -1.816279 3.895125 6.744324 26.553317
-0.286766 0.362442 -0.018718 3.141590 0.000000 0.087424 -1.972391 3.636078 6.265573 26.634721
-0.286750 0.362373 -0.018722 3.141590 0.000000 0.087435 -2.024353 3.455383 6.028169 26.715902
-0.286730 0.362303 -0.018728 3.141590 0.000000 0.087447 -2.053595 3.245433 5.805409 26.796862
-0.286707 0.362233 -0.018734 3.141590 0.000000 0.087460 -2.074025 3.098832 5.649762 26.877603
-0.286680 0.362163 -0.018740 3.141590 0.000000 0.087474 -2.099408 2.916633 5.456390 26.958127
-0.286504 0.361830 -0.018775 3.141590 0.000000 0.087508 -2.000917 1.597658 5.041273 27.038436
-0.286504 0.361830 -0.018775 3.141590 0.000000 0.087508 -2.000917 1.597658 5.041273 27.118530
-0.286462 0.361772 -0.018783 3.141590 0.000000 0.087503 -1.952652 1.296303 4.987355 27.198413
-0.286419 0.361716 -0.018791 3.141590 0.000000 0.087493 -1.908137 1.018262 4.937633 27.278085
-0.286375 0.361664 -0.018798 3.141590 0.000000 0.087480 -1.867079 0.761735 4.891781 27.357548
-0.286329 0.361617 -0.018805 3.141590 0.000000 0.087464 -1.838393 0.582375 4.859756 27.436804
-0.286282 0.361574 -0.018812 3.141590 0.000000 0.087447 -1.802752 0.359576 4.819964 27.515855
-0.286234 0.361535 -0.018819 3.141590 0.000000 0.087428 -1.664535 0.061750 4.762445 27.594701
-0.286186 0.361502 -0.018827 3.141590 0.000000 0.087410 -1.537053 -0.212970 4.709395 27.673345
-0.286137 0.361473 -0.018836 3.141590 0.000000 0.087392 -1.350974 -0.506475 4.652174 27.751789
-0.286087 0.361450 -0.018844 3.141590 0.000000 0.087376 -1.059435 -0.966347 4.562527 27.830033
-0.285886 0.361411 -0.018872 3.141590 0.000000 0.087348 -0.667019 -1.612163 4.424256 27.908079
-0.285837 0.361413 -0.018878 3.141590 0.000000 0.087352 -0.580447 -1.747831 4.393666 27.985929
-0.285788 0.361419 -0.018883 3.141590 0.000000 0.087360 -0.453749 -1.912958 4.360179 28.063585
-0.285651 0.361463 -0.018891 3.141590 0.000000 0.087396 -0.129704 -2.334979 4.274507 28.141047
-0.285651 0.361463 -0.018891 3.141590 0.000000 0.087396 -0.129704 -2.334979 4.274507 28.218317
-0.285569 0.361508 -0.018891 3.141590 0.000000 0.087422 0.026042 -2.537659 4.233316 28.295396
-0.285531 0.361535 -0.018891 3.141590 0.000000 0.087432 0.149494 -2.595068 4.226366 28.372287
-0.285496 0.361565 -0.018891 3.141590 0.000000 0.087440 0.277396 -2.633261 4.224471 28.448990
-0.285462 0.361597 -0.018893 3.141590 0.000000 0.087445 0.397451 -2.666015 4.212573 28.525506
-0.285355 0.361751 -0.018913 3.141590 0.000000 0.087445 0.777066 -2.759854 4.142803 28.601837
-0.285321 0.361836 -0.018932 3.141590 0.000000 0.087447 0.937584 -2.603152 4.131713 28.677985
-0.285321 0.361836 -0.018932 3.141590 0.000000 0.087447 0.937584 -2.603152 4.131713 28.753951
-0.285310 0.361880 -0.018942 3.141590 0.000000 0.087450 1.013866 -2.497307 4.145100 28.829735
-0.285300 0.361969 -0.018962 3.141590 0.000000 0.087454 1.145580 -2.293813 4.180559 28.905340
-0.285299 0.362014 -0.018971 3.141590 0.000000 0.087453 1.203866 -2.203799 4.196254 28.980766
-0.285302 0.362060 -0.018978 3.141590 0.000000 0.087451 1.244591 -2.140953 4.207224 29.056016
-0.285307 0.362106 -0.018984 3.141590 0.000000 0.087447 1.295187 -2.062894 4.220855 29.131089
-0.285324 0.362199 -0.018990 3.141590 0.000000 0.087436 1.318105 -1.721340 4.480472 29.205987
-0.285362 0.362336 -0.018985 3.141590 0.000000 0.087430 1.219438 -1.093119 5.060946 29.280712
-0.285396 0.362424 -0.018976 3.141590 0.000000 0.087439 1.131434 -0.681706 5.451725 29.355265
-0.285396 0.362424 -0.018976 3.141590 0.000000 0.087439 1.082005 -0.470888 5.614777 29.429646
-0.285433 0.362508 -0.018968 3.141590 0.000000 0.087456 1.039842 -0.302659 5.721511 29.503858
-0.285474 0.362587 -0.018962 3.141590 0.000000 0.087472 0.931805 0.094921 5.944289 29.577901
-0.285496 0.362624 -0.018962 3.141590 0.000000 0.087478 0.881883 0.269650 6.033626 29.651776
-0.285520 0.362662 -0.018964 3.141590 0.000000 0.087482 0.835839 0.430765 6.116028 29.725485
-0.285545 0.362698 -0.018967 3.141590 0.000000 0.087482 0.793372 0.579301 6.192034 29.799028
-0.285570 0.362733 -0.018971 3.141590 0.000000 0.087477 0.763700 0.683002 6.245146 29.872407
-0.285684 0.362859 -0.018994 3.141590 0.000000 0.087434 0.452287 1.411842 6.380745 29.945623
-0.285684 0.362859 -0.018994 3.141590 0.000000 0.087434 0.452287 1.411842 6.380745 30.018677
-0.285745 0.362908 -0.019001 3.141590 0.000000 0.087408 0.252699 1.764923 6.486397 30.091570
-0.285808 0.362944 -0.019003 3.141590 0.000000 0.087390 0.054974 2.113410 6.593393 30.164303
-0.285873 0.362965 -0.018994 3.141590 0.000000 0.087386 -0.103153 2.384214 6.692208 30.236877
-0.285907 0.362969 -0.018986 3.141590 0.000000 0.087391 -0.184772 2.566921 6.752180 30.309293
-0.285941 0.362969 -0.018976 3.141590 0.000000 0.087401 -0.260311 2.749673 6.810522 30.381552
-0.285975 0.362967 -0.018964 3.141590 0.000000 0.087414 -0.329983 2.918313 6.864325 30.453655
-0.286009 0.362962 -0.018951 3.141590 0.000000 0.087430 -0.394243 3.073924 6.913942 30.525604
-0.286193 0.362906 -0.018880 3.141590 0.000000 0.087518 -0.746285 3.659915 6.895272 30.597399
-0.286231 0.362891 -0.018868 3.141590 0.000000 0.087531 -0.838456 3.707309 6.812260 30.669041
-0.286270 0.362875 -0.018858 3.141590 0.000000 0.087541 -0.952969 3.766062 6.709135 30.740531
-0.286270 0.362875 -0.018858 3.141590 0.000000 0.087541 -1.156002 3.870006 6.526316 30.811870
-0.286346 0.362845 -0.018844 3.141590 0.000000 0.087546 -1.156002 3.870006 6.526316 30.883059
-0.286383 0.362830 -0.018841 3.141590 0.000000 0.087542 -1.248429 3.885186 6.415870 30.954099
-0.286454 0.362800 -0.018843 3.141590 0.000000 0.087523 -1.396648 3.888439 6.219213 31.024991
-0.286489 0.362784 -0.018846 3.141590 0.000000 0.087511 -1.478994 3.878126 6.093805 31.095736
-0.286624 0.362710 -0.018868 3.141590 0.000000 0.087462 -1.734747 3.845885 5.704332 31.166335
-0.286685 0.362665 -0.018877 3.141590 0.000000 0.087449 -1.873736 3.796116 5.682526 31.236788
-0.286685 0.362665 -0.018877 3.141590 0.000000 0.087449 -1.873736 3.796116 5.682526 31.307097
-0.286738 0.362615 -0.018882 3.141590 0.000000 0.087447 -2.050600 3.664623 5.884198 31.377263
-0.286761 0.362589 -0.018882 3.141590 0.000000 0.087448 -2.121555 3.584080 5.953215 31.447285
-0.286799 0.362536 -0.018877 3.141590 0.000000 0.087448 -2.291017 3.391695 6.118049 31.517166
-0.286816 0.362508 -0.018873 3.141590 0.000000 0.087447 -2.366009 3.306525 6.190995 31.586906
-0.286816 0.362508 -0.018873 3.141590 0.000000 0.087447 -2.366009 3.306525 6.190995 31.656506
-0.286831 0.362479 -0.018868 3.141590 0.000000 0.087444 -2.432794 3.134329 6.168185 31.725967
-0.286870 0.362353 -0.018851 3.141590 0.000000 0.087443 -2.668856 2.567583 6.025385 31.795289
-0.286873 0.362284 -0.018840 3.141590 0.000000 0.087452 -2.761297 2.351610 5.960855 31.864473
-0.286871 0.362249 -0.018834 3.141590 0.000000 0.087457 -2.808536 2.241251 5.927878 31.933521
-0.286871 0.362249 -0.018834 3.141590 0.000000 0.087457 -2.808536 2.241251 5.927878 32.002433
-0.286867 0.362214 -0.018829 3.141590 0.000000 0.087462 -2.842635 2.113251 5.881935 32.071209
-0.286861 0.362179 -0.018824 3.141590 0.000000 0.087464 -2.846797 1.919654 5.794818 32.139852
-0.286853 0.362145 -0.018821 3.141590 0.000000 0.087464 -2.850635 1.741046 5.714472 32.208360
-0.286845 0.362110 -0.018820 3.141590 0.000000 0.087461 -2.819520 1.582495 5.642753 32.276736
-0.286836 0.362076 -0.018819 3.141590 0.000000 0.087455 -2.780863 1.385474 5.553652 32.344980
-0.286825 0.362040 -0.018820 3.141590 0.000000 0.087447 -2.745208 1.203713 5.471475 32.413092
-0.286812 0.362005 -0.018820 3.141590 0.000000 0.087438 -2.712323 1.036041 5.395685 32.481074
-0.286745 0.361855 -0.018820 3.141590 0.000000 0.087412 -2.464876 0.343369 5.218906 32.548926
-0.286724 0.361815 -0.018817 3.141590 0.000000 0.087412 -2.345903 0.083475 5.120632 32.616649
-0.286701 0.361776 -0.018815 3.141590 0.000000 0.087417 -2.345903 0.083475 5.120632 32.684244
-0.286653 0.361698 -0.018809 3.141590 0.000000 0.087435 -2.256470 -0.111604 5.046733 32.751711
-0.286653 0.361698 -0.018809 3.141590 0.000000 0.087435 -2.210768 -0.211236 5.008964 32.819051
-0.286602 0.361620 -0.018807 3.141590 0.000000 0.087460 -2.123657 -0.356054 4.926543 32.886266
-0.286602 0.361620 -0.018807 3.141590 0.000000 0.087460 -2.123657 -0.356054 4.926543 32.953354
-0.286576 0.361583 -0.018808 3.141590 0.000000 0.087474 -2.000135 -0.540465 4.804824 33.020318
-0.286548 0.361547 -0.018810 3.141590 0.000000 0.087486 -1.861638 -0.739352 4.656768 33.087158
-0.286519 0.361512 -0.018813 3.141590 0.000000 0.087496 -1.710303 -0.950468 4.485842 33.153875
-0.286390 0.361393 -0.018834 3.141590 0.000000 0.087503 -1.187940 -1.570070 3.957799 33.220469
-0.286355 0.361371 -0.018840 3.141590 0.000000 0.087493 -1.036590 -1.680439 3.843975 33.286941
-0.286319 0.361353 -0.018844 3.141590 0.000000 0.087480 -0.972405 -1.799681 3.800289 33.353291
-0.286282 0.361339 -0.018847 3.141590 0.000000 0.087464 -0.892662 -1.947819 3.746012 33.419521
-0.286207 0.361324 -0.018850 3.141590 0.000000 0.087428 -0.751276 -2.210623 3.649792 33.485631
-0.286207 0.361324 -0.018850 3.141590 0.000000 0.087428 -0.751276 -2.210623 3.649792 33.551621
-0.286092 0.361324 -0.018849 3.141590 0.000000 0.087376 -0.590683 -2.509341 3.540520 33.617493
-0.286052 0.361330 -0.018849 3.141590 0.000000 0.087363 -0.488497 -2.584882 3.513396 33.683247
-0.286011 0.361337 -0.018850 3.141590 0.000000 0.087353 -0.394248 -2.654506 3.488376 33.748883
-0.285970 0.361346 -0.018851 3.141590 0.000000 0.087348 -0.301150 -2.684741 3.468704 33.814402
-0.285847 0.361380 -0.018867 3.141590 0.000000 0.087360 -0.080753 -2.755857 3.422094 33.879806
-0.285805 0.361393 -0.018875 3.141590 0.000000 0.087371 -0.011793 -2.767186 3.391105 33.945093
-0.285805 0.361393 -0.018875 3.141590 0.000000 0.087371 -0.011793 -2.767186 3.391105 34.010266
-0.285763 0.361409 -0.018883 3.141590 0.000000 0.087383 0.052015 -2.767286 3.346731 34.075324
-0.285722 0.361425 -0.018893 3.141590 0.000000 0.087396 0.121266 -2.768144 3.311914 34.140269
-0.285681 0.361443 -0.018902 3.141590 0.000000 0.087409 0.215106 -2.771223 3.297418 34.205100
-0.285602 0.361481 -0.018921 3.141590 0.000000 0.087432 0.362128 -2.776006 3.274704 34.269819
-0.285563 0.361502 -0.018930 3.141590 0.000000 0.087440 0.437258 -2.778524 3.263103 34.334426
-0.285525 0.361526 -0.018939 3.141590 0.000000 0.087445 0.506552 -2.780895 3.252407 34.398921
-0.285487 0.361551 -0.018947 3.141590 0.000000 0.087447 0.570464 -2.783126 3.242546 34.463305
-0.285487 0.361551 -0.018947 3.141590 0.000000 0.087447 0.640347 -2.674854 3.236979 34.527580
-0.285347 0.361668 -0.018977 3.141590 0.000000 0.087446 0.847716 -2.334885 3.269617 34.591744
-0.285315 0.361702 -0.018983 3.141590 0.000000 0.087447 0.921969 -2.230834 3.292261 34.655799
-0.285285 0.361736 -0.018989 3.141590 0.000000 0.087450 0.990455 -2.134845 3.313143 34.719746
-0.285258 0.361771 -0.018994 3.141590 0.000000 0.087452 1.058419 -2.037786 3.331413 34.783585
-0.285212 0.361771 -0.018994 3.141590 0.000000 0.087452 1.188387 -1.844053 3.355193 34.847316
-0.285212 0.361843 -0.019001 3.141590 0.000000 0.087453 1.188387 -1.844053 3.355193 34.910941
-0.285181 0.361918 -0.019003 3.141590 0.000000 0.087447 1.261719 -1.589610 3.364695 34.974458
-0.285181 0.361918 -0.019003 3.141590 0.000000 0.087447 1.290448 -1.472651 3.367953 35.037870
-0.285164 0.361996 -0.019003 3.141590 0.000000 0.087436 1.316947 -1.364785 3.370959 35.101177
-0.285161 0.362036 -0.019004 3.141590 0.000000 0.087432 1.358462 -1.195760 3.375667 35.164379
-0.285167 0.362160 -0.019012 3.141590 0.000000 0.087433 1.405966 -0.930396 3.392127 35.227476
-0.285183 0.362244 -0.019023 3.141590 0.000000 0.087447 1.439372 -0.601686 3.418619 35.290470
-0.285183 0.362244 -0.019023 3.141590 0.000000 0.087447 1.439372 -0.601686 3.418619 35.353360
-0.285192 0.362285 -0.019029 3.141590 0.000000 0.087456 1.446672 -0.473998 3.429656 35.416148
-0.285203 0.362326 -0.019035 3.141590 0.000000 0.087465 1.455743 -0.315399 3.443372 35.478833
-0.285215 0.362366 -0.019041 3.141590 0.000000 0.087472 1.464109 -0.169123 3.456023 35.541417
-0.285229 0.362407 -0.019046 3.141590 0.000000 0.087478 1.449598 -0.021114 3.489306 35.603899
-0.285243 0.362447 -0.019050 3.141590 0.000000 0.087482 1.414869 0.127955 3.540765 35.666281
-0.285260 0.362488 -0.019053 3.141590 0.000000 0.087482 1.385051 0.240315 3.577636 35.728562
-0.285298 0.362573 -0.019052 3.141590 0.000000 0.087470 1.286488 0.549101 3.670215 35.790743
-0.285298 0.362573 -0.019052 3.141590 0.000000 0.087470 1.286488 0.549101 3.670215 35.852825
-0.285398 0.362742 -0.019040 3.141590 0.000000 0.087420 1.139614 1.008640 3.808224 35.914808
-0.285427 0.362783 -0.019037 3.141590 0.000000 0.087408 1.093853 1.158187 3.847438 35.976693
-0.285458 0.362823 -0.019035 3.141590 0.000000 0.087398 1.038633 1.343001 3.892197 36.038480
-0.285523 0.362898 -0.019035 3.141590 0.000000 0.087386 0.888423 1.754109 3.948837 36.100169
-0.285557 0.362931 -0.019037 3.141590 0.000000 0.087386 0.813591 1.949459 3.970264 36.161762
-0.285590 0.362961 -0.019041 3.141590 0.000000 0.087391 0.761306 2.086043 3.985225 36.223257
-0.285625 0.362988 -0.019046 3.141590 0.000000 0.087401 0.696348 2.255799 4.003809 36.284657
-0.285659 0.363011 -0.019052 3.141590 0.000000 0.087414 0.568763 2.460010 4.035484 36.345961
-0.285659 0.363011 -0.019052 3.141590 0.000000 0.087414 0.451089 2.648431 4.064692 36.407170
-0.285695 0.363031 -0.019058 3.141590 0.000000 0.087430 0.451089 2.648431 4.064692 36.468284
-0.285732 0.363047 -0.019064 3.141590 0.000000 0.087447 0.340982 2.853587 4.150364 36.529304
-0.285890 0.363075 -0.019081 3.141590 0.000000 0.087518 -0.002682 3.524817 4.479725 36.590230
-0.285933 0.363074 -0.019081 3.141590 0.000000 0.087531 -0.078045 3.671968 4.551955 36.651062
-0.285975 0.363071 -0.019079 3.141590 0.000000 0.087541 -0.169423 3.811442 4.647973 36.711801
-0.286019 0.363067 -0.019075 3.141590 0.000000 0.087546 -0.281005 3.917160 4.779224 36.772448
-0.286062 0.363063 -0.019069 3.141590 0.000000 0.087546 -0.419634 4.048387 4.942301 36.833003
-0.286150 0.363050 -0.019055 3.141590 0.000000 0.087534 -0.676697 4.286224 5.231484 36.893466
-0.286193 0.363043 -0.019047 3.141590 0.000000 0.087523 -0.790455 4.391374 5.359464 36.953837
-0.286193 0.363043 -0.019047 3.141590 0.000000 0.087523 -0.790455 4.391374 5.359464 37.014118
-0.286280 0.363024 -0.019029 3.141590 0.000000 0.087498 -0.978794 4.540170 5.535442 37.074308
-0.286491 0.362948 -0.018978 3.141590 0.000000 0.087449 -1.443387 4.713031 5.647345 37.134408
-0.286531 0.362927 -0.018967 3.141590 0.000000 0.087447 -1.497724 4.728843 5.650540 37.194418
-0.286570 0.362905 -0.018957 3.141590 0.000000 0.087447 -1.565233 4.748531 5.654505 37.254339
-0.286640 0.362860 -0.018942 3.141590 0.000000 0.087449 -1.691643 4.717397 5.610850 37.314171
-0.286640 0.362860 -0.018942 3.141590 0.000000 0.087449 -1.691643 4.717397 5.610850 37.373914
-0.286672 0.362838 -0.018937 3.141590 0.000000 0.087448 -1.752956 4.650751 5.550993 37.433570
-0.286732 0.362794 -0.018934 3.141590 0.000000 0.087444 -1.870163 4.525650 5.451597 37.493138
-0.286732 0.362794 -0.018934 3.141590 0.000000 0.087444 -1.870163 4.525650 5.451597 37.552618
-0.286760 0.362771 -0.018935 3.141590 0.000000 0.087442 -1.934695 4.457193 5.399571 37.612011
-0.286895 0.362632 -0.018951 3.141590 0.000000 0.087452 -2.233668 4.051487 5.252852 37.671318
-0.286919 0.362600 -0.018953 3.141590 0.000000 0.087457 -2.303152 3.930073 5.233269 37.730538
-0.286940 0.362568 -0.018954 3.141590 0.000000 0.087462 -2.367240 3.818080 5.215207 37.789673
-0.286960 0.362536 -0.018954 3.141590 0.000000 0.087464 -2.426349 3.714758 5.198551 37.848722
-0.286977 0.362504 -0.018951 3.141590 0.000000 0.087464 -2.480867 3.619414 5.183193 37.907687
-0.286991 0.362472 -0.018947 3.141590 0.000000 0.087461 -2.518958 3.552737 5.172468 37.966566
-0.287004 0.362439 -0.018940 3.141590 0.000000 0.087455 -2.562431 3.442526 5.148548 38.025361
-0.287014 0.362406 -0.018931 3.141590 0.000000 0.087447 -2.591429 3.262064 5.095951 38.084072
-0.287021 0.362372 -0.018922 3.141590 0.000000 0.087438 -2.618174 3.095592 5.047442 38.142700
-0.287026 0.362338 -0.018911 3.141590 0.000000 0.087429 -2.656310 2.920550 4.999726 38.201244
-0.287027 0.362302 -0.018900 3.141590 0.000000 0.087422 -2.682955 2.798218 4.966391 38.259705
-0.287026 0.362264 -0.018890 3.141590 0.000000 0.087415 -2.716059 2.646302 4.924969 38.318084
-0.286997 0.362100 -0.018854 3.141590 0.000000 0.087424 -2.657816 2.000554 4.711191 38.376380
-0.286985 0.362056 -0.018849 3.141590 0.000000 0.087435 -2.617510 1.898803 4.673645 38.434595
-0.286973 0.362012 -0.018846 3.141590 0.000000 0.087447 -2.567434 1.772372 4.627000 38.492728
-0.286960 0.361968 -0.018846 3.141590 0.000000 0.087460 -2.521248 1.655796 4.583974 38.550780
-0.286947 0.361924 -0.018846 3.141590 0.000000 0.087474 -2.478649 1.548296 4.544289 38.608751
-0.286947 0.361924 -0.018846 3.141590 0.000000 0.087474 -2.478649 1.548296 4.544289 38.666641
-0.286916 0.361837 -0.018852 3.141590 0.000000 0.087496 -2.411908 1.379912 4.482109 38.724451
-0.286916 0.361837 -0.018852 3.141590 0.000000 0.087496 -2.411908 1.379912 4.482109 38.782182
-0.286879 0.361752 -0.018859 3.141590 0.000000 0.087508 -2.195298 1.009893 4.228974 38.839833
-0.286858 0.361711 -0.018862 3.141590 0.000000 0.087508 -2.099429 0.816624 4.067075 38.897405
-0.286731 0.361521 -0.018862 3.141590 0.000000 0.087447 -1.753818 0.032518 3.329636 38.954897
-0.286703 0.361487 -0.018859 3.141590 0.000000 0.087428 -1.637698 -0.146038 3.170420 39.012312
-0.286647 0.361423 -0.018855 3.141590 0.000000 0.087392 -1.427197 -0.530528 2.872936 39.069648
-0.286620 0.361395 -0.018853 3.141590 0.000000 0.087376 -1.356391 -0.663011 2.772428 39.126906
-0.286567 0.361344 -0.018855 3.141590 0.000000 0.087353 -1.187286 -0.979131 2.532360 39.184087
-0.286540 0.361321 -0.018858 3.141590 0.000000 0.087348 -1.112453 -1.118927 2.426115 39.241190
-0.286512 0.361298 -0.018863 3.141590 0.000000 0.087348 -1.031550 -1.261105 2.320985 39.298216
-0.286483 0.361277 -0.018869 3.141590 0.000000 0.087352 -0.949089 -1.389449 2.231960 39.355166
-0.286328 0.361177 -0.018915 3.141590 0.000000 0.087409 -0.569485 -2.098264 1.650084 39.412040
-0.286294 0.361161 -0.018924 3.141590 0.000000 0.087422 -0.523622 -2.191753 1.588462 39.468837
-0.286261 0.361148 -0.018933 3.141590 0.000000 0.087432 -0.464621 -2.313707 1.518956 39.525559
-0.286261 0.361148 -0.018933 3.141590 0.000000 0.087432 -0.464621 -2.313707 1.518956 39.582205
-0.286227 0.361138 -0.018941 3.141590 0.000000 0.087440 -0.410669 -2.425999 1.463074 39.638776
-0.286194 0.361132 -0.018948 3.141590 0.000000 0.087445 -0.362251 -2.528964 1.435228 39.695272
-0.286126 0.361129 -0.018961 3.141590 0.000000 0.087447 -0.286393 -2.690381 1.391611 39.751694
-0.286126 0.361129 -0.018961 3.141590 0.000000 0.087447 -0.286393 -2.690381 1.391611 39.808041
-0.286019 0.361145 -0.018984 3.141590 0.000000 0.087446 -0.178898 -2.919199 1.329810 39.864315
-0.285866 0.361190 -0.019013 3.141590 0.000000 0.087454 0.061657 -3.037928 1.653868 39.920515
-0.285827 0.361205 -0.019019 3.141590 0.000000 0.087453 0.121744 -3.047311 1.755003 39.976641
-0.285788 0.361220 -0.019023 3.141590 0.000000 0.087451 0.177163 -3.056008 1.848287 40.032695
-0.285788 0.361220 -0.019023 3.141590 0.000000 0.087451 0.177163 -3.056008 1.848287 40.088676
-0.285750 0.361236 -0.019026 3.141590 0.000000 0.087447 0.228278 -3.064067 1.934328 40.144584
-0.285713 0.361251 -0.019027 3.141590 0.000000 0.087442 0.309964 -3.068322 2.050478 40.200420
-0.285639 0.361283 -0.019025 3.141590 0.000000 0.087432 0.447039 -3.070748 2.228744 40.256184
-0.285603 0.361299 -0.019022 3.141590 0.000000 0.087430 0.523738 -3.068823 2.317122 40.311876
-0.285603 0.361299 -0.019022 3.141590 0.000000 0.087430 0.523738 -3.068823 2.317122 40.367497
-0.285530 0.361335 -0.019016 3.141590 0.000000 0.087433 0.659727 -3.065256 2.473802 40.423047
-0.285530 0.361335 -0.019016 3.141590 0.000000 0.087433 0.659727 -3.065256 2.473802 40.478525
-0.285386 0.361421 -0.019010 3.141590 0.000000 0.087465 0.920924 -2.941732 2.486373 40.533934
-0.285350 0.361448 -0.019012 3.141590 0.000000 0.087472 1.008124 -2.854471 2.376260 40.589272
-0.285315 0.361476 -0.019015 3.141590 0.000000 0.087478 1.087746 -2.757361 2.257262 40.644540
-0.285282 0.361505 -0.019018 3.141590 0.000000 0.087482 1.143377 -2.689527 2.174121 40.699738
-0.285218 0.361569 -0.019024 3.141590 0.000000 0.087477 1.276242 -2.527760 1.975576 40.754867
-0.285188 0.361602 -0.019026 3.141590 0.000000 0.087470 1.348759 -2.451059 1.896194 40.809926
-0.285160 0.361637 -0.019027 3.141590 0.000000 0.087459 1.428821 -2.375359 1.831116 40.864917
-0.285160 0.361637 -0.019027 3.141590 0.000000 0.087459 1.482125 -2.311963 1.785819 40.919838
-0.285109 0.361709 -0.019027 3.141590 0.000000 0.087434 1.541601 -2.206008 1.729954 40.974692
-0.285022 0.361903 -0.019035 3.141590 0.000000 0.087386 1.766830 -1.804733 1.518397 41.029477
-0.285014 0.361942 -0.019040 3.141590 0.000000 0.087386 1.788299 -1.699746 1.514689 41.084194
-0.285009 0.361981 -0.019047 3.141590 0.000000 0.087391 1.792837 -1.566069 1.541415 41.138843
-0.285006 0.362018 -0.019056 3.141590 0.000000 0.087401 1.808810 -1.432494 1.572699 41.193425
-0.285007 0.362054 -0.019065 3.141590 0.000000 0.087414 1.834862 -1.299426 1.607924 41.247940
-0.285007 0.362054 -0.019065 3.141590 0.000000 0.087414 1.834862 -1.299426 1.607924 41.302387
-0.285013 0.362125 -0.019084 3.141590 0.000000 0.087447 1.875680 -1.090696 1.663091 41.356768
-0.285019 0.362160 -0.019093 3.141590 0.000000 0.087466 1.896538 -0.984005 1.691280 41.411083
-0.285025 0.362196 -0.019101 3.141590 0.000000 0.087484 1.892831 -0.827965 1.792481 41.465331
-0.285034 0.362232 -0.019109 3.141590 0.000000 0.087502 1.889412 -0.684034 1.885821 41.519513
-0.285079 0.362384 -0.019134 3.141590 0.000000 0.087546 1.757765 -0.254878 2.158276 41.573630
-0.285093 0.362424 -0.019137 3.141590 0.000000 0.087546 1.726697 -0.161269 2.217722 41.627681
-0.285093 0.362424 -0.019137 3.141590 0.000000 0.087546 1.726697 -0.161269 2.217722 41.681667
-0.285122 0.362504 -0.019138 3.141590 0.000000 0.087534 1.662948 0.032729 2.326035 41.735588
-0.285137 0.362544 -0.019137 3.141590 0.000000 0.087523 1.619514 0.169615 2.369722 41.789443
-0.285169 0.362626 -0.019132 3.141590 0.000000 0.087498 1.507295 0.534531 2.459449 41.843235
-0.285187 0.362666 -0.019130 3.141590 0.000000 0.087485 1.453564 0.714211 2.492148 41.896962
-0.285187 0.362666 -0.019130 3.141590 0.000000 0.087485 1.453564 0.714211 2.492148 41.950625
-0.285225 0.362746 -0.019126 3.141590 0.000000 0.087462 1.369382 0.995682 2.543383 42.004224
-0.285318 0.362893 -0.019132 3.141590 0.000000 0.087447 1.152504 1.738773 2.731855 42.057759
-0.285344 0.362927 -0.019136 3.141590 0.000000 0.087448 1.113231 1.891642 2.816554 42.111231
-0.285372 0.362959 -0.019140 3.141590 0.000000 0.087449 1.085792 1.998454 2.875732 42.164640
-0.285427 0.363017 -0.019145 3.141590 0.000000 0.087447 1.020259 2.253489 3.017072 42.217986
-0.285455 0.363044 -0.019146 3.141590 0.000000 0.087444 0.991259 2.366316 3.079622 42.271269
-0.285455 0.363044 -0.019146 3.141590 0.000000 0.087444 0.991259 2.366316 3.079622 42.324489
-0.285510 0.363091 -0.019144 3.141590 0.000000 0.087440 0.802971 2.753009 3.153611 42.377647
-0.285510 0.363091 -0.019144 3.141590 0.000000 0.087440 0.802971 2.753009 3.153611 42.430743
-0.285569 0.363135 -0.019134 3.141590 0.000000 0.087443 0.667237 3.120739 3.204308 42.483778
-0.285600 0.363155 -0.019128 3.141590 0.000000 0.087447 0.602641 3.320820 3.230074 42.536750
-0.285736 0.363219 -0.019104 3.141590 0.000000 0.087464 0.279876 4.009906 3.235939 42.589661
-0.285772 0.363230 -0.019100 3.141590 0.000000 0.087464 0.175794 4.186553 3.252576 42.642511
-0.285772 0.363230 -0.019100 3.141590 0.000000 0.087464 0.175794 4.186553 3.252576 42.695300
-0.285810 0.363238 -0.019098 3.141590 0.000000 0.087461 0.077864 4.352786 3.278135 42.748028
-0.285886 0.363247 -0.019098 3.141590 0.000000 0.087447 -0.075567 4.613065 3.318194 42.800695
-0.285925 0.363248 -0.019101 3.141590 0.000000 0.087438 -0.153972 4.746039 3.338667 42.853303
-0.285964 0.363248 -0.019104 3.141590 0.000000 0.087429 -0.226287 4.868672 3.357552 42.905849
-0.286004 0.363245 -0.019108 3.141590 0.000000 0.087422 -0.313004 4.987902 3.386417 42.958336
-0.286044 0.363241 -0.019111 3.141590 0.000000 0.087415 -0.450672 5.115528 3.446025 43.010763
-0.286085 0.363234 -0.019115 3.141590 0.000000 0.087412 -0.546859 5.204716 3.487671 43.063131
-0.286251 0.363188 -0.019115 3.141590 0.000000 0.087435 -0.882520 5.570181 3.619811 43.115439
-0.286336 0.363155 -0.019105 3.141590 0.000000 0.087460 -1.054734 5.655002 3.795631 43.167688
-0.286336 0.363155 -0.019105 3.141590 0.000000 0.087460 -1.054734 5.655002 3.795631 43.219878
-0.286422 0.363119 -0.019093 3.141590 0.000000 0.087486 -1.273701 5.703362 3.991721 43.272009
-0.286463 0.363101 -0.019086 3.141590 0.000000 0.087496 -1.381966 5.716755 4.078575 43.324082
-0.286504 0.363083 -0.019079 3.141590 0.000000 0.087504 -1.481821 5.729072 4.158686 43.376097
-0.286544 0.363065 -0.019072 3.141590 0.000000 0.087508 -1.551589 5.737655 4.214660 43.428053
-0.286582 0.363047 -0.019065 3.141590 0.000000 0.087508 -1.638269 5.748212 4.284212 43.479951
-0.286620 0.363029 -0.019059 3.141590 0.000000 0.087503 -1.718216 5.757853 4.348370 43.531791
-0.286694 0.362993 -0.019045 3.141590 0.000000 0.087480 -1.905951 5.670346 4.289553 43.583574
-0.286800 0.362932 -0.019023 3.141590 0.000000 0.087428 -2.129867 5.457235 4.084996 43.635300
-0.286834 0.362909 -0.019016 3.141590 0.000000 0.087410 -2.199912 5.383377 4.012881 43.686968
-0.286897 0.362859 -0.019003 3.141590 0.000000 0.087376 -2.376415 5.199098 3.844525 43.738579
-0.286926 0.362833 -0.018997 3.141590 0.000000 0.087363 -2.479621 5.092000 3.750591 43.790133
-0.286954 0.362806 -0.018993 3.141590 0.000000 0.087353 -2.543975 4.987003 3.697460 43.841631
-0.286980 0.362778 -0.018990 3.141590 0.000000 0.087348 -2.623928 4.856685 3.631439 43.893072
-0.287005 0.362750 -0.018988 3.141590 0.000000 0.087348 -2.697671 4.736576 3.570539 43.944457
-0.287028 0.362720 -0.018988 3.141590 0.000000 0.087352 -2.765686 4.625883 3.514361 43.995786
-0.287051 0.362689 -0.018988 3.141590 0.000000 0.087360 -2.828417 4.523863 3.462541 44.047059
-0.287092 0.362622 -0.018989 3.141590 0.000000 0.087383 -2.926701 4.364227 3.381334 44.098277
-0.287145 0.362513 -0.018987 3.141590 0.000000 0.087422 -3.079859 3.753155 3.250475 44.149438
-0.287168 0.362436 -0.018981 3.141590 0.000000 0.087440 -3.099494 3.655401 3.229691 44.200545
-0.287175 0.362398 -0.018979 3.141590 0.000000 0.087445 -3.123889 3.533854 3.203877 44.251596
-0.287175 0.362398 -0.018979 3.141590 0.000000 0.087445 -3.123889 3.533854 3.203877 44.302592
-0.287179 0.362361 -0.018976 3.141590 0.000000 0.087447 -3.129864 3.392601 3.168198 44.353533
-0.287181 0.362324 -0.018975 3.141590 0.000000 0.087447 -3.119507 3.234338 3.123889 44.404420
-0.287180 0.362287 -0.018974 3.141590 0.000000 0.087446 -3.100762 3.092915 3.064771 44.455252
-0.287174 0.362210 -0.018978 3.141590 0.000000 0.087446 -3.026407 2.893694 2.882805 44.506030
-0.287169 0.362171 -0.018981 3.141590 0.000000 0.087447 -2.988411 2.791924 2.789815 44.556754
-0.287162 0.362130 -0.018984 3.141590 0.000000 0.087450 -2.953366 2.698078 2.704047 44.607424
-0.287153 0.362090 -0.018988 3.141590 0.000000 0.087452 -2.921043 2.611526 2.624940 44.658040
-0.287103 0.361922 -0.018994 3.141590 0.000000 0.087447 -2.878444 2.113290 2.413979 44.708602
-0.287087 0.361880 -0.018992 3.141590 0.000000 0.087442 -2.835426 1.907537 2.378613 44.759111
-0.287070 0.361837 -0.018988 3.141590 0.000000 0.087436 -2.795750 1.717759 2.345995 44.809567
-0.287070 0.361837 -0.018988 3.141590 0.000000 0.087436 -2.795750 1.717759 2.345995 44.859970
-0.287052 0.361795 -0.018983 3.141590 0.000000 0.087432 -2.759155 1.542731 2.315910 44.910320
-0.287034 0.361753 -0.018977 3.141590 0.000000 0.087430 -2.733587 1.420451 2.294888 44.960616
-0.287016 0.361711 -0.018970 3.141590 0.000000 0.087430 -2.638860 1.160434 2.236216 45.010861
-0.286997 0.361669 -0.018964 3.141590 0.000000 0.087433 -2.551491 0.920674 2.182097 45.061053
-0.286977 0.361627 -0.018958 3.141590 0.000000 0.087439 -2.482114 0.670538 2.149300 45.111192
-0.286956 0.361584 -0.018952 3.141590 0.000000 0.087447 -2.421713 0.430574 2.124528 45.161280
-0.286911 0.361501 -0.018946 3.141590 0.000000 0.087465 -2.327080 0.054713 2.085708 45.211315
-0.286802 0.361343 -0.018952 3.141590 0.000000 0.087482 -2.088235 -0.750893 2.125487 45.261299
-0.286771 0.361308 -0.018955 3.141590 0.000000 0.087477 -2.004451 -0.979199 2.191724 45.311231
-0.286771 0.361308 -0.018955 3.141590 0.000000 0.087477 -2.004451 -0.979199 2.191724 45.361112
-0.286740 0.361274 -0.018959 3.141590 0.000000 0.087470 -1.921977 -1.169157 2.236371 45.410941
-0.286708 0.361243 -0.018962 3.141590 0.000000 0.087459 -1.819511 -1.405177 2.291841 45.460720
-0.286643 0.361186 -0.018966 3.141590 0.000000 0.087434 -1.637838 -1.823773 2.390202 45.510447
-0.286610 0.361161 -0.018966 3.141590 0.000000 0.087420 -1.546241 -2.055269 2.457046 45.560123
-0.286576 0.361137 -0.018965 3.141590 0.000000 0.087408 -1.451001 -2.313175 2.541088 45.609749
-0.286542 0.361115 -0.018963 3.141590 0.000000 0.087398 -1.386151 -2.503980 2.603497 45.659324
-0.286506 0.361094 -0.018960 3.141590 0.000000 0.087390 -1.309917 -2.768019 2.690471 45.708849
-0.286470 0.361075 -0.018956 3.141590 0.000000 0.087386 -1.239604 -3.011492 2.770684 45.758324
-0.286317 0.361016 -0.018941 3.141590 0.000000 0.087414 -1.021227 -3.766875 3.019740 45.807748
-0.286317 0.361016 -0.018941 3.141590 0.000000 0.087414 -1.021227 -3.766875 3.019740 45.857123
-0.286276 0.361008 -0.018939 3.141590 0.000000 0.087430 -0.945586 -3.950488 3.072193 45.906448
-0.286234 0.361002 -0.018937 3.141590 0.000000 0.087447 -0.756454 -4.319364 3.174911 45.955723
-0.286192 0.361000 -0.018936 3.141590 0.000000 0.087466 -0.756454 -4.319364 3.174911 46.004949
-0.286107 0.361002 -0.018937 3.141590 0.000000 0.087502 -0.605023 -4.620883 3.285616 46.054125
-0.286065 0.361006 -0.018937 3.141590 0.000000 0.087518 -0.527640 -4.775014 3.342192 46.103252
-0.285979 0.361020 -0.018937 3.141590 0.000000 0.087541 -0.360327 -5.058967 3.432623 46.152331
-0.285979 0.361020 -0.018937 3.141590 0.000000 0.087541 -0.360327 -5.058967 3.432623 46.201360
-0.285936 0.361030 -0.018935 3.141590 0.000000 0.087546 -0.151414 -5.308357 3.522775 46.250341
-0.285721 0.361106 -0.018911 3.141590 0.000000 0.087511 0.222604 -5.677279 3.693247 46.299273
-0.285678 0.361127 -0.018906 3.141590 0.000000 0.087498 0.304623 -5.758288 3.730639 46.348157
-0.285636 0.361148 -0.018902 3.141590 0.000000 0.087485 0.361928 -5.814964 3.756771 46.396992
-0.285595 0.361169 -0.018899 3.141590 0.000000 0.087472 0.458349 -5.861425 3.901068 46.445779
-0.285554 0.361190 -0.018898 3.141590 0.000000 0.087462 0.547281 -5.904261 4.034155 46.494518
-0.285515 0.361212 -0.018898 3.141590 0.000000 0.087454 0.661338 -5.919137 4.146735 46.543210
-0.285476 0.361232 -0.018900 3.141590 0.000000 0.087449 0.766535 -5.932809 4.250566 46.591853
-0.285438 0.361252 -0.018903 3.141590 0.000000 0.087447 0.863561 -5.945374 4.346327 46.640449
-0.285365 0.361292 -0.018912 3.141590 0.000000 0.087448 1.030973 -5.928896 4.494028 46.688998
-0.285365 0.361292 -0.018912 3.141590 0.000000 0.087448 1.030973 -5.928896 4.494028 46.737499
-0.285190 0.361412 -0.018926 3.141590 0.000000 0.087442 1.531495 -5.680154 4.843672 46.785953
-0.285157 0.361439 -0.018924 3.141590 0.000000 0.087440 1.621846 -5.637613 4.907859 46.834360
-0.285126 0.361468 -0.018921 3.141590 0.000000 0.087440 1.705178 -5.598345 4.967057 46.882720
-0.285126 0.361468 -0.018921 3.141590 0.000000 0.087440 1.782038 -5.562083 5.021653 46.931034
-0.285097 0.361497 -0.018916 3.141590 0.000000 0.087443 1.873796 -5.486436 5.120416 46.979301
-0.285043 0.361554 -0.018905 3.141590 0.000000 0.087452 1.942967 -5.423317 5.201155 47.027521
-0.285018 0.361584 -0.018900 3.141590 0.000000 0.087457 2.024293 -5.343636 5.309246 47.075695
-0.285018 0.361584 -0.018900 3.141590 0.000000 0.087457 2.024293 -5.343636 5.309246 47.123823
-0.284971 0.361647 -0.018890 3.141590 0.000000 0.087464 2.142943 -5.195283 5.543984 47.171904
-0.284971 0.361647 -0.018890 3.141590 0.000000 0.087464 2.142943 -5.195283 5.543984 47.219940
-0.284881 0.361830 -0.018891 3.141590 0.000000 0.087438 2.418526 -4.715782 5.919455 47.267930
-0.284864 0.361911 -0.018900 3.141590 0.000000 0.087422 2.546336 -4.427494 6.005299 47.315874
-0.284864 0.361911 -0.018900 3.141590 0.000000 0.087422 2.589181 -4.330861 6.034077 47.363772
-0.284857 0.361991 -0.018908 3.141590 0.000000 0.087412 2.642412 -4.210724 6.069824 47.411626
-0.284856 0.362030 -0.018911 3.141590 0.000000 0.087412 2.691509 -4.099856 6.102789 47.459433
-0.284856 0.362067 -0.018913 3.141590 0.000000 0.087417 2.731880 -3.985645 6.137679 47.507196
-0.284858 0.362104 -0.018913 3.141590 0.000000 0.087424 2.754961 -3.846007 6.182796 47.554914
-0.284866 0.362179 -0.018908 3.141590 0.000000 0.087447 2.775550 -3.598065 6.270219 47.602586
-0.284866 0.362179 -0.018908 3.141590 0.000000 0.087447 2.775550 -3.598065 6.270219 47.650214
-0.284898 0.362331 -0.018887 3.141590 0.000000 0.087496 2.764591 -3.038573 6.413087 47.697797
-0.284909 0.362371 -0.018882 3.141590 0.000000 0.087504 2.749158 -2.869015 6.341993 47.745336
-0.284920 0.362411 -0.018877 3.141590 0.000000 0.087508 2.724632 -2.722475 6.299444 47.792830
-0.284945 0.362491 -0.018872 3.141590 0.000000 0.087503 2.598381 -2.234450 6.232917 47.840280
-0.284958 0.362531 -0.018873 3.141590 0.000000 0.087493 2.542512 -2.018625 6.203490 47.887686
-0.284958 0.362531 -0.018873 3.141590 0.000000 0.087493 2.542512 -2.018625 6.203490 47.935048
-0.284971 0.362571 -0.018875 3.141590 0.000000 0.087480 2.490982 -1.819647 6.176355 47.982366
-0.284985 0.362611 -0.018879 3.141590 0.000000 0.087464 2.454979 -1.680752 6.157408 48.029640
-0.285000 0.362652 -0.018885 3.141590 0.000000 0.087447 2.410248 -1.508148 6.133864 48.076870
-0.285016 0.362692 -0.018892 3.141590 0.000000 0.087428 2.316080 -1.225789 6.113831 48.124057
-0.285095 0.362856 -0.018925 3.141590 0.000000 0.087363 1.775923 0.166273 6.027036 48.171200
-0.285142 0.362935 -0.018937 3.141590 0.000000 0.087348 1.523196 0.791516 5.980616 48.218300
-0.285142 0.362935 -0.018937 3.141590 0.000000 0.087348 1.523196 0.791516 5.980616 48.265357
-0.285168 0.362973 -0.018941 3.141590 0.000000 0.087348 1.378080 1.135923 5.969975 48.312371
-0.285193 0.363009 -0.018944 3.141590 0.000000 0.087352 1.244236 1.453662 5.960153 48.359341
-0.285219 0.363043 -0.018944 3.141590 0.000000 0.087360 1.113913 1.745411 5.953370 48.406269
-0.285246 0.363074 -0.018943 3.141590 0.000000 0.087371 1.021191 1.949013 5.949176 48.453155
-0.285273 0.363105 -0.018941 3.141590 0.000000 0.087383 0.905993 2.201955 5.943966 48.499997
-0.285301 0.363134 -0.018939 3.141590 0.000000 0.087396 0.799742 2.435285 5.939158 48.546797
-0.285361 0.363188 -0.018936 3.141590 0.000000 0.087422 0.611360 2.849020 5.930630 48.593555
-0.285392 0.363215 -0.018935 3.141590 0.000000 0.087432 0.514887 3.035221 5.905329 48.640270
-0.285497 0.363289 -0.018941 3.141590 0.000000 0.087447 0.204664 3.520475 5.627282 48.686944
-0.285573 0.363333 -0.018954 3.141590 0.000000 0.087446 0.045695 3.849762 5.355150 48.733575
-0.285613 0.363352 -0.018961 3.141590 0.000000 0.087445 -0.007595 3.960138 5.263925 48.780164
-0.285653 0.363368 -0.018969 3.141590 0.000000 0.087446 -0.100839 4.118949 5.156065 48.826712
-0.285693 0.363382 -0.018977 3.141590 0.000000 0.087447 -0.212802 4.286251 5.061844 48.873217
-0.285732 0.363392 -0.018985 3.141590 0.000000 0.087450 -0.317994 4.445777 4.988698 48.919682
-0.285772 0.363400 -0.018992 3.141590 0.000000 0.087452 -0.420563 4.607899 4.960876 48.966104
-0.285813 0.363404 -0.018998 3.141590 0.000000 0.087454 -0.515164 4.757414 4.935217 49.012486
-0.285853 0.363407 -0.019002 3.141590 0.000000 0.087453 -0.581261 4.861853 4.917291 49.058826
-0.285895 0.363408 -0.019004 3.141590 0.000000 0.087451 -0.663381 4.991568 4.895023 49.105125
-0.285937 0.363406 -0.019004 3.141590 0.000000 0.087447 -0.739121 5.111168 4.874489 49.151383
-0.286067 0.363391 -0.019000 3.141590 0.000000 0.087432 -1.200829 5.701730 5.048116 49.197600
-0.286111 0.363382 -0.018998 3.141590 0.000000 0.087430 -1.353783 5.882725 5.125207 49.243776
