-0.286045 0.362516 -0.015400 0.087266 0.000000 3.141590 0.006035 -0.027112 0.021015 0.000000
-0.286045 0.362516 -0.015400 0.087266 0.000000 3.141590 0.006035 -0.027112 0.021015 0.000000
-0.286045 0.362516 -0.015400 0.087266 0.000000 3.141590 0.006035 -0.027112 0.021015 0.000000
-0.286045 0.362516 -0.015400 0.087266 0.000000 3.141590 0.005429 -0.025984 0.026789 0.000000
-0.286045 0.362516 -0.015400 0.087267 0.000000 3.141590 0.005024 -0.028541 0.032635 0.000000
-0.286045 0.362516 -0.015400 0.087267 0.000000 3.141590 0.003115 -0.038183 0.044517 0.000000
-0.286045 0.362515 -0.015401 0.087267 0.000000 3.141590 -0.000972 -0.040420 0.035285 0.000000
-0.286046 0.362514 -0.015402 0.087268 0.000000 3.141590 -0.004741 -0.042483 0.026770 0.000000
-0.286046 0.362512 -0.015404 0.087268 0.000000 3.141590 -0.008218 -0.044401 0.018918 0.000000
-0.286045 0.362509 -0.015409 0.087266 -0.000000 3.141590 -0.010647 -0.045769 0.013434 0.000000
-0.286044 0.362505 -0.015415 0.087264 -0.000000 3.141590 -0.006026 -0.040886 0.012608 0.000000
-0.286043 0.362502 -0.015424 0.087261 -0.000000 3.141590 0.000682 -0.034276 0.013763 0.000000
-0.286043 0.362492 -0.015465 0.087262 -0.000000 3.141590 0.020088 -0.065108 0.028540 0.000000
-0.286043 0.362492 -0.015465 0.087262 -0.000000 3.141590 0.020088 -0.065108 0.028540 0.000000
-0.286045 0.362489 -0.015482 0.087267 0.000000 3.141590 0.012313 -0.066137 0.021738 0.000000
-0.286047 0.362485 -0.015501 0.087272 0.000000 3.141590 0.008088 -0.055756 -0.000874 0.000000
-0.286050 0.362481 -0.015520 0.087277 0.000000 3.141590 0.004190 -0.046174 -0.021730 0.000000
-0.286053 0.362475 -0.015561 0.087284 0.000000 3.141590 -0.006866 -0.026856 -0.021173 0.000000
-0.286053 0.362475 -0.015561 0.087284 0.000000 3.141590 -0.006866 -0.026856 -0.021173 0.000000
-0.286053 0.362475 -0.015561 0.087284 0.000000 3.141590 -0.014552 -0.015273 -0.007214 0.000000
-0.286051 0.362472 -0.015604 0.087280 0.000000 3.141590 -0.030887 -0.013595 -0.012086 0.000000
-0.286048 0.362471 -0.015626 0.087274 0.000000 3.141590 -0.048913 -0.014965 -0.022257 0.000000
-0.286048 0.362471 -0.015626 0.087274 0.000000 3.141590 -0.048913 -0.014965 -0.022257 0.000000
-0.286045 0.362469 -0.015648 0.087266 -0.000000 3.141590 -0.065538 -0.016273 -0.031634 0.000000
-0.286041 0.362466 -0.015670 0.087258 -0.000000 3.141590 -0.077154 -0.017250 -0.038180 0.000000
-0.286041 0.362466 -0.015670 0.087258 -0.000000 3.141590 -0.077154 -0.017250 -0.038180 0.000000
-0.286029 0.362450 -0.015758 0.087232 -0.000000 3.141590 -0.025608 -0.023304 -0.053795 0.000000
-0.286029 0.362446 -0.015781 0.087232 -0.000000 3.141590 -0.011022 -0.015228 -0.051936 0.000000
-0.286030 0.362443 -0.015804 0.087236 -0.000000 3.141590 -0.006477 -0.033372 -0.023919 0.000000
-0.286032 0.362440 -0.015827 0.087244 -0.000000 3.141590 -0.019336 -0.048423 -0.001051 0.000000
-0.286034 0.362440 -0.015850 0.087254 -0.000000 3.141590 -0.032455 -0.058453 0.014200 0.000000
-0.286037 0.362440 -0.015872 0.087267 0.000000 3.141590 -0.048754 -0.070928 0.033149 0.000000
-0.286039 0.362442 -0.015893 0.087280 0.000000 3.141590 -0.053371 -0.070448 0.047569 0.000000
-0.286039 0.362442 -0.015893 0.087280 0.000000 3.141590 -0.053371 -0.070448 0.047569 0.000000
-0.286040 0.362444 -0.015915 0.087293 0.000000 3.141590 -0.047625 -0.058511 0.057934 0.000000
-0.286040 0.362447 -0.015937 0.087305 0.000000 3.141590 -0.043643 -0.063497 0.070593 0.000000
-0.286040 0.362447 -0.015937 0.087305 0.000000 3.141590 -0.043643 -0.063497 0.070593 0.000000
-0.286038 0.362450 -0.015959 0.087316 0.000000 3.141590 -0.041236 -0.083478 0.085246 0.000000
-0.286035 0.362454 -0.015982 0.087324 0.000000 3.141590 -0.039554 -0.097429 0.095484 0.000000
-0.286020 0.362460 -0.016075 0.087319 0.000000 3.141590 0.001236 -0.132110 0.164878 0.000000
-0.286020 0.362460 -0.016075 0.087319 0.000000 3.141590 0.001236 -0.132110 0.164878 0.000000
-0.286017 0.362458 -0.016098 0.087311 0.000000 3.141590 -0.008399 -0.141236 0.157180 0.000000
-0.286016 0.362456 -0.016119 0.087302 0.000000 3.141590 -0.026384 -0.152406 0.140270 0.000000
-0.286016 0.362452 -0.016139 0.087293 0.000000 3.141590 -0.008358 -0.119593 0.106632 0.000000
-0.286018 0.362448 -0.016157 0.087286 0.000000 3.141590 0.005351 -0.094403 0.079139 0.000000
-0.286022 0.362444 -0.016173 0.087280 0.000000 3.141590 0.006238 -0.066532 0.051041 0.000000
-0.286026 0.362439 -0.016188 0.087276 0.000000 3.141590 0.007055 -0.040784 0.025121 0.000000
-0.286038 0.362432 -0.016215 0.087281 0.000000 3.141590 -0.014244 -0.037480 -0.004068 0.000000
-0.286044 0.362430 -0.016229 0.087289 0.000000 3.141590 -0.026344 -0.045527 -0.010204 0.000000
-0.286050 0.362429 -0.016243 0.087299 0.000000 3.141590 -0.000328 -0.034958 -0.033710 0.000000
-0.286050 0.362429 -0.016243 0.087299 0.000000 3.141590 -0.000328 -0.034958 -0.033710 0.000000
-0.286055 0.362429 -0.016257 0.087311 0.000000 3.141590 0.036807 -0.018581 -0.060476 0.000000
-0.286060 0.362436 -0.016309 0.087350 0.000000 3.141590 0.112604 0.008409 -0.089707 0.000000
-0.286059 0.362440 -0.016330 0.087361 0.000000 3.141590 0.112604 0.008409 -0.089707 0.000000
-0.286056 0.362443 -0.016351 0.087368 0.000000 3.141590 0.099661 -0.000510 -0.066431 0.000000
-0.286052 0.362446 -0.016374 0.087373 0.000000 3.141590 0.070185 -0.012164 -0.045526 0.000000
-0.286048 0.362448 -0.016396 0.087372 0.000000 3.141590 0.045205 -0.020500 -0.027674 0.000000
-0.286044 0.362450 -0.016420 0.087367 0.000000 3.141590 0.077624 -0.008449 -0.015483 0.000000
-0.286044 0.362450 -0.016420 0.087367 0.000000 3.141590 0.077624 -0.008449 -0.015483 0.000000
-0.286041 0.362450 -0.016443 0.087358 0.000000 3.141590 0.100384 -0.011696 -0.006597 0.000000
-0.286041 0.362450 -0.016443 0.087358 0.000000 3.141590 0.100384 -0.011696 -0.006597 0.000000
-0.286038 0.362449 -0.016467 0.087344 0.000000 3.141590 0.114516 -0.028477 -0.000666 0.000000
-0.286036 0.362448 -0.016490 0.087329 0.000000 3.141590 0.127551 -0.044025 0.004811 0.000000
-0.286036 0.362445 -0.016514 0.087311 0.000000 3.141590 0.133500 -0.045527 0.014818 0.000000
-0.286038 0.362443 -0.016539 0.087292 0.000000 3.141590 0.138868 -0.041254 0.031196 0.000000
-0.286038 0.362443 -0.016539 0.087292 0.000000 3.141590 0.138868 -0.041254 0.031196 0.000000
-0.286054 0.362436 -0.016633 0.087227 -0.000000 3.141590 0.123787 -0.030163 0.027384 0.000000
-0.286060 0.362436 -0.016656 0.087218 -0.000000 3.141590 0.118459 -0.027770 0.023059 0.000000
-0.286064 0.362437 -0.016679 0.087212 -0.000000 3.141590 0.153599 -0.001472 -0.008852 0.000000
-0.286068 0.362437 -0.016701 0.087212 -0.000000 3.141590 0.178151 0.016967 -0.031154 0.000000
-0.286071 0.362438 -0.016724 0.087216 -0.000000 3.141590 0.171787 0.034795 -0.059726 0.000000
-0.286072 0.362438 -0.016746 0.087224 -0.000000 3.141590 0.130509 0.046350 -0.086909 0.000000
-0.286072 0.362437 -0.016767 0.087235 -0.000000 3.141590 0.114975 0.061053 -0.087397 0.000000
-0.286069 0.362435 -0.016788 0.087247 -0.000000 3.141590 0.115315 0.082244 -0.078885 0.000000
-0.286066 0.362432 -0.016810 0.087260 -0.000000 3.141590 0.131233 0.097139 -0.075272 0.000000
-0.286061 0.362427 -0.016831 0.087273 0.000000 3.141590 0.142355 0.107623 -0.072754 0.000000
-0.286056 0.362421 -0.016853 0.087286 0.000000 3.141590 0.156174 0.120570 -0.069618 0.000000
-0.286056 0.362421 -0.016853 0.087286 0.000000 3.141590 0.156174 0.120570 -0.069618 0.000000
-0.286041 0.362398 -0.016943 0.087308 0.000000 3.141590 0.085564 0.066530 -0.031252 0.000000
-0.286041 0.362394 -0.016966 0.087305 0.000000 3.141590 0.098577 0.080920 -0.021775 0.000000
-0.286042 0.362392 -0.016989 0.087299 0.000000 3.141590 0.110578 0.094136 -0.013030 0.000000
-0.286044 0.362392 -0.017013 0.087291 0.000000 3.141590 0.109033 0.089245 -0.007812 0.000000
-0.286048 0.362393 -0.017036 0.087283 0.000000 3.141590 0.098777 0.073370 -0.006238 0.000000
-0.286053 0.362395 -0.017058 0.087274 0.000000 3.141590 0.086992 0.056077 -0.003812 0.000000
-0.286059 0.362398 -0.017080 0.087266 -0.000000 3.141590 0.078880 0.047015 -0.000211 0.000000
-0.286064 0.362400 -0.017102 0.087260 -0.000000 3.141590 0.068087 0.034949 0.006147 0.000000
-0.286069 0.362401 -0.017124 0.087257 -0.000000 3.141590 0.026921 0.025137 0.026449 0.000000
-0.286073 0.362401 -0.017146 0.087257 -0.000000 3.141590 0.016943 0.013196 0.018532 0.000000
-0.286073 0.362401 -0.017146 0.087257 -0.000000 3.141590 0.016943 0.013196 0.018532 0.000000
-0.286075 0.362399 -0.017168 0.087261 -0.000000 3.141590 0.016759 0.004215 0.006535 0.000000
-0.286070 0.362376 -0.017259 0.087305 0.000000 3.141590 -0.008126 0.020868 -0.012866 0.000000
-0.286065 0.362368 -0.017283 0.087318 0.000000 3.141590 -0.006036 0.001862 -0.011129 0.000000
-0.286061 0.362362 -0.017305 0.087330 0.000000 3.141590 -0.004108 -0.015665 -0.009527 0.000000
-0.286056 0.362356 -0.017327 0.087341 0.000000 3.141590 -0.002329 -0.031847 -0.008048 0.000000
-0.286051 0.362352 -0.017348 0.087349 0.000000 3.141590 -0.000689 -0.046808 -0.006681 0.000000
-0.286048 0.362350 -0.017367 0.087353 0.000000 3.141590 0.004779 -0.049918 -0.004203 0.000000
-0.286045 0.362350 -0.017385 0.087353 0.000000 3.141590 0.008600 -0.052144 -0.002468 0.000000
-0.286045 0.362351 -0.017403 0.087350 0.000000 3.141590 0.013600 -0.055073 0.009973 0.000000
-0.286045 0.362351 -0.017403 0.087350 0.000000 3.141590 0.013600 -0.055073 0.009973 0.000000
-0.286046 0.362353 -0.017420 0.087344 0.000000 3.141590 0.018293 -0.057861 0.024743 0.000000
-0.286049 0.362356 -0.017437 0.087336 0.000000 3.141590 0.011475 -0.048679 0.023103 0.000000
-0.286053 0.362358 -0.017454 0.087327 0.000000 3.141590 0.001197 -0.044229 0.012918 0.000000
-0.286073 0.362353 -0.017532 0.087301 0.000000 3.141590 -0.132465 -0.028145 0.108594 0.000000
-0.286077 0.362349 -0.017553 0.087302 0.000000 3.141590 -0.173080 0.003239 0.208041 0.000000
-0.286079 0.362343 -0.017575 0.087306 0.000000 3.141590 -0.254412 0.029048 0.374956 0.000000
-0.286081 0.362336 -0.017596 0.087314 0.000000 3.141590 -0.339308 0.048684 0.542780 0.000000
-0.286080 0.362330 -0.017617 0.087324 0.000000 3.141590 -0.417609 0.066858 0.697563 0.000000
-0.286077 0.362324 -0.017638 0.087336 0.000000 3.141590 -0.489829 0.083670 0.840319 0.000000
-0.286074 0.362319 -0.017658 0.087350 0.000000 3.141590 -0.557166 0.094383 0.959324 0.000000
-0.286069 0.362316 -0.017678 0.087363 0.000000 3.141590 -0.684061 0.104761 1.156542 0.000000
-0.286069 0.362316 -0.017678 0.087363 0.000000 3.141590 -0.684061 0.104761 1.156542 0.000000
-0.286065 0.362314 -0.017698 0.087375 0.000000 3.141590 -0.796081 0.110639 1.330006 0.000000
-0.286060 0.362313 -0.017719 0.087386 0.000000 3.141590 -0.884943 0.105392 1.465689 0.000000
-0.286052 0.362314 -0.017760 0.087398 0.000000 3.141590 -1.052966 0.108870 1.740637 0.000000
-0.286046 0.362314 -0.017821 0.087388 0.000000 3.141590 -1.248429 0.095166 2.102147 0.000000
-0.286045 0.362313 -0.017840 0.087381 0.000000 3.141590 -1.326332 0.087075 2.197219 0.000000
-0.286043 0.362310 -0.017858 0.087372 0.000000 3.141590 -1.392803 0.079453 2.250235 0.000000
-0.286041 0.362307 -0.017875 0.087363 0.000000 3.141590 -1.465967 0.069206 2.310489 0.000000
-0.286037 0.362303 -0.017889 0.087355 0.000000 3.141590 -1.506300 0.057402 2.349897 0.000000
-0.286032 0.362298 -0.017902 0.087349 0.000000 3.141590 -1.543500 0.046538 2.386242 0.000000
-0.286025 0.362294 -0.017914 0.087346 0.000000 3.141590 -1.577810 0.036560 2.419760 0.000000
-0.286018 0.362290 -0.017924 0.087346 0.000000 3.141590 -1.601782 0.029638 2.443174 0.000000
-0.286018 0.362290 -0.017924 0.087346 0.000000 3.141590 -1.601782 0.029638 2.443174 0.000000
-0.286010 0.362287 -0.017935 0.087350 0.000000 3.141590 -1.659951 -0.029227 2.459258 0.000000
-0.286001 0.362284 -0.017945 0.087358 0.000000 3.141590 -1.722687 -0.099559 2.469926 0.000000
-0.285983 0.362281 -0.017967 0.087381 0.000000 3.141590 -1.739257 -0.285446 2.589930 0.000000
-0.285956 0.362279 -0.018006 0.087420 0.000000 3.141590 -1.762091 -0.424096 2.860460 0.000000
-0.285948 0.362277 -0.018020 0.087430 0.000000 3.141590 -1.772574 -0.462591 2.943085 0.000000
-0.285940 0.362274 -0.018033 3.141590 0.000000 0.087438 -1.779899 -0.489477 3.000813 0.000000
-0.285925 0.362267 -0.018057 3.141590 0.000000 0.087442 -1.784250 -0.568457 3.240536 0.789582
-0.285917 0.362263 -0.018068 3.141590 0.000000 0.087437 -1.765733 -0.625287 3.359042 1.414427
-0.285917 0.362263 -0.018068 3.141590 0.000000 0.087437 -1.765733 -0.625287 3.359042 1.951272
-0.285909 0.362259 -0.018079 3.141590 0.000000 0.087427 -1.742112 -0.684757 3.472323 2.430349
-0.285901 0.362256 -0.018089 3.141590 0.000000 0.087414 -1.725608 -0.726433 3.551482 2.867533
-0.285892 0.362253 -0.018100 3.141590 0.000000 0.087398 -1.705103 -0.778201 3.649829 3.272450
-0.285883 0.362251 -0.018111 3.141590 0.000000 0.087381 -1.704432 -0.821839 3.742777 3.651484
-0.285874 0.362248 -0.018121 3.141590 0.000000 0.087362 -1.721331 -0.858129 3.830656 4.009133
-0.285835 0.362221 -0.018152 3.141590 0.000000 0.087287 -1.738464 -0.998957 4.105021 4.348715
-0.285826 0.362213 -0.018152 3.141590 0.000000 0.087282 -1.751364 -1.008383 4.170759 4.672763
-0.285817 0.362206 -0.018149 3.141590 0.000000 0.087282 -1.763261 -1.016981 4.231382 4.983261
-0.285817 0.362206 -0.018149 3.141590 0.000000 0.087282 -1.763261 -1.016981 4.231382 5.281803
-0.285809 0.362199 -0.018143 3.141590 0.000000 0.087288 -1.757159 -1.044999 4.262379 5.569688
-0.285801 0.362193 -0.018136 3.141590 0.000000 0.087300 -1.740349 -1.093899 4.293616 5.847997
-0.285795 0.362188 -0.018128 3.141590 0.000000 0.087316 -1.720687 -1.138827 4.318985 6.117637
-0.285790 0.362185 -0.018119 3.141590 0.000000 0.087335 -1.690572 -1.179970 4.332486 6.379378
-0.285787 0.362185 -0.018109 3.141590 0.000000 0.087357 -1.662796 -1.217836 4.344931 6.633884
-0.285787 0.362188 -0.018100 3.141590 0.000000 0.087381 -1.643390 -1.244130 4.353612 6.881729
-0.285789 0.362193 -0.018090 3.141590 0.000000 0.087406 -1.619279 -1.276893 4.364406 7.123416
-0.285835 0.362236 -0.018065 3.141590 0.000000 0.087496 -1.479451 -1.377332 4.234465 7.359385
-0.285835 0.362236 -0.018065 3.141590 0.000000 0.087496 -1.479451 -1.377332 4.234465 7.590027
-0.285856 0.362250 -0.018061 3.141590 0.000000 0.087512 -1.445575 -1.397775 4.211015 7.815692
-0.285879 0.362266 -0.018058 3.141590 0.000000 0.087523 -1.426370 -1.415327 4.197115 8.036690
-0.285905 0.362283 -0.018056 3.141590 0.000000 0.087529 -1.418607 -1.433146 4.182139 8.253301
-0.285932 0.362300 -0.018054 3.141590 0.000000 0.087530 -1.413184 -1.445672 4.171682 8.465779
-0.285962 0.362317 -0.018052 3.141590 0.000000 0.087524 -1.406445 -1.461340 4.158700 8.674353
-0.285992 0.362333 -0.018051 3.141590 0.000000 0.087515 -1.510234 -1.440798 4.207934 8.879232
-0.286024 0.362349 -0.018049 3.141590 0.000000 0.087502 -1.605960 -1.421936 4.253352 9.080607
-0.286056 0.362363 -0.018047 3.141590 0.000000 0.087486 -1.697895 -1.396320 4.303523 9.278654
-0.286087 0.362374 -0.018047 3.141590 0.000000 0.087468 -1.782688 -1.372752 4.349802 9.473532
-0.286207 0.362388 -0.018058 3.141590 0.000000 0.087398 -2.023521 -1.284760 4.483798 9.665391
-0.286232 0.362381 -0.018062 3.141590 0.000000 0.087384 -2.056994 -1.265790 4.503227 9.854366
-0.286256 0.362371 -0.018067 3.141590 0.000000 0.087375 -2.118849 -1.274244 4.516181 10.040586
-0.286276 0.362357 -0.018071 3.141590 0.000000 0.087370 -2.151183 -1.306651 4.507329 10.224168
-0.286293 0.362340 -0.018074 3.141590 0.000000 0.087369 -2.148600 -1.401941 4.412796 10.405221
-0.286307 0.362320 -0.018076 3.141590 0.000000 0.087374 -2.180119 -1.471386 4.246102 10.583848
-0.286316 0.362298 -0.018076 3.141590 0.000000 0.087382 -2.210362 -1.515362 4.110352 10.760144
-0.286321 0.362274 -0.018075 3.141590 0.000000 0.087392 -2.247936 -1.569984 3.941694 10.934199
-0.286315 0.362225 -0.018072 3.141590 0.000000 0.087417 -2.242279 -1.700768 3.519279 11.106096
-0.286315 0.362225 -0.018072 3.141590 0.000000 0.087417 -2.210773 -1.786117 3.271442 11.275914
-0.286305 0.362199 -0.018069 3.141590 0.000000 0.087431 -2.210773 -1.786117 3.271442 11.443727
-0.286224 0.362109 -0.018069 3.141590 0.000000 0.087466 -2.056486 -2.122667 2.368543 11.609605
-0.286224 0.362109 -0.018069 3.141590 0.000000 0.087466 -2.056486 -2.122667 2.368543 11.773614
-0.286195 0.362092 -0.018073 3.141590 0.000000 0.087466 -2.022018 -2.169834 2.228639 11.935814
-0.286164 0.362078 -0.018079 3.141590 0.000000 0.087462 -1.979196 -2.228504 2.054827 12.096267
-0.286131 0.362067 -0.018086 3.141590 0.000000 0.087456 -1.918809 -2.297343 1.900627 12.255026
-0.286060 0.362056 -0.018105 3.141590 0.000000 0.087440 -1.765417 -2.424680 1.654354 12.412145
-0.286060 0.362056 -0.018105 3.141590 0.000000 0.087440 -1.697969 -2.464670 1.591937 12.567673
-0.286024 0.362057 -0.018115 3.141590 0.000000 0.087431 -1.697969 -2.464670 1.591937 12.721658
-0.285986 0.362062 -0.018127 3.141590 0.000000 0.087423 -1.622702 -2.493905 1.533429 12.874146
-0.285949 0.362070 -0.018138 3.141590 0.000000 0.087417 -1.489252 -2.545651 1.429688 13.025179
-0.285912 0.362082 -0.018151 3.141590 0.000000 0.087414 -1.489252 -2.545651 1.429688 13.174799
-0.285778 0.362155 -0.018195 3.141590 0.000000 0.087426 -1.073893 -2.568796 1.778296 13.323044
-0.285749 0.362177 -0.018203 3.141590 0.000000 0.087431 -0.971038 -2.577085 1.899051 13.469952
-0.285723 0.362202 -0.018209 3.141590 0.000000 0.087435 -0.876173 -2.584739 2.010427 13.615558
-0.285701 0.362227 -0.018213 3.141590 0.000000 0.087437 -0.821578 -2.583529 2.076022 13.759897
-0.285682 0.362253 -0.018214 3.141590 0.000000 0.087438 -0.783683 -2.565257 2.126212 13.903001
-0.285668 0.362279 -0.018212 3.141590 0.000000 0.087436 -0.733070 -2.540485 2.167074 14.044902
-0.285652 0.362331 -0.018203 3.141590 0.000000 0.087431 -0.572843 -2.462337 2.180915 14.185629
-0.285652 0.362331 -0.018203 3.141590 0.000000 0.087431 -0.572843 -2.462337 2.180915 14.325211
-0.285652 0.362355 -0.018197 3.141590 0.000000 0.087430 -0.471646 -2.419607 2.074163 14.463676
-0.285657 0.362377 -0.018190 3.141590 0.000000 0.087429 -0.439127 -2.379294 1.978221 14.601050
-0.285666 0.362397 -0.018182 3.141590 0.000000 0.087430 -0.467541 -2.341250 1.892151 14.737359
-0.285740 0.362448 -0.018155 3.141590 0.000000 0.087426 -0.284145 -2.116534 1.588871 14.872628
-0.285740 0.362448 -0.018155 3.141590 0.000000 0.087426 -0.284145 -2.116534 1.588871 15.006879
-0.285766 0.362452 -0.018152 3.141590 0.000000 0.087424 -0.283925 -2.034121 1.530615 15.140135
-0.285794 0.362452 -0.018150 3.141590 0.000000 0.087422 -0.283772 -1.976538 1.489912 15.272418
-0.285823 0.362446 -0.018150 3.141590 0.000000 0.087423 -0.283581 -1.904954 1.439339 15.403750
-0.285823 0.362446 -0.018150 3.141590 0.000000 0.087423 -0.291662 -1.740028 1.302743 15.534151
-0.285885 0.362421 -0.018156 3.141590 0.000000 0.087429 -0.291662 -1.740028 1.302743 15.663640
-0.285917 0.362402 -0.018160 3.141590 0.000000 0.087434 -0.299278 -1.648825 1.219780 15.792236
-0.285949 0.362380 -0.018166 3.141590 0.000000 0.087440 -0.294819 -1.587216 1.151285 15.919957
-0.285980 0.362355 -0.018173 3.141590 0.000000 0.087444 -0.283016 -1.512086 1.059450 16.046821
-0.286011 0.362328 -0.018181 3.141590 0.000000 0.087446 -0.263016 -1.502445 1.006254 16.172846
-0.286117 0.362208 -0.018214 3.141590 0.000000 0.087429 -0.305624 -1.428024 0.895658 16.298047
-0.286138 0.362177 -0.018223 3.141590 0.000000 0.087420 -0.361752 -1.503304 0.834929 16.422440
-0.286155 0.362146 -0.018232 3.141590 0.000000 0.087411 -0.400968 -1.555953 0.792502 16.546042
-0.286168 0.362115 -0.018241 3.141590 0.000000 0.087404 -0.455870 -1.655724 0.766823 16.668867
-0.286177 0.362084 -0.018249 3.141590 0.000000 0.087398 -0.508487 -1.758739 0.751791 16.790929
-0.286182 0.362054 -0.018256 3.141590 0.000000 0.087394 -0.557016 -1.853711 0.737923 16.912243
-0.286182 0.362026 -0.018261 3.141590 0.000000 0.087394 -0.601775 -1.941241 0.725126 17.032822
-0.286177 0.361999 -0.018267 3.141590 0.000000 0.087399 -0.720477 -2.138681 0.773245 17.152680
-0.286152 0.361951 -0.018278 3.141590 0.000000 0.087417 -0.785296 -2.251044 0.805004 17.271829
-0.286133 0.361931 -0.018283 3.141590 0.000000 0.087429 -0.826368 -2.349668 0.811877 17.390281
-0.286111 0.361915 -0.018288 3.141590 0.000000 0.087443 -0.862267 -2.448954 0.818415 17.508050
-0.285993 0.361896 -0.018301 3.141590 0.000000 0.087486 -0.883547 -2.919487 0.878405 17.625146
-0.285993 0.361896 -0.018301 3.141590 0.000000 0.087486 -0.883547 -2.919487 0.878405 17.741581
-0.285993 0.361896 -0.018301 3.141590 0.000000 0.087486 -0.883547 -2.919487 0.878405 17.857366
-0.285958 0.361906 -0.018302 3.141590 0.000000 0.087491 -0.817345 -3.033110 0.873369 17.972512
-0.285922 0.361921 -0.018301 3.141590 0.000000 0.087490 -0.755595 -3.113240 0.866089 18.087029
-0.285885 0.361943 -0.018299 3.141590 0.000000 0.087485 -0.666533 -3.205730 0.852562 18.200928
-0.285848 0.361969 -0.018297 3.141590 0.000000 0.087476 -0.548819 -3.270506 0.827150 18.314219
-0.285774 0.362035 -0.018292 3.141590 0.000000 0.087447 -0.340112 -3.385586 0.782115 18.426910
-0.285738 0.362073 -0.018289 3.141590 0.000000 0.087429 -0.247754 -3.436604 0.762194 18.539012
-0.285703 0.362115 -0.018286 3.141590 0.000000 0.087410 -0.179379 -3.433512 0.723945 18.650534
-0.285703 0.362115 -0.018286 3.141590 0.000000 0.087410 -0.179379 -3.433512 0.723945 18.761485
-0.285670 0.362159 -0.018283 3.141590 0.000000 0.087392 -0.094430 -3.429584 0.676416 18.871873
