-0.285672 0.390827 0.036274 0.087137 -0.000000 3.141590 -0.094386 0.031093 0.017223 0.000000
-0.285672 0.390827 0.036274 0.087137 -0.000000 3.141590 -0.094386 0.031093 0.017223 0.000000
-0.285672 0.390827 0.036274 0.087137 -0.000000 3.141590 -0.083375 0.031980 0.015930 0.000000
-0.285672 0.390827 0.036274 0.087137 -0.000000 3.141590 -0.073220 0.032797 0.014737 0.000000
-0.285672 0.390827 0.036274 0.087137 -0.000000 3.141590 -0.066124 0.033369 0.013904 0.000000
-0.285669 0.390822 0.036270 0.087138 -0.000000 3.141590 -0.056619 0.024772 0.015459 0.000000
-0.285669 0.390822 0.036270 0.087138 -0.000000 3.141590 -0.056619 0.024772 0.015459 0.000000
-0.285667 0.390819 0.036265 0.087137 -0.000000 3.141590 -0.054847 0.025972 0.016159 0.000000
-0.285666 0.390816 0.036259 0.087134 -0.000000 3.141590 -0.052621 0.026482 0.018805 0.000000
-0.285666 0.390816 0.036259 0.087134 -0.000000 3.141590 -0.052621 0.026482 0.018805 0.000000
-0.285666 0.390813 0.036250 0.087132 -0.000000 3.141590 -0.050770 0.020823 0.022906 0.000000
-0.285666 0.390809 0.036239 0.087130 -0.000000 3.141590 -0.049063 0.015616 0.026687 0.000000
-0.285668 0.390805 0.036225 0.087130 -0.000000 3.141590 -0.049393 0.016905 0.029728 0.000000
-0.285670 0.390801 0.036209 0.087133 -0.000000 3.141590 -0.057679 0.044234 0.038959 0.000000
-0.285673 0.390794 0.036173 0.087142 -0.000000 3.141590 -0.051917 0.033712 0.036990 0.000000
-0.285674 0.390791 0.036153 0.087147 -0.000000 3.141590 -0.046603 0.024015 0.035173 0.000000
-0.285674 0.390787 0.036133 0.087152 -0.000000 3.141590 -0.042890 0.017253 0.033902 0.000000
-0.285660 0.390775 0.036044 0.087144 -0.000000 3.141590 0.117056 0.039651 0.069320 0.000000
-0.285660 0.390775 0.036044 0.087144 -0.000000 3.141590 0.117056 0.039651 0.069320 0.000000
-0.285656 0.390773 0.036022 0.087137 -0.000000 3.141590 0.077995 -0.008870 0.096840 0.000000
-0.285652 0.390771 0.036000 0.087128 -0.000000 3.141590 0.058711 -0.024608 0.102179 0.000000
-0.285652 0.390771 0.036000 0.087128 -0.000000 3.141590 0.058711 -0.024608 0.102179 0.000000
-0.285649 0.390770 0.035978 0.087119 -0.000000 3.141590 0.062829 -0.005404 0.091690 0.000000
-0.285647 0.390768 0.035957 0.087111 -0.000000 3.141590 0.052814 0.023293 0.077938 0.000000
-0.285646 0.390767 0.035936 0.087105 -0.000000 3.141590 0.042467 0.045994 0.067342 0.000000
-0.285651 0.390762 0.035893 0.087102 -0.000000 3.141590 0.001295 0.067862 0.058182 0.000000
-0.285655 0.390758 0.035870 0.087107 -0.000000 3.141590 -0.030092 0.051599 0.067050 0.000000
-0.285661 0.390753 0.035848 0.087114 -0.000000 3.141590 -0.038717 0.045018 0.063405 0.000000
-0.285666 0.390748 0.035826 0.087125 -0.000000 3.141590 -0.027155 0.047026 0.048688 0.000000
-0.285685 0.390729 0.035739 0.087176 -0.000000 3.141590 0.007051 0.045500 0.025724 0.000000
-0.285685 0.390729 0.035739 0.087176 -0.000000 3.141590 0.007051 0.045500 0.025724 0.000000
-0.285686 0.390723 0.035717 0.087186 -0.000000 3.141590 0.015424 0.039772 0.034067 0.000000
-0.285686 0.390723 0.035717 0.087186 -0.000000 3.141590 0.015424 0.039772 0.034067 0.000000
-0.285686 0.390718 0.035695 0.087194 -0.000000 3.141590 0.004674 0.059033 0.041107 0.000000
-0.285684 0.390713 0.035674 0.087198 -0.000000 3.141590 -0.011155 0.084608 0.047395 0.000000
-0.285681 0.390709 0.035654 0.087199 -0.000000 3.141590 -0.012355 0.090509 0.042592 0.000000
-0.285672 0.390702 0.035612 0.087189 -0.000000 3.141590 0.015238 0.089792 0.023502 0.000000
-0.285668 0.390701 0.035590 0.087181 -0.000000 3.141590 0.035117 0.087576 0.011582 0.000000
-0.285664 0.390700 0.035568 0.087173 -0.000000 3.141590 0.039338 0.084540 -0.000126 0.000000
-0.285661 0.390700 0.035546 0.087164 -0.000000 3.141590 0.002560 0.078951 -0.012991 0.000000
-0.285659 0.390701 0.035524 0.087156 -0.000000 3.141590 -0.024942 0.081864 -0.018282 0.000000
-0.285668 0.390695 0.035436 0.087151 -0.000000 3.141590 -0.048071 0.169533 0.029047 0.000000
-0.285668 0.390695 0.035436 0.087151 -0.000000 3.141590 -0.048071 0.169533 0.029047 0.000000
-0.285673 0.390690 0.035413 0.087159 -0.000000 3.141590 -0.054284 0.162631 0.026680 0.000000
-0.285679 0.390683 0.035392 0.087170 -0.000000 3.141590 -0.063521 0.140219 0.017197 0.000000
-0.285679 0.390683 0.035392 0.087170 -0.000000 3.141590 -0.063521 0.140219 0.017197 0.000000
-0.285684 0.390675 0.035370 0.087182 -0.000000 3.141590 -0.074410 0.124468 0.008457 0.000000
-0.285689 0.390666 0.035349 0.087195 -0.000000 3.141590 -0.091278 0.124009 0.000426 0.000000
-0.285694 0.390657 0.035329 0.087208 -0.000000 3.141590 -0.096282 0.114455 -0.001589 0.000000
-0.285697 0.390649 0.035307 0.087220 -0.000000 3.141590 -0.088925 0.106187 0.006153 0.000000
-0.285698 0.390637 0.035263 0.087239 -0.000000 3.141590 -0.116571 0.053669 0.009173 0.000000
-0.285696 0.390633 0.035241 0.087243 -0.000000 3.141590 -0.130698 0.026733 0.010726 0.000000
-0.285693 0.390632 0.035219 0.087243 -0.000000 3.141590 -0.142463 0.033297 0.151187 0.000000
-0.285680 0.390640 0.035153 0.087226 -0.000000 3.141590 -0.140385 0.107656 0.700185 0.000000
-0.285676 0.390645 0.035131 0.087217 -0.000000 3.141590 -0.131346 0.140458 0.901128 0.000000
-0.285673 0.390649 0.035108 0.087209 -0.000000 3.141590 -0.125030 0.163326 1.041529 0.000000
-0.285671 0.390653 0.035087 0.087201 -0.000000 3.141590 -0.117183 0.191794 1.215959 0.000000
-0.285671 0.390656 0.035066 0.087195 -0.000000 3.141590 -0.121021 0.223227 1.416509 0.000000
-0.285672 0.390657 0.035045 0.087191 -0.000000 3.141590 -0.124560 0.252261 1.601479 0.000000
-0.285676 0.390656 0.035025 0.087192 -0.000000 3.141590 -0.123807 0.284212 1.806774 0.000000
-0.285676 0.390656 0.035025 0.087192 -0.000000 3.141590 -0.123807 0.284212 1.806774 0.000000
-0.285680 0.390652 0.035004 0.087196 -0.000000 3.141590 -0.123280 0.306615 1.950205 0.000000
-0.285685 0.390647 0.034983 0.087204 -0.000000 3.141590 -0.161441 0.312535 2.150388 0.000000
-0.285691 0.390640 0.034963 0.087214 -0.000000 3.141590 -0.193125 0.328976 2.339120 0.000000
-0.285696 0.390632 0.034943 0.087226 -0.000000 3.141590 -0.220394 0.369580 2.524725 0.000000
-0.285711 0.390599 0.034874 3.141590 0.000000 0.087276 -0.337824 0.467511 3.517957 0.000000
-0.285711 0.390594 0.034859 3.141590 0.000000 0.087283 -0.359521 0.482971 3.932984 0.789582
-0.285709 0.390590 0.034846 3.141590 0.000000 0.087288 -0.379532 0.497173 4.315779 1.414427
-0.285705 0.390589 0.034834 3.141590 0.000000 0.087287 -0.393513 0.507034 4.583238 1.951272
-0.285701 0.390591 0.034823 3.141590 0.000000 0.087282 -0.410884 0.519193 4.915539 2.430349
-0.285697 0.390594 0.034814 3.141590 0.000000 0.087273 -0.420851 0.543576 5.315409 2.867533
-0.285691 0.390599 0.034807 3.141590 -0.000000 0.087260 -0.424231 0.578720 5.773899 3.272450
-0.285685 0.390605 0.034801 3.141590 -0.000000 0.087244 -0.444938 0.624083 6.248542 3.651484
-0.285678 0.390614 0.034797 3.141590 -0.000000 0.087226 -0.472204 0.665123 6.617836 4.009133
-0.285670 0.390624 0.034795 3.141590 -0.000000 0.087207 -0.479527 0.735248 7.096171 4.348715
-0.285662 0.390636 0.034795 3.141590 -0.000000 0.087189 -0.463545 0.833284 7.558592 4.672763
-0.285640 0.390689 0.034821 3.141590 -0.000000 0.087133 -0.415949 1.191690 9.083511 4.983261
-0.285640 0.390689 0.034821 3.141590 -0.000000 0.087133 -0.415949 1.191690 9.083511 5.281803
-0.285638 0.390701 0.034833 3.141590 -0.000000 0.087128 -0.400082 1.308461 9.452056 5.569688
-0.285639 0.390711 0.034847 3.141590 -0.000000 0.087127 -0.383753 1.412419 9.781482 5.847997
-0.285643 0.390720 0.034862 3.141590 -0.000000 0.087132 -0.371111 1.482352 10.004013 6.117637
-0.285657 0.390731 0.034896 3.141590 -0.000000 0.087150 -0.340918 1.649529 10.535471 6.379378
-0.285657 0.390731 0.034896 3.141590 -0.000000 0.087150 -0.340918 1.649529 10.535471 6.633884
-0.285667 0.390732 0.034914 3.141590 -0.000000 0.087162 -0.332265 1.727285 10.747159 6.881729
-0.285678 0.390731 0.034933 3.141590 -0.000000 0.087175 -0.337851 1.809683 10.874715 7.123416
-0.285689 0.390726 0.034953 3.141590 -0.000000 0.087188 -0.343004 1.885701 10.992360 7.359385
-0.285701 0.390719 0.034974 3.141590 -0.000000 0.087201 -0.340213 1.920045 11.014152 7.590027
-0.285714 0.390710 0.034995 3.141590 -0.000000 0.087211 -0.336745 1.962622 11.041233 7.815692
-0.285754 0.390659 0.035081 3.141590 -0.000000 0.087226 -0.389298 1.823590 10.855998 8.036690
-0.285760 0.390645 0.035102 3.141590 -0.000000 0.087225 -0.393852 1.768631 10.770294 8.253301
-0.285760 0.390645 0.035102 3.141590 -0.000000 0.087225 -0.388449 1.650534 10.588979 8.465779
-0.285764 0.390631 0.035122 3.141590 -0.000000 0.087225 -0.388449 1.650534 10.588979 8.674353
-0.285765 0.390617 0.035141 3.141590 -0.000000 0.087225 -0.383466 1.541626 10.421747 8.879232
-0.285763 0.390603 0.035158 3.141590 -0.000000 0.087226 -0.345149 1.406564 10.166249 9.080607
-0.285760 0.390591 0.035173 3.141590 -0.000000 0.087229 -0.318377 1.312224 9.987734 9.278654
-0.285754 0.390581 0.035186 3.141590 -0.000000 0.087231 -0.285115 1.195005 9.765947 9.473532
-0.285748 0.390573 0.035195 3.141590 -0.000000 0.087233 -0.254437 1.086877 9.561389 9.665391
-0.285741 0.390567 0.035202 3.141590 -0.000000 0.087233 -0.202505 0.976966 9.262460 9.854366
-0.285733 0.390565 0.035205 3.141590 -0.000000 0.087230 -0.147041 0.872300 8.951461 10.040586
-0.285706 0.390584 0.035188 3.141590 -0.000000 0.087212 -0.015396 0.709601 7.852271 10.224168
-0.285706 0.390584 0.035188 3.141590 -0.000000 0.087212 -0.015396 0.709601 7.852271 10.405221
-0.285703 0.390594 0.035179 3.141590 -0.000000 0.087209 0.022215 0.670754 7.642962 10.583848
-0.285702 0.390615 0.035157 3.141590 -0.000000 0.087213 0.112040 0.578158 7.143051 10.760144
-0.285706 0.390626 0.035145 3.141590 -0.000000 0.087219 0.126762 0.574243 6.986318 10.934199
-0.285713 0.390637 0.035132 3.141590 -0.000000 0.087226 0.132329 0.582511 6.862399 11.106096
-0.285713 0.390637 0.035132 3.141590 -0.000000 0.087226 0.124523 0.619341 6.829873 11.275914
-0.285723 0.390647 0.035119 3.141590 -0.000000 0.087235 0.124523 0.619341 6.829873 11.443727
-0.285735 0.390656 0.035105 3.141590 -0.000000 0.087244 0.107335 0.684903 6.824080 11.609605
-0.285749 0.390664 0.035091 3.141590 -0.000000 0.087252 0.091483 0.745368 6.818737 11.773614
-0.285765 0.390671 0.035076 3.141590 -0.000000 0.087258 0.076862 0.801114 6.813812 11.935814
-0.285782 0.390676 0.035061 3.141590 -0.000000 0.087261 0.052087 0.856095 6.841601 12.096267
-0.285854 0.390674 0.035003 3.141590 -0.000000 0.087238 -0.192715 1.070478 7.393539 12.255026
-0.285872 0.390666 0.034991 3.141590 -0.000000 0.087226 -0.248020 1.128728 7.623654 12.412145
-0.285872 0.390666 0.034991 3.141590 -0.000000 0.087226 -0.248020 1.128728 7.623654 12.567673
-0.285902 0.390642 0.034975 3.141590 -0.000000 0.087200 -0.348658 1.214852 8.071185 12.721658
-0.285902 0.390642 0.034975 3.141590 -0.000000 0.087200 -0.402941 1.257502 8.317450 12.874146
-0.285914 0.390626 0.034970 3.141590 -0.000000 0.087187 -0.402941 1.257502 8.317450 13.025179
-0.285924 0.390609 0.034968 3.141590 -0.000000 0.087177 -0.464985 1.290723 8.582180 13.174799
-0.285930 0.390590 0.034969 3.141590 -0.000000 0.087169 -0.556721 1.303731 8.934671 13.323044
-0.285934 0.390570 0.034972 3.141590 -0.000000 0.087165 -0.620815 1.312842 9.180951 13.469952
-0.285934 0.390548 0.034976 3.141590 -0.000000 0.087165 -0.697723 1.292774 9.477244 13.615558
-0.285930 0.390527 0.034983 3.141590 -0.000000 0.087170 -0.768656 1.274360 9.750514 13.759897
-0.285868 0.390442 0.035020 3.141590 -0.000000 0.087226 -0.891287 1.065943 10.360942 13.903001
-0.285842 0.390425 0.035032 3.141590 -0.000000 0.087245 -0.862360 0.954623 10.363341 14.044902
-0.285813 0.390410 0.035045 3.141590 -0.000000 0.087264 -0.818006 0.844768 10.326950 14.185629
-0.285813 0.390410 0.035045 3.141590 -0.000000 0.087264 -0.818006 0.844768 10.326950 14.325211
-0.285781 0.390397 0.035058 3.141590 0.000000 0.087281 -0.777740 0.768445 10.288596 14.463676
-0.285747 0.390389 0.035072 3.141590 0.000000 0.087297 -0.684004 0.674435 10.199103 14.601050
-0.285711 0.390384 0.035085 3.141590 0.000000 0.087310 -0.619507 0.600026 10.106994 14.737359
-0.285673 0.390384 0.035097 3.141590 0.000000 0.087320 -0.567047 0.535292 10.018979 14.872628
-0.285633 0.390389 0.035110 3.141590 0.000000 0.087325 -0.518662 0.475516 9.937807 15.006879
-0.285553 0.390415 0.035131 3.141590 0.000000 0.087321 -0.396632 0.410428 9.684161 15.140135
-0.285553 0.390415 0.035131 3.141590 0.000000 0.087321 -0.396632 0.410428 9.684161 15.272418
-0.285512 0.390436 0.035139 3.141590 0.000000 0.087313 -0.312858 0.384869 9.504872 15.403750
-0.285359 0.390552 0.035149 3.141590 -0.000000 0.087264 0.002932 0.321768 8.824783 15.534151
-0.285359 0.390552 0.035149 3.141590 -0.000000 0.087264 0.002932 0.321768 8.824783 15.663640
-0.285324 0.390587 0.035146 3.141590 -0.000000 0.087252 0.039982 0.353972 8.603061 15.792236
-0.285293 0.390624 0.035141 3.141590 -0.000000 0.087241 0.074155 0.383690 8.398560 15.919957
-0.285264 0.390661 0.035135 3.141590 -0.000000 0.087233 0.116540 0.415783 8.274295 16.046821
-0.285238 0.390699 0.035128 3.141590 -0.000000 0.087229 0.169198 0.455752 8.119900 16.172846
-0.285216 0.390737 0.035121 3.141590 -0.000000 0.087227 0.202191 0.529427 8.036672 16.298047
-0.285216 0.390737 0.035121 3.141590 -0.000000 0.087227 0.243970 0.680901 7.922892 16.422440
-0.285185 0.390811 0.035106 3.141590 -0.000000 0.087227 0.243970 0.680901 7.922892 16.546042
-0.285176 0.390848 0.035097 3.141590 -0.000000 0.087228 0.259261 0.752449 7.885216 16.668867
-0.285173 0.390883 0.035088 3.141590 -0.000000 0.087228 0.270125 0.814760 7.878010 16.790929
-0.285218 0.391004 0.035051 3.141590 -0.000000 0.087220 0.311351 1.084888 8.046013 16.912243
-0.285218 0.391004 0.035051 3.141590 -0.000000 0.087220 0.311351 1.084888 8.046013 17.032822
-0.285242 0.391027 0.035043 3.141590 -0.000000 0.087220 0.318708 1.115921 8.092553 17.152680
-0.285271 0.391045 0.035036 3.141590 -0.000000 0.087222 0.325494 1.144587 8.135473 17.271829
-0.285341 0.391070 0.035028 3.141590 -0.000000 0.087232 0.307933 1.253614 8.341412 17.390281
-0.285381 0.391075 0.035027 3.141590 -0.000000 0.087237 0.273430 1.310747 8.490837 17.508050
-0.285424 0.391074 0.035028 3.141590 -0.000000 0.087241 0.233318 1.350371 8.622547 17.625146
-0.285469 0.391069 0.035031 3.141590 -0.000000 0.087243 0.172392 1.395844 8.799060 17.741581
-0.285517 0.391057 0.035035 3.141590 -0.000000 0.087243 0.101493 1.430804 8.967163 17.857366
-0.285517 0.391057 0.035035 3.141590 -0.000000 0.087243 0.022567 1.441840 9.136904 17.972512
-0.285566 0.391041 0.035040 3.141590 -0.000000 0.087240 0.022567 1.441840 9.136904 18.087029
-0.285770 0.390927 0.035060 3.141590 -0.000000 0.087209 -0.295243 1.442427 9.706786 18.200928
-0.285821 0.390889 0.035065 3.141590 -0.000000 0.087201 -0.373043 1.405139 9.782625 18.314219
-0.285872 0.390847 0.035070 3.141590 -0.000000 0.087195 -0.420969 1.354095 9.794173 18.426910
-0.285921 0.390801 0.035075 3.141590 -0.000000 0.087191 -0.480512 1.290758 9.808515 18.539012
-0.285921 0.390801 0.035075 3.141590 -0.000000 0.087191 -0.577420 1.161589 9.820876 18.650534
-0.286013 0.390702 0.035083 3.141590 -0.000000 0.087196 -0.577420 1.161589 9.820876 18.761485
-0.286056 0.390649 0.035087 3.141590 -0.000000 0.087204 -0.587848 1.074943 9.791785 18.871873
-0.286096 0.390595 0.035091 3.141590 -0.000000 0.087214 -0.600803 0.967308 9.755642 18.981707
-0.286133 0.390539 0.035097 3.141590 -0.000000 0.087226 -0.614586 0.893305 9.706862 19.090995
-0.286166 0.390483 0.035103 3.141590 -0.000000 0.087240 -0.627886 0.833158 9.656926 19.199745
-0.286262 0.390213 0.035138 3.141590 0.000000 0.087288 -0.616047 0.463130 9.324879 19.307966
-0.286264 0.390164 0.035142 3.141590 0.000000 0.087287 -0.579241 0.400914 9.227773 19.415664
-0.286264 0.390164 0.035142 3.141590 0.000000 0.087287 -0.579241 0.400914 9.227773 19.522847
-0.286260 0.390119 0.035146 3.141590 0.000000 0.087282 -0.553525 0.357348 9.159935 19.629523
-0.286250 0.390078 0.035147 3.141590 0.000000 0.087273 -0.541116 0.335381 9.018059 19.735699
-0.286234 0.390040 0.035145 3.141590 -0.000000 0.087260 -0.529671 0.315038 8.887211 19.841382
-0.286213 0.390006 0.035142 3.141590 -0.000000 0.087244 -0.519115 0.296203 8.766533 19.946579
-0.286187 0.389977 0.035137 3.141590 -0.000000 0.087226 -0.509379 0.278773 8.655234 20.051295
-0.286156 0.389952 0.035131 3.141590 -0.000000 0.087207 -0.478034 0.236949 8.571709 20.155538
-0.286122 0.389932 0.035124 3.141590 -0.000000 0.087189 -0.450711 0.201387 8.517997 20.259315
-0.286042 0.389908 0.035108 3.141590 -0.000000 0.087155 -0.369313 0.106199 8.420215 20.362631
-0.285901 0.389916 0.035085 3.141590 -0.000000 0.087128 -0.197263 0.043025 8.389802 20.465492
-0.285850 0.389931 0.035079 3.141590 -0.000000 0.087127 -0.146673 0.038124 8.400118 20.567905
-0.285850 0.389931 0.035079 3.141590 -0.000000 0.087127 -0.146673 0.038124 8.400118 20.669875
-0.285798 0.389951 0.035074 3.141590 -0.000000 0.087132 -0.100013 0.033689 8.409624 20.771408
-0.285746 0.389977 0.035070 3.141590 -0.000000 0.087139 -0.049856 0.071285 8.498223 20.872509
-0.285692 0.390007 0.035068 3.141590 -0.000000 0.087150 -0.013086 0.107739 8.579475 20.973185
-0.285639 0.390042 0.035066 3.141590 -0.000000 0.087162 0.055098 0.153121 8.678742 21.073439
-0.285587 0.390082 0.035065 3.141590 -0.000000 0.087175 0.139595 0.195114 8.768680 21.173279
-0.285484 0.390172 0.035062 3.141590 -0.000000 0.087201 0.289409 0.269609 8.928136 21.272708
-0.285484 0.390172 0.035062 3.141590 -0.000000 0.087201 0.289409 0.269609 8.928136 21.371732
-0.285435 0.390223 0.035060 3.141590 -0.000000 0.087211 0.339631 0.294619 8.981587 21.470355
-0.285263 0.390455 0.035051 3.141590 -0.000000 0.087226 0.605638 0.857687 9.667660 21.568583
-0.285229 0.390518 0.035050 3.141590 -0.000000 0.087225 0.624852 0.910525 9.737310 21.666420
-0.285229 0.390518 0.035050 3.141590 -0.000000 0.087225 0.624852 0.910525 9.737310 21.763871
-0.285198 0.390581 0.035052 3.141590 -0.000000 0.087225 0.652341 0.983306 9.824691 21.860941
-0.285172 0.390645 0.035055 3.141590 -0.000000 0.087225 0.668592 1.057804 9.894596 21.957633
-0.285151 0.390709 0.035060 3.141590 -0.000000 0.087226 0.683580 1.126542 9.959069 22.053953
-0.285151 0.390709 0.035060 3.141590 -0.000000 0.087226 0.683580 1.126542 9.959069 22.149903
-0.285125 0.390834 0.035073 3.141590 -0.000000 0.087231 0.679997 1.235782 10.092922 22.245490
-0.285121 0.390895 0.035081 3.141590 -0.000000 0.087233 0.667033 1.292203 10.174833 22.340717
-0.285123 0.390955 0.035090 3.141590 -0.000000 0.087233 0.621086 1.323373 10.194011 22.435587
-0.285133 0.391013 0.035099 3.141590 -0.000000 0.087230 0.578709 1.352078 10.211704 22.530105
-0.285269 0.391259 0.035137 3.141590 -0.000000 0.087209 0.370525 1.459846 10.001459 22.624275
-0.285312 0.391296 0.035141 3.141590 -0.000000 0.087209 0.314357 1.460752 9.851417 22.718101
-0.285358 0.391327 0.035143 3.141590 -0.000000 0.087213 0.273937 1.463493 9.734609 22.811586
-0.285409 0.391353 0.035143 3.141590 -0.000000 0.087219 0.238484 1.465162 9.550545 22.904733
-0.285462 0.391372 0.035143 3.141590 -0.000000 0.087226 0.186016 1.471646 9.383497 22.997548
-0.285462 0.391372 0.035143 3.141590 -0.000000 0.087226 0.131295 1.479224 9.230292 23.090033
-0.285519 0.391386 0.035142 3.141590 -0.000000 0.087235 0.131295 1.479224 9.230292 23.182191
-0.285577 0.391393 0.035140 3.141590 -0.000000 0.087244 0.080824 1.486227 9.088986 23.274027
-0.285638 0.391393 0.035138 3.141590 -0.000000 0.087252 0.038130 1.442367 8.952928 23.365543
-0.285701 0.391386 0.035134 3.141590 -0.000000 0.087258 -0.014914 1.387804 8.783894 23.456743
-0.285765 0.391373 0.035130 3.141590 -0.000000 0.087261 -0.079627 1.353788 8.656237 23.547630
-0.285959 0.391298 0.035114 3.141590 -0.000000 0.087249 -0.271749 1.313179 8.423683 23.638207
-0.286088 0.391222 0.035100 3.141590 -0.000000 0.087226 -0.385962 1.231764 8.291878 23.728477
-0.286088 0.391222 0.035100 3.141590 -0.000000 0.087226 -0.385962 1.231764 8.291878 23.818445
-0.286150 0.391178 0.035094 3.141590 -0.000000 0.087213 -0.436031 1.168439 8.237209 23.908111
-0.286211 0.391129 0.035089 3.141590 -0.000000 0.087200 -0.480430 1.103172 8.269323 23.997481
-0.286327 0.391021 0.035078 3.141590 -0.000000 0.087177 -0.571196 0.954264 8.368525 24.086556
-0.286380 0.390962 0.035073 3.141590 -0.000000 0.087169 -0.603444 0.889896 8.422043 24.175339
-0.286380 0.390962 0.035073 3.141590 -0.000000 0.087169 -0.603444 0.889896 8.422043 24.263833
-0.286430 0.390900 0.035068 3.141590 -0.000000 0.087165 -0.632078 0.832555 8.459606 24.352042
-0.286520 0.390769 0.035056 3.141590 -0.000000 0.087170 -0.701191 0.699980 8.558008 24.439967
-0.286558 0.390700 0.035051 3.141590 -0.000000 0.087180 -0.734223 0.655152 8.630839 24.527612
-0.286640 0.390488 0.035043 3.141590 -0.000000 0.087226 -0.743231 0.533459 8.804739 24.614979
-0.286656 0.390417 0.035043 3.141590 -0.000000 0.087245 -0.732266 0.492386 8.859278 24.702071
-0.286666 0.390347 0.035045 3.141590 -0.000000 0.087264 -0.722152 0.454530 8.909579 24.788891
-0.286668 0.390278 0.035049 3.141590 0.000000 0.087281 -0.696343 0.426110 9.036029 24.875440
-0.286663 0.390211 0.035053 3.141590 0.000000 0.087297 -0.674314 0.407894 9.143783 24.961722
-0.286651 0.390147 0.035058 3.141590 0.000000 0.087310 -0.645137 0.373861 9.270648 25.047738
-0.286633 0.390086 0.035063 3.141590 0.000000 0.087320 -0.613020 0.309934 9.367433 25.133493
-0.286609 0.390028 0.035069 3.141590 0.000000 0.087325 -0.568850 0.270500 9.450072 25.218986
-0.286578 0.389974 0.035074 3.141590 0.000000 0.087325 -0.516300 0.250520 9.521370 25.304222
-0.286543 0.389924 0.035080 3.141590 0.000000 0.087321 -0.479927 0.211626 9.577782 25.389203
-0.286502 0.389879 0.035085 3.141590 0.000000 0.087313 -0.434956 0.147345 9.652092 25.473930
-0.286356 0.389774 0.035099 3.141590 0.000000 0.087277 -0.274502 -0.009359 9.738158 25.558406
-0.286356 0.389774 0.035099 3.141590 0.000000 0.087277 -0.274502 -0.009359 9.738158 25.642633
-0.286300 0.389750 0.035103 3.141590 -0.000000 0.087264 -0.224506 -0.018268 9.709996 25.726614
-0.286241 0.389732 0.035107 3.141590 -0.000000 0.087252 -0.157427 -0.014275 9.656659 25.810350
-0.286116 0.389716 0.035113 3.141590 -0.000000 0.087233 -0.038495 -0.007129 9.562085 25.893844
-0.286051 0.389717 0.035116 3.141590 -0.000000 0.087229 0.027074 0.019116 9.507000 25.977098
-0.285985 0.389726 0.035119 3.141590 -0.000000 0.087227 0.101126 0.087720 9.439637 26.060114
-0.285918 0.389740 0.035122 3.141590 -0.000000 0.087226 0.193130 0.172998 9.355941 26.142893
-0.285918 0.389740 0.035122 3.141590 -0.000000 0.087226 0.193130 0.172998 9.355941 26.225438
-0.285850 0.389761 0.035125 3.141590 -0.000000 0.087227 0.241648 0.403477 8.905475 26.307751
-0.285783 0.389788 0.035127 3.141590 -0.000000 0.087228 0.274766 0.664645 8.370521 26.389834
-0.285716 0.389819 0.035128 3.141590 -0.000000 0.087228 0.297959 0.916671 7.905439 26.471689
-0.285521 0.389944 0.035121 3.141590 -0.000000 0.087221 0.376098 1.470145 6.685884 26.553317
-0.285401 0.390048 0.035110 3.141590 -0.000000 0.087220 0.393961 1.978095 6.101831 26.634721
-0.285401 0.390048 0.035110 3.141590 -0.000000 0.087220 0.393666 2.188999 5.945935 26.715902
-0.285345 0.390105 0.035102 3.141590 -0.000000 0.087222 0.393666 2.188999 5.945935 26.796862
-0.285292 0.390166 0.035094 3.141590 -0.000000 0.087226 0.454674 2.631760 5.802586 26.877603
-0.285243 0.390229 0.035085 3.141590 -0.000000 0.087232 0.510943 3.040152 5.670369 26.958127
-0.285198 0.390294 0.035075 3.141590 -0.000000 0.087237 0.562842 3.416830 5.548421 27.038436
-0.285158 0.390362 0.035064 3.141590 -0.000000 0.087241 0.610709 3.764240 5.435947 27.118530
-0.285158 0.390362 0.035064 3.141590 -0.000000 0.087241 0.610709 3.764240 5.435947 27.198413
-0.285092 0.390503 0.035037 3.141590 -0.000000 0.087243 0.814503 4.812079 5.843340 27.278085
-0.285067 0.390575 0.035023 3.141590 -0.000000 0.087240 0.908287 5.403181 6.170266 27.357548
-0.285034 0.390867 0.034961 3.141590 -0.000000 0.087209 0.835218 5.108563 7.732096 27.436804
-0.285034 0.390867 0.034961 3.141590 -0.000000 0.087209 0.835218 5.108563 7.732096 27.515855
-0.285041 0.390938 0.034946 3.141590 -0.000000 0.087201 0.712435 4.619174 8.069876 27.594701
-0.285055 0.391008 0.034932 3.141590 -0.000000 0.087195 0.599189 4.167821 8.381417 27.673345
-0.285074 0.391074 0.034919 3.141590 -0.000000 0.087191 0.565339 4.077197 8.695895 27.751789
-0.285098 0.391138 0.034907 3.141590 -0.000000 0.087192 0.558806 4.092883 8.922194 27.830033
-0.285128 0.391198 0.034898 3.141590 -0.000000 0.087196 0.505184 4.037408 9.249583 27.908079
-0.285202 0.391307 0.034887 3.141590 -0.000000 0.087214 0.326100 3.800726 9.915394 27.985929
-0.285202 0.391307 0.034887 3.141590 -0.000000 0.087214 0.326100 3.800726 9.915394 28.063585
-0.285245 0.391356 0.034887 3.141590 -0.000000 0.087226 0.246850 3.696067 10.210027 28.141047
-0.285292 0.391399 0.034890 3.141590 -0.000000 0.087240 0.191479 3.623032 10.415875 28.218317
-0.285509 0.391521 0.034931 3.141590 0.000000 0.087283 -0.199928 3.548293 11.776859 28.295396
-0.285509 0.391521 0.034931 3.141590 0.000000 0.087283 -0.282164 3.440331 11.960127 28.372287
-0.285568 0.391538 0.034948 3.141590 0.000000 0.087288 -0.282164 3.440331 11.960127 28.448990
-0.285629 0.391547 0.034966 3.141590 0.000000 0.087287 -0.348403 3.382065 12.092156 28.525506
-0.285752 0.391550 0.035008 3.141590 0.000000 0.087273 -0.529296 3.327040 12.416862 28.601837
-0.285752 0.391550 0.035008 3.141590 0.000000 0.087273 -0.598908 3.259248 12.510249 28.677985
-0.285814 0.391543 0.035030 3.141590 -0.000000 0.087260 -0.598908 3.259248 12.510249 28.753951
-0.285875 0.391531 0.035053 3.141590 -0.000000 0.087244 -0.633036 3.071840 12.451402 28.829735
-0.285935 0.391513 0.035076 3.141590 -0.000000 0.087226 -0.656880 2.940773 12.410298 28.905340
-0.285995 0.391490 0.035099 3.141590 -0.000000 0.087207 -0.729148 2.785807 12.289544 28.980766
-0.286052 0.391462 0.035122 3.141590 -0.000000 0.087189 -0.795802 2.642850 12.178173 29.056016
-0.286161 0.391392 0.035166 3.141590 -0.000000 0.087155 -0.900232 2.418788 12.003690 29.131089
-0.286302 0.391255 0.035223 3.141590 -0.000000 0.087128 -0.882608 1.864816 11.029432 29.205987
-0.286302 0.391255 0.035223 3.141590 -0.000000 0.087128 -0.882608 1.864816 11.029432 29.280712
-0.286341 0.391201 0.035238 3.141590 -0.000000 0.087127 -0.831155 1.685959 10.650543 29.355265
-0.286376 0.391144 0.035250 3.141590 -0.000000 0.087132 -0.804177 1.575440 10.366920 29.429646
-0.286405 0.391083 0.035258 3.141590 -0.000000 0.087139 -0.797962 1.470289 9.962414 29.503858
-0.286430 0.391020 0.035263 3.141590 -0.000000 0.087150 -0.764935 1.375244 9.573123 29.577901
-0.286430 0.391020 0.035263 3.141590 -0.000000 0.087150 -0.698349 1.227527 8.954382 29.651776
-0.286462 0.390890 0.035264 3.141590 -0.000000 0.087175 -0.698349 1.227527 8.954382 29.725485
-0.286469 0.390823 0.035261 3.141590 -0.000000 0.087188 -0.665438 1.142398 8.588267 29.799028
-0.286470 0.390755 0.035255 3.141590 -0.000000 0.087201 -0.635441 1.060796 8.234609 29.872407
-0.286467 0.390686 0.035247 3.141590 -0.000000 0.087211 -0.586891 0.954740 7.906524 29.945623
-0.286405 0.390416 0.035198 3.141590 -0.000000 0.087226 -0.368573 0.525483 6.881445 30.018677
-0.286379 0.390351 0.035182 3.141590 -0.000000 0.087225 -0.357988 0.467861 6.705612 30.091570
-0.286379 0.390351 0.035182 3.141590 -0.000000 0.087225 -0.348225 0.414713 6.543438 30.164303
-0.286350 0.390288 0.035165 3.141590 -0.000000 0.087225 -0.348225 0.414713 6.543438 30.236877
-0.286318 0.390226 0.035148 3.141590 -0.000000 0.087225 -0.317712 0.383348 6.454121 30.309293
-0.286283 0.390167 0.035131 3.141590 -0.000000 0.087226 -0.279802 0.344406 6.343150 30.381552
-0.286245 0.390111 0.035113 3.141590 -0.000000 0.087229 -0.254201 0.271991 6.321638 30.453655
-0.286205 0.390058 0.035095 3.141590 -0.000000 0.087231 -0.218122 0.201903 6.306008 30.525604
-0.286205 0.390058 0.035095 3.141590 -0.000000 0.087231 -0.218122 0.201903 6.306008 30.597399
-0.286115 0.389964 0.035060 3.141590 -0.000000 0.087233 -0.115770 0.081994 6.283333 30.669041
-0.286068 0.389923 0.035042 3.141590 -0.000000 0.087230 -0.065393 0.027883 6.328063 30.740531
-0.285859 0.389817 0.034976 3.141590 -0.000000 0.087212 0.108778 -0.013784 7.091155 30.811870
-0.285859 0.389817 0.034976 3.141590 -0.000000 0.087212 0.108778 -0.013784 7.091155 30.883059
-0.285804 0.389805 0.034962 3.141590 -0.000000 0.087209 0.157592 -0.006408 7.281172 30.954099
-0.285692 0.389794 0.034942 3.141590 -0.000000 0.087213 0.242062 0.010121 7.762667 31.024991
-0.285692 0.389794 0.034942 3.141590 -0.000000 0.087213 0.242062 0.010121 7.762667 31.095736
-0.285636 0.389795 0.034936 3.141590 -0.000000 0.087219 0.269120 0.017754 8.011691 31.166335
-0.285580 0.389801 0.034933 3.141590 -0.000000 0.087226 0.310074 0.033649 8.337397 31.236788
-0.285525 0.389810 0.034933 3.141590 -0.000000 0.087235 0.368985 0.066794 8.684824 31.307097
-0.285470 0.389823 0.034936 3.141590 -0.000000 0.087244 0.434686 0.113362 9.012309 31.377263
-0.285362 0.389862 0.034946 3.141590 -0.000000 0.087258 0.564897 0.242312 9.554638 31.447285
-0.285362 0.389862 0.034946 3.141590 -0.000000 0.087258 0.564897 0.242312 9.554638 31.517166
-0.285310 0.389886 0.034955 3.141590 -0.000000 0.087261 0.618806 0.323349 9.838934 31.586906
-0.285163 0.389983 0.034987 3.141590 -0.000000 0.087249 0.780391 0.725556 10.542957 31.656506
-0.285118 0.390022 0.035000 3.141590 -0.000000 0.087238 0.847213 0.983004 10.677451 31.725967
-0.285036 0.390108 0.035028 3.141590 -0.000000 0.087213 0.960442 1.440136 10.855863 31.795289
-0.285000 0.390153 0.035042 3.141590 -0.000000 0.087200 1.018303 1.673734 10.947034 31.864473
-0.285000 0.390153 0.035042 3.141590 -0.000000 0.087200 1.018303 1.673734 10.947034 31.933521
-0.284967 0.390200 0.035056 3.141590 -0.000000 0.087187 1.071142 1.919197 11.028165 32.002433
-0.284938 0.390248 0.035070 3.141590 -0.000000 0.087177 1.106910 2.156175 11.078392 32.071209
-0.284914 0.390297 0.035084 3.141590 -0.000000 0.087169 1.151348 2.450698 11.140787 32.139852
-0.284895 0.390347 0.035098 3.141590 -0.000000 0.087165 1.131191 2.535058 11.241063 32.208360
-0.284872 0.390449 0.035127 3.141590 -0.000000 0.087170 1.004740 2.417138 11.301975 32.276736
-0.284872 0.390449 0.035127 3.141590 -0.000000 0.087170 1.004740 2.417138 11.301975 32.344980
-0.284877 0.390656 0.035179 3.141590 -0.000000 0.087226 0.723430 2.173555 11.043699 32.413092
-0.284888 0.390707 0.035187 3.141590 -0.000000 0.087245 0.690444 2.137923 10.907031 32.481074
-0.284888 0.390707 0.035187 3.141590 -0.000000 0.087245 0.690444 2.137923 10.907031 32.548926
-0.284903 0.390759 0.035194 3.141590 -0.000000 0.087264 0.649462 2.093567 10.737241 32.616649
-0.284920 0.390811 0.035197 3.141590 0.000000 0.087281 0.594995 2.037146 10.525292 32.684244
-0.284939 0.390862 0.035198 3.141590 0.000000 0.087297 0.544758 1.985098 10.329807 32.751711
-0.284961 0.390913 0.035197 3.141590 0.000000 0.087310 0.498423 1.937066 10.149508 32.819051
-0.285012 0.391014 0.035191 3.141590 0.000000 0.087325 0.421212 1.862934 9.808528 32.886266
-0.285040 0.391064 0.035186 3.141590 0.000000 0.087325 0.375421 1.826607 9.554036 32.953354
-0.285040 0.391064 0.035186 3.141590 0.000000 0.087325 0.375421 1.826607 9.554036 33.020318
-0.285071 0.391113 0.035181 3.141590 0.000000 0.087321 0.332025 1.783359 9.304464 33.087158
-0.285212 0.391293 0.035155 3.141590 0.000000 0.087277 0.151439 1.629001 8.458501 33.153875
-0.285251 0.391332 0.035147 3.141590 -0.000000 0.087264 0.098413 1.620629 8.273825 33.220469
-0.285251 0.391332 0.035147 3.141590 -0.000000 0.087264 0.098413 1.620629 8.273825 33.286941
-0.285292 0.391368 0.035139 3.141590 -0.000000 0.087252 0.061365 1.614720 8.144800 33.353291
-0.285334 0.391401 0.035131 3.141590 -0.000000 0.087241 0.022307 1.603374 7.996848 33.419521
-0.285376 0.391429 0.035123 3.141590 -0.000000 0.087233 -0.011486 1.591634 7.864341 33.485631
-0.285419 0.391453 0.035115 3.141590 -0.000000 0.087229 -0.058381 1.557845 7.750544 33.551621
-0.285463 0.391472 0.035107 3.141590 -0.000000 0.087227 -0.102587 1.517521 7.677160 33.617493
-0.285508 0.391486 0.035098 3.141590 -0.000000 0.087226 -0.157510 1.467467 7.585984 33.683247
-0.285508 0.391486 0.035098 3.141590 -0.000000 0.087226 -0.157510 1.467467 7.585984 33.748883
-0.285600 0.391501 0.035079 3.141590 -0.000000 0.087228 -0.250004 1.385963 7.461652 33.814402
-0.285791 0.391485 0.035041 3.141590 -0.000000 0.087221 -0.372717 1.364915 7.797091 33.879806
-0.285840 0.391473 0.035032 3.141590 -0.000000 0.087220 -0.438353 1.350096 7.918123 33.945093
-0.285889 0.391459 0.035024 3.141590 -0.000000 0.087220 -0.483775 1.337860 8.004069 34.010266
-0.285938 0.391442 0.035017 3.141590 -0.000000 0.087222 -0.545152 1.320131 8.123670 34.075324
-0.285985 0.391423 0.035012 3.141590 -0.000000 0.087226 -0.601762 1.303817 8.233977 34.140269
-0.286032 0.391402 0.035008 3.141590 -0.000000 0.087232 -0.655372 1.278174 8.358919 34.205100
-0.286032 0.391402 0.035008 3.141590 -0.000000 0.087232 -0.655372 1.278174 8.358919 34.269819
-0.286123 0.391355 0.035009 3.141590 -0.000000 0.087241 -0.746207 1.186046 8.668253 34.334426
-0.286166 0.391329 0.035012 3.141590 -0.000000 0.087243 -0.777989 1.129160 8.864944 34.398921
-0.286209 0.391302 0.035016 3.141590 -0.000000 0.087243 -0.807303 1.076644 9.046361 34.463305
-0.286251 0.391274 0.035020 3.141590 -0.000000 0.087240 -0.834340 1.028147 9.213691 34.527580
-0.286406 0.391150 0.035045 3.141590 -0.000000 0.087209 -0.935783 0.856087 9.687973 34.591744
-0.286406 0.391150 0.035045 3.141590 -0.000000 0.087209 -0.935783 0.856087 9.687973 34.655799
-0.286441 0.391116 0.035053 3.141590 -0.000000 0.087201 -0.981562 0.762958 9.882955 34.719746
-0.286473 0.391080 0.035061 3.141590 -0.000000 0.087195 -0.981562 0.762958 9.882955 34.783585
-0.286503 0.391044 0.035068 3.141590 -0.000000 0.087191 -0.973158 0.708021 9.919172 34.847316
-0.286529 0.391006 0.035074 3.141590 -0.000000 0.087192 -0.977178 0.656943 9.975893 34.910941
-0.286551 0.390966 0.035081 3.141590 -0.000000 0.087196 -0.984653 0.609759 10.035666 34.974458
-0.286570 0.390925 0.035087 3.141590 -0.000000 0.087204 -0.989875 0.576886 10.077420 35.037870
-0.286584 0.390883 0.035094 3.141590 -0.000000 0.087214 -0.976532 0.538300 10.077286 35.101177
-0.286593 0.390840 0.035101 3.141590 -0.000000 0.087226 -0.945179 0.504914 10.027209 35.164379
-0.286600 0.390795 0.035109 3.141590 -0.000000 0.087240 -0.915492 0.471380 9.965661 35.227476
-0.286593 0.390610 0.035136 3.141590 0.000000 0.087283 -0.820803 0.358307 9.724835 35.290470
-0.286593 0.390610 0.035136 3.141590 0.000000 0.087283 -0.820803 0.358307 9.724835 35.353360
-0.286574 0.390517 0.035142 3.141590 0.000000 0.087287 -0.713717 0.234875 9.540361 35.416148
-0.286574 0.390517 0.035142 3.141590 0.000000 0.087287 -0.713717 0.234875 9.540361 35.478833
-0.286548 0.390426 0.035140 3.141590 0.000000 0.087273 -0.653144 0.224324 9.268853 35.541417
-0.286532 0.390382 0.035138 3.141590 -0.000000 0.087260 -0.577689 0.197300 9.112674 35.603899
-0.286532 0.390382 0.035138 3.141590 -0.000000 0.087260 -0.577689 0.197300 9.112674 35.666281
-0.286514 0.390338 0.035135 3.141590 -0.000000 0.087244 -0.516041 0.162550 8.967540 35.728562
-0.286494 0.390294 0.035131 3.141590 -0.000000 0.087226 -0.474823 0.105352 8.824223 35.790743
-0.286473 0.390252 0.035126 3.141590 -0.000000 0.087207 -0.446026 0.065269 8.724099 35.852825
-0.286451 0.390209 0.035121 3.141590 -0.000000 0.087189 -0.409402 0.026348 8.610844 35.914808
-0.286342 0.390045 0.035098 3.141590 -0.000000 0.087133 -0.232289 -0.012621 8.431415 35.976693
-0.286311 0.390004 0.035092 3.141590 -0.000000 0.087128 -0.196252 -0.022540 8.417878 36.038480
-0.286279 0.389965 0.035087 3.141590 -0.000000 0.087127 -0.151479 -0.034744 8.401049 36.100169
-0.286279 0.389965 0.035087 3.141590 -0.000000 0.087127 -0.151479 -0.034744 8.401049 36.161762
-0.286246 0.389927 0.035083 3.141590 -0.000000 0.087132 -0.117418 -0.061369 8.403007 36.223257
-0.286213 0.389891 0.035081 3.141590 -0.000000 0.087139 -0.092951 -0.100692 8.421600 36.284657
-0.286179 0.389855 0.035078 3.141590 -0.000000 0.087150 -0.040901 -0.130140 8.468807 36.345961
-0.286144 0.389822 0.035076 3.141590 -0.000000 0.087162 0.016916 -0.145702 8.523653 36.407170
-0.286144 0.389822 0.035076 3.141590 -0.000000 0.087162 0.016916 -0.145702 8.523653 36.468284
-0.286070 0.389761 0.035070 3.141590 -0.000000 0.087188 0.105405 -0.186968 8.666149 36.529304
-0.286031 0.389735 0.035066 3.141590 -0.000000 0.087201 0.135516 -0.186938 8.758354 36.590230
-0.285992 0.389712 0.035062 3.141590 -0.000000 0.087211 0.164256 -0.181059 8.851842 36.651062
-0.285868 0.389670 0.035054 3.141590 -0.000000 0.087226 0.257114 -0.061537 9.074870 36.711801
-0.285824 0.389665 0.035054 3.141590 -0.000000 0.087226 0.329184 0.017488 9.112037 36.772448
-0.285780 0.389664 0.035056 3.141590 -0.000000 0.087225 0.430131 0.101016 9.114724 36.833003
-0.285734 0.389666 0.035060 3.141590 -0.000000 0.087225 0.523237 0.178054 9.117203 36.893466
-0.285688 0.389671 0.035065 3.141590 -0.000000 0.087225 0.588288 0.231893 9.118933 36.953837
-0.285642 0.389678 0.035070 3.141590 -0.000000 0.087226 0.669109 0.298808 9.121081 37.014118
-0.285596 0.389688 0.035076 3.141590 -0.000000 0.087229 0.665726 0.567022 8.579665 37.074308
-0.285550 0.389700 0.035082 3.141590 -0.000000 0.087231 0.662606 0.814406 8.080305 37.134408
-0.285503 0.389715 0.035088 3.141590 -0.000000 0.087233 0.641509 0.927069 7.669971 37.194418
-0.285457 0.389732 0.035093 3.141590 -0.000000 0.087233 0.622050 1.030949 7.291513 37.254339
-0.285410 0.389751 0.035096 3.141590 -0.000000 0.087230 0.616767 1.127894 6.991054 37.314171
-0.285272 0.389822 0.035096 3.141590 -0.000000 0.087216 0.535386 1.506883 6.062361 37.373914
-0.285227 0.389849 0.035091 3.141590 -0.000000 0.087212 0.519113 1.661596 5.781852 37.433570
-0.285139 0.389907 0.035078 3.141590 -0.000000 0.087209 0.554096 2.118237 5.205001 37.493138
-0.285139 0.389907 0.035078 3.141590 -0.000000 0.087209 0.554096 2.118237 5.205001 37.552618
-0.285057 0.389967 0.035060 3.141590 -0.000000 0.087219 0.810577 2.828673 4.701021 37.612011
-0.285018 0.389999 0.035049 3.141590 -0.000000 0.087226 0.924077 3.143131 4.477989 37.671318
-0.284980 0.390031 0.035037 3.141590 -0.000000 0.087235 1.003377 3.362902 4.322155 37.730538
-0.284944 0.390064 0.035023 3.141590 -0.000000 0.087244 1.156158 3.782794 4.190278 37.789673
-0.284910 0.390099 0.035008 3.141590 -0.000000 0.087252 1.349177 4.311136 4.127930 37.848722
-0.284910 0.390099 0.035008 3.141590 -0.000000 0.087252 1.529840 4.839215 4.102453 37.907687
-0.284879 0.390135 0.034992 3.141590 -0.000000 0.087258 1.529840 4.839215 4.102453 37.966566
