-0.285672 0.391121 0.036275 0.087177 -0.000000 3.141590 -0.000000 -0.000000 0.000000 0.000000
-0.285672 0.391121 0.036275 0.087177 -0.000000 3.141590 -0.000000 -0.000000 0.000000 0.000000
-0.285672 0.391121 0.036275 0.087177 -0.000000 3.141590 -0.015848 -0.020199 0.036239 0.000000
-0.285672 0.391121 0.036274 0.087177 -0.000000 3.141590 -0.018809 -0.022236 0.033658 0.000000
-0.285672 0.391121 0.036274 0.087177 -0.000000 3.141590 -0.014135 -0.025988 0.033379 0.000000
-0.285672 0.391121 0.036274 0.087177 -0.000000 3.141590 -0.017485 -0.017996 0.030543 0.000000
-0.285672 0.391117 0.036270 0.087176 -0.000000 3.141590 -0.028422 0.003696 0.020752 0.000000
-0.285672 0.391117 0.036270 0.087176 -0.000000 3.141590 -0.028422 0.003696 0.020752 0.000000
-0.285671 0.391114 0.036266 0.087177 -0.000000 3.141590 -0.028775 0.004345 0.016803 0.000000
-0.285671 0.391110 0.036260 0.087180 -0.000000 3.141590 -0.027142 0.004322 0.019573 0.000000
-0.285672 0.391106 0.036251 0.087182 -0.000000 3.141590 -0.023756 0.003690 0.028287 0.000000
-0.285674 0.391100 0.036226 0.087183 -0.000000 3.141590 -0.017752 0.002511 0.043743 0.000000
-0.285675 0.391098 0.036210 0.087181 -0.000000 3.141590 -0.015739 0.002059 0.048929 0.000000
-0.285675 0.391097 0.036192 0.087177 -0.000000 3.141590 -0.035366 0.009969 0.027537 0.000000
-0.285674 0.391095 0.036174 0.087172 -0.000000 3.141590 -0.053468 0.017241 0.007808 0.000000
-0.285672 0.391092 0.036154 0.087166 -0.000000 3.141590 -0.034867 -0.009506 -0.018752 0.000000
-0.285670 0.391089 0.036133 0.087162 -0.000000 3.141590 -0.028233 -0.020565 -0.034785 0.000000
-0.285667 0.391086 0.036111 0.087160 -0.000000 3.141590 -0.034158 -0.002694 -0.021972 0.000000
-0.285664 0.391073 0.036045 0.087169 -0.000000 3.141590 0.004269 -0.013422 0.022425 0.000000
-0.285664 0.391073 0.036045 0.087169 -0.000000 3.141590 0.004269 -0.013422 0.022425 0.000000
-0.285666 0.391069 0.036022 0.087177 -0.000000 3.141590 0.016611 -0.018328 0.051391 0.000000
-0.285672 0.391063 0.035977 0.087195 -0.000000 3.141590 0.019243 -0.017947 0.067858 0.000000
-0.285676 0.391061 0.035954 0.087202 -0.000000 3.141590 0.008583 -0.008998 0.043705 0.000000
-0.285680 0.391061 0.035933 0.087208 -0.000000 3.141590 -0.001249 -0.000767 0.021429 0.000000
-0.285684 0.391061 0.035911 0.087212 -0.000000 3.141590 -0.010317 0.006783 0.000887 0.000000
-0.285686 0.391062 0.035890 0.087212 -0.000000 3.141590 -0.016653 0.012008 -0.013460 0.000000
-0.285688 0.391062 0.035869 0.087207 -0.000000 3.141590 -0.011331 0.002156 -0.000622 0.000000
-0.285688 0.391063 0.035848 0.087199 -0.000000 3.141590 -0.002199 -0.012214 0.021039 0.000000
-0.285687 0.391063 0.035826 0.087189 -0.000000 3.141590 -0.003065 -0.013919 0.032304 0.000000
-0.285678 0.391051 0.035736 0.087138 -0.000000 3.141590 -0.021615 -0.001491 0.022928 0.000000
-0.285678 0.391051 0.035736 0.087138 -0.000000 3.141590 -0.021615 -0.001491 0.022928 0.000000
-0.285678 0.391051 0.035736 0.087138 -0.000000 3.141590 -0.021615 -0.001491 0.022928 0.000000
-0.285677 0.391043 0.035689 0.087120 -0.000000 3.141590 -0.016664 0.003309 0.009365 0.000000
-0.285677 0.391043 0.035689 0.087120 -0.000000 3.141590 -0.016664 0.003309 0.009365 0.000000
-0.285679 0.391039 0.035666 0.087115 -0.000000 3.141590 -0.012975 0.009191 0.015803 0.000000
-0.285682 0.391036 0.035643 0.087115 -0.000000 3.141590 -0.009093 0.015867 0.025718 0.000000
-0.285685 0.391033 0.035620 0.087119 -0.000000 3.141590 -0.008453 0.013074 0.020336 0.000000
-0.285689 0.391030 0.035597 0.087125 -0.000000 3.141590 -0.008719 0.009006 0.013048 0.000000
-0.285693 0.391028 0.035574 0.087132 -0.000000 3.141590 -0.009049 0.003959 0.003993 0.000000
-0.285697 0.391025 0.035551 0.087141 -0.000000 3.141590 -0.009354 -0.000667 -0.004361 0.000000
-0.285701 0.391021 0.035507 0.087158 -0.000000 3.141590 0.037634 -0.003602 0.024827 0.000000
-0.285701 0.391021 0.035507 0.087158 -0.000000 3.141590 0.037634 -0.003602 0.024827 0.000000
-0.285691 0.391007 0.035421 0.087163 -0.000000 3.141590 0.049955 0.034591 0.030585 0.000000
-0.285691 0.391007 0.035421 0.087163 -0.000000 3.141590 0.049955 0.034591 0.030585 0.000000
-0.285685 0.391003 0.035399 0.087155 -0.000000 3.141590 0.062694 0.018453 0.043842 0.000000
-0.285679 0.391001 0.035377 0.087144 -0.000000 3.141590 0.077448 0.002396 0.062941 0.000000
-0.285673 0.390999 0.035355 0.087132 -0.000000 3.141590 0.091056 -0.012463 0.080562 0.000000
-0.285667 0.390999 0.035333 0.087119 -0.000000 3.141590 0.092378 -0.018467 0.086637 0.000000
-0.285659 0.391003 0.035291 0.087093 -0.000000 3.141590 0.055231 -0.010695 0.070395 0.000000
-0.285657 0.391006 0.035271 0.087083 -0.000000 3.141590 0.042046 0.016875 0.105590 0.000000
-0.285657 0.391009 0.035250 0.087075 -0.000000 3.141590 0.029885 0.042339 0.138048 0.000000
-0.285659 0.391011 0.035229 0.087071 -0.000000 3.141590 0.018668 0.065883 0.167979 0.000000
-0.285664 0.391013 0.035207 0.087071 -0.000000 3.141590 0.008323 0.087669 0.195579 0.000000
-0.285670 0.391013 0.035186 0.087074 -0.000000 3.141590 -0.017244 0.111208 0.340805 0.000000
-0.285702 0.390999 0.035099 0.087105 -0.000000 3.141590 -0.146178 0.196579 1.292030 0.000000
-0.285702 0.390999 0.035099 0.087105 -0.000000 3.141590 -0.146178 0.196579 1.292030 0.000000
-0.285710 0.390994 0.035077 0.087113 -0.000000 3.141590 -0.209459 0.205026 1.494289 0.000000
-0.285718 0.390988 0.035054 0.087119 -0.000000 3.141590 -0.253420 0.212232 1.637894 0.000000
-0.285724 0.390984 0.035032 0.087122 -0.000000 3.141590 -0.308037 0.221106 1.816317 0.000000
-0.285728 0.390981 0.035011 0.087123 -0.000000 3.141590 -0.358412 0.229235 1.980886 0.000000
-0.285728 0.390981 0.035011 0.087123 -0.000000 3.141590 -0.358412 0.229235 1.980886 0.000000
-0.285730 0.390978 0.034990 0.087120 -0.000000 3.141590 -0.366440 0.237725 2.158066 0.000000
-0.285730 0.390976 0.034970 0.087116 -0.000000 3.141590 -0.361542 0.245851 2.329613 0.000000
-0.285729 0.390973 0.034950 0.087111 -0.000000 3.141590 -0.397023 0.258313 2.511908 0.000000
-0.285725 0.390970 0.034931 0.087106 -0.000000 3.141590 -0.442550 0.271397 2.687749 0.000000
-0.285714 0.390962 0.034895 0.087099 -0.000000 3.141590 -0.513880 0.291923 2.963243 0.000000
-0.285692 0.390949 0.034838 3.141590 -0.000000 0.087116 -0.603864 0.408887 4.319466 0.000000
-0.285688 0.390947 0.034826 3.141590 -0.000000 0.087125 -0.606230 0.434852 4.624585 0.789582
-0.285686 0.390944 0.034815 3.141590 -0.000000 0.087134 -0.602324 0.473601 5.084479 1.414427
-0.285686 0.390942 0.034804 3.141590 -0.000000 0.087142 -0.594215 0.509948 5.518942 1.951272
-0.285688 0.390939 0.034795 3.141590 -0.000000 0.087148 -0.585587 0.537335 5.937981 2.430349
-0.285688 0.390939 0.034795 3.141590 -0.000000 0.087148 -0.585587 0.537335 5.937981 2.867533
-0.285691 0.390936 0.034786 3.141590 -0.000000 0.087151 -0.577630 0.562551 6.324474 3.272450
-0.285694 0.390934 0.034778 3.141590 -0.000000 0.087151 -0.574016 0.600220 6.747845 3.651484
-0.285698 0.390933 0.034771 3.141590 -0.000000 0.087146 -0.574262 0.648786 7.202580 4.009133
-0.285703 0.390933 0.034766 3.141590 -0.000000 0.087139 -0.574434 0.682625 7.520305 4.348715
-0.285718 0.390937 0.034761 3.141590 -0.000000 0.087116 -0.606246 0.732080 8.418876 4.672763
-0.285751 0.390953 0.034776 3.141590 -0.000000 0.087077 -0.691678 0.824291 9.607109 4.983261
-0.285778 0.390963 0.034799 3.141590 -0.000000 0.087059 -0.834989 0.928600 10.332372 5.281803
-0.285792 0.390967 0.034814 3.141590 -0.000000 0.087055 -0.944757 0.993352 10.723191 5.569688
-0.285806 0.390968 0.034829 3.141590 -0.000000 0.087054 -1.021840 1.041833 11.043150 5.847997
-0.285806 0.390968 0.034829 3.141590 -0.000000 0.087054 -1.021840 1.041833 11.043150 6.117637
-0.285818 0.390968 0.034846 3.141590 -0.000000 0.087058 -1.071109 1.070075 11.293059 6.379378
-0.285830 0.390965 0.034865 3.141590 -0.000000 0.087064 -1.112155 1.081181 11.521269 6.633884
-0.285839 0.390959 0.034885 3.141590 -0.000000 0.087072 -1.140834 1.089011 11.680710 6.881729
-0.285847 0.390950 0.034907 3.141590 -0.000000 0.087080 -1.176464 1.098718 11.878803 7.123416
-0.285855 0.390927 0.034954 3.141590 -0.000000 0.087097 -1.207836 1.061444 11.977880 7.359385
-0.285854 0.390912 0.034979 3.141590 -0.000000 0.087103 -1.207758 1.015411 11.983290 7.590027
-0.285828 0.390866 0.035054 3.141590 -0.000000 0.087104 -1.197894 0.885001 11.978729 7.815692
-0.285813 0.390851 0.035078 3.141590 -0.000000 0.087100 -1.175902 0.825806 11.928728 8.036690
-0.285813 0.390851 0.035078 3.141590 -0.000000 0.087100 -1.175902 0.825806 11.928728 8.253301
-0.285795 0.390836 0.035101 3.141590 -0.000000 0.087095 -1.101114 0.718085 11.742609 8.465779
-0.285774 0.390822 0.035122 3.141590 -0.000000 0.087090 -1.032135 0.618723 11.570948 8.674353
-0.285727 0.390798 0.035158 3.141590 -0.000000 0.087083 -0.859125 0.492109 11.213780 8.879232
-0.285701 0.390788 0.035172 3.141590 -0.000000 0.087083 -0.754831 0.438679 10.953888 9.080607
-0.285674 0.390781 0.035183 3.141590 -0.000000 0.087086 -0.655734 0.393742 10.705196 9.278654
-0.285674 0.390781 0.035183 3.141590 -0.000000 0.087086 -0.655734 0.393742 10.705196 9.473532
-0.285647 0.390775 0.035192 3.141590 -0.000000 0.087092 -0.567768 0.346567 10.461979 9.665391
-0.285620 0.390773 0.035197 3.141590 -0.000000 0.087100 -0.486634 0.303100 10.237650 9.854366
-0.285594 0.390774 0.035200 3.141590 -0.000000 0.087109 -0.415433 0.270369 9.952074 10.040586
-0.285521 0.390801 0.035194 3.141590 -0.000000 0.087132 -0.222400 0.243687 9.028375 10.224168
-0.285500 0.390817 0.035187 3.141590 -0.000000 0.087135 -0.141787 0.255252 8.707473 10.405221
-0.285482 0.390836 0.035179 3.141590 -0.000000 0.087135 -0.067435 0.265856 8.411503 10.583848
-0.285454 0.390881 0.035160 3.141590 -0.000000 0.087123 0.036605 0.283414 7.961908 10.760144
-0.285454 0.390881 0.035160 3.141590 -0.000000 0.087123 0.036605 0.283414 7.961908 10.934199
-0.285446 0.390906 0.035149 3.141590 -0.000000 0.087112 0.072696 0.293912 7.751498 11.106096
-0.285441 0.390932 0.035137 3.141590 -0.000000 0.087100 0.102708 0.335143 7.577720 11.275914
-0.285441 0.390959 0.035125 3.141590 -0.000000 0.087087 0.127244 0.403485 7.436923 11.443727
-0.285446 0.390985 0.035112 3.141590 -0.000000 0.087073 0.148773 0.455404 7.321180 11.609605
-0.285456 0.391012 0.035099 3.141590 -0.000000 0.087061 0.173740 0.488782 7.215066 11.773614
-0.285469 0.391037 0.035085 3.141590 -0.000000 0.087051 0.177176 0.552930 7.163446 11.935814
-0.285555 0.391116 0.035027 3.141590 -0.000000 0.087044 0.117689 0.734647 7.248456 12.096267
-0.285583 0.391128 0.035013 3.141590 -0.000000 0.087054 0.071198 0.801575 7.399069 12.255026
-0.285613 0.391136 0.035000 3.141590 -0.000000 0.087067 0.024163 0.873668 7.557310 12.412145
-0.285643 0.391141 0.034988 3.141590 -0.000000 0.087083 -0.019217 0.940233 7.703254 12.567673
-0.285675 0.391141 0.034977 3.141590 -0.000000 0.087100 -0.049527 0.986867 7.805212 12.721658
-0.285706 0.391136 0.034969 3.141590 -0.000000 0.087119 -0.104731 1.044483 7.977550 12.874146
-0.285738 0.391127 0.034963 3.141590 -0.000000 0.087137 -0.206209 1.096907 8.268068 13.025179
-0.285770 0.391115 0.034960 3.141590 -0.000000 0.087155 -0.299804 1.145269 8.536018 13.174799
-0.285800 0.391100 0.034959 3.141590 -0.000000 0.087171 -0.354808 1.143099 8.798361 13.323044
-0.285830 0.391082 0.034961 3.141590 -0.000000 0.087184 -0.421598 1.139581 9.060544 13.469952
-0.285857 0.391063 0.034963 3.141590 -0.000000 0.087194 -0.485245 1.135234 9.287735 13.615558
-0.285944 0.390974 0.034988 3.141590 -0.000000 0.087187 -0.789606 1.087709 10.263643 13.759897
-0.285957 0.390951 0.034997 3.141590 -0.000000 0.087176 -0.825028 1.032383 10.444716 13.903001
-0.285967 0.390928 0.035006 3.141590 -0.000000 0.087164 -0.849777 0.993632 10.571237 14.044902
-0.285971 0.390906 0.035016 3.141590 -0.000000 0.087151 -0.874823 0.878154 10.648833 14.185629
-0.285966 0.390865 0.035036 3.141590 -0.000000 0.087120 -0.919231 0.673283 10.786421 14.325211
-0.285956 0.390847 0.035046 3.141590 -0.000000 0.087104 -0.938882 0.582579 10.847312 14.463676
-0.285956 0.390847 0.035046 3.141590 -0.000000 0.087104 -0.938882 0.582579 10.847312 14.601050
-0.285941 0.390830 0.035056 3.141590 -0.000000 0.087089 -0.902520 0.516314 10.822120 14.737359
-0.285923 0.390816 0.035067 3.141590 -0.000000 0.087076 -0.863902 0.474182 10.784798 14.872628
-0.285900 0.390805 0.035078 3.141590 -0.000000 0.087065 -0.808490 0.419573 10.732180 15.006879
-0.285874 0.390796 0.035089 3.141590 -0.000000 0.087058 -0.750242 0.366976 10.677654 15.140135
-0.285747 0.390796 0.035132 3.141590 -0.000000 0.087076 -0.524605 0.189626 10.463031 15.272418
-0.285747 0.390796 0.035132 3.141590 -0.000000 0.087076 -0.485294 0.148851 10.424663 15.403750
-0.285711 0.390805 0.035141 3.141590 -0.000000 0.087089 -0.485294 0.148851 10.424663 15.534151
-0.285674 0.390819 0.035148 3.141590 -0.000000 0.087104 -0.393059 0.126892 10.280084 15.663640
-0.285637 0.390837 0.035153 3.141590 -0.000000 0.087120 -0.290070 0.111669 10.111783 15.792236
-0.285600 0.390857 0.035155 3.141590 -0.000000 0.087136 -0.190214 0.131390 9.883290 15.919957
-0.285563 0.390881 0.035156 3.141590 -0.000000 0.087151 -0.096556 0.160384 9.649095 16.046821
-0.285527 0.390907 0.035154 3.141590 -0.000000 0.087164 -0.010173 0.187115 9.433092 16.172846
-0.285493 0.390936 0.035150 3.141590 -0.000000 0.087174 0.050182 0.205816 9.282171 16.298047
-0.285460 0.390967 0.035145 3.141590 -0.000000 0.087181 0.116331 0.235255 9.082933 16.422440
-0.285428 0.391000 0.035138 3.141590 -0.000000 0.087184 0.151882 0.280552 8.865336 16.546042
-0.285318 0.391176 0.035096 3.141590 -0.000000 0.087136 0.291205 0.578067 8.294575 16.668867
-0.285308 0.391210 0.035088 3.141590 -0.000000 0.087120 0.310546 0.625723 8.234060 16.790929
-0.285303 0.391242 0.035080 3.141590 -0.000000 0.087104 0.328385 0.669653 8.178248 16.912243
-0.285303 0.391272 0.035074 3.141590 -0.000000 0.087089 0.350531 0.739567 8.198461 17.032822
-0.285303 0.391272 0.035074 3.141590 -0.000000 0.087089 0.376425 0.832302 8.285953 17.152680
-0.285309 0.391300 0.035068 3.141590 -0.000000 0.087076 0.376425 0.832302 8.285953 17.271829
-0.285320 0.391324 0.035063 3.141590 -0.000000 0.087065 0.394516 0.897070 8.347084 17.390281
-0.285336 0.391345 0.035058 3.141590 -0.000000 0.087058 0.407186 0.965165 8.447939 17.508050
-0.285356 0.391361 0.035053 3.141590 -0.000000 0.087056 0.418872 1.028047 8.540954 17.625146
-0.285380 0.391372 0.035046 3.141590 -0.000000 0.087058 0.429651 1.086136 8.626736 17.741581
-0.285409 0.391379 0.035039 3.141590 -0.000000 0.087065 0.439592 1.139802 8.705847 17.857366
-0.285550 0.391348 0.035007 3.141590 -0.000000 0.087120 0.244297 1.416673 9.200511 17.972512
-0.285590 0.391327 0.035000 3.141590 -0.000000 0.087136 0.159594 1.472572 9.357245 18.087029
-0.285590 0.391327 0.035000 3.141590 -0.000000 0.087136 0.159594 1.472572 9.357245 18.200928
-0.285632 0.391302 0.034994 3.141590 -0.000000 0.087151 0.078067 1.488860 9.510533 18.314219
-0.285675 0.391273 0.034990 3.141590 -0.000000 0.087164 -0.015571 1.485440 9.647889 18.426910
-0.285717 0.391240 0.034987 3.141590 -0.000000 0.087174 -0.107838 1.476354 9.773289 18.539012
-0.285803 0.391168 0.034990 3.141590 -0.000000 0.087184 -0.286666 1.418810 10.062823 18.650534
-0.285803 0.391168 0.034990 3.141590 -0.000000 0.087184 -0.286666 1.418810 10.062823 18.761485
-0.285845 0.391128 0.034996 3.141590 -0.000000 0.087181 -0.403113 1.357690 10.278850 18.871873
-0.285885 0.391088 0.035003 3.141590 -0.000000 0.087174 -0.490663 1.292408 10.452817 18.981707
-0.285924 0.391046 0.035011 3.141590 -0.000000 0.087164 -0.552346 1.223650 10.588993 19.090995
-0.286079 0.390829 0.035068 3.141590 -0.000000 0.087089 -0.796678 0.851917 11.030513 19.199745
-0.286099 0.390787 0.035080 3.141590 -0.000000 0.087076 -0.768818 0.789447 10.984658 19.307966
-0.286115 0.390745 0.035093 3.141590 -0.000000 0.087065 -0.743121 0.731860 10.942363 19.415664
-0.286126 0.390704 0.035104 3.141590 -0.000000 0.087058 -0.745345 0.630631 10.902586 19.522847
-0.286132 0.390665 0.035114 3.141590 -0.000000 0.087056 -0.743111 0.561043 10.863299 19.629523
-0.286132 0.390665 0.035114 3.141590 -0.000000 0.087056 -0.743111 0.561043 10.863299 19.735699
-0.286132 0.390627 0.035123 3.141590 -0.000000 0.087058 -0.733912 0.481500 10.789778 19.841382
-0.286126 0.390592 0.035130 3.141590 -0.000000 0.087065 -0.725428 0.408226 10.721960 19.946579
-0.286114 0.390559 0.035137 3.141590 -0.000000 0.087076 -0.702356 0.350413 10.633672 20.051295
-0.286097 0.390530 0.035142 3.141590 -0.000000 0.087089 -0.637141 0.325083 10.478092 20.155538
-0.286097 0.390530 0.035142 3.141590 -0.000000 0.087089 -0.552994 0.270704 10.194267 20.259315
-0.285946 0.390453 0.035148 3.141590 -0.000000 0.087164 -0.454317 0.176668 9.746390 20.362631
-0.285905 0.390455 0.035145 3.141590 -0.000000 0.087174 -0.397207 0.146857 9.571763 20.465492
-0.285905 0.390455 0.035145 3.141590 -0.000000 0.087174 -0.397207 0.146857 9.571763 20.567905
-0.285862 0.390464 0.035141 3.141590 -0.000000 0.087181 -0.335190 0.118296 9.395371 20.669875
-0.285817 0.390479 0.035136 3.141590 -0.000000 0.087184 -0.276541 0.106461 9.221224 20.771408
-0.285771 0.390501 0.035132 3.141590 -0.000000 0.087181 -0.234509 0.108722 9.091217 20.872509
-0.285723 0.390529 0.035127 3.141590 -0.000000 0.087174 -0.160089 0.120285 8.930649 20.973185
-0.285625 0.390600 0.035114 3.141590 -0.000000 0.087151 0.019898 0.169449 8.671622 21.073439
-0.285625 0.390600 0.035114 3.141590 -0.000000 0.087151 0.019898 0.169449 8.671622 21.173279
-0.285576 0.390643 0.035107 3.141590 -0.000000 0.087136 0.103746 0.202441 8.571679 21.272708
-0.285528 0.390689 0.035100 3.141590 -0.000000 0.087120 0.181082 0.232831 8.479504 21.371732
-0.285345 0.390902 0.035065 3.141590 -0.000000 0.087065 0.476785 0.544233 8.536148 21.470355
-0.285305 0.390959 0.035056 3.141590 -0.000000 0.087058 0.524039 0.632645 8.566816 21.568583
-0.285267 0.391017 0.035047 3.141590 -0.000000 0.087056 0.567623 0.714265 8.595095 21.666420
-0.285233 0.391075 0.035040 3.141590 -0.000000 0.087058 0.598074 0.771372 8.614846 21.763871
-0.285202 0.391133 0.035033 3.141590 -0.000000 0.087065 0.588751 0.855869 8.745160 21.860941
-0.285176 0.391191 0.035029 3.141590 -0.000000 0.087076 0.580152 0.933882 8.865344 21.957633
-0.285154 0.391247 0.035026 3.141590 -0.000000 0.087089 0.626299 1.005662 8.977486 22.053953
-0.285137 0.391303 0.035026 3.141590 -0.000000 0.087104 0.668862 1.071920 9.080913 22.149903
-0.285125 0.391357 0.035027 3.141590 -0.000000 0.087120 0.657474 1.152554 9.235404 22.245490
-0.285119 0.391410 0.035031 3.141590 -0.000000 0.087136 0.634382 1.225693 9.376489 22.340717
-0.285119 0.391461 0.035035 3.141590 -0.000000 0.087151 0.612744 1.276838 9.468951 22.435587
-0.285156 0.391598 0.035052 3.141590 -0.000000 0.087181 0.519964 1.439603 9.814985 22.530105
-0.285209 0.391675 0.035062 3.141590 -0.000000 0.087181 0.470972 1.558973 9.923732 22.624275
-0.285209 0.391675 0.035062 3.141590 -0.000000 0.087181 0.470972 1.558973 9.923732 22.718101
-0.285242 0.391708 0.035065 3.141590 -0.000000 0.087174 0.458289 1.608094 9.937722 22.811586
-0.285279 0.391736 0.035067 3.141590 -0.000000 0.087164 0.442532 1.669086 9.955106 22.904733
-0.285320 0.391760 0.035067 3.141590 -0.000000 0.087151 0.427998 1.725273 9.971145 22.997548
-0.285411 0.391789 0.035066 3.141590 -0.000000 0.087120 0.279467 1.732976 9.936053 23.090033
-0.285460 0.391795 0.035065 3.141590 -0.000000 0.087104 0.207096 1.707793 9.884806 23.182191
-0.285460 0.391795 0.035065 3.141590 -0.000000 0.087104 0.157817 1.673926 9.826185 23.274027
-0.285512 0.391793 0.035064 3.141590 -0.000000 0.087089 0.157817 1.673926 9.826185 23.365543
-0.285565 0.391785 0.035064 3.141590 -0.000000 0.087076 0.081828 1.646283 9.768841 23.456743
-0.285841 0.391647 0.035085 3.141590 -0.000000 0.087065 -0.333265 1.541325 9.615263 23.547630
-0.285841 0.391647 0.035085 3.141590 -0.000000 0.087065 -0.333265 1.541325 9.615263 23.638207
-0.285895 0.391601 0.035090 3.141590 -0.000000 0.087076 -0.392521 1.483881 9.607180 23.728477
-0.285948 0.391551 0.035096 3.141590 -0.000000 0.087089 -0.440436 1.378672 9.560953 23.818445
-0.286000 0.391496 0.035100 3.141590 -0.000000 0.087104 -0.459942 1.249188 9.483561 23.908111
-0.286049 0.391437 0.035104 3.141590 -0.000000 0.087120 -0.477933 1.129802 9.412177 23.997481
-0.286096 0.391375 0.035105 3.141590 -0.000000 0.087136 -0.494527 1.019712 9.346336 24.086556
-0.286141 0.391311 0.035105 3.141590 -0.000000 0.087151 -0.506121 0.942869 9.300328 24.175339
-0.286181 0.391244 0.035103 3.141590 -0.000000 0.087164 -0.520336 0.844013 9.190141 24.263833
-0.286219 0.391175 0.035100 3.141590 -0.000000 0.087174 -0.533447 0.752803 9.088516 24.352042
-0.286252 0.391106 0.035096 3.141590 -0.000000 0.087181 -0.515957 0.705465 8.985070 24.439967
-0.286335 0.390825 0.035075 3.141590 -0.000000 0.087164 -0.504457 0.365426 8.676421 24.527612
-0.286341 0.390756 0.035070 3.141590 -0.000000 0.087151 -0.504457 0.365426 8.676421 24.614979
-0.286341 0.390756 0.035070 3.141590 -0.000000 0.087151 -0.504457 0.365426 8.676421 24.702071
-0.286334 0.390622 0.035062 3.141590 -0.000000 0.087120 -0.495848 0.272654 8.683787 24.788891
-0.286321 0.390557 0.035059 3.141590 -0.000000 0.087104 -0.487313 0.237348 8.724385 24.875440
-0.286301 0.390494 0.035057 3.141590 -0.000000 0.087089 -0.475164 0.192580 8.792410 24.961722
-0.286276 0.390433 0.035054 3.141590 -0.000000 0.087076 -0.466676 0.161249 8.839943 25.047738
-0.286276 0.390433 0.035054 3.141590 -0.000000 0.087076 -0.466676 0.161249 8.839943 25.133493
-0.286245 0.390375 0.035052 3.141590 -0.000000 0.087065 -0.456130 0.122437 8.898989 25.218986
-0.286210 0.390319 0.035048 3.141590 -0.000000 0.087058 -0.446403 0.086692 8.953443 25.304222
-0.286170 0.390267 0.035045 3.141590 -0.000000 0.087056 -0.414708 0.073381 8.995970 25.389203
-0.286126 0.390218 0.035041 3.141590 -0.000000 0.087058 -0.378202 0.067463 9.032724 25.473930
-0.285916 0.390066 0.035035 3.141590 -0.000000 0.087104 -0.217310 0.024466 9.246556 25.558406
-0.285858 0.390042 0.035037 3.141590 -0.000000 0.087120 -0.162549 0.028070 9.297541 25.642633
-0.285798 0.390024 0.035040 3.141590 -0.000000 0.087136 -0.114824 0.035002 9.345805 25.726614
-0.285798 0.390024 0.035040 3.141590 -0.000000 0.087136 -0.070807 0.041403 9.390318 25.810350
-0.285737 0.390014 0.035043 3.141590 -0.000000 0.087151 -0.070807 0.041403 9.390318 25.893844
-0.285674 0.390011 0.035046 3.141590 -0.000000 0.087164 -0.025935 0.018921 9.481053 25.977098
-0.285612 0.390015 0.035051 3.141590 -0.000000 0.087174 0.005416 0.003239 9.544445 26.060114
-0.285549 0.390026 0.035055 3.141590 -0.000000 0.087181 0.074135 0.005912 9.611720 26.142893
-0.285487 0.390044 0.035059 3.141590 -0.000000 0.087184 0.166106 0.029694 9.662736 26.225438
-0.285426 0.390069 0.035064 3.141590 -0.000000 0.087181 0.250932 0.051539 9.709797 26.307751
-0.285366 0.390099 0.035068 3.141590 -0.000000 0.087174 0.329169 0.071596 9.753210 26.389834
-0.285098 0.390334 0.035081 3.141590 -0.000000 0.087104 0.553859 0.425799 9.826101 26.471689
-0.285054 0.390393 0.035083 3.141590 -0.000000 0.087089 0.583841 0.493823 9.777976 26.553317
-0.285014 0.390456 0.035084 3.141590 -0.000000 0.087076 0.589279 0.576654 9.756748 26.634721
-0.285014 0.390456 0.035084 3.141590 -0.000000 0.087076 0.579301 0.672600 9.758140 26.715902
-0.284978 0.390521 0.035084 3.141590 -0.000000 0.087065 0.579301 0.672600 9.758140 26.796862
-0.284948 0.390588 0.035083 3.141590 -0.000000 0.087058 0.572330 0.739645 9.759112 26.877603
-0.284922 0.390657 0.035082 3.141590 -0.000000 0.087056 0.565717 0.820738 9.762088 26.958127
-0.284903 0.390727 0.035080 3.141590 -0.000000 0.087058 0.565518 0.888936 9.769951 27.038436
-0.284889 0.390797 0.035080 3.141590 -0.000000 0.087065 0.565335 0.951926 9.777195 27.118530
-0.284882 0.390867 0.035080 3.141590 -0.000000 0.087076 0.557054 1.042225 9.797258 27.198413
-0.284882 0.390867 0.035080 3.141590 -0.000000 0.087076 0.557054 1.042225 9.797258 27.278085
-0.284943 0.391215 0.035091 3.141590 -0.000000 0.087151 0.506981 1.369076 9.859458 27.357548
-0.284943 0.391215 0.035091 3.141590 -0.000000 0.087151 0.480276 1.418321 9.844470 27.436804
-0.284972 0.391282 0.035093 3.141590 -0.000000 0.087164 0.480276 1.418321 9.844470 27.515855
-0.285005 0.391346 0.035095 3.141590 -0.000000 0.087174 0.444179 1.464147 9.810892 27.594701
-0.285042 0.391409 0.035095 3.141590 -0.000000 0.087181 0.407744 1.498933 9.721289 27.673345
-0.285083 0.391470 0.035095 3.141590 -0.000000 0.087184 0.372965 1.524714 9.640186 27.751789
-0.285127 0.391528 0.035094 3.141590 -0.000000 0.087181 0.318400 1.572898 9.535987 27.830033
-0.285226 0.391634 0.035091 3.141590 -0.000000 0.087164 0.214671 1.668080 9.349147 27.908079
-0.285226 0.391634 0.035091 3.141590 -0.000000 0.087164 0.214671 1.668080 9.349147 27.985929
-0.285280 0.391681 0.035089 3.141590 -0.000000 0.087151 0.187842 1.641355 9.238241 28.063585
-0.285337 0.391724 0.035089 3.141590 -0.000000 0.087136 0.169203 1.594648 9.126919 28.141047
-0.285579 0.391836 0.035086 3.141590 -0.000000 0.087076 -0.071283 1.658992 8.930423 28.218317
-0.285707 0.391852 0.035080 3.141590 -0.000000 0.087058 -0.181097 1.602984 8.816992 28.295396
-0.285707 0.391852 0.035080 3.141590 -0.000000 0.087058 -0.181097 1.602984 8.816992 28.372287
-0.285771 0.391850 0.035077 3.141590 -0.000000 0.087056 -0.218359 1.564521 8.771157 28.448990
-0.285900 0.391826 0.035069 3.141590 -0.000000 0.087065 -0.353054 1.503866 8.654920 28.525506
-0.285963 0.391806 0.035065 3.141590 -0.000000 0.087076 -0.395486 1.453405 8.608792 28.601837
-0.285963 0.391806 0.035065 3.141590 -0.000000 0.087076 -0.395486 1.453405 8.608792 28.677985
-0.286025 0.391781 0.035061 3.141590 -0.000000 0.087089 -0.443778 1.402209 8.572338 28.753951
-0.286086 0.391750 0.035056 3.141590 -0.000000 0.087104 -0.504732 1.325564 8.539956 28.829735
-0.286144 0.391715 0.035052 3.141590 -0.000000 0.087120 -0.547319 1.272118 8.517322 28.905340
-0.286200 0.391677 0.035047 3.141590 -0.000000 0.087136 -0.594466 1.206040 8.507088 28.980766
-0.286392 0.391489 0.035031 3.141590 -0.000000 0.087181 -0.677615 0.911535 8.687627 29.056016
-0.286429 0.391436 0.035029 3.141590 -0.000000 0.087184 -0.694210 0.826029 8.735897 29.131089
-0.286429 0.391436 0.035029 3.141590 -0.000000 0.087184 -0.694210 0.826029 8.735897 29.205987
-0.286462 0.391382 0.035029 3.141590 -0.000000 0.087181 -0.709515 0.747074 8.780425 29.280712
-0.286489 0.391325 0.035030 3.141590 -0.000000 0.087174 -0.719014 0.668649 8.859006 29.355265
-0.286511 0.391268 0.035031 3.141590 -0.000000 0.087164 -0.724532 0.612408 8.923013 29.429646
-0.286527 0.391209 0.035033 3.141590 -0.000000 0.087151 -0.725299 0.552558 9.004374 29.503858
-0.286537 0.391151 0.035034 3.141590 -0.000000 0.087136 -0.720159 0.506930 9.081187 29.577901
-0.286541 0.391031 0.035037 3.141590 -0.000000 0.087104 -0.710742 0.406065 9.233646 29.651776
-0.286535 0.390971 0.035037 3.141590 -0.000000 0.087089 -0.687029 0.355748 9.268451 29.725485
-0.286535 0.390971 0.035037 3.141590 -0.000000 0.087089 -0.687029 0.355748 9.268451 29.799028
-0.286467 0.390729 0.035042 3.141590 -0.000000 0.087056 -0.585126 0.107780 9.368135 29.872407
-0.286440 0.390669 0.035046 3.141590 -0.000000 0.087058 -0.550759 0.074967 9.382124 29.945623
-0.286410 0.390610 0.035050 3.141590 -0.000000 0.087065 -0.508509 0.079315 9.404352 30.018677
-0.286376 0.390552 0.035054 3.141590 -0.000000 0.087076 -0.478989 0.082462 9.419872 30.091570
-0.286339 0.390496 0.035058 3.141590 -0.000000 0.087089 -0.442314 0.086374 9.439155 30.164303
-0.286300 0.390442 0.035061 3.141590 -0.000000 0.087104 -0.407285 0.083148 9.454065 30.236877
-0.286259 0.390391 0.035064 3.141590 -0.000000 0.087120 -0.371512 0.060365 9.459540 30.309293
-0.286215 0.390343 0.035066 3.141590 -0.000000 0.087136 -0.338518 0.039376 9.464589 30.381552
-0.286170 0.390299 0.035069 3.141590 -0.000000 0.087151 -0.289996 0.027316 9.473696 30.453655
-0.286124 0.390259 0.035071 3.141590 -0.000000 0.087164 -0.229712 0.012229 9.485020 30.525604
-0.286124 0.390259 0.035071 3.141590 -0.000000 0.087164 -0.229712 0.012229 9.485020 30.597399
-0.285923 0.390154 0.035076 3.141590 -0.000000 0.087181 -0.002112 -0.014962 9.389532 30.669041
-0.285870 0.390142 0.035075 3.141590 -0.000000 0.087174 0.053077 -0.021093 9.365111 30.740531
-0.285815 0.390136 0.035073 3.141590 -0.000000 0.087164 0.102902 -0.024190 9.333169 30.811870
-0.285760 0.390135 0.035071 3.141590 -0.000000 0.087151 0.137714 -0.026467 9.310861 30.883059
-0.285706 0.390138 0.035069 3.141590 -0.000000 0.087136 0.185117 -0.013747 9.268357 30.954099
-0.285651 0.390145 0.035067 3.141590 -0.000000 0.087120 0.228838 -0.002055 9.229157 31.024991
-0.285543 0.390171 0.035067 3.141590 -0.000000 0.087089 0.306357 0.018624 9.159660 31.095736
-0.285489 0.390189 0.035068 3.141590 -0.000000 0.087076 0.348899 0.035242 9.154748 31.166335
-0.285437 0.390209 0.035069 3.141590 -0.000000 0.087065 0.412354 0.062240 9.160403 31.236788
-0.285437 0.390209 0.035069 3.141590 -0.000000 0.087065 0.464247 0.091681 9.177683 31.307097
-0.285385 0.390232 0.035070 3.141590 -0.000000 0.087058 0.464247 0.091681 9.177683 31.377263
-0.285188 0.390345 0.035069 3.141590 -0.000000 0.087076 0.637742 0.329817 9.275776 31.447285
-0.285143 0.390378 0.035065 3.141590 -0.000000 0.087089 0.665557 0.384081 9.280008 31.517166
-0.285101 0.390412 0.035061 3.141590 -0.000000 0.087104 0.700114 0.451473 9.285268 31.586906
-0.285025 0.390484 0.035052 3.141590 -0.000000 0.087136 0.751785 0.661957 9.348498 31.656506
-0.284992 0.390522 0.035048 3.141590 -0.000000 0.087151 0.758624 0.756411 9.403518 31.725967
-0.284964 0.390561 0.035044 3.141590 -0.000000 0.087164 0.759674 0.821262 9.447618 31.795289
-0.284940 0.390601 0.035042 3.141590 -0.000000 0.087174 0.760980 0.901719 9.502417 31.864473
-0.284920 0.390643 0.035041 3.141590 -0.000000 0.087181 0.762184 0.975874 9.552964 31.933521
-0.284905 0.390686 0.035043 3.141590 -0.000000 0.087184 0.766066 1.051915 9.612649 32.002433
-0.284905 0.390686 0.035043 3.141590 -0.000000 0.087184 0.766066 1.051915 9.612649 32.071209
-0.284905 0.390686 0.035043 3.141590 -0.000000 0.087184 0.766066 1.051915 9.612649 32.139852
-0.284887 0.390926 0.035064 3.141590 -0.000000 0.087136 0.743268 1.409311 10.003993 32.208360
-0.284893 0.390978 0.035070 3.141590 -0.000000 0.087120 0.717641 1.438658 10.049812 32.276736
-0.284902 0.391029 0.035075 3.141590 -0.000000 0.087104 0.666419 1.501957 10.099522 32.344980
-0.284902 0.391029 0.035075 3.141590 -0.000000 0.087104 0.666419 1.501957 10.099522 32.413092
-0.284912 0.391080 0.035080 3.141590 -0.000000 0.087089 0.619176 1.560333 10.145371 32.481074
-0.284925 0.391130 0.035084 3.141590 -0.000000 0.087076 0.578002 1.593537 10.143177 32.548926
-0.284940 0.391180 0.035088 3.141590 -0.000000 0.087065 0.550980 1.601688 10.109285 32.616649
-0.284957 0.391229 0.035090 3.141590 -0.000000 0.087058 0.517407 1.611932 10.067168 32.684244
-0.284976 0.391277 0.035092 3.141590 -0.000000 0.087056 0.495006 1.631118 9.986561 32.751711
-0.284997 0.391324 0.035094 3.141590 -0.000000 0.087058 0.474344 1.648903 9.912207 32.819051
-0.285019 0.391370 0.035097 3.141590 -0.000000 0.087065 0.455287 1.665397 9.843621 32.886266
-0.285043 0.391414 0.035100 3.141590 -0.000000 0.087076 0.441973 1.677030 9.795691 32.953354
-0.285127 0.391539 0.035111 3.141590 -0.000000 0.087120 0.306620 1.704600 9.492132 33.020318
-0.285159 0.391578 0.035114 3.141590 -0.000000 0.087136 0.265074 1.693687 9.387852 33.087158
-0.285192 0.391615 0.035115 3.141590 -0.000000 0.087151 0.211962 1.667577 9.249240 33.153875
-0.285227 0.391649 0.035115 3.141590 -0.000000 0.087164 0.158604 1.626401 9.110356 33.220469
-0.285264 0.391681 0.035113 3.141590 -0.000000 0.087174 0.106353 1.589084 8.972687 33.286941
-0.285301 0.391710 0.035110 3.141590 -0.000000 0.087181 0.057188 1.554834 8.842652 33.353291
-0.285340 0.391737 0.035106 3.141590 -0.000000 0.087184 0.022838 1.530858 8.751802 33.419521
-0.285379 0.391759 0.035101 3.141590 -0.000000 0.087181 -0.007355 1.501734 8.615985 33.485631
-0.285419 0.391778 0.035095 3.141590 -0.000000 0.087174 -0.031206 1.475028 8.483380 33.551621
-0.285461 0.391794 0.035088 3.141590 -0.000000 0.087164 -0.073466 1.450206 8.378765 33.617493
-0.285503 0.391806 0.035081 3.141590 -0.000000 0.087151 -0.107905 1.432723 8.309971 33.683247
-0.285729 0.391814 0.035041 3.141590 -0.000000 0.087076 -0.301274 1.314259 8.068657 33.748883
-0.285776 0.391805 0.035033 3.141590 -0.000000 0.087065 -0.358763 1.313860 8.107825 33.814402
-0.285776 0.391805 0.035033 3.141590 -0.000000 0.087065 -0.358763 1.313860 8.107825 33.879806
-0.285823 0.391794 0.035027 3.141590 -0.000000 0.087058 -0.411787 1.313545 8.143947 33.945093
-0.285870 0.391780 0.035021 3.141590 -0.000000 0.087056 -0.447993 1.277778 8.210993 34.010266
-0.285961 0.391746 0.035016 3.141590 -0.000000 0.087065 -0.585724 1.224794 8.406989 34.075324
-0.286006 0.391726 0.035016 3.141590 -0.000000 0.087076 -0.658766 1.209420 8.502092 34.140269
-0.286050 0.391704 0.035017 3.141590 -0.000000 0.087089 -0.730512 1.172307 8.624773 34.205100
-0.286094 0.391680 0.035020 3.141590 -0.000000 0.087104 -0.783825 1.129754 8.735921 34.269819
-0.286137 0.391654 0.035022 3.141590 -0.000000 0.087120 -0.850062 1.076833 8.874017 34.334426
-0.286137 0.391654 0.035022 3.141590 -0.000000 0.087120 -0.850062 1.076833 8.874017 34.398921
-0.286301 0.391536 0.035029 3.141590 -0.000000 0.087174 -0.897904 0.831195 9.215239 34.463305
-0.286339 0.391503 0.035030 3.141590 -0.000000 0.087181 -0.927152 0.761289 9.296434 34.527580
-0.286339 0.391503 0.035030 3.141590 -0.000000 0.087181 -0.927152 0.761289 9.296434 34.591744
-0.286375 0.391470 0.035032 3.141590 -0.000000 0.087184 -0.960132 0.691635 9.373365 34.655799
-0.286409 0.391436 0.035034 3.141590 -0.000000 0.087181 -0.976844 0.630051 9.411834 34.719746
-0.286440 0.391402 0.035036 3.141590 -0.000000 0.087174 -0.978549 0.588923 9.415082 34.783585
-0.286469 0.391369 0.035039 3.141590 -0.000000 0.087164 -0.982221 0.540648 9.437698 34.847316
-0.286496 0.391334 0.035044 3.141590 -0.000000 0.087151 -0.984035 0.501567 9.488083 34.910941
-0.286521 0.391299 0.035049 3.141590 -0.000000 0.087136 -0.982745 0.459733 9.517101 34.974458
-0.286521 0.391299 0.035049 3.141590 -0.000000 0.087136 -0.982745 0.459733 9.517101 35.037870
-0.286561 0.391225 0.035059 3.141590 -0.000000 0.087104 -0.979111 0.390914 9.553085 35.101177
-0.286596 0.391064 0.035073 3.141590 -0.000000 0.087058 -0.899293 0.240960 9.595953 35.164379
-0.286595 0.391019 0.035074 3.141590 -0.000000 0.087056 -0.873720 0.170516 9.570784 35.227476
-0.286591 0.390974 0.035074 3.141590 -0.000000 0.087058 -0.850133 0.105634 9.547562 35.290470
-0.286584 0.390927 0.035073 3.141590 -0.000000 0.087065 -0.827026 0.040318 9.518083 35.353360
-0.286564 0.390833 0.035072 3.141590 -0.000000 0.087089 -0.784203 -0.089004 9.432458 35.416148
-0.286564 0.390833 0.035072 3.141590 -0.000000 0.087089 -0.715128 -0.071508 9.392726 35.478833
-0.286551 0.390786 0.035073 3.141590 -0.000000 0.087104 -0.715128 -0.071508 9.392726 35.541417
-0.286536 0.390739 0.035075 3.141590 -0.000000 0.087120 -0.651419 -0.055331 9.356077 35.603899
-0.286520 0.390693 0.035077 3.141590 -0.000000 0.087136 -0.604977 -0.062938 9.351720 35.666281
-0.286502 0.390647 0.035080 3.141590 -0.000000 0.087151 -0.572791 -0.071426 9.348241 35.728562
-0.286482 0.390601 0.035083 3.141590 -0.000000 0.087164 -0.527768 -0.091945 9.341116 35.790743
-0.286385 0.390429 0.035086 3.141590 -0.000000 0.087181 -0.372317 -0.117130 9.276538 35.852825
-0.286357 0.390390 0.035084 3.141590 -0.000000 0.087174 -0.327244 -0.113236 9.276414 35.914808
-0.286328 0.390351 0.035081 3.141590 -0.000000 0.087164 -0.285673 -0.109722 9.276306 35.976693
-0.286298 0.390314 0.035077 3.141590 -0.000000 0.087151 -0.256627 -0.107380 9.276241 36.038480
-0.286298 0.390314 0.035077 3.141590 -0.000000 0.087151 -0.256627 -0.107380 9.276241 36.100169
-0.286268 0.390279 0.035073 3.141590 -0.000000 0.087136 -0.220541 -0.104443 9.276157 36.161762
-0.286237 0.390246 0.035070 3.141590 -0.000000 0.087120 -0.175495 -0.115704 9.261505 36.223257
-0.286204 0.390215 0.035067 3.141590 -0.000000 0.087104 -0.130183 -0.130573 9.243328 36.284657
-0.286170 0.390187 0.035066 3.141590 -0.000000 0.087089 -0.075490 -0.124332 9.221186 36.345961
-0.286135 0.390160 0.035066 3.141590 -0.000000 0.087076 -0.027891 -0.105503 9.201810 36.407170
-0.286099 0.390135 0.035068 3.141590 -0.000000 0.087065 0.021688 -0.097531 9.194531 36.468284
-0.285898 0.390048 0.035079 3.141590 -0.000000 0.087076 0.110618 -0.027533 9.306782 36.529304
-0.285856 0.390040 0.035080 3.141590 -0.000000 0.087089 0.137132 -0.028188 9.295657 36.590230
-0.285813 0.390035 0.035079 3.141590 -0.000000 0.087104 0.169667 -0.017563 9.285363 36.651062
-0.285771 0.390033 0.035077 3.141590 -0.000000 0.087120 0.219059 0.002612 9.270970 36.711801
-0.285728 0.390033 0.035074 3.141590 -0.000000 0.087136 0.264614 0.021243 9.257692 36.772448
-0.285686 0.390036 0.035070 3.141590 -0.000000 0.087151 0.306631 0.038434 9.245446 36.833003
-0.285643 0.390041 0.035067 3.141590 -0.000000 0.087164 0.335987 0.050497 9.236885 36.893466
-0.285643 0.390041 0.035067 3.141590 -0.000000 0.087164 0.335987 0.050497 9.236885 36.953837
-0.285600 0.390048 0.035064 3.141590 -0.000000 0.087174 0.379203 0.083012 9.236044 37.014118
-0.285557 0.390058 0.035062 3.141590 -0.000000 0.087181 0.419061 0.112947 9.235273 37.074308
-0.285514 0.390070 0.035061 3.141590 -0.000000 0.087184 0.480855 0.151740 9.232705 37.134408
-0.285339 0.390144 0.035067 3.141590 -0.000000 0.087151 0.658866 0.313735 9.303236 37.194418
-0.285294 0.390167 0.035070 3.141590 -0.000000 0.087136 0.703734 0.356941 9.310519 37.254339
-0.285294 0.390167 0.035070 3.141590 -0.000000 0.087136 0.703734 0.356941 9.310519 37.314171
-0.285251 0.390192 0.035072 3.141590 -0.000000 0.087120 0.727731 0.395851 9.328236 37.373914
-0.285208 0.390218 0.035073 3.141590 -0.000000 0.087104 0.731848 0.422289 9.348623 37.433570
-0.285166 0.390245 0.035073 3.141590 -0.000000 0.087089 0.736963 0.455227 9.373945 37.493138
-0.285125 0.390274 0.035072 3.141590 -0.000000 0.087076 0.759431 0.515128 9.341884 37.552618
-0.285045 0.390333 0.035066 3.141590 -0.000000 0.087058 0.794634 0.609040 9.291647 37.612011
-0.285006 0.390365 0.035063 3.141590 -0.000000 0.087056 0.812622 0.657154 9.265964 37.671318
-0.285006 0.390365 0.035063 3.141590 -0.000000 0.087056 0.812622 0.657154 9.265964 37.730538
-0.284969 0.390397 0.035059 3.141590 -0.000000 0.087058 0.811968 0.719460 9.260328 37.789673
-0.284934 0.390429 0.035056 3.141590 -0.000000 0.087065 0.794802 0.794147 9.272464 37.848722
-0.284839 0.390534 0.035053 3.141590 -0.000000 0.087104 0.822742 0.936391 9.332676 37.907687
-0.284812 0.390571 0.035055 3.141590 -0.000000 0.087120 0.842510 1.011935 9.403641 37.966566
-0.284789 0.390609 0.035058 3.141590 -0.000000 0.087136 0.831125 1.051861 9.475647 38.025361
-0.284769 0.390647 0.035061 3.141590 -0.000000 0.087151 0.816979 1.101374 9.565116 38.084072
-0.284742 0.390725 0.035066 3.141590 -0.000000 0.087174 0.802105 1.217503 9.734738 38.142700
-0.284733 0.390766 0.035068 3.141590 -0.000000 0.087181 0.803687 1.291539 9.818597 38.201244
-0.284728 0.390808 0.035069 3.141590 -0.000000 0.087184 0.793702 1.324987 9.865260 38.259705
-0.284727 0.390851 0.035070 3.141590 -0.000000 0.087181 0.774197 1.354761 9.915603 38.318084
-0.284728 0.390896 0.035072 3.141590 -0.000000 0.087174 0.756207 1.382132 9.962045 38.376380
-0.284731 0.390941 0.035075 3.141590 -0.000000 0.087164 0.739614 1.407299 10.004885 38.434595
-0.284738 0.390988 0.035078 3.141590 -0.000000 0.087151 0.719682 1.442803 10.032107 38.492728
-0.284787 0.391181 0.035096 3.141590 -0.000000 0.087089 0.616827 1.519759 9.978681 38.550780
-0.284804 0.391230 0.035099 3.141590 -0.000000 0.087076 0.567530 1.556820 9.906406 38.608751
-0.284822 0.391278 0.035101 3.141590 -0.000000 0.087065 0.522553 1.586741 9.835173 38.666641
-0.284841 0.391325 0.035102 3.141590 -0.000000 0.087058 0.478336 1.596010 9.771242 38.724451
-0.284861 0.391371 0.035102 3.141590 -0.000000 0.087056 0.437553 1.604634 9.712271 38.782182
-0.284882 0.391415 0.035101 3.141590 -0.000000 0.087058 0.403007 1.608923 9.650707 38.839833
-0.284882 0.391415 0.035101 3.141590 -0.000000 0.087058 0.403007 1.608923 9.650707 38.897405
-0.284904 0.391458 0.035099 3.141590 -0.000000 0.087065 0.344583 1.609673 9.522077 38.954897
-0.284927 0.391499 0.035098 3.141590 -0.000000 0.087076 0.290697 1.610443 9.403431 39.012312
-0.284952 0.391539 0.035096 3.141590 -0.000000 0.087089 0.260536 1.582838 9.230747 39.069648
-0.284978 0.391578 0.035094 3.141590 -0.000000 0.087104 0.232718 1.557432 9.071472 39.126906
-0.285096 0.391724 0.035084 3.141590 -0.000000 0.087164 0.099567 1.519279 8.675541 39.184087
-0.285129 0.391758 0.035081 3.141590 -0.000000 0.087174 0.051208 1.520942 8.602236 39.241190
-0.285129 0.391758 0.035081 3.141590 -0.000000 0.087174 0.051208 1.520942 8.602236 39.298216
-0.285163 0.391790 0.035078 3.141590 -0.000000 0.087181 0.012762 1.515780 8.520422 39.355166
-0.285198 0.391821 0.035075 3.141590 -0.000000 0.087184 -0.034800 1.505120 8.459314 39.412040
-0.285233 0.391851 0.035072 3.141590 -0.000000 0.087181 -0.092790 1.482554 8.424752 39.468837
-0.285270 0.391878 0.035068 3.141590 -0.000000 0.087174 -0.113155 1.465820 8.385929 39.525559
-0.285307 0.391903 0.035064 3.141590 -0.000000 0.087164 -0.138455 1.444995 8.337698 39.582205
-0.285385 0.391945 0.035053 3.141590 -0.000000 0.087136 -0.233122 1.461565 8.282001 39.638776
-0.285385 0.391945 0.035053 3.141590 -0.000000 0.087136 -0.233122 1.461565 8.282001 39.695272
-0.285425 0.391961 0.035046 3.141590 -0.000000 0.087120 -0.314856 1.511769 8.281195 39.751694
-0.285597 0.391988 0.035021 3.141590 -0.000000 0.087065 -0.402830 1.376432 8.253114 39.808041
-0.285643 0.391986 0.035016 3.141590 -0.000000 0.087058 -0.415162 1.349984 8.248094 39.864315
-0.285688 0.391980 0.035012 3.141590 -0.000000 0.087056 -0.439053 1.366933 8.352817 39.920515
-0.285734 0.391971 0.035010 3.141590 -0.000000 0.087058 -0.461089 1.382656 8.449398 39.976641
-0.285780 0.391960 0.035010 3.141590 -0.000000 0.087065 -0.529793 1.391446 8.587543 40.032695
-0.285824 0.391946 0.035012 3.141590 -0.000000 0.087076 -0.577795 1.397696 8.684054 40.088676
-0.285869 0.391930 0.035015 3.141590 -0.000000 0.087089 -0.612523 1.321247 8.809840 40.144584
-0.285913 0.391913 0.035019 3.141590 -0.000000 0.087104 -0.646466 1.248568 8.925155 40.200420
-0.285957 0.391895 0.035023 3.141590 -0.000000 0.087120 -0.685590 1.182692 9.036746 40.256184
-0.286000 0.391875 0.035027 3.141590 -0.000000 0.087136 -0.721675 1.121956 9.139667 40.311876
-0.286044 0.391853 0.035031 3.141590 -0.000000 0.087151 -0.750413 1.075728 9.214268 40.367497
-0.286216 0.391757 0.035037 3.141590 -0.000000 0.087184 -0.837857 0.906374 9.460396 40.423047
-0.286258 0.391731 0.035038 3.141590 -0.000000 0.087181 -0.838594 0.885964 9.488335 40.478525
-0.286258 0.391731 0.035038 3.141590 -0.000000 0.087181 -0.838594 0.885964 9.488335 40.533934
-0.286301 0.391704 0.035039 3.141590 -0.000000 0.087174 -0.839274 0.867050 9.514112 40.589272
-0.286342 0.391677 0.035040 3.141590 -0.000000 0.087164 -0.861241 0.817428 9.522103 40.644540
-0.286382 0.391649 0.035043 3.141590 -0.000000 0.087151 -0.888331 0.761320 9.524426 40.699738
-0.286420 0.391622 0.035046 3.141590 -0.000000 0.087136 -0.892435 0.719002 9.519640 40.754867
-0.286458 0.391593 0.035051 3.141590 -0.000000 0.087120 -0.859562 0.658780 9.497252 40.809926
-0.286458 0.391593 0.035051 3.141590 -0.000000 0.087120 -0.876490 0.567516 9.473520 40.864917
-0.286528 0.391534 0.035062 3.141590 -0.000000 0.087089 -0.876490 0.567516 9.473520 40.919838
-0.286560 0.391503 0.035068 3.141590 -0.000000 0.087076 -0.861798 0.537009 9.459868 40.974692
-0.286672 0.391361 0.035084 3.141590 -0.000000 0.087058 -0.824497 0.429206 9.440751 41.029477
-0.286693 0.391321 0.035084 3.141590 -0.000000 0.087065 -0.826582 0.403025 9.447636 41.084194
-0.286711 0.391279 0.035083 3.141590 -0.000000 0.087076 -0.830062 0.360370 9.456331 41.138843
-0.286726 0.391237 0.035080 3.141590 -0.000000 0.087089 -0.833272 0.321096 9.464345 41.193425
-0.286737 0.391194 0.035077 3.141590 -0.000000 0.087104 -0.836232 0.284926 9.471731 41.247940
-0.286744 0.391151 0.035073 3.141590 -0.000000 0.087120 -0.838301 0.259759 9.476883 41.302387
-0.286748 0.391108 0.035069 3.141590 -0.000000 0.087136 -0.797497 0.240916 9.438083 41.356768
-0.286749 0.391065 0.035066 3.141590 -0.000000 0.087151 -0.759863 0.223542 9.402297 41.411083
-0.286749 0.391065 0.035066 3.141590 -0.000000 0.087151 -0.759863 0.223542 9.402297 41.465331
-0.286743 0.390976 0.035062 3.141590 -0.000000 0.087174 -0.716635 0.104861 9.388795 41.519513
-0.286737 0.390932 0.035062 3.141590 -0.000000 0.087181 -0.660718 0.072548 9.378295 41.573630
-0.286691 0.390758 0.035078 3.141590 -0.000000 0.087164 -0.512973 -0.006060 9.293056 41.627681
-0.286691 0.390758 0.035078 3.141590 -0.000000 0.087164 -0.512973 -0.006060 9.293056 41.681667
-0.286675 0.390716 0.035084 3.141590 -0.000000 0.087151 -0.445799 -0.040439 9.287564 41.735588
-0.286657 0.390673 0.035089 3.141590 -0.000000 0.087136 -0.389280 -0.070616 9.284034 41.789443
-0.286638 0.390631 0.035095 3.141590 -0.000000 0.087120 -0.361659 -0.088346 9.284918 41.843235
-0.286618 0.390590 0.035099 3.141590 -0.000000 0.087104 -0.327343 -0.110300 9.286010 41.896962
-0.286574 0.390508 0.035105 3.141590 -0.000000 0.087076 -0.266501 -0.149225 9.287946 41.950625
-0.286574 0.390508 0.035105 3.141590 -0.000000 0.087076 -0.222876 -0.137680 9.280059 42.004224
-0.286551 0.390467 0.035104 3.141590 -0.000000 0.087065 -0.222876 -0.137680 9.280059 42.057759
-0.286527 0.390425 0.035102 3.141590 -0.000000 0.087058 -0.188347 -0.122640 9.272428 42.111231
-0.286501 0.390383 0.035098 3.141590 -0.000000 0.087056 -0.140334 -0.114509 9.250895 42.164640
-0.286352 0.390176 0.035060 3.141590 -0.000000 0.087104 -0.000496 -0.143199 9.090244 42.217986
-0.286319 0.390136 0.035052 3.141590 -0.000000 0.087120 0.018428 -0.141251 9.068638 42.271269
-0.286284 0.390098 0.035045 3.141590 -0.000000 0.087136 0.023185 -0.142509 9.092538 42.324489
-0.286249 0.390062 0.035039 3.141590 -0.000000 0.087151 0.029094 -0.144162 9.122239 42.377647
-0.286249 0.390062 0.035039 3.141590 -0.000000 0.087151 0.029094 -0.144162 9.122239 42.430743
-0.286213 0.390029 0.035035 3.141590 -0.000000 0.087164 0.049036 -0.160400 9.148402 42.483778
-0.286178 0.389998 0.035032 3.141590 -0.000000 0.087174 0.081348 -0.189527 9.171352 42.536750
-0.286141 0.389971 0.035032 3.141590 -0.000000 0.087181 0.111150 -0.216445 9.192525 42.589661
-0.286104 0.389948 0.035034 3.141590 -0.000000 0.087184 0.131972 -0.235298 9.207321 42.642511
-0.286067 0.389928 0.035038 3.141590 -0.000000 0.087181 0.157842 -0.258827 9.225714 42.695300
-0.286029 0.389913 0.035043 3.141590 -0.000000 0.087174 0.204237 -0.265330 9.329804 42.748028
-0.285866 0.389891 0.035065 3.141590 -0.000000 0.087120 0.358031 -0.206597 9.613468 42.800695
-0.285823 0.389893 0.035070 3.141590 -0.000000 0.087104 0.406952 -0.159832 9.672547 42.853303
-0.285780 0.389897 0.035073 3.141590 -0.000000 0.087089 0.446201 -0.118819 9.692832 42.905849
-0.285780 0.389897 0.035073 3.141590 -0.000000 0.087089 0.446201 -0.118819 9.692832 42.958336
-0.285737 0.389903 0.035075 3.141590 -0.000000 0.087076 0.494963 -0.067760 9.718024 43.010763
-0.285693 0.389910 0.035075 3.141590 -0.000000 0.087065 0.540884 -0.011938 9.747281 43.063131
-0.285649 0.389918 0.035073 3.141590 -0.000000 0.087058 0.585965 0.064665 9.791619 43.115439
-0.285605 0.389927 0.035071 3.141590 -0.000000 0.087056 0.627370 0.135419 9.812790 43.167688
-0.285560 0.389937 0.035067 3.141590 -0.000000 0.087058 0.655920 0.184992 9.784537 43.219878
-0.285516 0.389948 0.035063 3.141590 -0.000000 0.087065 0.691391 0.246657 9.749429 43.272009
-0.285426 0.389972 0.035056 3.141590 -0.000000 0.087089 0.754282 0.356208 9.687163 43.324082
-0.285426 0.389972 0.035056 3.141590 -0.000000 0.087089 0.754282 0.356208 9.687163 43.376097
-0.285244 0.390036 0.035054 3.141590 -0.000000 0.087151 0.893316 0.636288 9.661335 43.428053
-0.285199 0.390057 0.035058 3.141590 -0.000000 0.087164 0.913348 0.723477 9.701468 43.479951
-0.285199 0.390057 0.035058 3.141590 -0.000000 0.087164 0.916148 0.792475 9.745184 43.531791
-0.285153 0.390079 0.035063 3.141590 -0.000000 0.087174 0.916148 0.792475 9.745184 43.583574
-0.285109 0.390103 0.035069 3.141590 -0.000000 0.087181 0.919056 0.856813 9.811803 43.635300
-0.285065 0.390128 0.035075 3.141590 -0.000000 0.087184 0.921556 0.909270 9.877189 43.686968
-0.285023 0.390155 0.035081 3.141590 -0.000000 0.087181 0.923861 0.957563 9.937504 43.738579
-0.284981 0.390184 0.035086 3.141590 -0.000000 0.087174 0.919161 0.941708 9.853977 43.790133
-0.284941 0.390214 0.035091 3.141590 -0.000000 0.087164 0.913321 0.921973 9.750206 43.841631
-0.284901 0.390246 0.035095 3.141590 -0.000000 0.087151 0.901581 0.916113 9.646246 43.893072
-0.284901 0.390246 0.035095 3.141590 -0.000000 0.087151 0.869037 0.928488 9.446700 43.944457
-0.284725 0.390428 0.035088 3.141590 -0.000000 0.087076 0.792427 1.033983 9.244040 43.995786
-0.284695 0.390468 0.035084 3.141590 -0.000000 0.087065 0.792427 1.033983 9.244040 44.047059
-0.284668 0.390508 0.035080 3.141590 -0.000000 0.087058 0.792716 1.085631 9.269228 44.098277
-0.284622 0.390587 0.035073 3.141590 -0.000000 0.087058 0.772298 1.208776 9.317804 44.149438
-0.284604 0.390626 0.035072 3.141590 -0.000000 0.087065 0.751593 1.257265 9.347461 44.200545
-0.284604 0.390626 0.035072 3.141590 -0.000000 0.087065 0.751593 1.257265 9.347461 44.251596
-0.284591 0.390665 0.035072 3.141590 -0.000000 0.087076 0.739666 1.278103 9.397611 44.302592
-0.284581 0.390704 0.035073 3.141590 -0.000000 0.087089 0.724848 1.303996 9.459917 44.353533
-0.284574 0.390742 0.035075 3.141590 -0.000000 0.087104 0.714788 1.343248 9.514884 44.404420
-0.284570 0.390781 0.035078 3.141590 -0.000000 0.087120 0.715903 1.423628 9.558386 44.455252
-0.284569 0.390821 0.035080 3.141590 -0.000000 0.087136 0.710718 1.493752 9.598681 44.506030
-0.284585 0.390987 0.035082 3.141590 -0.000000 0.087181 0.638723 1.662067 9.718212 44.556754
-0.284594 0.391031 0.035080 3.141590 -0.000000 0.087184 0.618638 1.679559 9.709769 44.607424
-0.284605 0.391076 0.035076 3.141590 -0.000000 0.087181 0.597240 1.674169 9.666609 44.658040
-0.284617 0.391122 0.035072 3.141590 -0.000000 0.087174 0.567978 1.669382 9.622044 44.708602
-0.284617 0.391122 0.035072 3.141590 -0.000000 0.087174 0.567978 1.669382 9.622044 44.759111
-0.284629 0.391167 0.035068 3.141590 -0.000000 0.087164 0.540601 1.666129 9.587449 44.809567
-0.284643 0.391214 0.035064 3.141590 -0.000000 0.087151 0.508415 1.684992 9.523972 44.859970
-0.284659 0.391261 0.035061 3.141590 -0.000000 0.087136 0.478080 1.729166 9.440570 44.910320
-0.284676 0.391308 0.035059 3.141590 -0.000000 0.087120 0.450766 1.753017 9.375804 44.960616
-0.284694 0.391355 0.035059 3.141590 -0.000000 0.087104 0.425787 1.769597 9.319961 45.010861
-0.284714 0.391402 0.035061 3.141590 -0.000000 0.087089 0.408334 1.781107 9.280950 45.061053
-0.284714 0.391402 0.035061 3.141590 -0.000000 0.087089 0.408334 1.781107 9.280950 45.111192
-0.284807 0.391583 0.035081 3.141590 -0.000000 0.087056 0.256838 1.731411 9.095834 45.161280
-0.284834 0.391627 0.035087 3.141590 -0.000000 0.087058 0.225630 1.717342 9.072513 45.211315
-0.284862 0.391669 0.035093 3.141590 -0.000000 0.087065 0.186857 1.699937 9.043533 45.261299
-0.284891 0.391710 0.035097 3.141590 -0.000000 0.087076 0.154400 1.678822 8.996655 45.311231
-0.284921 0.391749 0.035101 3.141590 -0.000000 0.087089 0.133982 1.644603 8.895374 45.361112
-0.284983 0.391823 0.035103 3.141590 -0.000000 0.087120 0.055255 1.608116 8.736542 45.410941
-0.284983 0.391823 0.035103 3.141590 -0.000000 0.087120 0.055255 1.608116 8.736542 45.460720
-0.285015 0.391857 0.035101 3.141590 -0.000000 0.087136 -0.019160 1.601856 8.655279 45.510447
-0.285049 0.391889 0.035097 3.141590 -0.000000 0.087151 -0.039723 1.560105 8.532285 45.560123
-0.285083 0.391920 0.035091 3.141590 -0.000000 0.087164 -0.074023 1.512156 8.424325 45.609749
-0.285119 0.391950 0.035084 3.141590 -0.000000 0.087174 -0.108005 1.470742 8.351924 45.659324
-0.285271 0.392055 0.035051 3.141590 -0.000000 0.087174 -0.226584 1.371028 8.046152 45.708849
-0.285312 0.392077 0.035042 3.141590 -0.000000 0.087164 -0.257407 1.364911 8.026742 45.758324
-0.285353 0.392096 0.035035 3.141590 -0.000000 0.087151 -0.285837 1.359202 8.008845 45.807748
-0.285394 0.392112 0.035028 3.141590 -0.000000 0.087136 -0.312058 1.353883 7.992343 45.857123
-0.285394 0.392112 0.035028 3.141590 -0.000000 0.087136 -0.312058 1.353883 7.992343 45.906448
-0.285435 0.392125 0.035022 3.141590 -0.000000 0.087120 -0.330378 1.350062 7.980823 45.955723
-0.285477 0.392135 0.035017 3.141590 -0.000000 0.087104 -0.355511 1.327515 8.014637 46.004949
-0.285520 0.392141 0.035014 3.141590 -0.000000 0.087089 -0.380968 1.289546 8.092052 46.054125
-0.285563 0.392143 0.035012 3.141590 -0.000000 0.087076 -0.413554 1.270816 8.190587 46.103252
-0.285652 0.392138 0.035008 3.141590 -0.000000 0.087058 -0.483129 1.251901 8.395944 46.152331
-0.285652 0.392138 0.035008 3.141590 -0.000000 0.087058 -0.483129 1.251901 8.395944 46.201360
-0.285697 0.392131 0.035006 3.141590 -0.000000 0.087056 -0.531982 1.219298 8.517143 46.250341
-0.285836 0.392095 0.034997 3.141590 -0.000000 0.087076 -0.707953 1.107414 8.820331 46.299273
-0.285884 0.392078 0.034994 3.141590 -0.000000 0.087089 -0.745110 1.023626 8.934209 46.348157
-0.285932 0.392059 0.034993 3.141590 -0.000000 0.087104 -0.773033 0.931100 9.045237 46.396992
-0.285932 0.392059 0.034993 3.141590 -0.000000 0.087104 -0.773033 0.931100 9.045237 46.445779
-0.286029 0.392018 0.034993 3.141590 -0.000000 0.087136 -0.860925 0.715951 9.246767 46.494518
-0.286077 0.391996 0.034996 3.141590 -0.000000 0.087151 -0.895036 0.637710 9.314885 46.543210
-0.286125 0.391973 0.035001 3.141590 -0.000000 0.087164 -0.937416 0.540400 9.399525 46.591853
-0.286172 0.391950 0.035007 3.141590 -0.000000 0.087174 -0.976990 0.456662 9.493269 46.640449
-0.286218 0.391926 0.035013 3.141590 -0.000000 0.087181 -1.014887 0.396798 9.624909 46.688998
-0.286218 0.391926 0.035013 3.141590 -0.000000 0.087181 -1.054218 0.296854 9.797083 46.737499
-0.286309 0.391877 0.035028 3.141590 -0.000000 0.087181 -1.054218 0.296854 9.797083 46.785953
-0.286484 0.391769 0.035059 3.141590 -0.000000 0.087136 -1.028488 0.173098 9.844515 46.834360
-0.286525 0.391739 0.035066 3.141590 -0.000000 0.087120 -1.018196 0.163702 9.844857 46.882720
-0.286564 0.391709 0.035072 3.141590 -0.000000 0.087104 -1.014760 0.148181 9.833596 46.931034
-0.286602 0.391678 0.035077 3.141590 -0.000000 0.087089 -1.025582 0.122352 9.800461 46.979301
-0.286671 0.391614 0.035084 3.141590 -0.000000 0.087065 -1.029812 0.104280 9.724341 47.027521
-0.286671 0.391614 0.035084 3.141590 -0.000000 0.087065 -1.029812 0.104280 9.724341 47.075695
-0.286702 0.391581 0.035085 3.141590 -0.000000 0.087058 -1.021313 0.117167 9.692108 47.123823
-0.286732 0.391548 0.035086 3.141590 -0.000000 0.087056 -1.013473 0.129129 9.662371 47.171904
-0.286759 0.391512 0.035088 3.141590 -0.000000 0.087058 -1.007996 0.137567 9.641588 47.219940
-0.286785 0.391476 0.035089 3.141590 -0.000000 0.087065 -0.980901 0.125943 9.602231 47.267930
-0.286808 0.391437 0.035091 3.141590 -0.000000 0.087076 -0.936425 0.093997 9.552930 47.315874
-0.286874 0.391271 0.035091 3.141590 -0.000000 0.087136 -0.891794 -0.053314 9.566189 47.363772
-0.286882 0.391227 0.035089 3.141590 -0.000000 0.087151 -0.900842 -0.119624 9.561518 47.411626
-0.286882 0.391227 0.035089 3.141590 -0.000000 0.087151 -0.900842 -0.119624 9.561518 47.459433
-0.286887 0.391182 0.035087 3.141590 -0.000000 0.087164 -0.907367 -0.167377 9.554435 47.507196
-0.286889 0.391137 0.035086 3.141590 -0.000000 0.087174 -0.915473 -0.226818 9.545644 47.554914
-0.286889 0.391093 0.035084 3.141590 -0.000000 0.087181 -0.887313 -0.227215 9.533028 47.602586
-0.286882 0.391005 0.035082 3.141590 -0.000000 0.087181 -0.798243 -0.243812 9.484915 47.650214
-0.286882 0.391005 0.035082 3.141590 -0.000000 0.087181 -0.798243 -0.243812 9.484915 47.697797
-0.286876 0.390962 0.035081 3.141590 -0.000000 0.087174 -0.757955 -0.279308 9.454868 47.745336
-0.286869 0.390919 0.035080 3.141590 -0.000000 0.087164 -0.707900 -0.323445 9.417541 47.792830
-0.286859 0.390876 0.035079 3.141590 -0.000000 0.087151 -0.661733 -0.364221 9.383119 47.840280
-0.286849 0.390834 0.035079 3.141590 -0.000000 0.087136 -0.615319 -0.394290 9.356240 47.887686
-0.286792 0.390661 0.035074 3.141590 -0.000000 0.087076 -0.441519 -0.393215 9.306858 47.935048
-0.286775 0.390616 0.035072 3.141590 -0.000000 0.087065 -0.409186 -0.382189 9.313411 47.982366
-0.286775 0.390616 0.035072 3.141590 -0.000000 0.087065 -0.409186 -0.382189 9.313411 48.029640
-0.286755 0.390572 0.035071 3.141590 -0.000000 0.087058 -0.359486 -0.364404 9.330922 48.076870
-0.286735 0.390527 0.035069 3.141590 -0.000000 0.087056 -0.302962 -0.354139 9.365951 48.124057
-0.286714 0.390482 0.035069 3.141590 -0.000000 0.087058 -0.250828 -0.344582 9.398251 48.171200
-0.286691 0.390436 0.035070 3.141590 -0.000000 0.087065 -0.207011 -0.331603 9.421228 48.218300
-0.286643 0.390345 0.035074 3.141590 -0.000000 0.087089 -0.159250 -0.291085 9.423884 48.265357
-0.286643 0.390345 0.035074 3.141590 -0.000000 0.087089 -0.159250 -0.291085 9.423884 48.312371
-0.286618 0.390299 0.035076 3.141590 -0.000000 0.087104 -0.098523 -0.321143 9.435871 48.359341
-0.286591 0.390254 0.035078 3.141590 -0.000000 0.087120 -0.042513 -0.348826 9.446924 48.406269
-0.286470 0.390080 0.035076 3.141590 -0.000000 0.087174 0.117060 -0.332763 9.460155 48.453155
-0.286436 0.390040 0.035075 3.141590 -0.000000 0.087181 0.155583 -0.321949 9.440456 48.499997
-0.286401 0.390001 0.035073 3.141590 -0.000000 0.087184 0.189076 -0.337474 9.416124 48.546797
-0.286365 0.389965 0.035073 3.141590 -0.000000 0.087181 0.234402 -0.322430 9.378028 48.593555
-0.286292 0.389902 0.035075 3.141590 -0.000000 0.087164 0.302167 -0.255003 9.333501 48.640270
-0.286292 0.389902 0.035075 3.141590 -0.000000 0.087164 0.308754 -0.241779 9.331705 48.686944
-0.286256 0.389874 0.035077 3.141590 -0.000000 0.087151 0.308754 -0.241779 9.331705 48.733575
-0.286220 0.389851 0.035079 3.141590 -0.000000 0.087136 0.316937 -0.225322 9.329471 48.780164
-0.286183 0.389830 0.035080 3.141590 -0.000000 0.087120 0.341285 -0.225686 9.322943 48.826712
-0.286146 0.389811 0.035081 3.141590 -0.000000 0.087104 0.369119 -0.231006 9.315494 48.873217
-0.286108 0.389795 0.035080 3.141590 -0.000000 0.087089 0.402950 -0.212993 9.308251 48.919682
-0.285948 0.389754 0.035066 3.141590 -0.000000 0.087056 0.534675 -0.077105 9.284251 48.966104
-0.285905 0.389750 0.035062 3.141590 -0.000000 0.087058 0.557285 -0.039332 9.279509 49.012486
-0.285862 0.389748 0.035058 3.141590 -0.000000 0.087065 0.585375 0.007672 9.273611 49.058826
-0.285862 0.389748 0.035058 3.141590 -0.000000 0.087065 0.589582 0.066196 9.265798 49.105125
-0.285819 0.389748 0.035055 3.141590 -0.000000 0.087076 0.589582 0.066196 9.265798 49.151383
-0.285776 0.389750 0.035053 3.141590 -0.000000 0.087089 0.586515 0.125072 9.257829 49.197600
-0.285733 0.389753 0.035053 3.141590 -0.000000 0.087104 0.612814 0.199373 9.268292 49.243776
-0.285689 0.389757 0.035054 3.141590 -0.000000 0.087120 0.631206 0.259897 9.271289 49.289911
-0.285645 0.389762 0.035058 3.141590 -0.000000 0.087136 0.655269 0.354223 9.273021 49.336006
-0.285601 0.389769 0.035062 3.141590 -0.000000 0.087151 0.677462 0.441229 9.274619 49.382061
-0.285556 0.389777 0.035068 3.141590 -0.000000 0.087164 0.670294 0.573170 9.156326 49.428075
-0.285328 0.389848 0.035092 3.141590 -0.000000 0.087174 0.500044 1.733214 7.003733 49.474048
-0.285282 0.389867 0.035093 3.141590 -0.000000 0.087164 0.494955 1.883142 6.707741 49.519982
-0.285236 0.389888 0.035093 3.141590 -0.000000 0.087151 0.521649 2.095830 6.380548 49.565875
-0.285191 0.389908 0.035091 3.141590 -0.000000 0.087136 0.577978 2.317316 6.117717 49.611729
-0.285148 0.389929 0.035086 3.141590 -0.000000 0.087120 0.666857 2.549705 5.902401 49.657542
-0.285104 0.389951 0.035080 3.141590 -0.000000 0.087104 0.755820 2.732458 5.771682 49.703316
-0.285062 0.389974 0.035071 3.141590 -0.000000 0.087089 0.877446 3.001049 5.672349 49.749051
-0.285020 0.389998 0.035060 3.141590 -0.000000 0.087076 1.015636 3.295822 5.646780 49.794745
-0.285020 0.389998 0.035060 3.141590 -0.000000 0.087076 1.015636 3.295822 5.646780 49.840400
-0.284979 0.390022 0.035046 3.141590 -0.000000 0.087065 1.098079 3.558835 5.652662 49.886016
-0.284938 0.390047 0.035032 3.141590 -0.000000 0.087058 1.159711 3.798624 5.667515 49.931593
-0.284782 0.390153 0.034965 3.141590 -0.000000 0.087076 1.322340 4.480271 6.565640 49.977130
-0.284782 0.390153 0.034965 3.141590 -0.000000 0.087076 1.322340 4.480271 6.565640 50.022629
-0.284745 0.390182 0.034949 3.141590 -0.000000 0.087089 1.333704 4.440227 6.863375 50.068088
-0.284710 0.390211 0.034933 3.141590 -0.000000 0.087104 1.347823 4.390450 7.233284 50.113509
-0.284677 0.390241 0.034918 3.141590 -0.000000 0.087120 1.360846 4.344578 7.574456 50.158891
-0.284645 0.390272 0.034906 3.141590 -0.000000 0.087136 1.359247 4.267892 7.862962 50.204234
-0.284586 0.390335 0.034887 3.141590 -0.000000 0.087164 1.290125 3.979414 8.186898 50.249539
-0.284586 0.390335 0.034887 3.141590 -0.000000 0.087164 1.276081 3.813646 8.398786 50.294805
-0.284559 0.390369 0.034881 3.141590 -0.000000 0.087174 1.276081 3.813646 8.398786 50.340033
-0.284533 0.390404 0.034879 3.141590 -0.000000 0.087181 1.269940 3.654851 8.609055 50.385223
-0.284509 0.390441 0.034879 3.141590 -0.000000 0.087184 1.236310 3.516235 8.861011 50.430374
-0.284428 0.390649 0.034921 3.141590 -0.000000 0.087136 1.156649 3.130660 9.922103 50.475487
-0.284428 0.390649 0.034921 3.141590 -0.000000 0.087136 1.156649 3.130660 9.922103 50.520563
-0.284421 0.390693 0.034935 3.141590 -0.000000 0.087120 1.145714 3.090710 10.117893 50.565600
-0.284417 0.390738 0.034949 3.141590 -0.000000 0.087104 1.100036 3.008730 10.295662 50.610600
-0.284416 0.390782 0.034964 3.141590 -0.000000 0.087089 1.057905 2.933111 10.459622 50.655562
-0.284417 0.390826 0.034979 3.141590 -0.000000 0.087076 1.019047 2.863378 10.610846 50.700487
-0.284421 0.390870 0.034994 3.141590 -0.000000 0.087065 0.991898 2.814632 10.716507 50.745374
-0.284426 0.390914 0.035008 3.141590 -0.000000 0.087058 0.936024 2.749616 10.792783 50.790224
-0.284433 0.390957 0.035023 3.141590 -0.000000 0.087056 0.863223 2.685338 10.810320 50.835036
-0.284441 0.391001 0.035038 3.141590 -0.000000 0.087058 0.800322 2.632677 10.794223 50.879811
-0.284451 0.391044 0.035053 3.141590 -0.000000 0.087065 0.759461 2.600737 10.759495 50.924549
-0.284501 0.391220 0.035109 3.141590 -0.000000 0.087120 0.572331 2.543818 10.385671 50.969250
-0.284501 0.391220 0.035109 3.141590 -0.000000 0.087120 0.572331 2.543818 10.385671 51.013914
-0.284517 0.391264 0.035119 3.141590 -0.000000 0.087136 0.533452 2.532119 10.294708 51.058542
-0.284534 0.391309 0.035128 3.141590 -0.000000 0.087151 0.497877 2.459818 10.095794 51.103132
-0.284571 0.391396 0.035138 3.141590 -0.000000 0.087174 0.411702 2.294160 9.591790 51.147686
-0.284571 0.391396 0.035138 3.141590 -0.000000 0.087174 0.411702 2.294160 9.591790 51.192203
-0.284590 0.391440 0.035140 3.141590 -0.000000 0.087181 0.371822 2.231225 9.327060 51.236684
-0.284610 0.391485 0.035140 3.141590 -0.000000 0.087184 0.335039 2.173103 9.082900 51.281128
-0.284630 0.391529 0.035138 3.141590 -0.000000 0.087181 0.301114 2.119405 8.857713 51.325536
-0.284652 0.391575 0.035135 3.141590 -0.000000 0.087174 0.277411 2.081786 8.700386 51.369908
-0.284675 0.391620 0.035130 3.141590 -0.000000 0.087164 0.267647 1.990657 8.368271 51.414244
-0.284675 0.391620 0.035130 3.141590 -0.000000 0.087164 0.267647 1.990657 8.368271 51.458544
-0.284808 0.391846 0.035089 3.141590 -0.000000 0.087089 0.100687 1.672695 7.214037 51.502807
-0.284839 0.391889 0.035079 3.141590 -0.000000 0.087076 0.084794 1.615200 7.050973 51.547035
-0.284871 0.391931 0.035068 3.141590 -0.000000 0.087065 0.070134 1.562202 6.900572 51.591227
-0.284905 0.391970 0.035058 3.141590 -0.000000 0.087058 0.048997 1.520148 6.794119 51.635384
-0.284905 0.391970 0.035058 3.141590 -0.000000 0.087058 0.048997 1.520148 6.794119 51.679505
-0.284938 0.392007 0.035047 3.141590 -0.000000 0.087056 0.007555 1.500952 6.788914 51.723590
-0.284973 0.392041 0.035037 3.141590 -0.000000 0.087058 -0.038068 1.484657 6.802655 51.767640
-0.285007 0.392072 0.035026 3.141590 -0.000000 0.087065 -0.086094 1.476254 6.852736 51.811654
-0.285043 0.392101 0.035015 3.141590 -0.000000 0.087076 -0.145762 1.465849 6.914954 51.855634
-0.285118 0.392151 0.034992 3.141590 -0.000000 0.087104 -0.251555 1.447586 7.025251 51.899578
-0.285118 0.392151 0.034992 3.141590 -0.000000 0.087104 -0.251555 1.447586 7.025251 51.943487
-0.285157 0.392172 0.034980 3.141590 -0.000000 0.087120 -0.286568 1.427339 7.149405 51.987361
-0.285279 0.392222 0.034948 3.141590 -0.000000 0.087164 -0.376357 1.284408 7.530451 52.031200
-0.285322 0.392233 0.034940 3.141590 -0.000000 0.087174 -0.412762 1.231757 7.644627 52.075004
-0.285366 0.392242 0.034932 3.141590 -0.000000 0.087181 -0.472414 1.162819 7.809321 52.118774
-0.285454 0.392254 0.034924 3.141590 -0.000000 0.087181 -0.626147 1.024772 8.114862 52.162508
-0.285454 0.392254 0.034924 3.141590 -0.000000 0.087181 -0.626147 1.024772 8.114862 52.206209
-0.285499 0.392256 0.034924 3.141590 -0.000000 0.087174 -0.697463 0.962482 8.251009 52.249874
-0.285543 0.392257 0.034926 3.141590 -0.000000 0.087164 -0.797056 0.898461 8.439084 52.293506
-0.285588 0.392256 0.034931 3.141590 -0.000000 0.087151 -0.920790 0.818919 8.672750 52.337103
-0.285634 0.392254 0.034937 3.141590 -0.000000 0.087136 -1.004750 0.723709 8.870577 52.380665
-0.285634 0.392254 0.034937 3.141590 -0.000000 0.087136 -1.097927 0.514568 9.188673 52.424194
-0.285725 0.392245 0.034952 3.141590 -0.000000 0.087104 -1.097927 0.514568 9.188673 52.467688
-0.285915 0.392208 0.034990 3.141590 -0.000000 0.087058 -1.281193 0.139215 9.594566 52.511149
-0.285964 0.392194 0.035000 3.141590 -0.000000 0.087056 -1.347832 0.041983 9.666220 52.554575
-0.286012 0.392179 0.035011 3.141590 -0.000000 0.087058 -1.414588 -0.047872 9.731616 52.597968
-0.286060 0.392162 0.035022 3.141590 -0.000000 0.087065 -1.405896 -0.135587 9.651202 52.641326
-0.286107 0.392145 0.035032 3.141590 -0.000000 0.087076 -1.392592 -0.211361 9.577870 52.684651
-0.286153 0.392127 0.035041 3.141590 -0.000000 0.087089 -1.377526 -0.261810 9.529607 52.727943
-0.286198 0.392108 0.035049 3.141590 -0.000000 0.087104 -1.358809 -0.324514 9.469647 52.771201
-0.286242 0.392088 0.035057 3.141590 -0.000000 0.087120 -1.349096 -0.392421 9.391062 52.814425
-0.286286 0.392067 0.035064 3.141590 -0.000000 0.087136 -1.361896 -0.484170 9.251501 52.857616
-0.286330 0.392045 0.035071 3.141590 -0.000000 0.087151 -1.373702 -0.568786 9.122780 52.900774
-0.286330 0.392045 0.035071 3.141590 -0.000000 0.087151 -1.265634 -0.662809 8.903380 52.943898
-0.286539 0.391918 0.035085 3.141590 -0.000000 0.087181 -1.105498 -0.769412 8.567716 52.986990
-0.286539 0.391918 0.035085 3.141590 -0.000000 0.087181 -1.105498 -0.769412 8.567716 53.030048
-0.286580 0.391891 0.035082 3.141590 -0.000000 0.087174 -1.048991 -0.756320 8.433068 53.073073
-0.286620 0.391863 0.035077 3.141590 -0.000000 0.087164 -1.028947 -0.737190 8.341315 53.116065
-0.286658 0.391835 0.035071 3.141590 -0.000000 0.087151 -1.041263 -0.712760 8.287840 53.159025
-0.286695 0.391806 0.035064 3.141590 -0.000000 0.087136 -1.043018 -0.696614 8.258073 53.201951
-0.286765 0.391747 0.035049 3.141590 -0.000000 0.087104 -1.046368 -0.653886 8.300202 53.244845
-0.286765 0.391747 0.035049 3.141590 -0.000000 0.087104 -1.046368 -0.653886 8.300202 53.287707
-0.286797 0.391716 0.035042 3.141590 -0.000000 0.087089 -1.059839 -0.632135 8.332623 53.330535
-0.286828 0.391684 0.035035 3.141590 -0.000000 0.087076 -1.072264 -0.612062 8.362524 53.373331
-0.286858 0.391650 0.035028 3.141590 -0.000000 0.087065 -1.061619 -0.558300 8.429807 53.416095
-0.286980 0.391457 0.035015 3.141590 -0.000000 0.087076 -1.072254 -0.386308 8.846572 53.458827
-0.286980 0.391457 0.035015 3.141590 -0.000000 0.087076 -1.072254 -0.386308 8.846572 53.501526
-0.287010 0.391368 0.035020 3.141590 -0.000000 0.087104 -1.051902 -0.375038 9.079908 53.544193
-0.287021 0.391322 0.035024 3.141590 -0.000000 0.087120 -1.037504 -0.378375 9.176728 53.586828
-0.287021 0.391322 0.035024 3.141590 -0.000000 0.087120 -1.010591 -0.382571 9.317785 53.629431
-0.287028 0.391277 0.035027 3.141590 -0.000000 0.087136 -1.010591 -0.382571 9.317785 53.672002
-0.287032 0.391232 0.035030 3.141590 -0.000000 0.087151 -0.982881 -0.386428 9.454531 53.714541
-0.287034 0.391187 0.035033 3.141590 -0.000000 0.087164 -0.923716 -0.380419 9.528716 53.757048
-0.287034 0.391142 0.035037 3.141590 -0.000000 0.087174 -0.863606 -0.378612 9.590879 53.799523
-0.287032 0.391098 0.035041 3.141590 -0.000000 0.087181 -0.800438 -0.383904 9.652222 53.841967
-0.287028 0.391054 0.035046 3.141590 -0.000000 0.087184 -0.756304 -0.387648 9.695086 53.884379
-0.287009 0.390923 0.035062 3.141590 -0.000000 0.087164 -0.609064 -0.414975 9.834103 53.926759
-0.287000 0.390880 0.035067 3.141590 -0.000000 0.087151 -0.549400 -0.366089 9.883370 53.969108
-0.286990 0.390836 0.035072 3.141590 -0.000000 0.087136 -0.494371 -0.321054 9.928815 54.011426
-0.286978 0.390793 0.035077 3.141590 -0.000000 0.087120 -0.455922 -0.289692 9.960576 54.053712
-0.286952 0.390709 0.035083 3.141590 -0.000000 0.087089 -0.362677 -0.243805 10.005200 54.095967
-0.286938 0.390667 0.035085 3.141590 -0.000000 0.087076 -0.319369 -0.265469 9.979987 54.138191
-0.286938 0.390667 0.035085 3.141590 -0.000000 0.087076 -0.276220 -0.287023 9.945129 54.180384
-0.286924 0.390625 0.035087 3.141590 -0.000000 0.087065 -0.276220 -0.287023 9.945129 54.222546
-0.286909 0.390581 0.035089 3.141590 -0.000000 0.087058 -0.233343 -0.308392 9.901834 54.264676
-0.286892 0.390537 0.035091 3.141590 -0.000000 0.087056 -0.204431 -0.317121 9.868856 54.306776
-0.286875 0.390492 0.035094 3.141590 -0.000000 0.087058 -0.162731 -0.318137 9.827983 54.348845
-0.286768 0.390260 0.035106 3.141590 -0.000000 0.087120 -0.004377 -0.327889 9.598973 54.390883
-0.286768 0.390260 0.035106 3.141590 -0.000000 0.087120 0.016730 -0.328131 9.534721 54.432890
-0.286743 0.390215 0.035106 3.141590 -0.000000 0.087136 0.016730 -0.328131 9.534721 54.474867
-0.286718 0.390171 0.035104 3.141590 -0.000000 0.087151 0.046326 -0.327955 9.434098 54.516813
-0.286693 0.390128 0.035101 3.141590 -0.000000 0.087164 0.073624 -0.327805 9.341293 54.558729
-0.286667 0.390087 0.035098 3.141590 -0.000000 0.087174 0.098801 -0.327699 9.255700 54.600614
-0.286640 0.390048 0.035095 3.141590 -0.000000 0.087181 0.125114 -0.337913 9.177452 54.642469
-0.286613 0.390010 0.035091 3.141590 -0.000000 0.087184 0.158289 -0.376974 9.107288 54.684293
-0.286556 0.389940 0.035083 3.141590 -0.000000 0.087174 0.191641 -0.386228 9.027472 54.726087
-0.286556 0.389940 0.035083 3.141590 -0.000000 0.087174 0.191641 -0.386228 9.027472 54.767851
-0.286526 0.389907 0.035079 3.141590 -0.000000 0.087164 0.195061 -0.352888 9.008704 54.809585
-0.286430 0.389816 0.035067 3.141590 -0.000000 0.087120 0.296073 -0.402058 8.923281 54.851289
-0.286395 0.389788 0.035063 3.141590 -0.000000 0.087104 0.332802 -0.407847 8.898186 54.892963
-0.286322 0.389736 0.035056 3.141590 -0.000000 0.087076 0.396087 -0.388630 8.932726 54.934607
-0.286322 0.389736 0.035056 3.141590 -0.000000 0.087076 0.396087 -0.388630 8.932726 54.976221
-0.286285 0.389712 0.035054 3.141590 -0.000000 0.087065 0.417060 -0.370632 8.975201 55.017805
-0.286247 0.389690 0.035053 3.141590 -0.000000 0.087058 0.438253 -0.322292 9.056424 55.059359
-0.286208 0.389669 0.035053 3.141590 -0.000000 0.087056 0.457799 -0.277630 9.131332 55.100884
-0.286169 0.389650 0.035052 3.141590 -0.000000 0.087058 0.475827 -0.236347 9.200413 55.142379
-0.286129 0.389632 0.035052 3.141590 -0.000000 0.087065 0.488423 -0.207403 9.248670 55.183845
-0.286129 0.389632 0.035052 3.141590 -0.000000 0.087065 0.488423 -0.207403 9.248670 55.225281
-0.286047 0.389601 0.035048 3.141590 -0.000000 0.087089 0.524798 -0.104130 9.299871 55.266688
-0.285872 0.389569 0.035045 3.141590 -0.000000 0.087151 0.685661 0.133681 9.265679 55.308065
-0.285827 0.389569 0.035048 3.141590 -0.000000 0.087164 0.783550 0.265938 9.030164 55.349413
-0.285781 0.389571 0.035051 3.141590 -0.000000 0.087174 0.877798 0.400863 8.769822 55.390732
-0.285734 0.389574 0.035055 3.141590 -0.000000 0.087181 0.964726 0.525254 8.529706 55.432022
-0.285689 0.389580 0.035059 3.141590 -0.000000 0.087184 0.917690 0.705106 8.036423 55.473282
-0.285643 0.389587 0.035064 3.141590 -0.000000 0.087181 0.833591 0.891767 7.494457 55.514514
-0.285599 0.389597 0.035068 3.141590 -0.000000 0.087174 0.802590 0.998246 7.160519 55.555717
-0.285509 0.389621 0.035072 3.141590 -0.000000 0.087151 0.762718 1.223073 6.418024 55.596890
-0.285509 0.389621 0.035072 3.141590 -0.000000 0.087151 0.745074 1.322479 6.089457 55.638035
-0.285464 0.389636 0.035073 3.141590 -0.000000 0.087136 0.745074 1.322479 6.089457 55.679151
-0.285418 0.389652 0.035071 3.141590 -0.000000 0.087120 0.729599 1.422417 5.797779 55.720238
-0.285281 0.389705 0.035051 3.141590 -0.000000 0.087076 0.702710 1.772608 5.148457 55.761297
-0.285235 0.389725 0.035041 3.141590 -0.000000 0.087065 0.697896 1.930653 4.906021 55.802326
-0.285143 0.389764 0.035015 3.141590 -0.000000 0.087056 0.801700 2.334453 4.521071 55.843328
-0.285098 0.389783 0.035001 3.141590 -0.000000 0.087058 0.863243 2.516039 4.368193 55.884301
-0.285098 0.389783 0.035001 3.141590 -0.000000 0.087058 0.863243 2.516039 4.368193 55.925245
-0.285053 0.389802 0.034986 3.141590 -0.000000 0.087065 0.920005 2.683610 4.227182 55.966161
-0.285009 0.389821 0.034971 3.141590 -0.000000 0.087076 1.001924 2.847695 4.148178 56.007049
-0.284966 0.389840 0.034955 3.141590 -0.000000 0.087089 1.211947 3.171680 4.100043 56.047908
-0.284923 0.389861 0.034938 3.141590 -0.000000 0.087104 1.405656 3.470552 4.055642 56.088739
-0.284881 0.389883 0.034921 3.141590 -0.000000 0.087120 1.708552 3.891084 4.006341 56.129542
-0.284881 0.389883 0.034921 3.141590 -0.000000 0.087120 1.708552 3.891084 4.006341 56.170317
-0.284680 0.390011 0.034840 3.141590 -0.000000 0.087181 3.115934 5.866811 3.917885 56.211064
