-0.101027
-0.101027
-0.101034
-0.10104
-0.101055
-0.101087
-0.101098
-0.1011
-0.101092
-0.101076
-0.101066
-0.101021
-0.101011
-0.100995
-0.100987
-0.100989
-0.101
-0.101007
-0.10104
-0.101047
-0.101054
-0.101061
-0.10106
-0.101057
-0.101056
-0.101062
-0.101071
-0.101076
-0.101081
-0.101086
-0.101083
-0.101075
-0.101059
-0.101055
-0.101051
-0.101055
-0.101063
-0.101072
-0.101076
-0.101079
-0.101074
-0.101068
-0.101052
-0.101034
-0.101025
-0.101011
-0.101005
-0.101008
-0.101018
-0.101029
-0.101038
-0.101043
-0.10104
-0.101021
-0.101012
-0.100994
-0.100985
-0.100967
-0.100946
-0.100943
-0.100943
-0.100943
-0.100943
-0.100938
-0.100928
-0.100917
-0.100907
-0.100899
-0.100895
-0.100894
-0.100894
-0.100891
-0.100887
-0.100886
-0.100886
-0.10089
-0.100892
-0.100894
-0.100896
-0.100898
-0.100903
-0.100911
-0.100913
-0.100916
-0.100922
-0.100928
-0.100935
-0.10094
-0.100955
-0.100964
-0.100968
-0.100978
-0.100989
-0.100994
-0.101004
-0.101031
-0.101037
-0.101037
-0.101049
-0.101067
-0.101079
-0.10109
-0.101108
-0.101114
-0.101126
-0.101138
-0.10115
-0.101156
-0.101167
-0.101189
-0.101194
-0.101204
-0.101213
-0.101217
-0.101234
-0.101247
-0.10125
-0.101253
-0.101255
-0.10125
-0.101243
-0.101239
-0.101242
-0.101252
-0.101272
-0.101284
-0.101291
-0.101282
-0.101275
-0.101268
-0.10126
-0.101244
-0.101221
-0.101187
-0.101182
-0.101177
-0.101173
-0.10116
-0.101149
-0.101137
-0.10111
-0.101103
-0.101095
-0.101079
-0.101071
-0.101046
-0.101028
-0.101
-0.100991
-0.100972
-0.100954
-0.100935
-0.100918
-0.1009
-0.100873
-0.100865
-0.100849
-0.100832
-0.100815
-0.100799
-0.100785
-0.100764
-0.100758
-0.100751
-0.10074
-0.100723
-0.100713
-0.100705
-0.100696
-0.100694
-0.100694
-0.100691
-0.100693
-0.100697
-0.100699
-0.100696
-0.100696
-0.100693
-0.100697
-0.100701
-0.100723
-0.10074
-0.100762
-0.100769
-0.100784
-0.1008
-0.100816
-0.100833
-0.100851
-0.10088
-0.10089
-0.10091
-0.100931
-0.100952
-0.100973
-0.100984
-0.101018
-0.101042
-0.101066
-0.10109
-0.101115
-0.101139
-0.101163
-0.101198
-0.10121
-0.101221
-0.101255
-0.101277
-0.101298
-0.101319
-0.101348
-0.101357
-0.101375
-0.101393
-0.101408
-0.101421
-0.101433
-0.101447
-0.101451
-0.101454
-0.10146
-0.101461
-0.10146
-0.101457
-0.101447
-0.101447
-0.101437
-0.101433
-0.101424
-0.101414
-0.101402
-0.101374
-0.101367
-0.101359
-0.101351
-0.101332
-0.101303
-0.101293
-0.101249
-0.101237
-0.101212
-0.101187
-0.101161
-0.101133
-0.10112
-0.101062
-0.101047
-0.101017
-0.100986
-0.100971
-0.100926
-0.100911
-0.100852
-0.100836
-0.100807
-0.100778
-0.10075
-0.100723
-0.100697
-0.100659
-0.100635
-0.100623
-0.1006
-0.100589
-0.100579
-0.10055
-0.100513
-0.100513
-0.100508
-0.100497
-0.100491
-0.100492
-0.100502
-0.100503
-0.100504
-0.100502
-0.100502
-0.100504
-0.100533
-0.100551
-0.100561
-0.10058
-0.100597
-0.100614
-0.100652
-0.100674
-0.100686
-0.10071
-0.100736
-0.100763
-0.100778
-0.100838
-0.100854
-0.100869
-0.100902
-0.100935
-0.100986
-0.101021
-0.101076
-0.101095
-0.101132
-0.10115
-0.101205
-0.101242
-0.101278
-0.101347
-0.101364
-0.101381
-0.101414
-0.10143
-0.101461
-0.101492
-0.101546
-0.101558
-0.101569
-0.10159
-0.101609
-0.101632
-0.101644
-0.101657
-0.101659
-0.10166
-0.101656
-0.101654
-0.101645
-0.101639
-0.101625
-0.101619
-0.101607
-0.101592
-0.101575
-0.101556
-0.101546
-0.10149
-0.10149
-0.101477
-0.10145
-0.101421
-0.101391
-0.101359
-0.101292
-0.101274
-0.101257
-0.10122
-0.101183
-0.101124
-0.101104
-0.101021
-0.100999
-0.100956
-0.100912
-0.100868
-0.100826
-0.100784
-0.100723
-0.100683
-0.100663
-0.100625
-0.100587
-0.100569
-0.100532
-0.100448
-0.100448
-0.100433
-0.100405
-0.100367
-0.100356
-0.100345
-0.100304
-0.100299
-0.100296
-0.100293
-0.100294
-0.100302
-0.100309
-0.10032
-0.100331
-0.100337
-0.100351
-0.100367
-0.100376
-0.100396
-0.100457
-0.100457
-0.100471
-0.100501
-0.100532
-0.100565
-0.100599
-0.100673
-0.100692
-0.100712
-0.100732
-0.100816
-0.100838
-0.100883
-0.100998
-0.101045
-0.101091
-0.101135
-0.101179
-0.1012
-0.101287
-0.101309
-0.101352
-0.101397
-0.10144
-0.101482
-0.101524
-0.101606
-0.101625
-0.101625
-0.10168
-0.101714
-0.101745
-0.101759
-0.101811
-0.101822
-0.101839
-0.101851
-0.101858
-0.101858
-0.101844
-0.101841
-0.101838
-0.101835
-0.101833
-0.101821
-0.101787
-0.101763
-0.101738
-0.101714
-0.101688
-0.101675
-0.101619
-0.101588
-0.101554
-0.10152
-0.101486
-0.101451
-0.101353
-0.101353
-0.101332
-0.101287
-0.10124
-0.101192
-0.101143
-0.10104
-0.10104
-0.100961
-0.100907
-0.100852
-0.100796
-0.100769
-0.100661
-0.100608
-0.100582
-0.100556
-0.100505
-0.10043
-0.100383
-0.100297
-0.100278
-0.100258
-0.10024
-0.100175
-0.100162
-0.100149
-0.100109
-0.100103
-0.100097
-0.100091
-0.100091
-0.100095
-0.100103
-0.100126
-0.100141
-0.100141
-0.100159
-0.100179
-0.100202
-0.100226
-0.1003
-0.100316
-0.100333
-0.100388
-0.100388
-0.100428
-0.10047
-0.100562
-0.100587
-0.100612
-0.100662
-0.100715
-0.100768
-0.100823
-0.100934
-0.100963
-0.101022
-0.101052
-0.101112
-0.101173
-0.101235
-0.101388
-0.101418
-0.101418
-0.101478
-0.101536
-0.101594
-0.101649
-0.101752
-0.101777
-0.1018
-0.101846
-0.101908
-0.101944
-0.101975
-0.102016
-0.102027
-0.102037
-0.102052
-0.102058
-0.102058
-0.102054
-0.102036
-0.102023
-0.102016
-0.102008
-0.10199
-0.101969
-0.101932
-0.10189
-0.101874
-0.101841
-0.101805
-0.101765
-0.101723
-0.101679
-0.101608
-0.101583
-0.101558
-0.101505
-0.10145
-0.101392
-0.101332
-0.101207
-0.101175
-0.101143
-0.101045
-0.100979
-0.100912
-0.100844
-0.100743
-0.10071
-0.100677
-0.100612
-0.100548
-0.100484
-0.100422
-0.100301
-0.100272
-0.100244
-0.100189
-0.100114
-0.100069
-0.100028
-0.0999744
-0.0999585
-0.0999307
-0.0999102
-0.099903
-0.0998952
-0.0998938
-0.0999067
-0.0999124
-0.0999187
-0.0999329
-0.0999496
-0.0999798
-0.100031
-0.100045
-0.100076
-0.100108
-0.10014
-0.100193
-0.100252
-0.100273
-0.100318
-0.100365
-0.100417
-0.100471
-0.100527
-0.100617
-0.100648
-0.10068
-0.100745
-0.100812
-0.100882
-0.100953
-0.101061
-0.101134
-0.101208
-0.101282
-0.101355
-0.101428
-0.101501
-0.101607
-0.101677
-0.101711
-0.101745
-0.10181
-0.101903
-0.10196
-0.102038
-0.102085
-0.102107
-0.102128
-0.102167
-0.1022
-0.102227
-0.102255
-0.102256
-0.102252
-0.102243
-0.102233
-0.102221
-0.102206
-0.102187
-0.102165
-0.102153
-0.102126
-0.102095
-0.102061
-0.102004
-0.10194
-0.101916
-0.101867
-0.101816
-0.101762
-0.101705
-0.101646
-0.101553
-0.101521
-0.101488
-0.10142
-0.101315
-0.101241
-0.101203
-0.101048
-0.101008
-0.100929
-0.100848
-0.100768
-0.100687
-0.100648
-0.10049
-0.100451
-0.100375
-0.100338
-0.100195
-0.100161
-0.100001
-0.0999714
-0.0999168
-0.0998692
-0.0998476
-0.0998086
-0.0997464
-0.0997231
-0.0997064
-0.0996983
-0.099697
-0.0996992
-0.0997112
-0.0997167
-0.0997232
-0.0997472
-0.0997675
-0.0997918
-0.0998192
-0.0998674
-0.0999045
-0.0999245
-0.0999667
-0.0999892
-0.100036
-0.100086
-0.100196
-0.100226
-0.100256
-0.100351
-0.100383
-0.100486
-0.100521
-0.100707
-0.100707
-0.100826
-0.100826
-0.100949
-0.101033
-0.101075
-0.101245
-0.101288
-0.101374
-0.101458
-0.101541
-0.101624
-0.101665
-0.101787
-0.101864
-0.101902
-0.101976
-0.102048
-0.102117
-0.10218
-0.102266
-0.102316
-0.10236
-0.10238
-0.102413
-0.102439
-0.102454
-0.102458
-0.102454
-0.102449
-0.102427
-0.102407
-0.102371
-0.102327
-0.10231
-0.102257
-0.102222
-0.102185
-0.102145
-0.102054
-0.102029
-0.101975
-0.101975
-0.101917
-0.101856
-0.101755
-0.101649
-0.101612
-0.101575
-0.101459
-0.101378
-0.101296
-0.101211
-0.101078
-0.100989
-0.100944
-0.100807
-0.100761
-0.100668
-0.100622
-0.100441
-0.100396
-0.100351
-0.100264
-0.100138
-0.100056
-0.0999403
-0.0999036
-0.0998332
-0.0997994
-0.0997352
-0.0996767
-0.0996248
-0.0995801
-0.0995157
-0.0995067
-0.0994949
-0.0994949
-0.0995004
-0.099512
-0.0995284
-0.0995605
-0.0995872
-0.0996019
-0.0996333
-0.0996683
-0.0997077
-0.0997988
-0.099824
-0.0998765
-0.0999303
-0.0999851
-0.100042
-0.100163
-0.100195
-0.100228
-0.100333
-0.100407
-0.100446
-0.100525
-0.100648
-0.100733
-0.100821
-0.100911
-0.101003
-0.101098
-0.101193
-0.101337
-0.101385
-0.101482
-0.101531
-0.101627
-0.101723
-0.101817
-0.101999
-0.102043
-0.102085
-0.102168
-0.102246
-0.10232
-0.102451
-0.102507
-0.102532
-0.102577
-0.102614
-0.102639
-0.102651
-0.102652
-0.102637
-0.10263
-0.102623
-0.102605
-0.102583
-0.102558
-0.102511
-0.102456
-0.102435
-0.102391
-0.102343
-0.10229
-0.102233
-0.102074
-0.102039
-0.102003
-0.101929
-0.101855
-0.101779
-0.1017
-0.101537
-0.101494
-0.101407
-0.101318
-0.101226
-0.101132
-0.101084
-0.100891
-0.100842
-0.100793
-0.100694
-0.100544
-0.100444
-0.100344
-0.100196
-0.1001
-0.100052
-0.0999599
-0.09987
-0.0997838
-0.0996251
-0.099554
-0.0995213
-0.0994634
-0.0994154
-0.0993574
-0.0993067
-0.0993001
-0.0992962
-0.099296
-0.0992991
-0.0993169
-0.0993343
-0.0993677
-0.099395
-0.0994103
-0.099444
-0.0994624
-0.099502
-0.0995457
-0.0996461
-0.0996742
-0.0997339
-0.0997978
-0.0998659
-0.099938
-0.100014
-0.100136
-0.100179
-0.100223
-0.100312
-0.100404
-0.100499
-0.100646
-0.100797
-0.100849
-0.100902
-0.101009
-0.101116
-0.10128
-0.101445
-0.101555
-0.101609
-0.101664
-0.101772
-0.101879
-0.102033
-0.102133
-0.102275
-0.10232
-0.102408
-0.102491
-0.102568
-0.102637
-0.102699
-0.102776
-0.102797
-0.102829
-0.102847
-0.102853
-0.102853
-0.102847
-0.102814
-0.102802
-0.102789
-0.102744
-0.102709
-0.102668
-0.102624
-0.102548
-0.102521
-0.102463
-0.1024
-0.102367
-0.102298
-0.102224
-0.102065
-0.102023
-0.101935
-0.101844
-0.101748
-0.101648
-0.101546
-0.101387
-0.101279
-0.101279
-0.101168
-0.101056
-0.100944
-0.100773
-0.100601
-0.100543
-0.100486
-0.100372
-0.100258
-0.100145
-0.100035
-0.0998232
-0.0997724
-0.0997227
-0.0995809
-0.0994932
-0.0994113
-0.0993368
-0.0992392
-0.099211
-0.0991856
-0.0991283
-0.0991069
-0.0990979
-0.0991
-0.099118
-0.099127
-0.0991374
-0.0991623
-0.0991927
-0.0992278
-0.0992683
-0.0993616
-0.0993882
-0.0994449
-0.0995055
-0.0995709
-0.0996413
-0.099716
-0.0997947
-0.0998772
-0.0999201
-0.100009
-0.100102
-0.100249
-0.100352
-0.100514
-0.100569
-0.100681
-0.100796
-0.100855
-0.101032
-0.101152
-0.101333
-0.101394
-0.101455
-0.101576
-0.101697
-0.101877
-0.101936
-0.102167
-0.102223
-0.102332
-0.102385
-0.102487
-0.102584
-0.102675
-0.102834
-0.102868
-0.1029
-0.102957
-0.103018
-0.103041
-0.103047
-0.103048
-0.10303
-0.10303
-0.10301
-0.102985
-0.102937
-0.102854
-0.10283
-0.102778
-0.102723
-0.102666
-0.102607
-0.102441
-0.102404
-0.102367
-0.102289
-0.102249
-0.102165
-0.102077
-0.101839
-0.101788
-0.101736
-0.10163
-0.101519
-0.101405
-0.101287
-0.101107
-0.101046
-0.100984
-0.100795
-0.100732
-0.100541
-0.100414
-0.100225
-0.100162
-0.1001
-0.0999777
-0.0998576
-0.0996839
-0.0995735
-0.099417
-0.0993677
-0.0993198
-0.0992294
-0.0991086
-0.0990404
-0.0989841
-0.0989283
-0.0989179
-0.0989077
-0.0989091
-0.0989191
-0.0989361
-0.0989876
-0.0990042
-0.0990413
-0.0990818
-0.0991473
-0.0991711
-0.0993054
-0.0993362
-0.0993362
-0.0994021
-0.0994724
-0.0995481
-0.0996293
-0.099805
-0.099852
-0.0999002
-0.0999996
-0.100157
-0.100267
-0.10038
-0.100558
-0.100619
-0.100741
-0.100804
-0.10093
-0.101059
-0.101191
-0.101456
-0.101523
-0.101655
-0.101787
-0.101918
-0.102048
-0.102175
-0.10236
-0.102419
-0.102536
-0.102592
-0.102701
-0.102803
-0.102897
-0.103062
-0.103097
-0.103128
-0.103203
-0.103232
-0.103246
-0.103248
-0.103233
-0.103224
-0.1032
-0.103186
-0.103154
-0.103095
-0.103048
-0.102967
-0.102937
-0.102906
-0.102839
-0.102728
-0.102689
-0.102606
-0.102378
-0.10233
-0.10228
-0.10223
-0.102125
-0.102017
-0.101904
-0.101666
-0.101604
-0.101478
-0.101348
-0.101216
-0.101082
-0.100946
-0.10074
-0.100672
-0.100603
-0.100464
-0.100325
-0.100187
-0.0999821
-0.0997825
-0.0997175
-0.0995907
-0.0994678
-0.0993497
-0.0992928
-0.099133
-0.0990363
-0.0989487
-0.0988717
-0.0988065
-0.0987559
-0.0987369
-0.0987108
-0.0987001
-0.0987045
-0.0987199
-0.0987437
-0.098775
-0.0988133
-0.0988573
-0.0989345
-0.0989632
-0.0989932
-0.0990574
-0.0991273
-0.0992032
-0.0992846
-0.0994614
-0.0995086
-0.0996062
-0.0997086
-0.0998158
-0.0999272
-0.100162
-0.100286
-0.100411
-0.100474
-0.100601
-0.100728
-0.100987
-0.101053
-0.101119
-0.101251
-0.101384
-0.101518
-0.101653
-0.101924
-0.101991
-0.102126
-0.102258
-0.102388
-0.102516
-0.10264
-0.102818
-0.102874
-0.103034
-0.103084
-0.103131
-0.103256
-0.103293
-0.103402
-0.103418
-0.103439
-0.103445
-0.103439
-0.103433
-0.103414
-0.103353
-0.103353
-0.10329
-0.103241
-0.103186
-0.103126
-0.103093
-0.102909
-0.102868
-0.102868
-0.102782
-0.10269
-0.102592
-0.102488
-0.102264
-0.102205
-0.102145
-0.101958
-0.101829
-0.101695
-0.101558
-0.101347
-0.101275
-0.101203
-0.101057
-0.100908
-0.100759
-0.100609
-0.100306
-0.100156
-0.100081
-0.0999327
-0.0997869
-0.099715
-0.0995738
-0.0992415
-0.0991795
-0.099119
-0.0990035
-0.098896
-0.0987979
-0.0987113
-0.098605
-0.0985772
-0.0985539
-0.0985116
-0.0985054
-0.0985024
-0.0985115
-0.098559
-0.0985759
-0.0986151
-0.0986615
-0.0987141
-0.0987723
-0.098836
-0.0989427
-0.0989812
-0.0990623
-0.099149
-0.0991945
-0.0992901
-0.0993913
-0.0996107
-0.0996692
-0.0997897
-0.0999143
-0.100043
-0.100175
-0.100312
-0.100525
-0.100671
-0.100745
-0.100895
-0.100971
-0.101125
-0.101279
-0.10159
-0.101669
-0.101746
-0.101979
-0.102132
-0.102283
-0.102431
-0.102646
-0.102715
-0.102784
-0.102916
-0.103041
-0.10316
-0.10332
-0.103455
-0.103493
-0.103527
-0.103583
-0.103621
-0.103642
-0.103647
-0.103626
-0.103614
-0.103582
-0.103543
-0.103497
-0.103442
-0.103278
-0.103241
-0.103163
-0.103083
-0.102999
-0.10291
-0.102768
-0.102666
-0.102559
-0.102448
-0.102336
-0.102221
-0.101982
-0.10192
-0.101792
-0.10166
-0.101524
-0.101455
-0.101313
-0.100949
-0.100949
-0.100799
-0.100647
-0.100493
-0.100338
-0.10026
-0.0999507
-0.0998739
-0.0997975
-0.0996462
-0.0994974
-0.099281
-0.0991426
-0.0989463
-0.0988846
-0.0987676
-0.0986597
-0.0986097
-0.0985191
-0.098442
-0.098339
-0.0983249
-0.0983153
-0.0983099
-0.0983213
-0.0983431
-0.0983742
-0.0984362
-0.0984864
-0.0984864
-0.0985441
-0.0986093
-0.0986811
-0.0987592
-0.0989345
-0.098982
-0.0990811
-0.0991858
-0.0992964
-0.0994129
-0.0994733
-0.0997286
-0.0997961
-0.0998649
-0.100077
-0.100224
-0.100374
-0.100451
-0.100769
-0.100849
-0.100931
-0.101096
-0.101262
-0.101429
-0.101596
-0.10193
-0.102013
-0.102178
-0.10234
-0.1025
-0.102656
-0.102732
-0.103025
-0.103162
-0.103228
-0.103353
-0.103468
-0.103571
-0.10366
-0.103765
-0.103791
-0.103811
-0.103838
-0.103849
-0.10384
-0.103819
-0.103769
-0.103725
-0.1037
-0.103673
-0.103614
-0.103547
-0.103472
-0.103303
-0.103257
-0.10316
-0.103058
-0.10295
-0.102836
-0.102777
-0.102526
-0.10246
-0.102392
-0.102252
-0.102107
-0.101881
-0.101804
-0.101484
-0.101402
-0.101236
-0.101067
-0.100896
-0.10081
-0.100636
-0.100288
-0.100201
-0.100115
-0.0999428
-0.0997729
-0.0995225
-0.0994409
-0.0991251
-0.0990494
-0.0989034
-0.0988332
-0.0986988
-0.0985155
-0.0984598
-0.0982716
-0.0982341
-0.0981729
-0.0981315
-0.0981084
-0.0981028
-0.0981032
-0.098142
-0.0981588
-0.0981778
-0.0982226
-0.0983054
-0.0983368
-0.0984424
-0.0985642
-0.0986085
-0.0987027
-0.0988572
-0.0988572
-0.0989673
-0.0990831
-0.0993982
-0.0994654
-0.099534
-0.0996041
-0.0998233
-0.0999757
-0.100132
-0.100374
-0.100457
-0.100626
-0.100797
-0.100971
-0.101147
-0.101236
-0.101503
-0.101682
-0.101772
-0.10195
-0.102127
-0.102304
-0.102564
-0.102815
-0.102896
-0.103054
-0.103207
-0.103351
-0.103486
-0.10361
-0.103723
-0.103821
-0.103865
-0.103968
-0.103993
-0.104028
-0.104046
-0.104035
-0.104025
-0.103995
-0.103955
-0.103906
-0.103848
-0.103782
-0.103668
-0.103583
-0.103538
-0.103491
-0.103392
-0.103285
-0.103113
-0.102927
-0.102863
-0.102729
-0.10259
-0.102445
-0.102294
-0.102138
-0.101811
-0.101811
-0.101727
-0.101555
-0.10138
-0.101203
-0.101023
-0.100658
-0.100566
-0.100474
-0.100289
-0.100104
-0.0999204
-0.0997377
-0.0993794
-0.0992065
-0.0991221
-0.0990391
-0.098878
-0.0987243
-0.0985784
-0.0983164
-0.0982583
-0.0982039
-0.098108
-0.0980317
-0.097957
-0.0979306
-0.0979205
-0.0979306
-0.0979306
-0.0979528
-0.0979861
-0.09803
-0.0980836
-0.0982177
-0.0982564
-0.0983392
-0.0984291
-0.0985266
-0.0986316
-0.0987438
-0.098925
-0.0989884
-0.0990533
-0.0992564
-0.0993269
-0.0994722
-0.0996235
-0.0999428
-0.100026
-0.100194
-0.100367
-0.100544
-0.100725
-0.100816
-0.101188
-0.101283
-0.101378
-0.101568
-0.101855
-0.101951
-0.102141
-0.102518
-0.10261
-0.102702
-0.102969
-0.10314
-0.103304
-0.10346
-0.103675
-0.103742
-0.103806
-0.103923
-0.104024
-0.104105
-0.104187
-0.104226
-0.10423
-0.104231
-0.104221
-0.104199
-0.104166
-0.104096
-0.103971
-0.103934
-0.103895
-0.10381
-0.103719
-0.10362
-0.103567
-0.103339
-0.103278
-0.103215
-0.103082
-0.102943
-0.102799
-0.102571
-0.10233
-0.102247
-0.102077
-0.101902
-0.101722
-0.101631
-0.101446
-0.101065
-0.100969
-0.100872
-0.10058
-0.100482
-0.100188
-0.0997
-0.0996038
-0.0995088
-0.0993231
-0.0991434
-0.0989703
-0.0986456
-0.0985692
-0.0984948
-0.0983528
-0.0981581
-0.0980428
-0.0979422
-0.0978573
-0.0977901
-0.0977642
-0.097727
-0.0977085
-0.0977061
-0.0977179
-0.0977785
-0.0978003
-0.0978516
-0.0979122
-0.097982
-0.0980606
-0.0981473
-0.0982915
-0.0983432
-0.0983968
-0.0985094
-0.0986293
-0.0987568
-0.0988916
-0.0991822
-0.0992587
-0.0994162
-0.099497
-0.0997478
-0.0998343
-0.100012
-0.100379
-0.100473
-0.100664
-0.100859
-0.101055
-0.101254
-0.101354
-0.101758
-0.101859
-0.10206
-0.102261
-0.10246
-0.102656
-0.102849
-0.103036
-0.103218
-0.103394
-0.103562
-0.103721
-0.103869
-0.103939
-0.104231
-0.104276
-0.104314
-0.104346
-0.104411
-0.104431
-0.104433
-0.10441
-0.104395
-0.104356
-0.104333
-0.104278
-0.104212
-0.104138
-0.103963
-0.103914
-0.103809
-0.103696
-0.103577
-0.10345
-0.103315
-0.103174
-0.103025
-0.102869
-0.102706
-0.102538
-0.102452
-0.102276
-0.102001
-0.101812
-0.10162
-0.101423
-0.101223
-0.100917
-0.100607
-0.100503
-0.100192
-0.10009
-0.0998876
-0.099688
-0.0993013
-0.0992073
-0.0991143
-0.0989312
-0.0987538
-0.0985831
-0.0983408
-0.0981175
-0.0980484
-0.0979193
-0.0978046
-0.0977055
-0.0976246
-0.097565
-0.097514
-0.0975065
-0.0975035
-0.0975095
-0.0975297
-0.0975839
-0.0976347
-0.097731
-0.0977682
-0.0978491
-0.0979392
-0.0980385
-0.0980915
-0.0982038
-0.0984512
-0.0985177
-0.0986562
-0.0987281
-0.098955
-0.0991155
-0.0992818
-0.0995418
-0.0996315
-0.0998151
-0.100004
-0.100198
-0.100397
-0.100497
-0.100909
-0.101014
-0.101119
-0.101332
-0.101652
-0.101867
-0.10208
-0.1024
-0.102505
-0.10261
-0.103019
-0.103118
-0.103216
-0.103407
-0.103764
-0.103847
-0.104005
-0.10408
-0.104218
-0.10434
-0.104486
-0.10458
-0.1046
-0.104615
-0.104632
-0.104622
-0.104599
-0.104561
-0.104482
-0.10445
-0.104415
-0.104338
-0.104251
-0.104154
-0.104049
-0.103813
-0.10375
-0.103617
-0.103548
-0.10333
-0.103253
-0.103094
-0.102756
-0.102578
-0.102487
-0.1023
-0.102107
-0.102009
-0.10181
-0.101398
-0.101293
-0.101188
-0.100974
-0.100649
-0.100431
-0.100211
-0.0998811
-0.0997714
-0.0996621
-0.0993384
-0.0992322
-0.099023
-0.0988193
-0.0984331
-0.0983416
-0.0981655
-0.098
-0.0978464
-0.0977073
-0.0975861
-0.0974456
-0.0974112
-0.0973829
-0.0973428
-0.0973226
-0.097327
-0.0973491
-0.0974074
-0.097462
-0.0974939
-0.097566
-0.0976486
-0.0976939
-0.0977919
-0.0980148
-0.098076
-0.0982055
-0.0983432
-0.0984882
-0.0986404
-0.0988002
-0.0990538
-0.0991418
-0.0992311
-0.099414
-0.099603
-0.0997977
-0.100414
-0.100414
-0.100627
-0.100841
-0.101056
-0.101272
-0.101703
-0.10181
-0.101917
-0.102131
-0.102449
-0.10266
-0.102868
-0.103172
-0.10337
-0.10337
-0.103562
-0.103747
-0.103924
-0.10409
-0.104389
-0.104454
-0.104571
-0.104667
-0.104738
-0.104785
-0.104811
-0.104816
-0.10481
-0.1048
-0.104771
-0.104727
-0.104672
-0.104605
-0.104438
-0.104389
-0.104339
-0.104231
-0.104053
-0.103922
-0.103783
-0.103559
-0.103481
-0.103319
-0.103149
-0.102972
-0.102788
-0.102598
-0.102302
-0.102201
-0.102098
-0.101781
-0.101565
-0.101345
-0.101122
-0.100783
-0.100669
-0.10044
-0.100325
-0.100094
-0.0998634
-0.0996339
-0.0991825
-0.099072
-0.0988549
-0.0987486
-0.0985402
-0.0982407
-0.0980525
-0.0977919
-0.0976342
-0.0975614
-0.097493
-0.0973717
-0.0972733
-0.0971997
-0.0971233
-0.0971175
-0.0971162
-0.0971376
-0.0971712
-0.0972189
-0.0972801
-0.0973949
-0.0974856
-0.0975349
-0.0975869
-0.0976977
-0.0978176
-0.0979468
-0.0982319
-0.0983087
-0.0983876
-0.0986357
-0.0988102
-0.0989919
-0.0991809
-0.0994757
-0.0995768
-0.099783
-0.0999952
-0.100212
-0.100434
-0.100546
-0.101004
-0.10112
-0.101237
-0.101472
-0.101827
-0.102064
-0.102301
-0.102653
-0.102768
-0.102997
-0.103222
-0.103332
-0.103653
-0.103857
-0.104052
-0.104235
-0.104321
-0.104484
-0.10463
-0.104756
-0.10486
-0.104989
-0.105006
-0.105024
-0.105026
-0.105007
-0.104974
-0.104926
-0.10483
-0.10475
-0.10475
-0.10466
-0.104558
-0.104447
-0.104325
-0.103981
-0.103981
-0.103828
-0.103666
-0.103496
-0.103318
-0.103133
-0.102841
-0.102638
-0.102535
-0.10243
-0.102216
-0.101996
-0.101658
-0.101312
-0.101194
-0.100957
-0.100718
-0.100477
-0.100357
-0.100115
-0.0996315
-0.0995118
-0.0992743
-0.0991563
-0.0989233
-0.0986961
-0.0983678
-0.0981588
-0.0979591
-0.0977708
-0.0975949
-0.0974336
-0.0972904
-0.0972267
-0.0970328
-0.0970006
-0.0969545
-0.0969398
-0.0969256
-0.0969306
-0.096953
-0.0970447
-0.0970764
-0.0971497
-0.0972357
-0.0973334
-0.0974415
-0.0975601
-0.0977575
-0.097828
-0.0979754
-0.0980524
-0.0982133
-0.098471
-0.0985607
-0.0989373
-0.0990361
-0.0992395
-0.0994498
-0.0996659
-0.0998879
-0.100001
-0.100466
-0.100585
-0.100826
-0.101069
-0.101315
-0.101562
-0.10181
-0.102184
-0.102308
-0.102431
-0.102676
-0.102918
-0.103157
-0.103505
-0.103837
-0.103944
-0.10415
-0.104345
-0.104526
-0.104692
-0.10484
-0.104967
-0.105069
-0.10511
-0.105196
-0.105224
-0.105232
-0.10522
-0.10517
-0.105146
-0.105118
-0.105051
-0.104971
-0.104879
-0.104775
-0.104534
-0.104467
-0.104398
-0.104251
-0.104096
-0.103932
-0.103668
-0.103387
-0.103289
-0.103089
-0.102774
-0.102774
-0.102555
-0.102331
-0.101866
-0.101747
-0.101627
-0.101383
-0.101011
-0.100886
-0.100509
-0.100129
-0.100002
-0.0997484
-0.0994971
-0.0992481
-0.0991244
-0.0988797
-0.0984059
-0.0982916
-0.0981794
-0.0978567
-0.0977545
-0.09756
-0.0973795
-0.097071
-0.0970073
-0.0969497
-0.0968542
-0.0967848
-0.0967409
-0.0967199
-0.0967359
-0.0967512
-0.0967945
-0.0968535
-0.0969271
-0.0969691
-0.0970631
-0.0972857
-0.097348
-0.0974807
-0.0976242
-0.097778
-0.0978583
-0.0981129
-0.098388
-0.0984841
-0.0986822
-0.0988878
-0.099101
-0.0993212
-0.0995471
-0.0998971
-0.100137
-0.100259
-0.100382
-0.10063
-0.101011
-0.101268
-0.101657
-0.101917
-0.102047
-0.102307
-0.102565
-0.102693
-0.102947
-0.103443
-0.103564
-0.103682
-0.103913
-0.104244
-0.104348
-0.104548
-0.104979
-0.104979
-0.105051
-0.105178
-0.105278
-0.10535
-0.105395
-0.10542
-0.105414
-0.105388
-0.105344
-0.105285
-0.10525
-0.10517
-0.104969
-0.104912
-0.104851
-0.104722
-0.104583
-0.104353
-0.104272
-0.103925
-0.103832
-0.103641
-0.103441
-0.103234
-0.103127
-0.102909
-0.102451
-0.102333
-0.102213
-0.101969
-0.10172
-0.101467
-0.101079
-0.100685
-0.100552
-0.100286
-0.100019
-0.0997525
-0.0994881
-0.0992259
-0.0988381
-0.0987115
-0.0985864
-0.0983411
-0.0979875
-0.0977633
-0.0975507
-0.0972574
-0.0970818
-0.0970818
-0.096926
-0.0967933
-0.0966864
-0.0966079
-0.0965268
-0.0965205
-0.0965234
-0.0965455
-0.0965859
-0.096643
-0.0967157
-0.0969604
-0.0970188
-0.0970188
-0.0970803
-0.0972122
-0.0973553
-0.097509
-0.0978471
-0.0979376
-0.0981253
-0.0983219
-0.0985274
-0.0987412
-0.098851
-0.0993081
-0.0994267
-0.0996683
-0.0999159
-0.100169
-0.100427
-0.100557
-0.101089
-0.101224
-0.101494
-0.101765
-0.102037
-0.102173
-0.102443
-0.102977
-0.103109
-0.10324
-0.103498
-0.103873
-0.104113
-0.104229
-0.104664
-0.104764
-0.104861
-0.105041
-0.105274
-0.105399
-0.105497
-0.105592
-0.105623
-0.10563
-0.105632
-0.105607
-0.105589
-0.10554
-0.105395
-0.105349
-0.1053
-0.105134
-0.105008
-0.104869
-0.104796
-0.104475
-0.104388
-0.104298
-0.104112
-0.103815
-0.103712
-0.103389
-0.10305
-0.102933
-0.102694
-0.102449
-0.102324
-0.102071
-0.101812
-0.101281
-0.101146
-0.10101
-0.100737
-0.100462
-0.100046
-0.0997689
-0.0993543
-0.0992169
-0.0989442
-0.0986763
-0.0984145
-0.0982862
-0.0980352
-0.0975611
-0.0974499
-0.0973423
-0.0971386
-0.0968652
-0.0967843
-0.0965775
-0.0964317
-0.0963971
-0.0963479
-0.0963231
-0.096319
-0.0963273
-0.096377
-0.0964661
-0.0965036
-0.0965904
-0.0967482
-0.0968075
-0.0968697
-0.0970035
-0.0973891
-0.0974741
-0.0975618
-0.0976522
-0.0979394
-0.0981425
-0.0983545
-0.0986896
-0.0988053
-0.099042
-0.099286
-0.0994108
-0.0996652
-0.0999255
-0.100461
-0.100597
-0.100735
-0.101152
-0.101433
-0.101715
-0.101999
-0.102422
-0.102563
-0.102843
-0.102982
-0.103258
-0.103663
-0.104177
-0.1043
-0.104537
-0.10476
-0.105066
-0.105246
-0.105541
-0.105598
-0.105648
-0.105728
-0.105782
-0.1058
-0.105818
-0.105795
-0.105777
-0.105756
-0.105701
-0.105589
-0.105497
-0.105211
-0.105144
-0.105002
-0.104852
-0.104694
-0.104612
-0.104261
-0.104073
-0.103879
-0.10368
-0.103371
-0.103266
-0.102828
-0.102715
-0.102485
-0.102249
-0.102008
-0.101884
-0.101507
-0.101118
-0.100987
-0.100854
-0.100587
-0.100317
-0.100045
-0.0996345
-0.0992257
-0.0990899
-0.0988198
-0.0985534
-0.0982921
-0.0980369
-0.0977886
-0.0974328
-0.0972105
-0.0972105
-0.0970015
-0.0968087
-0.0966355
-0.0964202
-0.096267
-0.0962308
-0.096179
-0.0961519
-0.096147
-0.096163
-0.0961782
-0.0962847
-0.0963219
-0.0963628
-0.0964563
-0.0965642
-0.0966859
-0.0968206
-0.097127
-0.0972113
-0.0973883
-0.0975757
-0.0977739
-0.0979828
-0.0982007
-0.0986634
-0.0987846
-0.0989077
-0.0990325
-0.0992876
-0.09955
-0.0998193
-0.100374
-0.100516
-0.100803
-0.101094
-0.101387
-0.101682
-0.101977
-0.10242
-0.102566
-0.103004
-0.103004
-0.103292
-0.103576
-0.103853
-0.104383
-0.104509
-0.104632
-0.104868
-0.105089
-0.105388
-0.105562
-0.105775
-0.105881
-0.105923
-0.105986
-0.106007
-0.106031
-0.106031
-0.105968
-0.10594
-0.105908
-0.105831
-0.105737
-0.105628
-0.105504
-0.105217
-0.105137
-0.104968
-0.104879
-0.104595
-0.104392
-0.104178
-0.103724
-0.103604
-0.103483
-0.103359
-0.103106
-0.102713
-0.102443
-0.102025
-0.101883
-0.101595
-0.10145
-0.101156
-0.100859
-0.10041
-0.10011
-0.0998082
-0.0996578
-0.0993578
-0.0990602
-0.0986198
-0.0983324
-0.0979154
-0.0976486
-0.0975192
-0.0972695
-0.0971499
-0.0969213
-0.0967088
-0.0963463
-0.0962711
-0.0962711
-0.0960884
-0.0959735
-0.0959325
-0.0959162
-0.0959349
-0.0959739
-0.0959739
-0.0960324
-0.0961081
-0.0962009
-0.0963104
-0.096574
-0.0966486
-0.0967267
-0.0969803
-0.0971646
-0.0973602
-0.0975667
-0.0978965
-0.0980115
-0.0981286
-0.0983698
-0.09862
-0.0988777
-0.0991426
-0.0996939
-0.0998356
-0.100123
-0.100415
-0.100712
-0.101013
-0.101316
-0.101621
-0.101928
-0.102082
-0.10239
-0.102696
-0.103001
-0.103302
-0.103889
-0.104031
-0.104172
-0.104578
-0.104834
-0.105075
-0.105301
-0.105606
-0.10578
-0.10578
-0.105929
-0.106048
-0.106168
-0.106231
-0.106225
-0.106199
-0.106153
-0.106091
-0.106014
-0.105868
-0.105753
-0.105625
-0.105486
-0.105336
-0.105176
-0.104827
-0.104734
-0.104639
-0.104542
-0.10413
-0.10391
-0.103682
-0.103322
-0.103198
-0.102943
-0.102681
-0.102411
-0.102135
-0.101852
-0.101417
-0.10127
-0.101122
-0.100823
-0.10052
-0.100062
-0.099756
-0.0994504
-0.0991463
-0.0989952
-0.0986959
-0.0984009
-0.0981112
-0.0978283
-0.0972905
-0.0971632
-0.0970393
-0.0968022
-0.0964787
-0.096381
-0.0961235
-0.0959289
-0.0958797
-0.0958041
-0.0957562
-0.0957341
-0.0957366
-0.0957461
-0.0958366
-0.0958713
-0.0959107
-0.0960542
-0.0961105
-0.0962353
-0.0963758
-0.0966985
-0.0967876
-0.0968798
-0.0970737
-0.0972797
-0.0974962
-0.0978411
-0.0982094
-0.0983367
-0.0984661
-0.0987317
-0.0991444
-0.0994287
-0.0997199
-0.100168
-0.100321
-0.100474
-0.100784
-0.101097
-0.101413
-0.101731
-0.102369
-0.102529
-0.102687
-0.10316
-0.10347
-0.103776
-0.104074
-0.104506
-0.104645
-0.104914
-0.105169
-0.105406
-0.105626
-0.105824
-0.106074
-0.106143
-0.106257
-0.106341
-0.106396
-0.106423
-0.106428
-0.106405
-0.106362
-0.106333
-0.106261
-0.106169
-0.106061
-0.105936
-0.10564
-0.105556
-0.10538
-0.105191
-0.104989
-0.104775
-0.10455
-0.104192
-0.10394
-0.10394
-0.103678
-0.103408
-0.103128
-0.102694
-0.102245
-0.102093
-0.101939
-0.101626
-0.10131
-0.10099
-0.100667
-0.100017
-0.0998543
-0.0996916
-0.0992053
-0.0988844
-0.0985675
-0.0982556
-0.0978012
-0.0976543
-0.0975101
-0.0972299
-0.0969625
-0.0967105
-0.0964753
-0.0960669
-0.0959801
-0.0958279
-0.0957069
-0.0956167
-0.0955566
-0.0955244
-0.0955241
-0.0955358
-0.0955531
-0.0956039
-0.0957175
-0.0958166
-0.0959336
-0.0961408
-0.0962178
-0.0962985
-0.09647
-0.0966554
-0.0968542
-0.0970652
-0.0975219
-0.0977665
-0.0977665
-0.0980219
-0.0982867
-0.0987011
-0.0988436
-0.0994318
-0.0995831
-0.0998903
-0.100203
-0.100362
-0.100682
-0.101006
-0.101663
-0.101828
-0.101993
-0.102323
-0.102817
-0.103143
-0.103465
-0.103938
-0.104093
-0.104396
-0.10469
-0.104833
-0.10524
-0.105492
-0.105836
-0.105939
-0.106127
-0.106356
-0.106356
-0.106469
-0.106578
-0.106623
-0.106625
-0.10661
-0.106574
-0.106515
-0.106437
-0.106339
-0.10616
-0.106091
-0.106019
-0.105863
-0.105692
-0.105506
-0.105307
-0.104869
-0.104752
-0.104632
-0.104384
-0.103993
-0.103719
-0.103435
-0.102993
-0.102842
-0.102534
-0.102221
-0.102061
-0.101739
-0.101248
-0.100748
-0.100581
-0.100244
-0.100075
-0.09957
-0.0992348
-0.0990681
-0.0984116
-0.0982505
-0.0979327
-0.097623
-0.0973227
-0.0970338
-0.0967594
-0.0963803
-0.0962633
-0.0961516
-0.0959457
-0.0957659
-0.0955531
-0.0954521
-0.0953411
-0.0953313
-0.095328
-0.0953394
-0.095354
-0.0954002
-0.0954685
-0.0956633
-0.0957231
-0.0957872
-0.0960057
-0.0961711
-0.0963512
-0.0965453
-0.0968621
-0.0969737
-0.0970885
-0.0973271
-0.0975781
-0.09784
-0.0981123
-0.0986857
-0.0988348
-0.0991387
-0.0994498
-0.0997683
-0.100093
-0.100423
-0.100927
-0.101097
-0.101267
-0.10161
-0.101954
-0.102297
-0.10298
-0.103317
-0.103484
-0.103815
-0.104139
-0.104455
-0.104762
-0.105057
-0.105472
-0.105602
-0.105727
-0.105963
-0.106175
-0.106361
-0.106584
-0.106692
-0.106768
-0.106795
-0.106826
-0.106831
-0.106812
-0.106769
-0.106618
-0.106568
-0.106513
-0.106321
-0.106248
-0.10609
-0.105917
-0.105525
-0.105309
-0.105195
-0.10496
-0.104711
-0.104451
-0.104181
-0.103756
-0.103609
-0.103308
-0.103155
-0.102842
-0.102522
-0.102196
-0.101526
-0.101355
-0.101184
-0.100839
-0.100491
-0.100141
-0.0992667
-0.0989196
-0.0985765
-0.0982384
-0.0979081
-0.0975872
-0.0974309
-0.0968372
-0.0966977
-0.0964309
-0.0961822
-0.0959547
-0.0957515
-0.0955764
-0.0953732
-0.0952782
-0.0952782
-0.0952128
-0.0951748
-0.0951628
-0.0951746
-0.0952645
-0.0952997
-0.0953841
-0.0954871
-0.0956084
-0.0957468
-0.0959008
-0.0960702
-0.0962545
-0.096352
-0.0965573
-0.0967755
-0.097006
-0.097249
-0.0977698
-0.0979066
-0.0980462
-0.0983326
-0.0986281
-0.0989321
-0.0992437
-0.0998886
-0.100054
-0.10022
-0.100727
-0.10107
-0.101417
-0.101767
-0.102294
-0.102646
-0.102646
-0.102997
-0.103345
-0.103688
-0.104026
-0.10468
-0.104837
-0.105144
-0.105435
-0.105709
-0.10584
-0.106086
-0.106506
-0.106593
-0.106745
-0.106863
-0.106947
-0.107001
-0.107016
-0.107011
-0.106994
-0.106971
-0.106869
-0.106774
-0.106659
-0.106594
-0.106203
-0.106112
-0.106018
-0.105919
-0.105601
-0.105372
-0.105129
-0.104605
-0.104605
-0.104326
-0.104036
-0.103887
-0.103582
-0.103268
-0.102614
-0.102446
-0.102277
-0.101761
-0.10141
-0.101056
-0.100698
-0.100159
-0.099978
-0.0997976
-0.0994374
-0.0990785
-0.0987227
-0.0983709
-0.0976854
-0.0975193
-0.0973558
-0.096882
-0.0965841
-0.0963032
-0.0960405
-0.0956871
-0.095582
-0.0954838
-0.0953101
-0.0951689
-0.0950625
-0.0949891
-0.0949299
-0.0949321
-0.0949408
-0.0949772
-0.0950367
-0.0951179
-0.0952197
-0.0954821
-0.0955594
-0.0957272
-0.0959121
-0.096113
-0.0963292
-0.0965601
-0.096932
-0.0970622
-0.0971955
-0.0974708
-0.0979042
-0.0982066
-0.0985194
-0.0990053
-0.0993392
-0.099509
-0.0998536
-0.100028
-0.100381
-0.100739
-0.101466
-0.101833
-0.101833
-0.102201
-0.102569
-0.102937
-0.103301
-0.104015
-0.10419
-0.104362
-0.1047
-0.105027
-0.105492
-0.105781
-0.10618
-0.106302
-0.106629
-0.106629
-0.106811
-0.106961
-0.107075
-0.107206
-0.10722
-0.107227
-0.10722
-0.107187
-0.10713
-0.10705
-0.106826
-0.106757
-0.106606
-0.106523
-0.10625
-0.10615
-0.10594
-0.105475
-0.105221
-0.10509
-0.104817
-0.104532
-0.104235
-0.103928
-0.10361
-0.103284
-0.103117
-0.102778
-0.102256
-0.102079
-0.10154
-0.100989
-0.100803
-0.100431
-0.100056
-0.0998688
-0.0994939
-0.0991203
-0.0983832
-0.098202
-0.0978442
-0.0974948
-0.0971556
-0.096828
-0.0966695
-0.0960812
-0.0959473
-0.0956983
-0.0955841
-0.0953784
-0.0952054
-0.0950671
-0.0948907
-0.0948662
-0.0948485
-0.0948332
-0.0948592
-0.0949075
-0.094978
-0.0951231
-0.0952448
-0.0952448
-0.0953855
-0.0955445
-0.0957209
-0.0959139
-0.0963463
-0.0964634
-0.0965841
-0.0969672
-0.0972384
-0.0975216
-0.0978165
-0.0982791
-0.0984383
-0.0987633
-0.0990976
-0.0994402
-0.09979
-0.100147
-0.100693
-0.100878
-0.101249
-0.101624
-0.101811
-0.102188
-0.102752
-0.103313
-0.103498
-0.103865
-0.104227
-0.104579
-0.104753
-0.105091
-0.105726
-0.105874
-0.106018
-0.10629
-0.106654
-0.106863
-0.10704
-0.107242
-0.107292
-0.107333
-0.107391
-0.107419
-0.107419
-0.107392
-0.107265
-0.107218
-0.107108
-0.106977
-0.106826
-0.106656
-0.106564
-0.106153
-0.10604
-0.105924
-0.10568
-0.105421
-0.105149
-0.104863
-0.104256
-0.104097
-0.103935
-0.103605
-0.103092
-0.10274
-0.10238
-0.10183
-0.101644
-0.101268
-0.100888
-0.100505
-0.100313
-0.0999286
-0.0991604
-0.0989695
-0.0985896
-0.0984012
-0.0980288
-0.0974839
-0.0967911
-0.0964653
-0.0961576
-0.0958701
-0.0956039
-0.0953624
-0.0950537
-0.0949665
-0.0948879
-0.0947569
-0.0946239
-0.0945955
-0.0945604
-0.0945711
-0.0945899
-0.0946148
-0.0946814
-0.0948222
-0.0949417
-0.0950802
-0.0954126
-0.0954126
-0.0955068
-0.0957072
-0.0959229
-0.096154
-0.0963995
-0.0969312
-0.0970719
-0.0972157
-0.0975128
-0.097822
-0.0983054
-0.0986396
-0.0991579
-0.0993345
-0.0996931
-0.100059
-0.100431
-0.100619
-0.100998
-0.101764
-0.101957
-0.10215
-0.102728
-0.10292
-0.103492
-0.103869
-0.104423
-0.104604
-0.104959
-0.105132
-0.105468
-0.105945
-0.106242
-0.106645
-0.106767
-0.10699
-0.107181
-0.107264
-0.107403
-0.107506
-0.107612
-0.107619
-0.107619
-0.107597
-0.107516
-0.107431
-0.107322
-0.107119
-0.107041
-0.10687
-0.106778
-0.106472
-0.106247
-0.106129
-0.105616
-0.105479
-0.105338
-0.105047
-0.104743
-0.104427
-0.104101
-0.103417
-0.10324
-0.103061
-0.102696
-0.102135
-0.101753
-0.101367
-0.10078
-0.100583
-0.100187
-0.0999887
-0.0995919
-0.0991962
-0.0986067
-0.0980277
-0.0978378
-0.0976499
-0.0972808
-0.0969216
-0.0965758
-0.0962454
-0.0956369
-0.0954982
-0.0953657
-0.0951207
-0.0949049
-0.0946438
-0.0945151
-0.094388
-0.0943446
-0.0943345
-0.0943369
-0.0943488
-0.0943925
-0.0944622
-0.094673
-0.0947396
-0.0948115
-0.0949707
-0.0951498
-0.0954529
-0.0956764
-0.0961736
-0.0963077
-0.0964456
-0.0967321
-0.0970326
-0.0973457
-0.0975068
-0.0981797
-0.0983545
-0.0985317
-0.0988927
-0.0992622
-0.0998305
-0.100217
-0.100808
-0.101007
-0.101207
-0.10161
-0.102015
-0.102622
-0.103025
-0.103624
-0.103821
-0.104211
-0.104593
-0.10478
-0.105147
-0.105501
-0.10616
-0.106313
-0.106461
-0.106739
-0.10699
-0.107312
-0.107483
-0.107672
-0.107717
-0.107753
-0.107801
-0.107817
-0.107804
-0.107733
-0.107605
-0.10755
-0.107422
-0.107191
-0.107104
-0.106914
-0.106811
-0.106358
-0.106234
-0.106106
-0.105838
-0.105556
-0.105259
-0.104949
-0.104292
-0.104121
-0.10377
-0.103409
-0.103039
-0.10266
-0.102275
-0.101685
-0.101486
-0.101285
-0.100881
-0.100473
-0.0998582
-0.0994488
-0.0986353
-0.0984343
-0.0982347
-0.0980367
-0.0976458
-0.0972636
-0.0968913
-0.0961889
-0.0960231
-0.0958617
-0.0955542
-0.0951373
-0.0948934
-0.0946804
-0.0944269
-0.0943613
-0.0942579
-0.0941887
-0.0941518
-0.0941461
-0.094169
-0.0942543
-0.0943431
-0.0943431
-0.0944559
-0.0945913
-0.0947487
-0.094927
-0.0953415
-0.0954568
-0.095701
-0.0959622
-0.0962391
-0.0963831
-0.0966816
-0.09732
-0.0974874
-0.0976578
-0.0981868
