-0.0997158
-0.0997115
-0.0997075
-0.0997043
-0.0997022
-0.0997209
-0.0997264
-0.0997315
-0.0997389
-0.0997405
-0.0997402
-0.0997383
-0.0997314
-0.0997159
-0.0997137
-0.0997153
-0.0997184
-0.0997227
-0.0997333
-0.0997388
-0.0997438
-0.099751
-0.099752
-0.0997499
-0.0997427
-0.0997384
-0.099734
-0.0997301
-0.0997253
-0.0997251
-0.099751
-0.0997562
-0.0997605
-0.0997636
-0.099765
-0.0997626
-0.0997594
-0.0997554
-0.099738
-0.0997376
-0.0997384
-0.0997401
-0.0997421
-0.0997466
-0.0997489
-0.0997519
-0.0997487
-0.0997481
-0.0997513
-0.0997537
-0.0997583
-0.0997595
-0.0997595
-0.0997581
-0.0997519
-0.0997402
-0.0997374
-0.0997358
-0.0997376
-0.099746
-0.0997516
-0.0997638
-0.0997802
-0.0997804
-0.0997804
-0.0997763
-0.0997688
-0.0997648
-0.0997611
-0.0997583
-0.0997594
-0.0997617
-0.0997641
-0.0997661
-0.0997673
-0.0997658
-0.0997632
-0.0997559
-0.099752
-0.0997443
-0.0997462
-0.0997497
-0.09976
-0.09976
-0.0997659
-0.0997719
-0.0997823
-0.0997859
-0.0997752
-0.0997598
-0.0997512
-0.0997427
-0.0997427
-0.0997271
-0.099721
-0.0997166
-0.0997141
-0.0997245
-0.0997302
-0.0997423
-0.099748
-0.0997528
-0.0997563
-0.0997555
-0.0997511
-0.099745
-0.0997126
-0.0996974
-0.0996974
-0.0996914
-0.099687
-0.0996845
-0.09969
-0.0996948
-0.0997004
-0.0997231
-0.0997231
-0.0997267
-0.0997287
-0.0997262
-0.0997158
-0.0997085
-0.0997004
-0.0996919
-0.0996622
-0.0996578
-0.0996578
-0.0996572
-0.0996572
-0.0996607
-0.099671
-0.0996769
-0.0996829
-0.0996989
-0.0996989
-0.0996922
-0.0996862
-0.0996708
-0.0996708
-0.0996455
-0.0996381
-0.099632
-0.0996271
-0.0996307
-0.0996307
-0.0996412
-0.0996473
-0.0996534
-0.099659
-0.0996673
-0.0996692
-0.0996621
-0.0996487
-0.0996321
-0.0996237
-0.0996157
-0.0996085
-0.0996026
-0.0995984
-0.0996066
-0.0996122
-0.0996181
-0.0996241
-0.0996344
-0.0996379
-0.0996398
-0.0996397
-0.0996373
-0.0996117
-0.0995947
-0.0995866
-0.0995793
-0.0995732
-0.0995663
-0.0995661
-0.099568
-0.0995715
-0.0995941
-0.0995998
-0.0996046
-0.0996102
-0.0996101
-0.0996033
-0.0995972
-0.0995898
-0.0995491
-0.0995431
-0.0995388
-0.0995365
-0.0995365
-0.0995423
-0.0995473
-0.0995591
-0.0995842
-0.0995894
-0.0995933
-0.0995956
-0.0995948
-0.0995924
-0.0995893
-0.0995822
-0.0995791
-0.0995765
-0.0995831
-0.0995884
-0.0995945
-0.0996133
-0.0996224
-0.0996247
-0.0996215
-0.0996184
-0.0996148
-0.0996082
-0.099606
-0.0996056
-0.0996081
-0.0996175
-0.0996424
-0.0996476
-0.0996538
-0.0996542
-0.0996506
-0.0996475
-0.0996404
-0.0996367
-0.0996407
-0.0996518
-0.0996582
-0.0996646
-0.0996757
-0.0996796
-0.099682
-0.0996792
-0.0996689
-0.0996657
-0.0996634
-0.0996622
-0.0996626
-0.0996649
-0.0996688
-0.0996739
-0.099704
-0.0997208
-0.0997208
-0.0997343
-0.0997388
-0.0997415
-0.0997425
-0.0997412
-0.0997397
-0.0997374
-0.0997397
-0.0997477
-0.0997533
-0.0997533
-0.0997598
-0.0997736
-0.0997801
-0.0997858
-0.0998009
-0.0998045
-0.099808
-0.0998135
-0.0998156
-0.0998177
-0.09982
-0.0998256
-0.0998437
-0.0998452
-0.0998453
-0.0998441
-0.0998421
-0.0998372
-0.0998352
-0.0998341
-0.0998447
-0.0998585
-0.0998662
-0.099874
-0.0998812
-0.0998928
-0.0998963
-0.099898
-0.09989
-0.0998871
-0.0998871
-0.0998889
-0.0998889
-0.0999023
-0.0999089
-0.0999227
-0.0999418
-0.0999426
-0.0999418
-0.099937
-0.0999338
-0.0999279
-0.0999279
-0.0999253
-0.099931
-0.0999398
-0.099945
-0.0999548
-0.0999588
-0.0999625
-0.0999618
-0.0999559
-0.0999379
-0.0999344
-0.0999322
-0.0999327
-0.0999395
-0.0999443
-0.0999495
-0.0999546
-0.099966
-0.099967
-0.0999663
-0.0999604
-0.0999513
-0.0999467
-0.0999389
-0.0999367
-0.0999401
-0.0999488
-0.099954
-0.0999592
-0.0999678
-0.0999705
-0.0999716
-0.0999706
-0.0999622
-0.0999385
-0.0999292
-0.0999199
-0.0999029
-0.0998907
-0.0998874
-0.0998864
-0.0998875
-0.0998902
-0.0999095
-0.0999143
-0.0999184
-0.0999223
-0.0999214
-0.0999129
-0.099906
-0.099853
-0.0998462
-0.099841
-0.099838
-0.0998384
-0.0998413
-0.0998454
-0.0998503
-0.0998724
-0.0998734
-0.0998692
-0.0998639
-0.099857
-0.0998389
-0.0998162
-0.0998041
-0.0997596
-0.0997514
-0.0997453
-0.0997396
-0.0997396
-0.0997395
-0.0997424
-0.0997471
-0.0997503
-0.0997452
-0.0997401
-0.0997264
-0.0997179
-0.0997087
-0.099699
-0.0996798
-0.0996798
-0.0996484
-0.0996423
-0.0996374
-0.099634
-0.0996319
-0.0996299
-0.0996291
-0.0996258
-0.099605
-0.0995978
-0.0995905
-0.0995771
-0.0995714
-0.0995614
-0.0995566
-0.0995516
-0.0995276
-0.0995232
-0.0995174
-0.0995166
-0.0995183
-0.09952
-0.0995228
-0.0995231
-0.0995152
-0.0995091
-0.0995017
-0.0994935
-0.0994764
-0.099461
-0.099455
-0.0994507
-0.0994491
-0.0994508
-0.0994524
-0.0994539
-0.099453
-0.099447
-0.0994425
-0.0994374
-0.099409
-0.0994055
-0.0994036
-0.0994036
-0.0994052
-0.0994118
-0.0994159
-0.09942
-0.0994259
-0.0994223
-0.0994174
-0.0994055
-0.0993994
-0.099389
-0.0993854
-0.0993833
-0.0993834
-0.0993828
-0.0993817
-0.0993806
-0.0993799
-0.0993799
-0.0993829
-0.0993875
-0.0993888
-0.0993888
-0.099386
-0.0993747
-0.0993713
-0.0993672
-0.0993672
-0.0993695
-0.0993895
-0.0993954
-0.099401
-0.0994092
-0.0994113
-0.0994122
-0.0994123
-0.0994118
-0.099412
-0.099424
-0.0994297
-0.0994358
-0.0994475
-0.0994475
-0.0994523
-0.0994558
-0.0994588
-0.0994581
-0.0994612
-0.0994649
-0.0994755
-0.0994879
-0.0994879
-0.0994938
-0.0994995
-0.099505
-0.099522
-0.0995339
-0.0995394
-0.0995479
-0.0995533
-0.0995559
-0.0995589
-0.0995628
-0.099586
-0.0995925
-0.0995991
-0.0996105
-0.0996147
-0.099618
-0.0996209
-0.0996271
-0.0996312
-0.0996579
-0.0996664
-0.099675
-0.0996906
-0.099697
-0.0997025
-0.0997128
-0.0997182
-0.0997442
-0.099751
-0.0997574
-0.0997675
-0.0997675
-0.0997745
-0.0997779
-0.0997922
-0.0998137
-0.0998219
-0.0998301
-0.0998506
-0.0998556
-0.0998599
-0.0998669
-0.0998702
-0.099874
-0.0998906
-0.0999044
-0.0999109
-0.0999165
-0.0999212
-0.099925
-0.0999317
-0.0999354
-0.09994
-0.0999665
-0.0999746
-0.0999904
-0.100003
-0.100009
-0.100009
-0.100009
-0.100003
-0.100002
-0.100002
-0.100004
-0.100008
-0.100014
-0.100028
-0.100045
-0.100084
-0.100084
-0.100088
-0.100092
-0.100092
-0.10009
-0.100086
-0.100086
-0.100099
-0.100107
-0.100123
-0.100132
-0.100147
-0.100154
-0.100158
-0.100161
-0.100145
-0.100133
-0.100127
-0.100122
-0.100118
-0.100117
-0.100119
-0.100123
-0.100137
-0.100162
-0.10017
-0.100178
-0.100188
-0.100191
-0.100191
-0.100185
-0.100179
-0.100134
-0.100125
-0.100117
-0.100104
-0.100101
-0.1001
-0.100103
-0.100106
-0.10012
-0.100128
-0.100131
-0.10013
-0.100127
-0.100122
-0.100116
-0.1001
-0.100066
-0.10006
-0.100055
-0.100052
-0.100051
-0.100051
-0.100052
-0.100054
-0.100045
-0.100031
-0.100022
-0.100013
-0.100005
-0.0999884
-0.0999812
-0.0999747
-0.0999685
-0.0999406
-0.0999328
-0.0999255
-0.099919
-0.0999088
-0.0999004
-0.0999004
-0.0998958
-0.0998841
-0.0998608
-0.099852
-0.0998432
-0.0998269
-0.0998195
-0.099805
-0.0997979
-0.099783
-0.09976
-0.0997527
-0.0997397
-0.099734
-0.0997283
-0.0997154
-0.099708
-0.0996916
-0.0996566
-0.0996488
-0.0996423
-0.0996333
-0.0996303
-0.0996277
-0.0996251
-0.0996185
-0.0995913
-0.0995825
-0.0995737
-0.099565
-0.0995564
-0.0995475
-0.099529
-0.0995196
-0.0995104
-0.0994724
-0.0994627
-0.0994534
-0.0994376
-0.0994311
-0.0994252
-0.0994199
-0.09941
-0.0994047
-0.0993987
-0.0993692
-0.0993619
-0.0993554
-0.0993452
-0.099341
-0.0993322
-0.0993271
-0.0992984
-0.0992937
-0.0992881
-0.099287
-0.0992873
-0.0992875
-0.0992874
-0.0992864
-0.0992589
-0.0992496
-0.0992212
-0.0992128
-0.0992001
-0.0991966
-0.0991966
-0.0992062
-0.099211
-0.0992157
-0.09922
-0.0992259
-0.0992266
-0.0992255
-0.0992226
-0.0992179
-0.0991868
-0.099178
-0.0991696
-0.0991555
-0.0991506
-0.0991478
-0.0991485
-0.0991516
-0.0991558
-0.0991769
-0.0991812
-0.0991843
-0.0991866
-0.0991864
-0.0991852
-0.099185
-0.0991856
-0.0992061
-0.0992061
-0.0992117
-0.0992212
-0.0992245
-0.099228
-0.0992285
-0.0992286
-0.0992333
-0.0992374
-0.0992427
-0.0992555
-0.099262
-0.0992681
-0.0992736
-0.0992786
-0.099289
-0.0993147
-0.0993215
-0.0993279
-0.0993335
-0.0993382
-0.0993455
-0.099349
-0.0993529
-0.0993576
-0.0993864
-0.0993953
-0.0994129
-0.0994129
-0.0994213
-0.0994375
-0.0994453
-0.0994612
-0.0995016
-0.0995094
-0.0995166
-0.0995233
-0.0995362
-0.0995425
-0.0995564
-0.0995642
-0.0995913
-0.0996115
-0.0996212
-0.0996301
-0.099638
-0.0996519
-0.0996586
-0.0996658
-0.0996736
-0.09971
-0.0997197
-0.0997294
-0.0997481
-0.0997572
-0.0997746
-0.0997833
-0.0997924
-0.0998021
-0.099854
-0.099854
-0.0998791
-0.0998791
-0.0998861
-0.0998931
-0.0999085
-0.0999169
-0.0999347
-0.0999647
-0.0999834
-0.0999912
-0.0999974
-0.100007
-0.10001
-0.100018
-0.100023
-0.100056
-0.100066
-0.100086
-0.100095
-0.100104
-0.100112
-0.100121
-0.100129
-0.100147
-0.100181
-0.100189
-0.100197
-0.100203
-0.100208
-0.100213
-0.100218
-0.100224
-0.100236
-0.100262
-0.100268
-0.100279
-0.100283
-0.100286
-0.100287
-0.100287
-0.100288
-0.100288
-0.100302
-0.100308
-0.100314
-0.100327
-0.100332
-0.100336
-0.100339
-0.100338
-0.100325
-0.100319
-0.100318
-0.100319
-0.100325
-0.100331
-0.100331
-0.100337
-0.100343
-0.100365
-0.100368
-0.100366
-0.100362
-0.100356
-0.100341
-0.100333
-0.100318
-0.1003
-0.1003
-0.100302
-0.100312
-0.100318
-0.100324
-0.100331
-0.100337
-0.100346
-0.100348
-0.100341
-0.100325
-0.100314
-0.100302
-0.100302
-0.100276
-0.100262
-0.100249
-0.100237
-0.100191
-0.100181
-0.100172
-0.100156
-0.100149
-0.100142
-0.100135
-0.100121
-0.100089
-0.10008
-0.100065
-0.100059
-0.100053
-0.100043
-0.100038
-0.100031
-0.0999858
-0.0999753
-0.0999652
-0.0999466
-0.0999374
-0.099928
-0.0999184
-0.0998986
-0.0998435
-0.0998335
-0.0998335
-0.0998163
-0.0998085
-0.0997925
-0.0997837
-0.099765
-0.0997335
-0.0997225
-0.099702
-0.0996932
-0.0996853
-0.0996778
-0.0996703
-0.0996538
-0.0996441
-0.0996225
-0.0995861
-0.0995735
-0.0995608
-0.0995369
-0.0995257
-0.099503
-0.0994915
-0.0994797
-0.0994678
-0.0994316
-0.0994198
-0.0994084
-0.0993873
-0.099377
-0.0993572
-0.0993383
-0.0993031
-0.0992951
-0.099282
-0.0992743
-0.0992718
-0.0992697
-0.0992676
-0.0992651
-0.0992617
-0.0992327
-0.0992098
-0.0992098
-0.0991854
-0.0991504
-0.0991504
-0.099123
-0.0991099
-0.0991077
-0.0991059
-0.0990988
-0.0990988
-0.0990889
-0.0990821
-0.0990665
-0.0990585
-0.099036
-0.099036
-0.0990297
-0.099021
-0.0990193
-0.0990202
-0.0990221
-0.0990266
-0.0990277
-0.0990242
-0.099019
-0.0990055
-0.0989979
-0.0989904
-0.0989832
-0.0989717
-0.0989717
-0.0989681
-0.0989744
-0.0989799
-0.0989863
-0.0989931
-0.0990063
-0.0990119
-0.0990192
-0.0990202
-0.0990196
-0.0990121
-0.099009
-0.0990063
-0.0990037
-0.0990045
-0.0990115
-0.0990233
-0.0990495
-0.0990605
-0.0990645
-0.099067
-0.0990684
-0.0990692
-0.0990694
-0.09907
-0.0990923
-0.0991012
-0.0991109
-0.0991209
-0.0991309
-0.0991503
-0.0991597
-0.099169
-0.0991786
-0.0992183
-0.099228
-0.0992374
-0.0992546
-0.0992804
-0.0992894
-0.0992984
-0.0993348
-0.0993549
-0.0993646
-0.0993734
-0.0993812
-0.0993948
-0.0994015
-0.0994165
-0.0994566
-0.099468
-0.0994902
-0.0995005
-0.0995202
-0.0995403
-0.0995602
-0.0995905
-0.0996096
-0.0996183
-0.0996266
-0.0996349
-0.099653
-0.0996635
-0.0996748
-0.0997262
-0.0997548
-0.0997818
-0.099804
-0.0998124
-0.0998191
-0.0998246
-0.0998293
-0.0998476
-0.0998541
-0.0998825
-0.0998946
-0.0998946
-0.0999356
-0.0999504
-0.10001
-0.100024
-0.100037
-0.100048
-0.100067
-0.100076
-0.100085
-0.100103
-0.100114
-0.100151
-0.100163
-0.100176
-0.1002
-0.100211
-0.100221
-0.100241
-0.100251
-0.100262
-0.100317
-0.100327
-0.100336
-0.100343
-0.10035
-0.100356
-0.100367
-0.100373
-0.100405
-0.100414
-0.10043
-0.100437
-0.100442
-0.100453
-0.100459
-0.100472
-0.100492
-0.100504
-0.100504
-0.100508
-0.100511
-0.100513
-0.100513
-0.100513
-0.100532
-0.100538
-0.100545
-0.100551
-0.100556
-0.100563
-0.100563
-0.10056
-0.100547
-0.100545
-0.100543
-0.100544
-0.100545
-0.10055
-0.100553
-0.100557
-0.100548
-0.100542
-0.100535
-0.100521
-0.100514
-0.100508
-0.100503
-0.100498
-0.100491
-0.100487
-0.100483
-0.100478
-0.100466
-0.100459
-0.100452
-0.100446
-0.100431
-0.100406
-0.100388
-0.10038
-0.100373
-0.100366
-0.10036
-0.100347
-0.100332
-0.100295
-0.100285
-0.100275
-0.100259
-0.100259
-0.100245
-0.100238
-0.100223
-0.100193
-0.100181
-0.100169
-0.100145
-0.100134
-0.100113
-0.100102
-0.10009
-0.10004
-0.100014
-0.100014
-0.0999896
-0.0999779
-0.0999544
-0.0999426
-0.0999194
-0.0999075
-0.0998681
-0.0998399
-0.099826
-0.0998121
-0.0997979
-0.0997697
-0.0997556
-0.0997413
-0.0997268
-0.0996523
-0.0996384
-0.0996259
-0.0996148
-0.099605
-0.0995959
-0.0995788
-0.0995698
-0.0995599
-0.0995078
-0.0994927
-0.0994776
-0.0994626
-0.0994477
-0.0994175
-0.0994026
-0.0993728
-0.0993576
-0.0993109
-0.0992951
-0.0992798
