-0.100376
-0.100366
-0.100361
-0.10035
-0.100343
-0.100341
-0.100351
-0.100355
-0.100363
-0.100368
-0.100368
-0.100365
-0.100363
-0.100363
-0.100366
-0.10037
-0.100379
-0.100386
-0.100388
-0.100385
-0.10038
-0.100382
-0.10039
-0.100395
-0.100403
-0.100407
-0.100408
-0.100402
-0.1004
-0.1004
-0.100402
-0.10041
-0.100422
-0.100425
-0.100423
-0.100419
-0.100408
-0.100402
-0.100392
-0.100388
-0.100401
-0.100406
-0.100413
-0.100416
-0.10041
-0.100401
-0.100377
-0.100375
-0.100378
-0.100381
-0.100398
-0.100402
-0.100399
-0.100389
-0.100389
-0.100371
-0.10036
-0.100352
-0.100348
-0.100348
-0.100349
-0.100346
-0.100342
-0.100331
-0.100319
-0.100305
-0.100307
-0.100315
-0.100323
-0.100327
-0.100325
-0.1003
-0.100291
-0.100271
-0.100253
-0.100241
-0.100236
-0.100251
-0.100256
-0.100266
-0.100267
-0.100263
-0.10025
-0.100239
-0.100232
-0.100235
-0.100235
-0.100243
-0.100252
-0.100262
-0.100262
-0.10025
-0.10024
-0.100235
-0.100229
-0.100227
-0.10023
-0.100243
-0.100257
-0.100261
-0.100268
-0.100274
-0.10028
-0.100283
-0.100289
-0.100303
-0.100307
-0.100314
-0.10032
-0.100328
-0.100337
-0.100342
-0.100365
-0.10037
-0.100375
-0.100379
-0.100394
-0.100404
-0.100414
-0.100428
-0.100439
-0.100444
-0.100454
-0.100459
-0.100469
-0.100499
-0.100508
-0.100512
-0.100519
-0.100522
-0.100525
-0.100527
-0.100551
-0.100561
-0.100564
-0.100569
-0.100567
-0.100565
-0.100569
-0.100578
-0.100584
-0.100589
-0.100597
-0.100604
-0.100606
-0.100607
-0.100607
-0.100607
-0.100603
-0.1006
-0.100599
-0.100602
-0.100605
-0.100604
-0.100598
-0.100589
-0.100579
-0.100574
-0.100563
-0.100546
-0.100542
-0.100532
-0.100523
-0.100513
-0.100509
-0.100498
-0.100468
-0.100461
-0.100455
-0.100449
-0.100435
-0.100415
-0.100409
-0.10038
-0.100373
-0.100366
-0.100344
-0.100328
-0.100313
-0.100298
-0.100268
-0.10026
-0.100253
-0.100246
-0.100224
-0.100209
-0.100194
-0.100174
-0.100168
-0.100154
-0.100141
-0.100135
-0.100118
-0.100105
-0.10009
-0.100086
-0.100077
-0.100073
-0.10006
-0.100057
-0.100048
-0.100042
-0.100038
-0.100037
-0.100036
-0.100039
-0.100041
-0.100041
-0.100036
-0.100033
-0.100034
-0.100039
-0.100053
-0.100059
-0.100064
-0.100085
-0.10009
-0.100099
-0.100109
-0.10012
-0.100132
-0.100165
-0.100173
-0.100187
-0.100193
-0.100202
-0.100214
-0.100249
-0.100258
-0.100267
-0.100286
-0.100311
-0.100328
-0.100374
-0.100383
-0.100393
-0.100419
-0.100435
-0.100451
-0.100476
-0.100486
-0.100495
-0.100514
-0.100542
-0.100562
-0.100581
-0.100608
-0.100618
-0.100636
-0.100654
-0.100671
-0.100686
-0.100702
-0.100723
-0.100742
-0.100754
-0.100763
-0.100766
-0.100771
-0.10079
-0.100795
-0.100798
-0.100803
-0.100803
-0.100802
-0.100798
-0.100798
-0.100805
-0.10081
-0.100818
-0.100821
-0.100823
-0.100812
-0.100775
-0.100765
-0.100755
-0.100746
-0.100722
-0.100708
-0.100694
-0.100671
-0.100663
-0.100654
-0.100628
-0.10061
-0.10059
-0.10057
-0.100539
-0.100528
-0.100505
-0.100494
-0.10046
-0.100437
-0.100425
-0.100376
-0.100364
-0.100352
-0.100314
-0.100289
-0.100264
-0.100238
-0.1002
-0.100187
-0.100151
-0.100139
-0.100115
-0.100092
-0.100069
-0.100035
-0.100024
-0.100014
-0.0999834
-0.0999644
-0.0999457
-0.0999278
-0.0999042
-0.0998973
-0.0998903
-0.0998721
-0.0998621
-0.0998532
-0.0998493
-0.0998391
-0.0998378
-0.0998368
-0.0998376
-0.0998393
-0.0998425
-0.0998444
-0.099859
-0.0998628
-0.099867
-0.0998715
-0.0998851
-0.0998952
-0.099908
-0.0999288
-0.0999431
-0.0999509
-0.0999686
-0.099978
-0.0999968
-0.100026
-0.100058
-0.10008
-0.100092
-0.100116
-0.100129
-0.100169
-0.100196
-0.100239
-0.100269
-0.100297
-0.100312
-0.100341
-0.100372
-0.100402
-0.100463
-0.100478
-0.100494
-0.100525
-0.100554
-0.100569
-0.100614
-0.100658
-0.100672
-0.100699
-0.100726
-0.100754
-0.10078
-0.100793
-0.100843
-0.100885
-0.100893
-0.100901
-0.100917
-0.100957
-0.100964
-0.100974
-0.100978
-0.10098
-0.100983
-0.100993
-0.101001
-0.101006
-0.101005
-0.101
-0.100997
-0.100982
-0.100978
-0.10097
-0.100967
-0.100962
-0.100956
-0.100917
-0.100908
-0.1009
-0.100884
-0.100869
-0.100854
-0.100804
-0.10078
-0.100768
-0.100746
-0.100724
-0.100701
-0.100638
-0.100624
-0.100609
-0.100595
-0.100566
-0.10052
-0.10052
-0.100418
-0.1004
-0.100364
-0.10033
-0.100283
-0.100253
-0.100192
-0.100161
-0.100129
-0.1001
-0.100072
-0.100044
-0.0999851
-0.0999708
-0.0999278
-0.0999017
-0.0998899
-0.0998676
-0.0998097
-0.0997871
-0.0997681
-0.0997523
-0.099736
-0.0997189
-0.0996867
-0.099679
-0.0996648
-0.0996558
-0.0996519
-0.0996493
-0.0996392
-0.0996371
-0.0996355
-0.0996387
-0.0996451
-0.0996524
-0.0996599
-0.0996736
-0.0996789
-0.0996851
-0.0996986
-0.0997125
-0.0997361
-0.0997542
-0.0997846
-0.0997952
-0.0998063
-0.0998301
-0.0998551
-0.0998813
-0.0999087
-0.0999681
-0.0999841
-0.100016
-0.100049
-0.100083
-0.100118
-0.10019
-0.100209
-0.100246
-0.100282
-0.100334
-0.10037
-0.100444
-0.100482
-0.10052
-0.100556
-0.100589
-0.100622
-0.100691
-0.100726
-0.100762
-0.100794
-0.100809
-0.100853
-0.100912
-0.100912
-0.100927
-0.100972
-0.101001
-0.101029
-0.101057
-0.101094
-0.101106
-0.101128
-0.101147
-0.101164
-0.101178
-0.10119
-0.101203
-0.101205
-0.101206
-0.101204
-0.101202
-0.101198
-0.101189
-0.101177
-0.101172
-0.101166
-0.101152
-0.101131
-0.101123
-0.101105
-0.101064
-0.101052
-0.101028
-0.101002
-0.100974
-0.10096
-0.100867
-0.10085
-0.100834
-0.100802
-0.100772
-0.100724
-0.100635
-0.100615
-0.100576
-0.100558
-0.100503
-0.100485
-0.100389
-0.100349
-0.100309
-0.10027
-0.100232
-0.100115
-0.100076
-0.10004
-0.100009
-0.0999947
-0.0999675
-0.0999081
-0.0998914
-0.0998565
-0.0998212
-0.099785
-0.0997483
-0.0997301
-0.0996609
-0.0996441
-0.0996273
-0.099595
-0.0995655
-0.0995264
-0.0995027
-0.0994823
-0.0994588
-0.0994588
-0.0994473
-0.0994395
-0.0994371
-0.0994397
-0.0994467
-0.0994487
-0.0994516
-0.0994641
-0.0994749
-0.0994881
-0.0995307
-0.0995402
-0.0995589
-0.0995677
-0.0995935
-0.099603
-0.0996245
-0.0996765
-0.099691
-0.099706
-0.0997375
-0.0997719
-0.0998285
-0.0998671
-0.0999275
-0.099949
-0.0999923
-0.100036
-0.10008
-0.100103
-0.100149
-0.100243
-0.100267
-0.100291
-0.100341
-0.100416
-0.100467
-0.100519
-0.100597
-0.100649
-0.100675
-0.100701
-0.100752
-0.100802
-0.100851
-0.100947
-0.10097
-0.100993
-0.101037
-0.101079
-0.10112
-0.101158
-0.101246
-0.101277
-0.101305
-0.101329
-0.101349
-0.101364
-0.101381
-0.101387
-0.101397
-0.101401
-0.101405
-0.101404
-0.101399
-0.101388
-0.101384
-0.101373
-0.101361
-0.101348
-0.101332
-0.101281
-0.101269
-0.101246
-0.101235
-0.101214
-0.101193
-0.101154
-0.101124
-0.101092
-0.101057
-0.101019
-0.100979
-0.100938
-0.100893
-0.100799
-0.100799
-0.100775
-0.100727
-0.100677
-0.100625
-0.100548
-0.100468
-0.100441
-0.100414
-0.100359
-0.100276
-0.100218
-0.10016
-0.100075
-0.100046
-0.100018
-0.099962
-0.0999071
-0.0998535
-0.0998002
-0.0996965
-0.0996721
-0.0996239
-0.0995773
-0.0995548
-0.0994921
-0.0994535
-0.0993992
-0.0993824
-0.0993664
-0.0993367
-0.0993103
-0.0992759
-0.0992588
-0.0992391
-0.0992372
-0.099238
-0.0992406
-0.0992476
-0.0992543
-0.0992574
-0.0992767
-0.0992831
-0.0992971
-0.099305
-0.0993331
-0.0993552
-0.099379
-0.0994196
-0.0994347
-0.0994666
-0.0995003
-0.0995364
-0.0995756
-0.0996592
-0.099681
-0.0997258
-0.0997697
-0.0998117
-0.0998755
-0.0999213
-0.0999944
-0.100045
-0.100097
-0.100124
-0.100152
-0.100207
-0.100263
-0.10038
-0.10041
-0.10044
-0.1005
-0.100593
-0.100655
-0.100806
-0.100835
-0.100892
-0.100918
-0.100969
-0.101019
-0.101117
-0.101164
-0.10121
-0.101273
-0.10131
-0.101347
-0.101402
-0.101437
-0.101453
-0.101483
-0.101498
-0.101525
-0.10155
-0.101586
-0.101593
-0.101601
-0.101602
-0.1016
-0.101598
-0.101592
-0.101573
-0.101567
-0.101553
-0.101536
-0.101517
-0.101495
-0.10143
-0.101415
-0.101372
-0.101344
-0.10133
-0.101299
-0.101211
-0.101191
-0.101171
-0.101128
-0.101086
-0.101044
-0.100903
-0.100903
-0.100828
-0.100803
-0.100728
-0.100678
-0.10057
-0.100541
-0.100455
-0.100399
-0.100344
-0.100287
-0.100144
-0.100114
-0.100085
-0.100027
-0.0999448
-0.09989
-0.0997802
-0.0997525
-0.0996682
-0.099641
-0.0995658
-0.0995421
-0.0993823
-0.0993412
-0.0993218
-0.0992845
-0.0992667
-0.0992153
-0.0991825
-0.0991518
-0.0991239
-0.0991111
-0.0990873
-0.0990873
-0.0990578
-0.0990371
-0.0990359
-0.0990374
-0.0990424
-0.0990505
-0.0990611
-0.0990883
-0.099106
-0.0991151
-0.0991414
-0.099151
-0.0991722
-0.0991964
-0.0992685
-0.0993028
-0.0993394
-0.0993576
-0.0994119
-0.0994928
-0.0995361
-0.0995579
-0.0996015
-0.0996462
-0.0996921
-0.0997908
-0.0998444
-0.0998991
-0.0999802
-0.100036
-0.100092
-0.100181
-0.100211
-0.100243
-0.100307
-0.100372
-0.100437
-0.100503
-0.100639
-0.100673
-0.100707
-0.100777
-0.100848
-0.100952
-0.10102
-0.101121
-0.101155
-0.101188
-0.101283
-0.101345
-0.101404
-0.101459
-0.101512
-0.101537
-0.101607
-0.101649
-0.101686
-0.10172
-0.101771
-0.10178
-0.101794
-0.101803
-0.101803
-0.1018
-0.101789
-0.10178
-0.10177
-0.101761
-0.101748
-0.101731
-0.1017
-0.101688
-0.101675
-0.101647
-0.101616
-0.101582
-0.101546
-0.101464
-0.101442
-0.10142
-0.101349
-0.101325
-0.101246
-0.101191
-0.101103
-0.101073
-0.10101
-0.100945
-0.100878
-0.100808
-0.100736
-0.100629
-0.100593
-0.100556
-0.100482
-0.100407
-0.100332
-0.100256
-0.100101
-0.100063
-0.0999866
-0.0999105
-0.0998727
-0.0997981
-0.0997248
-0.0995081
-0.0994732
-0.0994732
-0.0993744
-0.0992857
-0.0991547
-0.09913
-0.0990836
-0.0990246
-0.0990246
-0.09899
-0.0989145
-0.0989017
-0.0988798
-0.0988644
-0.0988544
-0.0988465
-0.098828
-0.0988295
-0.0988374
-0.0988482
-0.0988614
-0.0988691
-0.0989064
-0.098917
-0.0989281
-0.0989527
-0.0989947
-0.0990251
-0.099058
-0.0991348
-0.0991555
-0.0991767
-0.0992218
-0.099246
-0.0992964
-0.0993757
-0.0994606
-0.0994904
-0.0995518
-0.099615
-0.0997146
-0.0997493
-0.0998935
-0.0999308
-0.100007
-0.100118
-0.100191
-0.100263
-0.100411
-0.100448
-0.100523
-0.100597
-0.100669
-0.10074
-0.10081
-0.100951
-0.100987
-0.101057
-0.101127
-0.101197
-0.101265
-0.101432
-0.101432
-0.101497
-0.101558
-0.101614
-0.101667
-0.101764
-0.101787
-0.10183
-0.10185
-0.101904
-0.101935
-0.101961
-0.101982
-0.101996
-0.102001
-0.101998
-0.101995
-0.101987
-0.101961
-0.101961
-0.101935
-0.101918
-0.101898
-0.101877
-0.101822
-0.101789
-0.101754
-0.101719
-0.101683
-0.101623
-0.101531
-0.101506
-0.101506
-0.101453
-0.101368
-0.101243
-0.101177
-0.101143
-0.101075
-0.100972
-0.100903
-0.100833
-0.100685
-0.100647
-0.100571
-0.100497
-0.100422
-0.100348
-0.100198
-0.10016
-0.100083
-0.100044
-0.0999667
-0.0998489
-0.0997688
-0.0996074
-0.0995676
-0.0994881
-0.0994484
-0.0993701
-0.0992946
-0.0992216
-0.0991157
-0.0990817
-0.0990169
-0.0989562
-0.098899
-0.0988458
-0.098821
-0.0987354
-0.0987173
-0.0986854
-0.0986721
-0.0986523
-0.0986423
-0.09864
-0.0986509
-0.0986556
-0.0986671
-0.0986742
-0.0986908
-0.0987115
-0.0987754
-0.0987907
-0.0988245
-0.0988596
-0.0988937
-0.0989298
-0.0990333
-0.0990801
-0.0991051
-0.0991821
-0.099234
-0.0992882
-0.0994051
-0.0994359
-0.0994675
-0.0994999
-0.0996018
-0.0996372
-0.0997093
-0.0998604
-0.0999
-0.0999403
-0.100022
-0.100149
-0.100238
-0.100328
-0.100465
-0.100511
-0.100604
-0.100698
-0.100792
-0.100838
-0.100931
-0.101114
-0.101159
-0.101203
-0.10129
-0.101375
-0.101456
-0.101687
-0.101724
-0.101793
-0.101857
-0.101886
-0.101966
-0.102055
-0.102094
-0.102111
-0.102139
-0.102159
-0.102174
-0.102187
-0.102204
-0.102205
-0.102204
-0.102198
-0.102179
-0.102162
-0.102142
-0.102092
-0.102077
-0.102062
-0.102029
-0.101993
-0.101973
-0.101908
-0.101837
-0.101812
-0.101758
-0.1017
-0.10164
-0.101578
-0.101512
-0.101407
-0.101371
-0.101297
-0.10122
-0.101141
-0.10106
-0.100976
-0.100845
-0.1008
-0.100709
-0.100663
-0.100568
-0.100425
-0.100183
-0.100183
-0.0999884
-0.0999884
-0.0998961
-0.0998059
-0.0996294
-0.099543
-0.0994167
-0.0993373
-0.0992619
-0.0991889
-0.0990821
-0.0990133
-0.0989799
-0.0989136
-0.098849
-0.0988175
-0.0986453
-0.0985742
-0.098555
-0.0985091
-0.0984861
-0.0984525
-0.0984463
-0.0984375
-0.0984352
-0.0984382
-0.0984444
-0.0984528
-0.0984794
-0.0984885
-0.0985089
-0.098532
-0.0985591
-0.0985901
-0.0986826
-0.0986826
-0.0987266
-0.0987727
-0.098818
-0.0988642
-0.0989955
-0.0990244
-0.0990827
-0.0991709
-0.0992014
-0.0992955
-0.0993969
-0.0994331
-0.0995075
-0.0995846
-0.099665
-0.0997485
-0.0998344
-0.0999222
-0.100012
-0.100059
-0.100153
-0.10025
-0.100299
-0.100449
-0.100654
-0.100756
-0.100808
-0.100859
-0.100961
-0.101062
-0.101161
-0.101358
-0.101406
-0.1015
-0.101545
-0.10168
-0.101766
-0.101966
-0.102003
-0.102072
-0.102103
-0.10216
-0.102236
-0.102332
-0.102347
-0.102361
-0.102382
-0.102394
-0.102401
-0.102401
-0.102397
-0.102393
-0.10238
-0.102355
-0.102334
-0.102264
-0.102248
-0.102232
-0.102199
-0.102165
-0.102128
-0.102064
-0.10199
-0.101963
-0.101907
-0.101878
-0.101783
-0.101714
-0.101643
-0.101529
-0.10149
-0.101449
-0.101326
-0.101241
-0.101152
-0.101061
-0.100921
-0.100874
-0.100825
-0.100725
-0.100624
-0.100467
-0.100307
-0.100146
-0.100039
-0.0999336
-0.0998305
-0.0997303
-0.0995815
-0.0994356
-0.0993887
-0.0992982
-0.0992112
-0.099085
-0.0989654
-0.0989267
-0.0988884
-0.098777
-0.0987065
-0.0986722
-0.098605
-0.0984794
-0.0984511
-0.0983985
-0.0983742
-0.0983102
-0.0982776
-0.0982548
-0.0982435
-0.0982435
-0.0982513
-0.0982566
-0.0982628
-0.0982779
-0.0983217
-0.0983496
-0.0983649
-0.0983811
-0.0984171
-0.0984577
-0.098502
-0.0985499
-0.0986576
-0.0986867
-0.0987166
-0.0987792
-0.0988809
-0.0989529
-0.0990276
-0.0991873
-0.0991873
-0.0992294
-0.0992724
-0.0994049
-0.0994967
-0.0995913
-0.0997866
-0.099837
-0.099837
-0.0999927
-0.100099
-0.100207
-0.100371
-0.100481
-0.100648
-0.100704
-0.100817
-0.100929
-0.101041
-0.101152
-0.101262
-0.101425
-0.101478
-0.101582
-0.101685
-0.101784
-0.10188
-0.101972
-0.102103
-0.102145
-0.102184
-0.102295
-0.102362
-0.102422
-0.102498
-0.10252
-0.102539
-0.102572
-0.102592
-0.102601
-0.102602
-0.102583
-0.102575
-0.102556
-0.102544
-0.10252
-0.10249
-0.102398
-0.102377
-0.102331
-0.102283
-0.102235
-0.102186
-0.102133
-0.102015
-0.101984
-0.101951
-0.101882
-0.101809
-0.101692
-0.101609
-0.101431
-0.101338
-0.101246
-0.101199
-0.101058
-0.10101
-0.100762
-0.100658
-0.100555
-0.100453
-0.10035
-0.100248
-0.100146
-0.0999375
-0.0998319
-0.0997793
-0.0996757
-0.0995741
-0.0994737
-0.0992767
-0.099228
-0.0991793
-0.0990821
-0.0989871
-0.0988497
-0.0987605
-0.0985901
-0.0985495
-0.0985097
-0.0984328
-0.09836
-0.0982921
-0.0982298
-0.0981487
-0.0981261
-0.0981061
-0.0980731
-0.098051
-0.0980399
-0.0980397
-0.0980612
-0.0980691
-0.098078
-0.0980993
-0.0981395
-0.0981707
-0.098206
-0.0982902
-0.0983378
-0.0983885
-0.098441
-0.0984682
-0.0985533
-0.0986474
-0.0986474
-0.0987514
-0.0988252
-0.0989032
-0.0989858
-0.0992091
-0.099256
-0.0993501
-0.0994443
-0.0995388
-0.0995868
-0.0997354
-0.0999418
-0.0999947
-0.100048
-0.100103
-0.10027
-0.100384
-0.100499
-0.100673
-0.100673
-0.100849
-0.100967
-0.101086
-0.101204
-0.10132
-0.101494
-0.101551
-0.101719
-0.101774
-0.101881
-0.101987
-0.102089
-0.10228
-0.10228
-0.102325
-0.102411
-0.10249
-0.102594
-0.102654
-0.102726
-0.102745
-0.102761
-0.102785
-0.102797
-0.102797
-0.102789
-0.102768
-0.102737
-0.102725
-0.102697
-0.102666
-0.102631
-0.10259
-0.102521
-0.102521
-0.102442
-0.102384
-0.102322
-0.102256
-0.102187
-0.102073
-0.102034
-0.101952
-0.101866
-0.101775
-0.10168
-0.101581
-0.101426
-0.101372
-0.101317
-0.101205
-0.101092
-0.100916
-0.100796
-0.100612
-0.100549
-0.100423
-0.10036
-0.100169
-0.100041
-0.0999769
-0.0997187
-0.0996549
-0.0995913
-0.0994643
-0.0992767
-0.0991554
-0.0990365
-0.0988618
-0.0988049
-0.0986942
-0.0985876
-0.0984846
-0.0983873
-0.098341
-0.0981704
-0.0981316
-0.0980946
-0.0979974
-0.0979441
-0.0979208
-0.0978826
-0.097845
-0.097845
-0.097849
-0.0978535
-0.0978666
-0.0978843
-0.0979056
-0.0979609
-0.0979965
-0.0980158
-0.098057
-0.0981036
-0.0981551
-0.0982107
-0.0983688
-0.0984042
-0.0984405
-0.0985157
-0.0985923
-0.0986709
-0.0988362
-0.0988793
-0.0989687
-0.0990152
-0.0991115
-0.0992114
-0.099315
-0.099534
-0.0995903
-0.0997042
-0.0997621
-0.09988
-0.100062
-0.100186
-0.100376
-0.100441
-0.100571
-0.100702
-0.100833
-0.100966
-0.101098
-0.101295
-0.101425
-0.101425
-0.101617
-0.101742
-0.101803
-0.101924
-0.102155
-0.102263
-0.102316
-0.102368
-0.102466
-0.102559
-0.102686
-0.102761
-0.102858
-0.102885
-0.102909
-0.10295
-0.10298
-0.102996
-0.102996
-0.102991
-0.102977
-0.102957
-0.102944
-0.102916
-0.102882
-0.102803
-0.10278
-0.102732
-0.102679
-0.102621
-0.102559
-0.102492
-0.102383
-0.102344
-0.102264
-0.102223
-0.102137
-0.102047
-0.101903
-0.101752
-0.101699
-0.10159
-0.101477
-0.101361
-0.101241
-0.101116
-0.100925
-0.100861
-0.100795
-0.100663
-0.100528
-0.100393
-0.100257
-0.0999822
-0.099913
-0.0997753
-0.0996384
-0.0995017
-0.0993658
-0.0990342
-0.0989694
-0.0988427
-0.0987222
-0.0986642
-0.0985519
-0.0982927
-0.0982447
-0.0981524
-0.0980676
-0.0979563
-0.0978906
-0.0978301
-0.0977522
-0.0976918
-0.0976758
-0.0976626
-0.0976524
-0.0976418
-0.0976428
-0.0976581
-0.097666
-0.0976972
-0.0977233
-0.0977377
-0.09777
-0.0978077
-0.0978966
-0.0979219
-0.0979766
-0.0980363
-0.0980678
-0.0981691
-0.0982423
-0.0983627
-0.0984479
-0.0984918
-0.0985368
-0.0986301
-0.0987281
-0.0988296
-0.0990447
-0.0991013
-0.099159
-0.0993372
-0.099461
-0.0995887
-0.0997189
-0.0999853
-0.0999853
-0.100193
-0.100193
-0.100333
-0.100473
-0.100615
-0.100901
-0.100972
-0.101043
-0.101256
-0.101396
-0.101466
-0.101604
-0.101874
-0.10194
-0.102005
-0.102193
-0.102315
-0.102374
-0.102542
-0.102697
-0.102746
-0.102838
-0.102921
-0.102996
-0.10309
-0.103171
-0.103171
-0.10319
-0.103198
-0.103198
-0.103189
-0.103144
-0.103117
-0.103103
-0.103072
-0.103041
-0.103004
-0.102869
-0.102841
-0.102784
-0.102724
-0.102662
-0.102629
-0.102487
-0.102449
-0.10241
-0.102329
-0.102241
-0.102148
-0.102051
-0.101844
-0.101789
-0.101733
-0.101618
-0.1015
-0.101377
-0.101184
-0.100985
-0.100918
-0.10078
-0.10064
-0.100498
-0.100354
-0.100209
-0.0999888
-0.0999154
-0.0998418
-0.0996197
-0.0994723
-0.0993264
-0.0991815
-0.0988974
-0.0988974
-0.0988282
-0.098692
-0.0985593
-0.0984303
-0.0983066
-0.0981323
-0.0980226
-0.0979195
-0.0977796
-0.0977368
-0.0976575
-0.0976213
-0.0975081
-0.0974882
-0.0974594
-0.0974503
-0.0974427
-0.0974524
-0.097468
-0.0975038
-0.0975188
-0.0975529
-0.0975909
-0.0976342
-0.0976827
-0.0977364
-0.0978249
-0.0978572
-0.0979266
-0.0979629
-0.0980391
-0.0981198
-0.098251
-0.0983922
-0.098441
-0.0985419
-0.0986475
-0.0987571
-0.0988703
-0.0989875
-0.0991721
-0.0992356
-0.0992999
-0.0994313
-0.0996371
-0.0997787
-0.0998502
-0.100142
-0.100217
-0.100293
-0.100444
-0.100596
-0.100749
-0.10098
-0.101209
-0.101284
-0.101436
-0.101586
-0.101734
-0.101879
-0.102022
-0.10223
-0.102297
-0.102363
-0.102492
-0.102615
-0.102733
-0.102843
-0.103044
-0.103088
-0.10313
-0.103206
-0.103272
-0.103326
-0.103365
-0.103394
-0.103394
-0.103391
-0.103379
-0.103359
-0.103333
-0.103303
-0.103224
-0.103201
-0.103177
-0.103097
-0.103068
-0.102971
-0.102787
-0.102746
-0.102661
-0.102618
-0.102531
-0.102441
-0.102248
-0.102093
-0.10204
-0.101931
-0.101821
-0.10171
-0.101477
-0.101477
-0.101294
-0.101231
-0.101167
-0.100968
-0.100763
-0.100553
-0.100481
-0.100336
-0.10019
-0.100041
-0.09989
-0.0997385
-0.0995108
-0.0994344
-0.099205
-0.099129
-0.0989784
-0.09883
-0.0985402
-0.0984019
-0.0983351
-0.0982064
-0.0980846
-0.097969
-0.0976174
-0.0975754
-0.0975362
-0.0974649
-0.0974323
-0.0973737
-0.0973247
-0.0972599
-0.0972513
-0.0972461
-0.0972443
-0.0972513
-0.097265
-0.0972842
-0.0973412
-0.097359
-0.097378
-0.0974202
-0.0974951
-0.0975521
-0.097613
-0.0977151
-0.0977523
-0.0978308
-0.0979143
-0.0980022
-0.0980485
-0.0981946
-0.0983508
-0.0984051
-0.0984606
-0.0985749
-0.0986928
-0.0988145
-0.0989406
-0.0992057
-0.0993437
-0.0994143
-0.0994862
-0.0996333
-0.0997838
-0.0999366
-0.100251
-0.100251
-0.10041
-0.100651
-0.100813
-0.100976
-0.101138
-0.101381
-0.101461
-0.101542
-0.101701
-0.101857
-0.102011
-0.102382
-0.102453
-0.102591
-0.102784
-0.102902
-0.103012
-0.103213
-0.1033
-0.10334
-0.103411
-0.10347
-0.103518
-0.103583
-0.103591
-0.103596
-0.103598
-0.103591
-0.103577
-0.103546
-0.103501
-0.103464
-0.103422
-0.103399
-0.103347
-0.10329
-0.10326
-0.103123
-0.103085
-0.103046
-0.102963
-0.102875
-0.102781
-0.10263
-0.102469
-0.102413
-0.102296
-0.102175
-0.10205
-0.101921
-0.101855
-0.10158
-0.101364
-0.101215
-0.101066
-0.100991
-0.10084
-0.100536
-0.100459
-0.100306
-0.100152
-0.0999965
-0.0998401
-0.0996835
-0.0994469
-0.0992878
-0.0992085
-0.0990511
-0.0988948
-0.09874
-0.0985878
-0.0983652
-0.0982927
-0.098221
-0.0980805
-0.0978801
-0.0977538
-0.0976335
-0.0974174
-0.0973694
-0.0973239
-0.0972407
-0.0971703
-0.0971406
-0.097093
-0.0970448
-0.0970455
-0.0970591
-0.0970789
-0.0970909
-0.0971187
-0.0971904
-0.0972116
-0.0972342
-0.0972842
-0.0973403
-0.0974344
-0.0975042
-0.0976205
-0.0977049
-0.0977946
-0.0978417
-0.0979407
-0.0979924
-0.0981537
-0.0983262
-0.0983862
-0.0984471
-0.0985716
-0.0987006
-0.0988349
-0.0989738
-0.0992626
-0.0993373
-0.0994133
-0.0995684
-0.0997257
-0.099885
-0.100047
-0.100463
-0.100632
-0.100802
-0.100969
-0.101051
-0.101296
-0.101459
-0.101699
-0.101778
-0.101935
-0.102166
-0.102242
-0.102391
-0.102608
-0.102749
-0.102884
-0.10301
-0.103128
-0.103239
-0.103435
-0.103559
-0.103596
-0.103661
-0.103713
-0.103769
-0.103795
-0.103798
-0.103795
-0.103791
-0.103777
-0.103755
-0.103727
-0.103674
-0.103632
-0.103609
-0.103558
-0.103471
-0.103439
-0.103335
-0.103218
-0.103133
-0.103088
-0.102994
-0.102894
-0.10279
-0.102679
-0.102501
-0.102439
-0.102246
-0.102179
-0.102043
-0.101973
-0.10183
-0.101609
-0.101456
-0.101378
-0.101219
-0.101057
-0.100891
-0.100723
-0.10038
-0.100293
-0.100118
-0.10003
-0.0997655
-0.0995884
-0.0994108
-0.0992339
-0.0990587
-0.0988858
-0.0987146
-0.098546
-0.098463
-0.0983004
-0.0979871
-0.0979121
-0.0978388
-0.0976969
-0.0974969
-0.0973741
-0.0972618
-0.0971138
-0.0970301
-0.0969934
-0.0969313
-0.0969062
-0.0968693
-0.0968498
-0.0968531
-0.0968603
-0.0968807
-0.0968937
-0.0969256
-0.0969654
-0.0970371
-0.097122
-0.0971863
-0.0972205
-0.0972927
-0.0973309
-0.097412
-0.0974993
-0.0976897
-0.0977409
-0.0977938
-0.097904
-0.0979611
-0.0981403
-0.098469
-0.0985388
-0.0986815
-0.0988274
-0.0989761
-0.0991268
-0.0995142
-0.0995938
-0.0997533
-0.0999909
-0.10015
-0.100229
-0.100469
-0.100711
-0.100873
-0.100873
-0.101036
-0.101282
-0.101364
-0.101779
-0.101861
-0.102025
-0.102185
-0.102341
-0.102566
-0.102712
-0.102923
-0.10299
-0.103123
-0.103188
-0.103372
-0.103485
-0.103688
-0.103775
-0.103849
-0.103907
-0.103931
-0.103979
-0.103995
-0.103987
-0.103973
-0.103953
-0.10394
-0.103912
-0.103838
-0.103815
-0.103766
-0.103712
-0.103652
-0.103586
-0.103514
-0.103353
-0.103308
-0.103215
-0.103215
-0.103115
-0.103011
-0.1029
-0.102662
-0.102599
-0.102468
-0.102401
-0.102261
-0.102042
-0.101889
-0.10165
-0.101568
-0.101403
-0.101233
-0.101059
-0.100881
-0.100702
-0.100335
-0.100242
-0.100149
-0.0999629
-0.099776
-0.0995877
-0.0994934
-0.0991194
-0.0990267
-0.0988424
-0.0987512
-0.098571
-0.0983938
-0.0982202
-0.0978879
-0.0978088
-0.0976547
-0.0975798
-0.0972991
-0.0972348
-0.0971134
-0.0969512
-0.0969033
-0.0967816
-0.0967221
-0.0966821
-0.0966692
-0.0966558
-0.0966592
-0.0966654
-0.0966741
-0.0966987
-0.0967319
-0.0967946
-0.0969672
-0.0970337
-0.0971034
-0.0971768
-0.0972515
-0.09741
-0.097453
-0.0975425
-0.0976342
-0.0976808
-0.0978265
-0.0980955
-0.0981534
-0.0982728
-0.0983953
-0.0985836
-0.0987139
-0.0990598
-0.0991324
-0.0992058
-0.099429
-0.0995045
-0.0996568
-0.0998112
-0.10013
-0.100212
-0.100294
-0.10046
-0.100629
-0.1008
-0.100974
-0.101328
-0.101417
-0.101596
-0.101775
-0.101953
-0.10213
-0.102307
-0.102567
-0.102651
-0.102735
-0.102981
-0.10306
-0.103214
-0.10336
-0.103631
-0.103692
-0.103751
-0.10386
-0.103957
-0.104038
-0.104126
-0.104171
-0.104182
-0.104183
-0.104175
-0.104157
-0.104144
-0.104021
-0.103966
-0.103937
-0.103874
-0.103806
-0.103736
-0.103577
-0.103533
-0.103398
-0.103303
-0.103204
-0.103101
-0.102879
-0.102759
-0.102635
-0.10251
-0.102381
-0.102315
-0.101969
-0.101897
-0.10175
-0.1016
-0.101449
-0.101297
-0.100817
-0.100735
-0.10057
-0.100404
-0.100238
-0.100155
-0.0997327
-0.0995616
-0.099476
-0.0993046
-0.0991342
-0.0988808
-0.0986312
-0.0984665
-0.0983845
-0.0982224
-0.0980634
-0.0979068
-0.0978294
-0.09753
-0.097458
-0.097387
-0.0972486
-0.0971157
-0.0969911
-0.0968763
-0.0966776
-0.0966354
-0.0965618
-0.0965046
-0.0964651
-0.0964431
-0.0964379
-0.0964536
-0.0964639
-0.0964918
-0.0965294
-0.0965758
-0.0966292
-0.0966585
-0.0967958
-0.0968347
-0.096875
-0.0969598
-0.0970507
-0.097148
-0.0973612
-0.0974767
-0.0975984
-0.0977254
-0.0978566
-0.0979912
-0.0981301
-0.0984188
-0.0984935
-0.0986467
-0.0988038
-0.0989645
-0.0990463
-0.0992134
-0.0995604
-0.0996493
-0.0997393
-0.100016
-0.100205
-0.100396
-0.10059
-0.100885
-0.100984
-0.101082
-0.101379
-0.101578
-0.101777
-0.101875
-0.102264
-0.102455
-0.102549
-0.102642
-0.102913
-0.103089
-0.103257
-0.103495
-0.103571
-0.103716
-0.103785
-0.103913
-0.104029
-0.104133
-0.104294
-0.104321
-0.104344
-0.104376
-0.104391
-0.104385
-0.104367
-0.104323
-0.104304
-0.104258
-0.104205
-0.104145
-0.104113
-0.104041
-0.103876
-0.103831
-0.103784
-0.103684
-0.103578
-0.103465
-0.103287
-0.103094
-0.103027
-0.102889
-0.102746
-0.102596
-0.102441
-0.10228
-0.102028
-0.101853
-0.101764
-0.101675
-0.101492
-0.101305
-0.101114
-0.100722
-0.100623
-0.100523
-0.10032
-0.100115
-0.099909
-0.0997017
-0.0992861
-0.099183
-0.0990801
-0.098772
-0.0985689
-0.0983698
-0.0982718
-0.0979831
-0.0977958
-0.0976147
-0.0974401
-0.0972724
-0.0971136
-0.0970378
-0.0967591
-0.0966959
-0.096636
-0.0965279
-0.0963964
-0.0963318
-0.0962876
-0.096258
-0.096257
-0.096257
-0.096278
-0.0963058
-0.0963425
-0.0963877
-0.0964718
-0.0965038
-0.0965734
-0.0966106
-0.0966905
-0.0967781
-0.0968736
-0.0970835
-0.0971396
-0.0971976
-0.0973819
-0.0975114
-0.0976467
-0.0977883
-0.0980113
-0.0980882
-0.0982464
-0.0983279
-0.0984954
-0.0986683
-0.0989376
-0.0993134
-0.0994097
-0.0995068
-0.0997043
-0.0999058
-0.10011
-0.100523
-0.100628
-0.100942
-0.101149
-0.101251
-0.101454
-0.101655
-0.102049
-0.102146
-0.102338
-0.102528
-0.102714
-0.102896
-0.103075
-0.103334
-0.103417
-0.103579
-0.103657
-0.103807
-0.104015
-0.104141
-0.104357
-0.104401
-0.104476
-0.104506
-0.104549
-0.104573
-0.10458
-0.104566
-0.104556
-0.104543
-0.10451
-0.104468
-0.104417
-0.104358
-0.104218
-0.104178
-0.104137
-0.104049
-0.103902
-0.103849
-0.103739
-0.103501
-0.103437
-0.103371
-0.103166
-0.103095
-0.102949
-0.102718
-0.102391
-0.102391
-0.102218
-0.102039
-0.101948
-0.101573
-0.101079
-0.100978
-0.100876
-0.100672
-0.100466
-0.10026
-0.0998466
-0.0996404
-0.099438
-0.0992388
-0.0990415
-0.0989437
-0.0985599
-0.0984655
-0.0983715
-0.098278
-0.097911
-0.0978212
-0.0976443
-0.097303
-0.0972214
-0.0971413
-0.096985
-0.0968355
-0.0966946
-0.0965633
-0.0963345
