-0.0942872
-0.0942787
-0.0942474
-0.094243
-0.094241
-0.0942438
-0.0942487
-0.0942556
-0.0942639
-0.0942732
-0.0942921
-0.094313
-0.0943164
-0.0943147
-0.0943106
-0.0943106
-0.0942885
-0.0942798
-0.0942713
-0.0942522
-0.0942561
-0.0942626
-0.0942811
-0.0942811
-0.094292
-0.0943143
-0.0943244
-0.0943332
-0.0943441
-0.094334
-0.0943265
-0.0943082
-0.0943082
-0.0942981
-0.0942879
-0.0942699
-0.0942631
-0.0942699
-0.0942783
-0.0942981
-0.0943082
-0.0943178
-0.0943263
-0.0943375
-0.0943263
-0.0943082
-0.0942981
-0.0942783
-0.0942699
-0.0942631
-0.0942571
-0.0942571
-0.094293
-0.0943065
-0.0943207
-0.0943494
-0.0943627
-0.0943844
-0.0943919
-0.0943969
-0.094388
-0.0943793
-0.094369
-0.0943456
-0.0943202
-0.0943074
-0.0942949
-0.0942715
-0.0942421
-0.0942413
-0.0942435
-0.0942561
-0.0942659
-0.0942773
-0.09429
-0.0943164
-0.0943578
-0.0943628
-0.0943651
-0.0943614
-0.0943565
-0.0943503
-0.0943361
-0.0943289
-0.0943221
-0.094303
-0.0943015
-0.0943016
-0.0943054
-0.0943085
-0.0943161
-0.0943199
-0.0943236
-0.0943306
-0.0943291
-0.0943217
-0.09431
-0.0943032
-0.0942888
-0.0942818
-0.0942756
-0.0942682
-0.0942716
-0.0942832
-0.0942906
-0.0942983
-0.0943058
-0.0943124
-0.0943177
-0.094321
-0.0943085
-0.0942918
-0.0942827
-0.094274
-0.0942598
-0.0942551
-0.0942519
-0.0942519
-0.0942737
-0.0942796
-0.0942851
-0.09429
-0.0942972
-0.094299
-0.0942977
-0.0942946
-0.0942646
-0.0942646
-0.0942573
-0.0942437
-0.0942381
-0.094231
-0.0942291
-0.0942281
-0.0942266
-0.0942254
-0.0942238
-0.0942204
-0.0942191
-0.0942183
-0.0942183
-0.0942217
-0.0942323
-0.0942329
-0.094232
-0.0942183
-0.0942101
-0.0941911
-0.0941814
-0.0941507
-0.0941501
-0.0941519
-0.0941555
-0.0941661
-0.0941778
-0.0941883
-0.0941924
-0.0941974
-0.0941959
-0.0941929
-0.0941831
-0.0941768
-0.0941628
-0.0941556
-0.0941486
-0.094135
-0.0941384
-0.0941435
-0.0941574
-0.0941651
-0.0941726
-0.0941792
-0.0941845
-0.0941878
-0.0941753
-0.0941673
-0.0941495
-0.0941408
-0.0941266
-0.0941219
-0.0941186
-0.0941186
-0.0941346
-0.0941464
-0.0941519
-0.0941568
-0.0941609
-0.0941657
-0.0941661
-0.094163
-0.0941434
-0.0941371
-0.0941307
-0.0941187
-0.0941139
-0.0941094
-0.09411
-0.0941123
-0.0941394
-0.0941462
-0.0941526
-0.0941621
-0.0941649
-0.0941674
-0.0941677
-0.0941677
-0.0941705
-0.0941721
-0.0941736
-0.0941748
-0.0941754
-0.0941752
-0.0941715
-0.0941684
-0.0941651
-0.0941592
-0.094162
-0.094162
-0.0941722
-0.0941787
-0.0941854
-0.0941921
-0.0941984
-0.0942042
-0.0942169
-0.0942163
-0.0942152
-0.0942139
-0.0942125
-0.0942108
-0.094211
-0.0942147
-0.0942357
-0.0942423
-0.0942491
-0.0942657
-0.0942685
-0.0942696
-0.0942679
-0.0942559
-0.0942561
-0.0942583
-0.0942685
-0.094284
-0.094284
-0.0942925
-0.0943008
-0.0943144
-0.0943144
-0.0943105
-0.0943066
-0.0943033
-0.0943008
-0.0943067
-0.0943067
-0.0943127
-0.0943452
-0.0943584
-0.0943623
-0.0943638
-0.0943631
-0.0943604
-0.0943513
-0.0943462
-0.0943374
-0.0943362
-0.0943405
-0.0943474
-0.0943565
-0.0943672
-0.0943791
-0.0944036
-0.0944152
-0.0944551
-0.0944577
-0.0944566
-0.0944566
-0.0944491
-0.0944437
-0.0944306
-0.0944235
-0.0944162
-0.094395
-0.0943944
-0.0944017
-0.0944093
-0.094419
-0.094419
-0.0944305
-0.0944563
-0.0944563
-0.094511
-0.094516
-0.0945182
-0.0945146
-0.0945097
-0.0945034
-0.0944892
-0.0944821
-0.094469
-0.0944592
-0.0944546
-0.0944549
-0.0944572
-0.0944668
-0.0944737
-0.0944817
-0.0944999
-0.0945096
-0.0945462
-0.0945528
-0.0945572
-0.0945586
-0.0945559
-0.0945512
-0.094537
-0.0945283
-0.0945193
-0.094496
-0.0944913
-0.09449
-0.0944933
-0.0944986
-0.0945052
-0.0945127
-0.0945278
-0.0945343
-0.0945434
-0.0945404
-0.0945292
-0.0945222
-0.0945078
-0.094501
-0.0944947
-0.0944893
-0.0944796
-0.0944802
-0.0944811
-0.0944825
-0.0944826
-0.094482
-0.0944781
-0.0944457
-0.0944395
-0.094429
-0.0944255
-0.0944234
-0.0944222
-0.0944222
-0.0944232
-0.0944247
-0.0944238
-0.0944134
-0.094408
-0.094402
-0.0943957
-0.0943892
-0.0943831
-0.0943775
-0.0943723
-0.0943528
-0.0943483
-0.0943413
-0.0943413
-0.0943391
-0.0943366
-0.0943358
-0.0943358
-0.0943341
-0.0942939
-0.0942852
-0.0942774
-0.0942709
-0.0942663
-0.0942635
-0.0942637
-0.0942657
-0.0942682
-0.0942731
-0.0942715
-0.0942682
-0.0942633
-0.094257
-0.0942426
-0.0942347
-0.0942262
-0.0942175
-0.0942088
-0.0941753
-0.0941666
-0.0941666
-0.0941512
-0.0941455
-0.0941412
-0.0941357
-0.0941357
-0.0941303
-0.0941192
-0.0941097
-0.0941051
-0.0940966
-0.0940966
-0.0940924
-0.0940878
-0.0940827
-0.0940699
-0.0940425
-0.0940372
-0.0940332
-0.0940297
-0.0940309
-0.0940387
-0.0940446
-0.0940509
-0.0940509
-0.0940697
-0.0940686
-0.0940644
-0.0940576
-0.0940379
-0.0940262
-0.0940018
-0.0939903
-0.0939558
-0.0939558
-0.0939587
-0.0939587
-0.0939619
-0.0939688
-0.093976
-0.0939766
-0.0939706
-0.0939624
-0.0939578
-0.0939532
-0.0939488
-0.0939418
-0.0939397
-0.0939396
-0.0939502
-0.0939537
-0.0939569
-0.0939607
-0.093961
-0.0939605
-0.0939594
-0.093958
-0.0939565
-0.0939543
-0.0939541
-0.0939541
-0.0939532
-0.0939532
-0.0939566
-0.0939566
-0.0939601
-0.0939712
-0.0939902
-0.0939952
-0.0940016
-0.0940016
-0.0939994
-0.0939994
-0.0939934
-0.0939904
-0.0939849
-0.0939907
-0.0939948
-0.0939996
-0.0940052
-0.0940177
-0.094024
-0.0940533
-0.0940558
-0.0940573
-0.0940581
-0.0940584
-0.0940585
-0.0940588
-0.0940611
-0.0940636
-0.0940724
-0.0940788
-0.0941027
-0.0941115
-0.0941203
-0.0941369
-0.0941442
-0.0941558
-0.0941665
-0.094172
-0.094175
-0.0941828
-0.0941879
-0.0942001
-0.0942066
-0.0942134
-0.0942439
-0.0942521
-0.0942599
-0.0942715
-0.0942745
-0.0942756
-0.0942749
-0.0942728
-0.0942666
-0.0942616
-0.0942717
-0.0942808
-0.0942808
-0.0943041
-0.0943173
-0.0943308
-0.0943439
-0.094368
-0.0943968
-0.0944042
-0.0944155
-0.0944192
-0.0944218
-0.094425
-0.0944262
-0.0944286
-0.0944368
-0.0944555
-0.0944555
-0.0944637
-0.0944818
-0.0944919
-0.0945024
-0.0945243
-0.094535
-0.0945629
-0.0945762
-0.0945762
-0.0945828
-0.0945814
-0.094576
-0.094576
-0.0945731
-0.0945694
-0.094573
-0.0945842
-0.0945842
-0.0945923
-0.0946015
-0.0946219
-0.0946326
-0.0946432
-0.0946636
-0.0946921
-0.0946949
-0.094696
-0.0946957
-0.0946943
-0.0946862
-0.0946837
-0.0946823
-0.0946924
-0.0946989
-0.0947063
-0.094714
-0.0947215
-0.0947334
-0.0947367
-0.0947376
-0.0947334
-0.0947158
-0.0947116
-0.0947124
-0.0947184
-0.0947226
-0.0947268
-0.0947329
-0.0947207
-0.094716
-0.0947119
-0.0947066
-0.094706
-0.0947068
-0.0947113
-0.0947139
-0.0947026
-0.0946962
-0.0946899
-0.0946842
-0.0946758
-0.0946766
-0.0946786
-0.0946856
-0.0946827
-0.0946777
-0.0946713
-0.0946638
-0.0946464
-0.0946464
-0.0946371
-0.0946189
-0.0945962
-0.0945929
-0.0945929
-0.0945939
-0.094595
-0.0945959
-0.0945943
-0.094586
-0.0945603
-0.0945397
-0.09453
-0.0945212
-0.0945135
-0.0945073
-0.0944997
-0.0944981
-0.0944972
-0.0944908
-0.0944873
-0.0944825
-0.0944691
-0.0944611
-0.0944527
-0.094444
-0.0944266
-0.0943976
-0.0943873
-0.0943687
-0.0943554
-0.0943505
-0.0943433
-0.09434
-0.0943317
-0.0943112
-0.0942928
-0.0942828
-0.0942723
-0.0942615
-0.0942506
-0.0942289
-0.0942074
-0.0941742
-0.0941695
-0.094166
-0.094166
-0.094167
-0.0941714
-0.0941738
-0.0941765
-0.0941593
-0.0941506
-0.094141
-0.0941305
-0.0941196
-0.0940971
-0.0940853
-0.0940733
-0.0940125
-0.0940012
-0.0939914
-0.0939779
-0.0939746
-0.0939725
-0.0939726
-0.0939722
-0.0939619
-0.0939548
-0.0939377
-0.0939281
-0.0939087
-0.0939001
-0.0938928
-0.0938825
-0.0938655
-0.0938607
-0.0938476
-0.0938434
-0.0938388
-0.0938337
-0.0938278
-0.093821
-0.0937944
-0.0937883
-0.093788
-0.0937931
-0.0937975
-0.0938025
-0.0938116
-0.093815
-0.0938146
-0.09381
-0.0937886
-0.0937714
-0.0937627
-0.0937543
-0.0937463
-0.0937391
-0.0937248
-0.0937257
-0.0937313
-0.0937356
-0.0937453
-0.0937498
-0.0937532
-0.0937556
-0.0937493
-0.0937477
-0.0937471
-0.0937479
-0.0937535
-0.0937578
-0.0937676
-0.0937723
-0.0937847
-0.0937904
-0.0937913
-0.0937904
-0.0937849
-0.0937781
-0.0937781
-0.0937753
-0.0937893
-0.0938074
-0.0938178
-0.0938381
-0.0938472
-0.0938677
-0.0938725
-0.0938767
-0.0938845
-0.0938855
-0.0938861
-0.0938867
-0.0938875
-0.093892
-0.0938959
-0.0939073
-0.093944
-0.0939539
-0.093963
-0.0939777
-0.0939836
-0.0939941
-0.0940054
-0.0940114
-0.094047
-0.0940555
-0.0940713
-0.0940776
-0.0940827
-0.0940906
-0.0940942
-0.0940983
-0.0941246
-0.0941338
-0.0941436
-0.094163
-0.0941723
-0.0941816
-0.0941912
-0.0941912
-0.094249
-0.0942588
-0.0942776
-0.0942862
-0.0943027
-0.0943106
-0.0943183
-0.0943339
-0.094358
-0.0943655
-0.0943852
-0.0943909
-0.0944028
-0.0944171
-0.0944257
-0.0944739
-0.0944813
-0.0944871
-0.0944947
-0.0944947
-0.0945009
-0.094505
-0.0945103
-0.0945536
-0.0945642
-0.0945744
-0.0945837
-0.0946001
-0.0946077
-0.0946152
-0.0946303
-0.0946376
-0.0946689
-0.0946773
-0.0946854
-0.094693
-0.0947069
-0.0947138
-0.0947209
-0.0947209
-0.0947285
-0.0947613
-0.0947687
-0.0947852
-0.0947888
-0.0947922
-0.0947996
-0.0947996
-0.0948153
-0.0948444
-0.0948515
-0.0948515
-0.0948581
-0.0948686
-0.0948749
-0.0948752
-0.0948749
-0.0948748
-0.0948748
-0.0948767
-0.0948798
-0.0948838
-0.0948994
-0.0949049
-0.094915
-0.0949239
-0.0949225
-0.0949198
-0.094916
-0.0949114
-0.0948951
-0.0948897
-0.0948818
-0.0948843
-0.0948894
-0.0948961
-0.0949133
-0.0949226
-0.0949317
-0.09494
-0.0949518
-0.0949542
-0.0949344
-0.0949125
-0.0949125
-0.0949006
-0.0948773
-0.0948773
-0.0948576
-0.0948576
-0.0948435
-0.0948369
-0.0948383
-0.0948383
-0.0948431
-0.094844
-0.0948433
-0.0948408
-0.0948302
-0.0948026
-0.0947793
-0.0947547
-0.0947425
-0.0947199
-0.0947098
-0.0947004
-0.094666
-0.0946473
-0.0946411
-0.0946398
-0.094639
-0.0946382
-0.0946344
-0.0946112
-0.0946017
-0.0945705
-0.0945604
-0.0945509
-0.0945422
-0.0945422
-0.094527
-0.0944813
-0.0944693
-0.094457
-0.094445
-0.0944339
-0.094424
-0.0944063
-0.0943974
-0.0943879
-0.0943415
-0.0943287
-0.0943164
-0.0943049
-0.0942943
-0.0942843
-0.0942651
-0.094256
-0.094247
-0.0942082
-0.0941848
-0.094172
-0.0941589
-0.0941457
-0.0941189
-0.094105
-0.0940908
-0.0940766
-0.0940371
-0.0940034
-0.0939941
-0.0939754
-0.0939721
-0.0939696
-0.093955
-0.0939498
-0.0939364
-0.0939283
-0.0939196
-0.0939007
-0.093891
-0.0938809
-0.0938598
-0.0938242
-0.0938121
-0.0938009
-0.0937819
-0.0937739
-0.0937593
-0.0937523
-0.0937452
-0.0937071
-0.0936984
-0.0936902
-0.0936831
-0.0936774
-0.0936699
-0.0936676
-0.0936643
-0.09365
-0.0936437
-0.0936364
-0.0936203
-0.0936121
-0.093604
-0.0935885
-0.0935742
-0.0935559
-0.0935562
-0.0935585
-0.0935669
-0.0935719
-0.0935767
-0.0935832
-0.093584
-0.0935649
-0.0935577
-0.0935504
-0.0935435
-0.0935378
-0.0935316
-0.0935315
-0.093533
-0.0935361
-0.0935503
-0.0935606
-0.0935647
-0.0935696
-0.0935706
-0.093571
-0.0935713
-0.0935737
-0.0935969
-0.0936014
-0.0936067
-0.0936072
-0.0936072
-0.0936066
-0.0936031
-0.0936028
-0.0936078
-0.0936145
-0.0936319
-0.0936421
-0.0936528
-0.0936739
-0.093684
-0.0937184
-0.0937242
-0.0937283
-0.0937319
-0.0937322
-0.0937326
-0.0937332
-0.0937362
-0.0937494
-0.0937661
-0.0937765
-0.0938003
-0.0938132
-0.0938264
-0.093854
-0.0938687
-0.0939444
-0.0939566
-0.0939668
-0.0939749
-0.0939816
-0.0939874
-0.094005
-0.0940487
-0.0940588
-0.0940774
-0.0940932
-0.0941007
-0.0941081
-0.0941239
-0.0941636
-0.0941863
-0.0941976
-0.0942191
-0.0942287
-0.0942447
-0.0942514
-0.0942514
-0.0942903
-0.094301
-0.0943126
-0.0943371
-0.0943501
-0.0943766
-0.0943897
-0.0944029
-0.0944713
-0.0944861
-0.0944861
-0.0945137
-0.0945263
-0.0945498
-0.0945606
-0.0945808
-0.0946209
-0.0946317
-0.0946531
-0.0946632
-0.0946727
-0.0946913
-0.0947009
-0.0947215
-0.0947634
-0.0947724
-0.0947873
-0.0947934
-0.0948052
-0.0948052
-0.0948184
-0.0948346
-0.0948711
-0.0948799
-0.0948881
-0.094903
-0.0949107
-0.0949191
-0.094928
-0.0949468
-0.0949894
-0.0949991
-0.0950074
-0.0950178
-0.0950195
-0.0950176
-0.0950151
-0.0950124
-0.0950147
-0.0950213
-0.0950298
-0.0950398
-0.0950505
-0.0950615
-0.0950722
-0.0950819
-0.0951017
-0.0951027
-0.0950998
-0.0950921
-0.0950882
-0.0950817
-0.0950817
-0.0950787
-0.0950953
-0.0951027
-0.0951109
-0.0951288
-0.095138
-0.0951551
-0.095162
-0.0951696
-0.0951607
-0.0951529
-0.0951327
-0.0951214
-0.0951102
-0.0950898
-0.0950812
-0.095074
-0.0950682
-0.0950513
-0.0950466
-0.095037
-0.0950261
-0.0950194
-0.0950118
-0.0950034
-0.0949587
-0.0949509
-0.094944
-0.0949341
-0.0949316
-0.0949315
-0.094933
-0.0949361
-0.0949271
-0.0949189
-0.0949084
-0.0948826
-0.0948678
-0.0948523
-0.0948365
-0.0948053
-0.0947493
-0.0947375
-0.0947185
-0.0947114
-0.0947057
-0.094696
-0.0946912
-0.0946861
-0.0946573
-0.0946471
-0.0946237
-0.0946111
-0.0945983
-0.0945719
-0.0945434
-0.094528
-0.094463
-0.0944475
-0.094433
-0.0944086
-0.0943979
-0.0943876
-0.0943773
-0.0943556
-0.0942876
-0.0942731
-0.0942592
-0.0942461
-0.0942339
-0.0942119
-0.0942013
-0.094179
-0.0941275
-0.0941131
-0.0940835
-0.0940535
-0.0940379
-0.0940223
-0.0940223
-0.0939924
-0.0939402
-0.0939188
-0.0939099
-0.093894
-0.0938858
-0.0938767
-0.0938663
-0.0938412
-0.09377
-0.0937579
-0.093739
-0.0937325
-0.0937239
-0.0937207
-0.0937173
-0.0937086
-0.0937086
-0.0936637
-0.093651
-0.093638
-0.0936251
-0.0936125
-0.0936006
-0.0935892
-0.0935781
-0.0935668
-0.0935068
-0.0935068
-0.0934956
-0.0934777
-0.0934713
-0.0934622
-0.0934585
-0.0934545
-0.0934231
-0.0934152
-0.0934078
-0.0934013
-0.0933956
-0.0933857
-0.0933811
-0.0933811
-0.0933772
-0.0933648
-0.0933627
-0.0933634
-0.0933641
-0.0933648
-0.0933652
-0.0933639
-0.0933618
-0.0933417
-0.0933352
-0.0933289
-0.0933229
-0.0933129
-0.0933129
-0.0933071
-0.093311
-0.0933434
-0.0933549
-0.0933674
-0.0933674
-0.0933936
-0.0934062
-0.0934178
-0.0934277
-0.0934406
-0.0934397
-0.0934367
-0.0934336
-0.0934312
-0.0934298
-0.0934328
-0.0934328
-0.0934457
-0.0934457
-0.0935211
-0.0935488
-0.0935743
-0.0935855
-0.0935955
-0.0936116
-0.0936183
-0.093643
-0.0936571
-0.0936647
-0.0936727
-0.0936809
-0.0936977
-0.0937067
-0.0937265
-0.0937742
-0.0937884
-0.093803
-0.0938323
-0.0938473
-0.0938627
-0.0938784
-0.0938942
-0.0939266
-0.0939873
-0.0939996
-0.0940101
-0.0940188
-0.0940262
-0.094039
-0.0940457
-0.0940622
-0.0941195
-0.0941385
-0.0941582
-0.0941782
-0.0942167
-0.0942167
-0.094251
-0.0942671
-0.0942829
-0.0943669
-0.094385
-0.0944025
-0.094419
-0.0944477
-0.0944602
-0.0944718
-0.0944828
-0.0944938
-0.0945309
-0.0945777
-0.0945948
-0.0946122
-0.09463
-0.0946662
-0.094684
-0.0947175
-0.0947721
-0.0947836
-0.0948043
-0.0948144
-0.0948448
-0.0948557
-0.0948673
-0.0949256
-0.0949369
-0.0949574
-0.0949664
-0.0949835
-0.0949926
-0.0950027
-0.0950137
-0.0950603
-0.0950709
-0.09508
-0.0950874
-0.0950932
-0.0951029
-0.0951078
-0.0951133
-0.0951196
-0.095167
-0.0951784
-0.0951894
-0.0952089
-0.0952176
-0.095226
-0.0952342
-0.0952417
-0.0952549
-0.0952722
-0.0952772
-0.0952815
-0.0952876
-0.0952897
-0.0952936
-0.0952958
-0.0953017
-0.0953141
-0.0953157
-0.0953163
-0.0953146
-0.0953131
-0.0953106
-0.0953104
-0.0953117
-0.0953209
-0.0953273
-0.0953273
-0.0953315
-0.0953321
-0.0953291
-0.0953251
-0.0953196
-0.0953128
-0.0952773
-0.0952676
-0.0952581
-0.095249
-0.0952408
-0.0952263
-0.0952195
-0.0952057
-0.0951742
-0.0951616
-0.0951572
-0.0951539
-0.0951515
-0.0951479
-0.0951455
-0.095142
-0.0951295
-0.0950957
-0.0950656
-0.0950498
-0.095034
-0.0950182
-0.0949869
-0.0949723
-0.094959
-0.0949129
-0.0949017
-0.0948906
-0.0948593
-0.0948399
-0.0948299
-0.0948078
-0.0947568
-0.094744
-0.0947314
-0.094708
-0.0946969
-0.0946855
-0.0946604
-0.0946326
-0.0945868
-0.0945547
-0.0945248
-0.0945112
-0.0944854
-0.0944726
-0.0944465
-0.0944328
-0.0943854
-0.0943676
-0.0943319
-0.0943148
-0.0942986
-0.0942833
-0.0942688
-0.094255
-0.0942268
-0.0941564
-0.0941367
-0.0941173
-0.0940987
-0.0940812
-0.0940649
-0.0940348
-0.09402
-0.094005
-0.0939201
-0.0939007
-0.0939007
-0.0938811
-0.0938614
-0.0938034
-0.0937844
-0.0937465
-0.0936805
-0.0936676
-0.0936567
-0.0936478
-0.0936405
-0.0936286
-0.0936228
-0.0936164
-0.0936007
-0.0935519
-0.0935368
-0.0935368
-0.093506
-0.093491
-0.0934765
-0.0934627
-0.0934352
-0.0934206
-0.093359
-0.0933445
-0.0933314
-0.09332
-0.0933104
-0.0933021
-0.0932878
-0.0932805
-0.0932726
-0.0932376
-0.0932289
-0.0932207
-0.0932134
-0.0932009
-0.0931953
-0.0931899
-0.0931802
-0.0931759
-0.0931654
-0.0931637
-0.0931614
-0.0931584
-0.0931549
-0.0931511
-0.0931439
-0.0931418
-0.0931413
-0.0931556
-0.0931607
-0.0931651
-0.0931695
-0.0931674
-0.0931641
-0.0931602
-0.0931564
-0.0931523
-0.0931564
-0.0931699
-0.0931878
-0.0931976
-0.0932074
-0.0932166
-0.0932322
-0.0932588
-0.0932655
-0.093272
-0.093278
-0.0932887
-0.0932993
-0.0933053
-0.093312
-0.0933574
-0.0933686
-0.0933802
-0.0933802
-0.0934168
-0.0934296
-0.093457
-0.0934713
-0.093525
-0.0935363
-0.0935461
-0.0935545
-0.0935688
-0.0935688
-0.0935832
-0.0935916
-0.0936245
-0.0936841
-0.0936994
-0.093729
-0.093729
-0.0937572
-0.0937711
-0.0938002
-0.0938159
-0.0938897
-0.0939097
-0.0939294
-0.0939486
-0.0939854
-0.0940033
-0.0940209
-0.0940382
-0.0940727
-0.0941246
-0.0941616
-0.0941806
-0.0941998
-0.0942379
-0.0942565
-0.0942747
-0.0942927
-0.0943792
-0.0943962
-0.0944286
-0.0944443
-0.0944601
-0.0944762
-0.0945102
-0.0945452
-0.0946118
-0.0946273
-0.0946273
-0.094656
-0.0946694
-0.0946829
-0.094712
-0.094712
-0.0947635
-0.0948197
-0.0948378
-0.0948548
-0.0948851
-0.0948988
-0.0949119
-0.094925
-0.0949533
-0.094969
-0.0950428
-0.0950628
-0.0950825
-0.0951192
-0.0951358
-0.0951515
-0.0951665
-0.0951665
-0.0951936
-0.0952447
-0.0952711
-0.0952834
-0.0952946
-0.0953047
-0.0953228
-0.0953312
-0.0953395
-0.0953481
-0.0953767
-0.0954052
-0.0954138
-0.095422
-0.0954295
-0.0954366
-0.0954504
-0.0954575
-0.0954847
-0.0954927
-0.0954944
-0.0954944
-0.095493
-0.0954887
-0.0954864
-0.0954832
-0.0954883
-0.0954925
-0.0954972
-0.0955068
-0.0955113
-0.0955152
-0.0955182
-0.0955202
-0.09552
-0.095509
-0.0954975
-0.0954912
-0.095485
-0.095479
-0.0954734
-0.0954637
-0.0954589
-0.0954481
-0.0954185
-0.0954113
-0.0954113
-0.0954047
-0.0953985
-0.0953773
-0.0953773
-0.0953692
-0.0953603
-0.0953163
-0.0952775
-0.0952656
-0.0952461
-0.0952383
-0.0952383
-0.0952237
-0.0952159
-0.0951707
-0.0951559
-0.0951406
-0.0950967
-0.0950714
-0.0950714
-0.0950465
-0.0950207
-0.0950071
-0.0949772
-0.0949451
-0.0949293
-0.0948983
-0.0948672
-0.0948518
-0.0948364
-0.0947544
-0.0947366
-0.0947187
-0.0946835
-0.0946835
-0.0946663
-0.0946313
-0.0946131
-0.0945537
-0.0945331
-0.0945126
-0.0944734
-0.0944387
-0.0944229
-0.0943927
-0.0943778
-0.0943623
-0.0943457
-0.0942644
-0.0942406
-0.0942406
-0.0941917
-0.0941675
-0.0941435
-0.0940955
-0.0940716
-0.0940249
-0.0939582
-0.0939366
-0.0939156
-0.0938954
-0.0938573
-0.0938386
-0.0938199
-0.0937821
-0.093704
-0.0936685
-0.0936531
-0.0936274
-0.0936274
-0.093616
-0.0935934
-0.0935673
-0.0935185
-0.093465
-0.093465
-0.0934479
-0.0934161
-0.0933865
-0.093372
-0.0932743
-0.0932631
-0.0932466
-0.093241
-0.0932336
-0.0932307
-0.0932235
-0.0932011
-0.0931755
-0.0931608
-0.0931608
-0.0931301
-0.0931154
-0.0931015
-0.0930669
-0.0930354
-0.093029
-0.0930234
-0.0930186
-0.0930143
-0.0930102
-0.0930014
-0.0929963
-0.0929903
-0.0929614
-0.0929544
-0.0929483
-0.0929401
-0.0929387
-0.0929412
-0.0929459
-0.0929526
-0.0929941
-0.0930053
-0.0930084
-0.0930096
-0.0930086
-0.0930001
-0.0929936
-0.0929936
-0.0929557
-0.0929527
-0.0929514
-0.0929519
-0.0929594
-0.0929745
-0.0929841
-0.0929948
-0.0930442
-0.0930581
-0.093072
-0.0930855
-0.0930981
-0.0931098
-0.0931319
-0.0931425
-0.0931527
-0.0931956
-0.0932201
-0.0932201
-0.0932565
-0.0932677
-0.0932786
-0.0932896
-0.0933125
-0.0933667
-0.0933815
-0.0933963
-0.0934251
-0.0934394
-0.093469
-0.0934843
-0.0935803
-0.0935949
-0.0936195
-0.0936397
-0.0936495
-0.0936712
-0.0936837
-0.0937484
-0.0937668
-0.0937849
-0.0938191
-0.0938349
-0.0938641
-0.0938784
-0.0938929
-0.0939588
-0.0939778
-0.0940365
-0.0940556
-0.0940747
-0.0940941
-0.0941336
-0.0941734
-0.094255
-0.0942747
-0.0942747
-0.0943129
-0.094332
-0.0943713
-0.0943919
-0.0944334
-0.0945156
-0.0945353
-0.0945541
-0.0945896
-0.0946072
-0.0946445
-0.0946645
-0.0946852
-0.0947702
-0.0947901
-0.094809
-0.0948442
-0.0948442
-0.0948772
-0.0948939
-0.0949303
-0.0950324
-0.0950529
-0.0950724
-0.0951069
-0.0951218
-0.0951356
-0.0951485
-0.095173
-0.0951859
-0.0952308
-0.095266
-0.0953018
-0.0953193
-0.0953368
-0.0953544
-0.0953716
-0.0953881
-0.0954605
-0.0954726
-0.0954833
-0.0955087
-0.0955158
-0.0955226
-0.0955295
-0.0955442
-0.0955821
-0.0955927
-0.0956034
-0.0956138
-0.0956332
-0.0956421
-0.0956585
-0.0956661
-0.0957005
-0.0957039
-0.0957039
-0.0957057
-0.0957049
-0.0957011
-0.0956991
-0.0956976
-0.0957073
-0.0957122
-0.0957171
-0.0957243
-0.0957259
-0.0957258
-0.0957237
-0.0957196
-0.095707
-0.0956849
-0.0956779
-0.0956779
-0.0956636
-0.0956619
-0.095662
-0.0956635
-0.0956683
-0.0956648
-0.0956574
-0.0956477
-0.0956361
-0.0956227
-0.0955922
-0.0955756
-0.0955584
-0.0954654
-0.0954534
-0.0954344
-0.0954344
-0.095427
-0.095414
-0.0954076
-0.0954008
-0.0953407
-0.095327
-0.0953128
-0.0952983
-0.0952837
-0.0952684
-0.095235
-0.0951972
-0.0951161
-0.0950959
-0.0950586
-0.0950414
-0.0950245
-0.0950076
-0.0949907
-0.0949567
-0.0948801
-0.094838
-0.0948173
-0.0947971
-0.0947589
-0.0947409
-0.0947232
-0.0946876
-0.0946057
-0.0945823
-0.0945585
-0.094535
-0.0944897
-0.0944677
-0.0944248
-0.0943844
-0.0943051
-0.0942848
-0.0942447
-0.094225
-0.0942052
-0.0941851
-0.0941431
-0.0941213
-0.0940993
-0.0940118
-0.0939907
-0.0939498
-0.0939302
-0.0938915
-0.0938717
-0.0938305
-0.0938089
-0.0937412
-0.0937186
-0.0936763
-0.0936569
-0.0936204
-0.0936025
-0.093584
-0.0935442
-0.0934573
-0.0934362
-0.0934165
-0.0933824
-0.0933824
-0.0933401
-0.0933401
-0.0932966
-0.0932634
-0.0932455
-0.0931895
-0.0931718
-0.0931552
-0.0931251
-0.0931111
-0.0930974
-0.0930838
-0.0930277
-0.0929986
-0.0929845
-0.0929705
-0.0929421
-0.0929273
-0.0929123
-0.0929123
-0.0928973
-0.0928345
-0.0928249
-0.0928164
-0.0928094
-0.0928039
-0.0927977
-0.092796
-0.092793
-0.0927812
-0.0927758
-0.0927632
-0.0927569
-0.0927508
-0.0927408
-0.0927372
-0.0927372
-0.0927343
-0.0927418
-0.0927467
-0.0927588
-0.0927722
-0.0927844
-0.0927889
-0.0927916
-0.0927928
-0.0927859
-0.0927829
-0.0927804
-0.0927793
-0.0927817
-0.0927943
-0.092804
-0.0928284
-0.0928871
-0.0929009
-0.092924
-0.0929331
-0.0929414
-0.0929493
-0.0929575
-0.0929663
-0.0930276
-0.0930611
-0.093096
-0.0931125
-0.0931409
-0.0931525
-0.093172
-0.0932116
-0.093224
-0.0932373
-0.0932663
-0.0932822
-0.0932987
-0.0933323
-0.0933495
-0.0934376
-0.0934557
-0.0934737
-0.0934918
-0.0935292
-0.0935491
-0.0935913
-0.0936946
-0.0936946
-0.0937306
-0.0937621
-0.0937621
-0.0937916
-0.0938069
-0.0938405
-0.0939225
-0.0939449
-0.0939887
-0.0940098
-0.0940305
-0.0940511
-0.0940718
-0.0941138
-0.0942074
-0.0942591
-0.0942853
-0.0943368
-0.0943616
-0.0943859
-0.0944099
-0.0944336
-0.09448
-0.0945498
-0.0945742
-0.0946236
-0.0946482
-0.0946721
-0.0946956
-0.0947419
-0.0947869
-0.0948731
-0.0948936
-0.0949135
-0.0949521
-0.0949713
-0.0949911
-0.0950118
-0.0950559
-0.0951499
-0.0951729
-0.0951948
-0.0952342
-0.0952519
-0.0952853
-0.0953177
-0.0953342
-0.0953885
-0.0954082
-0.0954282
-0.0954857
-0.0955037
-0.095521
-0.0955376
-0.095568
-0.0956241
-0.0956382
-0.095652
-0.0956654
-0.0956782
-0.0957034
-0.0957162
-0.0957293
-0.0957549
-0.0957984
-0.0958072
-0.0958072
-0.0958218
-0.0958285
-0.0958424
-0.0958501
-0.0958669
-0.0958976
-0.0959032
-0.0959098
-0.0959098
-0.0959101
-0.0959088
-0.0959059
-0.0959048
-0.0959046
-0.0959116
-0.0959151
-0.0959215
-0.095924
-0.0959257
-0.0959263
-0.0959233
-0.0959193
-0.0958715
-0.0958618
-0.0958433
-0.095835
-0.095835
-0.0958205
-0.0958137
-0.095807
-0.0957657
-0.0957564
-0.0957317
-0.0957254
-0.0957161
-0.0957121
-0.0957078
-0.0956629
-0.0956483
-0.095617
-0.0956012
-0.0955854
-0.0955539
-0.0955383
-0.0955227
-0.0954476
-0.0954324
-0.0954171
-0.0953862
-0.09537
-0.0953348
-0.0953162
-0.0952974
-0.09522
-0.0951814
-0.0951283
-0.0951122
-0.0951122
-0.0950812
-0.0950499
-0.0949798
-0.0949613
-0.0949263
-0.0949094
-0.0948923
-0.0948561
-0.0948561
-0.0948364
-0.0947169
-0.0946909
-0.0946655
-0.0946174
-0.0945944
-0.0945491
-0.0945263
-0.0945028
-0.0944007
-0.094374
-0.0943477
-0.0942978
-0.0942738
-0.0942266
-0.094203
-0.0941795
-0.0941561
-0.0940571
-0.0940302
-0.0940026
-0.0939748
-0.0939469
-0.0938906
-0.0938617
-0.0938024
-0.0936616
-0.0936379
-0.0936162
-0.0935964
-0.0935776
-0.0935594
-0.0935412
-0.0935038
-0.0933991
-0.0933755
-0.0933755
-0.0933276
-0.0933036
-0.0932565
-0.0932334
-0.0932106
-0.0931066
-0.0930687
-0.0930687
-0.0930348
-0.0930192
-0.0930038
-0.0929883
-0.0929562
-0.0928719
-0.0928565
-0.0928423
-0.0928295
-0.0928181
-0.0928078
-0.0927881
-0.0927776
-0.0926964
-0.0926828
-0.0926828
-0.0926603
-0.0926516
-0.0926443
-0.0926379
-0.0926251
-0.0925858
-0.0925787
-0.0925787
-0.0925679
-0.0925642
-0.0925617
-0.0925601
-0.0925574
-0.0925555
-0.0925569
-0.09256
-0.0925611
-0.0925611
-0.0925615
-0.0925603
-0.0925579
-0.0925445
-0.0925456
-0.0925484
-0.092553
-0.0925596
-0.0925677
-0.0925769
-0.0925973
-0.0926566
-0.0926803
-0.0926907
-0.0927
-0.0927085
-0.0927164
-0.092724
-0.0927771
-0.0927999
-0.0928115
-0.092823
-0.0928442
-0.0928543
-0.0928645
-0.0928857
-0.0929377
-0.0929697
-0.0929867
-0.0930214
-0.0930214
-0.0930388
-0.0930562
-0.0931112
-0.0931898
-0.093228
-0.0932459
-0.0932629
-0.0932793
-0.0933116
-0.0933116
-0.0933454
-0.0934284
-0.0934771
-0.0935018
-0.0935261
-0.0935499
-0.0935955
-0.0936179
-0.0936636
-0.0937607
-0.0937869
-0.0938131
-0.0938648
-0.0938905
-0.0939162
-0.0939416
-0.0939905
-0.0940881
-0.0941363
-0.0941596
-0.0941827
-0.0942059
-0.0942534
-0.0942783
-0.094304
-0.0943303
-0.0944364
-0.0944634
-0.0945173
-0.0945436
-0.0945694
-0.0946205
-0.0946465
-0.0946728
-0.0946993
-0.0948075
-0.0948347
-0.0948617
-0.0948887
-0.0949158
-0.0949428
-0.0949702
-0.0950557
-0.0951731
-0.0952271
-0.0952271
-0.0952512
-0.0952939
-0.0953134
-0.095332
-0.0953681
-0.0954477
-0.0954907
-0.0955121
-0.0955545
-0.0955761
-0.0955981
-0.0955981
-0.0956424
-0.0956645
-0.0957483
-0.0957483
-0.0957995
-0.0958131
-0.0958254
-0.0958369
-0.0958596
-0.0958596
-0.0958719
-0.0959478
-0.0959643
-0.09598
-0.0960067
-0.0960175
-0.0960269
-0.0960434
-0.0960434
-0.0960792
-0.0960857
-0.0960914
-0.0960996
-0.0961024
-0.0961064
-0.0961082
-0.09611
-0.0961141
-0.096113
-0.0961109
-0.0961049
-0.0961018
-0.0960969
-0.0960956
-0.0960961
-0.0961027
-0.0961035
-0.0961036
-0.0961025
-0.0961002
-0.0960907
-0.0960835
-0.0960751
-0.096055
-0.0960166
-0.0959878
-0.0959736
-0.0959597
-0.0959458
-0.0959181
-0.0959043
-0.0958768
-0.0958199
-0.0958046
-0.0957892
-0.095759
-0.0957442
-0.0957141
-0.0956983
-0.095664
-0.0956061
-0.0955868
-0.0955684
-0.0955354
-0.0955204
-0.0954909
-0.0954592
-0.0954426
-0.0953861
-0.0953414
-0.0953178
-0.0952697
-0.0952449
-0.0952195
-0.0951939
-0.0951683
-0.0951175
-0.0950159
-0.09499
-0.094964
-0.094913
-0.0948625
-0.0948372
-0.0947865
-0.0947611
-0.0946827
-0.094629
-0.0946025
-0.0945764
-0.0945503
-0.0945238
-0.094497
-0.0944422
-0.0942945
-0.0942661
-0.0942393
-0.0941893
-0.094165
-0.0941408
-0.0941408
-0.0940677
-0.0939591
-0.0939006
-0.0938719
-0.0938442
-0.0938173
-0.0937913
-0.0937659
-0.0937408
-0.0936896
-0.0935485
-0.0935196
-0.0934633
-0.0934363
-0.093385
-0.0933605
-0.0933368
-0.0932432
-0.0932205
-0.0931985
-0.0931566
-0.0931361
-0.0930946
-0.093073
-0.0930275
-0.0929573
-0.0929356
-0.0928974
-0.0928659
-0.092852
-0.0928255
-0.0928117
-0.0927969
-0.0927276
-0.0927072
-0.092686
-0.0926648
-0.0926438
-0.0926035
-0.0925842
-0.0925475
-0.0925309
-0.0924771
-0.0924667
-0.0924578
-0.0924499
-0.0924426
-0.0924193
-0.0924021
-0.0923716
-0.0923669
-0.0923627
-0.0923636
-0.0923662
-0.0923698
-0.0923739
-0.0923814
-0.0923838
-0.0923759
-0.0923706
-0.0923595
-0.0923543
-0.0923459
-0.0923459
-0.0923417
-0.0923518
-0.0923575
-0.0923641
-0.0923798
-0.0923892
-0.0924112
-0.0924232
-0.092449
-0.0924889
-0.0925013
-0.0925129
-0.0925326
-0.092541
-0.0925577
-0.0925671
-0.0925893
-0.0926321
-0.092666
-0.0926831
-0.0926996
-0.092715
-0.0927291
-0.0927551
-0.0927682
-0.0927819
-0.0928478
-0.0928676
-0.0929095
-0.0929307
-0.092952
-0.0929957
-0.0930418
-0.0930655
-0.0931859
-0.0931859
-0.0932087
-0.0932518
-0.0932722
-0.0933333
-0.0933545
-0.093497
-0.0935217
-0.0935455
-0.0935685
-0.0936129
-0.093635
-0.0936787
-0.0937004
-0.0937906
-0.0938142
-0.0938377
-0.093861
-0.093884
-0.0939309
-0.0939558
-0.0939819
-0.0941282
-0.094188
-0.0942161
-0.0942431
-0.0942693
-0.0942948
-0.0943705
-0.0943964
-0.0945396
-0.09457
-0.0945998
-0.0946288
-0.0947115
-0.0947379
-0.0947884
-0.0948129
-0.0949155
-0.0949419
-0.0949419
-0.0949682
-0.0950214
-0.0950759
-0.0951035
-0.0951313
-0.0951865
-0.0952694
-0.0952973
-0.0953523
-0.0953797
-0.0953797
-0.0954075
-0.0954639
-0.0954927
-0.0956313
-0.0956568
-0.0957041
-0.0957257
-0.0957461
-0.0957862
-0.0957862
-0.0958273
-0.0959097
-0.0959481
-0.0959656
-0.0959965
-0.0960097
-0.0960332
-0.0960446
-0.0961097
-0.0961239
-0.0961506
-0.0961629
-0.0961862
-0.0961977
-0.0962207
-0.0962318
-0.0962673
-0.096273
-0.096277
-0.096279
-0.096279
-0.0962773
-0.0962746
-0.0962683
-0.0962658
-0.0962761
-0.0962761
-0.0962836
-0.0963011
-0.0963101
-0.0963259
-0.0963323
-0.0963405
-0.0963336
-0.0963196
-0.0963109
-0.0962912
-0.0962808
-0.0962598
-0.0962493
-0.0961931
-0.0961828
-0.0961666
-0.0961666
-0.0961548
-0.0961491
-0.0961275
-0.096066
-0.0960512
-0.0960368
-0.096023
-0.0960101
-0.0959859
-0.0959739
-0.0959489
-0.095884
-0.0958644
-0.0958441
-0.095804
-0.0957844
-0.0957649
-0.0957454
-0.095726
-0.0957067
-0.0956224
-0.0955988
-0.0955497
-0.0955243
-0.0954707
-0.0954707
-0.0954147
-0.0953866
-0.0952484
-0.0952224
-0.0951974
-0.095126
-0.0951025
-0.0950787
-0.0950543
-0.0950036
-0.0949225
-0.0948942
-0.0948382
-0.0948111
-0.0947845
-0.0947577
-0.0947033
-0.0946748
-0.0945165
-0.0944832
-0.0944504
-0.0944188
-0.0943886
-0.0943599
-0.0943046
-0.0942768
-0.0942484
-0.0940923
-0.0940587
-0.0940252
-0.0939918
-0.0939588
-0.0939264
-0.0938634
-0.0938325
-0.0937717
-0.093648
-0.0936155
-0.0935827
-0.093518
-0.0934865
-0.0934551
-0.093424
-0.0933932
-0.0933324
-0.0932132
-0.0931843
-0.0931559
-0.0931017
-0.0930755
-0.0930492
-0.0930224
-0.0929669
-0.0928575
-0.0928317
-0.0928073
-0.0927626
-0.0927414
-0.0926996
-0.0926996
-0.0926588
-0.0925764
-0.0925348
-0.0925152
-0.0924797
-0.0924642
-0.0924359
-0.0924223
-0.0923959
-0.0923545
-0.0923397
-0.0923252
-0.0923113
-0.092298
-0.0922731
-0.0922503
-0.0922394
-0.092229
-0.0921946
-0.0921868
-0.0921868
-0.0921738
-0.0921689
-0.0921613
-0.0921582
-0.0921519
-0.0921427
-0.0921424
-0.0921434
-0.0921493
-0.0921535
-0.0921631
-0.0921681
-0.0921681
-0.0922059
-0.0922134
-0.0922202
-0.0922263
-0.0922314
-0.0922357
-0.0922429
-0.0922522
-0.0922885
-0.0923015
-0.0923155
-0.0923298
-0.092344
-0.0923727
-0.0923874
-0.0924164
-0.0924893
-0.0925033
-0.0925168
-0.09253
-0.0925434
-0.0925713
-0.0926188
-0.0926928
-0.0927124
-0.0927321
-0.0927707
-0.0927899
-0.0928095
-0.0928294
-0.0928704
-0.0929613
-0.0930087
-0.0930316
-0.0930757
-0.0930976
-0.0931413
-0.0931866
-0.0932909
-0.0933193
-0.0933477
-0.0934027
-0.093429
-0.0934547
-0.0935053
-0.0935308
-0.093658
-0.0936829
-0.093731
-0.0937545
-0.0938021
-0.0938266
-0.0938785
-0.0939637
-0.0940248
-0.0940551
-0.0940845
-0.0941401
-0.0941669
-0.0941934
-0.0942469
-0.0943677
-0.0944
-0.0944321
-0.0944943
-0.0945249
-0.0945551
-0.094585
-0.0946449
-0.0946754
-0.0948052
-0.0948395
-0.0949081
-0.0949081
-0.0949758
-0.0949758
-0.0950436
-0.0951103
-0.0952716
-0.0953028
-0.0953335
-0.0953943
-0.0954243
-0.0954243
-0.0954839
-0.0955432
-0.0956283
-0.0956829
-0.0957092
-0.0957584
-0.0957818
-0.095828
-0.0958515
-0.0958753
-0.095991
-0.0960124
-0.0960327
-0.0960517
-0.0960698
-0.096087
-0.0961037
-0.0961378
-0.096156
-0.0962349
-0.0962546
-0.0962734
-0.0963062
-0.0963333
-0.0963453
-0.0963566
-0.096367
-0.0964047
-0.0964155
-0.0964272
-0.0964515
-0.0964636
-0.0964869
-0.0964869
-0.0965089
-0.0965264
-0.0965342
-0.0965309
-0.0965181
-0.0965181
-0.0965096
-0.0964916
-0.0964831
-0.0964703
-0.0964755
-0.0964806
-0.09649
-0.0964933
-0.0964949
-0.0964942
-0.0964853
-0.0964322
-0.0964192
-0.0964063
-0.0963938
-0.0963704
-0.0963593
-0.0963478
-0.0963219
-0.0962609
-0.0962445
-0.0962284
-0.0961982
-0.0961835
-0.0961532
-0.0961377
-0.0961055
-0.0960494
-0.0960281
-0.0960062
-0.095963
-0.0959426
-0.0959232
-0.0959042
-0.0958459
-0.0957585
-0.095735
-0.0957112
-0.0956635
-0.0956393
-0.0956145
-0.0955891
-0.0955369
-0.0954292
-0.0954024
-0.0953759
-0.0953498
-0.0952969
-0.0952408
-0.0952115
-0.0951813
-0.0951499
-0.0950161
-0.0949821
-0.0949487
-0.0949161
-0.0948535
-0.0948224
-0.094791
-0.0947263
-0.0946922
-0.0945468
-0.0945091
-0.0944352
-0.0943999
-0.0943325
-0.0942998
-0.0942672
-0.0942339
-0.0940922
-0.0940554
-0.0939827
-0.0939123
-0.0938783
-0.0938455
-0.0938138
-0.0937528
-0.0936609
-0.0935966
-0.0935638
-0.0934981
-0.0934648
-0.0934313
-0.0933977
-0.0933315
-0.0931708
-0.0931708
-0.093141
-0.0931124
-0.0930571
-0.0930295
-0.0930016
-0.0929447
-0.0927984
-0.0927702
-0.0927433
-0.0926727
-0.0926514
-0.0926305
-0.0926092
-0.0924962
-0.0924743
-0.0924351
-0.0924181
-0.0924024
-0.0923586
-0.0923434
-0.0923434
-0.0922763
-0.0922389
-0.0922203
-0.0922025
-0.0921704
-0.0921559
-0.0921421
-0.092129
-0.0920633
-0.0920495
-0.0920359
-0.0919999
-0.0919904
-0.0919744
-0.0919674
-0.0919609
-0.0919441
-0.0919435
-0.0919472
-0.0919506
-0.0919506
-0.0919542
-0.0919575
-0.0919604
-0.0919604
-0.0919521
-0.0919533
-0.0919565
-0.0919615
-0.0919677
-0.0919845
-0.0919947
-0.0920161
-0.092059
-0.0920697
-0.0920901
-0.0920995
-0.0921179
-0.0921274
-0.0921376
-0.0921485
-0.0922026
-0.0922345
-0.0922509
-0.0922675
-0.0923018
-0.0923194
-0.0923375
-0.0923375
-0.0923758
-0.0924603
-0.0924824
-0.0925038
-0.092544
-0.0925638
-0.0926043
-0.0926254
-0.092647
-0.0927424
-0.0927693
-0.0928254
-0.0928533
-0.0928807
-0.0929339
-0.0929602
-0.0929866
-0.093126
-0.0931556
-0.0931853
-0.0932446
-0.0932747
-0.0932747
-0.0933357
-0.0933979
-0.0935595
-0.0935923
-0.0936248
-0.0936571
-0.0936892
-0.0937213
-0.0937535
-0.0938191
-0.0939567
-0.093992
-0.0940614
-0.0940948
-0.0941273
-0.0942227
-0.0942547
-0.0942874
-0.09446
-0.09446
-0.0944954
-0.0945301
-0.094598
-0.0946647
-0.0946978
-0.0947648
-0.0949019
-0.0949362
-0.0950033
-0.0950695
-0.0951026
-0.0951026
-0.0951674
-0.0951988
-0.0953214
-0.0953852
-0.0954173
-0.0954492
-0.0955114
-0.095542
-0.0956024
-0.0956321
-0.0956906
-0.095776
-0.0958038
-0.0958315
-0.0958862
-0.095914
-0.0959695
-0.0959968
-0.0960507
-0.0961535
-0.0961771
-0.0961992
-0.0962199
-0.0962587
-0.096278
-0.0962976
-0.0963376
-0.0964432
-0.0964621
-0.0964791
-0.0965062
-0.0965166
-0.0965338
-0.0965417
-0.09655
-0.0965944
-0.0966083
-0.0966226
-0.0966498
-0.0966618
-0.0966816
-0.0966892
-0.0966952
-0.0967059
-0.0967066
-0.0967076
-0.096714
-0.0967185
-0.0967193
-0.0967186
-0.0966956
-0.0966891
-0.0966891
-0.0966733
-0.0966733
-0.0966671
-0.0966639
-0.0966547
-0.0966204
-0.0966097
-0.0965993
-0.0965803
-0.0965714
-0.0965535
-0.0965438
-0.0965232
-0.0964709
-0.0964557
-0.0964235
-0.0964061
-0.096369
-0.0963499
-0.0963119
-0.0962181
-0.0961998
-0.0961998
-0.0961649
-0.0961309
-0.0961128
-0.0960933
-0.0960502
-0.0959539
-0.0959289
-0.0959044
-0.0958583
-0.0958363
-0.0958143
-0.0957435
-0.0956361
-0.0956084
-0.0955814
-0.0955301
-0.0955054
-0.0954568
-0.0954073
-0.0953814
-0.0952651
-0.095234
-0.0952031
-0.0951431
-0.0951137
-0.0950844
-0.095055
-0.0948347
-0.0947998
-0.0947295
-0.0946949
-0.0946611
-0.0946281
-0.0945643
-0.0945331
-0.0944071
-0.0943754
-0.0943129
-0.0942819
-0.0942503
-0.0941843
-0.0941843
-0.0941501
-0.0940787
-0.0939252
-0.0938863
-0.0938479
-0.0938105
-0.093774
-0.093738
-0.0936657
-0.0936657
-0.0933922
-0.093352
-0.0932757
-0.0932404
-0.0932071
-0.0931755
-0.0931159
-0.0930867
-0.0929953
-0.0929301
-0.0928975
-0.0928343
-0.0928034
-0.0927448
-0.0927169
-0.0926627
-0.0925808
-0.0925531
-0.0925256
-0.0924983
-0.0924712
-0.0924441
-0.0923887
-0.0923606
-0.0923045
-0.0921984
-0.0921741
-0.0921509
-0.0921087
-0.0920893
-0.0920707
-0.0920526
-0.0920348
-0.0920169
-0.0919432
-0.0919086
-0.091893
-0.0918785
-0.0918529
-0.0918416
-0.0918306
-0.0918202
-0.0917731
-0.0917652
-0.0917586
-0.0917507
-0.0917492
-0.0917492
-0.0917523
-0.0917549
-0.0917646
-0.0917655
-0.0917639
-0.0917592
-0.091757
-0.0917558
-0.0917578
-0.0917616
-0.0917976
-0.0918098
-0.0918222
-0.0918342
-0.0918564
-0.0918668
-0.0918879
-0.0918991
-0.0919112
-0.0919696
-0.0919868
-0.0920045
-0.0920226
-0.0920595
-0.0920784
-0.0920972
-0.0921156
-0.092214
-0.0922354
-0.0922569
-0.0922783
-0.0923217
-0.0923672
-0.0923906
-0.0924146
-0.0924146
-0.0925404
-0.0925675
-0.0926231
-0.0926513
-0.0926801
-0.0927096
-0.0927703
-0.0928332
-0.0929294
-0.0929614
-0.0929931
-0.0930548
-0.0930851
-0.0931462
-0.0931775
-0.093242
-0.0933773
-0.0933773
-0.0934116
-0.0934783
-0.0935102
-0.0935729
-0.0936049
-0.0936717
-0.0938206
-0.0938592
-0.0938972
-0.0940061
-0.0940414
-0.0940414
-0.0940766
-0.0941473
-0.0941834
-0.0943403
-0.0944226
-0.0944631
-0.0945423
-0.0945809
-0.094656
-0.0946926
-0.0948388
-0.0949126
-0.0949847
-0.09502
-0.09512
-0.0951809
-0.0952943
-0.0953219
-0.0953757
-0.095402
-0.0954285
-0.0954552
-0.0954826
-0.0955387
-0.0956518
-0.0956811
-0.0957694
-0.0957984
-0.0958272
-0.0958849
-0.0959139
-0.0959429
-0.0960584
-0.0960864
-0.0961136
-0.0961654
-0.0961908
-0.096216
-0.0962409
-0.0962912
-0.0964211
-0.0964457
-0.0964457
-0.0964902
-0.0965098
-0.0965453
-0.0965622
-0.0965962
-0.0966629
-0.0966803
-0.096715
-0.0967321
-0.0967493
-0.0967838
-0.0968009
-0.0968009
-0.0968712
-0.096885
-0.0968877
-0.0968877
-0.0968858
-0.0968826
-0.0968741
-0.0968701
-0.0968669
-0.0968731
-0.09688
-0.0968883
-0.0969158
-0.0969239
-0.0969307
-0.0969357
-0.0969387
-0.0969339
-0.0969099
-0.0968987
-0.0968725
-0.0968725
-0.096843
-0.0968275
-0.0967942
-0.0967765
-0.096681
-0.0966625
-0.0966299
-0.0966155
-0.0965889
-0.0965761
-0.096563
-0.096549
-0.0964791
-0.0964588
-0.0964383
-0.096418
-0.0963977
-0.0963771
-0.0963345
-0.0963125
-0.0961583
-0.0961296
-0.0960734
-0.0960461
-0.0960194
-0.0959933
-0.0959425
-0.0959166
-0.0958899
-0.0957736
-0.0957079
-0.0957079
-0.0956743
-0.0956407
-0.0955736
-0.0955401
-0.0954732
-0.095339
-0.0952693
-0.0952341
-0.0951983
-0.0951251
-0.0950873
-0.0950486
-0.0949697
-0.0947724
-0.094736
-0.094736
-0.0946043
-0.0945724
-0.0945405
-0.0944775
-0.0943458
-0.0943097
-0.094273
-0.0941987
-0.094161
-0.094086
-0.094049
-0.0940123
-0.0938328
-0.0937979
-0.0937295
-0.0936954
-0.0936609
-0.0936258
-0.0935899
-0.093553
-0.0935154
-0.0933994
-0.0933221
-0.0932846
-0.0932121
-0.0931762
-0.0931399
-0.0930655
-0.0930272
-0.0928262
-0.0927872
-0.0927872
-0.0927497
-0.0927136
-0.0926437
-0.0925761
-0.0925428
-0.0925095
-0.0923731
-0.0923389
-0.0923055
-0.0922425
-0.0922132
-0.0921853
-0.0921585
-0.0921073
-0.0920043
-0.091953
-0.0919284
-0.0919045
-0.0918811
-0.0918581
-0.0918358
-0.0917928
-0.0917928
-0.091699
-0.0916832
-0.0916687
-0.0916448
-0.091635
-0.0916259
-0.0916171
-0.0915989
-0.0915893
-0.0915626
-0.0915556
-0.09155
-0.0915442
-0.0915461
-0.0915489
-0.0915522
-0.0915582
-0.0915649
-0.0915716
-0.0915744
-0.0915821
-0.0915876
-0.0915945
-0.0916028
-0.091622
-0.0916521
-0.0916732
-0.0916839
-0.0916943
-0.0917146
-0.0917146
-0.0917371
-0.09175
-0.0917642
-0.0918526
-0.0918716
-0.0919084
-0.0919267
-0.0919453
-0.0919645
-0.0919645
-0.0919845
-0.0920289
-0.0921301
-0.0921572
-0.0921842
-0.0922105
-0.0922359
-0.0922606
-0.0923104
-0.0923364
-0.0923632
-0.0924815
-0.0925483
-0.0925828
-0.0926179
-0.0926537
-0.09269
-0.0927269
-0.0927645
-0.0930283
-0.0930626
-0.093127
-0.0932133
-0.0932676
-0.0934169
-0.0934486
-0.09348
-0.093511
-0.0935413
-0.0936006
-0.0936299
-0.0936595
-0.0936892
-0.0938123
-0.0938446
-0.0938772
-0.0939433
-0.0939777
-0.0940137
-0.0940512
-0.09409
-0.0941721
-0.0943047
-0.0943952
-0.0943952
-0.0944396
-0.0945257
-0.0945676
-0.0946092
-0.0946925
-0.0947779
-0.0949114
-0.0949583
-0.0950061
-0.0950542
-0.0951508
-0.0951508
-0.0952949
-0.0953419
-0.0953884
-0.0955229
-0.0955657
-0.0956473
-0.0956859
-0.0956859
-0.0957592
-0.0958294
-0.0958647
-0.0960498
-0.096087
-0.0961231
-0.0961912
-0.0962233
-0.0962843
-0.0962843
-0.0963419
-0.0963706
-0.0964866
-0.0965169
-0.0965472
-0.096577
-0.096606
-0.0966342
-0.096688
-0.0967374
-0.0967374
-0.0968279
-0.0968498
-0.0968919
-0.0969115
-0.0969297
-0.0969625
-0.0969625
-0.097006
-0.0970537
-0.0970627
-0.0970701
-0.0970758
-0.0970802
-0.0970873
-0.0970908
-0.0971041
-0.0971183
-0.0971214
-0.0971197
-0.0971097
-0.0971097
-0.0970942
-0.0970857
-0.0970776
-0.0970702
-0.0970432
-0.0970355
-0.0970276
-0.0970197
-0.0970037
-0.0969946
-0.0969844
-0.0969605
-0.0969021
-0.0968869
-0.0968723
-0.0968584
-0.0968165
-0.0968013
-0.0967849
-0.0967671
-0.0966832
-0.0966359
-0.0966124
-0.0965899
-0.0965685
-0.0965481
-0.0965279
-0.0964863
-0.0964639
-0.0963597
-0.0963302
-0.0962699
-0.0962393
-0.0962085
-0.0961776
-0.0961155
-0.0960524
-0.0958856
-0.0958856
-0.0958151
-0.0957799
-0.0957104
-0.0956758
-0.0956412
-0.0956066
-0.0954675
-0.0954325
-0.0953637
-0.095297
-0.0952292
-0.0951941
-0.0951582
-0.0951213
-0.0950836
-0.0949285
-0.0948893
-0.0948112
-0.0947722
-0.0947332
-0.0947332
-0.0945741
-0.0945325
-0.0944024
-0.0943143
-0.0942712
-0.0942294
-0.0941885
-0.0941072
-0.0940663
-0.0940251
-0.0937622
-0.0937622
-0.0936753
-0.0936753
-0.0935931
-0.0935537
-0.0934387
-0.0933996
-0.0932393
-0.0931987
-0.0931585
-0.0931192
-0.0930429
-0.0930053
-0.0929678
-0.0929302
-0.0928554
-0.0927409
-0.0926626
-0.0926626
-0.0925072
-0.092469
-0.0923945
-0.0923589
-0.0922253
-0.0921937
-0.0921631
-0.0921338
-0.0921059
-0.0920529
-0.0920273
-0.0919766
-0.0918992
-0.091874
-0.0918264
-0.0918044
-0.0917622
-0.0917409
-0.091719
-0.0916736
-0.0916504
-0.0915804
-0.0915385
-0.0915385
-0.0915204
-0.0914899
-0.0914769
-0.0914647
-0.0914407
-0.0914283
-0.0913782
-0.091367
-0.0913571
-0.0913414
-0.0913414
-0.0913468
-0.091351
-0.091351
-0.0913672
-0.0913698
-0.0913714
-0.0913708
-0.0913695
-0.0913699
-0.0913716
-0.0913806
-0.0914231
-0.091451
-0.0914647
-0.0914647
-0.0914778
-0.091502
-0.0915134
-0.0915367
-0.0915937
-0.0916119
-0.0916314
-0.0916731
-0.0916953
-0.091741
-0.0917643
-0.0918114
-0.0919026
-0.0919239
-0.0919442
-0.0919825
-0.0920013
-0.0920207
-0.0920413
-0.0920633
-0.0921128
-0.0922009
-0.0922658
-0.0922992
-0.0923328
-0.0924003
-0.0924342
-0.0924683
-0.0925028
-0.0927263
-0.0927667
-0.092807
-0.0928846
-0.0929217
-0.0929579
-0.093163
-0.093228
-0.0932898
-0.0933199
-0.0933496
-0.0933496
-0.0934095
-0.09344
-0.0936059
-0.093642
-0.0936786
-0.0937529
-0.0937907
-0.0938294
-0.0938693
-0.0938693
-0.0939524
-0.0941719
-0.0942159
-0.094303
-0.0943464
-0.0944338
-0.0944781
-0.0945232
-0.0947072
-0.0947981
-0.0948418
-0.0949251
-0.0949645
-0.0950404
-0.0950781
-0.0951545
-0.0952727
-0.0953136
-0.0953952
-0.0954357
-0.0954759
-0.0955553
-0.0955946
-0.0956333
-0.0958245
-0.0959034
-0.0959034
-0.0959427
-0.0960194
-0.0960566
-0.0961287
-0.0961639
-0.0962325
-0.0963653
-0.0963979
-0.0964625
-0.0964952
-0.096528
-0.0965604
-0.0966239
-0.0966548
-0.0967699
-0.0967959
-0.0968205
-0.0968658
-0.0968874
-0.0969091
-0.0969313
-0.0969543
-0.0970923
-0.0971129
-0.0971479
-0.0971617
-0.0971809
-0.0971866
-0.097193
-0.0971947
-0.0972009
-0.0972044
-0.0972091
-0.0972228
-0.0972321
-0.0972542
-0.0972658
-0.0972887
-0.0973255
-0.0973354
-0.0973373
-0.0973348
-0.097331
-0.0973259
-0.0973113
-0.0973016
-0.0972514
-0.0972374
-0.0972374
-0.0972109
-0.0972109
-0.0971745
-0.0971625
-0.0971506
-0.0971386
-0.0970825
-0.0970653
-0.0970475
-0.0970113
-0.0969926
-0.0969733
-0.0969333
-0.0969125
-0.0968234
-0.096799
-0.0967739
-0.0966948
-0.096638
-0.0966094
-0.096581
-0.0965262
-0.0964216
-0.0964216
-0.0963453
-0.0963196
-0.0962674
-0.0962405
-0.0962128
-0.0960932
-0.0960615
-0.09603
-0.0959679
-0.0959371
-0.0959061
