-0.0938019
-0.0937961
-0.093793
-0.0937913
-0.0937862
-0.0937832
-0.0937786
-0.0937775
-0.0937776
-0.0937903
-0.0937946
-0.0938009
-0.093802
-0.093799
-0.0937952
-0.0937906
-0.0937858
-0.0937774
-0.0937818
-0.093796
-0.0938135
-0.093822
-0.0938358
-0.09384
-0.0938256
-0.0938089
-0.0938004
-0.0937925
-0.0937858
-0.0937769
-0.0937754
-0.093776
-0.0937965
-0.0938102
-0.0938162
-0.0938213
-0.0938287
-0.0938287
-0.0938278
-0.0938205
-0.093797
-0.0937914
-0.0937862
-0.0937787
-0.0937768
-0.0937765
-0.0937777
-0.0937838
-0.093803
-0.0938077
-0.0938156
-0.0938181
-0.0938196
-0.0938198
-0.093819
-0.093818
-0.093817
-0.0938204
-0.093824
-0.0938283
-0.0938381
-0.0938479
-0.0938522
-0.0938583
-0.0938595
-0.0938592
-0.0938447
-0.093839
-0.0938269
-0.0938269
-0.093821
-0.0938156
-0.0938082
-0.0938073
-0.0938259
-0.0938325
-0.0938396
-0.0938467
-0.0938592
-0.0938634
-0.0938656
-0.093866
-0.0938648
-0.0938482
-0.0938366
-0.0938312
-0.0938237
-0.0938219
-0.0938212
-0.0938213
-0.093823
-0.0938251
-0.093824
-0.0938224
-0.0938188
-0.0938172
-0.0938161
-0.0938157
-0.0938162
-0.0938171
-0.0938193
-0.0938146
-0.093811
-0.0938038
-0.093801
-0.0937991
-0.0937983
-0.0937989
-0.0938113
-0.0938159
-0.0938162
-0.0938147
-0.0938067
-0.0937932
-0.0937932
-0.0937854
-0.0937777
-0.0937575
-0.0937582
-0.0937619
-0.0937675
-0.0937744
-0.0937898
-0.0937898
-0.0938041
-0.09381
-0.09382
-0.0938176
-0.0938131
-0.0938069
-0.0937908
-0.0937815
-0.0937717
-0.0937617
-0.0937419
-0.0937165
-0.0937058
-0.0937036
-0.0937034
-0.0937052
-0.0937086
-0.0937261
-0.0937336
-0.0937615
-0.0937652
-0.0937666
-0.0937659
-0.0937585
-0.0937518
-0.0937431
-0.0937329
-0.0937218
-0.09368
-0.0936686
-0.093667
-0.0936683
-0.0936718
-0.0936835
-0.0936905
-0.0936974
-0.0937126
-0.0937089
-0.0937036
-0.0936971
-0.093682
-0.0936739
-0.0936661
-0.0936592
-0.0936537
-0.0936633
-0.0936688
-0.0936741
-0.0936785
-0.0936823
-0.0936823
-0.0936809
-0.0936715
-0.0936645
-0.0936284
-0.0936251
-0.093629
-0.093643
-0.0936519
-0.0936926
-0.0936969
-0.0936992
-0.0936972
-0.0936878
-0.0936817
-0.0936755
-0.0936696
-0.0936643
-0.0936547
-0.093659
-0.0936625
-0.0936662
-0.0936696
-0.0936742
-0.0936742
-0.0936749
-0.0936585
-0.0936568
-0.0936567
-0.0936588
-0.0936629
-0.0936757
-0.0936907
-0.0936977
-0.0937079
-0.0937049
-0.0937013
-0.0936932
-0.0936886
-0.09368
-0.09368
-0.0936771
-0.0936945
-0.0937033
-0.0937128
-0.0937222
-0.0937311
-0.0937448
-0.0937485
-0.0937474
-0.0937109
-0.0937023
-0.0937023
-0.0936883
-0.093684
-0.0936821
-0.0936859
-0.0937007
-0.0937483
-0.0937607
-0.0937724
-0.0937833
-0.093793
-0.0938079
-0.0938127
-0.0938158
-0.0938145
-0.0938039
-0.0937939
-0.0937888
-0.0937796
-0.0937759
-0.0937733
-0.093772
-0.0937741
-0.0937741
-0.0937947
-0.0938031
-0.0938124
-0.0938326
-0.0938427
-0.0938601
-0.0938664
-0.0938745
-0.0938786
-0.0938794
-0.0938804
-0.0938819
-0.0938836
-0.0938854
-0.0938871
-0.0938919
-0.0938919
-0.0939156
-0.0939226
-0.0939295
-0.0939412
-0.0939447
-0.0939462
-0.0939437
-0.0939408
-0.0939328
-0.0939355
-0.0939397
-0.0939451
-0.0939584
-0.093966
-0.0939743
-0.0939912
-0.094011
-0.094008
-0.0940038
-0.0939923
-0.0939862
-0.0939862
-0.0939805
-0.0939729
-0.0939853
-0.0939913
-0.0939976
-0.094004
-0.0940103
-0.0940221
-0.0940265
-0.0940299
-0.094018
-0.0940142
-0.0940113
-0.0940091
-0.0940102
-0.0940164
-0.094021
-0.0940263
-0.0940318
-0.0940448
-0.0940458
-0.094044
-0.094041
-0.0940335
-0.0940257
-0.0940228
-0.0940208
-0.0940326
-0.0940357
-0.0940378
-0.0940384
-0.0940377
-0.0940358
-0.0940295
-0.0940257
-0.094019
-0.0940117
-0.0940062
-0.0940034
-0.0940034
-0.0940003
-0.0940027
-0.0940059
-0.0940133
-0.0940168
-0.094013
-0.0940078
-0.0939949
-0.0939949
-0.0939808
-0.0939743
-0.093969
-0.0939652
-0.0939657
-0.0939701
-0.0939713
-0.0939712
-0.0939656
-0.0939656
-0.0939472
-0.0939394
-0.0939107
-0.093907
-0.0939056
-0.0939065
-0.0939138
-0.0939246
-0.0939299
-0.0939345
-0.0939331
-0.0939167
-0.0939056
-0.0938934
-0.0938806
-0.0938556
-0.0938445
-0.0938236
-0.0938366
-0.0938422
-0.0938518
-0.0938547
-0.0938556
-0.0938542
-0.0938503
-0.0938134
-0.0937897
-0.0937785
-0.0937686
-0.0937542
-0.0937503
-0.093749
-0.0937537
-0.0937781
-0.093784
-0.0937887
-0.0937926
-0.0937913
-0.0937809
-0.093772
-0.0937608
-0.0936882
-0.0936739
-0.0936605
-0.0936374
-0.0936282
-0.0936157
-0.0936127
-0.0936115
-0.0936168
-0.0936194
-0.093622
-0.0936261
-0.0936272
-0.0936273
-0.0936261
-0.0936189
-0.0936133
-0.0935824
-0.0935738
-0.0935654
-0.0935575
-0.0935507
-0.0935451
-0.0935377
-0.0935354
-0.0935336
-0.0935244
-0.0935209
-0.0935168
-0.0935125
-0.0935082
-0.0935042
-0.0934978
-0.0934978
-0.093496
-0.0934998
-0.0935016
-0.0935031
-0.0935041
-0.0935044
-0.0935018
-0.093499
-0.0934955
-0.0934872
-0.0934753
-0.0934725
-0.0934706
-0.0934702
-0.0934727
-0.0934745
-0.0934762
-0.0934777
-0.093479
-0.0934701
-0.0934661
-0.0934618
-0.0934575
-0.0934499
-0.0934471
-0.0934448
-0.0934459
-0.0934633
-0.0934698
-0.0934833
-0.0934833
-0.09349
-0.0934961
-0.0935049
-0.0935066
-0.0935064
-0.0934858
-0.0934796
-0.0934682
-0.0934642
-0.093462
-0.0934644
-0.0934687
-0.0934687
-0.0934747
-0.0935146
-0.0935386
-0.0935497
-0.0935671
-0.0935723
-0.0935745
-0.093574
-0.0935667
-0.093561
-0.0935384
-0.0935356
-0.0935351
-0.0935373
-0.0935425
-0.0935599
-0.0935712
-0.0935839
-0.0936521
-0.0936722
-0.0936794
-0.0936845
-0.0936845
-0.0936881
-0.0936877
-0.0936852
-0.0936861
-0.0936939
-0.0937003
-0.0937165
-0.0937251
-0.0937336
-0.0937421
-0.0937505
-0.0937838
-0.093789
-0.093794
-0.0938037
-0.093809
-0.0938149
-0.0938298
-0.0938298
-0.0938392
-0.0938865
-0.0938982
-0.0939173
-0.093924
-0.0939283
-0.0939294
-0.0939265
-0.0939219
-0.0939162
-0.0938942
-0.0938914
-0.0938903
-0.0938943
-0.0938999
-0.0939181
-0.0939298
-0.0939425
-0.0939557
-0.0940078
-0.0940194
-0.0940391
-0.0940469
-0.0940602
-0.0940602
-0.0940664
-0.0940726
-0.0940864
-0.0941178
-0.0941248
-0.0941306
-0.094135
-0.0941377
-0.094137
-0.0941341
-0.09413
-0.0941173
-0.0941213
-0.0941282
-0.0941473
-0.0941473
-0.0941693
-0.09418
-0.0941993
-0.0942222
-0.0942221
-0.0942191
-0.09421
-0.0942046
-0.0941991
-0.0941936
-0.0941885
-0.0941765
-0.0941785
-0.0941877
-0.0941941
-0.094216
-0.0942235
-0.0942307
-0.0942373
-0.0942477
-0.094253
-0.0942512
-0.0942479
-0.0942387
-0.0942333
-0.0942278
-0.0942172
-0.0942172
-0.094209
-0.0942052
-0.094207
-0.0942101
-0.0942139
-0.0942224
-0.0942267
-0.0942307
-0.0942341
-0.0942381
-0.0942297
-0.0942244
-0.0942184
-0.0942052
-0.0941982
-0.0941833
-0.0941756
-0.0941597
-0.0941264
-0.0941193
-0.0941136
-0.0941075
-0.0941068
-0.0941073
-0.0941083
-0.0941095
-0.0941004
-0.0940951
-0.0940827
-0.0940756
-0.0940676
-0.0940492
-0.0940394
-0.0940297
-0.0939969
-0.0939881
-0.0939863
-0.0939863
-0.0939863
-0.0939868
-0.0939847
-0.0939747
-0.0939458
-0.0939216
-0.0939097
-0.0938987
-0.0938892
-0.0938761
-0.0938724
-0.0938698
-0.0938631
-0.0938541
-0.0938473
-0.0938307
-0.0938211
-0.0937993
-0.093788
-0.0937655
-0.0937551
-0.0937301
-0.0937193
-0.0937158
-0.0937138
-0.0937128
-0.0937118
-0.0937106
-0.0937082
-0.0936584
-0.0936457
-0.0936331
-0.0936211
-0.0936103
-0.0935931
-0.0935866
-0.0935768
-0.0935557
-0.0935479
-0.0935307
-0.0935224
-0.0935062
-0.0934981
-0.0934903
-0.093477
-0.0934716
-0.0934551
-0.0934525
-0.0934507
-0.0934494
-0.093448
-0.0934428
-0.0934382
-0.0934237
-0.093383
-0.0933658
-0.0933598
-0.0933562
-0.0933549
-0.0933577
-0.0933605
-0.0933665
-0.0933634
-0.0933573
-0.0933396
-0.0933293
-0.0933293
-0.0933085
-0.0932991
-0.0932912
-0.0932853
-0.0932831
-0.0932891
-0.0932943
-0.0932927
-0.0932891
-0.0932773
-0.0932702
-0.0932477
-0.0932464
-0.0932476
-0.0932564
-0.0932629
-0.0932768
-0.0932832
-0.0932885
-0.093292
-0.093283
-0.0932765
-0.0932694
-0.0932559
-0.0932505
-0.0932469
-0.0932456
-0.0932468
-0.0932949
-0.0933143
-0.0933222
-0.093328
-0.0933325
-0.093331
-0.0933272
-0.0933218
-0.0933014
-0.0932901
-0.0932864
-0.0932845
-0.0932869
-0.0932916
-0.0932988
-0.0933191
-0.093331
-0.0933684
-0.0933806
-0.0933921
-0.0934126
-0.093421
-0.0934278
-0.0934369
-0.0934399
-0.093442
-0.0934483
-0.0934505
-0.0934534
-0.0934574
-0.0934624
-0.0934753
-0.0934834
-0.0935024
-0.0935465
-0.0935701
-0.0935813
-0.093592
-0.093613
-0.0936235
-0.0936429
-0.0936699
-0.0936805
-0.0936849
-0.0936889
-0.0936963
-0.0937007
-0.0937063
-0.0937133
-0.093722
-0.0937701
-0.0937827
-0.0938049
-0.0938143
-0.0938229
-0.0938313
-0.0938394
-0.0938547
-0.093889
-0.0939077
-0.0939164
-0.0939327
-0.0939407
-0.0939407
-0.0939574
-0.0939661
-0.0940081
-0.0940156
-0.0940281
-0.0940334
-0.0940388
-0.0940448
-0.094052
-0.0940607
-0.0940708
-0.0941199
-0.0941326
-0.0941443
-0.0941631
-0.0941701
-0.0941762
-0.094187
-0.0941923
-0.0941979
-0.0942169
-0.0942331
-0.0942419
-0.0942507
-0.0942596
-0.0942772
-0.094286
-0.0943022
-0.0943089
-0.0943227
-0.0943261
-0.0943287
-0.0943316
-0.0943329
-0.0943349
-0.0943379
-0.0943488
-0.0943568
-0.094387
-0.0944065
-0.0944201
-0.0944247
-0.0944231
-0.0944193
-0.0944139
-0.0943822
-0.0943786
-0.0943767
-0.094379
-0.0943835
-0.0944061
-0.0944147
-0.094423
-0.094443
-0.0944472
-0.0944498
-0.0944492
-0.0944464
-0.0944383
-0.0944339
-0.0944295
-0.0944255
-0.0944173
-0.0944176
-0.094418
-0.0944176
-0.0944161
-0.0944095
-0.0944041
-0.0943906
-0.0943714
-0.0943617
-0.0943585
-0.0943567
-0.0943565
-0.0943608
-0.0943643
-0.094368
-0.0943714
-0.094376
-0.0943736
-0.0943694
-0.0943632
-0.0943555
-0.0943466
-0.0943138
-0.0943138
-0.0942891
-0.0942407
-0.0942178
-0.0942178
-0.0942075
-0.0941978
-0.0941798
-0.0941709
-0.0941617
-0.0941419
-0.0941215
-0.0941027
-0.0940854
-0.0940776
-0.0940703
-0.0940561
-0.0940484
-0.0940395
-0.0939802
-0.0939569
-0.0939474
-0.0939393
-0.0939323
-0.0939198
-0.0939198
-0.0939133
-0.0939064
-0.0938708
-0.0938464
-0.0938329
-0.0938194
-0.0938061
-0.0937801
-0.0937671
-0.0937544
-0.093731
-0.0936997
-0.0936807
-0.0936723
-0.0936648
-0.0936578
-0.0936507
-0.0936429
-0.0936236
-0.0935704
-0.0935414
-0.093528
-0.093516
-0.093506
-0.0934918
-0.0934918
-0.0934868
-0.0934778
-0.0934496
-0.0934393
-0.0934283
-0.0934054
-0.0933932
-0.0933674
-0.0933546
-0.0933426
-0.0933051
-0.0932986
-0.0932935
-0.0932872
-0.0932851
-0.0932829
-0.093276
-0.0932706
-0.0932634
-0.0932205
-0.0932078
-0.0931952
-0.0931724
-0.093163
-0.0931497
-0.0931462
-0.093145
-0.0931533
-0.0931558
-0.0931588
-0.0931586
-0.0931571
-0.0931489
-0.0931419
-0.0931419
-0.0931334
-0.0930935
-0.0930746
-0.0930589
-0.0930529
-0.0930484
-0.0930455
-0.0930472
-0.0930508
-0.0930792
-0.0930881
-0.0930968
-0.0931112
-0.0931157
-0.0931173
-0.0931146
-0.0931102
-0.0931048
-0.0930874
-0.0930781
-0.093075
-0.0930732
-0.0930728
-0.0930767
-0.0930812
-0.093087
-0.0931178
-0.0931343
-0.0931343
-0.0931357
-0.0931333
-0.0931276
-0.0931276
-0.0931232
-0.0931331
-0.0931506
-0.0931616
-0.0931733
-0.0931853
-0.0931972
-0.0932198
-0.09323
-0.0932756
-0.0932851
-0.0932941
-0.0933019
-0.0933083
-0.0933135
-0.0933181
-0.0933228
-0.0933344
-0.0933753
-0.0933994
-0.0934107
-0.0934318
-0.093442
-0.0934519
-0.0934616
-0.0934812
-0.0935264
-0.0935383
-0.0935499
-0.0935609
-0.0935804
-0.0935892
-0.0935981
-0.0936072
-0.0936072
-0.0936637
-0.0936904
-0.0937038
-0.093717
-0.0937298
-0.0937535
-0.0937648
-0.0937878
-0.0938369
-0.0938495
-0.0938619
-0.0938851
-0.0938959
-0.093917
-0.0939277
-0.0939388
-0.0939969
-0.0939969
-0.0940185
-0.0940288
-0.0940392
-0.0940612
-0.0940731
-0.0940854
-0.0941452
-0.0941552
-0.0941716
-0.0941776
-0.0941826
-0.0941871
-0.0941917
-0.0942033
-0.0942207
-0.0942582
-0.0942855
-0.0943093
-0.0943194
-0.0943287
-0.094353
-0.094353
-0.0943605
-0.0943933
-0.0944028
-0.094412
-0.094429
-0.094437
-0.0944533
-0.0944618
-0.0944783
-0.0945059
-0.0945168
-0.0945208
-0.0945236
-0.0945236
-0.0945277
-0.0945299
-0.0945329
-0.0945741
-0.0945833
-0.094592
-0.0945994
-0.0946097
-0.094612
-0.09461
-0.094606
-0.0945824
-0.0945728
-0.0945695
-0.0945677
-0.0945675
-0.0945728
-0.0945842
-0.0945908
-0.0946217
-0.0946283
-0.0946294
-0.0946289
-0.0946271
-0.0946242
-0.0946207
-0.0946124
-0.0946081
-0.0945959
-0.0945952
-0.0945954
-0.0945979
-0.0945997
-0.0946014
-0.0946029
-0.0946042
-0.0945927
-0.0945862
-0.0945613
-0.094552
-0.0945426
-0.0945245
-0.0945158
-0.0944978
-0.0944672
-0.0944569
-0.0944473
-0.0944386
-0.0944311
-0.0944194
-0.0944143
-0.094409
-0.0944031
-0.0943684
-0.0943564
-0.094331
-0.0943186
-0.0943064
-0.094282
-0.0942699
-0.0942579
-0.0942122
-0.0941915
-0.0941823
-0.0941672
-0.0941609
-0.0941548
-0.0941412
-0.0941332
-0.0940885
-0.094075
-0.0940615
-0.0940361
-0.094024
-0.0940123
-0.0940007
-0.0939772
-0.0939221
-0.0938918
-0.0938772
-0.0938493
-0.0938355
-0.0938215
-0.0938071
-0.093779
-0.0937403
-0.0937164
-0.0937056
-0.0936958
-0.0936872
-0.0936715
-0.0936634
-0.0936546
-0.0935786
-0.0935635
-0.0935488
-0.0935347
-0.0935347
-0.0935077
-0.0934946
-0.093482
-0.0934693
-0.0933996
-0.0933837
-0.0933677
-0.0933376
-0.0933238
-0.0933105
-0.0932976
-0.0932848
-0.093272
-0.0932243
-0.0932135
-0.0932035
-0.0931856
-0.0931769
-0.0931571
-0.0931459
-0.0931216
-0.0930828
-0.0930583
-0.0930479
-0.0930335
-0.0930279
-0.0930275
-0.0930286
-0.0930163
-0.0930085
-0.0929994
-0.092989
-0.0929779
-0.0929665
-0.0929554
-0.092945
-0.0929271
-0.0929096
-0.0929084
-0.0929076
-0.0929066
-0.092903
-0.0928992
-0.0928938
-0.0928874
-0.0928614
-0.0928578
-0.0928563
-0.0928588
-0.0928624
-0.0928725
-0.0928779
-0.0928826
-0.0928863
-0.0928822
-0.0928777
-0.0928728
-0.0928644
-0.0928614
-0.0928627
-0.0928661
-0.0928783
-0.0929139
-0.0929228
-0.0929305
-0.0929365
-0.0929402
-0.0929402
-0.0929373
-0.0929287
-0.0929171
-0.0929211
-0.0929211
-0.0929383
-0.0929506
-0.0929799
-0.0929965
-0.0930139
-0.093093
-0.0931108
-0.0931154
-0.0931154
-0.0931174
-0.0931162
-0.093114
-0.0931096
-0.0931156
-0.0931442
-0.0931578
-0.0931726
-0.0931885
-0.0932051
-0.0932219
-0.0932545
-0.0933172
-0.0933326
-0.0933618
-0.093375
-0.0933871
-0.0934086
-0.0934185
-0.0934377
-0.0934691
-0.0934934
-0.093506
-0.0935185
-0.0935308
-0.0935566
-0.0935706
-0.0935856
-0.0936014
-0.0936954
-0.0937155
-0.0937349
-0.0937349
-0.0937722
-0.0937897
-0.0938059
-0.0938209
-0.0938496
-0.0939096
-0.0939253
-0.0939412
-0.0939722
-0.0939722
-0.0939874
-0.0940027
-0.0940513
-0.0941204
-0.0941361
-0.094163
-0.0941745
-0.0941855
-0.094207
-0.094207
-0.0942299
-0.0942886
-0.0943209
-0.0943362
-0.0943653
-0.0943787
-0.0943908
-0.0944017
-0.0944118
-0.0944213
-0.0944601
-0.0944709
-0.0944819
-0.0945041
-0.094516
-0.0945287
-0.0945418
-0.0945691
-0.0945829
-0.094621
-0.094641
-0.0946486
-0.0946544
-0.0946588
-0.0946657
-0.0946694
-0.09468
-0.0947188
-0.0947307
-0.0947426
-0.0947539
-0.0947641
-0.0947789
-0.0947833
-0.0947883
-0.094795
-0.0947963
-0.0947957
-0.0947947
-0.0947925
-0.0947917
-0.0947915
-0.0947922
-0.0948124
-0.0948184
-0.0948243
-0.094835
-0.0948392
-0.0948423
-0.0948441
-0.0948431
-0.0948276
-0.0948225
-0.0948125
-0.0948081
-0.0948017
-0.0947993
-0.0947971
-0.0947949
-0.09478
-0.0947739
-0.0947533
-0.0947473
-0.0947473
-0.094742
-0.0947324
-0.0947203
-0.0947057
-0.0946929
-0.0946788
-0.0946709
-0.0946521
-0.094629
-0.0945741
-0.0945741
-0.0945664
-0.0945506
-0.0945413
-0.0945359
-0.0945296
-0.0944745
-0.0944601
-0.0944457
-0.0944189
-0.0944069
-0.0943855
-0.0943759
-0.0943665
-0.0943567
-0.0943139
-0.0943013
-0.094288
-0.0942741
-0.0942443
-0.094228
-0.0942111
-0.094194
-0.094159
-0.0941062
-0.0940894
-0.0940587
-0.0940444
-0.0940004
-0.0939853
-0.0939703
-0.0939557
-0.0938963
-0.0938803
-0.0938639
-0.0938318
-0.0938164
-0.0938014
-0.093787
-0.0937728
-0.0936981
-0.0936822
-0.0936664
-0.0936357
-0.0936203
-0.0935883
-0.0935712
-0.0935348
-0.093482
-0.0934372
-0.0934372
-0.0934126
-0.093401
-0.0933891
-0.0933764
-0.0933629
-0.0933324
-0.0932618
-0.0932618
-0.093243
-0.093207
-0.0931768
-0.0931648
-0.0931545
-0.0931453
-0.0931367
-0.0930969
-0.0930692
-0.0930539
-0.0930379
-0.0930215
-0.092989
-0.0929727
-0.0929567
-0.0929414
-0.0928785
-0.0928693
-0.0928548
-0.0928486
-0.0928423
-0.0928354
-0.0928179
-0.0928075
-0.0927721
-0.0927505
-0.0927419
-0.0927355
-0.092731
-0.092728
-0.0927259
-0.092722
-0.0927194
-0.0926948
-0.0926948
-0.0926871
-0.0926793
-0.092672
-0.0926611
-0.0926585
-0.092659
-0.0926809
-0.0926823
-0.0926824
-0.0926793
-0.0926767
-0.0926709
-0.0926688
-0.0926704
-0.0926723
-0.0926742
-0.0926761
-0.0926813
-0.0926851
-0.0926851
-0.0927043
-0.0927479
-0.0927539
-0.0927539
-0.0927584
-0.0927645
-0.0927672
-0.0927706
-0.0927888
-0.0928331
-0.092845
-0.092856
-0.0928659
-0.0928747
-0.0928825
-0.0928966
-0.0929103
-0.0929449
-0.092965
-0.0929856
-0.0929967
-0.0930209
-0.0930336
-0.0930465
-0.0930595
-0.0931102
-0.0931219
-0.0931427
-0.0931613
-0.0931712
-0.0931938
-0.0932199
-0.093281
-0.093297
-0.0933124
-0.0933405
-0.0933534
-0.0933777
-0.0933896
-0.0934664
-0.0934796
-0.0934924
-0.0935165
-0.0935282
-0.0935521
-0.0935782
-0.0935782
-0.0936602
-0.0936779
-0.0936952
-0.0937278
-0.0937433
-0.0937581
-0.0937724
-0.0938007
-0.0938159
-0.0938893
-0.0939097
-0.0939297
-0.0939681
-0.0939681
-0.0940052
-0.0940237
-0.0940422
-0.0940605
-0.0940789
-0.0941576
-0.0941998
-0.09424
-0.0942593
-0.0942777
-0.094295
-0.0943265
-0.0943892
-0.0944053
-0.0944205
-0.0944475
-0.0944596
-0.0944714
-0.0944834
-0.0944961
-0.0945238
-0.094539
-0.094605
-0.0946219
-0.0946379
-0.0946672
-0.0946808
-0.0946943
-0.094708
-0.0947224
-0.094737
-0.0947954
-0.0948213
-0.0948325
-0.0948429
-0.094853
-0.0948735
-0.0948735
-0.0948835
-0.094903
-0.094931
-0.0949393
-0.094947
-0.0949598
-0.0949645
-0.0949684
-0.094975
-0.094975
-0.0950003
-0.0950056
-0.0950106
-0.0950151
-0.095019
-0.0950256
-0.0950286
-0.095031
-0.0950322
-0.0950286
-0.0950229
-0.0950203
-0.0950186
-0.0950183
-0.095019
-0.0950194
-0.0950191
-0.0950175
-0.0949971
-0.0949894
-0.0949816
-0.094952
-0.0949442
-0.0949365
-0.0949295
-0.0949235
-0.094908
-0.0949038
-0.0948935
-0.0948935
-0.094871
-0.0948614
-0.0948509
-0.0948129
-0.0947845
-0.0947442
-0.0947442
-0.0947249
-0.0947184
-0.0947099
-0.0947099
-0.0947037
-0.09468
-0.0946569
-0.0946427
-0.094627
-0.0945914
-0.0945513
-0.094509
-0.0944466
-0.0943975
-0.0943865
-0.094378
-0.0943668
-0.0943628
-0.0943591
-0.0943504
-0.0943131
-0.0942983
-0.0942817
-0.0942445
-0.094224
-0.0942021
-0.0941786
-0.0941287
-0.0941027
-0.0939994
-0.0939754
-0.0939335
-0.093916
-0.0939009
-0.0938878
-0.0938764
-0.0938565
-0.0938469
-0.093797
-0.0937798
-0.0937608
-0.0937406
-0.0936977
-0.0936748
-0.0936512
-0.0936269
-0.0935772
-0.0934606
-0.0934402
-0.0934036
-0.0933871
-0.0933712
-0.0933559
-0.0933253
-0.093274
-0.0932141
-0.093194
-0.0931748
-0.0931571
-0.0931412
-0.0931267
-0.0931131
-0.0930998
-0.0930399
-0.0930041
-0.0929856
-0.0929672
-0.0929494
-0.0929149
-0.0928978
-0.0928807
-0.0928637
-0.0927998
-0.0927726
-0.0927607
-0.0927497
-0.092728
-0.0927168
-0.0927168
-0.0926921
-0.0926348
-0.0926065
-0.0925938
-0.0925828
-0.0925679
-0.0925641
-0.092562
-0.092561
-0.0925606
-0.0925533
-0.0925395
-0.0925395
-0.0925199
-0.0925093
-0.0924988
-0.0924885
-0.0924787
-0.0924701
-0.0924568
-0.0924656
-0.0924695
-0.0924735
-0.0924798
-0.0924811
-0.0924776
-0.092473
-0.0924549
-0.0924447
-0.0924419
-0.0924414
-0.0924436
-0.0924662
-0.0924773
-0.0924892
-0.0925132
-0.0925447
-0.092554
-0.0925623
-0.0925696
-0.0925756
-0.0925858
-0.0925911
-0.0925973
-0.092605
-0.0926256
-0.0926817
-0.0926971
-0.0927122
-0.0927264
-0.0927393
-0.0927511
-0.0927622
-0.0927836
-0.0927937
-0.0928707
-0.0928873
-0.0928873
-0.092904
-0.0929365
-0.0929519
-0.0929667
-0.0929811
-0.0930101
-0.0930705
-0.0930862
-0.0930862
-0.0931173
-0.0931324
-0.0931477
-0.0931805
-0.0931988
-0.0932182
-0.093355
-0.0933783
-0.0934006
-0.0934213
-0.0934403
-0.0934576
-0.0934735
-0.0934885
-0.0935185
-0.0935921
-0.0936137
-0.0936357
-0.0936795
-0.0937017
-0.0937242
-0.0937685
-0.0937901
-0.0937901
-0.0939218
-0.0939433
-0.0939642
-0.093985
-0.0940269
-0.0940479
-0.0940692
-0.0941129
-0.0941351
-0.0942027
-0.0942249
-0.0942465
-0.0942869
-0.094306
-0.094325
-0.0943621
-0.0943806
-0.0943997
-0.0944626
-0.0945088
-0.0945321
-0.0945768
-0.0945975
-0.0946343
-0.0946503
-0.0946653
-0.0947199
-0.094734
-0.0947624
-0.094777
-0.0947922
-0.0948246
-0.0948416
-0.0948592
-0.0949275
-0.0949557
-0.0949676
-0.0949874
-0.095004
-0.0950117
-0.0950196
-0.0950281
-0.0950736
-0.0950871
-0.0951007
-0.0951136
-0.0951358
-0.0951444
-0.0951512
-0.0951611
-0.0951811
-0.0951838
-0.0951858
-0.0951873
-0.0951889
-0.0951936
-0.0951972
-0.0952019
-0.0952423
-0.0952507
-0.0952579
-0.0952663
-0.0952667
-0.0952589
-0.095251
-0.0952412
-0.0951936
-0.0951826
-0.095173
-0.0951605
-0.0951587
-0.0951643
-0.0951709
-0.0951886
-0.0952264
-0.0952329
-0.0952372
-0.0952386
-0.0952311
-0.0952217
-0.095209
-0.0951758
-0.0951564
-0.0950943
-0.0950741
-0.0950551
-0.0950207
-0.0950052
-0.0949651
-0.0949532
-0.0949532
-0.0949004
-0.0948679
-0.094851
-0.0948185
-0.0948031
-0.094788
-0.094773
-0.0947576
-0.0946706
-0.0946528
-0.0946363
-0.0946076
-0.0945948
-0.0945824
-0.0945562
-0.0945415
-0.0945255
-0.0944685
-0.0944469
-0.0944012
-0.0943778
-0.0943313
-0.0943087
-0.0942657
-0.0942448
-0.0941413
-0.0941208
-0.0941009
-0.0940817
-0.0940633
-0.0940454
-0.0940098
-0.0939916
-0.0939729
-0.0938885
-0.0938436
-0.0938436
-0.0938002
-0.0937787
-0.0937573
-0.0937356
-0.0936909
-0.0936674
-0.0935625
-0.0935347
-0.093507
-0.0934525
-0.0934265
-0.0934265
-0.0934013
-0.0933529
-0.0933296
-0.0932402
-0.0931965
-0.0931755
-0.0931755
-0.0931334
-0.0930899
-0.0930676
-0.0930213
-0.0929508
-0.0929282
-0.0929067
-0.0928684
-0.0928518
-0.0928224
-0.0928083
-0.0927941
-0.0927139
-0.0926782
-0.0926611
-0.0926294
-0.0926294
-0.0926149
-0.0926011
-0.092575
-0.0925624
-0.0925142
-0.0925017
-0.0924644
-0.0924524
-0.0924403
-0.0924278
-0.092415
-0.0924022
-0.0923564
-0.0923472
-0.0923334
-0.0923264
-0.0923243
-0.0923225
-0.0923204
-0.0923174
-0.0923129
-0.0922903
-0.0922727
-0.0922648
-0.0922583
-0.0922538
-0.0922517
-0.0922538
-0.092262
-0.0922899
-0.0922926
-0.0922926
-0.0922933
-0.0922891
-0.0922854
-0.0922776
-0.0922747
-0.0922882
-0.0922967
-0.0923062
-0.0923167
-0.0923278
-0.0923391
-0.0923506
-0.0923742
-0.0923852
-0.092424
-0.0924339
-0.0924438
-0.0924629
-0.0924724
-0.0924938
-0.0924938
-0.09252
-0.09252
-0.0925857
-0.0926041
-0.0926224
-0.0926565
-0.0926858
-0.092699
-0.0927116
-0.0927242
-0.0927515
-0.0927834
-0.0928218
-0.0928426
-0.0928638
-0.0928849
-0.0929273
-0.092949
-0.0929917
-0.0930123
-0.093072
-0.0931115
-0.0931115
-0.0931513
-0.093172
-0.0931934
-0.0932154
-0.0932614
-0.0933862
-0.0934103
-0.093433
-0.093433
-0.0934746
-0.0934938
-0.0935318
-0.093572
-0.0936602
-0.0936842
-0.0937321
-0.0937557
-0.0937793
-0.0938264
-0.0938498
-0.0938731
-0.0939188
-0.0939855
-0.0940077
-0.0940731
-0.0940731
-0.0941405
-0.0941632
-0.0941862
-0.0942825
-0.0943057
-0.0943474
-0.0943659
-0.0943835
-0.0944007
-0.0944355
-0.0944536
-0.0944729
-0.09459
-0.0946161
-0.0946419
-0.0946907
-0.0947134
-0.0947552
-0.0947927
-0.0948101
-0.0948572
-0.094872
-0.0949022
-0.0949523
-0.0949699
-0.094987
-0.0950032
-0.0950766
-0.095104
-0.095104
-0.0951164
-0.0951389
-0.0951712
-0.0951822
-0.0951929
-0.0952348
-0.0952461
-0.0952579
-0.0952701
-0.095293
-0.0953035
-0.0953134
-0.0953311
-0.0953385
-0.0953629
-0.0953689
-0.0953812
-0.0953874
-0.0953874
-0.0954003
-0.0954072
-0.0954216
-0.0954416
-0.0954398
-0.0954358
-0.0954304
-0.0954241
-0.0954115
-0.0954062
-0.0954024
-0.0954006
-0.0954134
-0.0954165
-0.0954188
-0.0954168
-0.0954052
-0.0953966
-0.0953867
-0.0953867
-0.0953635
-0.0953152
-0.0953035
-0.0952925
-0.0952824
-0.0952657
-0.0952588
-0.0952451
-0.0952371
-0.0951877
-0.0951545
-0.0951376
-0.0951051
-0.09509
-0.0950645
-0.0950542
-0.0950355
-0.0950053
-0.0949936
-0.0949809
-0.0949528
-0.0949199
-0.0949199
-0.0949017
-0.094862
-0.0947539
-0.094733
-0.0947131
-0.0946767
-0.09466
-0.0946434
-0.0946266
-0.0946088
-0.0945898
-0.0945013
-0.0944528
-0.0944289
-0.0944053
-0.094382
-0.0943369
-0.0943151
-0.0942935
-0.094272
-0.0941809
-0.094156
-0.0941304
-0.0940776
-0.0940501
-0.0940223
-0.0939668
-0.0939388
-0.0938274
-0.0938008
-0.0937506
-0.0937275
-0.0936651
-0.0936448
-0.0936242
-0.0935104
-0.0934861
-0.0934625
-0.0934179
-0.0933967
-0.093376
-0.0933356
-0.0933152
-0.0932944
-0.0932008
-0.0931753
-0.0931491
-0.0931226
-0.0930959
-0.0930174
-0.0929912
-0.0929652
-0.0928669
-0.0928445
-0.0928233
-0.092785
-0.0927677
-0.0927339
-0.0927163
-0.0926784
-0.092615
-0.0925932
-0.0925517
-0.0925323
-0.0925138
-0.0924803
-0.0924651
-0.092436
-0.0923769
-0.092362
-0.0923474
-0.0923194
-0.0923194
-0.0923061
-0.0922931
-0.0922668
-0.0922533
-0.0922026
-0.0921916
-0.0921733
-0.0921655
-0.092158
-0.0921424
-0.0921424
-0.0921341
-0.0921252
-0.0920844
-0.0920668
-0.0920606
-0.0920568
-0.0920559
-0.0920586
-0.092063
-0.0920686
-0.0920941
-0.092092
-0.0920875
-0.0920741
-0.0920662
-0.0920583
-0.092051
-0.0920448
-0.0920495
-0.0920592
-0.0920846
-0.0920992
-0.0921293
-0.0921437
-0.0921437
-0.0921689
-0.0922169
-0.0922253
-0.0922329
-0.0922461
-0.0922523
-0.0922652
-0.0922724
-0.0922804
-0.0923243
-0.0923509
-0.0923644
-0.0923782
-0.0923922
-0.0924213
-0.0924372
-0.0924939
-0.0925608
-0.0925833
-0.0926256
-0.092645
-0.0926813
-0.0926988
-0.0927509
-0.0928219
-0.0928401
-0.0928585
-0.0928954
-0.0928954
-0.0929524
-0.0929938
-0.0930787
-0.0931177
-0.0931358
-0.0931533
-0.0931887
-0.0932071
-0.0932071
-0.0932472
-0.0932697
-0.0933726
-0.0934009
-0.0934294
-0.0934851
-0.0935118
-0.0935615
-0.0935848
-0.0936078
-0.0936311
-0.0937068
-0.0937341
-0.0937906
-0.0938195
-0.0938487
-0.0939082
-0.0939383
-0.0939993
-0.0941169
-0.0941702
-0.0941949
-0.0942182
-0.0942403
-0.094262
-0.0943062
-0.0943062
-0.0943548
-0.0944091
-0.094496
-0.0945251
-0.09458
-0.0946057
-0.0946306
-0.0946999
-0.094789
-0.0948113
-0.0948331
-0.0948752
-0.0948959
-0.0949378
-0.0949595
-0.0949818
-0.0950046
-0.0950731
-0.0951159
-0.0951357
-0.095154
-0.0951864
-0.0952014
-0.0952163
-0.0952311
-0.0953147
-0.0953331
-0.095368
-0.0953842
-0.0953996
-0.095414
-0.0954403
-0.0954519
-0.0954622
-0.0954989
-0.0955162
-0.095524
-0.0955397
-0.0955674
-0.0955674
-0.0955769
-0.0956085
-0.0956172
-0.0956185
-0.0956179
-0.0956155
-0.0956071
-0.0956071
-0.0955977
-0.0955941
-0.0955983
-0.0956047
-0.0956211
-0.09563
-0.0956385
-0.0956523
-0.0956565
-0.0956584
-0.0956584
-0.0956394
-0.0956169
-0.0956043
-0.0955915
-0.0955788
-0.0955536
-0.0955412
-0.0955287
-0.0954602
-0.095445
-0.0954299
-0.0954012
-0.0953874
-0.0953595
-0.0953452
-0.0953307
-0.0952621
-0.0952496
-0.0952377
-0.0952142
-0.0952013
-0.095187
-0.0951709
-0.0951347
-0.0950501
-0.0950284
-0.0950075
-0.0949696
-0.0949343
-0.0949343
-0.094917
-0.0948812
-0.0947514
-0.0947272
-0.0946798
-0.094657
-0.0946347
-0.094613
-0.094592
-0.0945716
-0.0944252
-0.0944042
-0.0943834
-0.0943423
-0.0943423
-0.0943018
-0.0942812
-0.09426
-0.0941407
-0.094116
-0.094116
-0.0940674
-0.0940429
-0.0940179
-0.0939924
-0.0939387
-0.0939103
-0.0937841
-0.0937506
-0.0937173
-0.0936525
-0.093621
-0.0935903
-0.0935609
-0.0935051
-0.0935051
-0.0933649
-0.093336
-0.0932781
-0.0932495
-0.0932211
-0.0931926
-0.0931638
-0.0931346
-0.0931052
-0.092927
-0.0928988
-0.0928719
-0.0928463
-0.0927991
-0.0927765
-0.092754
-0.0926365
-0.0926122
-0.0925887
-0.0925665
-0.0925056
-0.0924866
-0.0924505
-0.0923852
-0.0923534
-0.0923375
-0.0923212
-0.0923042
-0.0922684
-0.0922499
-0.0922312
-0.0921939
-0.0921591
-0.0921425
-0.0921266
-0.0920975
-0.0920842
-0.0920593
-0.0920474
-0.0920354
-0.0920229
-0.0919672
-0.0919527
-0.0919391
-0.0919267
-0.0919156
-0.0918982
-0.091892
-0.0918876
-0.0918847
-0.0918817
-0.091877
-0.0918732
-0.0918718
-0.0918713
-0.0918722
-0.0918731
-0.0918731
-0.091874
-0.0918772
-0.0918929
-0.0919079
-0.0919157
-0.09193
-0.0919362
-0.0919416
-0.091946
-0.0919497
-0.0919694
-0.0919775
-0.0919968
-0.0919968
-0.0920077
-0.0920198
-0.0920477
-0.0920631
-0.0920791
-0.092176
-0.0921894
-0.0922012
-0.0922119
-0.0922322
-0.0922429
-0.0922673
-0.0922673
-0.0923572
-0.0923789
-0.092422
-0.0924638
-0.0924839
-0.092503
-0.092503
-0.0925215
-0.0926386
-0.0926799
-0.0927003
-0.0927416
-0.0927631
-0.0927856
-0.0928089
-0.092858
-0.0929374
-0.0929646
-0.0929914
-0.093042
-0.0930654
-0.093088
-0.0931101
-0.0931558
-0.0932896
-0.0933193
-0.0933492
-0.0933787
-0.0934373
-0.0934667
-0.0934957
-0.093524
-0.0935517
-0.0936894
-0.0937174
-0.0937453
-0.0937733
-0.0938016
-0.0938605
-0.0938911
-0.0939532
-0.0940485
-0.094113
-0.0941446
-0.094175
-0.0942041
-0.0942601
-0.09434
-0.09434
-0.0944736
-0.094501
-0.0945281
-0.0945817
-0.0946086
-0.0946086
-0.0946621
-0.0946887
-0.0948191
-0.0948454
-0.0948715
-0.0949221
-0.094947
-0.094972
-0.094997
-0.0950476
-0.0951737
-0.0951962
-0.0952168
-0.0952353
-0.0952521
-0.0952828
-0.0952978
-0.0953134
-0.09533
-0.0954538
-0.0954763
-0.095498
-0.0955186
-0.0955554
-0.0955716
-0.0955867
-0.0956009
-0.0956142
-0.0956622
-0.0956747
-0.0956996
-0.0957117
-0.0957237
-0.095747
-0.095747
-0.0957583
-0.0957694
-0.0958132
-0.0958167
-0.0958179
-0.0958172
-0.0958121
-0.0958089
-0.0958089
-0.095804
-0.0958035
-0.0958201
-0.0958271
-0.0958405
-0.0958493
-0.0958506
-0.095849
-0.0958376
-0.0957763
-0.0957484
-0.095736
-0.0957253
-0.0957167
-0.0957104
-0.0957043
-0.0957037
-0.0957013
-0.095697
-0.0956802
-0.0956676
-0.0956522
-0.0956346
-0.0955945
-0.0955726
-0.09548
-0.0954358
-0.0954159
-0.0953977
-0.0953667
-0.0953536
-0.0953414
-0.0953296
-0.0952563
-0.0952371
-0.0951951
-0.0951496
-0.0951259
-0.0951017
-0.0950524
-0.0950271
-0.0949213
-0.0948953
-0.0948705
-0.0948473
-0.0948257
-0.0947847
-0.0947644
-0.0947234
-0.0946077
-0.0945819
-0.0945819
-0.0945281
-0.0944996
-0.094439
-0.0944077
-0.0943442
-0.0942199
-0.0941911
-0.0941378
-0.0941131
-0.0940889
-0.0940648
-0.0940144
-0.0939877
-0.0939596
-0.0938351
-0.0938018
-0.0937356
-0.093703
-0.0936707
-0.0936084
-0.0935786
-0.0935206
-0.0934051
-0.0933761
-0.0933177
-0.0933177
-0.0932569
-0.0932256
-0.0931621
-0.0931302
-0.0930079
-0.0929508
-0.0929236
-0.0928972
-0.0928716
-0.0927984
-0.0927734
-0.0926655
-0.0926112
-0.0925857
-0.0925378
-0.0924937
-0.0924737
-0.0924552
-0.0923687
-0.0923296
-0.0922892
-0.0922483
-0.0922273
-0.0921857
-0.0921656
-0.0920808
-0.0920669
-0.0920434
-0.0920335
-0.0920144
-0.0920042
-0.091934
-0.091918
-0.0919025
-0.0918742
-0.0918614
-0.0918496
-0.0918275
-0.0918167
-0.091795
-0.0917623
-0.0917515
-0.0917411
-0.0917227
-0.0917063
-0.0916901
-0.0916754
-0.0916665
-0.0916696
-0.0916742
-0.0916795
-0.0916904
-0.0916976
-0.0916985
-0.0916972
-0.0916728
-0.0916647
-0.0916569
-0.0916446
-0.0916399
-0.0916413
-0.0916455
-0.0916619
-0.0916992
-0.091726
-0.0917387
-0.0917633
-0.0917751
-0.0917869
-0.091799
-0.0918243
-0.0918243
-0.0918858
-0.0919045
-0.0919238
-0.091962
-0.0919806
-0.0919988
-0.0920165
-0.0920492
-0.0920652
-0.0921333
-0.0921515
-0.0921889
-0.0922084
-0.0922084
-0.0922496
-0.0922715
-0.0923423
-0.0924173
-0.092442
-0.092466
-0.0925121
-0.0925345
-0.0926014
-0.0926246
-0.0926487
-0.092754
-0.0927823
-0.0928106
-0.0928385
-0.0928661
-0.0929211
-0.0929484
-0.0929759
-0.093004
-0.0931212
-0.0931517
-0.0931823
-0.0932439
-0.0932755
-0.0933406
-0.093374
-0.093408
-0.0935445
-0.0936112
-0.0936112
-0.0937041
-0.0937041
-0.0937331
-0.0938207
-0.0938511
-0.0939796
-0.0940476
-0.0940813
-0.0941144
-0.0941783
-0.0942379
-0.0942659
-0.0944002
-0.0944275
-0.0944546
-0.0945086
-0.094536
-0.094593
-0.094623
-0.0946537
-0.0946537
-0.0947832
-0.0948154
-0.0948757
-0.0949038
-0.0949313
-0.0949854
-0.0950119
-0.0950383
-0.0950645
-0.0951757
-0.0952055
-0.0952353
-0.0952942
-0.0953233
-0.0953794
-0.0954061
-0.0954566
-0.0955245
-0.0955459
-0.0955664
-0.0956054
-0.0956247
-0.0956646
-0.0956847
-0.0957244
-0.0958004
-0.0958179
-0.0958339
-0.0958599
-0.0958701
-0.095879
-0.0958866
-0.0959001
-0.0959343
-0.0959452
-0.0959562
-0.0959774
-0.0959876
-0.0960059
-0.0960129
-0.0960216
-0.0960182
-0.0960082
-0.0960025
-0.0959927
-0.0959898
-0.09599
-0.0959937
-0.0959993
-0.0960366
-0.0960366
-0.096042
-0.0960464
-0.096045
-0.0960337
-0.0960242
-0.096
-0.0959419
-0.0959122
-0.0958981
-0.0958846
-0.0958846
-0.0958443
-0.09583
-0.0958148
-0.0957451
-0.0957086
-0.0956916
-0.09566
-0.0956451
-0.0956308
-0.0956172
-0.0955905
-0.0955255
-0.0955056
-0.095463
-0.095441
-0.0954188
-0.0953961
-0.0953733
-0.0953502
-0.09523
-0.0951823
-0.0951592
-0.0951367
-0.0950918
-0.0950683
-0.0950436
-0.0949909
-0.0948752
-0.094845
-0.0948151
-0.0947583
-0.0947317
-0.0947317
-0.0946801
-0.0946545
-0.0946022
-0.0944841
-0.0944516
-0.0944183
-0.0943497
-0.0943148
-0.0943148
-0.0942443
-0.0942087
-0.0940337
-0.0939994
-0.0939327
-0.0939006
-0.093869
-0.0938373
-0.0938049
-0.0937375
-0.093558
-0.0935215
-0.093486
-0.0934519
-0.0934195
-0.0933587
-0.0932994
-0.0932994
-0.0931449
-0.0931124
-0.0930484
-0.0930171
-0.092955
-0.092924
-0.092893
-0.0928025
-0.0926901
-0.0926637
-0.0926382
-0.0926133
-0.092589
-0.0925649
-0.0925404
-0.0924893
-0.0924621
-0.092345
-0.0923151
-0.0923151
-0.0922311
-0.0922311
-0.0921797
-0.092103
-0.0919999
-0.0919742
-0.0919492
-0.0919035
-0.0918831
-0.0918463
-0.0918293
-0.0917973
-0.0917521
-0.0917223
-0.0917076
-0.0916797
-0.0916662
-0.0916389
-0.0916252
-0.0915967
-0.0915395
-0.0915276
-0.0915175
-0.0915098
-0.0915046
-0.0915017
-0.0915029
-0.0915052
-0.091508
-0.0915132
-0.0915109
-0.0915004
-0.0914925
-0.0914836
-0.0914648
-0.0914561
-0.0914485
-0.0914355
-0.0914426
-0.0914495
-0.0914674
-0.0914773
-0.0914874
-0.0914976
-0.0915189
-0.0915672
-0.0915812
-0.0915957
-0.0916245
-0.0916386
-0.0916674
-0.0916826
-0.0916985
-0.0917845
-0.0918005
-0.0918298
-0.0918431
-0.0918554
-0.091879
-0.0918913
-0.0919046
-0.0919527
-0.0919943
-0.0920171
-0.092064
-0.0920878
-0.092136
-0.0921595
-0.0921826
-0.0922992
-0.0923245
-0.09235
-0.09235
-0.0924024
-0.0924582
-0.0924874
-0.0925176
-0.0926734
-0.0927041
-0.0927339
-0.0927628
-0.092818
-0.0928445
-0.0928445
-0.092871
-0.0929261
-0.0930521
-0.0930869
-0.093122
-0.0931921
-0.0932273
-0.0932629
-0.0932984
-0.0933682
-0.0935064
-0.0935752
-0.0936091
-0.0936769
-0.0937111
-0.093746
-0.0937818
-0.0938185
-0.0938558
-0.094007
-0.0940443
-0.0940805
-0.0941493
-0.0942166
-0.0942848
-0.0943194
-0.0943543
-0.0944636
-0.0945016
-0.0945781
-0.0946154
-0.0946865
-0.0947205
-0.0947539
-0.0948192
-0.0948514
-0.0949475
-0.0949793
-0.0950106
-0.095072
-0.0951029
-0.0951668
-0.0951997
-0.0952329
-0.0953952
-0.0954256
-0.0954817
-0.0955072
-0.0955543
-0.0955765
-0.0956199
-0.09576
-0.0957811
-0.0958008
-0.0958194
-0.0958531
-0.0958681
-0.0958823
-0.0959484
-0.0959609
-0.0959835
-0.095994
-0.0960043
-0.0960147
-0.0960254
-0.0960488
-0.0961064
-0.0961355
-0.0961488
-0.0961609
-0.0961717
-0.096188
-0.096197
-0.0962089
-0.096212
-0.0962243
-0.0962287
-0.0962324
-0.0962349
-0.0962354
-0.0962328
-0.0962068
-0.0961991
-0.0961861
-0.0961817
-0.0961789
-0.0961784
-0.0961797
-0.0961812
-0.0961826
-0.0961647
-0.0961541
-0.0961413
-0.0961269
-0.0961114
-0.0960785
-0.0960616
-0.0960281
-0.0959593
-0.0959422
-0.0959094
-0.0958782
-0.0958629
-0.0958475
-0.0958318
-0.0957984
-0.0957197
-0.0956983
-0.0956551
-0.0956129
-0.0956129
-0.0955717
-0.0955507
-0.0955289
-0.0954009
-0.0953441
-0.0952887
-0.0952619
-0.095211
-0.0951867
-0.0951388
-0.0950662
-0.0950414
-0.0950164
-0.0949662
-0.0949402
-0.0948854
-0.0948562
-0.0947957
-0.0946704
-0.09461
-0.0945811
-0.0945529
-0.0945529
-0.094496
-0.0944669
-0.0944053
-0.0942273
-0.0941899
-0.0941529
-0.0941164
-0.0940806
-0.0940109
-0.093977
-0.0939108
-0.0937004
-0.093663
-0.0936258
-0.0935891
-0.093518
-0.0934837
-0.0934166
-0.0932888
-0.0932591
-0.0932031
-0.0932031
-0.0931501
-0.0931234
-0.0930359
-0.0930036
-0.0928999
-0.0928266
-0.0927901
-0.0927194
-0.0926856
-0.0926531
-0.0926217
-0.0925614
-0.092439
-0.0924069
-0.0923744
-0.0923104
-0.0922791
-0.0922791
-0.0922481
-0.092186
-0.092155
-0.0920355
-0.0920073
-0.0919804
-0.0919051
-0.0918809
-0.0918326
-0.0918082
-0.0917832
-0.0917066
-0.0916553
-0.0916311
-0.0916085
-0.0915873
-0.0915488
-0.0915314
-0.0915149
-0.0914373
-0.0914224
-0.091408
-0.0913814
-0.091369
-0.0913568
-0.0913446
-0.0913205
-0.0912817
-0.0912817
-0.0912802
-0.0912825
-0.091288
-0.0912901
-0.0912905
-0.0912882
-0.0912725
-0.0912598
-0.0912598
-0.0912508
-0.0912489
-0.0912494
-0.091258
-0.0912658
-0.0912753
-0.0913231
-0.0913355
-0.0913472
-0.0913689
-0.0913797
-0.0913904
-0.0914012
-0.0914122
-0.0914375
-0.0914871
-0.0915251
-0.0915444
-0.0916004
-0.0916004
-0.0916544
-0.0916712
-0.0916876
-0.0917563
-0.0917754
-0.0917951
-0.0918154
-0.0918802
-0.091903
-0.0919263
-0.0920243
-0.092049
-0.0920961
-0.0921399
-0.0921615
-0.0921615
-0.0921837
-0.092207
-0.0922592
-0.0923848
-0.0924188
-0.0924529
-0.0924865
-0.092552
-0.0925838
-0.0926152
-0.0926468
-0.0927116
-0.0928482
-0.0928845
-0.0929215
-0.0929972
-0.0929972
-0.0930762
-0.0931168
-0.0931576
-0.0931986
-0.0933638
-0.0934042
-0.0934823
-0.0935202
-0.0935582
-0.0936353
-0.0937139
-0.0937544
-0.0938382
-0.0938815
-0.0940125
-0.0940546
-0.0940952
-0.0942097
-0.0942467
-0.0942836
-0.0943945
-0.0944315
-0.0945056
-0.0945788
-0.0946154
-0.0946521
-0.0946888
-0.0947622
-0.0949063
-0.094941
-0.0950076
-0.0950396
-0.0950711
-0.0951023
-0.0951652
-0.0951972
-0.0952298
-0.0953323
-0.0954036
-0.0954387
-0.0954728
-0.0955384
-0.0956004
-0.0956303
-0.0956303
-0.0956887
-0.0958039
-0.0958327
-0.0958893
-0.0959169
-0.0959698
-0.0960195
-0.0961062
-0.0961411
-0.0961557
-0.0961681
-0.0961782
-0.0961865
-0.0961996
-0.0962057
-0.0962586
-0.0962586
-0.0962724
-0.0963033
-0.0963193
-0.09635
-0.0963641
-0.0963771
-0.0963886
-0.0964163
-0.0964182
-0.0964189
-0.0964185
-0.0964159
-0.096414
-0.0964122
-0.0964106
-0.0964096
-0.0964133
-0.0964134
-0.0964127
-0.0964078
-0.0964032
-0.0963894
-0.0963894
-0.0963713
-0.0963364
-0.0963226
-0.0962917
-0.0962751
-0.0962402
-0.0962218
-0.0962028
-0.0961834
-0.0961441
-0.0960844
-0.096047
-0.096013
-0.0959971
-0.0959971
-0.0959646
-0.0959471
-0.0959285
-0.0959085
-0.0958363
-0.0957493
-0.0956591
-0.0956591
-0.0956019
-0.0955751
-0.0955248
-0.0955006
-0.0954261
-0.0953995
-0.0953446
-0.0953162
-0.0952868
-0.0952566
-0.0952256
-0.0951937
-0.095161
-0.0950231
-0.0949876
-0.0949169
-0.0948821
-0.0948473
-0.0947767
-0.0947409
-0.0947045
-0.0945032
-0.0944609
-0.0944192
-0.0943386
-0.0942993
-0.0942606
-0.0942226
-0.0941853
-0.094111
-0.0939933
-0.09391
-0.0938677
-0.093783
-0.0937402
-0.0936971
-0.093654
-0.0936113
-0.0935265
-0.0933999
-0.0933579
-0.0933162
-0.093275
-0.0931942
-0.0931536
-0.0931123
-0.093028
-0.0928143
-0.0927718
-0.0927304
-0.0926523
-0.0926159
-0.0925471
-0.0925142
-0.0925142
-0.0923496
-0.0922801
-0.0922454
-0.0922113
-0.0921784
-0.0921155
-0.0920851
-0.0919081
-0.0918811
-0.0918555
-0.0918314
-0.0918083
-0.0917397
-0.0917155
-0.0916903
-0.0915847
-0.0915585
-0.0915335
-0.09151
-0.0914671
-0.0914469
-0.091427
-0.0913882
-0.0913692
-0.0913133
-0.0912749
-0.0912557
-0.0912373
-0.0912037
-0.0911733
-0.0911589
-0.0911333
-0.0910998
-0.0910958
-0.0910958
-0.0911034
-0.0911034
-0.0911079
-0.0911089
-0.091093
-0.0910861
-0.091079
-0.0910724
-0.0910666
-0.0910621
-0.0910577
-0.0910584
-0.0910612
-0.0910958
-0.0911082
-0.0911082
-0.0911463
-0.0911582
-0.0911699
-0.0911812
-0.0911922
-0.0912031
-0.0912572
-0.0912915
-0.0912915
-0.0913092
-0.091346
-0.091385
-0.0914052
-0.0914259
-0.0914676
-0.0915304
-0.0915518
-0.0915732
-0.0915945
-0.0916388
-0.0916879
-0.0917144
-0.091742
-0.0918314
-0.0919228
-0.0919513
-0.0919786
-0.0919786
-0.0920053
-0.0920845
-0.0921118
-0.0921403
-0.0922671
-0.0923025
-0.0923389
-0.0923759
-0.0924507
-0.0924884
-0.0925266
-0.0925654
-0.0926044
-0.09276
-0.0928388
-0.0929575
-0.0929977
-0.0930383
-0.0930787
-0.093158
-0.093158
-0.0932757
-0.0933153
-0.0933938
-0.0934318
-0.0935064
-0.093544
-0.0935817
-0.0936197
-0.093698
-0.0938729
-0.09392
-0.0939674
-0.0940147
-0.094062
-0.0941564
-0.0942028
-0.0942485
-0.0942936
-0.0944254
-0.0945124
-0.0945124
-0.0946407
-0.0946828
-0.0947673
-0.0947673
-0.0948523
-0.0949835
-0.0950272
-0.0951115
-0.0951511
-0.0952255
-0.0952608
-0.0952953
-0.0953292
-0.0953968
-0.0955406
-0.0955778
-0.0956145
-0.0956855
-0.0957199
-0.0957871
-0.0958195
-0.0959933
-0.0960194
-0.0960442
-0.096089
-0.0961286
-0.0961472
-0.0961652
-0.0961831
-0.096276
-0.096276
-0.0962949
-0.0963306
-0.096347
-0.0963786
-0.0963942
-0.0964101
-0.0964268
-0.0964986
-0.0965165
-0.0965333
-0.0965487
-0.0965627
-0.0965862
-0.096595
-0.0966071
-0.0966132
-0.0966071
-0.0966027
-0.0965981
-0.0965938
-0.0965902
-0.0965875
-0.0965859
-0.0965893
-0.0965969
-0.0965978
-0.0965907
-0.0965843
-0.096565
-0.0965404
-0.0964898
-0.0964659
-0.0964453
-0.0964453
-0.0964287
-0.0964209
-0.0964129
-0.0963945
-0.0963837
-0.0963243
-0.0963051
-0.0962849
-0.0962434
-0.0962225
-0.096201
-0.0961787
-0.0961317
-0.0960229
-0.0959631
-0.0959335
-0.0958757
-0.0958477
-0.0958201
-0.0957658
-0.0957658
-0.0956573
-0.0956012
-0.0955734
-0.0955184
-0.0954901
-0.0954607
-0.0954301
-0.0953654
-0.095184
-0.0951475
-0.0951475
-0.0950771
-0.095043
-0.0949755
-0.094908
-0.094874
-0.0947288
-0.0946899
-0.0946114
-0.0945722
-0.0944929
-0.0944533
-0.0944141
-0.0943752
-0.0941758
-0.0941357
-0.0940571
-0.0940182
-0.0939792
-0.093901
-0.0938615
-0.0938215
-0.0935768
-0.0935768
-0.0935023
-0.0934669
-0.0933973
-0.093362
-0.0932885
-0.0932504
-0.0931715
-0.0930467
-0.0930044
-0.0929627
-0.0928822
-0.0928438
-0.09277
-0.0927337
-0.0926975
-0.0925499
-0.092511
-0.0924715
-0.0923519
-0.0923118
-0.0922719
-0.0921941
-0.0921557
-0.0920083
-0.0919737
-0.0919078
-0.0918763
-0.091845
-0.0918136
-0.0917819
-0.0917497
-0.0917167
-0.0915475
-0.0915146
-0.0914534
-0.0914254
-0.091399
-0.091374
-0.0913267
-0.0913032
-0.0911803
-0.0911153
-0.0910974
-0.0910677
-0.0910558
-0.091036
-0.0910268
-0.0909859
-0.0909749
-0.0909527
-0.0909304
-0.0909093
-0.0908995
-0.0908826
-0.0908656
-0.0908656
-0.0908668
-0.0908699
-0.0908798
-0.0908854
-0.0908979
-0.0908988
-0.0908861
-0.0908815
-0.0908746
-0.0908734
-0.0908782
-0.0908844
-0.090893
-0.0909035
-0.0909692
-0.0909975
-0.0910109
-0.0910357
-0.0910475
-0.0910714
-0.0910714
-0.0910841
-0.0911478
-0.091167
-0.0911865
-0.0912255
-0.0912452
-0.0912854
-0.0913057
-0.0913262
-0.0914139
-0.0914622
-0.0914869
-0.0915366
-0.0915618
-0.0916145
-0.0916422
-0.0916707
-0.0917914
-0.0918213
-0.0918501
-0.0919042
-0.0919305
-0.0919841
-0.092012
-0.0920411
-0.0922131
-0.0922506
-0.0922881
-0.0923624
-0.092399
-0.0924355
-0.0924721
-0.0925085
-0.0926972
-0.0927379
-0.0928204
-0.0928615
-0.0929022
-0.092983
-0.0930229
-0.0930627
-0.0931027
-0.093268
-0.0933107
-0.0934409
-0.0934855
-0.0935304
-0.0935751
-0.0937058
-0.0938742
-0.0939145
-0.0939537
-0.0940288
-0.0940657
-0.0941028
-0.0941401
-0.0942173
-0.094383
-0.0944252
-0.0944669
-0.0945474
-0.0945865
-0.0946251
-0.0946633
-0.0947397
-0.0947785
-0.0949397
-0.0949815
-0.0950239
-0.09511
-0.09511
-0.0951973
-0.0952412
-0.0953278
-0.0954945
-0.095534
-0.0955724
-0.0956449
-0.0956793
-0.0957133
-0.0957474
-0.0958169
-0.0959622
-0.0959979
-0.0960321
-0.0960954
-0.0961247
-0.0961802
-0.0962068
-0.0962329
-0.0963607
-0.0964113
-0.0964113
-0.0964359
-0.096484
-0.0965315
-0.0965548
-0.0966005
-0.0966796
-0.0966957
-0.0967097
-0.0967307
-0.0967373
-0.0967417
-0.0967444
-0.0967473
-0.0967582
-0.0967645
-0.0967726
-0.0967923
-0.0968028
-0.0968223
-0.0968301
-0.0968359
-0.096827
-0.0968077
-0.0967967
-0.0967856
-0.0967747
-0.0967553
-0.0967472
-0.0967233
-0.0967188
-0.0967071
-0.0966999
-0.0966819
-0.0966585
-0.0966455
-0.0965724
-0.0965436
-0.0965301
-0.0965043
-0.0964915
-0.096478
-0.0964633
-0.0964294
-0.0964098
-0.0963422
-0.096318
-0.0962939
-0.096247
-0.0962235
-0.0961994
-0.09615
-0.0961242
-0.0959777
-0.0959777
-0.0959454
-0.0958802
-0.0958475
-0.0958148
-0.0957485
-0.0957145
-0.0955425
-0.0954717
-0.0954365
-0.0954017
-0.0953312
-0.0952584
-0.0952219
-0.0950761
-0.0950402
-0.0950049
-0.0949359
-0.0949019
-0.094868
-0.0947988
-0.0947631
-0.0945744
-0.0944975
-0.0944594
-0.0944213
-0.0943829
-0.0943044
-0.0942238
-0.0940573
-0.0939745
-0.093934
-0.0938541
-0.0938143
-0.0937743
-0.093734
-0.0936936
-0.0934873
-0.0934437
-0.0933998
-0.093313
-0.0932705
-0.0931872
-0.0931462
-0.0931049
-0.093063
-0.0929338
-0.0928437
-0.0927984
-0.0927536
-0.0927098
-0.0926242
-0.0925813
-0.0925378
-0.092449
-0.0923119
-0.0922657
-0.0922202
-0.0921755
-0.0921317
-0.0920456
-0.0920029
-0.0919602
-0.0918744
-0.0917454
-0.0916619
-0.0916223
-0.0915841
-0.091547
-0.091511
-0.0914422
-0.0914087
-0.0912428
-0.0912104
-0.0911793
-0.0911222
-0.0910958
-0.0910463
-0.0910228
-0.0910003
-0.0909191
-0.0909009
-0.0908838
-0.0908524
-0.0908373
-0.0908218
-0.0907897
-0.0907571
-0.0906985
-0.0906882
-0.0906766
-0.090676
-0.0906784
-0.0906905
-0.0906988
-0.090708
-0.0907463
-0.0907484
-0.0907379
-0.0907298
-0.0907202
-0.0907099
-0.090689
-0.0906623
-0.0906629
-0.0906754
-0.0906859
-0.0906986
-0.0907128
-0.0907436
-0.0907596
-0.0908289
-0.0908476
-0.0908666
-0.0908857
-0.0909048
-0.0909445
-0.0909655
-0.0910102
-0.091108
-0.0911552
-0.0911977
-0.0912174
-0.0912365
-0.0912754
-0.091296
-0.0914199
-0.0914476
-0.0914751
-0.0915282
-0.0915542
-0.0915801
-0.0916061
-0.0916591
-0.091775
-0.0918373
-0.0918689
-0.0919344
-0.0919684
-0.0920034
-0.0920395
-0.0921151
-0.0922735
-0.0923129
-0.0923517
-0.0924275
-0.0924653
-0.0925031
-0.0925789
-0.0926179
-0.0927888
-0.0928337
-0.0928784
-0.0929659
-0.0930091
-0.0930944
-0.0931364
-0.0931787
-0.0932215
-0.093353
-0.0934456
-0.0934934
-0.0935418
-0.0936404
-0.0936907
-0.0937414
-0.0938426
-0.0938934
-0.0940463
-0.0941457
-0.0941945
-0.0942426
-0.0942905
-0.0943856
-0.0944335
-0.0944821
-0.0947896
-0.0948408
-0.0949395
-0.0949867
-0.0950759
-0.0951181
-0.0951593
-0.095316
-0.0953539
-0.095391
-0.0954632
-0.0954989
-0.0955708
-0.0956075
-0.0956824
-0.0957944
-0.0958677
-0.0959031
-0.0959373
-0.0959704
-0.0960347
-0.0960668
-0.0961323
-0.096271
-0.0963399
-0.0963727
-0.0964044
-0.096435
-0.0964914
-0.0964914
-0.0965423
-0.0966646
-0.0966878
-0.09671
-0.0967517
-0.0967717
-0.0968116
-0.0968319
-0.0968526
-0.0968526
-0.0969322
-0.0969649
-0.0969777
-0.0969877
-0.0969945
-0.096999
-0.0969977
-0.0969947
-0.0969861
-0.0969741
-0.0969746
-0.0969772
-0.0969879
-0.0969951
-0.0970028
-0.0970105
-0.0970174
-0.0970233
-0.0970254
-0.0970189
-0.0970101
-0.0969863
-0.0969571
-0.0969412
-0.0969082
-0.0968535
-0.0968335
-0.0968128
-0.0967698
-0.0967472
-0.0967015
-0.0966558
-0.096633
-0.0965652
-0.0965428
-0.0964983
-0.0964768
-0.096456
-0.0964144
-0.0963692
-0.0963174
-0.0962294
-0.0961986
-0.0961675
-0.0961057
-0.0960749
-0.0960144
-0.0959844
-0.0959539
-0.0958238
-0.0957536
-0.0957176
-0.0956446
-0.0956076
-0.0955326
-0.0954948
-0.0954564
-0.0953008
-0.0952621
-0.0952236
-0.0951475
-0.0951088
-0.0950288
-0.0949874
-0.0949451
-0.094902
-0.0947663
-0.0946717
-0.0946717
-0.0945781
-0.0944869
-0.0944415
-0.0943962
-0.0943055
-0.0940636
-0.0940636
-0.0940131
-0.0939119
-0.093861
-0.0938097
-0.0937582
-0.0936038
-0.0933536
-0.0933067
-0.0932615
-0.0932179
-0.0931341
-0.0930928
-0.0930088
-0.0928308
-0.0927395
-0.0926949
-0.0926516
-0.0926097
-0.0925292
-0.0924897
-0.0924502
-0.0922465
-0.0922043
-0.0921621
-0.0920794
-0.0920386
-0.0919576
-0.0919176
-0.0918778
-0.0917206
-0.0916822
-0.0916073
-0.0915713
-0.0915364
-0.0914683
-0.091434
-0.091399
-0.0912541
-0.0911832
-0.0911499
-0.0910884
-0.09106
-0.0910327
-0.0910063
-0.0909558
-0.0908555
-0.0908296
-0.0908039
-0.0907789
-0.0907321
-0.0906888
-0.0906688
-0.0906502
-0.0906171
-0.0905621
-0.0905505
-0.0905399
-0.0905306
-0.0905227
-0.0905157
-0.0905093
-0.0904966
-0.0904899
-0.0904519
-0.0904431
-0.0904423
-0.0904492
-0.0904492
-0.0904567
-0.0904662
-0.090477
-0.0905415
-0.0905543
-0.0905663
-0.0905767
-0.0905853
-0.0905974
-0.0906018
-0.0906058
-0.0906101
-0.0906411
-0.0906542
-0.0906694
-0.090706
-0.0907279
-0.0907775
-0.0908047
-0.0908628
-0.0909555
-0.0910172
-0.091075
-0.0911022
-0.0911278
-0.091175
-0.0911974
-0.0912198
-0.0913507
-0.0914144
-0.0914144
-0.091447
-0.091544
-0.0915757
-0.0916071
-0.0916686
-0.0916686
-0.0917972
-0.0918317
-0.0918668
-0.0919024
-0.0919769
-0.0920167
-0.0921002
-0.0921437
-0.0923722
-0.0924177
-0.092462
-0.0925472
-0.0925891
-0.092631
-0.092673
-0.0927593
-0.0929434
-0.0930411
-0.0930899
-0.0931856
-0.0932329
-0.0933262
-0.0933715
-0.093416
-0.0935913
-0.0936815
-0.093727
-0.093773
-0.0938195
-0.0939147
-0.0939637
-0.0940631
-0.0942633
-0.0943117
-0.0944041
-0.0944484
-0.0944921
-0.0945791
-0.0946229
-0.0946676
-0.0947138
-0.0948617
-0.0949652
-0.0950173
-0.0951193
-0.0951689
-0.0952655
-0.0953124
-0.0954036
-0.0955376
-0.0956281
-0.0956733
-0.0957182
-0.0957627
-0.0958501
-0.0958934
-0.0959791
-0.0961032
-0.0961426
-0.0962168
-0.0962513
-0.0962843
-0.0963486
-0.0963809
-0.0964476
-0.0964819
-0.0965882
-0.0966239
-0.0966587
-0.0967563
-0.0967862
-0.0968144
-0.0968666
-0.096891
-0.0969587
-0.0970009
-0.0970207
-0.0970391
-0.0970713
-0.0970982
-0.0971103
-0.097133
-0.097166
-0.0971761
-0.0971853
-0.0971933
-0.097205
-0.0972081
-0.0972093
-0.097209
-0.0972058
-0.0971993
-0.0971992
-0.0971998
-0.097201
-0.0972021
-0.0972018
-0.0971996
-0.0971898
-0.0971456
-0.0971169
-0.0971026
-0.0970883
-0.0970883
-0.0970592
-0.0970441
-0.0970118
-0.0969942
-0.096909
-0.0968848
-0.0968848
-0.096835
-0.0968097
-0.0967581
-0.0967315
-0.0966782
-0.0965724
-0.096546
-0.0965199
-0.096494
-0.0964415
-0.0964137
-0.0963845
-0.0963537
-0.0963216
-0.0961417
-0.0961035
-0.0960656
-0.0960284
-0.0960284
-0.0959557
-0.0958821
-0.0958436
-0.0956318
-0.0955389
-0.0954925
-0.0954467
-0.0954015
-0.0953129
-0.0952695
-0.0952266
-0.0950511
-0.0950067
-0.0949187
-0.0948747
-0.0948303
-0.0947397
-0.0946932
-0.0945967
-0.0943962
-0.0943465
-0.0942981
-0.0942055
-0.0942055
-0.0940711
-0.0940264
-0.0939816
-0.0939361
-0.0937935
-0.0937435
-0.0936926
-0.0935889
-0.0935359
-0.0934271
-0.0933717
-0.0932605
-0.0930946
-0.0930402
-0.0929343
-0.0928831
-0.0928328
-0.0927324
-0.0926819
-0.0925794
-0.0925272
-0.0923151
-0.0922627
-0.0922113
-0.0921608
-0.0921111
-0.0920626
-0.0920153
-0.091923
-0.0918769
-0.0916915
-0.0916438
-0.0915957
-0.0915005
-0.0914537
-0.0914071
-0.0913149
-0.0913149
-0.09127
-0.0910995
-0.091059
-0.0910198
-0.0909455
-0.0909101
-0.0908755
-0.0908413
-0.0907407
-0.0905803
-0.090552
-0.0905262
-0.0905036
-0.0904846
-0.0904573
-0.0904482
-0.0904359
-0.0904241
-0.090414
-0.0904069
-0.0904069
-0.0903873
-0.0903745
-0.0903445
-0.0903285
-0.0903126
-0.0902597
-0.0902507
-0.090244
-0.0902382
-0.0902393
-0.0902429
-0.0902549
-0.0902625
-0.0902709
-0.0903105
-0.090323
-0.0903504
-0.0903504
-0.0903802
-0.0903961
-0.0904125
-0.0905401
-0.090556
-0.0905934
-0.0906035
-0.0906134
-0.0906347
-0.0906473
-0.0907175
-0.0907392
-0.0907617
-0.0908082
-0.0908323
-0.0908565
-0.0908805
-0.0909297
-0.0909558
-0.0910719
-0.0911049
-0.0911394
-0.0912116
-0.0912116
-0.0912876
-0.0912876
-0.0913679
-0.0915766
-0.0916178
-0.0916975
-0.0917363
-0.0918143
-0.091854
-0.0918946
-0.0919365
-0.092114
-0.0921603
-0.0922525
-0.0922979
-0.0923867
-0.0924304
-0.0924741
-0.0925177
-0.0926049
-0.092742
-0.0927898
-0.0928382
-0.0929368
-0.0929873
-0.0930911
-0.0931439
-0.093197
-0.0934628
-0.0935163
-0.0935694
-0.0936738
-0.0937255
-0.0937773
-0.0938293
-0.0939358
-0.094216
-0.0942724
-0.0943812
-0.0944326
-0.09453
-0.0945771
-0.0946698
-0.0948999
-0.0949455
-0.0949903
-0.095077
-0.0951191
-0.095202
-0.0952434
-0.0954125
-0.0954549
-0.0955368
-0.0955766
-0.0956161
-0.0956553
-0.0956941
-0.0958126
-0.0959809
-0.0960239
-0.0960664
-0.0961487
-0.0961487
-0.0962288
-0.0962684
-0.0963073
-0.0964926
-0.0965621
-0.0965953
-0.09666
-0.0966925
-0.0967256
-0.0967589
-0.0967924
-0.0969555
-0.0969854
-0.0970134
-0.0970392
-0.0970862
-0.0971078
-0.0971285
-0.0971689
-0.097189
-0.097274
-0.0972951
-0.0972951
-0.0973339
-0.0973509
-0.0973788
-0.0973893
-0.0974038
-0.0974106
-0.0974093
-0.097404
-0.0974012
-0.0973991
-0.0973985
-0.0974005
-0.0974074
-0.0974165
-0.0974144
-0.0974098
-0.0973933
-0.0973817
-0.097368
-0.0973528
-0.0973194
-0.0973019
-0.0972315
-0.0972144
-0.0971976
-0.0971809
-0.0971635
-0.0971452
-0.0971258
-0.0970823
-0.0970582
-0.0969497
-0.0969195
-0.0968887
-0.0968278
-0.0967691
-0.0967408
-0.0967128
-0.0966848
-0.0965663
-0.0964993
-0.0964643
-0.0964284
-0.0963916
-0.0963167
-0.0963167
-0.0962405
-0.0962016
-0.0960822
-0.0959993
-0.0959573
-0.0958735
-0.0957891
-0.0957461
-0.0956574
-0.0956117
-0.0954189
-0.0954189
-0.0953701
-0.0952746
-0.0952275
-0.0951805
-0.0951335
-0.0950396
-0.0949917
-0.0947884
-0.0947347
-0.0946803
-0.0946256
-0.0945705
-0.0945151
-0.0944036
-0.0942912
-0.0940685
-0.0939595
-0.0939058
-0.0938525
-0.0937987
-0.0936893
-0.0935776
-0.0935213
-0.093293
-0.093236
-0.09318
-0.0930726
-0.0930212
-0.0929708
-0.0929207
-0.0928705
-0.0927695
-0.0926134
-0.0925053
-0.0924505
-0.0923957
-0.0923409
-0.0922321
-0.0921782
-0.0920717
-0.0919173
-0.0918164
-0.0917671
-0.0916717
-0.0916252
-0.0915334
-0.0914421
-0.0912185
-0.0911772
-0.0911382
-0.0911018
-0.0910676
-0.0910039
-0.0909732
-0.0909123
-0.0907855
-0.0907216
-0.0906911
-0.0906617
-0.0906617
-0.0906052
-0.0905775
-0.0905232
-0.0904215
-0.0903744
-0.0903524
-0.0903122
-0.0902759
-0.0902581
-0.0902223
-0.0901535
-0.0901392
-0.0901273
-0.0901108
-0.0901054
-0.0901011
-0.0900975
-0.0900898
-0.0900854
-0.0900701
-0.0900687
-0.0900685
-0.0900712
-0.0900737
-0.0900771
-0.0900817
-0.0900947
-0.0901487
-0.09016
-0.0901799
-0.0901887
-0.0902049
-0.0902126
-0.0902732
-0.0902732
-0.0902864
-0.0903149
-0.0903309
-0.0903483
-0.0903884
-0.0904109
-0.0904349
-0.0905393
-0.0905669
-0.0905944
-0.0906483
-0.0906747
-0.0907264
-0.0907521
-0.0907784
-0.0908977
-0.0909316
-0.0910016
-0.0910373
-0.0910732
-0.0911457
-0.0911822
-0.091255
-0.0914039
-0.0914417
-0.0914792
-0.0915164
-0.0915538
-0.0916309
-0.0916715
-0.0917136
-0.0917571
-0.0919446
-0.0920436
-0.0920928
-0.0921903
-0.0922393
-0.0922393
-0.0922886
-0.0923879
-0.0925967
-0.0927096
-0.0927668
-0.0928237
-0.0929358
-0.0929913
-0.0930467
-0.093157
-0.093374
-0.0934282
-0.0934821
-0.0935884
-0.0936412
-0.0937479
-0.0938024
-0.0939126
-0.09408
-0.094136
-0.0941913
-0.0942983
-0.0943501
-0.0944512
-0.0945015
-0.0945524
-0.0948753
-0.09493
-0.0949839
-0.0950893
-0.0951406
-0.0951911
-0.0952407
-0.0952893
-0.0955727
-0.0956187
-0.0957094
-0.0957543
-0.0958438
-0.0958889
-0.0959344
-0.0961581
-0.0962008
-0.0962421
-0.0963193
-0.0963557
-0.0963912
-0.0964621
-0.0964984
-0.096689
-0.096728
-0.0967663
-0.0968038
-0.0968402
-0.0969085
-0.0969406
-0.0970012
-0.0971152
-0.0971424
-0.0971689
-0.0972448
-0.0972952
-0.0972952
-0.0973202
-0.0973446
-0.097455
-0.0974733
-0.0974733
-0.0975047
-0.0975179
-0.0975296
-0.0975505
-0.0975608
-0.0976126
-0.0976196
-0.0976269
-0.0976275
-0.0976263
-0.0976198
-0.0976144
-0.097608
-0.0975749
-0.0975586
-0.0975521
-0.0975468
-0.0975376
-0.0975326
-0.0975189
-0.0975099
