-0.100542
-0.100542
-0.100544
-0.100545
-0.100553
-0.100555
-0.100552
-0.100543
-0.10053
-0.100518
-0.100519
-0.100525
-0.10054
-0.100555
-0.100566
-0.100569
-0.100557
-0.100553
-0.100542
-0.100541
-0.100547
-0.100556
-0.100581
-0.100586
-0.10059
-0.100593
-0.100591
-0.100586
-0.100574
-0.100571
-0.100568
-0.100561
-0.100563
-0.100572
-0.100586
-0.100605
-0.100609
-0.10061
-0.100595
-0.100588
-0.100574
-0.100562
-0.10056
-0.100568
-0.100574
-0.100586
-0.100596
-0.1006
-0.100582
-0.100575
-0.100561
-0.100549
-0.10054
-0.100525
-0.100534
-0.100537
-0.100541
-0.100543
-0.100539
-0.100522
-0.100509
-0.100497
-0.100489
-0.100485
-0.100479
-0.10048
-0.100485
-0.100491
-0.10049
-0.100485
-0.100472
-0.100448
-0.100441
-0.100435
-0.100423
-0.100423
-0.100425
-0.100433
-0.100432
-0.100427
-0.100416
-0.100403
-0.100393
-0.10039
-0.100392
-0.100402
-0.100405
-0.100409
-0.100421
-0.100423
-0.100424
-0.100421
-0.100404
-0.100396
-0.100393
-0.100393
-0.1004
-0.100411
-0.100423
-0.100438
-0.100442
-0.100447
-0.100449
-0.100449
-0.100449
-0.100451
-0.100465
-0.10047
-0.100484
-0.100491
-0.100515
-0.100531
-0.100543
-0.100551
-0.100551
-0.10055
-0.100547
-0.100548
-0.100553
-0.100574
-0.100603
-0.100622
-0.100631
-0.100648
-0.100659
-0.100662
-0.100667
-0.100672
-0.100675
-0.100678
-0.100685
-0.100691
-0.100705
-0.100737
-0.10075
-0.10076
-0.100763
-0.100764
-0.100758
-0.100753
-0.100738
-0.100731
-0.100734
-0.100739
-0.100753
-0.100779
-0.100787
-0.100796
-0.100791
-0.100777
-0.10077
-0.100757
-0.100749
-0.100747
-0.100752
-0.100753
-0.100752
-0.10075
-0.100745
-0.100738
-0.100726
-0.100693
-0.100685
-0.100676
-0.100661
-0.100654
-0.100639
-0.100631
-0.100613
-0.100601
-0.100593
-0.100585
-0.100577
-0.10055
-0.100532
-0.10051
-0.100504
-0.100493
-0.100477
-0.100473
-0.100468
-0.100456
-0.100418
-0.100407
-0.100385
-0.100365
-0.100344
-0.100335
-0.100325
-0.10032
-0.100315
-0.100313
-0.100307
-0.100297
-0.100264
-0.100255
-0.100238
-0.100225
-0.100219
-0.100221
-0.10025
-0.100255
-0.100261
-0.100258
-0.100233
-0.10022
-0.100193
-0.100153
-0.100133
-0.100124
-0.100136
-0.100156
-0.100183
-0.100243
-0.100257
-0.100268
-0.100283
-0.100286
-0.100284
-0.100273
-0.100243
-0.100231
-0.100228
-0.100227
-0.10024
-0.100251
-0.100279
-0.100351
-0.10037
-0.100405
-0.100436
-0.100461
-0.100471
-0.100498
-0.100531
-0.100557
-0.10057
-0.100598
-0.100625
-0.100637
-0.100667
-0.100697
-0.100704
-0.100704
-0.100717
-0.100741
-0.100761
-0.100783
-0.100825
-0.100843
-0.100857
-0.100863
-0.100867
-0.100872
-0.100897
-0.100906
-0.100925
-0.100946
-0.100946
-0.100971
-0.100979
-0.100974
-0.100966
-0.100962
-0.100959
-0.100959
-0.100962
-0.100976
-0.100987
-0.100986
-0.100981
-0.100977
-0.100972
-0.100952
-0.100935
-0.100908
-0.10089
-0.100881
-0.100866
-0.100853
-0.100841
-0.10083
-0.100801
-0.100792
-0.100792
-0.10077
-0.100735
-0.10071
-0.100687
-0.100658
-0.100649
-0.100641
-0.100615
-0.100596
-0.100574
-0.100505
-0.10049
-0.10046
-0.100433
-0.100409
-0.100388
-0.100371
-0.100347
-0.100339
-0.100322
-0.100301
-0.100277
-0.10025
-0.100222
-0.10018
-0.100167
-0.100143
-0.100124
-0.100111
-0.100101
-0.100093
-0.100078
-0.100072
-0.100058
-0.100042
-0.100025
-0.100008
-0.099995
-0.0999922
-0.0999955
-0.100006
-0.100017
-0.100026
-0.100033
-0.100039
-0.100039
-0.100039
-0.100039
-0.100044
-0.100051
-0.100064
-0.100081
-0.100112
-0.100124
-0.100149
-0.100173
-0.100195
-0.100214
-0.100222
-0.100264
-0.100273
-0.100283
-0.100294
-0.100332
-0.100361
-0.100392
-0.100437
-0.100465
-0.100502
-0.100521
-0.100542
-0.100566
-0.100611
-0.100628
-0.100663
-0.100681
-0.100733
-0.100765
-0.100794
-0.100832
-0.100843
-0.100866
-0.10089
-0.100914
-0.100941
-0.100971
-0.101017
-0.101032
-0.101047
-0.101083
-0.101099
-0.10111
-0.101119
-0.10113
-0.101133
-0.101142
-0.101153
-0.101167
-0.101181
-0.101192
-0.101195
-0.101191
-0.101181
-0.101168
-0.101154
-0.101139
-0.101126
-0.101109
-0.101105
-0.101098
-0.101091
-0.101082
-0.101071
-0.101064
-0.101023
-0.10101
-0.100981
-0.10095
-0.100919
-0.10089
-0.100876
-0.100826
-0.100814
-0.10079
-0.100764
-0.100735
-0.100702
-0.100665
-0.100627
-0.100568
-0.100548
-0.100511
-0.100475
-0.100459
-0.100383
-0.100352
-0.10032
-0.100287
-0.100255
-0.100238
-0.100145
-0.100107
-0.100075
-0.100049
-0.100029
-0.100021
-0.0999769
-0.0999686
-0.0999508
-0.0999321
-0.0999107
-0.0998735
-0.0998343
-0.0998126
-0.0997996
-0.0997981
-0.0998061
-0.0998194
-0.0998448
-0.0998485
-0.0998438
-0.0998329
-0.099819
-0.0998123
-0.0997979
-0.0998004
-0.0998092
-0.0998233
-0.099833
-0.0998568
-0.0998849
-0.0999304
-0.0999459
-0.0999758
-0.100003
-0.100026
-0.100048
-0.100059
-0.100103
-0.100116
-0.100144
-0.100178
-0.100216
-0.100256
-0.100276
-0.100357
-0.100395
-0.100414
-0.10045
-0.100486
-0.100503
-0.100538
-0.100615
-0.100636
-0.10068
-0.100727
-0.100773
-0.100818
-0.100839
-0.100916
-0.100934
-0.100967
-0.100999
-0.10103
-0.101063
-0.101097
-0.101151
-0.101169
-0.101204
-0.101237
-0.101265
-0.101288
-0.101305
-0.101322
-0.101327
-0.101336
-0.101345
-0.101356
-0.101367
-0.101371
-0.101374
-0.101367
-0.101362
-0.10135
-0.101337
-0.101324
-0.101318
-0.101294
-0.101289
-0.101284
-0.101272
-0.101256
-0.101246
-0.10121
-0.101163
-0.101129
-0.101112
-0.101095
-0.101045
-0.101013
-0.100981
-0.100931
-0.100913
-0.100874
-0.100833
-0.100788
-0.100765
-0.100719
-0.100631
-0.100589
-0.100568
-0.100528
-0.100488
-0.100448
-0.100333
-0.100308
-0.100257
-0.10021
-0.100167
-0.100107
-0.100055
-0.100039
-0.0999946
-0.0999678
-0.0999391
-0.099907
-0.0998361
-0.0998184
-0.0997851
-0.0997569
-0.0997227
-0.0997134
-0.0996732
-0.0996674
-0.0996568
-0.0996463
-0.0996328
-0.0996244
-0.0995814
-0.0995764
-0.099574
-0.0995808
-0.0995932
-0.0996011
-0.0996198
-0.0996511
-0.0996819
-0.0996909
-0.0997071
-0.0997222
-0.099737
-0.0997529
-0.099772
-0.0998093
-0.0998243
-0.0998575
-0.0998754
-0.0999332
-0.0999736
-0.100013
-0.100032
-0.100087
-0.100123
-0.10016
-0.100199
-0.100242
-0.100289
-0.100314
-0.100393
-0.100447
-0.1005
-0.1005
-0.100578
-0.100699
-0.100745
-0.100788
-0.100831
-0.100876
-0.100924
-0.100999
-0.101024
-0.101071
-0.101117
-0.101138
-0.101197
-0.101216
-0.101286
-0.101286
-0.101337
-0.101355
-0.101392
-0.101448
-0.101483
-0.101538
-0.101547
-0.101554
-0.10156
-0.101561
-0.101557
-0.101543
-0.101534
-0.101534
-0.101548
-0.101556
-0.101573
-0.101573
-0.101597
-0.1016
-0.101594
-0.101539
-0.10152
-0.101481
-0.10146
-0.101419
-0.101335
-0.101291
-0.101268
-0.1012
-0.101157
-0.101115
-0.101072
-0.101052
-0.101011
-0.100951
-0.100931
-0.10089
-0.100825
-0.100752
-0.100725
-0.100698
-0.10064
-0.100552
-0.100493
-0.100436
-0.100353
-0.100301
-0.100275
-0.100224
-0.100173
-0.10012
-0.100065
-0.100008
-0.0999224
-0.0998944
-0.0998398
-0.0998135
-0.0997407
-0.0996976
-0.0996386
-0.0996202
-0.0995839
-0.0995481
-0.0995138
-0.099482
-0.0994544
-0.0994329
-0.0994142
-0.0994125
-0.0994132
-0.0994207
-0.0994326
-0.0994447
-0.0994531
-0.0994452
-0.0994389
-0.0994245
-0.099411
-0.099406
-0.0994021
-0.0994283
-0.0994595
-0.0994783
-0.0995197
-0.0995419
-0.0996103
-0.0996562
-0.0997254
-0.0997728
-0.0997728
-0.0998213
-0.0998725
-0.0999261
-0.100009
-0.100091
-0.100144
-0.10017
-0.100223
-0.100276
-0.100331
-0.100389
-0.100482
-0.100548
-0.100581
-0.100648
-0.100715
-0.100748
-0.100811
-0.100928
-0.100956
-0.101012
-0.101068
-0.101125
-0.101184
-0.101244
-0.101332
-0.101361
-0.101415
-0.101441
-0.101509
-0.101548
-0.101582
-0.101627
-0.101641
-0.101655
-0.101683
-0.101724
-0.10175
-0.101773
-0.101791
-0.101792
-0.101787
-0.101776
-0.10176
-0.101743
-0.101725
-0.101694
-0.101687
-0.101668
-0.101656
-0.101643
-0.101625
-0.101586
-0.101569
-0.101552
-0.101514
-0.101451
-0.101408
-0.10128
-0.101259
-0.101237
-0.101216
-0.101149
-0.101101
-0.101048
-0.100932
-0.100902
-0.100902
-0.100842
-0.100752
-0.100692
-0.100632
-0.100538
-0.100505
-0.100437
-0.100367
-0.100297
-0.100228
-0.100068
-0.100038
-0.10001
-0.0999297
-0.0998785
-0.0998275
-0.0997749
-0.0996925
-0.0996647
-0.0996099
-0.0995569
-0.099507
-0.099462
-0.0994414
-0.099372
-0.0993572
-0.0993289
-0.099315
-0.0992731
-0.0992463
-0.0992226
-0.0991962
-0.0991895
-0.0991903
-0.0991934
-0.0992048
-0.0992313
-0.0992524
-0.0992856
-0.0992961
-0.0993156
-0.0993341
-0.0993538
-0.099376
-0.0994017
-0.099449
-0.0994679
-0.0995093
-0.0995542
-0.0996015
-0.0996502
-0.0996994
-0.099773
-0.0997978
-0.099823
-0.0999018
-0.0999572
-0.100017
-0.100081
-0.100184
-0.10022
-0.100292
-0.100364
-0.100434
-0.100503
-0.100537
-0.100705
-0.100772
-0.100838
-0.100871
-0.100937
-0.101039
-0.10114
-0.101173
-0.101238
-0.101299
-0.101357
-0.101385
-0.101466
-0.101545
-0.101598
-0.101626
-0.101679
-0.101706
-0.101757
-0.101886
-0.101901
-0.101925
-0.101939
-0.101943
-0.101947
-0.101947
-0.101953
-0.101957
-0.101969
-0.101981
-0.101989
-0.10199
-0.101983
-0.10194
-0.101924
-0.101889
-0.101852
-0.101814
-0.101777
-0.101758
-0.101685
-0.101645
-0.101623
-0.101576
-0.101524
-0.101497
-0.101409
-0.101283
-0.101251
-0.101219
-0.101157
-0.101096
-0.101035
-0.101004
-0.100875
-0.100804
-0.100767
-0.100691
-0.100613
-0.100574
-0.100496
-0.100341
-0.100267
-0.100231
-0.100159
-0.100124
-0.100053
-0.0999457
-0.0998343
-0.099759
-0.0997214
-0.0996469
-0.0995745
-0.0995063
-0.0994433
-0.0993587
-0.0993329
-0.0992844
-0.0992613
-0.0991956
-0.0991536
-0.0991334
-0.0990445
-0.0990186
-0.0990014
-0.0989957
-0.0990008
-0.0990065
-0.0990374
-0.0990515
-0.0990578
-0.0990693
-0.0990809
-0.0990866
-0.0991075
-0.0991534
-0.0991688
-0.0991854
-0.0992227
-0.0992651
-0.0992877
-0.0993342
-0.0994292
-0.0994766
-0.0995006
-0.0995498
-0.0996015
-0.0996286
-0.0996859
-0.0998503
-0.0998863
-0.099923
-0.0999982
-0.100036
-0.100113
-0.100189
-0.100338
-0.100375
-0.100449
-0.100526
-0.100605
-0.100688
-0.100773
-0.100949
-0.100993
-0.101078
-0.101193
-0.101262
-0.101326
-0.101417
-0.101447
-0.101477
-0.101537
-0.101631
-0.101631
-0.101762
-0.101857
-0.101887
-0.101945
-0.101997
-0.10202
-0.10206
-0.102104
-0.102134
-0.102148
-0.102153
-0.102161
-0.102167
-0.102169
-0.10217
-0.102149
-0.10214
-0.102118
-0.102091
-0.102091
-0.10206
-0.102025
-0.101935
-0.101916
-0.101898
-0.10186
-0.10184
-0.101776
-0.101728
-0.101583
-0.101583
-0.101517
-0.101417
-0.101385
-0.101322
-0.101167
-0.101103
-0.101037
-0.10097
-0.1009
-0.100827
-0.100672
-0.100592
-0.100515
-0.100442
-0.100372
-0.100303
-0.100233
-0.100124
-0.100087
-0.100009
-0.0999277
-0.0998866
-0.0998035
-0.0996422
-0.0996036
-0.0995659
-0.0994929
-0.0993894
-0.0993237
-0.0992602
-0.099167
-0.0991061
-0.0990761
-0.099018
-0.0989642
-0.0989396
-0.0988962
-0.0988367
-0.098829
-0.0988214
-0.0988211
-0.0988256
-0.0988336
-0.0988441
-0.0988548
-0.0988591
-0.0988707
-0.0988873
-0.0988979
-0.0989397
-0.0989568
-0.0990601
-0.0990827
-0.0991056
-0.0991523
-0.0991997
-0.0992475
-0.0993755
-0.0994033
-0.0994605
-0.0995206
-0.0995522
-0.0996184
-0.0997229
-0.0998307
-0.0998668
-0.0999027
-0.0999748
-0.100085
-0.100161
-0.100241
-0.100369
-0.100414
-0.10046
-0.1006
-0.100648
-0.100743
-0.100837
-0.101062
-0.101148
-0.101231
-0.101311
-0.101391
-0.101432
-0.101634
-0.101673
-0.101751
-0.101788
-0.10186
-0.101926
-0.101957
-0.102069
-0.102094
-0.102119
-0.102189
-0.102212
-0.102258
-0.10232
-0.102367
-0.102386
-0.102391
-0.102392
-0.102383
-0.102376
-0.102357
-0.102312
-0.102301
-0.102289
-0.102266
-0.10223
-0.102203
-0.102134
-0.102089
-0.102065
-0.102014
-0.101962
-0.101909
-0.101774
-0.101719
-0.101666
-0.101612
-0.101555
-0.101494
-0.101315
-0.101276
-0.101198
-0.101159
-0.101083
-0.10097
-0.100894
-0.100738
-0.100697
-0.100697
-0.100613
-0.100479
-0.100385
-0.100289
-0.100144
-0.100096
-0.100049
-0.0999086
-0.0998189
-0.0997311
-0.0995136
-0.0994702
-0.0993839
-0.0993417
-0.0992175
-0.0991365
-0.0990587
-0.0989195
-0.0988889
-0.0988095
-0.0987676
-0.0987352
-0.0987094
-0.0986763
-0.0986657
-0.0986442
-0.098624
-0.098615
-0.0985967
-0.0985959
-0.0986202
-0.0986308
-0.0986308
-0.098656
-0.0987021
-0.0987362
-0.0988221
-0.0988393
-0.0988563
-0.0989069
-0.098944
-0.0989864
-0.0990102
-0.0991206
-0.0991514
-0.0992159
-0.0992835
-0.0993532
-0.0993883
-0.0994587
-0.0996033
-0.099641
-0.0997191
-0.0998016
-0.0998902
-0.099984
-0.100032
-0.100232
-0.100282
-0.100384
-0.100483
-0.100582
-0.100631
-0.10073
-0.100927
-0.101029
-0.101081
-0.101186
-0.10129
-0.101394
-0.101496
-0.101689
-0.101734
-0.101734
-0.101822
-0.101905
-0.102023
-0.102099
-0.10221
-0.102282
-0.102316
-0.102379
-0.102436
-0.102484
-0.102504
-0.102553
-0.102558
-0.102559
-0.102556
-0.10255
-0.102543
-0.102523
-0.102509
-0.102494
-0.102477
-0.102454
-0.102439
-0.102385
-0.102319
-0.102295
-0.102247
-0.102197
-0.102146
-0.102092
-0.102064
-0.101906
-0.101832
-0.101793
-0.101673
-0.101592
-0.101511
-0.101388
-0.101347
-0.101306
-0.101223
-0.101095
-0.10105
-0.100911
-0.100763
-0.100659
-0.100606
-0.100499
-0.100446
-0.10034
-0.100236
-0.100032
-0.0999818
-0.0998817
-0.0997813
-0.0997308
-0.0995764
-0.0993182
-0.0992682
-0.099172
-0.0991267
-0.0990422
-0.098966
-0.0987694
-0.0987398
-0.0986842
-0.0986578
-0.0985809
-0.098532
-0.0984862
-0.0984107
-0.0983979
-0.0983979
-0.0983832
-0.098387
-0.0984011
-0.0984103
-0.0984569
-0.09847
-0.0984962
-0.0985223
-0.0985488
-0.0985767
-0.0985917
-0.0986646
-0.0987104
-0.0987358
-0.0987912
-0.0988516
-0.0989161
-0.0989496
-0.0990888
-0.0991245
-0.0991977
-0.0992731
-0.099351
-0.0994324
-0.0994749
-0.0996598
-0.0997088
-0.0997587
-0.0998606
-0.0999645
-0.100069
-0.100226
-0.100384
-0.100436
-0.100489
-0.100596
-0.100704
-0.100874
-0.100932
-0.101167
-0.10134
-0.101396
-0.101503
-0.101602
-0.101739
-0.101868
-0.10191
-0.102035
-0.102076
-0.102159
-0.102201
-0.102284
-0.102442
-0.102479
-0.102515
-0.102581
-0.102662
-0.102702
-0.102717
-0.102754
-0.102757
-0.102757
-0.102753
-0.10275
-0.10274
-0.102728
-0.102689
-0.102675
-0.102659
-0.102622
-0.102579
-0.102531
-0.102506
-0.102343
-0.102314
-0.102254
-0.102223
-0.102223
-0.102124
-0.102088
-0.101927
-0.101884
-0.101794
-0.1017
-0.101603
-0.101506
-0.10141
-0.101214
-0.101164
-0.101164
-0.101009
-0.100955
-0.100786
-0.100728
-0.100431
-0.100371
-0.100312
-0.100252
-0.100077
-0.0999628
-0.099906
-0.0996782
-0.0995627
-0.0995627
-0.0995047
-0.0993337
-0.0991693
-0.0990651
-0.0988747
-0.0988306
-0.0987877
-0.0987049
-0.0987049
-0.0985891
-0.0984808
-0.0983811
-0.0983225
-0.0982963
-0.0982525
-0.0982236
-0.0982096
-0.0982066
-0.0982177
-0.0982312
-0.0982391
-0.0982476
-0.0982664
-0.0982889
-0.098316
-0.0984338
-0.0984589
-0.0985117
-0.0985658
-0.0986211
-0.0986769
-0.0987621
-0.0987917
-0.098822
-0.0989188
-0.0989895
-0.0990663
-0.09915
-0.0993345
-0.0994335
-0.0994839
-0.0995845
-0.0996821
-0.0998254
-0.0999691
-0.100018
-0.100119
-0.100225
-0.100335
-0.100391
-0.100506
-0.100794
-0.10085
-0.100907
-0.100963
-0.101077
-0.101191
-0.101543
-0.101602
-0.101719
-0.101832
-0.101941
-0.102044
-0.102277
-0.10232
-0.1024
-0.102475
-0.102546
-0.102581
-0.10265
-0.102779
-0.102808
-0.102836
-0.102886
-0.102925
-0.102957
-0.10296
-0.102949
-0.102936
-0.102929
-0.102916
-0.102902
-0.102895
-0.102877
-0.102826
-0.102809
-0.102768
-0.102721
-0.102667
-0.102609
-0.102546
-0.102415
-0.102415
-0.102346
-0.102275
-0.102238
-0.10216
-0.102076
-0.101889
-0.101787
-0.101734
-0.101626
-0.101516
-0.101406
-0.101297
-0.101075
-0.101018
-0.100961
-0.100843
-0.100783
-0.100659
-0.100532
-0.100206
-0.100141
-0.100011
-0.0998848
-0.099765
-0.0996493
-0.0994259
-0.0993709
-0.0992612
-0.0991512
-0.0990417
-0.0989875
-0.0988805
-0.0986291
-0.0986291
-0.0985833
-0.0984964
-0.0983781
-0.0983075
-0.0982432
-0.0981566
-0.0981049
-0.0980814
-0.0980415
-0.0980064
-0.0980064
-0.0979996
-0.0980197
-0.0980303
-0.0980425
-0.0980879
-0.0981227
-0.0981596
-0.0981979
-0.0982819
-0.0983051
-0.0983294
-0.0983551
-0.0984409
-0.0984726
-0.0985401
-0.0986513
-0.0987702
-0.0988521
-0.0988939
-0.09898
-0.0990245
-0.0991171
-0.0993202
-0.0994315
-0.0994315
-0.0995485
-0.0997315
-0.0997935
-0.0999802
-0.100167
-0.100229
-0.100354
-0.100479
-0.100606
-0.100736
-0.10087
-0.101144
-0.101212
-0.101281
-0.101415
-0.101547
-0.101612
-0.101738
-0.102037
-0.102151
-0.102261
-0.102366
-0.102469
-0.102568
-0.102707
-0.102792
-0.102868
-0.102868
-0.102935
-0.102994
-0.103042
-0.103115
-0.103129
-0.103141
-0.103158
-0.103166
-0.103165
-0.103153
-0.103123
-0.103092
-0.103092
-0.103055
-0.103013
-0.102966
-0.102917
-0.102814
-0.102787
-0.102759
-0.1027
-0.102636
-0.102528
-0.102446
-0.102312
-0.102264
-0.102167
-0.102066
-0.101964
-0.101912
-0.101807
-0.101589
-0.101475
-0.101416
-0.101296
-0.101171
-0.101041
-0.100703
-0.100634
-0.100499
-0.100367
-0.100302
-0.100111
-0.0997942
-0.0997942
-0.0996665
-0.0995395
-0.0993514
-0.0992277
-0.0991065
-0.0989316
-0.098821
-0.0987678
-0.0986654
-0.0985684
-0.0984764
-0.0983886
-0.0982214
-0.0981812
-0.0981417
-0.0980658
-0.0980296
-0.0979613
-0.0979018
-0.0978256
-0.0978175
-0.097812
-0.0978175
-0.0978319
-0.097852
-0.0978635
-0.0979142
-0.0979585
-0.097992
-0.0980277
-0.0980684
-0.098116
-0.0982303
-0.0982303
-0.0982965
-0.0983314
-0.0984403
-0.0985162
-0.0985549
-0.0987607
-0.0988511
-0.0988983
-0.0989957
-0.0991496
-0.099203
-0.0994268
-0.0994847
-0.0995429
-0.0997172
-0.0998338
-0.0999519
-0.100072
-0.100325
-0.100391
-0.100458
-0.100596
-0.100667
-0.10081
-0.100954
-0.101239
-0.101308
-0.101445
-0.10158
-0.101715
-0.101848
-0.10198
-0.102113
-0.102311
-0.102375
-0.102501
-0.102562
-0.102679
-0.102788
-0.103019
-0.103019
-0.103059
-0.103165
-0.103227
-0.103281
-0.103323
-0.103358
-0.103363
-0.103364
-0.103359
-0.103334
-0.103309
-0.103279
-0.103228
-0.10321
-0.103173
-0.103133
-0.103088
-0.103037
-0.102978
-0.102874
-0.102835
-0.102795
-0.102668
-0.102579
-0.102488
-0.102301
-0.102203
-0.102102
-0.101999
-0.101892
-0.101779
-0.101541
-0.101416
-0.101289
-0.101163
-0.10104
-0.100919
-0.100736
-0.100613
-0.100549
-0.100421
-0.100287
-0.100149
-0.100009
-0.0997276
-0.0996576
-0.0996576
-0.0994514
-0.0993841
-0.0991856
-0.0991205
-0.0988639
-0.0988001
-0.0986721
-0.0985454
-0.0984831
-0.0983024
-0.0979915
-0.0979915
-0.0979488
-0.0978725
-0.0977786
-0.0977282
-0.097639
-0.0976278
-0.0976137
-0.0976095
-0.0976131
-0.0976242
-0.0976424
-0.0977008
-0.0977008
-0.0977193
-0.0977804
-0.097824
-0.0978704
-0.0979192
-0.0980004
-0.0980299
-0.0980611
-0.098129
-0.0982455
-0.0983316
-0.098422
-0.0986128
-0.0986621
-0.0987121
-0.0987629
-0.0988673
-0.0990328
-0.0990909
-0.0993399
-0.0994059
-0.0995417
-0.0996816
-0.0998238
-0.0999664
-0.100109
-0.100323
-0.100396
-0.100468
-0.100688
-0.100837
-0.100991
-0.101304
-0.10146
-0.101612
-0.101758
-0.101898
-0.102032
-0.102349
-0.10241
-0.102532
-0.102592
-0.102763
-0.102872
-0.103119
-0.103163
-0.103205
-0.10328
-0.103369
-0.103415
-0.1035
-0.103513
-0.103524
-0.103539
-0.103546
-0.103546
-0.103534
-0.103521
-0.103511
-0.103487
-0.103454
-0.103435
-0.103393
-0.103294
-0.103267
-0.10321
-0.10315
-0.103085
-0.103051
-0.102937
-0.102806
-0.10271
-0.102659
-0.102553
-0.102498
-0.102386
-0.102036
-0.101916
-0.101855
-0.101794
-0.101671
-0.10148
-0.101347
-0.101067
-0.100995
-0.100995
-0.10085
-0.100631
-0.100485
-0.100338
-0.100117
-0.0999667
-0.0998134
-0.0997358
-0.0995802
-0.0994255
-0.0993487
-0.0990496
-0.098907
-0.0988373
-0.0987011
-0.0986346
-0.09844
-0.0983764
-0.0981289
-0.0979539
-0.0978984
-0.097845
-0.0977447
-0.097656
-0.0976164
-0.0974935
-0.0974728
-0.0974434
-0.097425
-0.0974242
-0.097429
-0.0974708
-0.0974846
-0.0975166
-0.0975539
-0.0975965
-0.0976447
-0.0976976
-0.0977827
-0.0978425
-0.0978739
-0.0979401
-0.0980108
-0.0980881
-0.0981295
-0.0983162
-0.0984209
-0.0985319
-0.0985892
-0.0985892
-0.0988248
-0.0988847
-0.0991927
-0.0992569
-0.0993222
-0.0993222
-0.0995975
-0.09967
-0.0998178
-0.100121
-0.100198
-0.100275
-0.100506
-0.100662
-0.10074
-0.100897
-0.101219
-0.101302
-0.101467
-0.101632
-0.101714
-0.101878
-0.102117
-0.102345
-0.102418
-0.10256
-0.102697
-0.102829
-0.102958
-0.103021
-0.103259
-0.103314
-0.10342
-0.103514
-0.103596
-0.103662
-0.10371
-0.103745
-0.103749
-0.103751
-0.103741
-0.103727
-0.103708
-0.103696
-0.103632
-0.103589
-0.103564
-0.10351
-0.10345
-0.103419
-0.103352
-0.10321
-0.103132
-0.103092
-0.103006
-0.102914
-0.102865
-0.102532
-0.102471
-0.102347
-0.102222
-0.102097
-0.102035
-0.101911
-0.101592
-0.101525
-0.101317
-0.101245
-0.101171
-0.101096
-0.100943
-0.10047
-0.100391
-0.100234
-0.100081
-0.100004
-0.0998533
-0.0993976
-0.0993205
-0.0991675
-0.0990177
-0.098944
-0.098728
-0.0983961
-0.0983345
-0.0982172
-0.0981064
-0.0980529
-0.0978978
-0.0976982
-0.0976505
-0.0975593
-0.0974766
-0.0973726
-0.0973178
-0.0972464
-0.0972329
-0.0972309
-0.0972379
-0.0972427
-0.0972539
-0.0972807
-0.0972897
-0.0973129
-0.0973439
-0.0973833
-0.0974304
-0.0974843
-0.0975756
-0.0976419
-0.0976763
-0.0977474
-0.0978222
-0.0979018
-0.0979436
-0.0981279
-0.0981788
-0.098287
-0.0984029
-0.0985256
-0.0986541
-0.0987201
-0.0989239
-0.099132
-0.0992025
-0.0993459
-0.0994191
-0.0995689
-0.100045
-0.100129
-0.100296
-0.100546
-0.100629
-0.100711
-0.100954
-0.101273
-0.101351
-0.10143
-0.101588
-0.101746
-0.101906
-0.101986
-0.102304
-0.102457
-0.102532
-0.102678
-0.102819
-0.102956
-0.103023
-0.103279
-0.103401
-0.10346
-0.103571
-0.103674
-0.103765
-0.103918
-0.103934
-0.103953
-0.103959
-0.103956
-0.103951
-0.103937
-0.103885
-0.103838
-0.10382
-0.103799
-0.103755
-0.103676
-0.103583
-0.103514
-0.103478
-0.103404
-0.103325
-0.103284
-0.103153
-0.103006
-0.102899
-0.102727
-0.102609
-0.102489
-0.102367
-0.102181
-0.102118
-0.102054
-0.101923
-0.101718
-0.101574
-0.101423
-0.101185
-0.101104
-0.100937
-0.100853
-0.1006
-0.100431
-0.100262
-0.0999237
-0.0998382
-0.0998382
-0.0996655
-0.099491
-0.0992263
-0.0989621
-0.0987043
-0.0986206
-0.0986206
-0.0984581
-0.0982246
-0.0980758
-0.0979326
-0.0977278
-0.0976625
-0.0975992
-0.0974226
-0.0973182
-0.0972279
-0.0971536
-0.0970772
-0.0970613
-0.0970495
-0.0970344
-0.0970383
-0.0970496
-0.0970677
-0.0971071
-0.0971235
-0.0971614
-0.0971835
-0.0972629
-0.0973255
-0.0973946
-0.097546
-0.097546
-0.0975862
-0.0977135
-0.0978053
-0.0979038
-0.0980102
-0.0981853
-0.0982474
-0.0983113
-0.0985117
-0.0986514
-0.0987948
-0.098941
-0.0991649
-0.0992412
-0.0993969
-0.0995577
-0.0997239
-0.0998951
-0.100071
-0.100341
-0.100432
-0.100523
-0.100797
-0.100977
-0.101156
-0.101333
-0.101599
-0.101688
-0.101777
-0.102046
-0.102226
-0.102404
-0.102579
-0.102913
-0.102992
-0.103143
-0.103216
-0.103354
-0.103483
-0.103605
-0.103772
-0.103824
-0.103966
-0.104007
-0.10408
-0.104135
-0.104155
-0.104187
-0.104179
-0.10417
-0.104145
-0.104111
-0.104092
-0.10405
-0.103952
-0.103925
-0.103866
-0.1038
-0.103726
-0.103644
-0.103404
-0.103351
-0.103245
-0.103138
-0.103029
-0.102918
-0.102861
-0.102625
-0.102498
-0.102431
-0.102292
-0.102146
-0.101994
-0.101838
-0.101517
-0.101435
-0.101354
-0.101189
-0.101105
-0.100937
-0.100765
-0.10041
-0.100225
-0.100131
-0.0998465
-0.0998465
-0.0996567
-0.0993763
-0.099102
-0.0989218
-0.0988324
-0.0987435
-0.0984784
-0.0983042
-0.0978878
-0.0977356
-0.0976642
-0.0975316
-0.0974116
-0.0973558
-0.0972515
-0.0970327
-0.0969957
-0.0969612
-0.0969009
-0.0968754
-0.0968357
-0.0968062
-0.096819
-0.0968438
-0.0968764
-0.0968949
-0.0969578
-0.0970045
-0.0970806
-0.0971363
-0.0971661
-0.0971973
-0.0972645
-0.0973792
-0.0974669
-0.0976671
-0.0976671
-0.0977217
-0.0978345
-0.0980115
-0.0981334
-0.098259
-0.0984565
-0.0985253
-0.0985958
-0.0988186
-0.0989766
-0.09914
-0.0993074
-0.099564
-0.0996505
-0.0998253
-0.100002
-0.100182
-0.100365
-0.100552
-0.100842
-0.10094
-0.101038
-0.101335
-0.101532
-0.101726
-0.101917
-0.102286
-0.102465
-0.102639
-0.102809
-0.102975
-0.103137
-0.103443
-0.103584
-0.103713
-0.103829
-0.103931
-0.104021
-0.104134
-0.104196
-0.104223
-0.104271
-0.104308
-0.104333
-0.104346
-0.104348
-0.104338
-0.104328
-0.104302
-0.104265
-0.104218
-0.104163
-0.104068
-0.104033
-0.10396
-0.103883
-0.103804
-0.103718
-0.103673
-0.103475
-0.103421
-0.103305
-0.103181
-0.10305
-0.102913
-0.102843
-0.102553
-0.102403
-0.102327
-0.10217
-0.10209
-0.101927
-0.101758
-0.101401
-0.101308
-0.101119
-0.100927
-0.100734
-0.100541
-0.100444
-0.10006
-0.0999636
-0.099771
-0.0995773
-0.0993823
-0.0991856
-0.0990867
-0.0985972
-0.0985972
-0.0985015
-0.0983147
-0.0981349
-0.0979624
-0.0977158
-0.0974087
-0.0974087
-0.0973358
-0.097196
-0.0970054
-0.0968953
-0.0968467
-0.0966771
-0.0966771
-0.0966591
-0.0966307
-0.0966288
-0.0966343
-0.0966489
-0.09672
-0.09674
-0.0967619
-0.0968121
-0.0968407
-0.0969406
-0.0970171
-0.0971887
-0.0972808
-0.0973276
-0.0974704
-0.0975704
-0.0976757
-0.0978482
-0.0979735
-0.098039
-0.0981748
-0.0982449
-0.0983889
-0.0989221
-0.0990014
-0.0990809
-0.0992409
-0.099322
-0.0994874
-0.0996578
-0.100012
-0.100103
-0.100286
-0.100471
-0.100564
-0.100749
-0.101027
-0.101305
-0.101398
-0.101586
-0.101776
-0.101969
-0.102162
-0.102354
-0.102726
-0.102905
-0.102992
-0.103079
-0.103247
-0.10341
-0.103569
-0.103798
-0.103871
-0.103942
-0.10414
-0.104309
-0.104309
-0.104438
-0.104519
-0.104535
-0.104553
-0.104555
-0.104551
-0.104529
-0.104517
-0.104431
-0.104407
-0.104354
-0.10426
-0.104187
-0.104106
-0.104019
-0.103925
-0.103877
-0.103725
-0.103674
-0.103513
-0.1034
-0.10316
-0.10303
-0.102962
-0.102893
-0.102746
-0.102669
-0.10251
-0.102175
-0.102088
-0.102
-0.101734
-0.101554
-0.101371
-0.100798
-0.100699
-0.100599
-0.100499
-0.100297
-0.100195
-0.0997855
-0.0993825
-0.0992838
-0.0991862
-0.0990895
-0.098806
-0.0986215
-0.0985302
-0.0981706
-0.0979936
-0.0979057
-0.0977316
-0.0975621
-0.0974797
-0.0972446
-0.0970317
-0.096967
-0.0968472
-0.0967414
-0.0966496
-0.0965733
-0.0965416
-0.0964446
-0.0964314
-0.0964312
-0.0964421
-0.0964517
-0.0964786
-0.0965612
-0.0965871
-0.0966443
-0.0967078
-0.0967766
-0.0968128
-0.0969291
-0.0970595
-0.0971062
-0.0972056
-0.0973143
-0.0974315
-0.097493
-0.0976214
-0.0978933
-0.098035
-0.0981073
-0.0982557
-0.0984097
-0.0984892
-0.0986538
-0.0991951
-0.0992906
-0.0993869
-0.0995801
-0.0998684
-0.10006
-0.100442
-0.100442
-0.100538
-0.100731
-0.101026
-0.101226
-0.101428
-0.101732
-0.101832
-0.101932
-0.102227
-0.102421
-0.102613
-0.102803
-0.102898
-0.103272
-0.103364
-0.103543
-0.103715
-0.10388
-0.104033
-0.104239
-0.10436
-0.104415
-0.104513
-0.104596
-0.104661
-0.104708
-0.104744
-0.104749
-0.104749
-0.104736
-0.10471
-0.104671
-0.104593
-0.104529
-0.104495
-0.104459
-0.104342
-0.104258
-0.104167
-0.104069
-0.10385
-0.10385
-0.103729
-0.103599
-0.103463
-0.103393
-0.103177
-0.102953
-0.102877
-0.102799
-0.102474
-0.102474
-0.102212
-0.102026
-0.101737
-0.101638
-0.101438
-0.101132
-0.101029
-0.100824
-0.100619
-0.100308
-0.100204
-0.0999929
-0.0997791
-0.0995618
-0.0993426
-0.0991231
-0.0989046
-0.0986894
-0.0984787
-0.0983755
-0.0980756
-0.0979789
-0.09779
-0.0974288
-0.0973419
-0.097173
-0.0970111
-0.0968579
-0.0967157
-0.0965875
-0.0964284
-0.0963853
-0.0963475
-0.0962684
-0.096241
-0.09623
-0.0962331
-0.0962575
-0.096286
-0.0963035
-0.0963453
-0.0963972
-0.0964599
-0.0965329
-0.096706
-0.0968041
-0.0969086
-0.0970174
-0.0970724
-0.0972403
-0.097416
-0.0975405
-0.0976713
-0.0978771
-0.0979483
-0.0981701
-0.0984039
-0.0984841
-0.0985652
-0.0987298
-0.0988969
-0.0991528
-0.0993296
-0.099605
-0.0996999
-0.0997966
-0.100096
-0.100302
-0.100513
-0.100725
-0.101151
-0.101257
-0.101363
-0.101468
-0.10168
-0.101891
-0.10221
-0.102639
-0.102851
-0.102955
-0.103058
-0.10345
-0.103881
-0.10396
-0.10411
-0.104248
-0.104377
-0.104498
-0.104609
-0.104756
-0.104798
-0.104872
-0.104872
-0.104962
-0.104977
-0.104975
-0.104934
-0.104919
-0.104919
-0.104883
-0.104816
-0.104764
-0.104704
-0.104598
-0.104557
-0.104515
-0.104422
-0.104267
-0.104154
-0.104034
-0.10378
-0.103714
-0.103576
-0.103362
-0.103214
-0.10306
-0.1029
-0.102559
-0.10247
-0.10238
-0.102196
-0.10201
-0.101821
-0.10163
-0.101335
-0.101234
-0.101027
-0.100815
-0.1006
-0.100382
-0.100163
-0.0997253
-0.0995087
-0.0992933
-0.098976
-0.0988717
-0.0983532
-0.0982511
-0.0980513
-0.097858
-0.0976714
-0.097581
-0.0974067
-0.0970862
-0.0970113
-0.0969383
-0.0967292
-0.0965982
-0.0964743
-0.0963593
-0.0962081
-0.0961646
-0.0961256
-0.0960626
-0.0960219
-0.0959988
-0.0960046
-0.0960357
-0.096051
-0.0960684
-0.096134
-0.096189
-0.0962538
-0.0963281
-0.0964584
-0.0965064
-0.0966086
-0.0967183
-0.0968342
-0.0969555
-0.0970815
-0.0973505
-0.0975683
-0.0976431
-0.0977969
-0.0979575
-0.0981245
-0.098387
-0.098477
-0.0986595
-0.0988454
-0.0990328
-0.0992223
-0.0994148
-0.0997117
-0.0998133
-0.100021
-0.100236
-0.100456
-0.100679
-0.100905
-0.101246
-0.101471
-0.101805
-0.101916
-0.102026
-0.102135
-0.102355
-0.102794
-0.102903
-0.10312
-0.103333
-0.103541
-0.103643
-0.103935
-0.104284
-0.104364
-0.104442
-0.104587
-0.104655
-0.104781
-0.104892
-0.105094
-0.105094
-0.105137
-0.10516
-0.105164
-0.105152
-0.105124
-0.105059
-0.105032
-0.104971
-0.104904
-0.10483
-0.104747
-0.104658
-0.104452
-0.104394
-0.104273
-0.10421
-0.104077
-0.103938
-0.103794
-0.103568
-0.103491
-0.103413
-0.103169
-0.102998
-0.10282
-0.102633
-0.102338
-0.102236
-0.102029
-0.101817
-0.101603
-0.101388
-0.101171
-0.100729
-0.100616
-0.10039
-0.100046
-0.0998137
-0.0995805
-0.0992305
-0.0991144
-0.0988838
-0.0986575
-0.0984367
-0.0982221
-0.0981172
-0.0977111
-0.097516
-0.0973251
-0.0971376
-0.0971376
-0.0968658
-0.0967788
-0.0964549
-0.0963814
-0.0962461
-0.0961276
-0.0960275
-0.095948
-0.0958913
-0.0958458
-0.0958357
-0.0958357
-0.095838
-0.0958644
-0.095897
-0.0959415
-0.0960659
-0.0960659
-0.0961041
-0.0962341
-0.096332
-0.0964365
-0.0965463
-0.0967807
-0.0967807
-0.096843
-0.0970405
-0.0971825
-0.0973339
-0.0974953
-0.0978446
-0.097936
-0.0980288
-0.0982176
-0.0984102
-0.0986058
-0.0988051
-0.0992171
-0.099323
-0.0994303
-0.0995392
-0.0997616
-0.100106
-0.100222
-0.10081
-0.100928
-0.101046
-0.101282
-0.1014
-0.101638
-0.101996
-0.102357
-0.102477
-0.102716
-0.102952
-0.103183
-0.103407
-0.103516
-0.103931
-0.104125
-0.104125
-0.104398
-0.104569
-0.104729
-0.104876
-0.105066
-0.105121
-0.105213
-0.10528
-0.105324
-0.105348
-0.105354
-0.105338
-0.105326
-0.105296
-0.105254
-0.105201
-0.105138
-0.105063
-0.10493
-0.10488
-0.104773
-0.104657
-0.104534
-0.104406
-0.104273
-0.104205
-0.103991
-0.103839
-0.103679
-0.103596
-0.103421
-0.103144
-0.102752
-0.102651
-0.102445
-0.102341
-0.102236
-0.102022
-0.101914
-0.101354
-0.101237
-0.101001
-0.100761
-0.100519
-0.100275
-0.0999092
-0.0997882
-0.0994268
-0.0993068
-0.0991871
-0.0987085
-0.0985889
-0.0983496
-0.0978764
-0.0976456
-0.0974224
-0.0972101
-0.0970095
-0.0968207
-0.0965591
-0.0964773
-0.0963221
-0.0963221
-0.0961101
-0.0959839
-0.0958222
-0.0956767
-0.0956545
-0.095638
-0.0956215
-0.0956301
-0.0956404
-0.0956706
-0.0957618
-0.0957898
-0.0958518
-0.0959204
-0.0960338
-0.0961176
-0.09621
-0.0964243
-0.0964243
-0.0965446
-0.0966722
-0.0968062
-0.0968752
-0.0970169
-0.0973159
-0.0973946
-0.0974751
-0.0977291
-0.09791
-0.0981009
-0.0983004
-0.0987187
-0.0988266
-0.0989354
-0.0991559
-0.0992672
-0.0994916
-0.0998333
-0.100184
-0.100423
-0.100544
-0.100791
-0.101042
-0.101295
-0.101549
-0.101927
-0.102051
-0.102175
-0.10254
-0.102659
-0.103013
-0.103245
-0.103699
-0.10381
-0.10392
-0.104028
-0.104238
-0.104534
-0.104627
-0.105104
-0.105168
-0.105228
-0.105376
-0.105445
-0.105495
-0.105526
-0.105543
-0.105546
-0.105541
-0.105507
-0.105468
-0.105443
-0.105281
-0.105201
-0.105116
-0.105029
-0.104937
-0.104838
-0.104732
-0.104557
-0.104494
-0.104361
-0.104218
-0.104143
-0.103988
-0.103571
-0.103484
-0.103307
-0.103034
-0.102941
-0.102655
-0.102355
-0.102147
-0.102041
-0.101824
-0.101604
-0.101493
-0.101268
-0.100814
-0.100699
-0.100468
-0.100235
-0.0999975
-0.0997561
-0.099511
-0.0991383
-0.0990132
-0.0987634
-0.0985157
-0.0982722
-0.0980339
-0.0978009
-0.0974614
-0.097351
-0.097242
-0.0970281
-0.0967167
-0.0964204
-0.0960638
-0.0959837
-0.0958379
-0.0957145
-0.095662
-0.0955766
-0.0954634
-0.0954493
-0.0954486
-0.0954522
-0.0954658
-0.0954871
-0.0955797
-0.095635
-0.0957001
-0.0957747
-0.0958589
-0.0959524
-0.0961637
-0.0962209
-0.0962796
-0.0964021
-0.0965291
-0.0966597
-0.0967947
-0.0970816
-0.0971577
-0.0972357
-0.0973158
-0.0974828
-0.0976597
-0.0979447
-0.0982509
-0.0984651
-0.0985748
-0.0986859
-0.0989112
-0.0991397
-0.0994886
-0.0998453
-0.100089
-0.100212
-0.100337
-0.100591
-0.100848
-0.10124
-0.101632
-0.101891
-0.10202
-0.102276
-0.10253
-0.102783
-0.103034
-0.103407
-0.10353
-0.103771
-0.104006
-0.104233
-0.104448
-0.104651
-0.104929
-0.105014
-0.105173
-0.105316
-0.105442
-0.105548
-0.10563
-0.105729
-0.105741
-0.105747
-0.105749
-0.105739
-0.105712
-0.105644
-0.105511
-0.105473
-0.105432
-0.105389
-0.105299
-0.10515
-0.104853
-0.104786
-0.104645
-0.104495
-0.104417
-0.104172
-0.104088
-0.103736
-0.103646
-0.103462
-0.103276
-0.103181
-0.102987
-0.102788
-0.102262
-0.102038
-0.101808
-0.101574
-0.101457
-0.10122
-0.100745
-0.100507
-0.100388
-0.100149
-0.099907
-0.0997855
-0.0995405
-0.0989148
-0.0986627
-0.0984137
-0.0981699
-0.0980502
-0.0977012
-0.0973667
-0.0971517
-0.096942
-0.0968394
-0.096738
-0.0964413
-0.095902
-0.0958228
-0.0957477
-0.0956771
-0.0955517
-0.0954043
-0.0952733
-0.0952615
-0.0952483
-0.0952462
-0.095249
-0.0952705
-0.0953546
-0.0953787
-0.0954334
-0.0954642
-0.0955722
-0.0956131
-0.0959041
-0.0959595
-0.0960732
-0.0961306
-0.0963062
-0.0963664
-0.096689
-0.0968318
-0.0969829
-0.0971416
-0.0973087
-0.0974837
-0.0977587
-0.09795
-0.0981447
-0.0983398
-0.098634
-0.0988324
-0.0991362
-0.0993451
-0.0993451
-0.0995612
-0.0998994
-0.100134
-0.100374
-0.100744
-0.10087
-0.100995
-0.101374
-0.101626
-0.101877
-0.102127
-0.102629
-0.102881
-0.103132
-0.10338
-0.103623
-0.103861
-0.104311
-0.104521
-0.104622
-0.104814
-0.104992
-0.105158
-0.105519
-0.105582
-0.105642
-0.105697
-0.105836
-0.105871
-0.105923
-0.105961
-0.105952
-0.105941
-0.105927
-0.10589
-0.105841
-0.105784
-0.105646
-0.105606
-0.105564
-0.105424
-0.105316
-0.105197
-0.105067
-0.104854
-0.104701
-0.104621
-0.104457
-0.104373
-0.104201
-0.104112
-0.103638
-0.103536
-0.103432
-0.103218
-0.102996
-0.102652
-0.102062
-0.101942
-0.101699
-0.101456
-0.101333
-0.101084
-0.10083
-0.100311
-0.10018
-0.0999181
-0.0996563
-0.0993956
-0.0991368
-0.09888
-0.098498
-0.0982447
-0.0981185
-0.0979924
-0.0977402
-0.0973652
-0.0971203
-0.0968811
-0.0965381
-0.0965381
-0.0963236
-0.0960261
-0.0959337
-0.0957596
-0.0954567
-0.095392
-0.0952782
-0.0951883
-0.0951235
-0.0950815
-0.0950685
-0.0950648
-0.0950755
-0.0951088
-0.0951569
-0.0952182
-0.0952906
-0.0953717
-0.0955586
-0.0956108
-0.0956651
-0.0957217
-0.0959063
-0.0959731
-0.0961912
-0.09652
-0.0966082
-0.0966983
-0.0967899
-0.0970732
-0.097268
-0.0974681
-0.0977805
-0.0979985
-0.0981107
-0.0983415
-0.0984598
-0.0987018
-0.0989501
-0.0995896
-0.0997192
-0.0998495
-0.100112
-0.100245
-0.100513
-0.101343
-0.101484
-0.101767
-0.102048
-0.102325
-0.102461
-0.103116
-0.103368
-0.103614
-0.103852
-0.103969
-0.104199
-0.104746
-0.104849
-0.10495
-0.105143
-0.105323
-0.105407
-0.105825
-0.105879
-0.105972
-0.106045
-0.106097
-0.106117
-0.106144
-0.106149
-0.106113
-0.106045
-0.106016
-0.105953
-0.105716
-0.105627
-0.105582
-0.105444
-0.105299
-0.105247
-0.105078
-0.105016
-0.104952
-0.104818
-0.1046
-0.104445
-0.104282
-0.104027
-0.10385
-0.103759
-0.103572
-0.103475
-0.10317
-0.102954
-0.102613
-0.102376
-0.102255
-0.102009
-0.101759
-0.101632
-0.101246
-0.100716
-0.100716
-0.10058
-0.100303
-0.100022
-0.0995957
-0.0993108
-0.0987487
-0.0983359
-0.0982006
-0.0980667
-0.0978028
-0.0974145
-0.0971604
-0.0970353
-0.0966694
-0.096436
-0.096323
-0.0961052
-0.0958047
-0.0955383
-0.0953799
-0.095176
-0.0950656
-0.0949778
-0.0949132
-0.0948565
-0.0948424
-0.0948418
-0.0948537
-0.0948808
-0.0949213
-0.0949738
-0.0951072
-0.0951072
-0.095146
-0.0952303
-0.0953755
-0.0954847
-0.0956049
-0.0958799
-0.0959552
-0.0960329
-0.0961949
-0.096279
-0.0964527
-0.0967253
-0.0971121
-0.0972131
-0.0974212
-0.0975285
-0.0976382
-0.0981002
-0.0985919
-0.0987176
-0.0988436
-0.0992223
-0.0994763
-0.0997327
-0.100257
-0.100391
-0.100798
-0.100934
-0.101341
-0.102139
-0.102396
-0.102646
-0.102889
-0.103128
-0.103246
-0.103713
-0.103828
-0.104057
-0.104281
-0.10439
-0.104604
-0.104909
-0.105282
-0.10537
-0.105456
-0.10554
-0.105699
-0.105919
-0.106046
-0.106239
-0.106239
-0.106296
-0.106315
-0.10634
-0.106335
-0.106314
-0.106234
-0.106234
-0.106177
-0.106109
-0.10603
-0.105939
-0.105836
-0.105657
-0.105591
-0.105523
-0.105306
-0.10515
-0.104988
-0.104819
-0.104553
-0.10446
-0.104267
-0.104066
-0.103856
-0.103635
-0.102921
-0.10267
-0.102418
-0.102293
-0.102044
-0.101797
-0.101299
-0.101045
-0.100916
-0.100655
-0.100522
-0.100119
-0.0999834
-0.0994402
-0.0991707
-0.0990366
-0.09877
-0.0985052
-0.0982413
-0.0979773
-0.0974505
-0.0973196
-0.0971894
-0.0969316
-0.0968047
-0.0965559
-0.0963158
-0.0958703
-0.095767
-0.0955702
-0.0953868
-0.0952187
-0.0950003
-0.0947505
-0.0947186
-0.0946545
-0.0946363
-0.0946372
-0.0946555
-0.0947355
-0.0947931
-0.0948585
-0.0949284
-0.095003
-0.0950427
-0.0952215
-0.0952719
-0.0953247
-0.0954385
-0.0955638
-0.0957745
-0.0959289
-0.0962669
-0.0964482
-0.0966343
-0.096823
-0.0970145
-0.0971116
-0.0976152
-0.0976152
-0.0977207
-0.0979385
-0.098284
-0.0985265
-0.0987769
-0.0991647
-0.09943
-0.0998353
-0.0999714
-0.100108
-0.100383
-0.10066
-0.101222
-0.101222
-0.101654
-0.1018
-0.101946
-0.102241
-0.102682
-0.103119
-0.103262
-0.103543
-0.103682
-0.104087
-0.10435
-0.104605
-0.105096
-0.105213
-0.105213
-0.105546
-0.10565
-0.105936
-0.106299
-0.10635
-0.106432
-0.106462
-0.10652
-0.106536
-0.106535
-0.10649
-0.10647
-0.106447
-0.106389
-0.106355
-0.106275
-0.106182
-0.10596
-0.105897
-0.105766
-0.105626
-0.10548
-0.105405
-0.105248
-0.104817
-0.104724
-0.104627
-0.104527
-0.104211
-0.103987
-0.103873
-0.103398
-0.103276
-0.103153
-0.102777
-0.102521
-0.102258
-0.101989
-0.101429
-0.101285
-0.101139
-0.100992
-0.100696
-0.100397
-0.100097
-0.0993485
-0.0990512
-0.0987569
-0.0984658
-0.0981767
-0.0974624
-0.0973226
-0.0971844
-0.0969149
-0.0966559
-0.0964085
-0.0961727
-0.0957364
-0.0956341
-0.095438
-0.0952529
-0.0950793
-0.09492
-0.0947793
-0.0946127
-0.0945709
-0.0945362
-0.0944868
-0.0944562
-0.0944608
-0.0944819
-0.0945398
-0.0945927
-0.094623
-0.0946912
-0.0947295
-0.0948623
-0.0949125
-0.0952114
-0.095281
-0.095281
-0.0954291
-0.0955883
-0.0957561
-0.0959313
-0.0963015
-0.0964973
-0.0965983
-0.0968073
-0.097026
-0.097139
-0.0974929
-0.097997
-0.098128
-0.0982606
-0.0985298
-0.0988026
-0.0989402
-0.0993579
-0.0997834
-0.100073
-0.100219
-0.100516
-0.100667
-0.10097
-0.101277
-0.102196
-0.102348
-0.10265
-0.1028
-0.103097
-0.103678
-0.104102
-0.104241
-0.104642
-0.104896
-0.105137
-0.105363
-0.105865
-0.105955
-0.106123
-0.1062
-0.106342
-0.106467
-0.106686
-0.106731
-0.106754
-0.106758
-0.106744
-0.106716
-0.106648
-0.10662
-0.106589
-0.106484
-0.106404
-0.106317
-0.106224
-0.10601
-0.10595
-0.105888
-0.105754
-0.105682
-0.105448
-0.104914
-0.104819
-0.104819
-0.104626
-0.10433
-0.104228
-0.10402
-0.103578
-0.103462
-0.103222
-0.102972
-0.102715
-0.102452
-0.102184
-0.101639
-0.1015
-0.1015
-0.10108
-0.100938
-0.10065
-0.100208
-0.0997555
-0.0996025
-0.0994491
-0.0989874
-0.0989874
-0.0983764
-0.098076
-0.0974881
-0.0974881
-0.0972006
-0.0970586
-0.0967778
-0.0963656
-0.0960988
-0.0955936
-0.0954751
-0.0954751
-0.0952506
-0.0950439
-0.0947714
-0.0946179
-0.0943886
-0.0943485
-0.0943485
-0.0942877
-0.094251
-0.0942371
-0.0942547
-0.0943184
-0.094383
-0.0944212
-0.0944628
-0.0946074
-0.0947181
-0.0950374
-0.0950374
-0.0952585
-0.0953366
-0.0955847
-0.0956723
-0.0959497
-0.0964548
-0.096561
-0.0966684
-0.0969931
-0.0972125
-0.0974355
-0.0978967
-0.0980159
-0.0983823
-0.0986341
-0.0987627
-0.0990249
-0.0997026
-0.0998409
-0.0999799
-0.100259
-0.10054
-0.100822
-0.101106
-0.101536
-0.101681
-0.101973
-0.102269
-0.102418
-0.102867
-0.103017
-0.103607
-0.103895
-0.104037
-0.104316
-0.104587
-0.10472
-0.10485
-0.105475
-0.105594
-0.10571
-0.106039
-0.106239
-0.106418
-0.106571
-0.106696
-0.106791
-0.106828
-0.106898
-0.10691
-0.106916
-0.106899
-0.106845
-0.106845
-0.106756
-0.106678
-0.106584
-0.106531
-0.106414
-0.106139
-0.106064
-0.105906
-0.10574
-0.105565
-0.105382
-0.105287
-0.104885
-0.104779
-0.104557
-0.104323
-0.104202
-0.103953
-0.103696
-0.103026
-0.102749
-0.102468
-0.102185
-0.101899
-0.101609
-0.101166
-0.100864
-0.100712
-0.100405
-0.10025
-0.09994
-0.0996294
-0.0988608
-0.098557
-0.0982562
-0.0979584
-0.097663
-0.0975163
-0.0969387
-0.0966574
-0.0965196
-0.0962503
-0.0959906
-0.0957416
-0.0955038
-0.0951696
-0.0950643
-0.0948627
-0.0946756
-0.0945071
-0.0943615
-0.0942432
-0.0941552
-0.0940761
-0.0940621
-0.0940511
-0.0940532
-0.0940711
-0.0941544
-0.0942158
-0.0942511
-0.0943314
-0.0944248
-0.0945315
-0.0946526
-0.0947885
-0.0949372
-0.0951819
-0.0952687
-0.0953579
-0.095543
-0.0958351
-0.0960385
-0.0963589
-0.0964703
-0.0967008
-0.0968201
-0.0970671
-0.0974552
-0.0981373
-0.0981373
-0.0984196
-0.098849
-0.0989932
-0.0992841
-0.10003
-0.100183
-0.100491
-0.100953
-0.10126
-0.101564
-0.10231
-0.102457
-0.10275
-0.103039
-0.103327
-0.103613
-0.104037
-0.104452
-0.10472
-0.104849
-0.1051
-0.105455
-0.105889
-0.105991
-0.10628
-0.106456
-0.106617
-0.106692
-0.106988
-0.107062
-0.10711
-0.107135
-0.107141
-0.10713
-0.107103
-0.107064
-0.10704
-0.106956
-0.106924
-0.106815
-0.106774
-0.106635
-0.10647
-0.106409
-0.106344
