-0.100118
-0.100116
-0.100115
-0.100114
-0.100119
-0.10012
-0.100119
-0.100116
-0.100108
-0.100098
-0.10009
-0.100093
-0.100103
-0.10011
-0.100125
-0.100137
-0.100144
-0.100143
-0.100131
-0.100126
-0.100118
-0.100115
-0.10012
-0.100131
-0.100144
-0.100162
-0.100165
-0.100166
-0.100161
-0.100154
-0.100146
-0.100143
-0.100144
-0.100148
-0.100151
-0.100153
-0.100154
-0.100153
-0.100153
-0.100161
-0.100166
-0.100167
-0.100159
-0.100149
-0.100149
-0.100139
-0.100133
-0.100134
-0.100139
-0.100143
-0.100138
-0.100138
-0.100129
-0.10011
-0.100102
-0.100098
-0.100093
-0.100091
-0.100089
-0.100088
-0.100076
-0.100073
-0.10007
-0.100067
-0.100059
-0.100048
-0.100041
-0.100035
-0.100034
-0.100034
-0.100036
-0.100035
-0.10003
-0.10001
-0.100006
-0.0999996
-0.0999948
-0.0999901
-0.0999877
-0.0999878
-0.0999893
-0.0999895
-0.0999912
-0.0999932
-0.0999918
-0.0999854
-0.0999702
-0.0999595
-0.0999552
-0.0999512
-0.0999556
-0.0999605
-0.0999974
-0.100001
-0.100002
-0.0999969
-0.099989
-0.0999818
-0.0999791
-0.0999916
-0.099997
-0.099997
-0.100009
-0.100025
-0.100035
-0.10006
-0.100064
-0.10007
-0.100071
-0.100069
-0.100067
-0.10007
-0.100081
-0.100092
-0.100099
-0.100105
-0.10012
-0.100143
-0.100158
-0.100178
-0.100183
-0.100189
-0.100198
-0.100205
-0.100211
-0.100218
-0.100234
-0.100239
-0.100245
-0.100264
-0.100277
-0.100289
-0.100298
-0.10031
-0.100311
-0.100311
-0.100312
-0.100315
-0.10032
-0.100325
-0.100343
-0.100347
-0.100347
-0.100355
-0.100357
-0.100358
-0.100354
-0.100342
-0.10034
-0.100336
-0.100335
-0.100334
-0.100335
-0.100336
-0.100325
-0.100322
-0.100317
-0.100308
-0.100297
-0.100291
-0.10028
-0.100261
-0.100257
-0.100257
-0.100251
-0.100244
-0.100236
-0.100224
-0.100187
-0.100178
-0.10017
-0.100153
-0.100145
-0.100131
-0.100117
-0.100086
-0.100072
-0.100065
-0.100047
-0.100038
-0.100027
-0.100006
-0.0999979
-0.09999
-0.0999685
-0.0999619
-0.099949
-0.0999365
-0.0999105
-0.0999029
-0.0998948
-0.0998786
-0.0998635
-0.0998498
-0.0998374
-0.0998207
-0.0998155
-0.0998131
-0.0998086
-0.0998042
-0.0997982
-0.0997754
-0.0997733
-0.0997756
-0.0997804
-0.099785
-0.0997861
-0.0997733
-0.0997712
-0.0997701
-0.0997719
-0.0997783
-0.0997915
-0.0998026
-0.0998051
-0.0998071
-0.0998132
-0.0998237
-0.099838
-0.0998871
-0.0998946
-0.0999068
-0.0999109
-0.099914
-0.099921
-0.0999442
-0.0999511
-0.0999652
-0.0999783
-0.100002
-0.100023
-0.100072
-0.100098
-0.100122
-0.10014
-0.100153
-0.100163
-0.100185
-0.100197
-0.100209
-0.100214
-0.100226
-0.100242
-0.100308
-0.10032
-0.100343
-0.100352
-0.100369
-0.100383
-0.100414
-0.100428
-0.100434
-0.100445
-0.100458
-0.10047
-0.100484
-0.100512
-0.100518
-0.100524
-0.100531
-0.100532
-0.100531
-0.100527
-0.100526
-0.100541
-0.100541
-0.100553
-0.100563
-0.100563
-0.100541
-0.100535
-0.100529
-0.100523
-0.100506
-0.100495
-0.10049
-0.100471
-0.100467
-0.100462
-0.100451
-0.10044
-0.100425
-0.100399
-0.100368
-0.100358
-0.100346
-0.100324
-0.100291
-0.10028
-0.100259
-0.100215
-0.100204
-0.100192
-0.100166
-0.100141
-0.100115
-0.100088
-0.100039
-0.100028
-0.100005
-0.0999943
-0.0999727
-0.0999498
-0.0998742
-0.0998613
-0.0998366
-0.0998144
-0.0997945
-0.0997757
-0.0997583
-0.0997348
-0.0997274
-0.0997121
-0.0996962
-0.0996785
-0.0996605
-0.0996428
-0.0996173
-0.0996032
-0.0995975
-0.0995893
-0.0995857
-0.0995849
-0.0995828
-0.0995843
-0.0995877
-0.0995892
-0.0995898
-0.0995885
-0.0995835
-0.0995781
-0.0995826
-0.0995887
-0.0995962
-0.099614
-0.0996345
-0.0996656
-0.0997188
-0.0997329
-0.0997418
-0.099746
-0.0997495
-0.0997774
-0.0997774
-0.0998134
-0.0998405
-0.0998674
-0.0998937
-0.0999575
-0.0999699
-0.0999936
-0.100005
-0.100027
-0.100049
-0.100074
-0.100144
-0.100158
-0.100172
-0.1002
-0.100228
-0.100243
-0.100273
-0.100333
-0.100365
-0.100365
-0.100397
-0.10043
-0.10046
-0.10049
-0.100542
-0.100564
-0.100575
-0.100595
-0.100614
-0.100634
-0.100654
-0.100691
-0.1007
-0.100707
-0.100719
-0.100723
-0.10073
-0.100735
-0.100742
-0.100743
-0.100743
-0.100742
-0.100743
-0.100744
-0.100745
-0.100733
-0.100726
-0.100711
-0.100693
-0.100675
-0.100657
-0.100657
-0.100616
-0.100608
-0.100592
-0.100575
-0.100555
-0.100531
-0.100518
-0.100462
-0.100446
-0.100431
-0.100399
-0.100353
-0.100338
-0.100242
-0.100226
-0.100209
-0.100178
-0.100132
-0.100101
-0.100024
-0.100024
-0.0999808
-0.0999546
-0.0999286
-0.0999151
-0.0998872
-0.0998251
-0.099775
-0.0997434
-0.0996998
-0.0996998
-0.0996732
-0.0996246
-0.0996124
-0.0996002
-0.0995762
-0.0995524
-0.0995158
-0.0994911
-0.0994446
-0.099434
-0.0994243
-0.0994089
-0.0994032
-0.0993959
-0.0993861
-0.0993865
-0.0993873
-0.0993884
-0.0993864
-0.0993803
-0.0993725
-0.0993683
-0.0993734
-0.0993734
-0.0993902
-0.099401
-0.0994253
-0.0994385
-0.0995062
-0.0995187
-0.0995434
-0.0995674
-0.0995901
-0.0996124
-0.0996351
-0.0996856
-0.0996999
-0.0996999
-0.0997303
-0.0997827
-0.0998018
-0.0998212
-0.0999202
-0.0999403
-0.0999603
-0.100019
-0.100056
-0.100091
-0.100109
-0.100184
-0.100203
-0.100223
-0.100264
-0.100307
-0.100351
-0.100395
-0.100482
-0.100502
-0.100522
-0.100579
-0.100597
-0.100632
-0.100663
-0.100741
-0.100756
-0.100771
-0.100801
-0.100815
-0.100856
-0.100867
-0.100906
-0.100913
-0.100919
-0.100928
-0.100935
-0.10094
-0.100943
-0.100944
-0.100944
-0.100942
-0.10094
-0.100936
-0.100928
-0.100901
-0.100892
-0.100873
-0.100863
-0.100844
-0.100815
-0.100793
-0.100759
-0.100718
-0.100691
-0.100665
-0.100639
-0.100624
-0.100548
-0.100532
-0.1005
-0.100484
-0.100467
-0.100431
-0.100393
-0.100308
-0.100285
-0.100263
-0.100195
-0.100149
-0.100103
-0.100058
-0.0999909
-0.0999469
-0.099925
-0.0998813
-0.0998362
-0.0997901
-0.0997665
-0.0996503
-0.0996281
-0.0996061
-0.0995637
-0.0995435
-0.0995058
-0.0994709
-0.0993885
-0.0993727
-0.0993572
-0.0993269
-0.099312
-0.0992829
-0.0992564
-0.0992131
-0.0991988
-0.0991988
-0.0991898
-0.0991856
-0.0991881
-0.0991919
-0.0991933
-0.0991912
-0.0991912
-0.0991951
-0.0992043
-0.0992166
-0.099224
-0.0992629
-0.0992748
-0.0992872
-0.0993134
-0.0993537
-0.0993953
-0.0994512
-0.0994663
-0.0994976
-0.0995279
-0.0995426
-0.0995732
-0.0996806
-0.0997
-0.0997197
-0.0997584
-0.0997957
-0.0998517
-0.0999334
-0.0999782
-0.100022
-0.100065
-0.100108
-0.10013
-0.100238
-0.100282
-0.100304
-0.100345
-0.100386
-0.100428
-0.100472
-0.100588
-0.100612
-0.100635
-0.100658
-0.100702
-0.100743
-0.100784
-0.100878
-0.100878
-0.100896
-0.100932
-0.100968
-0.101001
-0.101032
-0.101088
-0.101109
-0.101118
-0.101132
-0.101141
-0.101141
-0.101131
-0.101132
-0.101132
-0.101139
-0.101141
-0.101143
-0.101139
-0.101097
-0.101074
-0.101049
-0.101036
-0.101011
-0.100987
-0.100926
-0.100913
-0.100913
-0.10087
-0.100837
-0.100819
-0.100781
-0.100698
-0.100675
-0.100652
-0.100606
-0.100559
-0.100512
-0.100488
-0.10034
-0.100314
-0.100261
-0.100234
-0.100206
-0.100123
-0.100096
-0.0999845
-0.0999297
-0.0999024
-0.0998484
-0.0997947
-0.099768
-0.0997138
-0.0996026
-0.0995747
-0.099547
-0.0994927
-0.0994396
-0.0994136
-0.0992548
-0.0992352
-0.0991995
-0.0991683
-0.09914
-0.0991122
-0.0990981
-0.0990442
-0.0990322
-0.0990214
-0.0989947
-0.0989884
-0.0989819
-0.0989822
-0.0989934
-0.0989971
-0.0990007
-0.0990076
-0.099014
-0.0990209
-0.0990365
-0.0990609
-0.0990708
-0.0990937
-0.0991199
-0.099134
-0.0991637
-0.0991953
-0.0992636
-0.0992813
-0.0993181
-0.0993371
-0.0993969
-0.0994404
-0.0994864
-0.0995613
-0.0995879
-0.0996148
-0.0996691
-0.0997511
-0.0998058
-0.0998599
-0.0999411
-0.0999686
-0.0999965
-0.100053
-0.100111
-0.100171
-0.100233
-0.100357
-0.100388
-0.100419
-0.100481
-0.100571
-0.100601
-0.100689
-0.100778
-0.100807
-0.100864
-0.10092
-0.100947
-0.101
-0.101072
-0.101135
-0.101171
-0.101188
-0.101204
-0.101234
-0.101263
-0.101288
-0.101328
-0.101341
-0.101341
-0.101347
-0.101346
-0.10134
-0.101328
-0.101311
-0.101305
-0.101299
-0.101286
-0.101264
-0.101245
-0.101185
-0.101185
-0.101155
-0.101124
-0.101109
-0.101061
-0.101026
-0.100954
-0.100935
-0.100915
-0.100852
-0.100829
-0.100781
-0.10073
-0.100617
-0.100587
-0.100526
-0.100495
-0.100433
-0.100339
-0.100277
-0.100181
-0.100148
-0.100114
-0.100046
-0.0999781
-0.0999095
-0.0998413
-0.0997431
-0.0996799
-0.0996488
-0.0995875
-0.0994976
-0.0994377
-0.0994075
-0.0992866
-0.0992571
-0.0992281
-0.0991718
-0.0991184
-0.0990687
-0.0990228
-0.0989432
-0.0989262
-0.0988951
-0.0988669
-0.0988402
-0.0988164
-0.0987963
-0.0987733
-0.0987733
-0.0987731
-0.0987825
-0.0987931
-0.0988057
-0.0988213
-0.0988589
-0.0988691
-0.0988795
-0.0988903
-0.0989132
-0.0989369
-0.0990232
-0.0990408
-0.099059
-0.0990964
-0.0991353
-0.0991768
-0.0992649
-0.0993108
-0.0993583
-0.0994055
-0.0994746
-0.0994983
-0.0996307
-0.0996596
-0.0996892
-0.0997797
-0.0998677
-0.0999252
-0.100068
-0.100097
-0.100155
-0.100213
-0.100241
-0.100328
-0.100452
-0.100484
-0.100549
-0.100615
-0.100648
-0.100714
-0.10078
-0.100876
-0.100906
-0.100937
-0.100998
-0.101086
-0.101115
-0.101171
-0.101279
-0.101304
-0.101329
-0.101397
-0.101435
-0.101467
-0.101481
-0.101521
-0.101527
-0.101532
-0.101539
-0.101542
-0.101541
-0.101521
-0.101515
-0.101508
-0.101494
-0.101477
-0.101457
-0.101373
-0.101357
-0.101342
-0.101311
-0.101269
-0.101255
-0.101176
-0.101137
-0.101096
-0.101055
-0.101033
-0.100987
-0.100852
-0.100822
-0.100762
-0.100701
-0.100641
-0.100583
-0.100464
-0.100402
-0.100371
-0.100307
-0.10024
-0.10017
-0.100097
-0.0999869
-0.0999494
-0.0999117
-0.0998362
-0.0997237
-0.0996486
-0.0995742
-0.0994639
-0.0993905
-0.0993536
-0.0993166
-0.0992433
-0.0991725
-0.0991047
-0.0989789
-0.09895
-0.0989224
-0.0988705
-0.0988224
-0.0987779
-0.0986633
-0.0986469
-0.0986183
-0.0985982
-0.0985865
-0.0985807
-0.0985804
-0.0985832
-0.0985873
-0.0985973
-0.0986093
-0.0986232
-0.0986382
-0.0986727
-0.0986828
-0.0986937
-0.0987053
-0.0987454
-0.0987782
-0.0988151
-0.0988979
-0.0989198
-0.0989421
-0.0989882
-0.0990362
-0.0990864
-0.0991674
-0.0992883
-0.0993533
-0.099387
-0.0994214
-0.0994918
-0.0995638
-0.0996368
-0.0997871
-0.0998251
-0.0998251
-0.0999401
-0.100019
-0.100099
-0.100181
-0.100306
-0.100348
-0.100432
-0.100514
-0.100594
-0.100634
-0.100713
-0.10087
-0.10091
-0.100949
-0.101027
-0.10114
-0.101211
-0.101246
-0.101345
-0.101433
-0.101433
-0.10151
-0.101534
-0.101579
-0.10162
-0.10169
-0.10169
-0.101717
-0.101738
-0.101745
-0.101753
-0.101733
-0.101718
-0.101702
-0.101687
-0.101672
-0.101664
-0.101647
-0.101602
-0.101588
-0.101573
-0.101523
-0.101482
-0.10146
-0.10139
-0.101314
-0.101287
-0.101232
-0.101204
-0.101148
-0.101089
-0.101028
-0.100897
-0.100862
-0.100789
-0.100751
-0.100634
-0.100553
-0.100512
-0.100345
-0.100304
-0.100263
-0.10018
-0.100096
-0.10001
-0.0998792
-0.0997464
-0.0997022
-0.0996581
-0.099571
-0.0994851
-0.0994007
-0.0992781
-0.0991594
-0.0991208
-0.0990826
-0.0990078
-0.0989348
-0.0988278
-0.0986653
-0.0986653
-0.0986084
-0.0985366
-0.0984994
-0.0984835
-0.098456
-0.0984127
-0.0984047
-0.0983978
-0.0983883
-0.0983841
-0.0983849
-0.0983903
-0.0984117
-0.0984194
-0.0984507
-0.0984636
-0.0984774
-0.0985071
-0.0985388
-0.0986095
-0.0986281
-0.098647
-0.0986873
-0.0987313
-0.0988043
-0.0989166
-0.0989473
-0.0990107
-0.099074
-0.0991683
-0.099232
-0.099397
-0.0994317
-0.0995023
-0.0995375
-0.099645
-0.0997188
-0.0998727
-0.0999521
-0.0999923
-0.100111
-0.10015
-0.100227
-0.100385
-0.100426
-0.100467
-0.100592
-0.100677
-0.100763
-0.100929
-0.10101
-0.101088
-0.101125
-0.101197
-0.101268
-0.101438
-0.101471
-0.101563
-0.101645
-0.10167
-0.101717
-0.10178
-0.101799
-0.101833
-0.101849
-0.10189
-0.10189
-0.101935
-0.101951
-0.101953
-0.101952
-0.101947
-0.101936
-0.101919
-0.101899
-0.101847
-0.101833
-0.101817
-0.101768
-0.101751
-0.101714
-0.101695
-0.101587
-0.101587
-0.101508
-0.10145
-0.101386
-0.101319
-0.101213
-0.101139
-0.101101
-0.101063
-0.100947
-0.100868
-0.100788
-0.100705
-0.100533
-0.100533
-0.100489
-0.100398
-0.100304
-0.10016
-0.0999186
-0.0998704
-0.0998223
-0.0997276
-0.099592
-0.0995047
-0.0994185
-0.099289
-0.099202
-0.0991585
-0.0991153
-0.09903
-0.0989474
-0.098868
-0.0987201
-0.0987201
-0.0986173
-0.0985515
-0.0985199
-0.0984592
-0.0983233
-0.0983
-0.0982589
-0.098227
-0.0982023
-0.0981815
-0.0981893
-0.0982017
-0.0982086
-0.0982214
-0.0982299
-0.0982341
-0.0982511
-0.0982591
-0.0982691
-0.0982812
-0.0983119
-0.0983721
-0.0984189
-0.0985231
-0.0985231
-0.0985231
-0.0986382
-0.0986678
-0.0987286
-0.0987922
-0.0989308
-0.0989678
-0.0990058
-0.0990853
-0.0991686
-0.099254
-0.0993857
-0.0994756
-0.0995666
-0.0996126
-0.0997059
-0.0998006
-0.0998967
-0.0999941
-0.100144
-0.100247
-0.100298
-0.100402
-0.100505
-0.100609
-0.10071
-0.100906
-0.101003
-0.101003
-0.1011
-0.101195
-0.101335
-0.101425
-0.101555
-0.101596
-0.101635
-0.101711
-0.101781
-0.101846
-0.101934
-0.102012
-0.102035
-0.102076
-0.102094
-0.102137
-0.102151
-0.102152
-0.102138
-0.10213
-0.102122
-0.102102
-0.102069
-0.102045
-0.102018
-0.101972
-0.101936
-0.101917
-0.101897
-0.101829
-0.101804
-0.101629
-0.101629
-0.101563
-0.101498
-0.101433
-0.101368
-0.10116
-0.101123
-0.101085
-0.101007
-0.100886
-0.100628
-0.100539
-0.100453
-0.100372
-0.100295
-0.10022
-0.100067
-0.100028
-0.0999467
-0.0998624
-0.0998187
-0.099728
-0.0996812
-0.0994854
-0.0994349
-0.0993331
-0.0992309
-0.099129
-0.0990786
-0.0989796
-0.0987924
-0.0987477
-0.0987037
-0.0986178
-0.0985356
-0.0984187
-0.0983811
-0.0982387
-0.0982063
-0.0981754
-0.098119
-0.0980708
-0.0980324
-0.0979848
-0.0979823
-0.097987
-0.0979962
-0.0980067
-0.0980124
-0.0980557
-0.0980682
-0.0981098
-0.0981402
-0.0981732
-0.0982091
-0.0982895
-0.0983117
-0.0983579
-0.0984048
-0.0984532
-0.0985051
-0.0986227
-0.098655
-0.098723
-0.0987951
-0.0988704
-0.0989483
-0.0989884
-0.0991571
-0.0992007
-0.0992899
-0.0993824
-0.0994301
-0.099528
-0.0996285
-0.0998367
-0.0999434
-0.0999434
-0.100105
-0.100214
-0.100324
-0.100549
-0.100606
-0.100722
-0.100834
-0.100944
-0.10105
-0.101252
-0.101348
-0.10144
-0.101568
-0.101647
-0.101724
-0.101909
-0.101944
-0.10201
-0.102069
-0.102122
-0.102169
-0.10223
-0.102264
-0.102302
-0.102319
-0.102326
-0.102338
-0.102349
-0.102346
-0.102346
-0.102327
-0.102318
-0.102295
-0.102218
-0.1022
-0.102163
-0.102107
-0.102089
-0.10205
-0.10196
-0.101909
-0.101853
-0.101763
-0.101699
-0.101631
-0.101484
-0.101445
-0.101367
-0.10125
-0.101171
-0.101092
-0.100968
-0.100924
-0.100834
-0.100787
-0.100691
-0.10059
-0.100276
-0.100276
-0.100115
-0.100062
-0.0999567
-0.0998524
-0.0995866
-0.0994785
-0.0993715
-0.0992666
-0.0992149
-0.0991138
-0.0988704
-0.0988231
-0.0987318
-0.0986461
-0.0985242
-0.0984844
-0.0983289
-0.098254
-0.0982174
-0.098146
-0.0980782
-0.0980156
-0.0979862
-0.0978843
-0.0978637
-0.0978453
-0.0978145
-0.0977924
-0.0977817
-0.0977812
-0.0977992
-0.0978069
-0.097816
-0.0978518
-0.0978665
-0.0978987
-0.0979344
-0.0980158
-0.0980378
-0.0980844
-0.0981351
-0.0981621
-0.0982196
-0.0982819
-0.0984224
-0.0984607
-0.0985813
-0.0986233
-0.09871
-0.0987999
-0.0988922
-0.0990829
-0.0990829
-0.0991824
-0.0992848
-0.0993904
-0.0994995
-0.0996115
-0.099783
-0.0998409
-0.0998993
-0.100076
-0.100195
-0.100255
-0.100375
-0.100622
-0.100684
-0.100747
-0.100934
-0.101057
-0.101179
-0.101296
-0.101466
-0.101575
-0.101628
-0.101681
-0.101783
-0.101883
-0.102112
-0.102154
-0.102232
-0.1023
-0.102359
-0.102409
-0.102452
-0.102514
-0.102533
-0.102539
-0.102542
-0.102537
-0.102527
-0.10252
-0.10248
-0.102467
-0.102452
-0.10242
-0.102383
-0.102343
-0.1023
-0.102205
-0.102179
-0.102124
-0.102064
-0.102
-0.101931
-0.101895
-0.101733
-0.10169
-0.101646
-0.101555
-0.10146
-0.101363
-0.101262
-0.101051
-0.100996
-0.10094
-0.100827
-0.10071
-0.100591
-0.100469
-0.100223
-0.100223
-0.100099
-0.0999125
-0.0997872
-0.0996603
-0.0995326
-0.0993411
-0.0992138
-0.099087
-0.0990241
-0.0989617
-0.09884
-0.0987216
-0.0984932
-0.0984385
-0.0983316
-0.0982284
-0.09813
-0.0980373
-0.0979933
-0.0978337
-0.0977988
-0.0977663
-0.0977098
-0.0976645
-0.0976297
-0.0976009
-0.0975956
-0.0975996
-0.0976034
-0.0976156
-0.0976332
-0.0976437
-0.0976684
-0.0977798
-0.0978026
-0.0978257
-0.0978723
-0.0979205
-0.0979708
-0.0980806
-0.0981106
-0.0981417
-0.098242
-0.0983549
-0.0983953
-0.0984803
-0.0986155
-0.0986622
-0.0987097
-0.0988074
-0.0989086
-0.0990137
-0.099296
-0.0994155
-0.0995369
-0.0995975
-0.0997804
-0.0998414
-0.100084
-0.100266
-0.100386
-0.100503
-0.100561
-0.100678
-0.100912
-0.10097
-0.101088
-0.101205
-0.10132
-0.101377
-0.101545
-0.101708
-0.101813
-0.101865
-0.101916
-0.102018
-0.102166
-0.10239
-0.102468
-0.102535
-0.102535
-0.10259
-0.102658
-0.102718
-0.102734
-0.102739
-0.102736
-0.102727
-0.102717
-0.102694
-0.102673
-0.102645
-0.102615
-0.102582
-0.102547
-0.102468
-0.102446
-0.102423
-0.102374
-0.102289
-0.102225
-0.102154
-0.102038
-0.101997
-0.101954
-0.101822
-0.101729
-0.101634
-0.101584
-0.10143
-0.101321
-0.101265
-0.101149
-0.100968
-0.100906
-0.100592
-0.100464
-0.100336
-0.100208
-0.100144
-0.100017
-0.0996964
-0.0996312
-0.0994365
-0.0993732
-0.0991888
-0.0990698
-0.0988374
-0.0987807
-0.0986684
-0.0985589
-0.0984018
-0.0983009
-0.0981535
-0.0980578
-0.0980112
-0.0979219
-0.097838
-0.0977978
-0.0977207
-0.097584
-0.0975539
-0.0974982
-0.0974499
-0.0974132
-0.0973904
-0.0973797
-0.097391
-0.0973994
-0.0974213
-0.0974213
-0.0974633
-0.0974959
-0.0975317
-0.0976144
-0.0976144
-0.0976375
-0.0976874
-0.0977431
-0.0978039
-0.0978712
-0.0980234
-0.0980644
-0.0981063
-0.0981931
-0.0982845
-0.0984273
-0.0985263
-0.0986827
-0.0987371
-0.0987926
-0.0989073
-0.0990273
-0.0991519
-0.0992794
-0.0995406
-0.0996072
-0.0997413
-0.0998765
-0.100013
-0.100152
-0.100432
-0.100503
-0.100646
-0.100788
-0.100996
-0.101132
-0.101394
-0.101457
-0.101638
-0.101696
-0.101807
-0.101915
-0.102121
-0.102171
-0.102221
-0.102319
-0.102413
-0.102502
-0.102586
-0.102733
-0.102764
-0.102819
-0.102844
-0.102902
-0.102925
-0.102938
-0.102937
-0.102933
-0.102927
-0.102912
-0.102889
-0.102843
-0.102804
-0.102735
-0.10271
-0.102684
-0.102629
-0.10257
-0.102508
-0.102442
-0.102332
-0.102212
-0.102124
-0.102124
-0.10203
-0.10188
-0.101665
-0.101553
-0.101441
-0.101329
-0.101215
-0.101157
-0.100917
-0.100728
-0.100599
-0.100535
-0.100406
-0.100212
-0.100018
-0.0999536
-0.099825
-0.0996955
-0.0995648
-0.0994328
-0.0992991
-0.0990944
-0.0990256
-0.0989569
-0.0988207
-0.0986857
-0.0985523
-0.0984225
-0.098174
-0.0981143
-0.0980554
-0.0979407
-0.0978308
-0.0977254
-0.0976245
-0.0974427
-0.0974029
-0.0973659
-0.097273
-0.0972305
-0.0972058
-0.0971957
-0.0972003
-0.0972125
-0.0972207
-0.0972404
-0.0972792
-0.0972951
-0.0973123
-0.0973945
-0.0974733
-0.0975027
-0.0975027
-0.0975657
-0.0976673
-0.0977033
-0.0978993
-0.0978993
-0.0979417
-0.098077
-0.0981749
-0.0983302
-0.0985515
-0.0986088
-0.0987236
-0.0988389
-0.0988975
-0.0990168
-0.099139
-0.0993934
-0.0994593
-0.0995261
-0.0997305
-0.0997997
-0.0999395
-0.100152
-0.100368
-0.10044
-0.100585
-0.100731
-0.100878
-0.101027
-0.101177
-0.101476
-0.101623
-0.101695
-0.101833
-0.102027
-0.102148
-0.10232
-0.102429
-0.102481
-0.102583
-0.10268
-0.102727
-0.102858
-0.102969
-0.103031
-0.103057
-0.103099
-0.103126
-0.103134
-0.10314
-0.103115
-0.103094
-0.103069
-0.103039
-0.103006
-0.102969
-0.102881
-0.102854
-0.102826
-0.102797
-0.102734
-0.102631
-0.102556
-0.102438
-0.102354
-0.102264
-0.102218
-0.102169
-0.102016
-0.101962
-0.101732
-0.10161
-0.101548
-0.101485
-0.101291
-0.101157
-0.101089
-0.100807
-0.10066
-0.100434
-0.100281
-0.100129
-0.0999781
-0.099756
-0.0996099
-0.0995374
-0.0994651
-0.0993215
-0.0991064
-0.0989623
-0.0987462
-0.0986025
-0.0985309
-0.098389
-0.0982506
-0.0981828
-0.0980505
-0.0977986
-0.0977387
-0.097623
-0.0975133
-0.09741
-0.097314
-0.0972692
-0.0971171
-0.0970872
-0.0970397
-0.09701
-0.0969951
-0.0969914
-0.0970204
-0.0970204
-0.0970544
-0.0970821
-0.0971145
-0.0971513
-0.0972714
-0.0973004
-0.0973307
-0.0973932
-0.0974907
-0.0975593
-0.0977059
-0.0977869
-0.097873
-0.0979623
-0.098055
-0.0981518
-0.0983057
-0.098359
-0.0984684
-0.0985821
-0.0986998
-0.0988203
-0.0989439
-0.0990716
-0.0992038
-0.0992716
-0.0994109
-0.0996298
-0.099782
-0.0999368
-0.100173
-0.100332
-0.100412
-0.100571
-0.10065
-0.100889
-0.100969
-0.101287
-0.101366
-0.101525
-0.101682
-0.101837
-0.101989
-0.102063
-0.102412
-0.102477
-0.10254
-0.102602
-0.102777
-0.102884
-0.102983
-0.103117
-0.103193
-0.103227
-0.103257
-0.103303
-0.103341
-0.103346
-0.103331
-0.103322
-0.103298
-0.103267
-0.10325
-0.103211
-0.103144
-0.103063
-0.103001
-0.102967
-0.102932
-0.10282
-0.102738
-0.102651
-0.102514
-0.102466
-0.102317
-0.102264
-0.102156
-0.1021
-0.101983
-0.101732
-0.101667
-0.101532
-0.101463
-0.101252
-0.10118
-0.101034
-0.100733
-0.100656
-0.100578
-0.100341
-0.100178
-0.100013
-0.0998461
-0.0995936
-0.0994247
-0.0993406
-0.0992571
-0.0990915
-0.0989274
-0.0986845
-0.0984467
-0.0983683
-0.0982906
-0.0981374
-0.0979142
-0.0977707
-0.097633
-0.0974399
-0.0973798
-0.0972666
-0.0971632
-0.0970706
-0.0970286
-0.0969533
-0.0968245
-0.0968115
-0.0968115
-0.0967971
-0.0967986
-0.0968117
-0.0968336
-0.096881
-0.0969205
-0.0969426
-0.0969661
-0.097017
-0.0971015
-0.0971638
-0.0973041
-0.0973426
-0.0973827
-0.0974679
-0.0975601
-0.0976085
-0.0977626
-0.0979295
-0.0979876
-0.0981072
-0.0982308
-0.0983585
-0.0984908
-0.0985586
-0.0988424
-0.0989168
-0.0989924
-0.0991469
-0.0993855
-0.0995476
-0.0997112
-0.0999587
-0.100126
-0.10021
-0.100379
-0.100549
-0.100635
-0.100808
-0.101155
-0.101241
-0.101411
-0.101662
-0.101744
-0.101906
-0.102064
-0.10237
-0.102444
-0.102516
-0.102588
-0.102793
-0.102859
-0.10315
-0.103248
-0.103333
-0.103403
-0.103456
-0.103491
-0.103504
-0.103528
-0.103528
-0.103526
-0.10351
-0.10349
-0.103461
-0.103443
-0.103359
-0.103334
-0.103308
-0.103251
-0.103157
-0.103089
-0.103014
-0.102934
-0.102802
-0.102802
-0.102705
-0.102602
-0.102494
-0.10238
-0.1022
-0.102075
-0.101877
-0.101809
-0.10174
-0.101598
-0.101221
-0.101142
-0.100981
-0.100819
-0.100576
-0.100495
-0.100172
-0.0999286
-0.099847
-0.0997651
-0.0996004
-0.0994338
-0.0992651
-0.0990098
-0.0988407
-0.0987567
-0.0985896
-0.0984249
-0.0982636
-0.0981842
-0.0978746
-0.0977992
-0.0977246
-0.0975784
-0.0974372
-0.0973022
-0.0971155
-0.0970041
-0.096904
-0.0968584
-0.0967408
-0.0967086
-0.0966564
-0.0965964
-0.0965941
-0.096596
-0.0966127
-0.0966223
-0.0966639
-0.0967008
-0.096796
-0.0968236
-0.0968526
-0.0969139
-0.0969795
-0.0970141
-0.0970872
-0.0972493
-0.0972934
-0.0973393
-0.0974362
-0.0974874
-0.097708
-0.097767
-0.0980175
-0.0980831
-0.0981498
-0.0982865
-0.0984284
-0.0985754
-0.0987263
-0.0990427
-0.0991251
-0.0992936
-0.0994651
-0.0996397
-0.0998166
-0.0999057
-0.100265
-0.100355
-0.100445
-0.100626
-0.100807
-0.10108
-0.101262
-0.101534
-0.101624
-0.101713
-0.10189
-0.102147
-0.102312
-0.102626
-0.102774
-0.102914
-0.10298
-0.103105
-0.103222
-0.103471
-0.103514
-0.103623
-0.103676
-0.103711
-0.10373
-0.103735
-0.103724
-0.103724
-0.103707
-0.103684
-0.103655
-0.103622
-0.103542
-0.103518
-0.103466
-0.103407
-0.103342
-0.103269
-0.103229
-0.103055
-0.103008
-0.102959
-0.102858
-0.102753
-0.102643
-0.102469
-0.10228
-0.102214
-0.102077
-0.101933
-0.101782
-0.101626
-0.101547
-0.101221
-0.101138
-0.101054
-0.100797
-0.10071
-0.100534
-0.100265
-0.099988
-0.0998943
-0.0998002
-0.0994216
-0.0994216
-0.0992326
-0.0991385
-0.0986761
-0.0985856
-0.0984062
-0.0983172
-0.0980552
-0.0978846
-0.0977175
-0.0973988
-0.0973234
-0.09725
-0.0971786
-0.097042
-0.0969158
-0.0968012
-0.0966057
-0.0965647
-0.0965272
-0.0964399
-0.09642
-0.0963937
-0.0963844
-0.0964065
-0.0964191
-0.0964506
-0.0964899
-0.0965366
-0.0965898
-0.0966186
-0.0967465
-0.0967817
-0.0968183
-0.0968955
-0.0969789
-0.0971188
-0.0971692
-0.0973862
-0.0974443
-0.0975038
-0.0976268
-0.0977542
-0.097886
-0.0980935
-0.0983129
-0.098389
-0.0985455
-0.0987074
-0.0988744
-0.099046
-0.0992221
-0.0994929
-0.0995839
-0.0998586
-0.0998586
-0.100044
-0.100325
-0.100703
-0.100799
-0.100991
-0.101275
-0.101461
-0.101553
-0.101735
-0.101999
-0.102251
-0.102333
-0.102494
-0.10265
-0.102803
-0.103094
-0.10323
-0.10323
-0.103359
-0.103421
-0.10359
-0.103687
-0.103862
-0.103883
-0.103901
-0.10393
-0.103935
-0.103934
-0.103893
-0.103879
-0.103826
-0.103805
-0.103737
-0.103685
-0.103533
-0.103499
-0.103429
-0.103392
-0.103278
-0.103237
-0.103009
-0.102958
-0.102852
-0.102743
-0.102573
-0.102455
-0.102333
-0.102141
-0.102074
-0.101935
-0.10179
-0.101639
-0.101482
-0.101402
-0.101071
-0.100986
-0.100813
-0.100725
-0.100548
-0.100368
-0.100185
-0.0998104
-0.099715
-0.0996188
-0.099425
-0.0992291
-0.0989348
-0.0983564
-0.0982633
-0.0981719
-0.0980823
-0.0978221
-0.0976554
-0.0972605
-0.0971114
-0.0970401
-0.0969715
-0.0967821
-0.0966683
-0.0965645
-0.0964311
-0.0963565
-0.0963238
-0.0962695
-0.0962325
-0.0962124
-0.0962064
-0.0962148
-0.0962323
-0.0962568
-0.0962863
-0.0963213
-0.0963631
-0.0964654
-0.0964952
-0.0965597
-0.0966306
-0.0967062
-0.0967878
-0.0968308
-0.0970207
-0.0970725
-0.0971822
-0.0972992
-0.0974229
-0.097487
-0.0976191
-0.0978989
-0.0978989
-0.0980458
-0.0981972
-0.0983539
-0.0985166
-0.0986003
-0.0990379
-0.0991295
-0.0993163
-0.0994113
-0.099604
-0.099898
-0.100096
-0.100393
-0.100592
-0.100691
-0.100892
-0.101093
-0.101294
-0.101597
-0.101894
-0.102085
-0.102271
-0.10245
-0.10245
-0.10295
-0.103028
-0.103179
-0.103389
-0.103454
-0.103692
-0.103841
-0.103925
-0.103997
-0.104028
-0.104076
-0.104107
-0.104123
-0.10412
-0.104114
-0.104098
-0.104074
-0.10406
-0.104025
-0.103932
-0.103905
-0.103875
-0.103774
-0.1037
-0.103661
-0.103579
-0.103397
-0.103348
-0.103244
-0.103133
-0.103014
-0.102888
-0.102756
-0.102546
-0.102473
-0.102399
-0.102248
-0.102092
-0.101931
-0.10168
-0.101418
-0.101328
-0.101143
-0.100954
-0.100662
-0.100662
-0.100462
-0.100057
-0.0999555
-0.0998532
-0.0996481
-0.0994422
-0.0992353
-0.0990275
-0.0986116
-0.0985087
-0.0983051
-0.0981046
-0.0979088
-0.097718
-0.0975326
-0.097179
-0.0970946
-0.0970119
-0.0968525
-0.096776
-0.0966304
-0.0964961
-0.0962688
-0.0962218
-0.096142
-0.0960839
-0.0960468
-0.0960268
-0.0960202
-0.0960409
-0.0960409
-0.0960409
-0.0960809
-0.0961422
-0.0961952
-0.0962566
-0.0963633
-0.0964027
-0.0964871
-0.0965318
-0.0966256
-0.0967778
-0.0968865
-0.0970614
-0.0971228
-0.0972506
-0.0973855
-0.0975271
-0.0976002
-0.0977512
-0.0980704
-0.0981532
-0.0983221
-0.0984083
-0.0985846
-0.098766
-0.0993365
-0.0994362
-0.099639
-0.099844
-0.100049
-0.100151
-0.100354
-0.100757
-0.100857
-0.101055
-0.101252
-0.101449
-0.101646
-0.101843
-0.102234
-0.10233
-0.102426
-0.102521
-0.102707
-0.102887
-0.103061
-0.103386
-0.103462
-0.103537
-0.103679
-0.103813
-0.103935
-0.104094
-0.104219
-0.104251
-0.104298
-0.104325
-0.104333
-0.104327
-0.104281
-0.104263
-0.104201
-0.104177
-0.104125
-0.104067
-0.10389
-0.103805
-0.103714
-0.103621
-0.103523
-0.103422
-0.103261
-0.103148
-0.102967
-0.102843
-0.102713
-0.102578
-0.102364
-0.102215
-0.102138
-0.101981
-0.1019
-0.101736
-0.101566
-0.101211
-0.101119
-0.100931
-0.100739
-0.100542
-0.100342
-0.100241
-0.0998338
-0.0997311
-0.0996279
-0.0993161
-0.0991072
-0.0988968
-0.0987912
-0.0984742
-0.098264
-0.0981597
-0.0979526
-0.0977493
-0.0975513
-0.097359
-0.0969068
-0.0968222
-0.0966592
-0.0965809
-0.0965048
-0.09636
-0.0961662
-0.0960057
-0.0959616
-0.0959231
-0.0958634
-0.0958248
-0.0958054
-0.095807
-0.0958369
-0.095852
-0.0958693
-0.0959102
-0.0959595
-0.0959874
-0.0961174
-0.0962363
-0.0963263
-0.0963263
-0.0964763
-0.0965861
-0.0967032
-0.0968268
-0.0970227
-0.0970907
-0.0971605
-0.0973783
-0.0974536
-0.0976895
-0.0978556
-0.098117
-0.098299
-0.0984872
-0.0985833
-0.0987781
-0.0989757
-0.0991764
-0.0994842
-0.0996933
-0.0996933
-0.0999053
-0.100121
-0.10034
-0.10056
-0.101002
-0.101113
-0.101223
-0.101442
-0.101659
-0.101874
-0.102087
-0.102505
-0.102608
-0.102811
-0.103009
-0.103201
-0.103386
-0.103723
-0.103801
-0.103946
-0.104079
-0.104197
-0.104341
-0.104491
-0.104491
-0.104529
-0.104536
-0.104535
-0.104524
-0.104452
-0.10441
-0.104387
-0.104312
-0.104257
-0.104197
-0.104055
-0.104055
-0.104015
-0.103928
-0.103832
-0.103728
-0.103557
-0.103371
-0.103306
-0.10317
-0.10303
-0.102958
-0.10281
-0.10233
-0.102244
-0.102068
-0.101887
-0.101795
-0.101513
-0.101124
-0.100926
-0.100728
-0.100531
-0.100335
-0.100138
-0.0998419
-0.0996427
-0.0993432
-0.099144
-0.0990441
-0.0989438
-0.0984426
-0.0983428
-0.098144
-0.0979472
-0.0977544
-0.0975657
-0.0973807
-0.0970239
-0.0970239
-0.0969376
-0.0967689
-0.0966054
-0.0964483
-0.0962994
-0.0960308
-0.0959709
-0.0959143
-0.0958125
-0.0957282
-0.0956406
-0.0956093
-0.095595
-0.0956033
-0.0956122
-0.0956238
-0.0956557
-0.0956972
-0.0957474
-0.0958767
-0.095915
-0.0959976
-0.0960881
-0.0961864
-0.0962921
-0.0965837
-0.0965837
-0.0967106
-0.0968414
-0.0969761
-0.0971899
-0.0975805
-0.0975805
-0.0976634
-0.0980048
-0.0982655
-0.0982655
-0.0987111
-0.0988026
-0.098987
-0.0991724
-0.0993596
-0.0995501
-0.100042
-0.100143
-0.100348
-0.100555
-0.100659
-0.100868
-0.100973
-0.101393
-0.101498
-0.101603
-0.101813
-0.102233
-0.102337
-0.102648
-0.102953
-0.10315
-0.103339
-0.103519
-0.103689
-0.10377
-0.104068
-0.104136
-0.104202
-0.104324
-0.104434
-0.104531
-0.104612
-0.104715
-0.104735
-0.104739
-0.104734
-0.104716
-0.104686
-0.104569
-0.104569
-0.104507
-0.10444
-0.104329
-0.104289
-0.104205
-0.104012
-0.103959
-0.103846
-0.103725
-0.103598
-0.103463
-0.103323
-0.103103
-0.103026
-0.102948
-0.102788
-0.102621
-0.102448
-0.101986
-0.10179
-0.10169
-0.101489
-0.101183
-0.100978
-0.100563
-0.100351
-0.100138
-0.0999236
-0.099709
-0.0996016
-0.0991705
-0.0990628
-0.0988481
-0.0987414
-0.0985297
-0.09832
-0.0981116
-0.0978008
-0.0975958
-0.097494
-0.097192
-0.0969944
-0.0968973
-0.0967078
-0.096351
-0.0962678
-0.0961876
-0.0959654
-0.0958329
-0.0957718
-0.0956619
-0.0955018
-0.0954753
-0.0954539
-0.0954173
-0.0954134
-0.0954175
-0.0954496
-0.0955103
-0.0955361
-0.0955942
-0.095661
-0.0956975
-0.0957769
-0.0958638
-0.0960572
-0.0961101
-0.096165
-0.0962807
-0.0964044
-0.0965363
-0.0966764
-0.0969001
-0.0970574
-0.0972213
-0.0973058
-0.09748
-0.0976604
-0.097847
-0.0982413
-0.098344
-0.0984482
-0.0987703
-0.0989915
-0.0992159
-0.099329
-0.0997887
-0.100022
-0.100022
-0.100257
-0.100495
-0.100736
-0.100978
-0.101461
-0.101582
-0.101702
-0.10194
-0.102175
-0.10252
-0.102746
-0.103183
-0.103394
-0.103597
-0.103694
-0.10397
-0.104138
-0.104364
-0.104431
-0.104495
-0.104611
-0.104753
-0.104823
-0.104913
-0.104919
-0.104921
-0.104915
-0.104897
-0.104869
-0.104755
-0.104725
-0.104661
-0.104593
-0.10452
-0.104402
-0.10427
-0.104121
-0.104069
-0.10396
-0.103845
-0.103659
-0.103456
-0.103385
-0.103312
-0.10316
-0.103002
-0.102839
-0.102583
-0.102317
-0.102225
-0.102037
-0.101941
-0.101743
-0.101539
-0.101327
-0.100887
-0.100774
-0.100545
-0.100314
-0.0999641
-0.0997284
-0.0993713
-0.0992515
-0.0990113
-0.0986531
-0.0984167
-0.0982993
-0.0976123
-0.0973937
-0.0971821
-0.0970792
-0.0968801
-0.0966892
-0.0964167
-0.0963296
-0.0961617
-0.0960023
-0.0959258
-0.0957804
-0.0955864
-0.095426
-0.0953806
