-0.0955901
-0.0955923
-0.0955918
-0.0955867
-0.0955827
-0.0955783
-0.0955648
-0.0955648
-0.0955645
-0.0955692
-0.0955736
-0.0955788
-0.0955901
-0.0955953
-0.0955997
-0.0956022
-0.095595
-0.095595
-0.0955906
-0.0955862
-0.0955822
-0.0955771
-0.0955768
-0.0955783
-0.0955967
-0.0956076
-0.095612
-0.0956152
-0.0956167
-0.0956164
-0.0956113
-0.0956073
-0.0955985
-0.0955894
-0.095589
-0.0955906
-0.0955938
-0.0956034
-0.0956147
-0.0956199
-0.0956275
-0.0956268
-0.0956236
-0.0956196
-0.0956068
-0.0956017
-0.0956014
-0.095627
-0.0956322
-0.0956366
-0.0956397
-0.095641
-0.095639
-0.0956359
-0.0956319
-0.0956231
-0.0956139
-0.0956136
-0.0956152
-0.0956228
-0.095628
-0.0956392
-0.0956444
-0.0956489
-0.0956482
-0.0956441
-0.0956397
-0.0956353
-0.0956314
-0.0956263
-0.0956259
-0.0956275
-0.0956306
-0.0956515
-0.0956568
-0.0956612
-0.0956659
-0.0956653
-0.0956578
-0.0956513
-0.0956437
-0.0956011
-0.0955947
-0.0955899
-0.0955892
-0.095594
-0.0956093
-0.0956191
-0.0956406
-0.0956718
-0.0956872
-0.095692
-0.0956943
-0.0956941
-0.0956913
-0.09568
-0.0956723
-0.0956298
-0.0956234
-0.0956185
-0.0956156
-0.0956142
-0.0956149
-0.095616
-0.0956178
-0.0956048
-0.0956048
-0.0955996
-0.0955944
-0.0955856
-0.0955828
-0.0955817
-0.0955848
-0.0956068
-0.0956104
-0.0956127
-0.0956123
-0.0956096
-0.0956056
-0.0956005
-0.0955876
-0.0955804
-0.0955602
-0.0955522
-0.0955509
-0.0955512
-0.0955527
-0.0955579
-0.0955606
-0.0955645
-0.0955581
-0.095551
-0.0955476
-0.0955444
-0.0955416
-0.0955378
-0.095536
-0.0955339
-0.0955311
-0.095522
-0.0955193
-0.0955201
-0.095522
-0.0955248
-0.0955279
-0.0955339
-0.0955358
-0.0955228
-0.0955164
-0.0955026
-0.0954906
-0.0954862
-0.0954834
-0.0954825
-0.0954851
-0.095497
-0.095499
-0.0954997
-0.0954989
-0.0954968
-0.0954932
-0.0954828
-0.0954767
-0.0954707
-0.0954547
-0.0954546
-0.0954562
-0.0954625
-0.0954665
-0.095474
-0.0954768
-0.0954784
-0.0954679
-0.0954562
-0.0954502
-0.0954446
-0.0954362
-0.0954343
-0.0954341
-0.0954384
-0.0954536
-0.0954579
-0.095458
-0.0954568
-0.0954549
-0.0954502
-0.0954483
-0.0954488
-0.0954551
-0.0954591
-0.0954667
-0.0954667
-0.095471
-0.0954689
-0.0954654
-0.0954605
-0.0954489
-0.0954324
-0.0954288
-0.0954269
-0.095427
-0.0954337
-0.0954398
-0.095447
-0.0954721
-0.0954935
-0.0954979
-0.0955003
-0.0955004
-0.0954948
-0.0954844
-0.0954784
-0.0954723
-0.0954667
-0.0954565
-0.0954588
-0.0954632
-0.0954693
-0.0954765
-0.0954931
-0.0955016
-0.095517
-0.0955299
-0.0955243
-0.0955243
-0.0955139
-0.0955079
-0.0954962
-0.0954878
-0.0954858
-0.0954927
-0.0954988
-0.0955141
-0.0955226
-0.0955311
-0.0955475
-0.0955552
-0.095562
-0.0955679
-0.0955891
-0.095591
-0.0955915
-0.0955908
-0.0955893
-0.0955873
-0.0955854
-0.0955838
-0.0955837
-0.0955954
-0.0956099
-0.0956181
-0.0956262
-0.0956407
-0.0956463
-0.0956532
-0.0956546
-0.0956517
-0.095651
-0.0956524
-0.0956552
-0.0956592
-0.095664
-0.0956745
-0.0956795
-0.0956843
-0.0957031
-0.0957111
-0.0957135
-0.0957144
-0.0957129
-0.0957099
-0.0957088
-0.0957153
-0.0957197
-0.0957296
-0.0957348
-0.09574
-0.095749
-0.0957528
-0.0957596
-0.0957664
-0.0957688
-0.0957731
-0.0957742
-0.0957736
-0.0957725
-0.0957714
-0.0957706
-0.0957707
-0.0957889
-0.0957889
-0.0957941
-0.0958029
-0.0958056
-0.095807
-0.0958052
-0.0958041
-0.0958048
-0.0958076
-0.0958116
-0.0958269
-0.0958316
-0.0958384
-0.0958384
-0.0958395
-0.0958237
-0.0958237
-0.0958108
-0.0958078
-0.0958089
-0.0958157
-0.0958205
-0.0958397
-0.0958437
-0.0958429
-0.0958405
-0.095837
-0.0958326
-0.095823
-0.0958186
-0.0958126
-0.0958158
-0.0958198
-0.0958246
-0.095835
-0.0958398
-0.0958438
-0.0958466
-0.0958477
-0.0958436
-0.0958235
-0.0958145
-0.0958052
-0.0957789
-0.0957721
-0.0957668
-0.0957637
-0.0957666
-0.0957754
-0.0957859
-0.0957907
-0.0957974
-0.0957986
-0.0957976
-0.0957893
-0.0957824
-0.0957743
-0.0957378
-0.0957298
-0.0957177
-0.0957145
-0.0957147
-0.0957175
-0.0957215
-0.0957263
-0.0957455
-0.0957483
-0.0957494
-0.0957453
-0.0957401
-0.0957333
-0.095725
-0.0957042
-0.0956925
-0.0956454
-0.0956357
-0.0956275
-0.0956215
-0.0956177
-0.095616
-0.0956159
-0.095619
-0.0956213
-0.0956267
-0.0956249
-0.0956159
-0.0956086
-0.0955896
-0.0955786
-0.0955559
-0.095545
-0.0955134
-0.0955104
-0.0955095
-0.0955102
-0.0955149
-0.0955181
-0.0955213
-0.095524
-0.0955267
-0.0955176
-0.0955103
-0.0955014
-0.0954912
-0.0954803
-0.0954576
-0.0954466
-0.0954365
-0.0954201
-0.0953986
-0.0953942
-0.0953904
-0.095387
-0.0953838
-0.0953779
-0.0953747
-0.0953714
-0.0953632
-0.0953445
-0.0953405
-0.0953374
-0.0953354
-0.0953356
-0.0953356
-0.0953391
-0.095341
-0.095331
-0.0953241
-0.0953084
-0.0953003
-0.0952926
-0.0952858
-0.0952761
-0.095274
-0.0952777
-0.0952811
-0.0952819
-0.0952794
-0.0952762
-0.0952634
-0.0952594
-0.0952545
-0.095258
-0.09526
-0.0952622
-0.0952619
-0.0952608
-0.0952592
-0.0952566
-0.0952604
-0.0952624
-0.0952639
-0.0952647
-0.0952622
-0.095259
-0.095255
-0.095255
-0.0952462
-0.0952368
-0.0952415
-0.0952459
-0.0952568
-0.0952624
-0.0952624
-0.0952754
-0.095278
-0.0952856
-0.0952875
-0.0952895
-0.095291
-0.0952924
-0.0952929
-0.0952938
-0.0952984
-0.0953173
-0.0953205
-0.0953228
-0.0953247
-0.0953247
-0.0953249
-0.0953254
-0.0953267
-0.0953293
-0.095351
-0.0953574
-0.0953634
-0.0953739
-0.0953789
-0.0953842
-0.0953894
-0.0953994
-0.0954046
-0.0954276
-0.0954392
-0.0954476
-0.0954498
-0.0954507
-0.0954508
-0.0954502
-0.0954572
-0.0954628
-0.0954701
-0.0954879
-0.0954976
-0.0955252
-0.0955252
-0.09555
-0.095557
-0.0955606
-0.095564
-0.0955674
-0.0955712
-0.0955756
-0.0955806
-0.0955862
-0.0956217
-0.0956294
-0.0956431
-0.0956485
-0.0956532
-0.0956574
-0.0956616
-0.0956662
-0.0957079
-0.0957144
-0.0957234
-0.095726
-0.0957277
-0.095729
-0.0957304
-0.0957321
-0.0957385
-0.0957584
-0.0957884
-0.0957884
-0.095799
-0.0958091
-0.0958265
-0.0958384
-0.0958422
-0.0958448
-0.0958509
-0.0958535
-0.0958535
-0.095857
-0.0958665
-0.0958721
-0.0958852
-0.0958925
-0.0959258
-0.0959302
-0.0959329
-0.0959339
-0.0959312
-0.0959252
-0.0959221
-0.0959193
-0.0959174
-0.0959257
-0.095933
-0.0959419
-0.095963
-0.0959744
-0.0959967
-0.0960068
-0.0960158
-0.0960283
-0.0960287
-0.0960244
-0.096011
-0.096003
-0.0959945
-0.095986
-0.0959706
-0.0959645
-0.0959578
-0.0959732
-0.0959821
-0.0959922
-0.0960145
-0.0960259
-0.0960369
-0.096047
-0.0960559
-0.0960684
-0.0960689
-0.0960645
-0.0960585
-0.0960431
-0.0960346
-0.0960261
-0.096018
-0.0960047
-0.0960003
-0.0959998
-0.0959998
-0.0960013
-0.0960028
-0.0959995
-0.0959959
-0.0959915
-0.0959631
-0.0959583
-0.0959547
-0.0959526
-0.0959516
-0.0959519
-0.0959522
-0.0959521
-0.095949
-0.0959238
-0.0959238
-0.0959145
-0.095895
-0.0958857
-0.0958772
-0.0958699
-0.0958641
-0.0958595
-0.0958405
-0.0958349
-0.0958285
-0.0958216
-0.0958146
-0.0958073
-0.0957921
-0.0957844
-0.095777
-0.0957458
-0.0957377
-0.0957301
-0.0957163
-0.0957097
-0.0957028
-0.0956893
-0.0956828
-0.0956565
-0.0956411
-0.0956411
-0.0956219
-0.0956173
-0.0956131
-0.0956043
-0.0955989
-0.0955688
-0.095551
-0.0955425
-0.0955346
-0.0955271
-0.0955198
-0.0955057
-0.0954982
-0.0954902
-0.095464
-0.0954466
-0.0954466
-0.0954265
-0.095421
-0.0954098
-0.0954033
-0.0953964
-0.0953593
-0.095352
-0.0953453
-0.0953391
-0.0953328
-0.0953264
-0.0953198
-0.0953129
-0.0953058
-0.0952755
-0.0952594
-0.0952517
-0.0952448
-0.095239
-0.0952293
-0.0952247
-0.0952149
-0.0951905
-0.0951792
-0.0951751
-0.0951717
-0.0951687
-0.0951624
-0.0951583
-0.0951493
-0.0951351
-0.0951307
-0.0951235
-0.0951201
-0.0951192
-0.0951182
-0.0951148
-0.0951116
-0.0950897
-0.0950832
-0.095072
-0.095068
-0.0950656
-0.0950662
-0.0950686
-0.0950686
-0.0950789
-0.0950855
-0.0950827
-0.0950787
-0.0950735
-0.095061
-0.0950545
-0.0950485
-0.0950433
-0.0950393
-0.0950426
-0.095055
-0.0950627
-0.0950708
-0.0950789
-0.0950866
-0.0950935
-0.0951031
-0.0950932
-0.0950871
-0.0950742
-0.0950681
-0.0950629
-0.0950589
-0.0950566
-0.0950563
-0.0950582
-0.0950826
-0.0950915
-0.0951114
-0.0951215
-0.0951312
-0.095148
-0.0951551
-0.0951674
-0.0951895
-0.0951947
-0.0951991
-0.0952051
-0.0952072
-0.0952119
-0.0952153
-0.0952251
-0.0952465
-0.0952615
-0.0952679
-0.0952733
-0.0952822
-0.0952864
-0.095291
-0.0953029
-0.0953103
-0.0953379
-0.0953476
-0.0953569
-0.0953739
-0.0953994
-0.0954083
-0.0954172
-0.0954258
-0.0954562
-0.0954639
-0.0954712
-0.0954841
-0.0954904
-0.0955043
-0.0955121
-0.0955207
-0.0955598
-0.0955695
-0.0955786
-0.095596
-0.0956049
-0.0956139
-0.0956226
-0.0956404
-0.0956917
-0.0957018
-0.0957018
-0.0957192
-0.0957313
-0.0957401
-0.0957443
-0.0957543
-0.0957885
-0.0957991
-0.0958198
-0.0958291
-0.0958449
-0.0958449
-0.095859
-0.0958665
-0.0959007
-0.0959096
-0.095918
-0.0959334
-0.0959409
-0.0959563
-0.0959637
-0.0959712
-0.0960139
-0.0960216
-0.0960329
-0.0960358
-0.0960371
-0.0960373
-0.0960355
-0.0960343
-0.096038
-0.0960428
-0.0960493
-0.0960569
-0.0960656
-0.0960754
-0.0960968
-0.0961078
-0.0961184
-0.0961544
-0.0961617
-0.0961677
-0.0961757
-0.0961783
-0.0961805
-0.0961851
-0.0961883
-0.0962073
-0.09621
-0.0962116
-0.0962105
-0.0962086
-0.0962039
-0.0962008
-0.0962009
-0.0962098
-0.0962154
-0.0962219
-0.0962356
-0.0962421
-0.0962477
-0.0962521
-0.0962541
-0.0962315
-0.0962238
-0.0962161
-0.0962089
-0.0961972
-0.0961921
-0.0961928
-0.0961956
-0.0962189
-0.0962258
-0.0962322
-0.0962422
-0.0962458
-0.096244
-0.0962396
-0.0962328
-0.0961889
-0.0961759
-0.0961629
-0.0961386
-0.096128
-0.096112
-0.0961066
-0.0961024
-0.0960897
-0.0960802
-0.0960742
-0.0960678
-0.0960541
-0.0960464
-0.0960383
-0.09603
-0.0960128
-0.0959737
-0.095964
-0.095955
-0.0959471
-0.0959401
-0.0959268
-0.0959197
-0.0959119
-0.0958632
-0.0958543
-0.0958466
-0.0958353
-0.0958311
-0.0958236
-0.0958194
-0.0958144
-0.0958144
-0.0958002
-0.0957531
-0.0957393
-0.0957255
-0.0956993
-0.0956745
-0.0956619
-0.0956493
-0.0956369
-0.0955646
-0.0955646
-0.0955536
-0.0955356
-0.0955286
-0.0955223
-0.0955106
-0.0955044
-0.0954973
-0.095459
-0.0954476
-0.0954363
-0.0954251
-0.0954026
-0.0953801
-0.0953689
-0.0953575
-0.0953011
-0.0952902
-0.09528
-0.0952711
-0.0952636
-0.095252
-0.095252
-0.0952365
-0.0952037
-0.0951928
-0.0951814
-0.0951701
-0.0951591
-0.0951388
-0.0951289
-0.0951187
-0.0950987
-0.0950709
-0.0950545
-0.0950468
-0.0950331
-0.0950265
-0.0950196
-0.0950126
-0.0950053
-0.0949625
-0.0949564
-0.0949516
-0.0949484
-0.0949474
-0.094949
-0.0949513
-0.0949541
-0.094961
-0.0949563
-0.0949507
-0.0949337
-0.0949232
-0.0949
-0.0949
-0.0948882
-0.0948437
-0.0948405
-0.09484
-0.094846
-0.0948516
-0.0948585
-0.0948661
-0.0948742
-0.09489
-0.0949065
-0.0949081
-0.0949057
-0.0949017
-0.0948905
-0.094884
-0.0948776
-0.0948776
-0.0948663
-0.0948616
-0.0948656
-0.0948712
-0.0948858
-0.0948939
-0.0949096
-0.0949165
-0.0949221
-0.0949281
-0.0949265
-0.0949246
-0.0949211
-0.0949204
-0.0949209
-0.0949231
-0.0949329
-0.0949499
-0.0949718
-0.0949954
-0.0950067
-0.0950173
-0.0950268
-0.0950355
-0.0950521
-0.0950608
-0.0950798
-0.0951111
-0.0951224
-0.0951338
-0.0951549
-0.095164
-0.0951802
-0.0951962
-0.0952394
-0.095248
-0.0952556
-0.0952623
-0.0952682
-0.095279
-0.0952915
-0.0952993
-0.0953424
-0.0953655
-0.0953763
-0.0953866
-0.0953866
-0.0954183
-0.0954294
-0.0954536
-0.0954934
-0.0955186
-0.0955298
-0.0955399
-0.095549
-0.0955731
-0.0955814
-0.0955998
-0.0956463
-0.0956463
-0.0956463
-0.0956835
-0.0956955
-0.0957072
-0.0957304
-0.0957423
-0.095808
-0.095821
-0.0958332
-0.0958441
-0.095862
-0.0958765
-0.0958836
-0.0958993
-0.0959304
-0.0959426
-0.0959552
-0.0959801
-0.0960041
-0.0960152
-0.096026
-0.0960469
-0.0960895
-0.0961004
-0.096111
-0.0961295
-0.0961373
-0.0961523
-0.0961523
-0.0961686
-0.0962078
-0.0962175
-0.0962341
-0.0962443
-0.0962469
-0.0962487
-0.0962488
-0.0962494
-0.0962636
-0.0962636
-0.0962713
-0.0962899
-0.0963
-0.0963201
-0.0963298
-0.0963479
-0.0963788
-0.0963844
-0.0963906
-0.0963911
-0.0963911
-0.0963868
-0.0963849
-0.0963827
-0.0963893
-0.0963949
-0.0964018
-0.0964176
-0.0964257
-0.0964334
-0.0964402
-0.0964518
-0.0964399
-0.0964339
-0.0964274
-0.0964149
-0.0964097
-0.0964034
-0.0964029
-0.0964063
-0.0964167
-0.0964222
-0.0964233
-0.0964205
-0.0964164
-0.0964112
-0.0963977
-0.0963896
-0.0963812
-0.0963546
-0.0963461
-0.0963318
-0.0963259
-0.0963205
-0.0963151
-0.0963092
-0.0963028
-0.096288
-0.0962522
-0.0962433
-0.0962352
-0.0962281
-0.0962219
-0.0962102
-0.096204
-0.0961888
-0.0961359
-0.0961249
-0.0961148
-0.0961059
-0.0960921
-0.0960867
-0.0960767
-0.0960713
-0.0960385
-0.0960162
-0.0960046
-0.0959926
-0.09598
-0.095967
-0.0959538
-0.0959268
-0.095868
-0.0958395
-0.0958267
-0.0958149
-0.0958042
-0.0957848
-0.0957752
-0.0957653
-0.0957015
-0.0956714
-0.0956567
-0.0956429
-0.0956301
-0.0956181
-0.0956066
-0.095583
-0.0955174
-0.0955044
-0.0954922
-0.0954707
-0.0954608
-0.0954608
-0.0954508
-0.0954405
-0.0954171
-0.095347
-0.0953327
-0.0953327
-0.0953059
-0.0952927
-0.0952657
-0.0952519
-0.0952244
-0.0951697
-0.0951572
-0.0951458
-0.0951358
-0.0951271
-0.0951192
-0.0951043
-0.0950964
-0.0950404
-0.0950128
-0.0949994
-0.0949868
-0.0949654
-0.0949488
-0.0949414
-0.0949339
-0.0948987
-0.0948885
-0.0948784
-0.0948424
-0.094826
-0.0948183
-0.0948056
-0.0947914
-0.0947866
-0.0947817
-0.0947725
-0.0947675
-0.0947557
-0.0947488
-0.094734
-0.0947114
-0.094705
-0.0946997
-0.0946944
-0.0946954
-0.0946973
-0.0946997
-0.094704
-0.0946997
-0.0946945
-0.0946808
-0.0946808
-0.0946654
-0.0946581
-0.0946517
-0.0946429
-0.0946492
-0.0946613
-0.0946682
-0.094675
-0.0946871
-0.0946915
-0.0946915
-0.0946943
-0.0946952
-0.0946807
-0.0946787
-0.094678
-0.0946789
-0.0946917
-0.0946982
-0.0947051
-0.0947422
-0.0947495
-0.0947559
-0.0947612
-0.0947675
-0.0947692
-0.0947706
-0.0947719
-0.0948016
-0.0948117
-0.0948227
-0.0948341
-0.0948455
-0.0948566
-0.0948678
-0.0948907
-0.0949482
-0.0949583
-0.0949674
-0.0949757
-0.0949914
-0.0949997
-0.0950087
-0.0950182
-0.0950773
-0.0950894
-0.0951008
-0.0951298
-0.0951389
-0.0951484
-0.0951588
-0.0951823
-0.0952372
-0.0952523
-0.0952673
-0.095282
-0.0953096
-0.0953233
-0.0953233
-0.0953669
-0.0954132
-0.0954424
-0.0954554
-0.0954773
-0.0954869
-0.0955051
-0.095525
-0.0955487
-0.095591
-0.0956057
-0.0956335
-0.0956467
-0.0956733
-0.0956869
-0.0957148
-0.0957293
-0.0957929
-0.0957929
-0.0958096
-0.0958414
-0.0958558
-0.0958826
-0.0958958
-0.0959093
-0.0959229
-0.0959827
-0.0960152
-0.0960311
-0.0960311
-0.0960464
-0.0960759
-0.0960903
-0.0961194
-0.096179
-0.0962054
-0.0962166
-0.0962356
-0.0962443
-0.096253
-0.0962719
-0.0963268
-0.096337
-0.0963459
-0.0963534
-0.0963597
-0.0963701
-0.0963751
-0.0963805
-0.0963867
-0.0964242
-0.0964469
-0.0964581
-0.0964796
-0.0964896
-0.0964991
-0.0965086
-0.0965184
-0.0965615
-0.0965719
-0.0965754
-0.0965751
-0.0965739
-0.0965724
-0.0965709
-0.0965698
-0.0965906
-0.0965987
-0.0966157
-0.0966238
-0.0966311
-0.0966415
-0.0966439
-0.096644
-0.0966219
-0.0966159
-0.0966159
-0.0966055
-0.0966019
-0.0966
-0.0965999
-0.0966041
-0.0966221
-0.0966236
-0.0966235
-0.096618
-0.096613
-0.0966065
-0.0965988
-0.0965903
-0.0965814
-0.0965437
-0.096534
-0.0965247
-0.0965087
-0.0965021
-0.0964958
-0.0964895
-0.0964757
-0.0964404
-0.0964201
-0.0964201
-0.0964015
-0.0963866
-0.0963799
-0.0963732
-0.0963662
-0.0963184
-0.096307
-0.0962844
-0.0962733
-0.0962506
-0.0962285
-0.0962177
-0.096196
-0.0961501
-0.0961383
-0.0961152
-0.0961034
-0.0961034
-0.0960792
-0.0960669
-0.0960541
-0.0959534
-0.0959406
-0.0959286
-0.0959065
-0.0959065
-0.0958858
-0.0958751
-0.0958088
-0.0957937
-0.0957787
-0.0957641
-0.09575
-0.0957088
-0.0956941
-0.0956788
-0.0956136
-0.0955969
-0.0955806
-0.0955496
-0.0955344
-0.0955033
-0.0954874
-0.0954558
-0.0954082
-0.0953757
-0.0953598
-0.0953445
-0.0953297
-0.0952998
-0.0952691
-0.0952534
-0.0951697
-0.0951697
-0.0951539
-0.095125
-0.095098
-0.095098
-0.0950717
-0.0950461
-0.0949921
-0.0949774
-0.0949628
-0.0949349
-0.0949217
-0.0948959
-0.0948831
-0.0948701
-0.0948185
-0.0948055
-0.0947811
-0.0947704
-0.0947604
-0.0947414
-0.0947315
-0.09471
-0.0946651
-0.094655
-0.0946461
-0.0946324
-0.0946269
-0.0946219
-0.0946169
-0.0945979
-0.0945637
-0.0945637
-0.0945548
-0.094532
-0.0945262
-0.0945097
-0.094504
-0.094486
-0.0944824
-0.0944797
-0.094477
-0.0944765
-0.0944751
-0.0944733
-0.094467
-0.0944526
-0.0944511
-0.0944521
-0.0944521
-0.0944541
-0.0944588
-0.0944607
-0.094463
-0.0944695
-0.0944719
-0.0944751
-0.0944761
-0.0944783
-0.0944805
-0.0944837
-0.094493
-0.0945191
-0.094526
-0.0945324
-0.0945426
-0.0945464
-0.0945532
-0.0945616
-0.0945672
-0.094599
-0.0946079
-0.0946164
-0.0946243
-0.0946317
-0.0946556
-0.0946647
-0.0947185
-0.0947395
-0.0947487
-0.0947568
-0.0947701
-0.0947759
-0.0947817
-0.094795
-0.0948385
-0.0948531
-0.0948686
-0.0949003
-0.094916
-0.0949315
-0.094962
-0.0949931
-0.0950413
-0.0950576
-0.0950735
-0.0951026
-0.0951158
-0.0951414
-0.0951546
-0.0951829
-0.0952298
-0.0952632
-0.0952795
-0.0953104
-0.0953257
-0.0953568
-0.0953727
-0.0954671
-0.0954817
-0.0954954
-0.0955206
-0.0955206
-0.095533
-0.0955594
-0.0955895
-0.0956591
-0.0956783
-0.0956974
-0.0957343
-0.095752
-0.0957695
-0.0957868
-0.0958208
-0.0958896
-0.0959071
-0.0959242
-0.0959568
-0.0959729
-0.0959891
-0.0960215
-0.0960541
-0.0961233
-0.0961233
-0.0961546
-0.0961682
-0.0961806
-0.0962034
-0.0962145
-0.0962261
-0.0962519
-0.0963148
-0.0963148
-0.0963315
-0.0963642
-0.0963803
-0.0964119
-0.0964275
-0.0964593
-0.0965054
-0.0965197
-0.0965443
-0.0965732
-0.0965823
-0.096601
-0.0966101
-0.0966288
-0.0966599
-0.0966701
-0.0966877
-0.0966952
-0.0967023
-0.0967166
-0.096724
-0.0967317
-0.0967394
-0.0967621
-0.096777
-0.0967834
-0.0967925
-0.096795
-0.0967968
-0.0967981
-0.0968012
-0.0968037
-0.0968165
-0.0968214
-0.0968294
-0.0968317
-0.0968285
-0.0968245
-0.0968145
-0.0967977
-0.0967965
-0.0967973
-0.0968032
-0.0968076
-0.0968172
-0.0968216
-0.0968252
-0.0968234
-0.0968178
-0.096802
-0.0967927
-0.0967827
-0.0967613
-0.0967501
-0.0967273
-0.096685
-0.0966765
-0.0966646
-0.0966646
-0.0966612
-0.0966577
-0.0966568
-0.0966546
-0.0966524
-0.0966276
-0.0966162
-0.0966162
-0.0965888
-0.0965729
-0.0965379
-0.0965195
-0.0964823
-0.0964063
-0.0963884
-0.0963717
-0.0963424
-0.0963164
-0.0963036
-0.0962904
-0.0962766
-0.0962151
-0.0961818
-0.0961653
-0.0961488
-0.0961152
-0.0960808
-0.0960633
-0.0960456
-0.0959704
-0.0959517
-0.0959338
-0.0959008
-0.0958851
-0.0958694
-0.0958375
-0.095821
-0.0958037
-0.0957464
-0.0957261
-0.0957053
-0.0956639
-0.0956433
-0.0956018
-0.0955812
-0.0955406
-0.0954379
-0.0954379
-0.0954176
-0.0953794
-0.0953617
-0.0953271
-0.0953096
-0.0952919
-0.0951986
-0.0951986
-0.0951791
-0.0951416
-0.0951243
-0.0950917
-0.0950594
-0.0950429
-0.0949726
-0.0949384
-0.0949228
-0.0949079
-0.094879
-0.0948644
-0.0948495
-0.0948343
-0.0947698
-0.0947384
-0.0947236
-0.0947093
-0.0946825
-0.0946557
-0.0946415
-0.0946268
-0.0945672
-0.0945534
-0.0945408
-0.0945197
-0.0945106
-0.0944841
-0.0944642
-0.0944344
-0.0944251
-0.0944091
-0.0943962
-0.09439
-0.0943835
-0.0943768
-0.0943621
-0.0943538
-0.0943174
-0.0943174
-0.0943024
-0.0942972
-0.0942921
-0.0942916
-0.0942919
-0.0942933
-0.0942882
-0.0942838
-0.0942786
-0.0942673
-0.094262
-0.0942577
-0.094253
-0.094253
-0.0942668
-0.0942712
-0.0942784
-0.0942803
-0.0942801
-0.0942766
-0.0942746
-0.0942731
-0.0942751
-0.0942791
-0.0942915
-0.0943075
-0.094326
-0.0943361
-0.0943466
-0.0944184
-0.094433
-0.0944395
-0.0944395
-0.0944353
-0.0944318
-0.0944174
-0.0944159
-0.0944181
-0.09443
-0.0944397
-0.0944659
-0.0944822
-0.0944822
-0.094581
-0.0946026
-0.0946242
-0.0946658
-0.0946852
-0.0947208
-0.0947373
-0.0947534
-0.0948189
-0.0948356
-0.0948519
-0.0948828
-0.094898
-0.0949137
-0.0949469
-0.0949644
-0.0950015
-0.0950635
-0.0950847
-0.0951256
-0.0951454
-0.0951649
-0.0952034
-0.0952224
-0.0952413
-0.0953199
-0.0953407
-0.0953615
-0.0954015
-0.09542
-0.095455
-0.0954723
-0.09549
-0.0956115
-0.0956551
-0.0956759
-0.0956955
-0.0957136
-0.0957466
-0.0957779
-0.0958475
-0.0958667
-0.0958858
-0.0959046
-0.0959404
-0.0959581
-0.095976
-0.0960127
-0.0960319
-0.0961135
-0.0961339
-0.0961537
-0.0961731
-0.0961924
-0.0962517
-0.0962717
-0.0962914
-0.0963707
-0.0963894
-0.0964069
-0.096423
-0.0964379
-0.0964519
-0.0964655
-0.0964931
-0.096508
-0.0965941
-0.0966125
-0.0966304
-0.0966474
-0.0966788
-0.0966788
-0.0967083
-0.0967227
-0.0967372
-0.0967968
-0.0968114
-0.0968253
-0.0968381
-0.0968616
-0.0968729
-0.0968839
-0.0968942
-0.0969141
-0.096953
-0.0969667
-0.096971
-0.0969735
-0.0969749
-0.0969754
-0.0969755
-0.0969755
-0.0969774
-0.0969892
-0.0970017
-0.0970017
-0.0970141
-0.0970234
-0.0970234
-0.0970258
-0.0970263
-0.0970228
-0.0970092
-0.0970069
-0.0970058
-0.0970061
-0.09701
-0.0970155
-0.0970178
-0.0970194
-0.0970016
-0.0969923
-0.0969818
-0.0969704
-0.0969587
-0.0969353
-0.0969237
-0.0969119
-0.0969002
-0.0968264
-0.0968139
-0.0967915
-0.0967824
-0.0967675
-0.0967608
-0.0967542
-0.0967094
-0.0966977
-0.0966855
-0.0966733
-0.0966493
-0.0966369
-0.0966237
-0.0966095
-0.0965944
-0.0965264
-0.0965077
-0.096489
-0.0964704
-0.0964331
-0.0964142
-0.096395
-0.0963366
-0.0962588
-0.0962396
-0.0961875
-0.0961875
-0.0961554
-0.0961389
-0.0961042
-0.0960322
-0.0959959
-0.0959786
-0.0959617
-0.0959448
-0.0959104
-0.0959104
-0.0958742
-0.0957916
-0.0957696
-0.095726
-0.095705
-0.0956638
-0.0956222
-0.0956017
-0.0955611
-0.0954991
-0.0954775
-0.0954559
-0.0954346
-0.0954134
-0.0953502
-0.0953287
-0.0953071
-0.0951963
-0.0951742
-0.095153
-0.0951135
-0.0950946
-0.0950756
-0.0950565
-0.0950372
-0.0950174
-0.0949324
-0.0949104
-0.0948888
-0.0948266
-0.0948266
-0.094785
-0.0947646
-0.0947256
-0.0946668
-0.0946269
-0.0946074
-0.0945886
-0.0945375
-0.094521
-0.0945043
-0.0944876
-0.0944229
-0.0944075
-0.0943792
-0.0943664
-0.0943542
-0.0943315
-0.094309
-0.0942974
-0.0942493
-0.0942375
-0.0942265
-0.0942166
-0.0942075
-0.0941901
-0.0941812
-0.0941628
-0.0941244
-0.0941087
-0.0941028
-0.0940985
-0.0940955
-0.0940928
-0.0940923
-0.0940917
-0.0940817
-0.0940696
-0.0940559
-0.0940495
-0.0940439
-0.0940367
-0.094036
-0.0940375
-0.0940411
-0.09406
-0.0940754
-0.0940827
-0.0940891
-0.0940943
-0.0940997
-0.0940998
-0.0940986
-0.0940943
-0.094092
-0.094089
-0.0940946
-0.0941006
-0.0941087
-0.0941295
-0.0941421
-0.0941706
-0.0941859
-0.0942842
-0.0942997
-0.0943139
-0.094349
-0.0943593
-0.0943593
-0.0943697
-0.0944278
-0.0944399
-0.0944517
-0.0944736
-0.0944844
-0.0945075
-0.0945075
-0.0945205
-0.0945488
-0.094616
-0.0946351
-0.0946547
-0.0946742
-0.0947129
-0.0947327
-0.0947531
-0.0947949
-0.0948162
-0.0948833
-0.094929
-0.0949516
-0.0949741
-0.0949963
-0.0950409
-0.0950635
-0.0950864
-0.0951329
-0.0952069
-0.0952326
-0.0952836
-0.0953083
-0.0953324
-0.0953558
-0.0953788
-0.0954253
-0.0954494
-0.0955261
-0.0955812
-0.0955812
-0.0956628
-0.0956883
-0.0957373
-0.0957615
-0.0958104
-0.0959079
-0.0959079
-0.095932
-0.0959775
-0.0959988
-0.0960622
-0.0960843
-0.0961949
-0.0962353
-0.0962534
-0.0962704
-0.0962864
-0.0963177
-0.0963338
-0.0963507
-0.0963507
-0.0964267
-0.0964674
-0.0964876
-0.0965076
-0.0965274
-0.0965471
-0.0965873
-0.0966078
-0.096629
-0.096719
-0.0967414
-0.0967834
-0.0968023
-0.09682
-0.0968534
-0.0968699
-0.0968866
-0.0969035
-0.0969729
-0.09699
-0.0970063
-0.0970216
-0.0970358
-0.0970358
-0.0970613
-0.0970733
-0.0970851
-0.0971318
-0.0971432
-0.097163
-0.0971808
-0.0971838
-0.0971859
-0.0971893
-0.0972138
-0.0972186
-0.0972225
-0.0972253
-0.0972266
-0.0972261
-0.0972249
-0.0972262
-0.0972286
-0.097231
-0.0972329
-0.0972339
-0.0972322
-0.0972322
-0.0972233
-0.0972169
-0.0971779
-0.0971702
-0.0971634
-0.0971575
-0.0971525
-0.0971479
-0.0971383
-0.0971383
-0.0971255
-0.0970879
-0.0970639
-0.0970517
-0.0970397
-0.097028
-0.0970164
-0.0969929
-0.0969801
-0.0969662
-0.0969042
-0.0968879
-0.096872
-0.0968568
-0.0968419
-0.0968118
-0.0967957
-0.0967787
-0.0967607
-0.0966829
-0.0966413
-0.096621
-0.0966012
-0.0965818
-0.0965625
-0.0965231
-0.0965032
-0.0964196
-0.0963768
-0.0963564
-0.0963186
-0.0963004
-0.0962823
-0.0962444
-0.096224
-0.0961358
-0.096113
-0.0960905
-0.0960473
-0.0960259
-0.0960259
-0.0959825
-0.0959375
-0.0958142
-0.0957885
-0.0957633
-0.0957386
-0.0957143
-0.0956656
-0.0956409
-0.095616
-0.0955909
-0.0955393
-0.0954853
-0.0954024
-0.0953756
-0.0953493
-0.0953232
-0.0952973
-0.0952453
-0.0952192
-0.0951933
-0.0950868
-0.0950595
-0.0950325
-0.0950062
-0.0949803
-0.0949291
-0.0949036
-0.0948512
-0.0948242
-0.0947155
-0.0946894
-0.0946894
-0.0946643
-0.0945925
-0.0945925
-0.0945246
-0.0945032
-0.0944408
-0.0944005
-0.0943813
-0.094346
-0.0943124
-0.0942959
-0.0942635
-0.0942476
-0.0942004
-0.0941846
-0.0941846
-0.0941398
-0.0941256
-0.0941117
-0.0940986
-0.094073
-0.094073
-0.0940199
-0.0940069
-0.0939947
-0.0939732
-0.0939633
-0.093944
-0.093944
-0.0939248
-0.093915
-0.0938816
-0.0938756
-0.0938686
-0.0938677
-0.0938692
-0.0938707
-0.0938722
-0.0938733
-0.0938668
-0.0938624
-0.0938483
-0.0938448
-0.0938417
-0.0938431
-0.0938523
-0.0938871
-0.0938968
-0.0939061
-0.0939219
-0.0939277
-0.0939361
-0.0939429
-0.0939644
-0.0939729
-0.0939919
-0.0940017
-0.094011
-0.094028
-0.0940362
-0.094045
-0.0940545
-0.0941026
-0.0941165
-0.0941303
-0.0941575
-0.0941715
-0.0942015
-0.0942173
-0.0942509
-0.094304
-0.094322
-0.0943395
-0.0943729
-0.0943893
-0.0944229
-0.0944402
-0.0944767
-0.094536
-0.0945775
-0.0945979
-0.0946177
-0.0946564
-0.094676
-0.0946957
-0.0947367
-0.0948496
-0.0948733
-0.0948967
-0.09492
-0.0949428
-0.0949869
-0.0950087
-0.0950087
-0.0950539
-0.0951545
-0.095181
-0.0952075
-0.0952601
-0.0952866
-0.0953395
-0.0953658
-0.0953926
-0.0953926
-0.0955056
-0.0955354
-0.0955656
-0.0956259
-0.0956556
-0.0957138
-0.0957421
-0.0957983
-0.095913
-0.0959423
-0.0959713
-0.0960266
-0.096053
-0.0960789
-0.09613
-0.0961555
-0.0962577
-0.0962826
-0.0963297
-0.0963519
-0.0963737
-0.0964168
-0.0964382
-0.0964816
-0.0965731
-0.096596
-0.096618
-0.0966592
-0.0966789
-0.0966985
-0.0967372
-0.0967569
-0.0968403
-0.0968615
-0.0968822
-0.0969222
-0.0969418
-0.0969793
-0.0969965
-0.097013
-0.0970963
-0.0971138
-0.0971472
-0.0971624
-0.0971624
-0.0971909
-0.0972048
-0.0972318
-0.0972956
-0.0973069
-0.0973171
-0.0973332
-0.0973399
-0.0973461
-0.0973524
-0.0973588
-0.0973726
-0.0974041
-0.097411
-0.097411
-0.0974166
-0.0974228
-0.0974233
-0.0974225
-0.097419
-0.0974171
-0.0974163
-0.0974178
-0.0974193
-0.0974208
-0.0974199
-0.0974175
-0.0974175
-0.0973948
-0.0973711
-0.0973631
-0.0973485
-0.0973429
-0.0973357
-0.0973335
-0.0973318
-0.0973279
-0.0973072
-0.0972874
-0.0972632
-0.0972498
-0.097236
-0.0972077
-0.0971933
-0.097163
-0.0971001
-0.097085
-0.0970706
-0.0970566
-0.0970425
-0.0970131
-0.0969974
-0.0969811
-0.0968683
-0.0968487
-0.0968299
-0.0968122
-0.0967788
-0.0967624
-0.0967455
-0.096709
-0.0966248
-0.0966028
-0.0965812
-0.096519
-0.0964982
-0.0964559
-0.0963174
-0.0963174
-0.0962738
-0.0962543
-0.0962205
-0.0962056
-0.0961779
-0.0961643
-0.0960821
-0.0960385
-0.0960152
-0.0959916
-0.0959677
-0.0959186
-0.0958933
-0.0958678
-0.0958151
-0.0956999
-0.0956696
-0.0956394
-0.0955805
-0.0955517
-0.0955231
-0.0954948
-0.0954378
-0.0953215
-0.0952631
-0.0952348
-0.0951788
-0.0951507
-0.0951225
-0.0950948
-0.0950411
-0.0949385
-0.0949128
-0.0948875
-0.0948386
-0.0947898
-0.0947653
-0.0947411
-0.094717
-0.0946202
-0.0945949
-0.0945696
-0.0944968
-0.0944737
-0.0944513
-0.0944081
-0.0943867
-0.0942968
-0.0942968
-0.0942528
-0.0942322
-0.094193
-0.0941737
-0.0941541
-0.0941152
-0.0940959
-0.0940366
-0.0939971
-0.0939783
-0.0939606
-0.0939437
-0.0939274
-0.0939117
-0.0938812
-0.09382
-0.0937915
-0.0937789
-0.093768
-0.0937514
-0.0937397
-0.0937347
-0.0937297
-0.0936942
-0.0936776
-0.0936703
-0.0936642
-0.0936573
-0.0936573
-0.0936567
-0.0936616
-0.0936601
-0.0936581
-0.0936562
-0.0936546
-0.0936539
-0.0936544
-0.0936597
-0.0936988
-0.0937049
-0.0937097
-0.0937131
-0.0937153
-0.0937166
-0.0937184
-0.0937219
-0.0937457
-0.0937554
-0.0937659
-0.0937889
-0.0938013
-0.0938143
-0.0938277
-0.0938413
-0.0939157
-0.0939312
-0.0939607
-0.0939747
-0.0939887
-0.0940032
-0.0940182
-0.0940504
-0.0941247
-0.0941647
-0.0941842
-0.094203
-0.0942376
-0.0942541
-0.0942706
-0.0943052
-0.0943239
-0.0943871
-0.0944107
-0.0944352
-0.0944601
-0.0944852
-0.0945105
-0.0945619
-0.0946153
-0.0946425
-0.0947539
-0.0947829
-0.0948404
-0.0948684
-0.0949224
-0.0949488
-0.0950018
-0.0950018
-0.0951146
-0.0951436
-0.0952002
-0.0952277
-0.0952551
-0.0953093
-0.0953093
-0.0953936
-0.0955099
-0.0955393
-0.0955966
-0.0956246
-0.0956526
-0.0956807
-0.0957089
-0.0957648
-0.0958809
-0.0959099
-0.0959652
-0.0959915
-0.0960174
-0.0960696
-0.0960966
-0.0961515
-0.0962659
-0.0962945
-0.0963223
-0.0963749
-0.0964004
-0.0964257
-0.0964758
-0.0965013
-0.0966345
-0.0966611
-0.096687
-0.096737
-0.0967853
-0.0968092
-0.0968328
-0.0969429
-0.0969816
-0.0969816
-0.097015
-0.0970302
-0.09706
-0.0970752
-0.0970913
-0.0972064
-0.0972264
-0.0972455
-0.0972634
-0.0973096
-0.0973236
-0.0973377
-0.0974131
-0.0974273
-0.0974273
-0.0974519
-0.0974623
-0.09749
-0.0974993
-0.0975387
-0.0975585
-0.0975674
-0.0975813
-0.0975864
-0.0975944
-0.0975982
-0.0976024
-0.0976264
-0.0976292
-0.0976305
-0.0976306
-0.0976299
-0.0976288
-0.0976274
-0.0976257
-0.0976204
-0.0976042
-0.0975998
-0.0975924
-0.0975895
-0.0975831
-0.0975789
-0.0975737
-0.097561
-0.0975535
-0.0975152
-0.0975042
-0.0974828
-0.0974728
-0.0974633
-0.0974538
-0.0974438
-0.0974333
-0.0973691
-0.0973549
-0.0973278
-0.097315
-0.0973022
-0.097275
-0.09726
-0.0972267
-0.0971711
-0.0971516
-0.0971127
-0.0970935
-0.0970746
-0.0970363
-0.0970163
-0.0969746
-0.0968846
-0.0968622
-0.0968202
-0.0967836
-0.0967667
-0.0967337
-0.0967337
-0.0967168
-0.0966991
-0.0966131
-0.0965878
-0.0965616
-0.0965349
-0.0964788
-0.0964195
-0.0963888
-0.0963576
-0.0961957
-0.0961957
-0.096132
-0.096072
-0.0960138
-0.095985
-0.0959281
-0.0958134
-0.0957844
-0.0957559
-0.0956728
-0.0956451
-0.0956173
-0.0955622
-0.0955345
-0.0954492
-0.0953904
-0.0953614
-0.0953331
-0.0953051
-0.0952772
-0.0952198
-0.0951902
-0.09516
-0.0950032
-0.094971
-0.0949391
-0.0948781
-0.0948489
-0.0948202
-0.0947916
-0.0947349
-0.0947061
-0.0945867
-0.0945565
-0.0944977
-0.0944699
-0.0944185
-0.0943942
-0.0943704
-0.0943223
-0.0942209
-0.0941952
-0.094122
-0.0940996
-0.0940586
-0.09404
-0.0940223
-0.0939517
-0.0939142
-0.0939142
-0.0938956
-0.0938592
-0.0938413
-0.0938236
-0.093788
-0.0936982
-0.0936823
-0.0936678
-0.0936546
-0.0936422
-0.0936302
-0.0936183
-0.0935937
-0.0935811
-0.0935561
-0.0935088
-0.0934983
-0.0934813
-0.0934813
-0.0934756
-0.0934709
-0.0934709
-0.0934751
-0.0934845
-0.0934835
-0.0934755
-0.0934755
-0.0934626
-0.0934554
-0.0934481
-0.0934412
-0.0934314
-0.0934378
-0.0934463
-0.0934565
-0.09348
-0.09348
-0.0934926
-0.0935186
-0.0935904
-0.0936181
-0.0936302
-0.093641
-0.0936505
-0.0936592
-0.0936758
-0.0936846
-0.0937048
-0.0937603
-0.0937766
-0.0937933
-0.0938102
-0.0938273
-0.0938446
-0.0938808
-0.0939208
-0.0940074
-0.0940498
-0.0940885
-0.0941071
-0.0941435
-0.0941435
-0.0941801
-0.0941995
-0.094287
-0.0943106
-0.0943345
-0.0943828
-0.0944075
-0.0944328
-0.0944587
-0.0944852
-0.0946293
-0.0946595
-0.0947185
-0.0947472
-0.094776
-0.0948341
-0.0948341
-0.0948932
-0.0950168
-0.0950814
-0.0951132
-0.0951442
-0.0952034
-0.0952322
-0.095261
-0.0952899
-0.0954731
-0.0955049
-0.0955669
-0.0955965
-0.0956537
-0.0956821
-0.0956821
-0.0957394
-0.0958913
-0.0959227
-0.0959537
-0.0960131
-0.0960414
-0.0960414
-0.0960974
-0.0961539
-0.0963348
-0.0963654
-0.0963952
-0.0964509
-0.0964767
-0.0965018
-0.0965265
-0.0965763
-0.0966552
-0.0966826
-0.0967371
-0.0967642
-0.0967916
-0.0968189
-0.0968189
-0.0968731
-0.096928
-0.0970426
-0.0970711
-0.0970988
-0.0971256
-0.097177
-0.0972023
-0.0972272
-0.0972514
-0.0973938
-0.0974154
-0.0974356
-0.0974356
-0.0974545
-0.0975078
-0.0975251
-0.0975423
-0.0976244
-0.0976395
-0.0976534
-0.0976769
-0.0976872
-0.0977071
-0.0977172
-0.0977274
-0.0977772
-0.0977772
-0.0977861
-0.0977938
-0.0978001
-0.0978051
-0.0978131
-0.0978209
-0.0978248
-0.0978329
-0.0978318
-0.0978298
-0.0978272
-0.0978204
-0.0978125
-0.0978125
-0.0978077
-0.0977757
-0.0977693
-0.0977628
-0.0977568
-0.0977514
-0.0977463
-0.0977413
-0.0977359
-0.0977296
-0.0976781
-0.0976643
-0.09765
-0.0976358
-0.0976078
-0.0975781
-0.0975781
-0.0975272
-0.0974726
-0.0974343
-0.0974156
-0.0973797
-0.0973797
-0.0973439
-0.0973252
-0.0972867
-0.0972247
-0.0971566
-0.0971566
-0.0971342
-0.097091
-0.0970696
-0.0970261
-0.0970039
-0.0970039
-0.0969064
-0.0968803
-0.0968273
-0.0967747
-0.0967479
-0.0966926
-0.0966926
-0.0966049
-0.096542
-0.0964456
-0.0963836
-0.0963527
-0.0962905
-0.0962276
-0.0961966
-0.0960784
-0.0960499
-0.0960217
-0.0959399
-0.0959125
-0.095885
-0.095857
-0.0958285
-0.0957993
-0.0956756
-0.0956425
-0.095609
-0.0955423
-0.095509
-0.0954755
-0.0954418
-0.0953738
-0.0952687
-0.0951637
-0.0951304
-0.0950981
-0.0950365
-0.0950065
-0.0949765
-0.0949461
-0.0948834
-0.0947526
-0.0947195
-0.0946547
-0.0945917
-0.0945605
-0.0945605
-0.0945295
-0.0944986
-0.0944365
-0.0943073
-0.0942747
-0.0942424
-0.0941805
-0.0941509
-0.0941218
-0.094064
-0.0940355
-0.0940071
-0.0938959
-0.0938693
-0.0938441
-0.0938202
-0.0937758
-0.0937544
-0.0937329
-0.0936895
-0.0935605
-0.0935413
-0.0935239
-0.0935082
-0.0934694
-0.0934694
-0.0934578
-0.0934087
-0.0933713
-0.0933713
-0.0933516
-0.0933437
-0.0933234
-0.0933165
-0.0933096
-0.0932826
-0.0932762
-0.0932705
-0.0932661
-0.0932605
-0.09326
-0.0932595
-0.0932588
-0.0932577
-0.09326
-0.0932631
-0.0932728
-0.0932784
-0.0932895
-0.0932949
-0.0933005
-0.0933126
-0.0933419
-0.0933569
-0.0933569
-0.0933697
-0.093376
-0.0933901
-0.0933901
-0.093409
-0.093475
-0.0934897
-0.0935041
-0.0935184
-0.0935464
-0.0935464
-0.0935608
-0.0935761
-0.0936105
-0.0936702
-0.0936914
-0.0937346
-0.0937774
-0.0937992
-0.0938445
-0.0938675
-0.0938907
-0.0939885
-0.0940419
-0.0940419
-0.0940688
-0.0941212
-0.0941723
-0.0941723
-0.0942518
-0.0943933
-0.0944214
-0.0944214
-0.0945032
-0.0945305
-0.0945579
-0.094585
-0.0946397
-0.0947583
-0.0947889
-0.0948191
-0.0948779
-0.0949071
-0.0949367
-0.0949669
-0.0950293
-0.095062
-0.095166
-0.0952019
-0.0952378
-0.0952735
-0.0953453
-0.0953814
-0.0954178
-0.0954543
-0.0955288
-0.0956853
-0.0957662
-0.0958062
-0.0958455
-0.0958836
-0.0959578
-0.095994
-0.0960654
-0.096173
-0.0962086
-0.0962782
-0.0963121
-0.0963454
-0.0964111
-0.0964444
-0.0964783
-0.0966509
-0.0966843
-0.0967474
-0.0967474
-0.096777
-0.0968058
-0.0968625
-0.0969198
-0.0970393
-0.0970691
-0.097098
-0.0971531
-0.0971796
-0.0972055
-0.0972311
-0.0972566
-0.0972825
-0.097392
-0.0974202
-0.0974749
-0.0975259
-0.0975505
-0.097575
-0.0975991
-0.0976456
-0.0977338
-0.0977733
-0.0978074
-0.0978356
-0.0978584
-0.0978683
-0.0978778
-0.0978973
-0.0979297
