-0.101304
-0.101285
-0.101257
-0.101233
-0.10123
-0.101234
-0.101279
-0.101322
-0.101359
-0.101375
-0.101342
-0.101316
-0.101288
-0.101263
-0.101236
-0.101237
-0.101253
-0.101273
-0.101284
-0.101315
-0.101347
-0.101347
-0.101337
-0.101333
-0.101318
-0.101307
-0.10131
-0.101323
-0.101328
-0.101342
-0.101345
-0.101337
-0.101328
-0.101314
-0.101308
-0.101314
-0.101323
-0.101337
-0.101345
-0.101348
-0.101333
-0.101323
-0.101318
-0.101307
-0.101308
-0.101333
-0.101345
-0.101348
-0.101347
-0.101337
-0.101314
-0.101308
-0.101308
-0.101314
-0.101323
-0.101345
-0.101347
-0.101342
-0.101333
-0.101328
-0.101308
-0.10131
-0.101318
-0.101328
-0.101342
-0.101348
-0.101347
-0.101345
-0.101347
-0.101354
-0.101369
-0.101365
-0.101361
-0.101339
-0.101324
-0.10131
-0.101321
-0.101347
-0.101374
-0.101385
-0.101351
-0.101337
-0.101328
-0.101343
-0.101354
-0.101362
-0.101359
-0.101347
-0.101313
-0.101297
-0.101299
-0.101311
-0.10134
-0.101376
-0.101383
-0.101379
-0.101353
-0.101329
-0.10128
-0.101261
-0.101262
-0.101274
-0.101303
-0.101339
-0.101348
-0.101343
-0.101327
-0.101305
-0.101254
-0.101247
-0.10124
-0.101253
-0.101268
-0.101299
-0.101308
-0.101312
-0.101303
-0.101293
-0.101279
-0.101279
-0.10129
-0.101299
-0.101306
-0.101297
-0.101275
-0.101259
-0.101246
-0.101237
-0.101251
-0.101272
-0.101284
-0.101288
-0.10129
-0.101266
-0.101242
-0.101227
-0.101227
-0.101234
-0.101262
-0.101274
-0.101281
-0.101276
-0.101264
-0.101248
-0.101226
-0.101218
-0.101219
-0.101226
-0.101235
-0.101227
-0.101222
-0.101201
-0.101187
-0.101179
-0.101196
-0.10121
-0.101222
-0.101227
-0.101219
-0.101188
-0.101171
-0.101159
-0.101157
-0.101169
-0.101218
-0.101234
-0.10124
-0.101236
-0.10122
-0.101154
-0.10112
-0.101108
-0.101107
-0.101118
-0.101163
-0.101178
-0.101185
-0.101185
-0.101172
-0.101135
-0.101127
-0.101132
-0.101146
-0.101174
-0.101202
-0.101205
-0.101198
-0.101184
-0.101168
-0.101146
-0.101151
-0.101171
-0.101189
-0.101204
-0.101211
-0.101191
-0.101173
-0.101165
-0.101148
-0.101163
-0.10118
-0.101197
-0.101214
-0.101182
-0.101165
-0.101148
-0.101147
-0.101151
-0.101197
-0.10121
-0.101215
-0.101206
-0.101158
-0.101147
-0.101151
-0.101176
-0.101251
-0.101275
-0.101279
-0.10128
-0.10127
-0.101196
-0.101175
-0.101166
-0.101149
-0.101149
-0.10119
-0.101211
-0.101222
-0.101251
-0.101264
-0.101273
-0.101273
-0.101274
-0.101278
-0.101283
-0.101286
-0.101279
-0.10127
-0.101261
-0.101255
-0.101284
-0.1013
-0.10132
-0.101327
-0.101323
-0.101304
-0.101297
-0.101295
-0.101297
-0.101315
-0.101339
-0.101359
-0.101366
-0.101358
-0.101348
-0.101334
-0.101334
-0.101336
-0.101355
-0.101371
-0.101403
-0.101406
-0.101401
-0.101392
-0.101383
-0.101376
-0.10138
-0.101394
-0.101418
-0.101438
-0.101444
-0.101437
-0.101427
-0.101418
-0.101412
-0.101433
-0.101449
-0.101465
-0.101481
-0.101484
-0.101466
-0.101454
-0.101451
-0.101452
-0.101465
-0.101504
-0.101516
-0.101523
-0.101522
-0.101515
-0.101493
-0.10149
-0.101498
-0.101504
-0.10152
-0.101565
-0.101573
-0.101567
-0.101562
-0.101545
-0.101483
-0.101467
-0.10147
-0.101492
-0.101538
-0.101548
-0.101543
-0.101525
-0.101518
-0.101499
-0.101511
-0.101526
-0.101543
-0.101565
-0.101575
-0.101573
-0.10156
-0.101531
-0.101509
-0.101473
-0.101489
-0.101508
-0.101536
-0.101554
-0.101549
-0.101545
-0.10153
-0.101521
-0.10152
-0.10152
-0.101518
-0.101507
-0.101498
-0.101489
-0.101485
-0.101493
-0.101498
-0.101499
-0.101495
-0.101472
-0.101465
-0.101462
-0.10147
-0.101485
-0.101483
-0.101474
-0.10146
-0.101444
-0.101412
-0.101413
-0.101423
-0.101436
-0.10145
-0.101458
-0.101446
-0.101429
-0.101404
-0.101389
-0.101377
-0.101368
-0.101368
-0.101368
-0.101364
-0.101357
-0.101339
-0.101337
-0.101338
-0.101336
-0.101318
-0.101311
-0.101304
-0.101294
-0.101275
-0.10128
-0.101286
-0.101289
-0.101282
-0.101246
-0.101239
-0.101227
-0.101227
-0.101232
-0.101235
-0.101229
-0.101218
-0.101205
-0.101192
-0.101175
-0.101176
-0.10118
-0.101184
-0.101176
-0.101149
-0.101134
-0.101116
-0.101115
-0.101122
-0.101114
-0.101108
-0.101101
-0.10109
-0.101081
-0.101075
-0.10108
-0.101086
-0.101089
-0.101061
-0.101046
-0.101034
-0.101028
-0.101028
-0.101053
-0.101064
-0.101077
-0.101078
-0.101071
-0.101031
-0.101001
-0.100993
-0.100983
-0.100992
-0.101014
-0.101019
-0.101017
-0.101009
-0.100998
-0.100984
-0.100988
-0.100989
-0.100986
-0.100978
-0.100958
-0.100954
-0.100958
-0.100967
-0.100975
-0.100982
-0.100976
-0.100964
-0.100955
-0.100955
-0.100965
-0.100969
-0.10097
-0.100969
-0.100968
-0.100978
-0.100986
-0.100992
-0.100993
-0.100986
-0.100965
-0.100958
-0.100956
-0.100967
-0.100982
-0.101023
-0.101035
-0.101041
-0.101039
-0.101032
-0.101017
-0.101006
-0.101008
-0.101028
-0.101038
-0.101058
-0.101057
-0.101055
-0.10105
-0.101045
-0.101064
-0.101077
-0.101089
-0.101096
-0.101096
-0.101084
-0.101083
-0.101094
-0.10111
-0.101128
-0.101155
-0.101145
-0.101136
-0.101133
-0.101132
-0.101159
-0.101181
-0.101203
-0.101222
-0.101236
-0.10124
-0.101235
-0.101229
-0.101229
-0.101238
-0.101264
-0.10128
-0.101299
-0.101307
-0.101305
-0.101303
-0.10131
-0.101322
-0.101346
-0.10137
-0.101361
-0.101349
-0.101338
-0.101332
-0.101365
-0.101396
-0.101413
-0.101426
-0.101422
-0.101416
-0.101413
-0.101419
-0.101443
-0.101491
-0.101503
-0.101531
-0.10154
-0.101536
-0.101511
-0.101498
-0.101487
-0.101483
-0.101491
-0.101535
-0.101555
-0.101573
-0.101587
-0.101594
-0.101591
-0.101588
-0.101587
-0.101591
-0.1016
-0.101643
-0.101646
-0.101641
-0.101636
-0.101632
-0.101645
-0.101661
-0.101684
-0.101694
-0.101695
-0.10168
-0.101677
-0.101683
-0.101704
-0.101712
-0.101738
-0.101729
-0.101716
-0.101698
-0.101687
-0.101693
-0.101702
-0.101713
-0.101726
-0.101729
-0.101725
-0.101722
-0.101723
-0.101727
-0.101738
-0.101737
-0.101734
-0.101731
-0.101731
-0.101744
-0.101745
-0.101738
-0.101721
-0.101701
-0.101703
-0.10171
-0.101723
-0.101722
-0.101706
-0.101696
-0.101695
-0.101705
-0.101708
-0.101699
-0.101686
-0.101672
-0.101658
-0.101649
-0.101652
-0.10166
-0.101667
-0.10167
-0.101645
-0.101626
-0.101609
-0.101593
-0.101593
-0.101605
-0.101608
-0.101599
-0.101584
-0.101567
-0.101536
-0.101542
-0.10155
-0.101558
-0.101541
-0.101524
-0.101505
-0.101485
-0.101461
-0.101451
-0.101456
-0.101463
-0.101473
-0.101472
-0.101419
-0.101396
-0.101377
-0.101365
-0.101375
-0.101385
-0.101387
-0.101386
-0.101377
-0.101353
-0.101305
-0.10129
-0.101271
-0.101257
-0.10125
-0.101217
-0.101221
-0.101232
-0.101251
-0.101259
-0.101247
-0.101227
-0.101185
-0.10114
-0.101096
-0.101105
-0.101117
-0.101128
-0.101138
-0.101137
-0.101113
-0.101089
-0.101049
-0.100999
-0.101008
-0.101029
-0.101042
-0.101047
-0.101043
-0.101016
-0.100992
-0.100968
-0.100933
-0.100908
-0.100912
-0.100924
-0.100931
-0.100952
-0.100958
-0.100944
-0.100906
-0.100876
-0.100834
-0.100808
-0.100808
-0.100827
-0.100843
-0.100857
-0.100862
-0.100848
-0.10083
-0.100804
-0.100793
-0.100793
-0.100797
-0.100798
-0.100795
-0.100786
-0.100757
-0.100765
-0.100787
-0.100803
-0.100814
-0.100814
-0.100792
-0.10076
-0.100749
-0.100727
-0.100733
-0.100761
-0.100784
-0.100805
-0.100821
-0.10083
-0.100821
-0.100807
-0.100791
-0.100775
-0.100758
-0.100765
-0.100785
-0.100801
-0.100808
-0.100818
-0.100811
-0.100804
-0.100803
-0.100808
-0.100841
-0.100854
-0.100855
-0.100848
-0.100843
-0.100831
-0.100843
-0.100861
-0.100882
-0.100904
-0.100946
-0.100946
-0.100937
-0.100916
-0.100907
-0.100875
-0.100878
-0.100891
-0.100915
-0.100945
-0.101022
-0.101046
-0.101061
-0.101068
-0.101069
-0.10105
-0.101049
-0.101056
-0.10107
-0.101098
-0.101139
-0.101169
-0.101187
-0.1012
-0.101211
-0.101219
-0.101221
-0.101222
-0.101226
-0.101245
-0.10129
-0.101302
-0.10131
-0.101314
-0.101323
-0.101357
-0.101364
-0.101367
-0.101368
-0.101368
-0.101384
-0.101409
-0.101429
-0.10145
-0.101475
-0.101493
-0.101503
-0.101512
-0.101523
-0.101535
-0.101567
-0.10158
-0.10159
-0.101594
-0.101596
-0.101608
-0.10162
-0.101635
-0.10166
-0.101669
-0.101701
-0.101702
-0.101696
-0.101694
-0.101696
-0.101717
-0.101732
-0.10175
-0.101759
-0.101766
-0.1018
-0.101808
-0.101811
-0.10181
-0.101812
-0.101829
-0.101842
-0.101853
-0.101864
-0.10187
-0.101878
-0.101878
-0.101878
-0.101883
-0.101907
-0.101925
-0.101926
-0.10192
-0.101914
-0.101908
-0.101912
-0.101921
-0.10193
-0.101936
-0.101938
-0.101925
-0.10192
-0.101918
-0.101924
-0.101933
-0.101957
-0.101958
-0.10195
-0.101928
-0.101911
-0.101888
-0.101893
-0.101898
-0.101926
-0.101935
-0.101927
-0.10191
-0.101889
-0.10187
-0.101862
-0.101858
-0.101877
-0.101888
-0.101895
-0.101895
-0.101876
-0.101861
-0.101847
-0.101834
-0.101826
-0.101805
-0.101795
-0.101786
-0.101781
-0.101775
-0.10175
-0.101744
-0.101729
-0.101724
-0.101723
-0.101701
-0.101688
-0.10167
-0.10166
-0.101637
-0.101628
-0.101614
-0.101599
-0.101571
-0.101567
-0.101571
-0.101576
-0.101578
-0.101547
-0.101524
-0.101501
-0.10148
-0.101461
-0.101422
-0.101416
-0.101413
-0.101404
-0.101393
-0.101349
-0.101335
-0.101323
-0.101319
-0.101315
-0.101296
-0.101282
-0.101256
-0.101238
-0.101219
-0.101176
-0.101165
-0.10116
-0.10116
-0.101163
-0.101148
-0.101141
-0.101124
-0.101104
-0.101083
-0.101019
-0.101007
-0.100999
-0.100992
-0.100954
-0.100942
-0.100938
-0.100937
-0.100934
-0.10091
-0.100884
-0.100866
-0.100846
-0.100842
-0.100822
-0.100811
-0.100804
-0.100796
-0.100785
-0.100754
-0.100748
-0.100744
-0.10074
-0.100703
-0.100701
-0.100707
-0.100718
-0.100728
-0.100721
-0.100692
-0.100663
-0.100641
-0.100642
-0.10065
-0.100655
-0.100655
-0.100647
-0.100618
-0.100595
-0.100583
-0.100577
-0.100578
-0.10059
-0.100593
-0.100589
-0.100576
-0.100556
-0.100558
-0.100564
-0.100571
-0.100571
-0.100555
-0.100547
-0.100544
-0.100541
-0.10055
-0.100589
-0.100603
-0.100614
-0.100617
-0.100614
-0.100591
-0.100583
-0.10058
-0.100588
-0.100601
-0.100633
-0.100648
-0.10066
-0.100657
-0.100647
-0.10062
-0.100621
-0.100627
-0.100643
-0.100673
-0.100718
-0.100726
-0.100727
-0.100723
-0.100717
-0.100706
-0.10071
-0.100737
-0.100748
-0.100786
-0.100835
-0.10085
-0.100857
-0.100857
-0.100855
-0.100862
-0.100888
-0.100921
-0.100933
-0.100955
-0.100989
-0.100999
-0.101013
-0.101028
-0.101061
-0.101077
-0.101088
-0.1011
-0.101116
-0.101157
-0.101166
-0.101166
-0.101168
-0.101171
-0.101213
-0.101238
-0.10126
-0.101288
-0.101306
-0.101339
-0.101352
-0.10136
-0.101376
-0.101402
-0.101434
-0.101444
-0.101452
-0.101462
-0.101482
-0.101518
-0.101542
-0.101549
-0.101563
-0.101589
-0.10163
-0.101641
-0.101647
-0.101647
-0.101675
-0.101696
-0.101719
-0.101748
-0.101766
-0.101777
-0.101779
-0.10178
-0.101788
-0.101802
-0.101841
-0.101867
-0.101877
-0.101881
-0.101888
-0.101918
-0.101923
-0.101924
-0.101923
-0.101922
-0.101934
-0.101948
-0.101975
-0.101994
-0.10201
-0.102032
-0.102037
-0.102043
-0.102051
-0.102064
-0.102079
-0.102081
-0.102082
-0.102083
-0.102091
-0.102107
-0.102114
-0.102116
-0.102116
-0.102117
-0.102129
-0.102142
-0.102148
-0.10215
-0.102143
-0.102124
-0.102122
-0.102124
-0.102134
-0.102141
-0.102145
-0.102142
-0.102137
-0.102132
-0.10213
-0.102122
-0.102118
-0.102099
-0.102086
-0.102077
-0.102094
-0.102107
-0.10212
-0.102118
-0.102105
-0.102061
-0.102038
-0.102015
-0.102012
-0.102019
-0.102055
-0.102058
-0.10205
-0.102042
-0.102021
-0.101935
-0.101923
-0.101905
-0.101896
-0.101903
-0.101935
-0.101943
-0.101943
-0.101931
-0.101922
-0.10183
-0.101794
-0.101759
-0.101727
-0.101703
-0.1017
-0.101716
-0.101731
-0.101745
-0.101742
-0.101704
-0.101672
-0.101637
-0.101583
-0.101535
-0.101486
-0.101476
-0.101467
-0.101457
-0.101445
-0.101399
-0.101379
-0.101363
-0.101349
-0.101335
-0.101296
-0.101273
-0.101259
-0.101243
-0.101223
-0.101176
-0.101163
-0.101148
-0.101142
-0.101111
-0.101071
-0.101056
-0.101046
-0.101035
-0.101021
-0.10096
-0.100941
-0.100934
-0.100916
-0.100907
-0.100873
-0.100858
-0.100845
-0.100826
-0.100814
-0.100777
-0.100759
-0.10074
-0.100722
-0.100706
-0.100671
-0.100667
-0.100659
-0.100657
-0.100654
-0.100625
-0.100609
-0.100588
-0.100577
-0.100565
-0.100521
-0.100514
-0.100513
-0.100514
-0.100514
-0.100493
-0.100478
-0.100459
-0.100451
-0.100445
-0.100429
-0.100425
-0.100425
-0.100425
-0.100425
-0.100421
-0.100401
-0.100387
-0.100371
-0.100365
-0.100365
-0.100395
-0.100409
-0.100418
-0.100419
-0.100404
-0.100364
-0.100355
-0.100356
-0.100372
-0.100386
-0.10041
-0.10041
-0.100404
-0.100393
-0.100374
-0.100351
-0.100353
-0.100371
-0.100401
-0.100412
-0.100455
-0.100467
-0.100468
-0.100452
-0.100436
-0.100404
-0.100405
-0.100417
-0.100447
-0.100471
-0.100532
-0.100543
-0.100567
-0.100573
-0.100574
-0.100571
-0.100577
-0.100601
-0.100624
-0.10065
-0.100696
-0.100716
-0.100721
-0.100723
-0.100727
-0.100771
-0.100781
-0.100802
-0.10082
-0.100843
-0.100875
-0.100891
-0.100909
-0.10092
-0.100931
-0.100986
-0.100997
-0.101018
-0.101036
-0.10106
-0.101113
-0.101124
-0.101156
-0.101175
-0.101192
-0.101229
-0.101237
-0.10124
-0.101243
-0.101256
-0.101297
-0.101323
-0.101362
-0.101395
-0.101413
-0.101462
-0.101481
-0.10149
-0.101509
-0.101531
-0.10159
-0.101597
-0.101611
-0.101619
-0.101638
-0.10168
-0.101712
-0.101731
-0.101755
-0.101762
-0.101803
-0.101831
-0.101847
-0.101854
-0.101869
-0.101913
-0.10193
-0.101943
-0.101952
-0.101959
-0.101976
-0.101999
-0.102025
-0.102043
-0.102062
-0.102087
-0.102107
-0.102118
-0.102131
-0.102138
-0.102151
-0.102169
-0.102184
-0.102189
-0.102195
-0.102202
-0.102236
-0.102244
-0.102247
-0.102247
-0.102272
-0.102289
-0.102294
-0.102295
-0.102294
-0.102308
-0.10232
-0.102326
-0.102337
-0.10234
-0.10232
-0.102315
-0.102316
-0.102326
-0.102346
-0.102364
-0.102356
-0.102342
-0.102325
-0.102309
-0.102303
-0.102317
-0.10234
-0.10236
-0.102359
-0.102343
-0.102313
-0.102279
-0.102279
-0.102242
-0.102246
-0.102279
-0.102288
-0.1023
-0.102305
-0.102283
-0.102262
-0.102239
-0.102217
-0.102186
-0.10214
-0.102128
-0.102128
-0.10213
-0.102133
-0.102133
-0.102097
-0.102071
-0.102044
-0.10202
-0.101981
-0.101954
-0.101937
-0.101913
-0.101896
-0.101879
-0.10184
-0.101831
-0.101824
-0.101816
-0.101803
-0.101762
-0.101732
-0.101707
-0.10169
-0.101672
-0.101595
-0.101587
-0.101568
-0.10156
-0.101542
-0.101516
-0.101496
-0.101474
-0.101442
-0.101424
-0.101358
-0.101325
-0.101308
-0.101296
-0.101287
-0.101252
-0.101234
-0.101214
-0.10118
-0.101156
-0.1011
-0.101085
-0.101069
-0.101057
-0.101032
-0.100989
-0.10097
-0.100953
-0.100935
-0.100904
-0.100843
-0.100825
-0.100818
-0.100803
-0.100777
-0.100723
-0.100696
-0.100678
-0.100665
-0.100642
-0.100625
-0.100596
-0.100576
-0.100547
-0.100525
-0.100513
-0.10051
-0.100508
-0.100498
-0.100476
-0.100447
-0.100428
-0.10041
-0.100382
-0.100348
-0.100337
-0.100332
-0.100329
-0.10032
-0.100296
-0.100281
-0.100262
-0.100254
-0.100249
-0.10024
-0.100235
-0.100219
-0.100199
-0.10019
-0.100192
-0.100197
-0.100198
-0.100194
-0.100184
-0.100164
-0.100168
-0.100174
-0.10017
-0.100164
-0.100162
-0.10016
-0.100161
-0.100185
-0.100184
-0.100176
-0.100163
-0.100173
-0.100189
-0.100215
-0.100232
-0.100234
-0.100228
-0.10022
-0.100222
-0.100225
-0.100235
-0.100273
-0.100287
-0.100291
-0.100294
-0.100299
-0.100316
-0.100342
-0.100361
-0.100378
-0.100395
-0.100415
-0.100431
-0.100444
-0.100466
-0.100483
-0.1005
-0.100533
-0.100542
-0.100551
-0.100566
-0.10058
-0.10063
-0.100662
-0.10068
-0.1007
-0.100714
-0.100746
-0.100746
-0.100771
-0.1008
-0.100821
-0.10088
-0.100901
-0.100918
-0.100932
-0.100946
-0.100997
-0.101036
-0.10106
-0.101079
-0.101104
-0.10114
-0.101157
-0.101172
-0.1012
-0.101235
-0.101293
-0.101321
-0.101346
-0.101366
-0.101385
-0.10144
-0.101455
-0.101474
-0.10149
-0.101547
-0.101573
-0.101618
-0.101641
-0.101671
-0.101681
-0.10169
-0.101701
-0.101725
-0.101761
-0.1018
-0.101823
-0.101843
-0.101861
-0.101924
-0.101946
-0.101965
-0.101981
-0.101997
-0.10205
-0.102065
-0.10208
-0.10208
-0.102093
-0.102148
-0.102175
-0.102202
-0.102224
-0.102247
-0.102258
-0.102271
-0.102282
-0.102294
-0.102326
-0.102356
-0.102369
-0.102373
-0.102374
-0.102378
-0.10241
-0.102429
-0.102446
-0.10246
-0.102463
-0.102472
-0.102485
-0.102488
-0.102497
-0.102505
-0.102513
-0.102514
-0.102514
-0.102517
-0.10252
-0.102548
-0.102554
-0.102555
-0.102551
-0.102538
-0.102533
-0.102534
-0.102534
-0.10253
-0.102522
-0.102509
-0.102503
-0.10251
-0.102519
-0.102534
-0.102538
-0.102522
-0.102506
-0.102477
-0.102437
-0.102435
-0.102446
-0.102457
-0.102466
-0.102455
-0.102437
-0.102414
-0.102377
-0.102366
-0.102314
-0.102294
-0.102276
-0.102252
-0.102245
-0.102207
-0.102194
-0.10218
-0.102143
-0.10209
-0.102089
-0.102097
-0.102119
-0.102132
-0.102136
-0.102118
-0.102088
-0.102052
-0.102011
-0.101913
-0.101863
-0.101849
-0.101824
-0.10179
-0.101736
-0.101719
-0.101702
-0.101685
-0.101663
-0.101598
-0.101573
-0.101553
-0.101535
-0.101495
-0.10146
-0.101427
-0.101417
-0.101389
-0.101355
-0.10129
-0.101263
-0.101227
-0.101206
-0.101187
-0.101146
-0.101122
-0.101097
-0.10107
-0.101041
-0.100961
-0.100953
-0.100941
-0.100925
-0.100901
-0.10085
-0.100818
-0.100802
-0.100759
-0.100734
-0.100671
-0.100657
-0.100644
-0.100638
-0.100595
-0.100558
-0.100523
-0.100499
-0.100471
-0.100462
-0.100454
-0.100437
-0.100406
-0.100354
-0.100329
-0.10031
-0.100288
-0.100274
-0.100265
-0.100251
-0.100231
-0.100195
-0.100159
-0.10015
-0.100148
-0.100147
-0.100138
-0.100109
-0.100093
-0.100077
-0.100061
-0.100046
-0.100026
-0.10003
-0.100031
-0.100028
-0.0999972
-0.0999943
-0.0999925
-0.0999866
-0.0999812
-0.0999672
-0.0999656
-0.0999703
-0.0999783
-0.0999853
-0.099972
-0.0999692
-0.0999676
-0.0999723
-0.0999803
-0.0999852
-0.0999777
-0.0999712
-0.0999696
-0.0999809
-0.100009
-0.100023
-0.100027
-0.100032
-0.100038
-0.100064
-0.100076
-0.100087
-0.100102
-0.100111
-0.100134
-0.100156
-0.10017
-0.100178
-0.100202
-0.100225
-0.100239
-0.10025
-0.100272
-0.10028
-0.100323
-0.100338
-0.100359
-0.100384
-0.100393
-0.100443
-0.100462
-0.100478
-0.100502
-0.100523
-0.100574
-0.100595
-0.100618
-0.100633
-0.100657
-0.100683
-0.100716
-0.100743
-0.100774
-0.100834
-0.100876
-0.100899
-0.100916
-0.100928
-0.100938
-0.100986
-0.101014
-0.101045
-0.10109
-0.101119
-0.101178
-0.101214
-0.101239
-0.101252
-0.101266
-0.101306
-0.101335
-0.101384
-0.101419
-0.101453
-0.101527
-0.101549
-0.101566
-0.101584
-0.101617
-0.101673
-0.101712
-0.101733
-0.10176
-0.101829
-0.101848
-0.101867
-0.101886
-0.101897
-0.101942
-0.101975
-0.101995
-0.102014
-0.102035
-0.10206
-0.102144
-0.102155
-0.102174
-0.102192
-0.102218
-0.102268
-0.102289
-0.102319
-0.102341
-0.102376
-0.102412
-0.10242
-0.102421
-0.102426
-0.102434
-0.102481
-0.102504
-0.102525
-0.102557
-0.102568
-0.102595
-0.102593
-0.102587
-0.102582
-0.102586
-0.102633
-0.102665
-0.102682
-0.102691
-0.102691
-0.102676
-0.102677
-0.102685
-0.102699
-0.102716
-0.102751
-0.102754
-0.102748
-0.102731
-0.102716
-0.102717
-0.102727
-0.102741
-0.102761
-0.102767
-0.102742
-0.102722
-0.102703
-0.102687
-0.102681
-0.102706
-0.102712
-0.102722
-0.102724
-0.102708
-0.102633
-0.102609
-0.1026
-0.102581
-0.102577
-0.102577
-0.102575
-0.102568
-0.102556
-0.102527
-0.102466
-0.102442
-0.102422
-0.102414
-0.102397
-0.102351
-0.102329
-0.102309
-0.102293
-0.102277
-0.102233
-0.10221
-0.102194
-0.102174
-0.102151
-0.102085
-0.102052
-0.102036
-0.102023
-0.102008
-0.101953
-0.101927
-0.101903
-0.101865
-0.101852
-0.101778
-0.101751
-0.101716
-0.101685
-0.101662
-0.101627
-0.101589
-0.101564
-0.101515
-0.101491
-0.101454
-0.101413
-0.101384
-0.101355
-0.101314
-0.101256
-0.101228
-0.101202
-0.101181
-0.101149
-0.101084
-0.101055
-0.10104
-0.100999
-0.100957
-0.100901
-0.100876
-0.100852
-0.100818
-0.100792
-0.100738
-0.100698
-0.100674
-0.100652
-0.100617
-0.100562
-0.100534
-0.100509
-0.100476
-0.100455
-0.100402
-0.100384
-0.100368
-0.100354
-0.100321
-0.100287
-0.100261
-0.100223
-0.100201
-0.100182
-0.100146
-0.100119
-0.100104
-0.100089
-0.100064
-0.100021
-0.100001
-0.0999782
-0.0999684
-0.0999617
-0.0999336
-0.0999085
-0.0999014
-0.0998891
-0.0998779
-0.0998604
-0.0998531
-0.0998346
-0.0998194
-0.0998061
-0.0997922
-0.099797
-0.099805
-0.0998138
-0.0998125
-0.0997768
-0.0997711
-0.0997615
-0.099763
-0.099768
-0.0997761
-0.0997749
-0.099768
-0.0997641
-0.0997636
-0.0997726
-0.0997955
-0.0998064
-0.0998138
-0.0998158
-0.0998133
-0.099803
-0.0998051
-0.0998137
-0.0998289
-0.0998491
-0.0999067
-0.099912
-0.0999176
-0.0999201
-0.0999237
-0.0999667
-0.0999869
-0.100007
-0.100039
-0.10006
-0.100106
-0.100116
-0.100122
-0.100126
-0.100133
-0.100175
-0.100202
-0.100229
-0.100253
-0.100287
-0.100335
-0.100357
-0.100385
-0.100403
-0.100446
-0.10048
-0.100516
-0.100541
-0.100553
-0.10058
-0.100606
-0.100664
-0.100694
-0.100725
-0.100771
-0.100803
-0.100864
-0.100888
-0.100917
-0.100938
-0.100962
-0.101041
-0.101069
-0.101093
-0.101116
-0.101155
-0.101221
-0.101253
-0.101282
-0.10131
-0.101353
-0.101414
-0.101461
-0.101491
-0.10152
-0.101547
-0.101606
-0.101651
-0.101666
-0.101695
-0.101723
-0.101807
-0.10183
-0.101856
-0.101875
-0.10191
-0.101959
-0.101994
-0.102028
-0.102058
-0.102098
-0.102167
-0.102193
-0.102218
-0.102242
-0.102266
-0.102325
-0.102346
-0.102365
-0.102386
-0.102409
-0.102483
-0.102503
-0.102519
-0.102529
-0.102538
-0.102564
-0.102579
-0.102597
-0.102625
-0.102647
-0.102706
-0.102716
-0.102735
-0.102758
-0.102778
-0.102803
-0.102809
-0.10281
-0.102806
-0.102805
-0.102807
-0.102829
-0.102865
-0.102891
-0.102914
-0.102933
-0.102926
-0.102913
-0.102897
-0.102878
-0.102876
-0.102882
-0.102907
-0.102928
-0.102957
-0.102983
-0.102985
-0.102977
-0.102972
-0.102942
-0.102917
-0.102905
-0.102896
-0.102893
-0.10289
-0.102866
-0.102849
-0.10284
-0.102814
-0.102801
-0.102776
-0.102766
-0.102751
-0.102733
-0.102726
-0.102687
-0.102674
-0.102659
-0.102639
-0.102622
-0.10259
-0.102568
-0.102548
-0.10252
-0.1025
-0.102444
-0.102422
-0.102413
-0.102386
-0.102367
-0.10231
-0.102274
-0.102235
-0.102208
-0.102168
-0.102131
-0.102111
-0.102092
-0.102059
-0.102031
-0.101949
-0.101919
-0.101894
-0.101875
-0.101857
-0.101775
-0.101742
-0.10171
-0.101681
-0.1016
-0.101564
-0.101543
-0.101511
-0.101474
-0.101434
-0.10142
-0.101381
-0.101357
-0.101329
-0.101212
-0.10117
-0.101131
-0.101098
-0.101068
-0.101016
-0.100978
-0.100952
-0.100909
-0.100877
-0.100829
-0.100786
-0.100763
-0.100729
-0.100704
-0.100642
-0.100607
-0.100572
-0.10054
-0.100474
-0.100413
-0.100388
-0.100379
-0.100349
-0.100331
-0.100276
-0.100243
-0.10021
-0.100179
-0.100135
-0.100085
-0.100069
-0.100053
-0.100044
-0.100032
-0.0999691
-0.0999429
-0.0999178
-0.0998863
-0.0998686
-0.099832
-0.099823
-0.0997991
-0.099777
-0.0997554
-0.0997316
-0.0997142
-0.0996997
-0.0996891
-0.0996807
-0.099647
-0.0996341
-0.0996263
-0.0996247
-0.0996262
-0.0996169
-0.0996035
-0.0995882
-0.0995697
-0.0995659
-0.0995704
-0.0995729
-0.0995723
-0.0995708
-0.0995706
-0.0995725
-0.0995735
-0.0995727
-0.0995721
-0.0995748
-0.0995861
-0.0996035
-0.0996137
-0.0996162
-0.0996165
-0.0996167
-0.0996322
-0.0996466
-0.0996633
-0.0996881
-0.0997045
-0.0997472
-0.0997606
-0.0997677
-0.0997697
-0.0997705
-0.0997934
-0.0998122
-0.0998336
-0.099868
-0.0998922
-0.0999522
-0.0999701
-0.0999826
-0.1
-0.100043
-0.100077
-0.100102
-0.100114
-0.100155
-0.100214
-0.100251
-0.100269
-0.100286
-0.100306
-0.100401
-0.100428
-0.100466
-0.100477
-0.100538
-0.100561
-0.100589
-0.100616
-0.100638
-0.100696
-0.100748
-0.10078
-0.100812
-0.100843
-0.10093
-0.100979
-0.101008
-0.101034
-0.101059
-0.101115
-0.101149
-0.101185
-0.101223
-0.101276
-0.101356
-0.101387
-0.101417
-0.101446
-0.101478
-0.101581
-0.101609
-0.101635
-0.101674
-0.101689
-0.101778
-0.101829
-0.101856
-0.101878
-0.101898
-0.101968
-0.102001
-0.102035
-0.102067
-0.102113
-0.10218
-0.102231
-0.10227
-0.102289
-0.102351
-0.102374
-0.102398
-0.102435
-0.10246
-0.102507
-0.102528
-0.10256
-0.102571
-0.102597
-0.102676
-0.1027
-0.10271
-0.10272
-0.102744
-0.102798
-0.102841
-0.102866
-0.102896
-0.102925
-0.102921
-0.102909
-0.102905
-0.1029
-0.102906
-0.102944
-0.102971
-0.102999
-0.103027
-0.103061
-0.103083
-0.103085
-0.103082
-0.103079
-0.103078
-0.103099
-0.103115
-0.103133
-0.103148
-0.103165
-0.103161
-0.10314
-0.103122
-0.103104
-0.10309
-0.103093
-0.103106
-0.103118
-0.103127
-0.103125
-0.103071
-0.103056
-0.10305
-0.103043
-0.103047
-0.103068
-0.103074
-0.103075
-0.103068
-0.103051
-0.102962
-0.102927
-0.102897
-0.102866
-0.102854
-0.102827
-0.1028
-0.102779
-0.102757
-0.102723
-0.102673
-0.102663
-0.102644
-0.102622
-0.102597
-0.102517
-0.102487
-0.102478
-0.10246
-0.10244
-0.102361
-0.102334
-0.102307
-0.102261
-0.102228
-0.102166
-0.102137
-0.102097
-0.102053
-0.102021
-0.101952
-0.101901
-0.101871
-0.101844
-0.101819
-0.101769
-0.101727
-0.101696
-0.101662
-0.101626
-0.101524
-0.101485
-0.101451
-0.101407
-0.101377
-0.101302
-0.10127
-0.101222
-0.101171
-0.101085
-0.101058
-0.101036
-0.101015
-0.100978
-0.1009
-0.100863
-0.100809
-0.100775
-0.100742
-0.100664
-0.100636
-0.100608
-0.100578
-0.100545
-0.100455
-0.100421
-0.100391
-0.100348
-0.100319
-0.100241
-0.100212
-0.100187
-0.100163
-0.100126
-0.100066
-0.100021
-0.0999971
-0.0999722
-0.0999474
-0.0999145
-0.0998904
-0.0998535
-0.0998406
-0.0998144
-0.0997533
-0.099733
-0.0997066
-0.0996882
-0.0996667
-0.0995977
-0.0995817
-0.0995713
-0.0995707
-0.0995538
-0.0995146
-0.0994925
-0.0994665
-0.0994579
-0.0994518
-0.0994435
-0.0994264
-0.0994032
-0.0993838
-0.099394
-0.0994016
-0.099403
-0.0993815
-0.0993687
-0.0993654
-0.0993642
-0.0993625
-0.0993684
-0.0993722
-0.0993803
-0.0993855
-0.0993813
-0.0993656
-0.0993675
-0.0993769
-0.0993909
-0.0994158
-0.0994442
-0.0994531
-0.0994539
-0.0994541
-0.0994544
-0.0994766
-0.0994927
-0.0995235
-0.0995356
-0.0995722
-0.0996135
-0.099641
-0.099659
-0.0996699
-0.0997006
-0.0997226
-0.0997543
-0.099772
-0.0998
-0.0998457
-0.0998677
-0.0998876
-0.0999075
-0.0999422
-0.100012
-0.100038
-0.100075
-0.100101
-0.10014
-0.100195
-0.100225
-0.10024
-0.100272
-0.100324
-0.10041
-0.100426
-0.100466
-0.10049
-0.100529
-0.100595
-0.100631
-0.100666
-0.1007
-0.100754
-0.100847
-0.100866
-0.100903
-0.100956
-0.10099
-0.101071
-0.10112
-0.101164
-0.101178
-0.101236
-0.101301
-0.101318
-0.101368
-0.101403
-0.101441
-0.101545
-0.101583
-0.101615
-0.101654
-0.101681
-0.101767
-0.101804
-0.101839
-0.101906
-0.101996
-0.102034
-0.102064
-0.102096
-0.102147
-0.102175
-0.10222
-0.102235
-0.102268
-0.102368
-0.102411
-0.102437
-0.102464
-0.102492
-0.102556
-0.102585
-0.102612
-0.102652
-0.10268
-0.10274
-0.102783
-0.102807
-0.102826
-0.102844
-0.102917
-0.102932
-0.102961
-0.102988
-0.103025
-0.10308
-0.103089
-0.103093
-0.103097
-0.103106
-0.103161
-0.103189
-0.103231
-0.103239
-0.103225
-0.103204
-0.103193
-0.103188
-0.103199
-0.103243
-0.103279
-0.10329
-0.1033
-0.103321
-0.10332
-0.103307
-0.103294
-0.103288
-0.103289
-0.103313
-0.103324
-0.103334
-0.10334
-0.103336
-0.103315
-0.103304
-0.103295
-0.103283
-0.103273
-0.103246
-0.103236
-0.103227
-0.103212
-0.103201
-0.103168
-0.103145
-0.103133
-0.103122
-0.103108
-0.103045
-0.103036
-0.103007
-0.103
-0.102927
-0.102894
-0.10287
-0.102856
-0.102832
-0.102809
-0.102791
-0.102757
-0.102675
-0.102639
-0.102617
-0.102606
-0.102593
-0.102554
-0.102526
-0.102494
-0.102457
-0.102397
-0.102314
-0.102275
-0.102241
-0.102211
-0.102182
-0.102104
-0.102069
-0.101992
-0.101951
-0.10191
-0.101852
-0.101804
-0.101778
-0.101754
-0.101713
-0.101622
-0.101584
-0.101548
-0.101494
-0.101456
-0.101349
-0.10132
-0.101292
-0.101246
-0.101209
-0.101143
-0.101097
-0.10103
-0.100989
-0.100864
-0.10082
-0.100794
-0.10077
-0.100746
-0.100674
-0.100659
-0.100615
-0.100585
-0.100569
-0.100429
-0.100362
-0.100324
-0.100293
-0.100268
-0.100206
-0.100176
-0.100144
-0.10011
-0.100057
-0.0999731
-0.0999456
-0.0999203
-0.0999079
-0.0998665
-0.0997842
-0.0997562
-0.0997208
-0.0996977
-0.099659
-0.0996053
-0.099583
-0.0995655
-0.0995489
-0.0995195
-0.0994704
-0.0994345
-0.0994155
-0.0994012
-0.0993879
-0.0993433
-0.0993227
-0.0992983
-0.0992865
-0.0992811
-0.0992443
-0.0992386
-0.0992272
-0.0992225
-0.0991988
-0.0991931
-0.0991904
-0.0991895
-0.099185
-0.0991678
-0.0991641
-0.0991609
-0.099167
-0.0991734
-0.0991714
-0.0991657
-0.0991645
-0.0991713
-0.0991825
-0.0992135
-0.0992289
-0.0992389
-0.0992383
-0.0992246
-0.0992094
-0.0992097
-0.0992342
-0.0992685
-0.0992953
-0.099336
-0.0993579
-0.0993758
-0.0993927
-0.0994204
-0.0994418
-0.0994873
-0.099524
-0.0995397
-0.0995658
-0.0996058
-0.0996361
-0.099656
-0.0996769
-0.099699
-0.0997513
-0.0997978
-0.0998282
-0.0998567
-0.0998977
-0.099956
-0.0999858
-0.100031
-0.100062
-0.100095
-0.100171
-0.100214
-0.100243
-0.10029
-0.100323
-0.100387
-0.100416
-0.100444
-0.100476
-0.100554
-0.100641
-0.100662
-0.100681
-0.100747
-0.100781
-0.100893
-0.100911
-0.100945
-0.100978
-0.101012
-0.101127
-0.101169
-0.101212
-0.101254
-0.101295
-0.101422
-0.101482
-0.101535
-0.10158
-0.10164
-0.10168
-0.101703
-0.101729
-0.101776
-0.10185
-0.101888
-0.101942
-0.101977
-0.10203
-0.102112
-0.102192
-0.102238
-0.102262
-0.102332
-0.102366
-0.102399
-0.102431
-0.102462
-0.102565
-0.102595
-0.102636
-0.102649
-0.102676
-0.102752
-0.102784
-0.102815
-0.102876
-0.102919
-0.102961
-0.103001
-0.103024
-0.103035
-0.103058
-0.103143
-0.103166
-0.103185
-0.103201
-0.103227
-0.103288
-0.103313
-0.103324
-0.103341
-0.103352
-0.103377
-0.103396
-0.103411
-0.103426
-0.103434
-0.103484
-0.103496
-0.1035
-0.103498
-0.103493
-0.103508
-0.10352
-0.103531
-0.103538
-0.103536
-0.103525
-0.103525
-0.103532
-0.103541
-0.103553
-0.103546
-0.103527
-0.103512
-0.103498
-0.103488
-0.103469
-0.103458
-0.103446
-0.103442
-0.103421
-0.103389
-0.103374
-0.10336
-0.103336
-0.103306
-0.103278
-0.103262
-0.103241
-0.103214
-0.103191
-0.103144
-0.103121
-0.103111
-0.103079
-0.10298
-0.102946
-0.102915
-0.102894
-0.102851
-0.102821
-0.102811
-0.102787
-0.102747
-0.102689
-0.102646
-0.102616
-0.102585
-0.102533
-0.102439
-0.102403
-0.102385
-0.102351
-0.102296
-0.102214
-0.102156
-0.102122
-0.102089
-0.102054
-0.101929
-0.10187
-0.101837
-0.101795
-0.101706
-0.101675
-0.101616
-0.101586
-0.101509
-0.101466
-0.101437
-0.101421
-0.101385
-0.101322
-0.101231
-0.101186
-0.101141
-0.101097
-0.101029
-0.100935
-0.100913
-0.100851
-0.100813
-0.100753
-0.100647
-0.100605
-0.100584
-0.100546
-0.100488
-0.100404
-0.10036
-0.100298
-0.10026
-0.100223
-0.100129
-0.100094
-0.10006
-0.100044
-0.0999792
-0.0999131
-0.099881
-0.0998358
-0.0998203
-0.0997867
-0.0996747
-0.0996262
-0.0995917
-0.0995735
-0.0995193
-0.0994856
-0.0994648
-0.099454
-0.0994059
-0.0993586
-0.0993337
-0.099297
-0.0992731
-0.0992611
-0.0992162
-0.09919
-0.099171
-0.0991588
-0.0991349
-0.0991065
-0.0990904
-0.0990771
-0.0990577
-0.0990432
-0.0990333
-0.0990279
-0.0990134
-0.0990005
-0.0989876
-0.0989703
-0.0989717
-0.0989733
-0.098977
-0.0989786
-0.0989649
-0.0989597
-0.0989589
-0.0989635
-0.0989713
-0.0989954
-0.0990033
-0.099008
-0.0990136
-0.0990197
-0.0990519
-0.0990671
-0.099074
-0.0990851
-0.0990945
-0.0991191
-0.0991389
-0.0991622
-0.0991995
-0.0992236
-0.0992607
-0.0992756
-0.0992974
-0.0993174
-0.0993435
-0.0994226
-0.0994521
-0.0994747
-0.0994911
-0.099513
-0.0995585
-0.099608
-0.0996254
-0.09968
-0.0997369
-0.0997893
-0.0998437
-0.0998661
-0.0999025
-0.0999315
-0.100035
-0.100079
-0.100103
-0.100123
-0.100157
-0.100202
-0.100238
-0.100278
-0.100348
-0.100399
-0.100516
-0.100575
-0.100626
-0.100658
-0.100777
-0.100792
-0.100818
-0.100863
-0.100876
-0.10096
-0.101001
-0.101068
-0.101115
-0.101183
-0.101251
-0.101321
-0.101368
-0.101414
-0.101482
-0.101591
-0.101612
-0.101656
-0.1017
-0.101769
-0.101817
-0.101916
-0.101963
-0.102007
-0.102071
-0.102114
-0.102197
-0.102235
-0.102289
-0.102323
-0.102358
-0.10246
-0.102502
-0.102522
-0.102583
-0.102638
-0.102713
-0.10277
-0.102788
-0.102842
-0.102878
-0.102977
-0.103004
-0.103027
-0.10307
-0.103127
-0.103158
-0.103198
-0.103219
-0.103269
-0.103297
-0.103324
-0.103351
-0.10339
-0.103439
-0.103454
-0.103467
-0.103473
-0.103493
-0.103548
-0.103574
-0.103595
-0.103611
-0.103622
-0.103638
-0.103651
-0.103667
-0.103685
-0.103711
-0.103726
-0.103716
-0.103711
-0.103701
-0.103696
-0.103733
-0.103747
-0.103747
-0.103754
-0.103747
-0.103695
-0.103694
-0.103701
-0.103712
-0.103724
-0.103742
-0.103743
-0.103734
-0.103705
-0.103678
-0.103594
-0.103575
-0.103568
-0.103554
-0.10353
-0.103471
-0.103448
-0.103431
-0.10342
-0.103407
-0.103373
-0.103348
-0.10332
-0.103292
-0.103262
-0.103171
-0.103127
-0.103098
-0.103051
-0.102964
-0.102935
-0.102917
-0.102904
-0.102871
-0.102842
-0.10279
-0.102751
-0.102712
-0.102591
-0.102534
-0.102516
-0.102447
-0.102345
-0.102296
-0.102277
-0.102248
-0.102221
-0.102147
-0.102081
-0.102037
-0.101974
-0.101953
-0.10187
-0.101827
-0.101762
-0.101716
-0.101668
-0.101548
-0.101506
-0.101466
-0.101407
-0.101364
-0.101273
-0.101231
-0.101191
-0.10111
-0.101064
-0.100942
-0.100918
-0.100874
-0.100792
-0.100664
-0.100624
-0.100588
-0.100537
-0.100486
-0.100433
-0.100378
-0.100343
-0.100325
-0.100269
-0.100162
-0.100119
-0.100078
-0.10004
-0.0999796
-0.0998901
-0.0998477
-0.0998093
-0.0997738
-0.0997213
-0.0996448
-0.0996092
-0.0995628
-0.0995326
-0.0994834
-0.0994137
-0.0993806
-0.0993515
-0.0993266
-0.0992913
-0.0992405
-0.0992145
-0.0991751
-0.0991615
-0.0991341
-0.0990715
-0.099051
-0.099023
-0.0990014
-0.0989775
-0.0989246
-0.098914
-0.0989097
-0.0989063
-0.0989008
-0.0988725
-0.0988516
-0.0988207
-0.0987972
-0.0987909
-0.098796
-0.098801
-0.0988008
-0.0987929
-0.0987604
-0.0987499
-0.0987522
-0.0987683
-0.0987826
-0.0988005
-0.0987943
-0.0987851
-0.0987745
-0.0987748
-0.0987998
-0.0988296
-0.0988572
-0.0988707
-0.0989031
-0.09891
-0.0989246
-0.0989481
-0.0989653
-0.0990147
-0.0990336
-0.0990494
-0.0990642
-0.0990806
-0.0991131
-0.0991531
-0.0991972
-0.0991972
-0.0992417
-0.0992884
-0.0993705
-0.0994161
-0.0994434
-0.0994829
-0.0995662
-0.0995904
-0.0996214
-0.0996414
-0.0996635
-0.0997219
-0.0997574
-0.0997942
-0.0998522
-0.0998938
-0.0999791
-0.10004
-0.100076
-0.100111
-0.100164
-0.100247
-0.100317
-0.100365
-0.100437
-0.100566
-0.100607
-0.100636
-0.100656
-0.100681
-0.100753
-0.100797
-0.100842
-0.100889
-0.100937
-0.101096
-0.101176
-0.101224
-0.101285
-0.101359
-0.101398
-0.101457
-0.101497
-0.101561
-0.101652
-0.101676
-0.101769
-0.101793
-0.101862
-0.101974
-0.102013
-0.102051
-0.102089
-0.10213
-0.102225
-0.102275
-0.102347
-0.10239
-0.102454
-0.102538
-0.102604
-0.102626
-0.10267
-0.102713
-0.102845
-0.102907
-0.102954
-0.102977
-0.103033
-0.103068
-0.103096
-0.103128
-0.103146
-0.103257
-0.103289
-0.103305
-0.103339
-0.103392
-0.103461
-0.103502
-0.103521
-0.103537
-0.103553
-0.103616
-0.103663
-0.103691
-0.103715
-0.103726
-0.103785
-0.103798
-0.103807
-0.103811
-0.103814
-0.103861
-0.10389
-0.103902
-0.103905
-0.103895
-0.103875
-0.103871
-0.103871
-0.103882
-0.103905
-0.103944
-0.103954
-0.103956
-0.103951
-0.103942
-0.103908
-0.1039
-0.103894
-0.103889
-0.103883
-0.103873
-0.103843
-0.103822
-0.103803
-0.103796
-0.103754
-0.103741
-0.103722
-0.103707
-0.103688
-0.103666
-0.103617
-0.103584
-0.103563
-0.103527
-0.103448
-0.103423
-0.103412
-0.103391
-0.10337
-0.103314
-0.103284
-0.103254
-0.103202
-0.103148
-0.103069
-0.10303
-0.103011
-0.102961
-0.102928
-0.102831
-0.102765
-0.102723
-0.102703
-0.102643
-0.102538
-0.102497
-0.102456
-0.102394
-0.102352
-0.10227
-0.102209
-0.102167
-0.102146
-0.102077
-0.10195
-0.101878
-0.101835
-0.101814
-0.101732
-0.101665
-0.101599
-0.101556
-0.101492
-0.10136
-0.101316
-0.101274
-0.101253
-0.101167
-0.101082
-0.101039
-0.100997
-0.100931
-0.100886
-0.100759
-0.100706
-0.100656
-0.100607
-0.100535
-0.10042
-0.100378
-0.100356
-0.100312
-0.10024
-0.100122
-0.100081
-0.100046
-0.0999939
-0.0998769
-0.0998212
-0.0997873
-0.0997533
-0.0997011
-0.0996317
-0.0995962
-0.0995627
-0.0995301
-0.0994954
-0.0993923
-0.0993512
-0.0993131
-0.0992761
-0.0992209
-0.0991407
-0.0991119
-0.0990698
-0.0990384
-0.099005
-0.0989283
-0.09891
-0.0989002
-0.0988921
-0.0988849
-0.0988336
-0.0988011
-0.0987518
-0.0987245
-0.0986949
-0.0986685
-0.0986596
-0.0986492
-0.0986437
-0.0986001
-0.0985831
-0.0985783
-0.0985836
-0.0986211
-0.0986259
-0.098625
-0.0986106
-0.0985943
-0.0985628
-0.0985563
-0.098565
-0.0985785
-0.0985931
-0.0986098
-0.0986075
-0.0985971
-0.0985914
-0.09859
-0.0986162
-0.0986347
-0.0986556
-0.0987012
-0.0987255
-0.0987755
-0.0987982
-0.0988197
-0.0988537
-0.0988842
-0.0989105
-0.0989336
-0.0989404
-0.0989646
-0.0989877
-0.0990669
-0.099116
-0.099131
-0.0991747
-0.0992208
-0.0992857
-0.0993193
-0.0993549
-0.0993937
-0.0994351
-0.0995391
-0.0995756
-0.0996082
-0.0996544
-0.0996706
-0.0997685
-0.0998128
-0.0998776
-0.0999204
-0.0999643
-0.100055
-0.100101
-0.100185
-0.100242
-0.100355
-0.10039
-0.100424
-0.10046
-0.100521
-0.100639
-0.100686
-0.100729
-0.100769
-0.100832
-0.100904
-0.100983
-0.101032
-0.101079
-0.101148
-0.101247
-0.101299
-0.101376
-0.101402
-0.101453
-0.101614
-0.101668
-0.10172
-0.101768
-0.10184
-0.101936
-0.101983
-0.10203
-0.10213
-0.102179
-0.102278
-0.102326
-0.10235
-0.102419
-0.102466
-0.102583
-0.102624
-0.102661
-0.102696
-0.102753
-0.102843
-0.102915
-0.10294
-0.103013
-0.10306
-0.103165
-0.103202
-0.103234
-0.103262
-0.103305
-0.103394
-0.103412
-0.103448
-0.103503
-0.103537
-0.103624
-0.103673
-0.103699
-0.103719
-0.103745
-0.103775
-0.103799
-0.103839
-0.103866
-0.103904
-0.103949
-0.103966
-0.103986
-0.103993
-0.104016
-0.104062
-0.104078
-0.10409
-0.104095
-0.104093
-0.104076
-0.104069
-0.104068
-0.104072
-0.104092
-0.104136
-0.104149
-0.104154
-0.104153
-0.104148
-0.104114
-0.104098
-0.104086
-0.104077
-0.104073
-0.104054
-0.104042
-0.104029
-0.104016
-0.104001
-0.103951
-0.103914
-0.103896
-0.103884
-0.103836
-0.103811
-0.103788
-0.103757
-0.103747
-0.103688
-0.103643
-0.103613
-0.103582
-0.103552
-0.103471
-0.103437
-0.103403
-0.103369
-0.103316
-0.103242
-0.103207
-0.103175
-0.103131
-0.103099
-0.102999
-0.102929
-0.102885
-0.102822
-0.102763
-0.102705
-0.102666
-0.102627
-0.102606
-0.102517
-0.102422
-0.102377
-0.102312
-0.102266
-0.102216
-0.102077
-0.102023
-0.101973
-0.101926
-0.10188
-0.101728
-0.101677
-0.101608
-0.101568
-0.101507
-0.101418
-0.101369
-0.10132
-0.101248
-0.101199
-0.101067
-0.100984
-0.100932
-0.100858
-0.100787
-0.10072
-0.100659
-0.100619
-0.100575
-0.100497
-0.10041
-0.10035
-0.100261
-0.100206
-0.100156
-0.100042
-0.100001
-0.0999615
-0.0999201
-0.0998739
-0.099715
-0.0996651
-0.0996212
-0.0995823
-0.0995273
-0.0994499
-0.0994094
-0.0993482
-0.0993071
-0.0992667
-0.0991701
-0.0991377
-0.0991075
-0.0990772
-0.0990255
-0.0989492
-0.0989163
-0.0988874
-0.0988596
-0.0988306
-0.0987482
-0.0987096
-0.0986996
-0.0986814
-0.0986621
-0.0985986
-0.0985635
-0.0985465
-0.0985326
-0.0985114
-0.0984809
-0.0984539
-0.0984444
-0.0984254
-0.0984074
-0.0983867
-0.0983886
-0.0983891
