-0.0958147
-0.0958167
-0.0958181
-0.0958183
-0.0958158
-0.0958158
-0.0958238
-0.0958273
-0.0958273
-0.0958306
-0.0958353
-0.0958361
-0.0958298
-0.0958202
-0.0958149
-0.0958056
-0.0958023
-0.0958004
-0.0958053
-0.0958255
-0.0958423
-0.0958582
-0.0958648
-0.0958736
-0.0958736
-0.0958753
-0.0958747
-0.0958665
-0.0958595
-0.0958218
-0.0958026
-0.0957867
-0.0957766
-0.0957746
-0.0957751
-0.0957821
-0.0958098
-0.0958098
-0.0958249
-0.0958317
-0.0958375
-0.0958419
-0.0958462
-0.0958467
-0.0958466
-0.0958482
-0.0958533
-0.0958563
-0.095859
-0.0958611
-0.0958622
-0.0958602
-0.0958571
-0.0958442
-0.0958369
-0.0958402
-0.0958443
-0.0958494
-0.0958554
-0.0958615
-0.0958676
-0.0958819
-0.0958801
-0.0958772
-0.0958703
-0.0958669
-0.0958639
-0.0958616
-0.0958605
-0.0958682
-0.0958697
-0.0958698
-0.0958698
-0.095868
-0.0958617
-0.0958548
-0.0958518
-0.0958495
-0.0958498
-0.095854
-0.095854
-0.0958583
-0.0958577
-0.0958559
-0.0958461
-0.0958363
-0.0958367
-0.0958423
-0.0958423
-0.0958469
-0.0958572
-0.0958623
-0.0958706
-0.0958711
-0.0958667
-0.0958542
-0.0958468
-0.0958321
-0.0958254
-0.0958112
-0.0958123
-0.0958255
-0.0958308
-0.0958359
-0.0958441
-0.0958467
-0.0958467
-0.0958479
-0.0958273
-0.0958196
-0.0958116
-0.0957962
-0.0957894
-0.0957764
-0.0957773
-0.0957966
-0.0958028
-0.0958139
-0.0958205
-0.0958201
-0.0957984
-0.0957836
-0.0957808
-0.0957798
-0.0957808
-0.0957808
-0.0957876
-0.0957927
-0.0958033
-0.0958137
-0.0958119
-0.095802
-0.0957946
-0.0957861
-0.0957581
-0.0957493
-0.0957414
-0.0957252
-0.0957271
-0.0957342
-0.0957387
-0.0957434
-0.0957515
-0.0957553
-0.0957447
-0.0957397
-0.0957344
-0.0957291
-0.0957208
-0.0957188
-0.09572
-0.0957227
-0.0957428
-0.0957469
-0.0957464
-0.095736
-0.0957309
-0.0957257
-0.0957205
-0.0957027
-0.0957001
-0.0956988
-0.0957014
-0.0957043
-0.0957077
-0.0957155
-0.0957078
-0.0957023
-0.0956888
-0.0956759
-0.0956674
-0.0956656
-0.0956659
-0.0956856
-0.0957013
-0.0957091
-0.0957164
-0.0957227
-0.0957334
-0.0957331
-0.0957304
-0.0957304
-0.0956883
-0.0956766
-0.0956421
-0.095632
-0.0956234
-0.0956124
-0.0956109
-0.095612
-0.0956277
-0.0956439
-0.0956526
-0.0956616
-0.0956793
-0.0956871
-0.0956976
-0.0956997
-0.0956878
-0.0956821
-0.095676
-0.0956647
-0.0956573
-0.0956559
-0.0956566
-0.095664
-0.0956846
-0.0956926
-0.0957085
-0.0957217
-0.0957262
-0.0957288
-0.0957293
-0.0957249
-0.0957036
-0.0956976
-0.0956923
-0.0956883
-0.0956859
-0.0956859
-0.0956924
-0.0957061
-0.0957146
-0.0957414
-0.0957554
-0.0957597
-0.0957619
-0.0957624
-0.0957616
-0.0957583
-0.0957566
-0.0957592
-0.0957683
-0.0957737
-0.095779
-0.0957838
-0.0957881
-0.0957947
-0.0957972
-0.0958099
-0.0958126
-0.0958155
-0.0958158
-0.0958157
-0.0958158
-0.0958199
-0.095834
-0.0958447
-0.0958493
-0.0958548
-0.0958559
-0.0958562
-0.0958558
-0.0958557
-0.0958642
-0.095869
-0.0958744
-0.0958851
-0.0958898
-0.0958941
-0.0959013
-0.0959047
-0.0959175
-0.0959212
-0.0959279
-0.0959302
-0.0959314
-0.0959303
-0.0959285
-0.0959264
-0.095923
-0.0959254
-0.0959292
-0.0959343
-0.0959403
-0.0959537
-0.0959604
-0.0959668
-0.0959668
-0.0959796
-0.0959857
-0.0959881
-0.0959953
-0.0959953
-0.0959994
-0.0960081
-0.0960153
-0.0960178
-0.0960204
-0.0960204
-0.0960176
-0.096016
-0.0960148
-0.0960144
-0.0960173
-0.0960208
-0.0960307
-0.0960452
-0.096049
-0.0960478
-0.0960461
-0.0960444
-0.0960421
-0.0960423
-0.0960435
-0.0960519
-0.0960528
-0.096051
-0.0960491
-0.0960474
-0.0960464
-0.0960529
-0.0960559
-0.0960587
-0.0960612
-0.0960592
-0.0960563
-0.0960528
-0.0960492
-0.0960427
-0.0960447
-0.0960474
-0.0960532
-0.0960553
-0.0960562
-0.0960536
-0.0960508
-0.0960435
-0.0960311
-0.0960279
-0.0960259
-0.0960255
-0.0960287
-0.096037
-0.096037
-0.0960288
-0.0960221
-0.0960146
-0.0959984
-0.0959907
-0.0959786
-0.0959752
-0.0959754
-0.0959965
-0.0960034
-0.0960034
-0.096022
-0.096026
-0.0960283
-0.0960265
-0.096022
-0.0959857
-0.095961
-0.0959483
-0.0959241
-0.0959241
-0.0959134
-0.0958921
-0.0958899
-0.0959037
-0.0959107
-0.0959181
-0.0959324
-0.0959324
-0.0959383
-0.0959456
-0.0959461
-0.0959393
-0.0958875
-0.095875
-0.0958626
-0.0958506
-0.0958393
-0.0958203
-0.0958127
-0.0958013
-0.0957838
-0.0957786
-0.0957683
-0.0957683
-0.0957572
-0.0957572
-0.0957539
-0.0957503
-0.0957464
-0.0957183
-0.0957057
-0.0957006
-0.0956942
-0.0956929
-0.0956926
-0.0956926
-0.0956776
-0.0956709
-0.0956637
-0.0956435
-0.0956435
-0.095639
-0.0956346
-0.0956327
-0.09563
-0.0956264
-0.0956222
-0.0956059
-0.0955991
-0.0955924
-0.0955715
-0.0955734
-0.0955756
-0.0955779
-0.09558
-0.0955811
-0.0955811
-0.095547
-0.0955402
-0.0955339
-0.0955289
-0.0955254
-0.0955239
-0.0955261
-0.095529
-0.0955326
-0.0955441
-0.0955424
-0.0955389
-0.0955339
-0.0955278
-0.0955278
-0.0955073
-0.0955009
-0.0954847
-0.0954868
-0.0954868
-0.09549
-0.0955033
-0.0955071
-0.0955097
-0.0955109
-0.0954931
-0.0954871
-0.0954812
-0.095467
-0.0954675
-0.0954724
-0.0954886
-0.0954899
-0.0954898
-0.0954887
-0.0954869
-0.0954848
-0.0954814
-0.0954809
-0.0954937
-0.0954973
-0.095504
-0.095504
-0.0955028
-0.0954989
-0.0954955
-0.0954955
-0.0955017
-0.0955068
-0.095513
-0.0955198
-0.0955343
-0.0955476
-0.0955528
-0.0955565
-0.0955571
-0.0955553
-0.0955534
-0.0955504
-0.0955502
-0.0955546
-0.0955595
-0.0955656
-0.0956053
-0.0956135
-0.0956209
-0.0956318
-0.095635
-0.0956371
-0.0956385
-0.0956414
-0.095644
-0.0956603
-0.0956681
-0.0956765
-0.0956931
-0.0957008
-0.0957078
-0.0957142
-0.0957251
-0.0957304
-0.0957564
-0.0957617
-0.0957617
-0.0957709
-0.0957806
-0.0957806
-0.0957864
-0.0957997
-0.0958259
-0.0958315
-0.0958435
-0.0958465
-0.0958496
-0.0958578
-0.0958635
-0.0958702
-0.0958982
-0.0958982
-0.0959095
-0.0959136
-0.095917
-0.0959233
-0.0959271
-0.0959378
-0.0959716
-0.095981
-0.0959897
-0.0960032
-0.0960075
-0.0960126
-0.0960142
-0.0960179
-0.0960361
-0.0960425
-0.0960425
-0.0960622
-0.0960688
-0.0960755
-0.0960825
-0.0960897
-0.0960969
-0.0961209
-0.0961253
-0.0961285
-0.0961307
-0.0961319
-0.0961336
-0.0961349
-0.0961403
-0.0961734
-0.0961809
-0.0961874
-0.0961961
-0.0961961
-0.0961975
-0.0961955
-0.0961929
-0.0961814
-0.0961814
-0.0961866
-0.096192
-0.096206
-0.0962212
-0.0962282
-0.0962389
-0.09624
-0.09624
-0.0962373
-0.0962345
-0.0962291
-0.0962291
-0.0962294
-0.0962312
-0.096267
-0.0962735
-0.0962863
-0.0962863
-0.0962863
-0.0962864
-0.0962837
-0.096274
-0.0962677
-0.0962471
-0.0962361
-0.0962326
-0.0962309
-0.0962318
-0.0962318
-0.0962338
-0.0962395
-0.0962423
-0.0962417
-0.0962372
-0.0962313
-0.0962168
-0.096209
-0.0961944
-0.0961885
-0.0961819
-0.0961846
-0.0961873
-0.0961904
-0.0961969
-0.0961968
-0.0961949
-0.0961915
-0.0961865
-0.0961424
-0.096123
-0.0961146
-0.0961146
-0.0961012
-0.0960912
-0.0960912
-0.0960866
-0.0960532
-0.0960477
-0.0960394
-0.0960338
-0.0960307
-0.096027
-0.0960223
-0.0960166
-0.0959774
-0.0959627
-0.0959569
-0.0959523
-0.09594
-0.09594
-0.0959362
-0.0959035
-0.0958866
-0.0958788
-0.0958654
-0.0958597
-0.0958547
-0.0958501
-0.095841
-0.095814
-0.0958056
-0.0957897
-0.0957828
-0.0957766
-0.0957712
-0.0957614
-0.0957562
-0.0957186
-0.0957032
-0.0956971
-0.0956919
-0.0956828
-0.0956781
-0.0956727
-0.0956663
-0.0956246
-0.0956246
-0.0955994
-0.0955994
-0.0955856
-0.0955798
-0.0955767
-0.0955682
-0.0955482
-0.0955399
-0.0955228
-0.0955077
-0.0955014
-0.0954955
-0.0954955
-0.0954832
-0.0954502
-0.0954453
-0.0954414
-0.0954369
-0.0954355
-0.0954341
-0.0954323
-0.0954258
-0.0954003
-0.0953923
-0.0953717
-0.0953666
-0.0953573
-0.0953526
-0.0953481
-0.0953332
-0.0953317
-0.0953324
-0.0953345
-0.0953373
-0.0953403
-0.0953432
-0.0953456
-0.0953473
-0.0953338
-0.0953217
-0.0953154
-0.0953091
-0.095297
-0.0952918
-0.0952876
-0.095285
-0.095293
-0.095293
-0.0952968
-0.0953034
-0.0953051
-0.0953031
-0.0952994
-0.0952883
-0.0952629
-0.0952584
-0.0952584
-0.0952619
-0.0952682
-0.0952756
-0.0952838
-0.0952923
-0.0953245
-0.0953263
-0.0953251
-0.0953233
-0.0953212
-0.0953212
-0.0953184
-0.0953183
-0.095347
-0.0953548
-0.0953624
-0.0953693
-0.0953797
-0.0953828
-0.0953862
-0.0953874
-0.0953986
-0.0954046
-0.095412
-0.0954289
-0.0954456
-0.0954532
-0.0954601
-0.0954721
-0.095489
-0.0955012
-0.0955073
-0.0955193
-0.0955253
-0.0955317
-0.0955387
-0.0955527
-0.0955986
-0.0956048
-0.0956104
-0.0956156
-0.095627
-0.0956336
-0.0956478
-0.0956781
-0.0956853
-0.0956973
-0.0956973
-0.0957068
-0.0957115
-0.0957168
-0.0957306
-0.0957722
-0.0957831
-0.0957931
-0.0958236
-0.0958301
-0.0958301
-0.0958438
-0.095874
-0.0958929
-0.0958929
-0.0959172
-0.0959172
-0.0959233
-0.0959343
-0.09594
-0.0959923
-0.0960035
-0.0960145
-0.0960248
-0.0960425
-0.0960503
-0.0960503
-0.0960659
-0.0961059
-0.0961135
-0.0961207
-0.0961276
-0.0961426
-0.0961426
-0.0961682
-0.0961682
-0.0962032
-0.0962165
-0.0962213
-0.0962247
-0.0962294
-0.096231
-0.0962332
-0.0962363
-0.0962738
-0.0962738
-0.0962958
-0.0963066
-0.0963168
-0.0963338
-0.0963399
-0.0963442
-0.0963464
-0.0963412
-0.0963383
-0.0963355
-0.0963333
-0.0963318
-0.0963332
-0.0963415
-0.0963484
-0.0963994
-0.0964104
-0.0964207
-0.0964375
-0.0964375
-0.0964483
-0.0964463
-0.0964331
-0.0964298
-0.0964303
-0.0964325
-0.0964362
-0.0964539
-0.0964605
-0.0964605
-0.0964772
-0.0964695
-0.0964631
-0.0964556
-0.0964473
-0.0964388
-0.0964226
-0.0964158
-0.0964072
-0.0964106
-0.0964106
-0.0964251
-0.0964303
-0.096435
-0.0964427
-0.0964288
-0.0964223
-0.0964078
-0.0964004
-0.0963935
-0.0963753
-0.096369
-0.0963418
-0.0963355
-0.0963219
-0.0963191
-0.0963153
-0.0963122
-0.0962907
-0.0962783
-0.0962783
-0.0962675
-0.096262
-0.0962563
-0.0962435
-0.096236
-0.0961997
-0.0961773
-0.0961661
-0.0961607
-0.0961554
-0.096144
-0.0961072
-0.0961002
-0.0960898
-0.0960862
-0.096083
-0.096076
-0.0960712
-0.0960574
-0.0960146
-0.0960019
-0.0959894
-0.0959775
-0.0959668
-0.0959488
-0.0959407
-0.0959325
-0.0958817
-0.09587
-0.0958481
-0.0958385
-0.0958299
-0.0958142
-0.0958064
-0.0957891
-0.0957481
-0.0957371
-0.0957262
-0.0957065
-0.0957065
-0.0956977
-0.0956891
-0.0956622
-0.0956168
-0.0956043
-0.0955805
-0.09557
-0.0955608
-0.0955464
-0.0955344
-0.0955283
-0.0954942
-0.0954833
-0.0954613
-0.0954511
-0.095433
-0.095433
-0.0954173
-0.0954095
-0.0953677
-0.0953677
-0.0953518
-0.0953449
-0.0953386
-0.0953261
-0.0953194
-0.0953044
-0.0952705
-0.0952619
-0.0952469
-0.0952408
-0.0952354
-0.0952302
-0.0952116
-0.0952116
-0.0951794
-0.0951717
-0.0951597
-0.0951561
-0.0951544
-0.0951545
-0.0951578
-0.09516
-0.0951618
-0.0951598
-0.0951555
-0.0951497
-0.0951353
-0.0951275
-0.0951198
-0.0951126
-0.0951003
-0.0950871
-0.0950886
-0.095091
-0.0950938
-0.0950969
-0.0951017
-0.0951027
-0.0951022
-0.0950999
-0.0950784
-0.0950647
-0.0950537
-0.0950537
-0.0950506
-0.095051
-0.0950546
-0.0950599
-0.0951038
-0.095114
-0.0951235
-0.0951319
-0.0951387
-0.0951465
-0.0951478
-0.095147
-0.0951445
-0.0951505
-0.0951562
-0.0951636
-0.0951636
-0.0951821
-0.0951921
-0.0952129
-0.0952233
-0.095252
-0.0952681
-0.0952746
-0.0952887
-0.0952928
-0.0952973
-0.0953155
-0.0953436
-0.0953638
-0.095373
-0.0953817
-0.0953903
-0.0954076
-0.0954164
-0.0954333
-0.0954697
-0.09548
-0.0954902
-0.0955082
-0.0955228
-0.0955297
-0.0955369
-0.0955632
-0.0955851
-0.0956087
-0.0956087
-0.0956318
-0.095643
-0.0956543
-0.0956775
-0.0956895
-0.095702
-0.0957404
-0.0957653
-0.0957766
-0.0957965
-0.0958059
-0.0958261
-0.0958374
-0.0959243
-0.09594
-0.0959514
-0.0959562
-0.0959607
-0.0959706
-0.0960051
-0.0960051
-0.0960416
-0.0960537
-0.0960655
-0.0960767
-0.096087
-0.0961159
-0.0961488
-0.09617
-0.0961881
-0.0961965
-0.096205
-0.0962138
-0.096233
-0.096243
-0.0962846
-0.0962948
-0.0963044
-0.0963211
-0.0963289
-0.0963368
-0.0963545
-0.0963758
-0.0964091
-0.09642
-0.0964305
-0.0964489
-0.0964562
-0.0964733
-0.0964787
-0.0965192
-0.0965301
-0.0965337
-0.0965358
-0.0965366
-0.0965362
-0.0965362
-0.0965449
-0.0965509
-0.0965657
-0.0965823
-0.0966054
-0.0966108
-0.0966148
-0.0966203
-0.0966238
-0.0966268
-0.0966342
-0.0966342
-0.096644
-0.0966466
-0.0966466
-0.0966457
-0.0966445
-0.0966442
-0.0966453
-0.0966474
-0.0966503
-0.0966557
-0.0966574
-0.0966461
-0.0966418
-0.0966378
-0.0966324
-0.0966311
-0.0966305
-0.0966302
-0.0966298
-0.0966109
-0.0966042
-0.0965973
-0.0965844
-0.0965791
-0.0965698
-0.0965606
-0.0965321
-0.096527
-0.0965195
-0.0965199
-0.096524
-0.0965247
-0.0965049
-0.0965049
-0.0964957
-0.0964746
-0.0964635
-0.0964415
-0.096431
-0.0964115
-0.0963666
-0.0963597
-0.0963597
-0.0963535
-0.0963412
-0.0963262
-0.0963076
-0.0962546
-0.0962371
-0.0962298
-0.0962229
-0.0962082
-0.0961996
-0.0961808
-0.0961485
-0.0961111
-0.096088
-0.0960775
-0.0960678
-0.0960584
-0.0960399
-0.0959975
-0.0959862
-0.0959653
-0.0959464
-0.0959266
-0.0959161
-0.0958619
-0.095851
-0.0958408
-0.0958234
-0.0958156
-0.095808
-0.0958001
-0.0957821
-0.0957717
-0.095735
-0.095706
-0.0956908
-0.0956602
-0.0956449
-0.0956296
-0.095614
-0.0955823
-0.095519
-0.0955051
-0.0954822
-0.095473
-0.0954646
-0.0954487
-0.0954487
-0.095431
-0.0954206
-0.0953832
-0.0953544
-0.0953399
-0.0953256
-0.0953115
-0.0952831
-0.0952686
-0.0952398
-0.0951887
-0.0951695
-0.0951695
-0.0951625
-0.0951524
-0.0951486
-0.0951451
-0.0951373
-0.0951322
-0.0950979
-0.0950862
-0.0950862
-0.095061
-0.0950355
-0.0950236
-0.0950125
-0.0949931
-0.0949604
-0.0949483
-0.0949447
-0.0949427
-0.0949415
-0.0949399
-0.0949386
-0.0949386
-0.0949157
-0.0949012
-0.0948942
-0.0948883
-0.0948813
-0.0948808
-0.0948821
-0.0948846
-0.0948949
-0.0948994
-0.0948938
-0.0948901
-0.0948838
-0.0948831
-0.0948959
-0.0949007
-0.0949012
-0.0949
-0.0948972
-0.0948892
-0.0948892
-0.0948812
-0.0948864
-0.0948942
-0.0949038
-0.094915
-0.0949272
-0.0949648
-0.094976
-0.0949856
-0.0950052
-0.0950073
-0.0950073
-0.095008
-0.0950094
-0.0950167
-0.0950502
-0.0950826
-0.0951012
-0.0951083
-0.095114
-0.0951185
-0.0951261
-0.0951303
-0.0951417
-0.0951694
-0.0951811
-0.0951936
-0.0952201
-0.0952337
-0.0952602
-0.0952729
-0.0952983
-0.0953518
-0.0953652
-0.0953781
-0.0953906
-0.0954142
-0.0954259
-0.0954381
-0.0954636
-0.0955146
-0.0955277
-0.0955527
-0.0955646
-0.0955767
-0.0956153
-0.0956153
-0.0956293
-0.095687
-0.0957155
-0.0957293
-0.0957423
-0.0957658
-0.095777
-0.0957883
-0.0958129
-0.0959081
-0.095924
-0.0959387
-0.0959521
-0.095964
-0.0959747
-0.0960035
-0.0960509
-0.0960509
-0.0960654
-0.0961087
-0.0961358
-0.0961495
-0.0961634
-0.0962424
-0.0962525
-0.0962751
-0.0962751
-0.0962813
-0.0962942
-0.0962942
-0.0963464
-0.0963464
-0.0963855
-0.0963982
-0.0964109
-0.0964358
-0.0964479
-0.0964724
-0.096485
-0.0965383
-0.096551
-0.0965736
-0.096584
-0.0965942
-0.0966146
-0.0966244
-0.0966713
-0.0966851
-0.0966898
-0.0966959
-0.0966964
-0.0966974
-0.0966987
-0.0967179
-0.0967264
-0.0967358
-0.0967458
-0.0967664
-0.0967844
-0.0967919
-0.096799
-0.0968173
-0.0968281
-0.0968286
-0.0968275
-0.0968263
-0.0968254
-0.0968258
-0.0968405
-0.0968556
-0.0968611
-0.0968594
-0.0968514
-0.0968514
-0.0968279
-0.0968258
-0.0968272
-0.0968305
-0.0968351
-0.0968509
-0.096859
-0.0968575
-0.0968523
-0.0968455
-0.0968292
-0.0968292
-0.0968033
-0.0967955
-0.0967878
-0.0967714
-0.0967465
-0.0967389
-0.0967323
-0.0967224
-0.0967185
-0.0967147
-0.0966999
-0.0966651
-0.0966651
-0.0966452
-0.0966361
-0.0966275
-0.0966106
-0.096602
-0.0965838
-0.0965318
-0.0965318
-0.0964968
-0.0964968
-0.0964865
-0.0964677
-0.0964585
-0.0964489
-0.096427
-0.0963726
-0.0963586
-0.0963447
-0.0963308
-0.0963022
-0.0962737
-0.0962595
-0.0962314
-0.0962028
-0.0961579
-0.0961579
-0.0961302
-0.0961041
-0.0960905
-0.096061
-0.0960451
-0.0959956
-0.0959793
-0.0959634
-0.0959061
-0.0958927
-0.0958517
-0.0957956
-0.0957702
-0.0957498
-0.0957412
-0.0957332
-0.0957177
-0.0957092
-0.0956994
-0.095631
-0.095631
-0.0955815
-0.0955652
-0.0955652
-0.0955491
-0.0955012
-0.0954373
-0.0954214
-0.0954062
-0.0953919
-0.0953514
-0.0953235
-0.0953235
-0.0952949
-0.0952397
-0.0952148
-0.0952037
-0.0951829
-0.0951627
-0.0951525
-0.0951304
-0.095069
-0.095058
-0.0950379
-0.0950187
-0.0950187
-0.0949975
-0.094986
-0.0949379
-0.094927
-0.0949176
-0.09491
-0.0949037
-0.0948937
-0.0948937
-0.0948769
-0.0948254
-0.0948131
-0.0948013
-0.0947904
-0.094781
-0.0947671
-0.0947619
-0.0947571
-0.0947236
-0.0947236
-0.0947185
-0.094712
-0.094712
-0.0947103
-0.0947109
-0.0947109
-0.0946906
-0.0946845
-0.0946786
-0.0946689
-0.094666
-0.0946648
-0.094667
-0.094667
-0.0946733
-0.094689
-0.0946934
-0.0947008
-0.0947032
-0.0947045
-0.0947063
-0.0947076
-0.0947141
-0.0947396
-0.0947463
-0.0947573
-0.0947608
-0.0947631
-0.0947652
-0.0947657
-0.0947675
-0.0947805
-0.0947884
-0.094808
-0.0948308
-0.094843
-0.0948554
-0.0948676
-0.0948794
-0.094937
-0.0949492
-0.0949723
-0.0949826
-0.0949923
-0.0950017
-0.0950212
-0.0950321
-0.0950831
-0.0950966
-0.0951229
-0.0951351
-0.0951464
-0.0951673
-0.0951778
-0.0951888
-0.0952008
-0.0952593
-0.0952754
-0.0952911
-0.0953063
-0.0953365
-0.0953523
-0.0953685
-0.0953849
-0.0954017
-0.0954764
-0.0955166
-0.0955166
-0.0955553
-0.0955743
-0.0955934
-0.0956126
-0.0956513
-0.0956709
-0.0957527
-0.0957735
-0.0957942
-0.0958144
-0.0958338
-0.0958709
-0.0958891
-0.0959258
-0.0960153
-0.0960153
-0.0960315
-0.0960467
-0.096076
-0.0960756
-0.0961216
-0.0961383
-0.0961557
-0.0962315
-0.0962501
-0.0962679
-0.0962853
-0.0963023
-0.0963023
-0.0963535
-0.0963715
-0.09639
-0.0964689
-0.0964888
-0.096508
-0.0965263
-0.0965593
-0.0965895
-0.0966309
-0.0966692
-0.0966818
-0.0966938
-0.0967158
-0.0967371
-0.0967484
-0.0967725
-0.0968199
-0.0968387
-0.0968454
-0.0968454
-0.0968501
-0.096855
-0.0968554
-0.0968571
-0.0968594
-0.0968763
-0.0968856
-0.0968962
-0.0969199
-0.0969326
-0.0969698
-0.0969807
-0.0969903
-0.0970184
-0.097028
-0.097031
-0.0970328
-0.0970346
-0.0970372
-0.0970511
-0.0970533
-0.0970544
-0.097053
-0.097051
-0.0970449
-0.0970449
-0.0970443
-0.0970442
-0.0970433
-0.0970415
-0.0970309
-0.0970264
-0.0970219
-0.0970071
-0.097004
-0.0970002
-0.0969957
-0.0969847
-0.0969777
-0.09697
-0.0969294
-0.096921
-0.0969131
-0.096906
-0.0968941
-0.0968888
-0.0968834
-0.0968705
-0.0968622
-0.0968297
-0.0968063
-0.0968063
-0.0967728
-0.0967728
-0.0967607
-0.0967352
-0.0967217
-0.0966466
-0.0966315
-0.0966045
-0.0965927
-0.0965716
-0.0965619
-0.0965417
-0.0965304
-0.0964895
-0.0964575
-0.0964575
-0.0964251
-0.0964091
-0.0963764
-0.0963598
-0.0963431
-0.0963259
-0.0962898
-0.0962329
-0.0962329
-0.0961946
-0.0961553
-0.0961353
-0.0961152
-0.0960949
-0.0960536
-0.0960118
-0.0959496
-0.0959297
-0.0958913
-0.0958723
-0.0958535
-0.0958176
-0.0957301
-0.0957132
-0.0956809
-0.0956655
-0.0956351
-0.0956193
-0.0956027
-0.0955323
-0.0955139
-0.0954783
-0.0954618
-0.0954463
-0.0953874
-0.0953715
-0.0953055
-0.0952888
-0.0952562
-0.0952562
-0.0952278
-0.095203
-0.0951907
-0.0951641
-0.0951159
-0.095079
-0.0950602
-0.0950418
-0.0950082
-0.0949932
-0.0949788
-0.0949501
-0.0948732
-0.0948574
-0.0948423
-0.0948423
-0.0948017
-0.0947785
-0.0947571
-0.0947167
-0.0947069
-0.0946978
-0.0946897
-0.0946828
-0.0946708
-0.0946648
-0.0946503
-0.0946412
-0.0945973
-0.0945853
-0.0945737
-0.0945534
-0.0945534
-0.0945392
-0.0945339
-0.0945293
-0.0945248
-0.0945038
-0.0944944
-0.0944911
-0.0944888
-0.0944876
-0.094487
-0.0944868
-0.0944853
-0.0944728
-0.0944715
-0.0944715
-0.0944727
-0.0944757
-0.09448
-0.0944913
-0.0944977
-0.0945042
-0.0945244
-0.0945316
-0.0945351
-0.0945473
-0.0945527
-0.0945586
-0.0945648
-0.0945886
-0.0945949
-0.0946009
-0.0946065
-0.0946172
-0.0946231
-0.09463
-0.094638
-0.0946474
-0.0946932
-0.0947192
-0.0947319
-0.0947933
-0.0948058
-0.0948182
-0.0948746
-0.0948839
-0.0948996
-0.0949142
-0.094922
-0.0949401
-0.0949504
-0.0950167
-0.0950309
-0.0950567
-0.0950687
-0.0950806
-0.0950927
-0.095105
-0.0951177
-0.0951461
-0.0951966
-0.0952158
-0.0952359
-0.0952772
-0.0952979
-0.0953397
-0.0953607
-0.0954029
-0.095487
-0.0955078
-0.0955279
-0.0955473
-0.095566
-0.0956026
-0.0956211
-0.0956401
-0.0957405
-0.0957808
-0.0957808
-0.0958566
-0.0958753
-0.0958942
-0.0959133
-0.0959324
-0.0960113
-0.096051
-0.0960699
-0.096107
-0.0961456
-0.0961656
-0.0961656
-0.0962055
-0.0962799
-0.0963159
-0.0963159
-0.0963327
-0.0963488
-0.0964161
-0.0964161
-0.0964552
-0.0965378
-0.0965378
-0.0965766
-0.0965941
-0.0966103
-0.0966256
-0.0966547
-0.0966547
-0.0966844
-0.0967542
-0.0967926
-0.0968116
-0.0968299
-0.0968473
-0.096864
-0.0968962
-0.0969117
-0.0969268
-0.0970008
-0.097027
-0.0970486
-0.0970486
-0.0970581
-0.0970766
-0.0970863
-0.0971068
-0.0971429
-0.0971502
-0.0971564
-0.0971613
-0.0971651
-0.097171
-0.097174
-0.0971774
-0.0971774
-0.0972107
-0.0972277
-0.0972277
-0.097243
-0.0972492
-0.0972566
-0.0972566
-0.097256
-0.0972397
-0.0972295
-0.0972249
-0.0972213
-0.0972191
-0.0972218
-0.0972249
-0.0972284
-0.0972403
-0.0972393
-0.0972365
-0.0972255
-0.0972178
-0.0972
-0.0971907
-0.0971623
-0.0971251
-0.0971177
-0.0971062
-0.0970965
-0.097091
-0.0970771
-0.0970686
-0.0970272
-0.0970153
-0.0970036
-0.0970036
-0.0969817
-0.0969714
-0.0969612
-0.0969392
-0.0968836
-0.0968523
-0.0968367
-0.0968211
-0.0968058
-0.0967605
-0.0967455
-0.0967149
-0.0966652
-0.0966486
-0.0966327
-0.0966176
-0.0966031
-0.096559
-0.096559
-0.0965077
-0.0964486
-0.0964099
-0.0963744
-0.0963579
-0.0963419
-0.096326
-0.0962922
-0.096274
-0.0962127
-0.0961904
-0.0961452
-0.0961227
-0.0960551
-0.0960325
-0.0959877
-0.0959024
-0.0958628
-0.0958444
-0.0958268
-0.0957915
-0.0957538
-0.0957342
-0.0957145
-0.0955932
-0.0955753
-0.095544
-0.0955296
-0.0955008
-0.0954859
-0.0954046
-0.095387
-0.0953697
-0.0953526
-0.0953185
-0.0953008
-0.0952826
-0.095225
-0.0951424
-0.0951226
-0.0951035
-0.0950676
-0.0950505
-0.0950336
-0.0949995
-0.094982
-0.0949054
-0.0948854
-0.0948658
-0.0948295
-0.0947968
-0.0947809
-0.0947648
-0.0946864
-0.0946707
-0.0946556
-0.0946162
-0.0946049
-0.0945833
-0.094572
-0.0945126
-0.0945017
-0.0944918
-0.0944918
-0.0944668
-0.0944588
-0.0944504
-0.0944324
-0.0943792
-0.094369
-0.0943599
-0.0943522
-0.0943464
-0.0943399
-0.0943385
-0.0943379
-0.0943306
-0.0943257
-0.0943196
-0.0943128
-0.0943059
-0.0942992
-0.0942932
-0.0942844
-0.0942821
-0.0942826
-0.0942905
-0.0942934
-0.0942958
-0.0942977
-0.0942977
-0.0942975
-0.0942971
-0.094297
-0.0943196
-0.0943283
-0.0943376
-0.094347
-0.0943562
-0.0943648
-0.0943725
-0.0943944
-0.0944289
-0.0944385
-0.0944479
-0.094457
-0.0944846
-0.0944951
-0.0945187
-0.094585
-0.0945966
-0.094607
-0.0946252
-0.0946341
-0.0946432
-0.094663
-0.0946744
-0.0946869
-0.0947488
-0.0947669
-0.0948038
-0.0948038
-0.0948218
-0.0948754
-0.0948941
-0.0949131
-0.0949326
-0.0949947
-0.0950378
-0.0950807
-0.0951019
-0.0951227
-0.0951431
-0.095163
-0.0952214
-0.0952848
-0.0952848
-0.0953521
-0.0953521
-0.0953739
-0.0953954
-0.0954169
-0.0954843
-0.0955777
-0.0956248
-0.0956701
-0.0957135
-0.0957135
-0.0957758
-0.0957758
-0.0957961
-0.0958793
-0.0959017
-0.0959245
-0.0959473
-0.095993
-0.0960396
-0.0960629
-0.0960629
-0.0961576
-0.0962276
-0.09625
-0.0962713
-0.0962915
-0.0963296
-0.0963485
-0.0963678
-0.0963877
-0.0964524
-0.0964524
-0.0965243
-0.0965483
-0.0965721
-0.0966422
-0.0966422
-0.0966883
-0.0967791
-0.0968008
-0.0968215
-0.0968596
-0.0968775
-0.0969301
-0.0969301
-0.0969668
-0.0970224
-0.0970732
-0.0970877
-0.097101
-0.0971132
-0.097135
-0.0971654
-0.0972138
-0.0972138
-0.0972388
-0.0972604
-0.09727
-0.0972794
-0.0972993
-0.0973098
-0.097361
-0.097361
-0.0973695
-0.0973767
-0.0973883
-0.0973935
-0.0974043
-0.0974095
-0.0974148
-0.0974413
-0.097449
-0.0974516
-0.0974514
-0.0974492
-0.0974482
-0.0974521
-0.0974563
-0.0974575
-0.0974577
-0.0974566
-0.0974511
-0.0974511
-0.0974417
-0.0974357
-0.097397
-0.0973828
-0.0973774
-0.0973731
-0.09737
-0.0973662
-0.0973627
-0.0973406
-0.0973304
-0.097319
-0.0972944
-0.0972819
-0.0972693
-0.0972447
-0.0972447
-0.097181
-0.0971551
-0.097143
-0.0971204
-0.0971091
-0.0970975
-0.0970715
-0.0970571
-0.0969931
-0.0969765
-0.0969599
-0.0969283
-0.0969283
-0.096865
-0.0968477
-0.0967574
-0.0967399
-0.0967082
-0.0966939
-0.0966517
-0.0966363
-0.0966197
-0.0965258
-0.0965066
-0.0964713
-0.0964555
-0.0964403
-0.0964097
-0.0963933
-0.0963758
-0.0962474
-0.0962237
-0.096178
-0.096137
-0.0961177
-0.09608
-0.0960611
-0.0959603
-0.0959388
-0.0958768
-0.0958367
-0.0958169
-0.0957976
-0.0957784
-0.0957394
-0.0956542
-0.0956312
-0.0956081
-0.095563
-0.0955411
-0.0955411
-0.0954975
-0.0954753
-0.0953567
-0.0953317
-0.0953069
-0.0952585
-0.0952341
-0.0951842
-0.0951593
-0.0951101
-0.0950378
-0.0949924
-0.0949715
-0.0949517
-0.0949146
-0.094897
-0.0948615
-0.0948615
-0.094763
-0.0947223
-0.094703
-0.0946843
-0.0946659
-0.0946288
-0.0946097
-0.0945712
-0.0944944
-0.0944757
-0.094458
-0.0944263
-0.0944121
-0.0943983
-0.0943848
-0.0943572
-0.0943007
-0.0942866
-0.0942731
-0.094249
-0.094249
-0.0942285
-0.094219
-0.0942001
-0.0941601
-0.0941427
-0.0941357
-0.0941297
-0.0941212
-0.0941179
-0.0941068
-0.0940868
-0.0940821
-0.0940825
-0.0940848
-0.0940929
-0.094098
-0.0941032
-0.0941155
-0.0941026
-0.0940965
-0.0940847
-0.0940762
-0.0940742
-0.0940744
-0.0940771
-0.0941073
-0.0941172
-0.0941271
-0.0941366
-0.0941554
-0.0941649
-0.0941745
-0.0941939
-0.0942038
-0.0942474
-0.0942728
-0.0942728
-0.0942852
-0.094308
-0.0943303
-0.0943421
-0.0943541
-0.0944211
-0.0944369
-0.0944689
-0.0944843
-0.0944992
-0.0945269
-0.0945404
-0.0945541
-0.0946493
-0.0946668
-0.0946843
-0.0947014
-0.0947354
-0.0947529
-0.0947709
-0.0947895
-0.0948279
-0.0949129
-0.0949349
-0.0949565
-0.0949775
-0.0950196
-0.0950415
-0.0950873
-0.0950873
-0.0952343
-0.0952577
-0.0953003
-0.0953196
-0.0953566
-0.0953754
-0.0954151
-0.0954365
-0.095507
-0.0955594
-0.0955861
-0.0956128
-0.095639
-0.0956894
-0.0957144
-0.0957647
-0.0959007
-0.0959287
-0.0959562
-0.096009
-0.0960604
-0.0960857
-0.0961105
-0.0962335
-0.0962582
-0.0962819
-0.0963473
-0.0963473
-0.0963885
-0.0964293
-0.0964498
-0.0965374
-0.0965374
-0.0965818
-0.0966465
-0.096668
-0.0966891
-0.0967099
-0.096814
-0.0968356
-0.0968572
-0.0968984
-0.0969179
-0.0969561
-0.0969752
-0.0969944
-0.0970728
-0.0970932
-0.0971527
-0.0971711
-0.0971888
-0.097222
-0.097222
-0.0972536
-0.0973173
-0.0973326
-0.097347
-0.0973602
-0.0973726
-0.0974093
-0.0974372
-0.0975031
-0.0975031
-0.0975134
-0.0975293
-0.0975354
-0.0975462
-0.0975517
-0.0975579
-0.097606
-0.097613
-0.0976236
-0.0976236
-0.0976317
-0.0976356
-0.0976444
-0.0976492
-0.0976603
-0.0976603
-0.097659
-0.0976553
-0.0976502
-0.0976381
-0.0976268
-0.0976191
-0.0976227
-0.0976284
-0.0976284
-0.0976266
-0.0976231
-0.0976114
-0.0975732
-0.0975621
-0.0975512
-0.0975314
-0.0975219
-0.0975031
-0.0975031
-0.097473
-0.0974386
-0.0974136
-0.0974012
-0.0973771
-0.0973648
-0.0973648
-0.0973393
-0.0973119
-0.097231
-0.097231
-0.0971989
-0.0971989
-0.0971522
-0.0971369
-0.0971216
-0.0970739
-0.0970176
-0.0969968
-0.0969547
-0.0969336
-0.0969123
-0.096891
-0.0968489
-0.0968279
-0.0967417
-0.0966952
-0.0966716
-0.0966256
-0.0966031
-0.0965583
-0.0965583
-0.0964224
-0.096377
-0.0963341
-0.096313
-0.0962719
-0.0962519
-0.0962317
-0.0961444
-0.0961211
-0.0960752
-0.0960302
-0.0960072
-0.09596
-0.0959357
-0.0958065
-0.0957804
-0.0957551
-0.0957074
-0.0956847
-0.0956623
-0.0956174
-0.0955946
-0.0954704
-0.0954704
-0.0954201
-0.0953954
-0.0953457
-0.0952957
-0.0952709
-0.0952203
-0.095115
-0.095115
-0.0950886
-0.0950627
-0.095037
-0.0950113
-0.0949852
-0.0949072
-0.0948021
-0.0947267
-0.0946808
-0.0946385
-0.0946184
-0.0945987
-0.0945022
-0.0944666
-0.0944358
-0.0944221
-0.0943976
-0.0943864
-0.0943755
-0.0943129
-0.0942985
-0.0942985
-0.0942701
-0.0942559
-0.0942414
-0.0942114
-0.0941954
-0.0941786
-0.094107
-0.0940595
-0.0940466
-0.0940349
-0.0940239
-0.094004
-0.0939942
-0.0939738
-0.0939534
-0.0939344
-0.0939196
-0.0939141
-0.0939057
-0.0939021
-0.0938986
-0.0938952
-0.0938862
-0.0938831
-0.0938833
-0.0938865
-0.0938884
-0.0938902
-0.0938919
-0.0938915
-0.0938885
-0.0938905
-0.0938941
-0.093905
-0.093912
-0.09392
-0.0939287
-0.0939473
-0.0939568
-0.0940099
-0.0940218
-0.0940334
-0.0940444
-0.0940544
-0.0940637
-0.0940903
-0.0941348
-0.0941486
-0.094163
-0.0941919
-0.0941919
-0.0942065
-0.0942522
-0.0942681
-0.0943356
-0.0943707
-0.0943877
-0.0944204
-0.0944537
-0.0944715
-0.0944905
-0.0945105
-0.0945945
-0.0946379
-0.0946586
-0.0946785
-0.094757
-0.094757
-0.0948592
-0.0948994
-0.0949189
-0.0949569
-0.0949752
-0.0949928
-0.0950098
-0.0950439
-0.095145
-0.095145
-0.0951927
-0.0952429
-0.0952686
-0.0953479
-0.0953745
-0.0954557
-0.0954835
-0.0954835
-0.0955919
-0.0956187
-0.0956984
-0.0957991
-0.0958239
-0.0958715
-0.0958715
-0.0959392
-0.0959392
-0.0959619
-0.0960093
-0.0960341
-0.0961401
-0.0961691
-0.0961985
-0.0962575
-0.0962867
-0.0963448
-0.0964014
-0.0964014
-0.096515
-0.0965448
-0.0965747
-0.0966335
-0.0966624
-0.0967197
-0.0967755
-0.0967755
-0.0968792
-0.0969295
-0.0969539
-0.0969773
-0.0970001
-0.0970452
-0.0970683
-0.0971164
-0.0972123
-0.0972558
-0.0972756
-0.0972943
-0.0973123
-0.09733
-0.0973853
-0.097405
-0.0974637
-0.0975021
-0.097538
-0.0975544
-0.0975701
-0.0976
-0.0976144
-0.0976964
-0.0977147
-0.0977208
-0.0977288
-0.0977347
-0.097738
-0.0977693
-0.0977881
-0.0978068
-0.0978212
-0.0978286
-0.0978303
-0.0978313
-0.0978355
-0.0978391
-0.0978481
-0.0978528
-0.0978572
-0.0978607
-0.0978632
-0.0978584
-0.0978533
-0.0978471
-0.0978322
-0.0978244
-0.09781
-0.0977987
-0.0977937
-0.09776
-0.09776
-0.0977475
-0.0977429
-0.0977373
-0.0977373
-0.0976848
-0.0976738
-0.0976423
-0.0976322
-0.0976322
-0.0976221
-0.0976
-0.0975739
-0.0975122
-0.0974951
-0.0974779
-0.0974452
-0.0974452
-0.0974298
-0.0973996
-0.0973676
-0.0972929
-0.0972729
-0.0972531
-0.0972143
-0.0971948
-0.0971541
-0.097133
-0.0971114
-0.0969956
-0.0969715
-0.0969477
-0.0969477
-0.096901
-0.0968776
-0.0968286
-0.0968028
-0.0966654
-0.096638
-0.0965864
-0.0965384
-0.0965147
-0.0964906
-0.0964401
-0.0964134
-0.0962979
-0.0962674
-0.0962371
-0.0961782
-0.0961497
-0.0961216
-0.0960937
-0.096066
-0.0960088
-0.0958845
-0.0958191
-0.0957556
-0.095725
-0.0956951
-0.095666
-0.0956098
-0.0954969
-0.0954388
-0.0954388
-0.0953817
-0.0953533
-0.0952958
-0.0952667
-0.0952377
-0.0950945
-0.0950096
-0.0949831
-0.0949831
-0.0949337
-0.0949103
-0.0948638
-0.0948402
-0.0946935
-0.0946935
-0.0946484
-0.0946271
-0.0945849
-0.0945632
-0.0945408
-0.0945178
-0.0944707
-0.0943712
-0.0943466
-0.0943225
-0.0943225
-0.0942993
-0.0942545
-0.0941884
-0.0941884
-0.094053
-0.0940114
-0.0940114
-0.0939773
-0.093951
-0.0939403
-0.0939308
-0.0939047
-0.0938954
-0.0938739
-0.0938739
-0.093849
-0.0938236
-0.093811
-0.093811
-0.0937738
-0.0937618
-0.0937193
-0.0937111
-0.0936994
-0.0936959
-0.0936937
-0.0936919
-0.0936911
-0.0936811
-0.0936774
-0.093674
-0.0936694
-0.0936689
-0.0936701
-0.0936764
-0.0936812
-0.0936871
-0.0937104
-0.0937385
-0.0937385
-0.0937478
-0.0937661
-0.0937838
-0.0938019
-0.0938426
-0.0938625
-0.0938792
-0.0938948
-0.0939032
-0.0939229
-0.0939341
-0.0939848
-0.0939986
-0.0940126
-0.0940417
-0.0940895
-0.0941062
-0.0941228
-0.0942092
-0.094226
-0.0942576
-0.0942733
-0.0942893
-0.0943057
-0.0943226
-0.0943404
-0.0944484
-0.0944984
-0.0945232
-0.0945474
-0.0945711
-0.0946179
-0.0946417
-0.0946417
-0.0947705
-0.0947986
-0.0948555
-0.0948836
-0.0949393
-0.0949674
-0.0949955
-0.0950512
-0.0951654
-0.0951943
-0.0952511
-0.0952786
-0.0953056
-0.0953325
-0.0953858
-0.0953858
-0.0955319
-0.0955644
-0.09563
-0.0956624
-0.0956624
-0.0956948
-0.0957913
-0.0958231
-0.0959863
-0.0960204
-0.0960544
-0.0961207
-0.0961528
-0.0961845
-0.0961845
-0.0962475
-0.0962792
-0.0964404
-0.0964404
-0.0965065
-0.0965392
-0.0965717
-0.0966364
-0.0967008
-0.0967008
-0.096828
-0.0968906
-0.0969208
-0.097004
-0.0970301
-0.0971076
-0.0972095
-0.0972335
-0.0972561
-0.0973121
-0.097342
-0.0973563
-0.0973859
-0.0974381
-0.0974762
-0.0974953
-0.0975142
-0.0975701
-0.0975701
-0.0975885
-0.0976254
-0.0977018
-0.0977393
-0.0977569
-0.0977738
-0.0977902
-0.0978215
-0.0978215
-0.0978521
-0.0979225
-0.0979344
-0.0979543
-0.0979624
-0.0979755
-0.0979815
-0.0979875
-0.0980234
-0.0980383
-0.0980383
-0.0980501
-0.098054
-0.0980561
-0.0980563
-0.0980552
-0.0980482
-0.0980462
-0.098044
-0.0980395
-0.0980373
-0.0980373
-0.0980312
-0.0980213
-0.0979934
-0.0979857
-0.0979712
-0.0979646
-0.0979583
-0.097945
-0.0979371
-0.0979281
-0.0978697
-0.0978562
-0.0978305
-0.0978187
-0.0978075
-0.0977968
-0.097776
-0.097753
-0.0977396
-0.0976727
-0.0976537
-0.0976153
-0.097577
-0.0975574
-0.0975372
-0.0975163
-0.0974954
-0.0974098
-0.0973869
-0.097364
-0.0972961
-0.0972731
-0.0972499
-0.0972268
-0.0972039
-0.0970884
-0.0970638
-0.0970144
-0.0969896
-0.0969145
-0.0969145
-0.096889
-0.0968101
-0.0967555
-0.0966984
-0.0966984
-0.0966396
-0.0966098
-0.0965796
-0.0965183
-0.0964551
-0.0962936
-0.0962936
-0.0962613
-0.096198
-0.0961664
-0.0961344
-0.0961021
-0.0960692
-0.0959669
-0.0958627
-0.0958627
-0.0957941
-0.0957605
-0.0957272
-0.0956938
-0.0956251
-0.0955898
-0.0955542
-0.0955181
-0.0953679
-0.0953301
-0.095293
-0.0952206
-0.0951848
-0.095149
-0.0951133
-0.0950059
-0.0948595
-0.0947901
-0.0947578
-0.0946689
-0.0946137
-0.094587
-0.0944693
-0.0944472
-0.0944255
-0.0943846
-0.0943654
-0.0943286
-0.0943098
-0.0942702
-0.0941797
-0.0941558
-0.0941091
-0.0940866
-0.0940649
-0.0940438
-0.094023
-0.0940023
-0.0939815
-0.0938733
-0.0938508
-0.0938068
-0.0937859
-0.0937859
-0.0937656
-0.0937455
-0.0937064
-0.0936879
-0.0936065
-0.0935922
-0.0935588
-0.093551
-0.093551
-0.0935316
-0.0935253
-0.0934953
-0.093491
-0.0934881
-0.0934867
-0.0934867
-0.0934876
-0.0934901
-0.09349
-0.093479
-0.0934763
-0.0934747
-0.0934744
-0.0934845
-0.093491
-0.0935065
-0.0935151
-0.0935575
-0.093565
-0.0935722
-0.0935722
-0.0935795
-0.0935962
-0.0936062
-0.0936172
-0.0936837
-0.0936979
-0.0937112
-0.0937357
-0.0937476
-0.0937599
-0.093773
-0.0938032
-0.0938204
-0.0939014
-0.0939232
-0.0939232
-0.0939663
-0.0940104
-0.0940329
-0.0940556
-0.0940783
-0.0941969
-0.0941969
-0.0942484
-0.0942741
-0.0942994
-0.0943491
-0.0943741
-0.0944257
-0.0945655
-0.0945936
-0.0946485
-0.0946754
-0.0947281
-0.0947537
-0.0947793
-0.0949134
-0.0949409
-0.0950199
-0.0950459
-0.0950724
-0.0950724
-0.0950993
-0.0951269
-0.0952791
-0.0953437
-0.0953437
-0.095407
-0.09547
-0.0955015
-0.0955953
-0.0956886
-0.0957211
-0.0957543
-0.0958539
-0.095919
-0.0959517
-0.0960479
-0.0961766
-0.0962081
-0.0962386
-0.0962677
-0.0963219
-0.0963479
-0.0963997
-0.0964264
-0.0965416
-0.0965728
-0.0966044
-0.0966678
-0.0966993
-0.0967624
-0.0967942
-0.0968261
-0.0969876
-0.0970534
-0.0970854
-0.0971465
-0.0972039
-0.0972313
-0.0973567
-0.0974264
-0.0974264
-0.0974474
-0.0974673
-0.0975425
-0.0975615
-0.0976811
-0.0976996
-0.0977175
-0.0977517
-0.0977683
-0.097801
-0.0978172
-0.0978991
-0.0979162
-0.097933
-0.0979492
-0.0979644
-0.0980077
-0.0980225
-0.098095
-0.0981085
-0.0981323
-0.0981423
-0.0981509
-0.0981583
-0.0981645
-0.0981701
-0.09821
-0.098227
-0.0982412
-0.0982464
-0.0982499
-0.0982514
-0.0982477
-0.0982477
-0.0982197
-0.0982145
-0.0982103
-0.0982073
-0.0982059
-0.0982062
-0.0982109
-0.0982145
-0.0982183
-0.0982286
-0.0982259
-0.0982259
-0.0982217
-0.0982072
-0.0981848
-0.098156
-0.0981394
-0.0980667
-0.0980479
-0.0979933
-0.0979591
-0.0979265
-0.097856
-0.0978427
-0.09783
-0.0978068
-0.0977957
-0.0977734
-0.0977615
-0.0977486
-0.0976839
-0.0976429
-0.097621
-0.0975986
-0.0975516
-0.0975516
-0.0975022
-0.0974501
-0.0973413
-0.0973141
-0.0972615
-0.0972615
-0.0972108
-0.0971853
-0.0971594
-0.0971053
-0.0969851
-0.0969226
-0.0968918
-0.0968613
-0.0968311
-0.09674
-0.0967087
-0.0964819
-0.0964512
-0.0964217
-0.0963669
-0.0963174
-0.09627
-0.0961687
-0.0961141
-0.0961141
-0.0960598
-0.0960323
-0.0959761
-0.0959761
-0.0959171
-0.0957567
-0.0957222
-0.0956874
-0.0956874
-0.0955841
-0.0955499
-0.0955153
-0.0954801
-0.0954079
-0.0952596
-0.0952233
-0.0952233
-0.0951526
-0.0951174
-0.095046
-0.0950097
-0.0949371
-0.0947897
-0.0947526
-0.0947162
-0.0946808
-0.0946137
-0.094581
-0.0945484
-0.0944834
-0.0943188
-0.0942868
-0.094256
-0.0941978
-0.0941705
-0.094144
-0.0940929
-0.0940929
-0.0939902
-0.0939143
-0.0938905
-0.0938905
-0.0938674
-0.0938005
-0.0937789
-0.0937573
-0.0936693
-0.0936244
-0.0936028
-0.0935442
-0.0935098
-0.0934938
-0.0934784
-0.093423
-0.0934113
-0.0933923
-0.0933849
-0.0933724
-0.0933724
-0.0933516
-0.0933182
-0.0933107
-0.0933041
-0.0932941
-0.0932904
-0.093286
-0.0932849
-0.093281
-0.0932816
-0.0932832
-0.0932877
-0.0932943
-0.0932986
-0.0933032
-0.0933083
-0.093337
-0.0933515
-0.0933635
-0.0933694
-0.0933694
-0.0933758
-0.0933831
-0.0934112
-0.0934479
-0.0934615
-0.0934877
-0.0934996
-0.0935107
-0.0935327
-0.0935446
-0.0935715
-0.0936806
-0.0937011
-0.0937216
-0.0937216
-0.0937421
-0.0937835
-0.093805
-0.0938272
-0.0938499
-0.093946
-0.0939955
-0.0940197
-0.0940439
-0.0940685
-0.0940937
-0.0941195
-0.0941732
-0.0943252
-0.0943564
-0.0943867
-0.0944441
-0.0944718
-0.0944993
-0.0945271
-0.094584
-0.0947358
-0.0947689
-0.0948022
-0.0948352
-0.0949012
-0.0949344
-0.0949678
-0.095036
-0.0951768
-0.0952124
-0.0952478
-0.0953179
-0.0953884
-0.0954238
-0.0954595
-0.0954595
-0.0954957
-0.095647
-0.0956862
-0.0957254
-0.0958034
-0.095843
-0.0959227
-0.0959227
-0.096003
-0.0962052
-0.096245
-0.0962837
-0.0963575
-0.0963934
-0.0964291
-0.0965004
-0.0965369
-0.0967279
-0.0967664
-0.096841
-0.0968767
-0.0969457
-0.096979
-0.0970447
-0.0971716
-0.0972024
-0.0972321
-0.0972876
-0.0973141
-0.0973402
-0.0973923
-0.097419
-0.0975326
-0.0975626
-0.0976797
-0.0976797
-0.0977073
-0.0977608
-0.0977867
-0.0978118
-0.0979086
-0.0979322
-0.0979551
-0.0979983
-0.0980193
-0.0980404
-0.0981048
-0.0981853
-0.0982035
-0.0982201
-0.0982487
-0.0982614
-0.0982735
-0.0982961
-0.0983072
-0.0983187
-0.0983685
-0.0983805
-0.0983912
-0.0984083
-0.0984152
-0.0984279
-0.0984342
-0.0984403
-0.0984567
-0.0984539
-0.0984514
-0.0984514
-0.0984425
-0.0984402
-0.0984382
-0.098436
-0.0984105
-0.098402
-0.0983935
-0.0983852
-0.0983775
-0.0983706
-0.0983576
-0.0983506
-0.0983506
-0.0983088
-0.0982776
-0.0982429
-0.0982255
-0.0982085
-0.0981752
-0.0981414
-0.0980685
-0.098051
-0.0980344
-0.0980191
-0.0979909
-0.0979909
-0.0979774
-0.0979501
-0.0979501
-0.0978418
-0.0978178
-0.0978178
-0.0977926
-0.0977393
-0.0977112
-0.0976822
-0.0976521
-0.0975882
-0.0974504
-0.0973444
-0.0973096
-0.0972421
-0.0971469
-0.0970837
-0.09699
-0.0969595
-0.0969016
-0.0968473
-0.0968206
-0.0967113
-0.0965912
-0.096561
-0.0964761
-0.0964761
-0.0964496
-0.0963986
-0.0963735
-0.0963735
-0.0963481
-0.0962027
-0.0961689
-0.0961341
-0.0960987
-0.0960264
-0.0959521
-0.0959143
-0.0958759
-0.0956773
-0.095637
-0.0955971
-0.0955574
-0.095479
-0.0954399
-0.0953603
-0.0953198
-0.0951571
-0.0951168
-0.0950773
-0.095001
-0.0949276
-0.0948911
-0.0948547
-0.094782
-0.0946719
-0.0946346
-0.0945611
-0.0945258
-0.094426
-0.0943934
-0.0943293
-0.0942037
-0.0942037
-0.0941425
-0.0940849
-0.0940573
-0.0939769
-0.09395
-0.0939223
-0.0938095
-0.0937816
-0.0937009
-0.0936751
-0.0936751
-0.093626
-0.0936029
-0.0935812
-0.0934778
-0.0934571
-0.0934179
-0.0933992
-0.0933631
-0.0933455
-0.0933111
-0.093245
-0.0932302
-0.0932169
-0.0932053
-0.093186
-0.0931775
-0.0931691
-0.0931608
-0.0931433
-0.0931064
-0.0930977
-0.0930839
-0.0930795
-0.0930751
-0.0930749
-0.093078
-0.0930927
-0.093096
-0.0930992
-0.0931022
-0.0931054
-0.0931127
-0.0931173
-0.0931229
-0.0931643
-0.0931751
-0.0931967
-0.0932068
-0.0932251
-0.0932332
-0.0932576
-0.0932916
-0.0932916
-0.0933053
-0.0933338
-0.0933481
-0.0933775
-0.0933934
-0.0934466
-0.0935049
-0.0935253
-0.0935457
-0.093566
-0.0936291
-0.0936516
-0.0936749
-0.0937227
-0.0938512
-0.0938777
-0.0939037
-0.0939535
-0.0939772
-0.0939772
-0.0940006
-0.0940483
-0.0940734
-0.0942194
-0.0942516
-0.0943473
-0.0944099
-0.0944408
-0.0944713
-0.0945013
-0.0946233
-0.0946881
-0.0947203
-0.0947849
-0.0948178
-0.0948178
-0.0948513
-0.0949203
-0.095067
-0.0951059
-0.0951853
-0.095225
-0.0953796
-0.0953796
-0.095455
-0.0956049
-0.0956424
-0.0956796
-0.0957527
-0.0957894
-0.0958266
-0.0958642
-0.0959407
-0.0961403
-0.0961809
-0.0962601
-0.0963355
-0.096372
-0.0964079
-0.0964437
-0.096627
-0.096699
-0.0967332
-0.0967662
-0.0968587
-0.0968888
-0.0969195
-0.096951
-0.097049
-0.0971176
-0.0971523
-0.0971869
-0.0972216
-0.0972914
-0.0973264
-0.097396
-0.0975386
-0.0976472
-0.097682
-0.0977159
-0.09778
-0.0978102
-0.0978393
-0.0979705
-0.097995
-0.0980184
-0.0980615
-0.0980818
-0.0981018
-0.0981427
-0.098164
-0.098186
-0.0982545
-0.098301
-0.0983238
-0.0983458
-0.0984076
-0.0984277
-0.0984475
-0.0984666
-0.0985351
-0.0985496
-0.0985621
-0.0985724
-0.098594
-0.0986055
-0.0986114
-0.0986177
-0.0986378
-0.098644
-0.0986531
-0.098655
-0.0986541
-0.098652
-0.0986493
-0.0986429
-0.0986183
-0.0986138
-0.0986073
-0.0986013
-0.0985972
-0.0985858
-0.0985789
-0.0985429
-0.0985314
-0.0985314
-0.0984966
-0.0984857
-0.0984746
-0.0984628
-0.0984361
-0.098369
-0.0983502
-0.0983312
-0.0982738
-0.0982339
-0.0982141
-0.098195
-0.098063
-0.098063
-0.098043
-0.0980028
-0.0979827
-0.0979426
-0.0979223
-0.0978099
-0.0977616
-0.0977379
-0.0976903
-0.0976903
-0.0976412
-0.0976154
-0.0975612
-0.0974725
-0.0974099
-0.0973784
-0.0972832
-0.0972507
-0.0972178
-0.0971517
-0.0969818
-0.096948
-0.096915
-0.0968825
-0.0968502
-0.0967853
-0.0967526
-0.0967191
-0.0965738
-0.0965351
-0.0964962
-0.0964575
-0.0963801
-0.0963407
-0.0962606
-0.0962198
-0.0961785
-0.0960078
-0.0959635
-0.095874
-0.0958292
-0.0957844
-0.0957395
-0.0956945
-0.0956038
-0.0955582
-0.0953285
-0.0952842
-0.0951993
-0.0950789
-0.0950789
-0.0949989
-0.0948402
-0.0948023
-0.0947312
-0.094698
-0.0946657
-0.0946338
-0.0946019
-0.094536
-0.0943925
-0.0943173
-0.0943173
-0.0942438
-0.0942088
-0.0941417
-0.0941086
-0.0940753
-0.0939043
-0.0938361
-0.0937711
-0.0937396
-0.0937089
-0.09365
-0.0936217
-0.0935937
-0.0935124
-0.0934594
-0.0934336
-0.0934087
-0.0933601
-0.0933356
-0.0933109
-0.0932861
-0.0932617
-0.0931444
-0.0931219
-0.0931003
-0.09308
-0.0930447
-0.0930295
-0.0930295
-0.0930016
-0.0929358
-0.0929243
-0.0929142
-0.0928997
-0.0928958
-0.0928942
-0.0928943
-0.0928956
-0.0928976
-0.0929021
-0.0929021
-0.0928963
-0.0928922
-0.0928922
-0.092877
-0.0928756
