-0.0998903
-0.0998914
-0.0998922
-0.0998928
-0.0998934
-0.099894
-0.0998945
-0.0998952
-0.0998958
-0.0998965
-0.0998971
-0.0998978
-0.0998985
-0.0998993
-0.0999
-0.0999007
-0.0999015
-0.0999022
-0.099903
-0.0999039
-0.0999048
-0.0999056
-0.0999065
-0.0999075
-0.0999084
-0.0999093
-0.0999101
-0.099911
-0.0999119
-0.0999127
-0.0999136
-0.0999145
-0.0999154
-0.0999164
-0.0999173
-0.0999182
-0.0999191
-0.0999199
-0.0999208
-0.0999216
-0.0999224
-0.0999232
-0.099924
-0.0999248
-0.0999255
-0.0999263
-0.099927
-0.0999276
-0.0999283
-0.0999289
-0.0999295
-0.09993
-0.0999305
-0.099931
-0.0999315
-0.099932
-0.0999325
-0.0999329
-0.0999332
-0.0999335
-0.0999337
-0.0999339
-0.099934
-0.0999341
-0.0999341
-0.0999342
-0.0999341
-0.0999341
-0.099934
-0.0999339
-0.0999337
-0.0999335
-0.0999332
-0.0999329
-0.0999324
-0.099932
-0.0999314
-0.0999309
-0.0999303
-0.0999296
-0.099929
-0.0999282
-0.0999275
-0.0999266
-0.0999257
-0.0999248
-0.0999238
-0.0999228
-0.0999216
-0.0999205
-0.0999193
-0.099918
-0.0999167
-0.0999153
-0.0999139
-0.0999124
-0.0999109
-0.0999093
-0.0999077
-0.0999061
-0.0999044
-0.0999026
-0.0999008
-0.099899
-0.0998971
-0.0998952
-0.0998933
-0.0998914
-0.0998894
-0.0998873
-0.0998852
-0.0998831
-0.0998809
-0.0998787
-0.0998764
-0.0998741
-0.0998718
-0.0998695
-0.0998671
-0.0998648
-0.0998624
-0.09986
-0.0998575
-0.099855
-0.0998525
-0.09985
-0.0998476
-0.0998451
-0.0998426
-0.0998402
-0.0998378
-0.0998353
-0.0998329
-0.0998305
-0.0998281
-0.0998257
-0.0998232
-0.0998208
-0.0998184
-0.099816
-0.0998136
-0.0998113
-0.0998089
-0.0998066
-0.0998043
-0.0998021
-0.0997998
-0.0997976
-0.0997954
-0.0997932
-0.099791
-0.099789
-0.0997869
-0.099785
-0.0997831
-0.0997812
-0.0997793
-0.0997775
-0.0997758
-0.0997741
-0.0997725
-0.0997709
-0.0997693
-0.0997678
-0.0997664
-0.0997651
-0.0997639
-0.0997627
-0.0997616
-0.0997606
-0.0997596
-0.0997587
-0.0997579
-0.0997571
-0.0997564
-0.0997558
-0.0997553
-0.0997549
-0.0997545
-0.0997542
-0.099754
-0.099754
-0.099754
-0.0997541
-0.0997544
-0.0997547
-0.0997552
-0.0997557
-0.0997562
-0.0997569
-0.0997577
-0.0997585
-0.0997594
-0.0997603
-0.0997614
-0.0997626
-0.0997638
-0.0997652
-0.0997666
-0.0997682
-0.09977
-0.0997718
-0.0997736
-0.0997756
-0.0997777
-0.0997798
-0.0997822
-0.0997845
-0.099787
-0.0997895
-0.0997922
-0.0997949
-0.0997977
-0.0998005
-0.0998035
-0.0998064
-0.0998094
-0.0998125
-0.0998156
-0.0998189
-0.0998222
-0.0998257
-0.0998292
-0.0998328
-0.0998365
-0.0998403
-0.099844
-0.0998479
-0.0998518
-0.0998558
-0.0998598
-0.0998639
-0.099868
-0.0998722
-0.0998764
-0.0998807
-0.099885
-0.0998894
-0.0998938
-0.0998982
-0.0999027
-0.0999072
-0.0999118
-0.0999163
-0.099921
-0.0999256
-0.0999303
-0.099935
-0.0999397
-0.0999444
-0.099949
-0.0999537
-0.0999584
-0.0999631
-0.0999679
-0.0999726
-0.0999774
-0.0999822
-0.0999869
-0.0999915
-0.0999961
-0.100001
-0.100005
-0.10001
-0.100014
-0.100018
-0.100023
-0.100027
-0.100031
-0.100035
-0.100039
-0.100043
-0.100047
-0.100051
-0.100055
-0.100059
-0.100062
-0.100066
-0.10007
-0.100073
-0.100076
-0.10008
-0.100083
-0.100086
-0.100089
-0.100092
-0.100095
-0.100097
-0.1001
-0.100102
-0.100105
-0.100107
-0.100109
-0.100111
-0.100113
-0.100115
-0.100117
-0.100118
-0.10012
-0.100121
-0.100122
-0.100123
-0.100124
-0.100125
-0.100125
-0.100126
-0.100126
-0.100126
-0.100126
-0.100126
-0.100126
-0.100126
-0.100125
-0.100124
-0.100123
-0.100122
-0.100121
-0.10012
-0.100119
-0.100117
-0.100115
-0.100113
-0.100111
-0.100109
-0.100107
-0.100104
-0.100102
-0.100099
-0.100096
-0.100093
-0.10009
-0.100087
-0.100083
-0.10008
-0.100076
-0.100072
-0.100068
-0.100064
-0.10006
-0.100056
-0.100051
-0.100047
-0.100042
-0.100037
-0.100032
-0.100027
-0.100022
-0.100017
-0.100011
-0.100006
-0.1
-0.0999946
-0.0999888
-0.0999829
-0.099977
-0.0999709
-0.0999648
-0.0999585
-0.0999522
-0.0999458
-0.0999394
-0.0999329
-0.0999263
-0.0999196
-0.0999129
-0.0999061
-0.0998992
-0.0998924
-0.0998855
-0.0998786
-0.0998717
-0.0998648
-0.0998579
-0.0998509
-0.099844
-0.0998371
-0.0998301
-0.0998231
-0.0998161
-0.0998091
-0.099802
-0.099795
-0.099788
-0.099781
-0.0997741
-0.0997672
-0.0997604
-0.0997536
-0.0997469
-0.0997402
-0.0997336
-0.0997271
-0.0997206
-0.0997141
-0.0997077
-0.0997014
-0.0996952
-0.0996891
-0.0996831
-0.0996772
-0.0996715
-0.0996658
-0.0996602
-0.0996548
-0.0996494
-0.0996441
-0.099639
-0.0996339
-0.099629
-0.0996243
-0.0996196
-0.0996151
-0.0996107
-0.0996065
-0.0996024
-0.0995985
-0.0995947
-0.0995911
-0.0995877
-0.0995844
-0.0995813
-0.0995783
-0.0995756
-0.099573
-0.0995706
-0.0995684
-0.0995663
-0.0995645
-0.0995628
-0.0995614
-0.0995601
-0.099559
-0.0995581
-0.0995574
-0.0995569
-0.0995566
-0.0995565
-0.0995565
-0.0995568
-0.0995572
-0.0995579
-0.0995588
-0.0995599
-0.0995613
-0.0995628
-0.0995645
-0.0995664
-0.0995685
-0.0995707
-0.0995731
-0.0995757
-0.0995785
-0.0995815
-0.0995848
-0.0995882
-0.0995919
-0.0995957
-0.0995998
-0.0996042
-0.0996088
-0.0996135
-0.0996184
-0.0996234
-0.0996285
-0.0996339
-0.0996393
-0.0996449
-0.0996507
-0.0996567
-0.0996629
-0.0996693
-0.0996758
-0.0996825
-0.0996894
-0.0996963
-0.0997034
-0.0997106
-0.099718
-0.0997256
-0.0997332
-0.099741
-0.0997489
-0.099757
-0.0997652
-0.0997735
-0.0997819
-0.0997904
-0.0997989
-0.0998076
-0.0998163
-0.0998251
-0.0998339
-0.0998428
-0.0998518
-0.0998609
-0.09987
-0.0998792
-0.0998885
-0.0998977
-0.0999071
-0.0999164
-0.0999257
-0.0999351
-0.0999444
-0.0999537
-0.099963
-0.0999723
-0.0999816
-0.0999909
-0.1
-0.10001
-0.100019
-0.100028
-0.100037
-0.100046
-0.100055
-0.100064
-0.100073
-0.100082
-0.100091
-0.1001
-0.100108
-0.100117
-0.100125
-0.100134
-0.100142
-0.10015
-0.100158
-0.100166
-0.100173
-0.100181
-0.100188
-0.100196
-0.100203
-0.10021
-0.100217
-0.100223
-0.10023
-0.100236
-0.100242
-0.100248
-0.100254
-0.100259
-0.100265
-0.10027
-0.100275
-0.10028
-0.100284
-0.100288
-0.100292
-0.100296
-0.1003
-0.100303
-0.100306
-0.100309
-0.100312
-0.100314
-0.100317
-0.100319
-0.10032
-0.100322
-0.100323
-0.100324
-0.100325
-0.100325
-0.100326
-0.100326
-0.100325
-0.100325
-0.100324
-0.100323
-0.100321
-0.10032
-0.100318
-0.100315
-0.100313
-0.10031
-0.100307
-0.100304
-0.100301
-0.100297
-0.100293
-0.100289
-0.100285
-0.10028
-0.100275
-0.10027
-0.100264
-0.100259
-0.100253
-0.100247
-0.100241
-0.100234
-0.100227
-0.10022
-0.100213
-0.100206
-0.100198
-0.10019
-0.100182
-0.100174
-0.100165
-0.100156
-0.100148
-0.100139
-0.100129
-0.10012
-0.10011
-0.100101
-0.100091
-0.100081
-0.100071
-0.10006
-0.10005
-0.10004
-0.100029
-0.100018
-0.100008
-0.0999965
-0.0999854
-0.0999742
-0.0999629
-0.0999515
-0.09994
-0.0999285
-0.0999169
-0.0999053
-0.0998937
-0.099882
-0.0998704
-0.0998587
-0.099847
-0.0998352
-0.0998234
-0.0998116
-0.0997999
-0.0997881
-0.0997763
-0.0997646
-0.0997529
-0.0997413
-0.0997298
-0.0997182
-0.0997068
-0.0996954
-0.0996841
-0.0996729
-0.0996617
-0.0996507
-0.0996398
-0.099629
-0.0996183
-0.0996078
-0.0995974
-0.0995871
-0.099577
-0.0995671
-0.0995573
-0.0995476
-0.0995382
-0.0995289
-0.0995198
-0.0995109
-0.0995022
-0.0994937
-0.0994855
-0.0994774
-0.0994696
-0.0994621
-0.0994548
-0.0994476
-0.0994407
-0.099434
-0.0994276
-0.0994214
-0.0994155
-0.0994099
-0.0994045
-0.0993994
-0.0993946
-0.09939
-0.0993857
-0.0993816
-0.0993779
-0.0993744
-0.0993713
-0.0993684
-0.099366
-0.0993638
-0.0993619
-0.0993603
-0.0993591
-0.0993583
-0.0993577
-0.0993574
-0.0993575
-0.0993579
-0.0993585
-0.0993593
-0.0993605
-0.0993619
-0.0993637
-0.0993658
-0.0993683
-0.0993711
-0.0993742
-0.0993776
-0.0993814
-0.0993854
-0.0993897
-0.0993944
-0.0993992
-0.0994044
-0.0994099
-0.0994157
-0.0994218
-0.0994281
-0.0994348
-0.0994418
-0.099449
-0.0994566
-0.0994644
-0.0994725
-0.0994809
-0.0994896
-0.0994985
-0.099508
-0.0995176
-0.0995274
-0.0995375
-0.0995477
-0.0995581
-0.0995688
-0.0995796
-0.0995904
-0.0996016
-0.0996129
-0.0996245
-0.0996364
-0.0996484
-0.0996606
-0.0996729
-0.0996853
-0.099698
-0.0997108
-0.0997237
-0.0997368
-0.0997501
-0.0997634
-0.0997769
-0.0997906
-0.0998043
-0.0998181
-0.099832
-0.0998459
-0.0998598
-0.0998738
-0.0998879
-0.099902
-0.0999161
-0.0999303
-0.0999444
-0.0999586
-0.0999727
-0.0999869
-0.100001
-0.100015
-0.100029
-0.100043
-0.100057
-0.100071
-0.100085
-0.100099
-0.100112
-0.100126
-0.100139
-0.100152
-0.100166
-0.100179
-0.100192
-0.100204
-0.100217
-0.10023
-0.100242
-0.100254
-0.100266
-0.100278
-0.10029
-0.100301
-0.100312
-0.100323
-0.100334
-0.100345
-0.100355
-0.100365
-0.100375
-0.100384
-0.100394
-0.100403
-0.100411
-0.10042
-0.100428
-0.100436
-0.100443
-0.100451
-0.100457
-0.100464
-0.10047
-0.100476
-0.100482
-0.100487
-0.100492
-0.100497
-0.100501
-0.100505
-0.100509
-0.100512
-0.100515
-0.100517
-0.10052
-0.100521
-0.100523
-0.100524
-0.100524
-0.100525
-0.100525
-0.100524
-0.100523
-0.100522
-0.100521
-0.100519
-0.100516
-0.100514
-0.100511
-0.100507
-0.100503
-0.100499
-0.100495
-0.10049
-0.100485
-0.100479
-0.100473
-0.100467
-0.10046
-0.100453
-0.100446
-0.100438
-0.10043
-0.100421
-0.100413
-0.100404
-0.100394
-0.100385
-0.100375
-0.100364
-0.100354
-0.100343
-0.100331
-0.10032
-0.100308
-0.100296
-0.100284
-0.100271
-0.100258
-0.100245
-0.100232
-0.100219
-0.100205
-0.100191
-0.100177
-0.100162
-0.100148
-0.100133
-0.100118
-0.100103
-0.100087
-0.100072
-0.100056
-0.100041
-0.100025
-0.100009
-0.0999929
-0.0999767
-0.0999605
-0.0999442
-0.0999279
-0.0999114
-0.0998949
-0.0998784
-0.0998618
-0.0998452
-0.0998286
-0.099812
-0.0997955
-0.0997789
-0.0997624
-0.0997459
-0.0997294
-0.099713
-0.0996967
-0.0996805
-0.0996643
-0.0996483
-0.0996323
-0.0996165
-0.0996007
-0.0995851
-0.0995697
-0.0995544
-0.0995393
-0.0995243
-0.0995096
-0.099495
-0.0994807
-0.0994665
-0.0994526
-0.0994389
-0.0994255
-0.0994123
-0.0993994
-0.0993867
-0.0993743
-0.0993621
-0.0993502
-0.0993386
-0.0993273
-0.0993163
-0.0993058
-0.0992955
-0.0992855
-0.0992758
-0.0992665
-0.0992575
-0.0992489
-0.0992406
-0.0992328
-0.0992253
-0.0992181
-0.0992114
-0.099205
-0.099199
-0.0991934
-0.0991881
-0.0991831
-0.0991786
-0.0991745
-0.0991709
-0.0991677
-0.099165
-0.0991627
-0.0991608
-0.0991595
-0.0991586
-0.0991581
-0.0991579
-0.0991582
-0.0991588
-0.0991599
-0.0991613
-0.0991632
-0.0991655
-0.0991683
-0.0991715
-0.0991752
-0.0991793
-0.0991837
-0.0991886
-0.0991939
-0.0991995
-0.0992056
-0.0992121
-0.099219
-0.0992264
-0.0992341
-0.0992423
-0.0992508
-0.0992598
-0.0992693
-0.0992791
-0.0992893
-0.0992999
-0.0993108
-0.0993222
-0.0993339
-0.099346
-0.0993584
-0.0993711
-0.0993842
-0.0993976
-0.0994112
-0.0994252
-0.0994394
-0.0994539
-0.0994687
-0.0994837
-0.0994991
-0.0995147
-0.0995305
-0.0995466
-0.099563
-0.0995797
-0.0995965
-0.0996135
-0.0996307
-0.099648
-0.0996656
-0.0996833
-0.0997012
-0.0997193
-0.0997375
-0.0997558
-0.0997743
-0.0997928
-0.0998115
-0.0998302
-0.0998489
-0.0998677
-0.0998865
-0.0999054
-0.0999243
-0.0999433
-0.0999623
-0.0999813
-0.1
-0.100019
-0.100038
-0.100057
-0.100076
-0.100095
-0.100113
-0.100132
-0.10015
-0.100168
-0.100186
-0.100204
-0.100222
-0.10024
-0.100257
-0.100275
-0.100292
-0.100309
-0.100325
-0.100342
-0.100358
-0.100374
-0.10039
-0.100405
-0.100421
-0.100436
-0.10045
-0.100465
-0.100479
-0.100493
-0.100506
-0.10052
-0.100533
-0.100545
-0.100558
-0.100569
-0.100581
-0.100592
-0.100603
-0.100613
-0.100623
-0.100632
-0.100641
-0.10065
-0.100658
-0.100666
-0.100673
-0.10068
-0.100687
-0.100693
-0.100698
-0.100703
-0.100707
-0.100711
-0.100715
-0.100718
-0.10072
-0.100722
-0.100724
-0.100725
-0.100725
-0.100725
-0.100725
-0.100724
-0.100723
-0.100721
-0.100718
-0.100716
-0.100712
-0.100709
-0.100704
-0.1007
-0.100694
-0.100689
-0.100683
-0.100676
-0.100669
-0.100661
-0.100653
-0.100645
-0.100636
-0.100626
-0.100617
-0.100606
-0.100596
-0.100584
-0.100573
-0.100561
-0.100548
-0.100535
-0.100522
-0.100508
-0.100494
-0.10048
-0.100465
-0.10045
-0.100434
-0.100418
-0.100402
-0.100386
-0.100369
-0.100352
-0.100334
-0.100317
-0.100299
-0.10028
-0.100262
-0.100243
-0.100224
-0.100205
-0.100185
-0.100166
-0.100146
-0.100126
-0.100105
-0.100085
-0.100064
-0.100044
-0.100023
-0.100002
-0.099981
-0.0999599
-0.0999387
-0.0999175
-0.0998962
-0.0998749
-0.0998536
-0.0998322
-0.0998107
-0.0997893
-0.0997679
-0.0997465
-0.0997252
-0.0997039
-0.0996827
-0.0996616
-0.0996406
-0.0996197
-0.099599
-0.0995784
-0.0995579
-0.0995377
-0.0995176
-0.0994977
-0.0994779
-0.0994584
-0.0994391
-0.09942
-0.0994011
-0.0993826
-0.0993642
-0.0993462
-0.0993285
-0.099311
-0.0992939
-0.099277
-0.0992605
-0.0992443
-0.0992284
-0.0992129
-0.0991978
-0.099183
-0.0991686
-0.0991547
-0.0991411
-0.099128
-0.0991153
-0.0991032
-0.0990914
-0.0990801
-0.0990693
-0.0990588
-0.0990489
-0.0990394
-0.0990305
-0.099022
-0.0990142
-0.0990068
-0.0989999
-0.0989935
-0.0989876
-0.0989823
-0.0989774
-0.098973
-0.0989693
-0.0989661
-0.0989634
-0.0989612
-0.0989596
-0.0989585
-0.0989579
-0.0989579
-0.0989584
-0.0989595
-0.098961
-0.0989631
-0.0989657
-0.0989689
-0.0989725
-0.0989767
-0.0989815
-0.0989868
-0.0989927
-0.0989991
-0.0990061
-0.0990136
-0.0990216
-0.0990302
-0.0990393
-0.099049
-0.0990591
-0.0990698
-0.0990809
-0.0990926
-0.0991047
-0.0991172
-0.0991303
-0.0991438
-0.0991577
-0.0991721
-0.099187
-0.0992022
-0.0992179
-0.099234
-0.0992505
-0.0992675
-0.0992848
-0.0993025
-0.0993206
-0.099339
-0.0993578
-0.099377
-0.0993965
-0.0994163
-0.0994365
-0.0994569
-0.0994776
-0.0994986
-0.0995199
-0.0995414
-0.0995632
-0.0995852
-0.0996074
-0.0996298
-0.0996524
-0.0996752
-0.0996981
-0.0997212
-0.0997445
-0.0997679
-0.0997914
-0.0998149
-0.0998385
-0.0998622
-0.0998859
-0.0999097
-0.0999334
-0.0999572
-0.099981
-0.100005
-0.100029
-0.100052
-0.100076
-0.1001
-0.100123
-0.100146
-0.10017
-0.100193
-0.100216
-0.100238
-0.100261
-0.100284
-0.100306
-0.100328
-0.100349
-0.100371
-0.100392
-0.100413
-0.100434
-0.100455
-0.100475
-0.100495
-0.100515
-0.100534
-0.100553
-0.100572
-0.10059
-0.100608
-0.100625
-0.100642
-0.100659
-0.100675
-0.100691
-0.100707
-0.100721
-0.100736
-0.10075
-0.100763
-0.100777
-0.100789
-0.100801
-0.100812
-0.100823
-0.100834
-0.100844
-0.100853
-0.100862
-0.10087
-0.100877
-0.100885
-0.100891
-0.100897
-0.100902
-0.100907
-0.100911
-0.100915
-0.100918
-0.10092
-0.100922
-0.100924
-0.100924
-0.100924
-0.100924
-0.100922
-0.100921
-0.100918
-0.100915
-0.100912
-0.100907
-0.100903
-0.100897
-0.100891
-0.100885
-0.100877
-0.10087
-0.100861
-0.100852
-0.100843
-0.100833
-0.100822
-0.100811
-0.100799
-0.100787
-0.100774
-0.100761
-0.100747
-0.100732
-0.100717
-0.100702
-0.100686
-0.100669
-0.100652
-0.100635
-0.100617
-0.100599
-0.10058
-0.100561
-0.100541
-0.100521
-0.100501
-0.10048
-0.100459
-0.100437
-0.100415
-0.100393
-0.10037
-0.100347
-0.100324
-0.100301
-0.100277
-0.100253
-0.100229
-0.100204
-0.10018
-0.100155
-0.10013
-0.100104
-0.100079
-0.100053
-0.100028
-0.100002
-0.0999758
-0.0999498
-0.0999237
-0.0998976
-0.0998714
-0.0998452
-0.0998189
-0.0997927
-0.0997665
-0.0997403
-0.0997141
-0.099688
-0.099662
-0.0996362
-0.0996104
-0.0995848
-0.0995593
-0.099534
-0.0995088
-0.0994839
-0.0994591
-0.0994346
-0.0994102
-0.0993862
-0.0993623
-0.0993388
-0.0993156
-0.0992926
-0.09927
-0.0992477
-0.0992258
-0.0992041
-0.0991829
-0.099162
-0.0991415
-0.0991214
-0.0991018
-0.0990825
-0.0990636
-0.0990452
-0.0990274
-0.09901
-0.0989931
-0.0989768
-0.0989609
-0.0989456
-0.0989308
-0.0989166
-0.0989029
-0.0988898
-0.0988772
-0.0988653
-0.0988539
-0.0988432
-0.098833
-0.0988235
-0.0988147
-0.0988064
-0.0987986
-0.0987915
-0.0987851
-0.0987793
-0.0987741
-0.0987698
-0.0987661
-0.0987631
-0.0987607
-0.0987589
-0.0987579
-0.0987574
-0.0987576
-0.0987585
-0.09876
-0.098762
-0.0987647
-0.098768
-0.098772
-0.0987766
-0.098782
-0.098788
-0.0987946
-0.0988019
-0.0988099
-0.0988184
-0.0988276
-0.0988374
-0.0988478
-0.0988589
-0.0988707
-0.0988831
-0.098896
-0.0989096
-0.0989238
-0.0989386
-0.0989539
-0.0989699
-0.0989865
-0.0990035
-0.0990211
-0.0990393
-0.0990579
-0.0990771
-0.0990967
-0.0991168
-0.0991374
-0.0991585
-0.0991801
-0.0992021
-0.0992245
-0.0992474
-0.0992707
-0.0992944
-0.0993185
-0.0993429
-0.0993676
-0.0993927
-0.099418
-0.0994437
-0.0994697
-0.0994959
-0.0995225
-0.0995493
-0.0995763
-0.0996035
-0.0996309
-0.0996586
-0.0996863
-0.0997143
-0.0997424
-0.0997706
-0.099799
-0.0998274
-0.0998559
-0.0998845
-0.0999131
-0.0999417
-0.0999703
-0.0999989
-0.100028
-0.100056
-0.100085
-0.100113
-0.100141
-0.10017
-0.100198
-0.100225
-0.100253
-0.100281
-0.100308
-0.100335
-0.100363
-0.100389
-0.100416
-0.100442
-0.100468
-0.100494
-0.100519
-0.100544
-0.100568
-0.100593
-0.100616
-0.10064
-0.100663
-0.100685
-0.100707
-0.100729
-0.10075
-0.100771
-0.100791
-0.100811
-0.10083
-0.100849
-0.100868
-0.100885
-0.100902
-0.100919
-0.100935
-0.100951
-0.100965
-0.10098
-0.100993
-0.101006
-0.101018
-0.10103
-0.101041
-0.101051
-0.101061
-0.10107
-0.101078
-0.101086
-0.101093
-0.101099
-0.101105
-0.10111
-0.101114
-0.101117
-0.10112
-0.101122
-0.101123
-0.101124
-0.101124
-0.101123
-0.101121
-0.101119
-0.101116
-0.101112
-0.101108
-0.101103
-0.101097
-0.10109
-0.101083
-0.101075
-0.101067
-0.101057
-0.101047
-0.101036
-0.101025
-0.101013
-0.101
-0.100986
-0.100972
-0.100957
-0.100942
-0.100926
-0.100909
-0.100892
-0.100874
-0.100855
-0.100836
-0.100816
-0.100796
-0.100775
-0.100754
-0.100732
-0.10071
-0.100687
-0.100663
-0.10064
-0.100615
-0.10059
-0.100565
-0.10054
-0.100514
-0.100487
-0.10046
-0.100433
-0.100406
-0.100378
-0.10035
-0.100321
-0.100292
-0.100263
-0.100234
-0.100204
-0.100174
-0.100144
-0.100114
-0.100084
-0.100053
-0.100023
-0.0999919
-0.099961
-0.0999301
-0.0998992
-0.0998682
-0.0998371
-0.0998061
-0.0997751
-0.0997441
-0.0997132
-0.0996823
-0.0996515
-0.0996209
-0.0995903
-0.0995598
-0.0995295
-0.0994994
-0.0994694
-0.0994396
-0.0994099
-0.0993805
-0.0993513
-0.0993225
-0.099294
-0.0992658
-0.099238
-0.0992105
-0.0991834
-0.0991567
-0.0991304
-0.0991045
-0.0990791
-0.0990541
-0.0990297
-0.0990057
-0.0989821
-0.0989592
-0.0989367
-0.0989147
-0.0988933
-0.0988725
-0.0988522
-0.0988325
-0.0988134
-0.0987948
-0.0987768
-0.0987595
-0.0987428
-0.0987267
-0.0987114
-0.0986967
-0.0986827
-0.0986695
-0.098657
-0.0986452
-0.0986341
-0.0986238
-0.0986143
-0.0986055
-0.0985974
-0.0985899
-0.0985835
-0.0985777
-0.0985726
-0.0985682
-0.0985646
-0.0985617
-0.0985597
-0.0985584
-0.0985579
-0.0985581
-0.0985591
-0.0985609
-0.0985634
-0.0985667
-0.0985707
-0.0985756
-0.0985812
-0.0985876
-0.0985947
-0.0986027
-0.0986115
-0.098621
-0.0986312
-0.0986422
-0.098654
-0.0986664
-0.0986796
-0.0986935
