-0.0990006
-0.0989986
-0.0989979
-0.0989978
-0.0989981
-0.0989986
-0.0989992
-0.0990001
-0.0990008
-0.0990016
-0.0990024
-0.0990034
-0.0990043
-0.0990056
-0.0990067
-0.0990078
-0.0990088
-0.0990099
-0.0990109
-0.0990119
-0.0990127
-0.0990135
-0.0990143
-0.099015
-0.0990156
-0.0990164
-0.0990172
-0.0990181
-0.0990191
-0.09902
-0.099021
-0.099022
-0.0990229
-0.0990239
-0.0990248
-0.0990258
-0.0990268
-0.0990279
-0.0990289
-0.0990298
-0.0990306
-0.0990314
-0.0990321
-0.0990328
-0.0990335
-0.0990343
-0.0990351
-0.0990359
-0.0990366
-0.0990374
-0.0990382
-0.0990389
-0.0990395
-0.09904
-0.0990405
-0.099041
-0.0990415
-0.099042
-0.0990424
-0.0990428
-0.0990431
-0.0990432
-0.0990434
-0.0990435
-0.0990436
-0.0990437
-0.0990438
-0.0990439
-0.0990439
-0.0990437
-0.0990435
-0.0990432
-0.0990429
-0.0990426
-0.099042
-0.0990414
-0.0990409
-0.0990401
-0.0990394
-0.0990387
-0.0990381
-0.0990374
-0.0990367
-0.0990361
-0.0990354
-0.0990346
-0.0990338
-0.0990327
-0.0990315
-0.0990303
-0.0990289
-0.0990276
-0.0990262
-0.0990248
-0.0990234
-0.0990219
-0.0990205
-0.099019
-0.0990175
-0.0990159
-0.0990143
-0.0990125
-0.0990107
-0.0990089
-0.099007
-0.099005
-0.099003
-0.099001
-0.0989989
-0.0989968
-0.0989947
-0.0989926
-0.0989905
-0.0989883
-0.0989861
-0.0989839
-0.0989817
-0.0989795
-0.0989773
-0.098975
-0.0989727
-0.0989703
-0.0989679
-0.0989654
-0.0989627
-0.0989601
-0.0989574
-0.0989548
-0.0989522
-0.0989497
-0.0989472
-0.0989448
-0.0989424
-0.0989401
-0.0989377
-0.0989353
-0.098933
-0.0989308
-0.0989286
-0.0989264
-0.0989241
-0.098922
-0.0989198
-0.0989176
-0.0989153
-0.0989131
-0.0989109
-0.0989086
-0.0989063
-0.0989038
-0.0989015
-0.0988993
-0.0988972
-0.0988951
-0.0988932
-0.0988913
-0.0988895
-0.0988877
-0.0988859
-0.0988842
-0.0988824
-0.0988807
-0.0988789
-0.0988771
-0.0988755
-0.098874
-0.0988727
-0.0988717
-0.0988706
-0.0988697
-0.0988688
-0.0988679
-0.0988671
-0.0988661
-0.0988653
-0.0988646
-0.098864
-0.0988635
-0.0988631
-0.0988629
-0.0988629
-0.0988629
-0.0988631
-0.0988632
-0.0988633
-0.0988635
-0.0988638
-0.098864
-0.0988644
-0.0988648
-0.0988654
-0.0988662
-0.0988671
-0.0988681
-0.0988693
-0.0988706
-0.0988719
-0.0988735
-0.0988751
-0.0988768
-0.0988785
-0.0988803
-0.0988822
-0.0988841
-0.0988861
-0.0988881
-0.0988901
-0.0988922
-0.0988945
-0.098897
-0.0988996
-0.0989022
-0.098905
-0.0989079
-0.098911
-0.098914
-0.0989171
-0.0989203
-0.0989235
-0.0989267
-0.0989301
-0.0989336
-0.0989371
-0.0989407
-0.0989443
-0.098948
-0.0989518
-0.0989558
-0.0989598
-0.098964
-0.0989681
-0.0989723
-0.0989765
-0.0989807
-0.0989849
-0.0989892
-0.0989935
-0.0989979
-0.0990022
-0.0990066
-0.099011
-0.0990155
-0.09902
-0.0990246
-0.0990294
-0.0990343
-0.0990391
-0.099044
-0.0990487
-0.0990534
-0.0990581
-0.0990629
-0.0990676
-0.0990724
-0.0990771
-0.0990818
-0.0990865
-0.0990911
-0.0990956
-0.0991
-0.0991042
-0.0991084
-0.0991127
-0.0991168
-0.0991211
-0.0991254
-0.0991298
-0.0991341
-0.0991384
-0.0991427
-0.0991469
-0.099151
-0.099155
-0.0991589
-0.0991627
-0.0991659
-0.0991693
-0.0991727
-0.0991761
-0.0991795
-0.0991828
-0.099186
-0.0991893
-0.0991926
-0.0991963
-0.0991996
-0.0992027
-0.0992056
-0.0992083
-0.0992108
-0.0992132
-0.0992154
-0.0992173
-0.0992192
-0.099221
-0.0992228
-0.0992244
-0.0992261
-0.0992276
-0.0992291
-0.0992304
-0.0992316
-0.0992326
-0.0992335
-0.0992342
-0.0992348
-0.0992352
-0.0992356
-0.0992358
-0.099236
-0.099236
-0.0992357
-0.0992352
-0.0992345
-0.0992336
-0.0992325
-0.0992313
-0.0992299
-0.0992284
-0.0992267
-0.099225
-0.0992233
-0.0992214
-0.0992192
-0.0992169
-0.0992144
-0.0992118
-0.0992091
-0.0992063
-0.0992034
-0.0992003
-0.0991972
-0.0991939
-0.0991904
-0.0991865
-0.0991825
-0.0991785
-0.0991743
-0.09917
-0.0991656
-0.0991611
-0.0991566
-0.0991521
-0.0991474
-0.0991425
-0.0991374
-0.0991322
-0.0991268
-0.0991213
-0.0991158
-0.0991104
-0.0991048
-0.0990992
-0.0990935
-0.0990877
-0.0990817
-0.0990757
-0.0990695
-0.0990633
-0.0990571
-0.0990508
-0.0990443
-0.0990378
-0.0990312
-0.0990245
-0.0990178
-0.099011
-0.0990041
-0.0989972
-0.0989902
-0.0989831
-0.098976
-0.0989689
-0.0989618
-0.0989547
-0.0989478
-0.0989408
-0.0989338
-0.0989268
-0.0989197
-0.0989126
-0.0989056
-0.0988985
-0.0988915
-0.0988844
-0.0988774
-0.0988705
-0.0988637
-0.0988569
-0.0988502
-0.0988436
-0.098837
-0.0988308
-0.0988245
-0.0988183
-0.0988123
-0.0988061
-0.0987999
-0.0987936
-0.0987875
-0.0987816
-0.0987758
-0.0987701
-0.0987646
-0.0987592
-0.0987538
-0.0987484
-0.0987432
-0.0987382
-0.0987334
-0.0987288
-0.0987243
-0.09872
-0.0987159
-0.0987121
-0.0987083
-0.0987046
-0.0987011
-0.0986977
-0.0986946
-0.0986916
-0.0986887
-0.0986859
-0.0986833
-0.0986807
-0.0986782
-0.0986759
-0.0986739
-0.0986719
-0.0986702
-0.0986686
-0.0986672
-0.0986662
-0.0986655
-0.098665
-0.0986648
-0.0986649
-0.0986651
-0.0986657
-0.0986663
-0.098667
-0.0986679
-0.0986687
-0.0986697
-0.098671
-0.0986725
-0.0986743
-0.0986763
-0.0986787
-0.0986813
-0.0986841
-0.0986873
-0.0986905
-0.0986939
-0.0986974
-0.0987009
-0.0987046
-0.0987083
-0.0987124
-0.0987166
-0.0987211
-0.0987259
-0.0987311
-0.0987364
-0.0987418
-0.0987476
-0.0987535
-0.0987595
-0.0987656
-0.0987719
-0.0987782
-0.0987845
-0.0987909
-0.0987975
-0.0988041
-0.098811
-0.0988181
-0.0988255
-0.098833
-0.0988408
-0.0988488
-0.098857
-0.0988651
-0.0988732
-0.0988814
-0.0988896
-0.0988978
-0.0989062
-0.0989144
-0.0989227
-0.0989314
-0.0989401
-0.098949
-0.098958
-0.0989671
-0.0989763
-0.0989858
-0.0989953
-0.0990047
-0.099014
-0.0990234
-0.0990328
-0.0990422
-0.0990515
-0.099061
-0.0990705
-0.09908
-0.0990895
-0.099099
-0.0991085
-0.0991179
-0.0991273
-0.0991367
-0.0991459
-0.0991551
-0.0991642
-0.0991733
-0.0991823
-0.0991913
-0.0992001
-0.0992089
-0.0992173
-0.0992258
-0.0992341
-0.0992423
-0.0992503
-0.0992581
-0.0992658
-0.0992734
-0.099281
-0.0992885
-0.0992959
-0.0993032
-0.0993103
-0.0993173
-0.0993242
-0.0993308
-0.0993373
-0.0993437
-0.0993498
-0.0993558
-0.0993616
-0.0993672
-0.0993726
-0.0993778
-0.0993828
-0.0993878
-0.0993925
-0.0993969
-0.0994012
-0.0994052
-0.0994089
-0.0994123
-0.0994155
-0.0994184
-0.0994208
-0.0994231
-0.0994252
-0.0994271
-0.0994289
-0.0994304
-0.0994319
-0.0994332
-0.0994342
-0.0994349
-0.0994353
-0.0994353
-0.099435
-0.0994344
-0.0994336
-0.0994326
-0.0994314
-0.09943
-0.0994282
-0.0994262
-0.0994238
-0.0994211
-0.0994182
-0.0994149
-0.0994112
-0.0994074
-0.0994034
-0.0993992
-0.0993949
-0.0993904
-0.0993856
-0.0993806
-0.0993753
-0.0993697
-0.0993638
-0.0993576
-0.0993511
-0.0993445
-0.0993378
-0.0993308
-0.0993236
-0.0993163
-0.0993088
-0.0993012
-0.0992932
-0.0992851
-0.0992768
-0.0992682
-0.0992594
-0.0992504
-0.0992412
-0.0992319
-0.0992224
-0.0992127
-0.099203
-0.099193
-0.099183
-0.0991728
-0.0991623
-0.0991518
-0.099141
-0.0991301
-0.0991191
-0.099108
-0.0990968
-0.0990855
-0.0990742
-0.0990629
-0.0990515
-0.09904
-0.0990285
-0.0990168
-0.0990051
-0.0989934
-0.0989816
-0.0989698
-0.098958
-0.0989462
-0.0989344
-0.0989226
-0.0989108
-0.0988988
-0.0988869
-0.0988751
-0.0988632
-0.0988514
-0.0988397
-0.098828
-0.0988165
-0.098805
-0.0987937
-0.0987824
-0.0987713
-0.0987603
-0.0987493
-0.0987385
-0.0987277
-0.098717
-0.0987065
-0.0986961
-0.098686
-0.098676
-0.0986662
-0.0986567
-0.0986475
-0.0986385
-0.0986295
-0.0986208
-0.0986123
-0.098604
-0.098596
-0.0985882
-0.0985805
-0.0985731
-0.0985658
-0.0985586
-0.0985517
-0.0985449
-0.0985385
-0.0985323
-0.0985264
-0.0985207
-0.0985151
-0.0985098
-0.0985048
-0.0985002
-0.0984959
-0.0984919
-0.0984881
-0.0984847
-0.0984813
-0.0984783
-0.0984757
-0.0984735
-0.0984715
-0.0984699
-0.0984685
-0.0984674
-0.0984669
-0.0984667
-0.0984669
-0.0984673
-0.0984679
-0.0984687
-0.0984699
-0.0984713
-0.0984731
-0.0984753
-0.0984777
-0.0984805
-0.0984837
-0.0984871
-0.0984907
-0.0984947
-0.098499
-0.0985036
-0.0985085
-0.0985137
-0.0985191
-0.0985249
-0.0985309
-0.0985372
-0.0985435
-0.0985502
-0.0985573
-0.0985647
-0.0985724
-0.0985805
-0.098589
-0.0985977
-0.0986068
-0.098616
-0.0986254
-0.098635
-0.0986448
-0.0986548
-0.098665
-0.0986755
-0.0986861
-0.098697
-0.098708
-0.0987193
-0.0987308
-0.0987426
-0.0987546
-0.0987668
-0.0987792
-0.0987916
-0.098804
-0.0988165
-0.0988293
-0.0988423
-0.0988556
-0.098869
-0.0988825
-0.0988962
-0.0989101
-0.0989242
-0.0989382
-0.0989523
-0.0989664
-0.0989803
-0.0989943
-0.0990083
-0.0990221
-0.0990359
-0.0990497
-0.0990637
-0.0990778
-0.0990918
-0.0991059
-0.0991199
-0.0991339
-0.0991479
-0.0991618
-0.0991757
-0.0991897
-0.0992035
-0.0992174
-0.0992312
-0.0992448
-0.0992582
-0.0992717
-0.0992849
-0.0992979
-0.0993108
-0.0993235
-0.0993361
-0.0993485
-0.0993607
-0.0993727
-0.0993844
-0.0993959
-0.0994073
-0.0994185
-0.0994295
-0.0994403
-0.0994513
-0.0994618
-0.0994724
-0.0994825
-0.0994923
-0.0995017
-0.0995108
-0.0995196
-0.099528
-0.0995362
-0.0995441
-0.0995516
-0.0995588
-0.0995657
-0.0995723
-0.0995785
-0.0995843
-0.0995899
-0.0995951
-0.0996
-0.0996046
-0.0996089
-0.0996128
-0.0996165
-0.0996198
-0.0996229
-0.0996255
-0.0996278
-0.0996297
-0.0996313
-0.0996324
-0.0996331
-0.0996334
-0.0996333
-0.0996329
-0.0996321
-0.0996311
-0.0996298
-0.0996281
-0.099626
-0.0996235
-0.0996206
-0.0996172
-0.0996135
-0.0996094
-0.099605
-0.0996002
-0.0995951
-0.0995897
-0.0995839
-0.0995776
-0.099571
-0.099564
-0.0995566
-0.0995489
-0.0995408
-0.0995324
-0.0995236
-0.0995145
-0.0995052
-0.0994955
-0.0994856
-0.0994753
-0.0994648
-0.099454
-0.0994429
-0.0994314
-0.0994196
-0.0994076
-0.0993952
-0.0993826
-0.09937
-0.0993571
-0.0993439
-0.0993305
-0.0993168
-0.0993029
-0.0992888
-0.0992744
-0.0992599
-0.0992451
-0.0992302
-0.0992151
-0.0991999
-0.0991845
-0.0991689
-0.0991532
-0.0991372
-0.0991211
-0.0991049
-0.0990887
-0.0990724
-0.099056
-0.0990396
-0.0990233
-0.099007
-0.0989907
-0.0989743
-0.0989578
-0.0989413
-0.0989247
-0.0989082
-0.0988916
-0.0988751
-0.0988586
-0.098842
-0.0988255
-0.0988091
-0.0987928
-0.0987766
-0.0987606
-0.0987447
-0.0987287
-0.0987128
-0.0986971
-0.0986816
-0.0986664
-0.0986514
-0.0986368
-0.0986222
-0.0986078
-0.0985936
-0.0985795
-0.0985656
-0.098552
-0.0985386
-0.0985254
-0.0985122
-0.0984992
-0.0984866
-0.0984742
-0.0984621
-0.0984503
-0.0984388
-0.0984276
-0.0984164
-0.0984057
-0.0983954
-0.0983856
-0.0983764
-0.0983675
-0.0983589
-0.0983507
-0.0983426
-0.0983349
-0.0983275
-0.0983205
-0.098314
-0.098308
-0.0983025
-0.0982973
-0.0982924
-0.098288
-0.0982839
-0.0982802
-0.0982768
-0.0982739
-0.0982712
-0.098269
-0.0982673
-0.0982661
-0.0982654
-0.0982654
-0.0982657
-0.0982666
-0.0982678
-0.0982694
-0.0982714
-0.0982738
-0.0982765
-0.0982795
-0.0982829
-0.0982868
-0.0982911
-0.098296
-0.0983014
-0.0983071
-0.0983133
-0.0983199
-0.0983266
-0.0983337
-0.0983413
-0.0983493
-0.0983578
-0.0983666
-0.0983759
-0.0983856
-0.0983957
-0.0984065
-0.0984176
-0.0984289
-0.0984408
-0.0984529
-0.0984652
-0.0984779
-0.0984908
-0.098504
-0.0985175
-0.0985311
-0.0985451
-0.0985595
-0.0985741
-0.098589
-0.0986042
-0.0986198
-0.0986357
-0.0986517
-0.098668
-0.0986845
-0.0987012
-0.0987182
-0.0987354
-0.0987527
-0.0987704
-0.0987884
-0.0988065
-0.0988248
-0.0988431
-0.0988614
-0.0988798
-0.0988983
-0.0989169
-0.0989354
-0.0989537
-0.0989723
-0.0989909
-0.0990097
-0.0990287
-0.0990477
-0.0990669
-0.0990861
-0.0991051
-0.099124
-0.0991428
-0.0991615
-0.0991801
-0.0991986
-0.0992169
-0.099235
-0.0992532
-0.0992714
-0.0992896
-0.0993077
-0.0993257
-0.0993436
-0.0993614
-0.0993794
-0.099397
-0.0994143
-0.0994315
-0.0994484
-0.0994651
-0.0994814
-0.0994975
-0.0995135
-0.099529
-0.0995442
-0.099559
-0.0995735
-0.0995876
-0.0996013
-0.0996147
-0.0996277
-0.0996404
-0.0996527
-0.0996647
-0.0996763
-0.0996875
-0.0996985
-0.0997093
-0.0997199
-0.09973
-0.0997395
-0.0997486
-0.0997573
-0.0997655
-0.0997733
-0.0997807
-0.0997876
-0.099794
-0.0997999
-0.0998053
-0.0998103
-0.0998148
-0.0998188
-0.0998223
-0.0998256
-0.0998283
-0.0998306
-0.0998324
-0.0998336
-0.0998344
-0.0998346
-0.0998344
-0.0998336
-0.0998324
-0.0998307
-0.0998285
-0.0998258
-0.0998226
-0.099819
-0.0998148
-0.0998101
-0.0998049
-0.0997993
-0.0997931
-0.0997865
-0.0997793
-0.0997717
-0.0997637
-0.0997553
-0.0997464
-0.0997371
-0.0997273
-0.0997171
-0.0997064
-0.0996952
-0.0996837
-0.0996717
-0.0996594
-0.0996466
-0.0996335
-0.09962
-0.099606
-0.0995917
-0.099577
-0.0995619
-0.0995465
-0.0995307
-0.0995146
-0.0994981
-0.0994814
-0.0994644
-0.099447
-0.0994293
-0.0994114
-0.0993932
-0.0993748
-0.0993561
-0.0993371
-0.0993179
-0.0992985
-0.0992788
-0.099259
-0.0992387
-0.0992184
-0.0991979
-0.0991773
-0.0991566
-0.0991358
-0.0991148
-0.0990937
-0.0990726
-0.0990514
-0.09903
-0.0990086
-0.0989872
-0.0989658
-0.0989444
-0.0989232
-0.0989018
-0.0988805
-0.0988593
-0.0988381
-0.0988169
-0.0987959
-0.0987749
-0.098754
-0.0987332
-0.0987126
-0.098692
-0.0986715
-0.0986512
-0.098631
-0.0986111
-0.0985913
-0.0985716
-0.0985523
-0.0985331
-0.0985142
-0.0984956
-0.0984772
-0.0984591
-0.0984413
-0.0984238
-0.0984066
-0.0983898
-0.0983733
-0.098357
-0.0983411
-0.0983256
-0.0983104
-0.0982955
-0.0982811
-0.0982671
-0.0982536
-0.0982405
-0.0982278
-0.0982155
-0.0982037
-0.0981923
-0.0981812
-0.0981706
-0.0981606
-0.0981511
-0.098142
-0.0981335
-0.0981256
-0.0981181
-0.0981112
-0.0981048
-0.0980988
-0.0980933
-0.0980883
-0.0980837
-0.0980797
-0.0980762
-0.0980733
-0.0980708
-0.0980689
-0.0980675
-0.0980668
-0.0980666
-0.0980669
-0.0980678
-0.0980692
-0.0980712
-0.0980738
-0.0980769
-0.0980805
-0.0980848
-0.0980896
-0.0980949
-0.0981008
-0.0981072
-0.0981142
-0.0981216
-0.0981295
-0.0981379
-0.0981468
-0.0981562
-0.0981661
-0.0981765
-0.0981873
-0.0981987
-0.0982107
-0.0982231
-0.0982361
-0.0982495
-0.0982634
-0.0982777
-0.0982924
-0.0983076
-0.0983232
-0.0983393
-0.0983558
-0.0983728
-0.0983901
-0.0984078
-0.0984259
-0.0984443
-0.0984631
-0.0984822
-0.0985017
-0.0985215
-0.0985416
-0.098562
-0.0985827
-0.0986034
-0.0986245
-0.0986458
-0.0986673
-0.0986892
-0.0987113
-0.0987338
-0.0987564
-0.0987792
-0.0988021
-0.0988251
-0.0988483
-0.0988716
-0.0988949
-0.0989184
-0.098942
-0.0989657
-0.0989895
-0.0990133
-0.0990371
-0.099061
-0.099085
-0.0991089
-0.0991328
-0.0991565
-0.0991802
-0.0992038
-0.0992273
-0.0992508
-0.099274
-0.0992971
-0.0993201
-0.099343
-0.0993656
-0.0993881
-0.0994104
-0.0994325
-0.0994544
-0.0994762
-0.0994977
-0.0995189
-0.0995399
-0.0995605
-0.0995809
-0.099601
-0.0996208
-0.0996402
-0.0996594
-0.0996781
-0.0996965
-0.0997145
-0.0997321
-0.0997492
-0.0997657
-0.0997819
-0.0997976
-0.0998127
-0.0998274
-0.0998417
-0.0998556
-0.099869
-0.0998819
-0.0998943
-0.0999063
-0.0999178
-0.0999288
-0.0999393
-0.0999493
-0.0999587
-0.0999676
-0.099976
-0.0999838
-0.0999913
-0.0999982
-0.100004
-0.10001
-0.100015
-0.100019
-0.100023
-0.100026
-0.100029
-0.10003
-0.100032
-0.100032
-0.100032
-0.100032
-0.100031
-0.100029
-0.100027
-0.100024
-0.100021
-0.100017
-0.100012
-0.100007
-0.100001
-0.0999943
-0.0999872
-0.0999796
-0.0999714
-0.0999625
-0.0999531
-0.0999431
-0.0999326
-0.0999215
-0.0999098
-0.0998975
-0.0998847
-0.0998714
-0.0998574
-0.099843
-0.099828
-0.0998125
-0.0997965
-0.0997802
-0.0997633
-0.0997461
-0.0997284
-0.0997102
-0.0996916
-0.0996725
-0.099653
-0.099633
-0.0996126
-0.0995919
-0.0995708
-0.0995493
-0.0995275
-0.0995054
-0.0994829
-0.0994601
-0.099437
-0.0994136
-0.0993899
-0.099366
-0.0993418
-0.0993174
-0.0992928
-0.099268
-0.099243
-0.0992178
-0.0991925
-0.0991669
-0.0991412
-0.0991154
-0.0990895
-0.0990635
-0.0990373
-0.0990112
-0.098985
-0.0989587
-0.0989324
-0.0989062
-0.0988798
-0.0988534
-0.0988272
-0.0988011
-0.0987751
-0.0987492
-0.0987235
-0.0986979
-0.0986724
-0.0986471
-0.0986221
-0.0985973
-0.0985726
-0.0985482
-0.098524
-0.0985
-0.0984763
-0.0984525
-0.0984292
-0.0984061
-0.0983834
-0.098361
-0.098339
-0.0983173
-0.0982961
-0.0982753
-0.0982549
-0.098235
-0.0982154
-0.0981962
-0.0981775
-0.0981592
-0.0981412
-0.0981237
-0.0981065
-0.0980899
-0.0980739
-0.0980584
-0.0980433
-0.0980289
-0.098015
-0.098002
-0.0979895
-0.0979776
-0.0979663
-0.0979556
-0.0979454
-0.0979358
-0.0979268
-0.0979184
-0.0979105
-0.0979033
-0.0978968
-0.0978909
-0.0978857
-0.0978811
-0.097877
-0.0978734
-0.0978704
-0.0978681
-0.0978665
-0.0978656
-0.0978655
-0.0978662
-0.0978676
-0.0978698
-0.0978726
-0.097876
-0.0978801
-0.0978848
-0.0978902
-0.0978961
-0.0979028
-0.0979101
-0.0979181
-0.0979268
-0.097936
-0.0979459
-0.0979564
-0.0979676
-0.0979793
-0.0979916
-0.0980045
-0.0980178
-0.0980317
-0.0980461
-0.0980612
-0.0980769
-0.0980932
-0.0981101
-0.0981275
-0.0981454
-0.0981638
-0.0981828
-0.0982022
-0.0982221
-0.0982425
-0.0982634
-0.0982848
-0.0983066
-0.0983289
-0.0983517
-0.0983748
-0.0983983
-0.0984222
-0.0984465
-0.0984711
-0.0984961
-0.0985215
-0.0985473
-0.0985734
-0.0985997
-0.0986264
-0.0986533
-0.0986804
-0.0987077
-0.0987351
-0.0987626
-0.0987902
-0.098818
-0.098846
-0.098874
-0.0989022
-0.0989306
-0.098959
-0.0989877
-0.0990164
-0.0990451
-0.0990738
-0.0991024
-0.0991309
-0.0991594
-0.0991876
-0.0992157
-0.0992438
-0.0992719
-0.0992999
-0.0993278
-0.0993556
-0.0993832
-0.0994106
-0.0994379
-0.099465
-0.0994917
-0.0995182
-0.0995445
-0.0995705
-0.0995962
-0.0996216
-0.0996466
-0.0996713
-0.0996958
-0.0997199
-0.0997435
-0.0997668
-0.0997897
-0.0998121
-0.0998339
-0.0998553
-0.0998762
-0.0998966
-0.0999164
-0.0999357
-0.0999544
-0.0999727
-0.0999904
-0.100008
-0.100024
-0.10004
-0.100056
-0.10007
-0.100085
-0.100098
-0.100111
-0.100124
-0.100136
-0.100147
-0.100157
-0.100167
-0.100176
-0.100185
-0.100193
-0.1002
-0.100206
-0.100212
-0.100217
-0.100221
-0.100225
-0.100228
-0.10023
-0.100231
-0.100232
-0.100232
-0.100231
-0.10023
-0.100228
-0.100225
-0.100221
-0.100217
-0.100212
-0.100206
-0.1002
-0.100193
-0.100185
-0.100176
-0.100167
-0.100157
-0.100146
-0.100135
-0.100123
-0.10011
-0.100097
-0.100083
-0.100068
-0.100053
-0.100037
-0.10002
-0.100003
-0.0999853
-0.0999669
-0.0999479
-0.0999283
-0.0999081
-0.0998874
-0.0998661
-0.0998442
-0.0998219
-0.0997991
-0.0997758
-0.099752
-0.0997277
-0.099703
-0.0996779
-0.0996523
-0.0996263
-0.0995999
-0.0995731
-0.0995459
-0.0995184
-0.0994906
-0.0994625
-0.0994341
-0.0994054
-0.0993764
-0.0993471
-0.0993176
-0.0992878
-0.0992579
-0.0992277
-0.0991974
-0.099167
-0.0991364
-0.0991057
-0.0990749
-0.099044
-0.099013
-0.098982
-0.0989509
-0.0989198
-0.0988887
-0.0988577
-0.0988267
-0.0987958
-0.098765
-0.0987343
-0.0987037
-0.0986732
-0.0986429
-0.0986128
-0.0985829
-0.0985532
-0.0985238
-0.0984946
-0.0984657
-0.098437
-0.0984087
-0.0983806
-0.0983527
-0.0983253
-0.0982981
-0.0982713
-0.098245
-0.098219
-0.0981935
-0.0981684
-0.0981439
-0.0981198
-0.0980962
-0.098073
-0.0980503
-0.0980281
-0.0980063
-0.0979851
-0.0979646
-0.0979447
-0.0979255
-0.0979069
-0.0978889
-0.0978715
-0.0978547
-0.0978384
-0.0978229
-0.0978079
-0.0977936
-0.0977797
-0.0977667
-0.0977545
-0.0977432
-0.0977328
-0.097723
-0.097714
-0.0977059
-0.0976988
-0.0976923
-0.0976865
-0.0976815
-0.0976772
-0.0976736
-0.0976706
-0.0976683
-0.0976668
-0.097666
-0.097666
-0.0976668
-0.0976686
-0.0976711
-0.0976744
-0.0976785
-0.0976834
-0.0976891
-0.0976955
-0.0977027
-0.0977104
-0.0977189
-0.097728
-0.097738
-0.0977487
-0.0977602
-0.0977725
-0.0977855
-0.0977993
-0.0978139
-0.0978291
-0.0978451
-0.0978618
-0.0978792
-0.0978972
-0.0979159
-0.0979353
-0.0979552
-0.0979756
-0.0979968
-0.0980186
-0.098041
-0.098064
-0.0980876
-0.0981118
-0.0981364
-0.0981616
-0.0981874
-0.0982136
-0.0982404
-0.0982676
-0.0982953
-0.0983234
-0.0983519
-0.0983809
-0.0984103
-0.09844
-0.0984701
-0.0985004
-0.0985312
-0.0985623
-0.0985936
-0.0986252
-0.0986571
-0.0986892
-0.0987216
-0.0987541
-0.0987868
-0.0988197
-0.0988527
-0.0988858
-0.0989191
-0.0989524
-0.0989859
-0.0990194
-0.0990529
-0.0990863
-0.0991198
-0.0991532
-0.0991865
-0.0992199
-0.0992531
-0.0992863
-0.0993194
-0.0993523
-0.0993849
-0.0994174
-0.0994496
-0.0994816
-0.0995133
-0.0995448
-0.099576
-0.0996071
-0.0996377
-0.099668
-0.0996978
-0.0997272
-0.0997562
-0.0997848
-0.0998128
-0.0998405
-0.0998677
-0.0998944
-0.0999206
-0.0999462
-0.0999713
-0.0999956
-0.10002
-0.100043
-0.100066
-0.100088
-0.10011
-0.100131
-0.100151
-0.100171
-0.100191
-0.100209
-0.100227
-0.100244
-0.100261
-0.100277
-0.100292
-0.100306
-0.10032
-0.100333
-0.100345
-0.100356
-0.100366
-0.100376
-0.100385
-0.100393
-0.100401
-0.100407
-0.100413
-0.100418
-0.100422
-0.100426
-0.100428
-0.10043
-0.10043
-0.10043
-0.100429
-0.100428
-0.100425
-0.100422
-0.100417
-0.100412
-0.100406
-0.100399
-0.100392
-0.100383
-0.100374
-0.100364
-0.100353
-0.100342
-0.100329
-0.100316
-0.100302
-0.100287
-0.100272
-0.100255
-0.100238
-0.100221
-0.100202
-0.100183
-0.100163
-0.100142
-0.10012
-0.100098
-0.100075
-0.100052
-0.100028
-0.100003
-0.0999777
-0.0999517
-0.0999252
-0.0998982
-0.0998705
-0.0998423
-0.0998136
-0.0997844
-0.0997547
-0.0997245
-0.0996938
-0.0996628
-0.0996312
-0.0995993
-0.099567
-0.0995343
-0.0995013
-0.099468
-0.0994345
-0.0994007
-0.0993666
-0.0993322
-0.0992976
-0.0992627
-0.0992277
-0.0991925
-0.0991571
-0.0991216
-0.099086
-0.0990503
-0.0990146
-0.0989787
-0.0989428
-0.0989069
-0.0988709
-0.098835
-0.0987992
-0.0987635
-0.0987279
-0.0986925
-0.0986571
-0.0986219
-0.0985869
-0.0985521
-0.0985176
-0.0984833
-0.0984494
-0.0984157
-0.0983823
-0.0983493
-0.0983166
-0.0982844
-0.0982526
-0.0982212
-0.0981901
-0.0981594
-0.0981291
-0.0980993
-0.09807
-0.0980412
-0.0980129
-0.0979851
-0.097958
-0.0979315
-0.0979056
-0.0978804
-0.0978558
-0.0978318
-0.0978084
-0.0977857
-0.0977637
-0.0977424
-0.0977218
-0.0977019
-0.0976828
-0.0976645
-0.0976469
-0.0976299
-0.0976137
-0.0975983
-0.0975837
-0.0975699
-0.0975568
-0.0975446
-0.0975332
-0.0975228
-0.0975133
-0.0975047
-0.097497
-0.0974903
-0.0974844
-0.0974793
-0.0974751
-0.0974718
-0.0974693
-0.0974674
-0.0974665
-0.0974665
-0.0974675
-0.0974694
-0.0974722
-0.0974759
-0.0974806
-0.0974863
-0.0974928
-0.0975004
-0.0975087
-0.097518
-0.0975281
-0.097539
-0.0975508
-0.0975634
-0.0975767
-0.0975908
-0.0976055
-0.0976212
-0.0976377
-0.0976552
-0.0976736
-0.0976928
-0.0977128
-0.0977336
-0.0977552
-0.0977776
-0.0978007
-0.0978244
-0.0978488
-0.0978739
-0.0978996
-0.0979261
-0.0979531
-0.0979808
-0.0980091
-0.0980381
-0.0980677
-0.0980979
-0.0981289
-0.0981603
-0.0981921
-0.0982244
-0.0982572
-0.0982904
-0.0983241
-0.0983582
-0.0983928
-0.0984279
-0.0984634
-0.0984992
-0.0985353
-0.0985716
-0.0986082
-0.098645
-0.098682
-0.0987192
-0.0987566
-0.098794
-0.0988316
-0.0988695
-0.0989075
-0.0989456
-0.0989839
-0.0990221
-0.0990606
-0.099099
-0.0991373
-0.0991755
-0.0992137
-0.0992518
-0.0992898
-0.0993278
-0.0993657
-0.0994034
-0.0994408
-0.0994779
-0.0995147
-0.0995512
-0.0995874
-0.0996234
-0.099659
-0.0996944
-0.0997293
-0.0997638
-0.0997978
-0.0998313
-0.0998642
-0.0998966
-0.0999286
-0.0999601
-0.0999912
-0.100022
-0.100052
-0.100081
-0.10011
-0.100138
-0.100166
-0.100193
-0.10022
-0.100245
-0.10027
-0.100294
-0.100318
-0.10034
-0.100362
-0.100383
-0.100403
-0.100423
-0.100441
-0.100459
-0.100476
-0.100492
-0.100508
-0.100522
-0.100536
-0.100548
-0.10056
-0.100571
-0.100581
-0.100591
-0.100599
-0.100607
-0.100613
-0.100619
-0.100623
-0.100627
-0.100629
-0.100631
-0.100632
-0.100631
-0.10063
-0.100628
-0.100625
-0.100621
-0.100615
-0.100609
-0.100602
-0.100594
-0.100586
-0.100576
-0.100565
-0.100553
-0.100541
-0.100528
-0.100513
-0.100498
-0.100482
-0.100465
-0.100447
-0.100429
-0.100409
-0.100389
-0.100367
-0.100345
-0.100322
-0.100299
-0.100274
-0.100249
-0.100223
-0.100196
-0.100169
-0.10014
-0.100112
-0.100082
-0.100052
-0.100021
-0.0999894
-0.0999573
-0.0999246
-0.0998913
-0.0998575
-0.0998231
-0.0997883
-0.0997529
-0.0997171
-0.0996809
-0.0996441
-0.099607
-0.0995695
-0.0995317
-0.0994935
-0.0994549
-0.0994161
-0.099377
-0.0993376
-0.099298
-0.0992582
-0.0992182
-0.0991781
-0.0991378
-0.0990974
-0.0990569
-0.0990163
-0.0989756
-0.0989349
-0.0988943
-0.0988536
-0.098813
-0.0987725
-0.0987322
-0.0986919
-0.0986518
-0.0986119
-0.0985721
-0.0985326
-0.0984933
-0.0984542
-0.0984154
-0.0983768
-0.0983386
-0.0983007
-0.0982632
-0.098226
-0.0981893
-0.0981531
-0.0981174
-0.0980822
-0.0980475
-0.0980134
-0.0979797
-0.0979465
-0.0979138
-0.0978819
-0.0978506
-0.09782
-0.0977901
-0.0977609
-0.0977324
-0.0977046
-0.0976776
-0.0976511
-0.0976254
-0.0976005
-0.0975764
-0.0975532
-0.0975307
-0.0975091
-0.0974883
-0.0974683
-0.0974492
-0.0974311
-0.0974138
-0.0973974
-0.0973821
-0.0973675
-0.097354
-0.0973414
-0.0973298
-0.0973192
-0.0973095
-0.0973009
-0.0972932
-0.0972865
-0.0972807
-0.0972759
-0.0972721
-0.0972694
-0.0972677
-0.0972671
-0.0972675
-0.0972689
-0.0972714
-0.0972748
-0.0972793
-0.0972847
-0.0972911
-0.0972984
-0.0973068
-0.0973162
-0.0973266
-0.097338
-0.0973506
-0.0973642
-0.0973786
-0.097394
-0.0974102
-0.0974273
-0.0974453
-0.0974643
-0.0974839
-0.0975045
-0.0975261
-0.0975486
-0.097572
-0.0975963
-0.0976213
-0.0976471
-0.0976739
-0.0977013
-0.0977296
-0.0977588
-0.0977887
-0.0978193
-0.0978507
-0.0978827
-0.0979155
-0.097949
-0.0979832
-0.0980181
-0.0980535
-0.0980894
-0.0981259
-0.098163
-0.0982006
-0.0982387
-0.0982773
-0.0983165
-0.0983561
-0.098396
-0.0984363
-0.0984769
-0.0985179
-0.0985591
-0.0986007
-0.0986425
-0.0986845
-0.0987267
-0.0987691
-0.0988117
-0.0988544
-0.0988972
-0.0989401
-0.0989831
-0.0990262
-0.0990692
-0.0991122
-0.0991552
-0.0991982
-0.0992411
-0.0992839
-0.0993266
-0.0993692
-0.0994115
-0.0994535
-0.0994954
-0.099537
-0.0995783
-0.0996193
-0.0996601
-0.0997005
-0.0997408
-0.0997806
-0.0998198
-0.0998586
-0.0998969
-0.0999347
-0.099972
-0.100009
-0.100045
-0.10008
-0.100115
-0.10015
-0.100183
-0.100216
-0.100249
-0.10028
-0.100311
-0.100341
-0.100371
-0.100399
-0.100427
-0.100454
-0.10048
-0.100506
-0.10053
-0.100554
-0.100577
-0.100599
-0.10062
-0.10064
-0.100659
-0.100677
-0.100694
-0.10071
-0.100726
-0.10074
-0.100753
-0.100766
-0.100777
-0.100787
-0.100797
-0.100805
-0.100812
-0.100817
-0.100822
-0.100826
-0.100828
-0.10083
-0.10083
-0.10083
-0.100828
-0.100826
-0.100822
-0.100818
-0.100812
-0.100805
-0.100797
-0.100789
-0.100779
-0.100768
-0.100756
-0.100743
-0.100729
-0.100714
-0.100697
-0.10068
-0.100662
-0.100643
-0.100623
-0.100602
-0.10058
-0.100557
-0.100533
-0.100508
-0.100482
-0.100455
-0.100428
-0.100399
-0.10037
-0.10034
-0.100309
-0.100278
-0.100245
-0.100212
-0.100178
-0.100143
-0.100108
-0.100072
-0.100035
-0.0999981
-0.0999602
-0.0999217
-0.0998825
-0.0998429
-0.0998027
-0.0997621
-0.0997209
-0.0996794
-0.0996373
-0.0995949
-0.0995522
-0.099509
-0.0994655
-0.0994216
-0.0993775
-0.0993332
-0.0992886
-0.0992439
-0.0991989
-0.0991538
-0.0991085
-0.0990632
-0.0990178
-0.0989723
-0.0989268
-0.0988813
-0.0988359
-0.0987905
-0.0987452
-0.0987001
-0.098655
-0.0986102
-0.0985655
-0.098521
-0.0984768
-0.0984329
-0.0983892
-0.0983459
-0.0983029
-0.0982604
-0.0982183
-0.0981766
-0.0981353
-0.0980945
-0.098054
-0.0980141
-0.0979748
-0.097936
-0.0978978
-0.0978601
-0.0978231
-0.0977867
-0.0977508
-0.0977157
-0.0976815
-0.097648
-0.0976153
-0.0975834
-0.0975523
-0.097522
-0.0974925
-0.0974638
-0.0974361
-0.0974093
-0.0973835
-0.0973586
-0.0973348
-0.0973118
-0.0972899
-0.0972689
-0.0972488
-0.0972298
-0.0972118
-0.0971947
-0.0971787
-0.0971637
-0.0971497
-0.0971367
-0.0971248
-0.0971141
-0.0971046
-0.0970962
-0.0970888
-0.0970826
-0.0970774
-0.0970733
-0.0970702
-0.0970683
-0.0970676
-0.097068
-0.0970696
-0.0970723
-0.0970761
-0.0970811
-0.0970871
-0.0970942
-0.0971025
-0.0971118
-0.0971222
-0.0971338
-0.0971466
-0.0971605
-0.0971755
-0.0971915
-0.0972086
-0.0972268
-0.097246
-0.0972663
-0.0972874
-0.0973096
-0.0973329
-0.0973571
-0.0973824
-0.0974087
-0.097436
-0.0974643
-0.0974934
-0.0975235
-0.0975544
-0.0975861
-0.0976187
-0.0976521
-0.0976863
-0.0977212
-0.097757
-0.0977935
-0.0978308
-0.0978689
-0.0979076
-0.097947
-0.097987
-0.0980276
-0.0980687
-0.0981104
-0.0981527
-0.0981955
-0.0982391
-0.0982831
-0.0983275
-0.0983724
-0.0984177
-0.0984633
-0.0985093
-0.0985556
-0.0986022
-0.098649
-0.0986959
-0.098743
-0.0987903
-0.0988377
-0.0988853
-0.098933
-0.0989809
-0.0990288
-0.0990769
-0.0991249
-0.0991729
-0.0992207
-0.0992685
-0.0993161
-0.0993635
-0.0994106
-0.0994576
-0.0995043
-0.0995508
-0.0995971
-0.099643
-0.0996885
-0.0997337
-0.0997785
-0.0998229
-0.0998669
-0.0999104
-0.0999535
-0.0999961
-0.100038
-0.10008
-0.10012
-0.100161
-0.1002
-0.100239
-0.100277
-0.100314
-0.100351
-0.100387
-0.100422
-0.100456
-0.100489
-0.100522
-0.100554
-0.100585
-0.100615
-0.100645
-0.100673
-0.1007
-0.100727
-0.100752
-0.100776
-0.100799
-0.100821
-0.100842
-0.100862
-0.100881
-0.100899
-0.100916
-0.100932
-0.100946
-0.100959
-0.100972
-0.100983
-0.100993
-0.101002
-0.101009
-0.101016
-0.101021
-0.101025
-0.101028
-0.10103
-0.101031
-0.10103
-0.101028
-0.101025
-0.101021
-0.101016
-0.10101
-0.101002
-0.100993
-0.100984
-0.100972
-0.10096
-0.100947
-0.100932
-0.100916
-0.100899
-0.100881
-0.100862
-0.100842
-0.10082
-0.100798
-0.100775
-0.10075
-0.100724
-0.100698
-0.10067
-0.100641
-0.100612
-0.100581
-0.10055
-0.100517
-0.100484
-0.10045
-0.100415
-0.100379
-0.100342
-0.100304
-0.100266
-0.100226
-0.100187
-0.100146
-0.100105
-0.100063
-0.10002
-0.0999766
-0.0999327
-0.0998882
-0.0998432
-0.0997976
-0.0997516
-0.099705
-0.0996581
-0.0996107
-0.0995629
-0.0995147
-0.0994662
-0.0994174
-0.0993683
-0.099319
-0.0992694
-0.0992197
-0.0991698
-0.0991197
-0.0990696
-0.0990193
-0.0989691
-0.0989188
-0.0988686
-0.0988184
-0.0987683
-0.0987182
-0.0986683
-0.0986185
-0.0985689
-0.0985194
-0.0984703
-0.0984214
-0.0983729
-0.0983247
-0.0982768
-0.0982292
-0.0981821
-0.0981354
-0.0980891
-0.0980434
-0.0979982
-0.0979535
-0.0979095
-0.0978661
-0.0978234
-0.0977812
-0.0977398
-0.097699
-0.0976588
-0.0976194
-0.0975809
-0.0975431
-0.097506
-0.0974699
-0.0974346
-0.0974002
-0.0973668
-0.0973343
-0.0973027
-0.0972722
-0.0972427
-0.0972143
-0.0971868
-0.0971604
-0.0971351
-0.0971108
-0.0970876
-0.0970655
-0.0970446
-0.0970249
-0.0970063
-0.0969888
-0.0969724
-0.0969572
-0.0969432
-0.0969303
-0.0969185
-0.096908
-0.0968986
-0.0968905
-0.0968836
-0.096878
-0.0968736
-0.0968704
-0.0968684
-0.0968674
-0.0968678
-0.0968695
-0.0968725
-0.0968769
-0.0968825
-0.0968894
-0.0968975
-0.0969069
-0.0969175
-0.0969293
-0.0969423
-0.0969565
-0.0969718
-0.0969884
-0.0970061
-0.097025
-0.0970451
-0.0970663
-0.0970887
-0.0971124
-0.0971371
-0.0971629
-0.0971898
-0.0972177
-0.0972466
-0.0972766
-0.0973074
-0.0973393
-0.0973724
-0.0974064
-0.0974415
-0.0974775
-0.0975144
-0.0975523
-0.097591
-0.0976306
-0.0976709
-0.097712
-0.0977539
-0.0977964
-0.0978398
-0.0978839
-0.0979287
-0.0979741
-0.0980202
-0.0980669
-0.0981143
-0.0981621
-0.0982105
-0.0982593
-0.0983086
-0.0983584
-0.0984086
-0.0984593
-0.0985103
-0.0985616
-0.0986131
-0.098665
-0.098717
-0.0987691
-0.0988214
-0.0988739
-0.0989264
-0.0989792
-0.0990319
-0.0990847
-0.0991375
-0.0991902
-0.0992428
-0.0992953
-0.0993479
-0.0994001
-0.0994521
-0.0995039
-0.0995554
-0.0996067
-0.0996577
-0.0997084
-0.0997587
-0.0998086
-0.099858
-0.0999069
-0.0999552
-0.100003
-0.10005
-0.100097
-0.100143
-0.100188
-0.100233
-0.100277
-0.10032
-0.100363
-0.100405
-0.100446
-0.100486
-0.100526
-0.100564
-0.100602
-0.100639
-0.100675
-0.10071
-0.100744
-0.100777
-0.100809
-0.10084
-0.10087
-0.100899
-0.100926
-0.100953
-0.100978
-0.101003
-0.101026
-0.101048
-0.101068
-0.101088
-0.101106
-0.101123
-0.101139
-0.101154
-0.101167
-0.101179
-0.10119
-0.1012
-0.101208
-0.101215
-0.101221
-0.101225
-0.101228
-0.10123
-0.101231
-0.10123
-0.101228
-0.101225
-0.10122
-0.101214
-0.101207
-0.101199
-0.101189
-0.101178
-0.101166
-0.101152
-0.101137
-0.101121
-0.101104
-0.101085
-0.101065
-0.101044
-0.101022
-0.100998
-0.100974
-0.100948
-0.100921
-0.100893
-0.100863
-0.100833
-0.100801
-0.100769
-0.100735
-0.1007
-0.100665
-0.100628
-0.10059
-0.100552
-0.100512
-0.100472
-0.100431
-0.100388
-0.100345
-0.100302
-0.100257
-0.100211
-0.100165
-0.100118
-0.100071
-0.100023
-0.0999739
-0.0999244
-0.0998744
-0.0998239
-0.0997729
-0.0997213
-0.0996694
-0.099617
-0.0995642
-0.099511
-0.0994575
-0.0994037
-0.0993496
-0.0992953
-0.0992407
-0.099186
-0.0991312
-0.0990762
-0.0990212
-0.0989661
-0.098911
-0.0988559
-0.0988008
-0.0987458
-0.0986909
-0.0986362
-0.0985816
-0.0985273
-0.0984732
-0.0984194
-0.0983659
-0.0983127
-0.0982599
-0.0982075
-0.0981555
-0.0981039
-0.0980529
-0.0980024
-0.0979525
-0.097903
-0.0978542
-0.0978061
-0.0977585
-0.0977116
-0.0976654
-0.09762
-0.0975752
-0.097531
-0.0974878
-0.0974456
-0.0974043
-0.0973639
-0.0973246
-0.0972862
-0.0972488
-0.0972125
-0.0971772
-0.0971429
-0.0971096
-0.0970773
-0.097046
-0.097016
-0.0969871
-0.0969595
-0.0969332
-0.096908
-0.096884
-0.0968612
-0.0968396
-0.0968193
-0.0968002
-0.096782
-0.0967652
-0.0967498
-0.0967355
-0.0967227
-0.0967111
-0.0967009
-0.0966922
-0.0966846
-0.0966785
-0.0966738
-0.0966704
-0.0966684
-0.0966678
-0.0966685
-0.0966705
-0.0966736
-0.0966782
-0.0966843
-0.0966919
-0.0967009
-0.0967113
-0.0967229
-0.0967359
-0.0967501
-0.0967657
-0.0967825
-0.0968006
-0.0968199
-0.0968406
-0.0968627
-0.0968859
-0.0969105
-0.0969363
-0.0969633
-0.0969916
-0.097021
-0.0970516
-0.0970833
-0.0971162
-0.0971501
-0.0971852
-0.0972214
-0.0972587
-0.0972971
-0.0973365
-0.0973769
-0.0974182
-0.0974606
-0.0975038
-0.097548
-0.097593
-0.0976388
-0.0976855
-0.097733
-0.0977812
-0.0978302
-0.0978799
-0.0979305
-0.0979817
-0.0980334
-0.0980856
-0.0981384
-0.0981917
-0.0982455
-0.0982998
-0.0983545
-0.0984098
-0.0984653
-0.0985213
-0.0985776
-0.0986342
-0.098691
-0.0987481
-0.0988054
-0.0988628
-0.0989203
-0.0989779
-0.0990355
-0.099093
-0.0991506
-0.099208
-0.0992654
-0.0993227
-0.0993798
-0.0994368
-0.0994935
-0.0995499
-0.099606
-0.0996618
-0.0997171
-0.0997721
-0.0998267
-0.0998809
-0.0999347
-0.099988
-0.100041
-0.100093
-0.100145
-0.100196
-0.100246
-0.100295
-0.100344
-0.100392
-0.100439
-0.100486
-0.100532
-0.100577
-0.100621
-0.100664
-0.100706
-0.100747
-0.100787
-0.100826
-0.100864
-0.100901
-0.100937
-0.100972
-0.101005
-0.101038
-0.101069
-0.101099
-0.101127
-0.101155
-0.101181
-0.101206
-0.10123
-0.101253
-0.101274
-0.101294
-0.101312
-0.10133
-0.101346
-0.101361
-0.101374
-0.101386
-0.101396
-0.101405
-0.101413
-0.101419
-0.101424
-0.101427
-0.101429
-0.10143
-0.101429
-0.101427
-0.101423
-0.101418
-0.101411
-0.101404
-0.101394
-0.101384
-0.101371
-0.101358
-0.101343
-0.101327
-0.101309
-0.10129
-0.10127
-0.101248
-0.101225
-0.101201
-0.101175
-0.101148
-0.10112
-0.101091
-0.10106
-0.101028
-0.100995
-0.100961
-0.100925
-0.100888
-0.100851
-0.100812
-0.100772
-0.100731
-0.100689
-0.100646
-0.100602
-0.100557
-0.100511
-0.100464
-0.100416
-0.100368
-0.100318
-0.100268
-0.100217
-0.100165
-0.100113
-0.100059
-0.100006
-0.0999513
-0.0998963
-0.0998408
-0.0997847
-0.0997281
-0.0996711
-0.0996136
-0.0995557
-0.0994975
-0.099439
-0.0993801
-0.099321
-0.0992617
-0.0992022
-0.0991425
-0.0990827
-0.0990228
-0.0989628
-0.0989029
-0.098843
-0.0987831
-0.0987234
-0.0986637
-0.0986043
-0.098545
-0.098486
-0.0984272
-0.0983688
-0.0983106
-0.0982529
-0.0981955
-0.0981385
-0.0980821
-0.0980261
-0.0979707
-0.0979159
-0.0978617
-0.0978081
-0.0977552
-0.0977029
-0.097651
-0.0975999
-0.0975493
-0.0974992
-0.0974503
-0.0974026
-0.097355
-0.0973088
-0.0972636
-0.0972196
-0.0971767
-0.097135
-0.0970944
-0.0970551
-0.0970169
-0.0969798
-0.0969438
-0.096909
-0.0968754
-0.096843
-0.0968118
-0.0967818
-0.096753
-0.0967255
-0.0966994
-0.0966747
-0.0966513
-0.0966293
-0.0966087
-0.0965895
-0.0965717
-0.0965552
-0.0965402
-0.0965265
-0.0965141
-0.0965031
-0.0964936
-0.0964855
-0.0964789
-0.0964735
-0.0964697
-0.0964676
-0.0964669
-0.0964678
-0.0964702
-0.096474
-0.0964792
-0.096486
-0.096494
-0.0965036
-0.0965147
-0.0965273
-0.0965413
-0.0965568
-0.0965738
-0.0965924
-0.0966123
-0.0966338
-0.0966566
-0.0966807
-0.0967062
-0.096733
-0.0967611
-0.0967905
-0.0968212
-0.096853
-0.0968859
-0.0969199
-0.0969554
-0.0969922
-0.0970302
-0.0970695
-0.09711
-0.0971518
-0.0971947
-0.0972389
-0.097284
-0.0973301
-0.0973771
-0.0974251
-0.097474
-0.097524
-0.0975748
-0.0976265
-0.097679
-0.0977322
-0.0977862
-0.097841
-0.0978964
-0.0979525
-0.0980092
-0.0980664
-0.0981243
-0.0981827
-0.0982416
-0.098301
-0.0983608
-0.0984209
-0.0984814
-0.0985422
-0.0986034
-0.0986649
-0.0987266
-0.0987885
-0.0988506
-0.0989128
-0.098975
-0.0990373
-0.0990995
-0.0991618
-0.0992239
-0.0992859
-0.0993478
-0.0994096
-0.0994713
-0.0995328
-0.099594
-0.0996549
-0.0997155
-0.0997757
-0.0998355
-0.0998947
-0.0999534
-0.100012
-0.100069
-0.100126
-0.100182
-0.100238
-0.100293
-0.100348
-0.100402
-0.100455
-0.100507
-0.100558
-0.100609
-0.100658
-0.100707
-0.100754
-0.100801
-0.100846
-0.100891
-0.100934
-0.100976
-0.101018
-0.101057
-0.101096
-0.101134
-0.101171
-0.101206
-0.10124
-0.101273
-0.101304
-0.101334
-0.101363
-0.10139
-0.101416
-0.10144
-0.101463
-0.101485
-0.101505
-0.101524
-0.101541
-0.101556
-0.10157
-0.101583
-0.101594
-0.101604
-0.101612
-0.101619
-0.101624
-0.101628
-0.10163
-0.10163
-0.101629
-0.101627
-0.101622
-0.101617
-0.101609
-0.101601
-0.10159
-0.101579
-0.101566
-0.101551
-0.101535
-0.101517
-0.101498
-0.101478
-0.101456
-0.101432
-0.101407
-0.101381
-0.101353
-0.101324
-0.101293
-0.101261
-0.101228
-0.101194
-0.101158
-0.10112
-0.101082
-0.101042
-0.101001
-0.100959
-0.100916
-0.100871
-0.100826
-0.100779
-0.100732
-0.100683
-0.100633
-0.100583
-0.100531
-0.100478
-0.100425
-0.100371
-0.100315
-0.100259
-0.100203
-0.100145
-0.100087
-0.100028
-0.0999687
-0.0999086
-0.099848
-0.0997868
-0.0997252
-0.099663
-0.0996004
-0.0995375
-0.0994742
-0.0994106
-0.0993467
-0.0992826
-0.0992182
-0.0991537
-0.0990891
-0.0990244
-0.0989596
-0.0988949
-0.0988302
-0.0987655
-0.0987009
-0.0986364
-0.0985722
-0.0985082
-0.0984444
-0.098381
-0.0983178
-0.0982551
-0.0981927
-0.0981307
-0.0980693
-0.0980083
-0.0979479
-0.0978879
-0.0978284
-0.0977697
-0.0977118
-0.0976544
-0.0975979
-0.0975423
-0.0974874
-0.0974334
-0.09738
-0.0973276
-0.0972762
-0.0972257
-0.0971764
-0.0971281
-0.0970809
-0.0970348
-0.0969898
-0.0969459
-0.0969033
-0.0968618
-0.0968217
-0.0967828
-0.0967452
-0.0967089
-0.0966739
-0.0966402
-0.0966077
-0.0965766
-0.0965469
-0.0965186
-0.0964918
-0.0964665
-0.0964426
-0.0964203
-0.0963995
-0.0963801
-0.0963623
-0.096346
-0.0963311
-0.0963179
-0.0963061
-0.0962959
-0.0962874
-0.0962802
-0.0962747
-0.0962709
-0.0962688
-0.0962683
-0.0962694
-0.0962721
-0.0962764
-0.0962823
-0.0962896
-0.0962985
-0.096309
-0.0963211
-0.0963347
-0.0963498
-0.0963665
-0.0963847
-0.0964044
-0.0964255
-0.0964483
-0.0964726
-0.0964984
-0.0965257
-0.0965544
-0.0965847
-0.0966163
-0.0966493
-0.0966837
-0.0967195
-0.0967566
-0.0967952
-0.0968351
-0.0968764
-0.0969191
-0.0969633
-0.0970085
-0.0970548
-0.0971023
-0.0971508
-0.0972004
-0.097251
-0.0973027
-0.0973555
-0.0974093
-0.0974639
-0.0975195
-0.097576
-0.0976334
-0.0976916
-0.0977506
-0.0978103
-0.097871
-0.0979322
-0.097994
-0.0980565
-0.0981195
-0.0981831
-0.0982472
-0.0983117
-0.0983766
-0.0984416
-0.098507
-0.0985728
-0.0986388
-0.0987051
-0.0987717
-0.0988385
-0.0989055
-0.0989726
-0.0990396
-0.0991067
-0.0991737
-0.0992407
-0.0993076
-0.0993744
-0.0994412
-0.0995079
-0.0995744
-0.0996405
-0.0997063
-0.0997717
-0.0998366
-0.099901
-0.0999649
-0.100028
-0.10009
-0.100152
-0.100214
-0.100274
-0.100334
-0.100394
-0.100452
-0.10051
-0.100567
-0.100623
-0.100678
-0.100733
-0.100786
-0.100838
-0.100889
-0.10094
-0.100989
-0.101037
-0.101084
-0.101129
-0.101173
-0.101216
-0.101258
-0.101299
-0.101338
-0.101376
-0.101413
-0.101448
-0.101481
-0.101513
-0.101544
-0.101573
-0.101601
-0.101627
-0.101652
-0.101675
-0.101696
-0.101716
-0.101734
-0.101751
-0.101766
-0.10178
-0.101792
-0.101802
-0.101811
-0.101818
-0.101824
-0.101828
-0.10183
-0.10183
-0.101829
-0.101826
-0.101822
-0.101816
-0.101808
-0.101799
-0.101788
-0.101775
-0.101761
-0.101745
-0.101728
-0.101708
-0.101688
-0.101665
-0.101642
-0.101616
-0.101589
-0.101561
-0.101531
-0.101499
-0.101466
-0.101432
-0.101396
-0.101359
-0.10132
-0.10128
-0.101239
-0.101196
-0.101152
-0.101107
-0.10106
-0.101012
-0.100963
-0.100913
-0.100862
-0.10081
-0.100756
-0.100702
-0.100646
-0.100589
-0.100532
-0.100473
-0.100414
-0.100354
-0.100293
-0.100231
-0.100168
-0.100105
-0.100041
-0.0999764
-0.0999113
-0.0998455
-0.0997792
-0.0997124
-0.0996452
-0.0995775
-0.0995095
-0.0994411
-0.0993724
-0.0993035
-0.0992343
-0.099165
-0.0990956
-0.099026
-0.0989564
-0.0988869
-0.0988174
-0.0987479
-0.0986785
-0.0986093
-0.0985402
-0.0984714
-0.0984029
-0.0983347
-0.0982669
-0.0981994
-0.0981325
-0.098066
-0.098
-0.0979345
-0.0978696
-0.0978053
-0.0977417
-0.0976788
-0.0976166
-0.0975552
-0.0974947
-0.0974349
-0.097376
-0.097318
-0.097261
-0.0972046
-0.0971494
-0.0970953
-0.0970423
-0.0969904
-0.0969397
-0.0968901
-0.0968417
-0.0967945
-0.0967486
-0.096704
-0.0966608
-0.096619
-0.0965786
-0.0965397
-0.0965022
-0.0964662
-0.0964315
-0.0963983
-0.0963665
-0.0963363
-0.0963076
-0.0962805
-0.0962549
-0.0962309
-0.0962085
-0.0961877
-0.0961685
-0.096151
-0.0961351
-0.0961209
-0.0961084
-0.0960976
-0.0960884
-0.096081
-0.0960753
-0.0960712
-0.0960688
-0.0960681
-0.0960691
-0.0960719
-0.0960764
-0.0960826
-0.0960906
-0.0961003
-0.0961116
-0.0961247
-0.0961394
-0.0961558
-0.0961737
-0.0961933
-0.0962146
-0.0962375
-0.0962621
-0.0962881
-0.0963159
-0.0963452
-0.0963761
-0.0964087
-0.0964428
-0.0964785
-0.0965157
-0.0965543
-0.0965941
-0.0966354
-0.0966782
-0.0967225
-0.096768
-0.096815
-0.0968632
-0.0969127
-0.0969638
-0.0970161
-0.0970695
-0.0971239
-0.0971795
-0.0972364
-0.0972942
-0.097353
-0.0974126
-0.0974732
-0.0975348
-0.0975972
-0.0976605
-0.0977246
-0.0977895
-0.0978552
-0.0979216
-0.0979887
-0.0980563
-0.0981247
-0.0981936
-0.0982629
-0.0983325
-0.0984026
-0.0984729
-0.0985436
-0.0986143
-0.0986852
-0.0987565
-0.098828
-0.0988997
-0.0989715
-0.0990433
-0.0991152
-0.0991871
-0.0992588
-0.0993304
-0.0994019
-0.0994733
-0.0995445
-0.0996155
-0.0996862
-0.0997566
-0.099827
-0.0998966
-0.0999657
-0.100034
-0.100102
-0.100169
-0.100236
-0.100302
-0.100367
-0.100431
-0.100495
-0.100557
-0.100619
-0.10068
-0.10074
-0.100798
-0.100857
-0.100914
-0.10097
-0.101024
-0.101078
-0.101131
-0.101182
-0.101232
-0.10128
-0.101327
-0.101373
-0.101418
-0.101461
-0.101502
-0.101543
-0.101582
-0.101619
-0.101656
-0.10169
-0.101723
-0.101755
-0.101784
-0.101812
-0.101839
-0.101863
-0.101887
-0.101908
-0.101928
-0.101946
-0.101962
-0.101976
-0.101989
-0.102
-0.10201
-0.102017
-0.102023
-0.102027
-0.10203
-0.10203
-0.102029
-0.102026
-0.102021
-0.102014
-0.102006
-0.101996
-0.101984
-0.101971
-0.101955
-0.101938
-0.101919
-0.101899
-0.101877
-0.101853
-0.101827
-0.1018
-0.101771
-0.10174
-0.101708
-0.101675
-0.101639
-0.101602
-0.101564
-0.101524
-0.101483
-0.10144
-0.101396
-0.10135
-0.101303
-0.101254
-0.101204
-0.101153
-0.101101
-0.101047
-0.100992
-0.100936
-0.100879
-0.100821
-0.100761
-0.1007
-0.100639
-0.100576
-0.100513
-0.100448
-0.100383
-0.100317
-0.10025
-0.100182
-0.100114
-0.100044
-0.0999747
-0.0999043
-0.0998334
-0.0997619
-0.0996899
-0.0996175
-0.0995447
-0.0994716
-0.0993981
-0.0993244
-0.0992505
-0.0991764
-0.0991021
-0.0990278
-0.0989534
-0.098879
-0.0988047
-0.0987304
-0.0986562
-0.0985822
-0.0985084
-0.0984348
-0.0983615
-0.0982886
-0.0982161
-0.098144
-0.0980724
-0.0980013
-0.0979306
-0.0978606
-0.0977912
-0.0977225
-0.0976545
-0.0975873
-0.0975208
-0.0974552
-0.0973904
-0.0973264
-0.0972634
-0.0972014
-0.0971405
-0.0970807
-0.097022
-0.0969644
-0.096908
-0.0968528
-0.0967988
-0.0967461
-0.0966946
-0.0966443
-0.0965954
-0.0965478
-0.0965016
-0.0964566
-0.0964133
-0.0963715
-0.0963314
-0.0962928
-0.0962558
-0.0962204
-0.0961867
-0.0961545
-0.0961239
-0.096095
-0.0960675
-0.0960417
-0.0960176
-0.0959953
-0.0959745
-0.0959555
-0.0959385
-0.0959234
-0.0959101
-0.0958987
-0.095889
-0.0958811
-0.0958748
-0.0958705
-0.0958679
-0.0958672
-0.0958684
-0.0958714
-0.0958764
-0.0958832
-0.0958921
-0.0959027
-0.0959151
-0.0959293
-0.0959452
-0.0959629
-0.0959824
-0.0960036
-0.0960264
-0.0960506
-0.0960767
-0.0961046
-0.096134
-0.0961653
-0.0961984
-0.0962331
-0.0962695
-0.0963076
-0.0963474
-0.0963888
-0.0964317
-0.0964761
-0.096522
-0.0965694
-0.0966181
-0.0966683
-0.09672
-0.096773
-0.0968272
-0.0968828
-0.0969397
-0.0969978
-0.0970571
-0.0971176
-0.0971794
-0.0972422
-0.0973059
-0.0973706
-0.0974362
-0.0975028
-0.0975702
-0.0976385
-0.0977078
-0.0977778
-0.0978485
-0.09792
-0.0979921
-0.0980648
-0.098138
-0.0982118
-0.098286
-0.0983608
-0.098436
-0.0985116
-0.0985875
-0.0986637
-0.09874
-0.0988165
-0.0988931
-0.0989698
-0.0990466
-0.0991234
-0.0992002
-0.099277
-0.0993536
-0.09943
-0.0995061
-0.0995819
-0.0996574
-0.0997326
-0.0998075
-0.099882
-0.099956
-0.100029
-0.100102
-0.100175
-0.100246
-0.100317
-0.100387
-0.100457
-0.100525
-0.100593
-0.10066
-0.100726
-0.100791
-0.100855
-0.100918
-0.10098
-0.101041
-0.101101
-0.10116
-0.101217
-0.101273
-0.101327
-0.101381
-0.101433
-0.101483
-0.101533
-0.10158
-0.101626
-0.101671
-0.101714
-0.101755
-0.101795
-0.101833
-0.10187
-0.101905
-0.101938
-0.10197
-0.101999
-0.102028
-0.102054
-0.102078
-0.102101
-0.102122
-0.102141
-0.102158
-0.102174
-0.102187
-0.102199
-0.102209
-0.102217
-0.102223
-0.102227
-0.10223
-0.10223
-0.102229
-0.102226
-0.10222
-0.102213
-0.102204
-0.102193
-0.102181
-0.102166
-0.10215
-0.102131
-0.102111
-0.102089
-0.102066
-0.10204
-0.102013
-0.101984
-0.101953
-0.10192
-0.101886
-0.10185
-0.101812
-0.101773
-0.101732
-0.101689
-0.101645
-0.1016
-0.101552
-0.101504
-0.101453
-0.101402
-0.101349
-0.101294
-0.101238
-0.101181
-0.101122
-0.101063
-0.101002
-0.100939
-0.100876
-0.100811
-0.100746
-0.100679
-0.100611
-0.100543
-0.100473
-0.100403
-0.100331
-0.100259
-0.100186
-0.100113
-0.100038
-0.0999635
-0.0998879
-0.0998117
-0.099735
-0.0996579
-0.0995803
-0.0995023
-0.099424
-0.0993455
-0.0992668
-0.0991878
-0.0991088
-0.0990296
-0.0989503
-0.0988711
-0.0987919
-0.0987127
-0.0986337
-0.0985549
-0.0984763
-0.098398
-0.09832
-0.0982423
-0.0981651
-0.0980883
-0.0980121
-0.0979365
-0.0978614
-0.0977869
-0.0977131
-0.09764
-0.0975677
-0.0974962
-0.0974255
-0.0973557
-0.0972868
-0.0972189
-0.0971519
-0.097086
-0.0970212
-0.0969575
-0.0968949
-0.0968335
-0.0967734
-0.0967142
-0.0966563
-0.0966
-0.096545
-0.0964915
-0.0964395
-0.0963889
-0.0963398
-0.0962923
-0.0962463
-0.0962019
-0.0961592
-0.0961183
-0.0960789
-0.0960413
-0.0960054
-0.095971
-0.0959384
-0.0959075
-0.0958785
-0.0958512
-0.0958258
-0.0958023
-0.0957807
-0.0957611
-0.0957434
-0.0957277
-0.0957138
-0.0957018
-0.0956916
-0.0956834
-0.0956771
-0.0956725
-0.0956694
-0.0956686
-0.0956697
-0.0956728
-0.095678
-0.095685
-0.0956941
-0.0957051
-0.0957181
-0.095733
-0.0957499
-0.0957687
-0.0957894
-0.0958119
-0.0958364
-0.0958626
-0.0958907
-0.0959206
-0.0959524
-0.0959858
-0.096021
-0.0960581
-0.0960969
-0.0961375
-0.0961798
-0.0962236
-0.0962692
-0.0963163
-0.0963649
-0.0964152
-0.096467
-0.0965203
-0.0965751
-0.0966315
-0.0966894
-0.0967486
-0.0968091
-0.0968713
-0.0969347
-0.0969992
-0.0970648
-0.0971314
-0.0971992
-0.097268
-0.0973378
-0.0974086
-0.0974803
-0.097553
-0.0976265
-0.0977009
-0.0977761
-0.097852
-0.0979287
-0.0980057
-0.0980835
-0.0981618
-0.0982407
-0.09832
-0.0983998
-0.09848
-0.0985606
-0.0986416
-0.0987228
-0.0988043
-0.0988859
-0.0989676
-0.0990493
-0.099131
-0.0992126
-0.0992942
-0.0993756
-0.0994568
-0.0995378
-0.0996186
-0.099699
-0.0997791
-0.0998588
-0.099938
-0.100017
-0.100095
-0.100173
-0.10025
-0.100326
-0.100401
-0.100475
-0.100549
-0.100622
-0.100694
-0.100765
-0.100835
-0.100904
-0.100971
-0.101038
-0.101104
-0.101168
-0.101232
-0.101294
-0.101354
-0.101414
-0.101472
-0.101528
-0.101583
-0.101637
-0.10169
-0.10174
-0.101789
-0.101836
-0.101882
-0.101926
-0.101968
-0.102009
-0.102048
-0.102085
-0.10212
-0.102153
-0.102185
-0.102214
-0.102242
-0.102268
-0.102292
-0.102315
-0.102335
-0.102353
-0.10237
-0.102384
-0.102397
-0.102407
-0.102416
-0.102422
-0.102427
-0.102429
-0.10243
-0.102428
-0.102425
-0.102419
-0.102412
-0.102402
-0.10239
-0.102377
-0.102361
-0.102344
-0.102324
-0.102303
-0.10228
-0.102254
-0.102227
-0.102198
-0.102167
-0.102134
-0.1021
-0.102063
-0.102025
-0.101985
-0.101943
-0.1019
-0.101854
-0.101807
-0.101759
-0.101709
-0.101657
-0.101604
-0.101549
-0.101492
-0.101435
-0.101376
-0.101315
-0.101253
-0.10119
-0.101125
-0.101059
-0.100991
-0.100923
-0.100853
-0.100782
-0.10071
-0.100637
-0.100563
-0.100489
-0.100413
-0.100336
-0.100259
-0.100181
-0.100102
-0.100022
-0.0999421
-0.0998613
-0.0997799
-0.0996981
-0.0996159
-0.0995331
-0.09945
-0.0993667
-0.0992831
-0.0991993
-0.0991154
-0.0990315
-0.0989474
-0.0988634
-0.0987793
-0.0986954
-0.0986116
-0.0985279
-0.0984445
-0.0983614
-0.0982786
-0.0981963
-0.0981144
-0.098033
-0.0979521
-0.0978718
-0.0977921
-0.0977131
-0.0976348
-0.0975572
-0.0974805
-0.0974047
-0.0973298
-0.0972559
-0.0971829
-0.0971109
-0.0970399
-0.0969701
-0.0969015
-0.096834
-0.0967676
-0.0967025
-0.0966388
-0.0965763
-0.0965153
-0.0964558
-0.0963977
-0.0963412
-0.0962862
-0.0962327
-0.0961809
-0.0961306
-0.0960819
-0.0960349
-0.0959896
-0.095946
-0.0959042
-0.0958642
-0.0958257
-0.0957892
-0.0957547
-0.095722
-0.0956913
-0.0956624
-0.0956355
-0.0956105
-0.0955875
-0.0955663
-0.0955473
-0.0955304
-0.0955155
-0.0955026
-0.0954918
-0.095483
-0.0954763
-0.0954715
-0.0954688
-0.0954682
-0.0954698
-0.0954734
-0.0954791
-0.0954868
-0.0954966
-0.0955084
-0.0955222
-0.095538
-0.0955558
-0.0955757
-0.0955977
-0.0956216
-0.0956474
-0.0956753
-0.0957051
-0.0957368
-0.0957704
-0.0958059
-0.0958433
-0.0958825
-0.0959236
-0.0959664
-0.0960111
-0.0960576
-0.096106
-0.0961561
-0.096208
-0.0962616
-0.0963168
-0.0963737
-0.096432
-0.096492
-0.0965533
-0.096616
-0.0966801
-0.0967456
-0.0968124
-0.0968806
-0.0969501
-0.0970209
-0.0970928
-0.0971658
-0.0972397
-0.0973147
-0.0973906
-0.0974674
-0.0975452
-0.0976238
-0.0977033
-0.0977837
-0.0978649
-0.0979467
-0.0980292
-0.0981123
-0.0981959
-0.09828
-0.0983646
-0.0984497
-0.0985351
-0.0986209
-0.0987068
-0.098793
-0.0988795
-0.0989661
-0.0990526
-0.0991392
-0.0992257
-0.0993119
-0.0993981
-0.0994841
-0.0995698
-0.0996553
-0.0997405
-0.0998252
-0.0999097
-0.0999936
-0.100077
-0.10016
-0.100242
-0.100323
-0.100403
-0.100483
-0.100562
-0.10064
-0.100717
-0.100794
-0.100869
-0.100943
-0.101016
-0.101088
-0.101159
-0.101228
-0.101296
-0.101363
-0.101428
-0.101492
-0.101555
-0.101616
-0.101676
-0.101735
-0.101792
-0.101847
-0.1019
-0.101952
-0.102002
-0.10205
-0.102097
-0.102142
-0.102185
-0.102226
-0.102265
-0.102303
-0.102338
-0.102371
-0.102403
-0.102432
-0.10246
-0.102485
-0.102509
-0.10253
-0.102549
-0.102567
-0.102582
-0.102595
-0.102606
-0.102615
-0.102622
-0.102626
-0.102629
-0.102629
-0.102628
-0.102624
-0.102618
-0.10261
-0.1026
-0.102588
-0.102573
-0.102557
-0.102538
-0.102518
-0.102495
-0.10247
-0.102443
-0.102414
-0.102384
-0.102351
-0.102316
-0.102279
-0.102241
-0.1022
-0.102158
-0.102114
-0.102068
-0.10202
-0.10197
-0.101919
-0.101866
-0.101811
-0.101755
-0.101697
-0.101637
-0.101576
-0.101513
-0.101449
-0.101383
-0.101316
-0.101247
-0.101177
-0.101106
-0.101034
-0.10096
-0.100885
-0.100809
-0.100732
-0.100654
-0.100575
-0.100495
-0.100414
-0.100332
-0.100249
-0.100166
-0.100081
-0.0999967
-0.0999113
-0.0998251
-0.0997385
-0.0996514
-0.0995639
-0.099476
-0.0993879
-0.0992994
-0.0992108
-0.099122
-0.099033
-0.0989441
-0.0988552
-0.0987663
-0.0986776
-0.098589
-0.0985006
-0.0984124
-0.0983245
-0.0982371
-0.09815
-0.0980634
-0.0979773
-0.0978918
-0.0978068
-0.0977226
-0.097639
-0.0975563
-0.0974743
-0.0973933
-0.0973131
-0.0972339
-0.0971557
-0.0970786
-0.0970026
-0.0969277
-0.0968539
-0.0967813
-0.09671
-0.0966401
-0.0965714
-0.0965041
-0.0964383
-0.0963739
-0.0963111
-0.0962498
-0.0961901
-0.096132
-0.0960755
-0.0960201
-0.0959667
-0.0959152
-0.0958655
-0.0958176
-0.0957715
-0.0957274
-0.0956851
-0.0956447
-0.0956064
-0.09557
-0.0955357
-0.0955034
-0.095473
-0.0954447
-0.0954184
-0.0953939
-0.0953717
-0.0953516
-0.0953338
-0.0953182
-0.0953047
-0.0952933
-0.0952841
-0.095277
-0.095272
-0.0952692
-0.0952687
-0.0952705
-0.0952744
-0.0952805
-0.0952888
-0.0952992
-0.0953118
-0.0953263
-0.095343
-0.0953619
-0.095383
-0.0954061
-0.0954313
-0.0954586
-0.0954878
-0.0955191
-0.0955525
-0.095588
-0.0956255
-0.095665
-0.0957066
-0.0957502
-0.0957957
-0.0958431
-0.0958925
-0.0959438
-0.0959969
-0.0960517
-0.0961082
-0.0961666
-0.0962267
-0.0962883
-0.0963515
-0.0964163
-0.0964825
-0.0965503
-0.0966195
-0.0966901
-0.096762
-0.0968353
-0.0969098
-0.0969856
-0.0970626
-0.0971408
-0.0972201
-0.0973005
-0.0973818
-0.0974642
-0.0975473
-0.0976314
-0.0977163
-0.0978019
-0.0978884
-0.0979755
-0.0980632
-0.0981515
-0.0982404
-0.0983297
-0.0984195
-0.0985097
-0.0986002
-0.098691
-0.098782
-0.0988734
-0.0989648
-0.0990561
-0.0991474
-0.0992386
-0.0993297
-0.0994207
-0.0995115
-0.0996019
-0.0996917
-0.0997813
-0.0998705
-0.0999593
-0.100048
-0.100135
-0.100222
-0.100309
-0.100395
-0.10048
-0.100564
-0.100647
-0.100729
-0.100811
-0.100891
-0.100971
-0.101049
-0.101126
-0.101202
-0.101277
-0.101351
-0.101423
-0.101493
-0.101563
-0.101631
-0.101697
-0.101762
-0.101825
-0.101887
-0.101947
-0.102005
-0.102061
-0.102116
-0.102169
-0.10222
-0.102269
-0.102316
-0.102361
-0.102405
-0.102446
-0.102485
-0.102523
-0.102558
-0.102591
-0.102622
-0.102651
-0.102678
-0.102703
-0.102725
-0.102745
-0.102764
-0.102779
-0.102793
-0.102805
-0.102814
-0.102821
-0.102826
-0.102829
-0.102829
-0.102827
-0.102823
-0.102817
-0.102808
-0.102798
-0.102785
-0.102769
-0.102752
-0.102732
-0.102711
-0.102687
-0.10266
-0.102632
-0.102602
-0.102569
-0.102535
