-0.101558
-0.101559
-0.10156
-0.101561
-0.101563
-0.101565
-0.101567
-0.101569
-0.101572
-0.101574
-0.101576
-0.101579
-0.101581
-0.101583
-0.101586
-0.101588
-0.10159
-0.101592
-0.101594
-0.101595
-0.101597
-0.101598
-0.101599
-0.101599
-0.1016
-0.1016
-0.101599
-0.101599
-0.101598
-0.101597
-0.101595
-0.101593
-0.101591
-0.101588
-0.101585
-0.101582
-0.101578
-0.101574
-0.10157
-0.101565
-0.10156
-0.101555
-0.10155
-0.101544
-0.101538
-0.101532
-0.101526
-0.10152
-0.101514
-0.101507
-0.101501
-0.101494
-0.101488
-0.101482
-0.101476
-0.10147
-0.101464
-0.101458
-0.101453
-0.101448
-0.101443
-0.101439
-0.101435
-0.101431
-0.101428
-0.101425
-0.101423
-0.101421
-0.10142
-0.10142
-0.10142
-0.101421
-0.101422
-0.101424
-0.101427
-0.10143
-0.101434
-0.101439
-0.101444
-0.101449
-0.101456
-0.101463
-0.10147
-0.101479
-0.101488
-0.101497
-0.101507
-0.101517
-0.101527
-0.101538
-0.101549
-0.10156
-0.101572
-0.101584
-0.101596
-0.101608
-0.10162
-0.101633
-0.101645
-0.101657
-0.101668
-0.10168
-0.101691
-0.101702
-0.101712
-0.101722
-0.101732
-0.101741
-0.101749
-0.101757
-0.101764
-0.101771
-0.101776
-0.101781
-0.101785
-0.101788
-0.10179
-0.101791
-0.101792
-0.101791
-0.10179
-0.101787
-0.101784
-0.101779
-0.101773
-0.101767
-0.101759
-0.101751
-0.101741
-0.101731
-0.10172
-0.101708
-0.101695
-0.101682
-0.101667
-0.101652
-0.101637
-0.10162
-0.101604
-0.101586
-0.101569
-0.101551
-0.101533
-0.101515
-0.101497
-0.101479
-0.10146
-0.101442
-0.101424
-0.101407
-0.10139
-0.101373
-0.101357
-0.101342
-0.101327
-0.101313
-0.101299
-0.101287
-0.101275
-0.101265
-0.101255
-0.101247
-0.10124
-0.101234
-0.101229
-0.101225
-0.101223
-0.101222
-0.101222
-0.101224
-0.101227
-0.101232
-0.101237
-0.101245
-0.101253
-0.101263
-0.101274
-0.101287
-0.1013
-0.101315
-0.101331
-0.101348
-0.101367
-0.101386
-0.101406
-0.101427
-0.101449
-0.101471
-0.101494
-0.101517
-0.101541
-0.101565
-0.101589
-0.101613
-0.101638
-0.101662
-0.101686
-0.10171
-0.101733
-0.101756
-0.101779
-0.101801
-0.101822
-0.101842
-0.101861
-0.101879
-0.101896
-0.101912
-0.101927
-0.10194
-0.101952
-0.101963
-0.101972
-0.101979
-0.101985
-0.101989
-0.101991
-0.101992
-0.10199
-0.101988
-0.101983
-0.101977
-0.101968
-0.101959
-0.101947
-0.101934
-0.101919
-0.101903
-0.101885
-0.101865
-0.101844
-0.101822
-0.101799
-0.101774
-0.101749
-0.101722
-0.101694
-0.101666
-0.101637
-0.101607
-0.101577
-0.101547
-0.101517
-0.101486
-0.101455
-0.101425
-0.101395
-0.101365
-0.101336
-0.101307
-0.10128
-0.101253
-0.101227
-0.101202
-0.101178
-0.101156
-0.101135
-0.101116
-0.101098
-0.101082
-0.101067
-0.101055
-0.101044
-0.101036
-0.101029
-0.101024
-0.101022
-0.101022
-0.101024
-0.101027
-0.101034
-0.101042
-0.101052
-0.101065
-0.101079
-0.101096
-0.101114
-0.101135
-0.101157
-0.101181
-0.101207
-0.101234
-0.101263
-0.101293
-0.101324
-0.101356
-0.10139
-0.101424
-0.101459
-0.101495
-0.101531
-0.101568
-0.101605
-0.101642
-0.101679
-0.101715
-0.101752
-0.101787
-0.101822
-0.101856
-0.10189
-0.101922
-0.101952
-0.101982
-0.10201
-0.102036
-0.102061
-0.102083
-0.102104
-0.102123
-0.10214
-0.102154
-0.102166
-0.102176
-0.102183
-0.102188
-0.10219
-0.10219
-0.102187
-0.102182
-0.102174
-0.102164
-0.102151
-0.102136
-0.102118
-0.102099
-0.102077
-0.102052
-0.102026
-0.101998
-0.101967
-0.101935
-0.101901
-0.101866
-0.101829
-0.101791
-0.101751
-0.101711
-0.10167
-0.101628
-0.101585
-0.101542
-0.101499
-0.101456
-0.101413
-0.101371
-0.101329
-0.101287
-0.101247
-0.101207
-0.101169
-0.101131
-0.101096
-0.101062
-0.101029
-0.100999
-0.100971
-0.100944
-0.10092
-0.100899
-0.10088
-0.100863
-0.100849
-0.100838
-0.10083
-0.100825
-0.100822
-0.100822
-0.100826
-0.100832
-0.100841
-0.100853
-0.100868
-0.100886
-0.100907
-0.10093
-0.100956
-0.100984
-0.101015
-0.101048
-0.101083
-0.10112
-0.10116
-0.101201
-0.101243
-0.101287
-0.101333
-0.101379
-0.101427
-0.101475
-0.101524
-0.101573
-0.101622
-0.101672
-0.101721
-0.10177
-0.101818
-0.101865
-0.101911
-0.101957
-0.102
-0.102043
-0.102083
-0.102122
-0.102159
-0.102193
-0.102225
-0.102255
-0.102282
-0.102306
-0.102327
-0.102345
-0.102361
-0.102373
-0.102382
-0.102388
-0.10239
-0.10239
-0.102386
-0.102378
-0.102368
-0.102354
-0.102337
-0.102316
-0.102293
-0.102266
-0.102237
-0.102205
-0.10217
-0.102132
-0.102092
-0.10205
-0.102005
-0.101959
-0.101911
-0.10186
-0.101809
-0.101756
-0.101703
-0.101648
-0.101594
-0.101538
-0.101483
-0.101427
-0.101372
-0.101317
-0.101263
-0.10121
-0.101158
-0.101107
-0.101058
-0.101011
-0.100965
-0.100922
-0.100881
-0.100843
-0.100807
-0.100774
-0.100744
-0.100716
-0.100693
-0.100672
-0.100655
-0.100641
-0.100631
-0.100625
-0.100623
-0.100624
-0.100628
-0.100637
-0.100649
-0.100665
-0.100684
-0.100707
-0.100734
-0.100763
-0.100797
-0.100833
-0.100872
-0.100914
-0.100959
-0.101006
-0.101056
-0.101108
-0.101162
-0.101218
-0.101275
-0.101334
-0.101393
-0.101454
-0.101515
-0.101577
-0.101639
-0.101701
-0.101762
-0.101823
-0.101883
-0.101942
-0.102
-0.102057
-0.102111
-0.102164
-0.102214
-0.102262
-0.102307
-0.102349
-0.102389
-0.102425
-0.102458
-0.102488
-0.102514
-0.102536
-0.102555
-0.10257
-0.102581
-0.102587
-0.10259
-0.102589
-0.102583
-0.102574
-0.10256
-0.102542
-0.102521
-0.102495
-0.102466
-0.102433
-0.102396
-0.102356
-0.102313
-0.102266
-0.102216
-0.102164
-0.102109
-0.102052
-0.101992
-0.10193
-0.101867
-0.101802
-0.101736
-0.101669
-0.101602
-0.101534
-0.101466
-0.101398
-0.10133
-0.101263
-0.101197
-0.101132
-0.101069
-0.101007
-0.100947
-0.10089
-0.100834
-0.100782
-0.100732
-0.100686
-0.100642
-0.100602
-0.100566
-0.100534
-0.100505
-0.10048
-0.10046
-0.100444
-0.100432
-0.100425
-0.100422
-0.100424
-0.10043
-0.100441
-0.100456
-0.100475
-0.100499
-0.100527
-0.10056
-0.100596
-0.100637
-0.100681
-0.100729
-0.10078
-0.100834
-0.100892
-0.100952
-0.101015
-0.10108
-0.101148
-0.101217
-0.101288
-0.10136
-0.101433
-0.101507
-0.101581
-0.101655
-0.10173
-0.101804
-0.101877
-0.101949
-0.10202
-0.102089
-0.102156
-0.102221
-0.102284
-0.102343
-0.102401
-0.102455
-0.102505
-0.102552
-0.102596
-0.102635
-0.102671
-0.102702
-0.102728
-0.10275
-0.102767
-0.10278
-0.102787
-0.10279
-0.102788
-0.102781
-0.102769
-0.102753
-0.102731
-0.102705
-0.102675
-0.102639
-0.1026
-0.102556
-0.102508
-0.102456
-0.1024
-0.102341
-0.102278
-0.102213
-0.102144
-0.102074
-0.102
-0.101925
-0.101849
-0.10177
-0.101691
-0.101611
-0.10153
-0.101449
-0.101369
-0.101289
-0.10121
-0.101132
-0.101055
-0.10098
-0.100908
-0.100837
-0.100769
-0.100704
-0.100642
-0.100584
-0.100529
-0.100478
-0.100431
-0.100389
-0.100351
-0.100318
-0.100289
-0.100266
-0.100247
-0.100234
-0.100226
-0.100223
-0.100225
-0.100233
-0.100246
-0.100264
-0.100288
-0.100316
-0.100349
-0.100388
-0.100431
-0.100478
-0.10053
-0.100587
-0.100647
-0.100711
-0.100778
-0.100849
-0.100923
-0.100999
-0.101078
-0.101159
-0.101242
-0.101326
-0.101412
-0.101498
-0.101585
-0.101672
-0.101758
-0.101845
-0.10193
-0.102014
-0.102097
-0.102178
-0.102256
-0.102332
-0.102405
-0.102475
-0.102541
-0.102604
-0.102663
-0.102717
-0.102767
-0.102813
-0.102854
-0.102889
-0.10292
-0.102945
-0.102964
-0.102979
-0.102987
-0.10299
-0.102987
-0.102979
-0.102965
-0.102945
-0.10292
-0.10289
-0.102854
-0.102812
-0.102766
-0.102715
-0.102659
-0.102598
-0.102534
-0.102465
-0.102392
-0.102316
-0.102237
-0.102155
-0.10207
-0.101983
-0.101894
-0.101804
-0.101712
-0.101619
-0.101526
-0.101433
-0.10134
-0.101248
-0.101156
-0.101066
-0.100978
-0.100891
-0.100807
-0.100726
-0.100648
-0.100573
-0.100501
-0.100434
-0.100371
-0.100313
-0.100259
-0.100211
-0.100167
-0.100129
-0.100097
-0.10007
-0.10005
-0.100035
-0.100026
-0.100023
-0.100026
-0.100035
-0.100051
-0.100072
-0.100099
-0.100132
-0.100171
-0.100215
-0.100265
-0.100319
-0.100379
-0.100444
-0.100513
-0.100587
-0.100664
-0.100745
-0.10083
-0.100918
-0.101008
-0.101101
-0.101196
-0.101293
-0.101391
-0.10149
-0.101589
-0.101689
-0.101788
-0.101887
-0.101984
-0.10208
-0.102174
-0.102266
-0.102356
-0.102443
-0.102526
-0.102606
-0.102681
-0.102753
-0.10282
-0.102882
-0.102939
-0.10299
-0.103036
-0.103076
-0.103111
-0.103139
-0.103161
-0.103177
-0.103187
-0.10319
-0.103186
-0.103176
-0.10316
-0.103138
-0.103109
-0.103074
-0.103032
-0.102985
-0.102932
-0.102874
-0.10281
-0.102741
-0.102667
-0.102589
-0.102506
-0.10242
-0.10233
-0.102236
-0.10214
-0.102041
-0.10194
-0.101837
-0.101733
-0.101628
-0.101522
-0.101416
-0.101311
-0.101206
-0.101103
-0.101001
-0.100901
-0.100803
-0.100708
-0.100616
-0.100527
-0.100442
-0.100362
-0.100286
-0.100215
-0.100149
-0.100088
-0.100034
-0.099985
-0.0999424
-0.099906
-0.0998762
-0.0998529
-0.0998363
-0.0998264
-0.0998234
-0.0998272
-0.099838
-0.0998556
-0.0998799
-0.0999108
-0.0999484
-0.0999923
-0.100043
-0.100099
-0.100161
-0.100229
-0.100302
-0.10038
-0.100463
-0.100551
-0.100643
-0.100738
-0.100837
-0.100939
-0.101044
-0.101151
-0.10126
-0.101371
-0.101482
-0.101594
-0.101706
-0.101817
-0.101928
-0.102038
-0.102146
-0.102252
-0.102356
-0.102456
-0.102554
-0.102647
-0.102737
-0.102822
-0.102902
-0.102977
-0.103046
-0.10311
-0.103168
-0.103219
-0.103264
-0.103303
-0.103334
-0.103359
-0.103377
-0.103387
-0.10339
-0.103386
-0.103375
-0.103356
-0.103331
-0.103298
-0.103258
-0.103212
-0.103159
-0.103099
-0.103033
-0.102962
-0.102884
-0.102801
-0.102713
-0.102621
-0.102524
-0.102422
-0.102318
-0.10221
-0.102099
-0.101986
-0.10187
-0.101754
-0.101636
-0.101518
-0.1014
-0.101282
-0.101165
-0.101049
-0.100934
-0.100822
-0.100713
-0.100607
-0.100504
-0.100406
-0.100312
-0.100222
-0.100138
-0.100059
-0.0999854
-0.0999181
-0.0998572
-0.0998028
-0.0997552
-0.0997148
-0.0996815
-0.0996555
-0.099637
-0.099626
-0.0996227
-0.0996271
-0.0996391
-0.0996588
-0.0996861
-0.0997208
-0.0997629
-0.0998121
-0.0998683
-0.0999312
-0.100001
-0.100076
-0.100158
-0.100246
-0.100338
-0.100436
-0.100539
-0.100645
-0.100755
-0.100869
-0.100986
-0.101105
-0.101226
-0.101349
-0.101473
-0.101597
-0.101722
-0.101846
-0.10197
-0.102092
-0.102212
-0.102329
-0.102444
-0.102556
-0.102664
-0.102768
-0.102867
-0.102961
-0.10305
-0.103133
-0.10321
-0.103281
-0.103345
-0.103402
-0.103451
-0.103494
-0.103529
-0.103556
-0.103575
-0.103586
-0.10359
-0.103585
-0.103572
-0.103551
-0.103523
-0.103486
-0.103442
-0.10339
-0.103331
-0.103265
-0.103192
-0.103112
-0.103027
-0.102935
-0.102837
-0.102734
-0.102627
-0.102515
-0.102399
-0.102279
-0.102156
-0.102031
-0.101904
-0.101775
-0.101645
-0.101514
-0.101383
-0.101253
-0.101123
-0.100995
-0.100869
-0.100745
-0.100625
-0.100507
-0.100394
-0.100285
-0.100181
-0.100082
-0.0999891
-0.0999019
-0.0998212
-0.0997471
-0.0996799
-0.0996201
-0.0995679
-0.0995234
-0.0994869
-0.0994585
-0.0994383
-0.0994265
-0.099423
-0.0994281
-0.0994417
-0.0994637
-0.099494
-0.0995326
-0.0995791
-0.0996335
-0.0996956
-0.0997651
-0.0998418
-0.0999254
-0.100016
-0.100112
-0.100214
-0.100322
-0.100435
-0.100553
-0.100674
-0.100799
-0.100928
-0.101059
-0.101193
-0.101328
-0.101465
-0.101602
-0.101739
-0.101875
-0.102011
-0.102145
-0.102278
-0.102407
-0.102533
-0.102656
-0.102775
-0.102889
-0.102998
-0.103101
-0.103199
-0.10329
-0.103374
-0.103452
-0.103522
-0.103584
-0.103639
-0.103685
-0.103723
-0.103753
-0.103774
-0.103786
-0.10379
-0.103784
-0.10377
-0.103747
-0.103715
-0.103675
-0.103626
-0.10357
-0.103505
-0.103432
-0.103352
-0.103264
-0.10317
-0.103069
-0.102962
-0.102849
-0.102731
-0.102608
-0.10248
-0.102349
-0.102214
-0.102077
-0.101937
-0.101796
-0.101653
-0.10151
-0.101366
-0.101223
-0.101081
-0.100941
-0.100803
-0.100668
-0.100536
-0.100407
-0.100283
-0.100164
-0.100051
-0.0999427
-0.0998408
-0.0997455
-0.0996571
-0.0995762
-0.0995028
-0.0994375
-0.0993805
-0.0993321
-0.0992924
-0.0992616
-0.0992398
-0.0992271
-0.0992237
-0.0992293
-0.0992441
-0.0992679
-0.0993009
-0.0993428
-0.0993937
-0.0994532
-0.0995212
-0.0995974
-0.0996814
-0.099773
-0.0998718
-0.0999773
-0.100089
-0.100207
-0.100331
-0.100459
-0.100592
-0.10073
-0.10087
-0.101014
-0.10116
-0.101308
-0.101456
-0.101606
-0.101756
-0.101905
-0.102053
-0.102199
-0.102343
-0.102485
-0.102622
-0.102756
-0.102885
-0.10301
-0.103128
-0.103241
-0.103347
-0.103446
-0.103538
-0.103623
-0.103699
-0.103767
-0.103826
-0.103877
-0.103918
-0.10395
-0.103973
-0.103986
-0.103989
-0.103983
-0.103968
-0.103943
-0.103908
-0.103864
-0.103811
-0.103749
-0.103678
-0.103599
-0.103511
-0.103416
-0.103313
-0.103203
-0.103086
-0.102963
-0.102834
-0.1027
-0.102561
-0.102419
-0.102272
-0.102123
-0.10197
-0.101817
-0.101661
-0.101505
-0.101349
-0.101194
-0.10104
-0.100888
-0.100738
-0.10059
-0.100447
-0.100308
-0.100173
-0.100044
-0.09992
-0.0998026
-0.0996919
-0.0995885
-0.0994927
-0.0994048
-0.0993254
-0.0992547
-0.099193
-0.0991405
-0.0990976
-0.0990643
-0.0990408
-0.0990272
-0.0990235
-0.0990299
-0.0990463
-0.0990726
-0.0991088
-0.0991546
-0.0992101
-0.0992748
-0.0993487
-0.0994314
-0.0995226
-0.0996221
-0.0997294
-0.099844
-0.0999656
-0.100094
-0.100228
-0.100367
-0.100511
-0.10066
-0.100812
-0.100968
-0.101126
-0.101287
-0.101448
-0.10161
-0.101773
-0.101934
-0.102095
-0.102253
-0.102409
-0.102562
-0.102711
-0.102856
-0.102996
-0.103131
-0.103259
-0.103381
-0.103496
-0.103603
-0.103703
-0.103794
-0.103876
-0.103949
-0.104013
-0.104068
-0.104112
-0.104147
-0.104171
-0.104185
-0.104189
-0.104182
-0.104165
-0.104138
-0.1041
-0.104053
-0.103995
-0.103928
-0.103851
-0.103765
-0.10367
-0.103567
-0.103455
-0.103336
-0.10321
-0.103077
-0.102938
-0.102793
-0.102643
-0.102488
-0.10233
-0.102168
-0.102004
-0.101837
-0.10167
-0.101501
-0.101333
-0.101165
-0.100998
-0.100834
-0.100672
-0.100513
-0.100358
-0.100208
-0.100062
-0.0999229
-0.0997895
-0.0996629
-0.0995437
-0.0994323
-0.099329
-0.0992344
-0.0991487
-0.0990724
-0.0990059
-0.0989493
-0.098903
-0.098867
-0.0988417
-0.098827
-0.0988233
-0.0988303
-0.0988481
-0.0988768
-0.098916
-0.0989657
-0.0990257
-0.0990957
-0.0991755
-0.0992648
-0.0993632
-0.0994705
-0.0995861
-0.0997098
-0.0998409
-0.099979
-0.100124
-0.100274
-0.10043
-0.10059
-0.100755
-0.100923
-0.101093
-0.101266
-0.101439
-0.101614
-0.101789
-0.101963
-0.102136
-0.102306
-0.102474
-0.102639
-0.1028
-0.102956
-0.103106
-0.103251
-0.103389
-0.103521
-0.103644
-0.10376
-0.103867
-0.103964
-0.104053
-0.104132
-0.104201
-0.104259
-0.104307
-0.104344
-0.10437
-0.104385
-0.104389
-0.104382
-0.104363
-0.104333
-0.104293
-0.104241
-0.104179
-0.104107
-0.104024
-0.103931
-0.103829
-0.103718
-0.103598
-0.10347
-0.103334
-0.103191
-0.103041
-0.102885
-0.102724
-0.102558
-0.102388
-0.102214
-0.102037
-0.101858
-0.101678
-0.101497
-0.101316
-0.101136
-0.100957
-0.10078
-0.100606
-0.100436
-0.100269
-0.100108
-0.0999518
-0.099802
-0.0996588
-0.099523
-0.0993948
-0.0992751
-0.0991642
-0.0990627
-0.098971
-0.0988894
-0.0988182
-0.0987578
-0.0987084
-0.0986701
-0.0986431
-0.0986276
-0.0986237
-0.0986314
-0.0986507
-0.0986816
-0.0987238
-0.0987772
-0.0988416
-0.0989168
-0.0990026
-0.0990985
-0.0992043
-0.0993195
-0.0994438
-0.0995766
-0.0997174
-0.0998656
-0.100021
-0.100182
-0.100349
-0.100521
-0.100697
-0.100877
-0.101059
-0.101244
-0.101431
-0.101618
-0.101805
-0.101992
-0.102177
-0.10236
-0.10254
-0.102716
-0.102888
-0.103056
-0.103217
-0.103372
-0.10352
-0.10366
-0.103793
-0.103916
-0.104031
-0.104136
-0.10423
-0.104315
-0.104388
-0.104451
-0.104502
-0.104541
-0.104569
-0.104585
-0.104589
-0.104581
-0.104561
-0.104529
-0.104486
-0.10443
-0.104364
-0.104286
-0.104197
-0.104098
-0.103989
-0.10387
-0.103741
-0.103604
-0.103458
-0.103305
-0.103145
-0.102978
-0.102805
-0.102628
-0.102445
-0.102259
-0.10207
-0.101879
-0.101686
-0.101493
-0.101299
-0.101106
-0.100915
-0.100726
-0.10054
-0.100358
-0.10018
-0.100008
-0.0998411
-0.0996809
-0.0995281
-0.099383
-0.0992463
-0.0991186
-0.0990004
-0.0988922
-0.0987943
-0.098707
-0.098631
-0.0985664
-0.0985135
-0.0984726
-0.098444
-0.0984276
-0.0984237
-0.0984321
-0.098453
-0.0984861
-0.0985314
-0.0985886
-0.0986575
-0.0987379
-0.0988295
-0.098932
-0.099045
-0.0991681
-0.0993008
-0.0994427
-0.099593
-0.0997513
-0.0999169
-0.100089
-0.100267
-0.100451
-0.100639
-0.100831
-0.101026
-0.101224
-0.101423
-0.101622
-0.101822
-0.102021
-0.102219
-0.102414
-0.102606
-0.102794
-0.102977
-0.103155
-0.103327
-0.103493
-0.10365
-0.1038
-0.103941
-0.104073
-0.104195
-0.104307
-0.104408
-0.104497
-0.104576
-0.104642
-0.104696
-0.104738
-0.104768
-0.104785
-0.104789
-0.10478
-0.104758
-0.104724
-0.104678
-0.104619
-0.104548
-0.104465
-0.10437
-0.104264
-0.104148
-0.104021
-0.103884
-0.103738
-0.103583
-0.103419
-0.103248
-0.103071
-0.102887
-0.102697
-0.102503
-0.102305
-0.102104
-0.1019
-0.101695
-0.101489
-0.101283
-0.101077
-0.100874
-0.100672
-0.100474
-0.100281
-0.100091
-0.0999078
-0.0997305
-0.0995601
-0.0993975
-0.0992431
-0.0990977
-0.0989619
-0.0988361
-0.0987209
-0.0986168
-0.0985242
-0.0984434
-0.0983749
-0.0983189
-0.0982755
-0.0982451
-0.0982277
-0.0982235
-0.0982325
-0.0982547
-0.0982898
-0.0983379
-0.0983987
-0.0984722
-0.0985579
-0.0986555
-0.0987647
-0.0988851
-0.0990161
-0.0991574
-0.0993082
-0.0994682
-0.0996366
-0.0998127
-0.099996
-0.100186
-0.100381
-0.100581
-0.100785
-0.100992
-0.101202
-0.101414
-0.101626
-0.101839
-0.10205
-0.10226
-0.102468
-0.102672
-0.102871
-0.103066
-0.103255
-0.103438
-0.103613
-0.103781
-0.10394
-0.10409
-0.104229
-0.104359
-0.104478
-0.104585
-0.10468
-0.104763
-0.104833
-0.104891
-0.104935
-0.104967
-0.104984
-0.104988
-0.104979
-0.104956
-0.10492
-0.10487
-0.104808
-0.104732
-0.104644
-0.104543
-0.104431
-0.104307
-0.104172
-0.104027
-0.103871
-0.103707
-0.103533
-0.103352
-0.103163
-0.102968
-0.102767
-0.102561
-0.102351
-0.102137
-0.101921
-0.101703
-0.101484
-0.101266
-0.101048
-0.100832
-0.100619
-0.100409
-0.100203
-0.100002
-0.0998078
-0.0996198
-0.0994392
-0.0992669
-0.0991034
-0.0989494
-0.0988055
-0.0986723
-0.0985504
-0.0984401
-0.098342
-0.0982566
-0.0981839
-0.0981245
-0.0980786
-0.0980464
-0.098028
-0.0980236
-0.0980332
-0.0980567
-0.0980941
-0.0981452
-0.0982099
-0.0982879
-0.0983789
-0.0984825
-0.0985984
-0.0987261
-0.0988651
-0.0990149
-0.0991748
-0.0993443
-0.0995228
-0.0997094
-0.0999036
-0.100105
-0.100311
-0.100523
-0.10074
-0.100959
-0.101182
-0.101406
-0.10163
-0.101855
-0.102079
-0.102302
-0.102521
-0.102737
-0.102949
-0.103155
-0.103355
-0.103548
-0.103734
-0.103911
-0.10408
-0.104238
-0.104386
-0.104523
-0.104648
-0.104762
-0.104862
-0.10495
-0.105025
-0.105085
-0.105132
-0.105165
-0.105184
-0.105188
-0.105178
-0.105154
-0.105115
-0.105063
-0.104996
-0.104916
-0.104823
-0.104716
-0.104597
-0.104466
-0.104323
-0.104169
-0.104005
-0.103831
-0.103647
-0.103455
-0.103256
-0.103049
-0.102837
-0.102619
-0.102396
-0.102171
-0.101942
-0.101712
-0.10148
-0.101249
-0.101019
-0.100791
-0.100565
-0.100343
-0.100126
-0.0999136
-0.0997078
-0.0995092
-0.0993185
-0.0991364
-0.0989637
-0.098801
-0.0986491
-0.0985084
-0.0983796
-0.0982632
-0.0981597
-0.0980696
-0.0979931
-0.0979305
-0.0978823
-0.0978486
-0.0978294
-0.0978247
-0.0978348
-0.0978597
-0.0978991
-0.097953
-0.0980213
-0.0981036
-0.0981997
-0.0983091
-0.0984315
-0.0985663
-0.0987133
-0.0988715
-0.0990406
-0.0992198
-0.0994084
-0.0996056
-0.0998108
-0.100023
-0.100241
-0.100465
-0.100694
-0.100926
-0.101161
-0.101397
-0.101635
-0.101872
-0.102109
-0.102343
-0.102575
-0.102803
-0.103026
-0.103244
-0.103455
-0.103659
-0.103855
-0.104042
-0.104219
-0.104387
-0.104543
-0.104687
-0.104819
-0.104939
-0.105045
-0.105138
-0.105216
-0.10528
-0.10533
-0.105364
-0.105384
-0.105388
-0.105378
-0.105352
-0.105311
-0.105255
-0.105185
-0.105101
-0.105002
-0.104889
-0.104764
-0.104625
-0.104475
-0.104312
-0.104139
-0.103955
-0.103761
-0.103559
-0.103348
-0.103131
-0.102906
-0.102677
-0.102442
-0.102204
-0.101963
-0.10172
-0.101476
-0.101232
-0.10099
-0.100749
-0.100511
-0.100277
-0.100048
-0.0998248
-0.099608
-0.0993988
-0.0991978
-0.099006
-0.098824
-0.0986526
-0.0984925
-0.0983443
-0.0982087
-0.0980861
-0.0979771
-0.0978822
-0.0978016
-0.0977359
-0.0976851
-0.0976496
-0.0976293
-0.0976245
-0.0976352
-0.0976614
-0.0977032
-0.0977601
-0.0978322
-0.097919
-0.0980202
-0.0981356
-0.0982647
-0.0984069
-0.0985616
-0.0987284
-0.0989066
-0.0990954
-0.099294
-0.0995018
-0.0997179
-0.0999415
-0.100172
-0.100407
-0.100648
-0.100892
-0.101139
-0.101389
-0.101639
-0.101889
-0.102138
-0.102384
-0.102628
-0.102868
-0.103103
-0.103332
-0.103554
-0.103769
-0.103975
-0.104172
-0.104359
-0.104535
-0.104699
-0.104851
-0.10499
-0.105116
-0.105228
-0.105325
-0.105407
-0.105475
-0.105526
-0.105563
-0.105583
-0.105588
-0.105576
-0.105549
-0.105506
-0.105447
-0.105373
-0.105284
-0.10518
-0.105062
-0.10493
-0.104784
-0.104625
-0.104455
-0.104272
-0.104079
-0.103875
-0.103662
-0.103441
-0.103212
-0.102976
-0.102734
-0.102488
-0.102237
-0.101984
-0.101728
-0.101472
-0.101216
-0.10096
-0.100707
-0.100457
-0.100211
-0.0999707
-0.0997359
-0.0995081
-0.0992881
-0.099077
-0.0988754
-0.0986842
-0.0985042
-0.098336
-0.0981803
-0.0980379
-0.0979091
-0.0977946
-0.0976949
-0.0976103
-0.0975412
-0.0974878
-0.0974505
-0.0974294
-0.0974245
-0.0974359
-0.0974636
-0.0975075
-0.0975675
-0.0976433
-0.0977346
-0.0978411
-0.0979624
-0.098098
-0.0982474
-0.0984101
-0.0985854
-0.0987726
-0.098971
-0.0991797
-0.099398
-0.099625
-0.0998598
-0.100101
-0.100349
-0.100602
-0.100859
-0.101118
-0.10138
-0.101643
-0.101905
-0.102167
-0.102426
-0.102682
-0.102934
-0.103181
-0.103421
-0.103655
-0.10388
-0.104097
-0.104304
-0.1045
-0.104684
-0.104857
-0.105016
-0.105162
-0.105294
-0.105411
-0.105513
-0.105599
-0.10567
-0.105724
-0.105762
-0.105784
-0.105788
-0.105776
-0.105748
-0.105703
-0.105641
-0.105563
-0.105469
-0.10536
-0.105236
-0.105097
-0.104944
-0.104777
-0.104598
-0.104407
-0.104204
-0.10399
-0.103766
-0.103534
-0.103294
-0.103046
-0.102793
-0.102534
-0.102271
-0.102005
-0.101737
-0.101468
-0.101199
-0.100932
-0.100666
-0.100404
-0.100146
-0.0998937
-0.0996475
-0.0994087
-0.0991781
-0.0989567
-0.0987453
-0.0985449
-0.0983562
-0.09818
-0.0980169
-0.0978676
-0.0977327
-0.0976128
-0.0975083
-0.0974197
-0.0973474
-0.0972917
-0.0972527
-0.0972307
-0.0972257
-0.0972379
-0.097267
-0.0973131
-0.0973759
-0.0974554
-0.0975512
-0.0976629
-0.0977901
-0.0979323
-0.098089
-0.0982595
-0.0984432
-0.0986394
-0.0988473
-0.0990661
-0.0992949
-0.0995329
-0.099779
-0.100032
-0.100292
-0.100557
-0.100826
-0.101099
-0.101374
-0.101649
-0.101924
-0.102198
-0.102469
-0.102738
-0.103001
-0.10326
-0.103512
-0.103756
-0.103992
-0.104218
-0.104435
-0.10464
-0.104833
-0.105014
-0.105181
-0.105333
-0.105471
-0.105594
-0.105701
-0.105791
-0.105865
-0.105922
-0.105961
-0.105984
-0.105988
-0.105976
-0.105946
-0.105898
-0.105834
-0.105752
-0.105654
-0.105539
-0.105409
-0.105264
-0.105103
-0.104929
-0.104741
-0.10454
-0.104328
-0.104104
-0.10387
-0.103627
-0.103375
-0.103116
-0.102851
-0.10258
-0.102305
-0.102026
-0.101746
-0.101464
-0.101183
-0.100903
-0.100625
-0.100351
-0.100081
-0.0998164
-0.0995588
-0.0993089
-0.0990676
-0.098836
-0.0986149
-0.0984053
-0.0982079
-0.0980236
-0.0978531
-0.097697
-0.097556
-0.0974307
-0.0973215
-0.0972287
-0.0971529
-0.0970945
-0.0970538
-0.0970308
-0.0970257
-0.0970386
-0.0970691
-0.0971174
-0.0971833
-0.0972666
-0.0973668
-0.0974837
-0.0976167
-0.0977655
-0.0979295
-0.098108
-0.0983003
-0.0985056
-0.0987231
-0.0989519
-0.0991912
-0.09944
-0.0996974
-0.0999625
-0.100234
-0.100511
-0.100793
-0.101078
-0.101365
-0.101653
-0.101941
-0.102227
-0.102511
-0.102791
-0.103067
-0.103337
-0.1036
-0.103856
-0.104103
-0.10434
-0.104566
-0.10478
-0.104982
-0.10517
-0.105345
-0.105504
-0.105648
-0.105776
-0.105888
-0.105982
-0.106059
-0.106119
-0.10616
-0.106183
-0.106188
-0.106175
-0.106144
-0.106094
-0.106026
-0.105941
-0.105838
-0.105719
-0.105582
-0.10543
-0.105263
-0.10508
-0.104884
-0.104674
-0.104452
-0.104218
-0.103974
-0.10372
-0.103457
-0.103186
-0.102909
-0.102626
-0.102338
-0.102048
-0.101755
-0.101461
-0.101167
-0.100874
-0.100584
-0.100297
-0.100015
-0.0997395
-0.0994704
-0.0992093
-0.0989573
-0.0987154
-0.0984846
-0.0982656
-0.0980595
-0.097867
-0.0976889
-0.0975259
-0.0973787
-0.097248
-0.097134
-0.0970374
-0.0969585
-0.0968977
-0.0968553
-0.0968314
-0.0968262
-0.0968396
-0.0968717
-0.0969224
-0.0969913
-0.0970783
-0.097183
-0.0973051
-0.097444
-0.0975994
-0.0977705
-0.0979568
-0.0981574
-0.0983717
-0.0985987
-0.0988377
-0.0990876
-0.0993474
-0.0996163
-0.0998931
-0.100177
-0.100466
-0.10076
-0.101057
-0.101357
-0.101658
-0.101958
-0.102257
-0.102553
-0.102846
-0.103133
-0.103415
-0.10369
-0.103956
-0.104214
-0.104461
-0.104696
-0.10492
-0.10513
-0.105327
-0.105509
-0.105675
-0.105825
-0.105959
-0.106075
-0.106173
-0.106254
-0.106316
-0.106359
-0.106383
-0.106388
-0.106374
-0.106342
-0.10629
-0.106219
-0.10613
-0.106023
-0.105898
-0.105756
-0.105597
-0.105422
-0.105232
-0.105027
-0.104808
-0.104577
-0.104333
-0.104078
-0.103813
-0.103538
-0.103256
-0.102967
-0.102672
-0.102372
-0.102069
-0.101763
-0.101456
-0.10115
-0.100845
-0.100542
-0.100243
-0.0999494
-0.0996617
-0.0993812
-0.0991091
-0.0988465
-0.0985944
-0.0983538
-0.0981256
-0.0979108
-0.0977102
-0.0975246
-0.0973548
-0.0972014
-0.0970651
-0.0969464
-0.0968458
-0.0967637
-0.0967004
-0.0966563
-0.0966315
-0.0966262
-0.0966404
-0.0966739
-0.0967268
-0.0967987
-0.0968895
-0.0969986
-0.0971259
-0.0972708
-0.0974327
-0.0976111
-0.0978052
-0.0980144
-0.0982377
-0.0984743
-0.0987233
-0.0989838
-0.0992547
-0.099535
-0.0998233
-0.100119
-0.10042
-0.100726
-0.101035
-0.101347
-0.101661
-0.101974
-0.102285
-0.102594
-0.102899
-0.103199
-0.103492
-0.103778
-0.104056
-0.104324
-0.104581
-0.104827
-0.10506
-0.105279
-0.105484
-0.105673
-0.105846
-0.106003
-0.106142
-0.106263
-0.106365
-0.106449
-0.106513
-0.106558
-0.106583
-0.106588
-0.106573
-0.106539
-0.106485
-0.106412
-0.106319
-0.106207
-0.106077
-0.105929
-0.105764
-0.105582
-0.105383
-0.10517
-0.104942
-0.104701
-0.104447
-0.104181
-0.103905
-0.10362
-0.103326
-0.103024
-0.102717
-0.102405
-0.102089
-0.101771
-0.101452
-0.101133
-0.100816
-0.100501
-0.10019
-0.099884
-0.0995845
-0.0992926
-0.0990095
-0.0987363
-0.0984739
-0.0982235
-0.097986
-0.0977625
-0.0975537
-0.0973606
-0.0971839
-0.0970244
-0.0968827
-0.0967592
-0.0966546
-0.0965691
-0.0965032
-0.0964574
-0.0964317
-0.0964262
-0.0964411
-0.0964762
-0.0965313
-0.0966063
-0.0967009
-0.0968147
-0.0969473
-0.0970982
-0.0972667
-0.0974523
-0.0976542
-0.0978718
-0.0981042
-0.0983504
-0.0986095
-0.0988804
-0.0991622
-0.0994539
-0.0997539
-0.100061
-0.100375
-0.100693
-0.101015
-0.101339
-0.101665
-0.101991
-0.102315
-0.102635
-0.102952
-0.103264
-0.103569
-0.103867
-0.104156
-0.104435
-0.104702
-0.104958
-0.1052
-0.105428
-0.105641
-0.105837
-0.106017
-0.10618
-0.106324
-0.10645
-0.106557
-0.106644
-0.106711
-0.106757
-0.106783
-0.106788
-0.106773
-0.106737
-0.106681
-0.106604
-0.106508
-0.106391
-0.106256
-0.106102
-0.10593
-0.105741
-0.105535
-0.105313
-0.105076
-0.104825
-0.104561
-0.104285
-0.103998
-0.103701
-0.103395
-0.103082
-0.102763
-0.102438
-0.10211
-0.10178
-0.101448
-0.101117
-0.100787
-0.100459
-0.100136
-0.0998182
-0.0995069
-0.0992037
-0.0989094
-0.0986255
-0.0983528
-0.0980927
-0.097846
-0.0976138
-0.097397
-0.0971964
-0.0970129
-0.0968473
-0.0967
-0.0965718
-0.096463
-0.0963744
-0.0963062
-0.0962587
-0.096232
-0.0962264
-0.0962419
-0.0962784
-0.0963358
-0.0964138
-0.0965122
-0.0966305
-0.0967683
-0.0969251
-0.0971002
-0.0972931
-0.097503
-0.0977291
-0.0979706
-0.0982263
-0.0984954
-0.098777
-0.0990697
-0.0993726
-0.0996842
-0.100003
-0.100329
-0.100659
-0.100994
-0.101331
-0.101669
-0.102007
-0.102343
-0.102677
-0.103006
-0.10333
-0.103647
-0.103956
-0.104256
-0.104545
-0.104823
-0.105088
-0.10534
-0.105576
-0.105797
-0.106002
-0.106188
-0.106357
-0.106507
-0.106638
-0.106748
-0.106838
-0.106908
-0.106956
-0.106983
-0.106988
-0.106972
-0.106935
-0.106876
-0.106797
-0.106696
-0.106576
-0.106435
-0.106275
-0.106097
-0.1059
-0.105686
-0.105456
-0.10521
-0.104949
-0.104675
-0.104388
-0.10409
-0.103782
-0.103465
-0.10314
-0.102808
-0.102472
-0.102131
-0.101788
-0.101444
-0.1011
-0.100757
-0.100418
-0.100082
-0.0997525
-0.0994296
-0.0991149
-0.0988096
-0.098515
-0.0982321
-0.0979621
-0.0977061
-0.0974652
-0.0972403
-0.0970323
-0.0968419
-0.0966701
-0.0965172
-0.0963842
-0.0962715
-0.0961797
-0.096109
-0.0960599
-0.0960324
-0.0960265
-0.0960427
-0.0960806
-0.0961402
-0.0962213
-0.0963235
-0.0964464
-0.0965894
-0.0967521
-0.0969339
-0.097134
-0.0973516
-0.0975861
-0.0978364
-0.0981017
-0.098381
-0.098673
-0.0989768
-0.099291
-0.0996142
-0.0999453
-0.100283
-0.100625
-0.100972
-0.101322
-0.101672
-0.102023
-0.102372
-0.102718
-0.103059
-0.103395
-0.103724
-0.104044
-0.104355
-0.104655
-0.104943
-0.105218
-0.105479
-0.105724
-0.105953
-0.106165
-0.106359
-0.106534
-0.106689
-0.106825
-0.106939
-0.107033
-0.107104
-0.107154
-0.107182
-0.107188
-0.107171
-0.107132
-0.107072
-0.106989
-0.106885
-0.10676
-0.106614
-0.106448
-0.106263
-0.106059
-0.105837
-0.105598
-0.105343
-0.105073
-0.104789
-0.104492
-0.104183
-0.103863
-0.103535
-0.103198
-0.102854
-0.102505
-0.102152
-0.101796
-0.10144
-0.101083
-0.100728
-0.100376
-0.100028
-0.0996866
-0.099352
-0.0990259
-0.0987096
-0.0984043
-0.0981112
-0.0978315
-0.0975663
-0.0973167
-0.0970837
-0.0968682
-0.0966709
-0.0964929
-0.0963347
-0.096197
-0.0960802
-0.0959851
-0.0959119
-0.0958609
-0.0958325
-0.0958266
-0.0958434
-0.0958827
-0.0959444
-0.0960284
-0.0961342
-0.0962615
-0.0964099
-0.0965786
-0.0967671
-0.0969746
-0.0972002
-0.0974431
-0.0977025
-0.0979775
-0.0982669
-0.0985695
-0.0988841
-0.0992095
-0.0995446
-0.0998876
-0.100238
-0.100593
-0.100952
-0.101314
-0.101677
-0.10204
-0.102401
-0.10276
-0.103113
-0.103461
-0.103802
-0.104134
-0.104456
-0.104767
-0.105065
-0.105349
-0.105619
-0.105873
-0.10611
-0.10633
-0.10653
-0.106711
-0.106872
-0.107012
-0.107131
-0.107228
-0.107302
-0.107353
-0.107382
-0.107388
-0.107371
-0.107331
-0.107267
-0.107182
-0.107074
-0.106944
-0.106793
-0.106622
-0.10643
-0.106218
-0.105989
-0.105741
-0.105477
-0.105197
-0.104903
-0.104596
-0.104276
-0.103945
-0.103604
-0.103255
-0.1029
-0.102538
-0.102173
-0.101805
-0.101435
-0.101066
-0.100699
-0.100335
-0.0999747
-0.0996209
-0.0992746
-0.098937
-0.0986097
-0.0982937
-0.0979903
-0.0977009
-0.0974265
-0.0971682
-0.0969271
-0.0967041
-0.0965001
-0.0963159
-0.0961522
-0.0960098
-0.0958892
-0.0957908
-0.0957151
-0.0956624
-0.0956329
-0.0956268
-0.0956442
-0.095685
-0.0957489
-0.0958359
-0.0959455
-0.0960774
-0.096231
-0.0964056
-0.0966007
-0.0968155
-0.0970491
-0.0973005
-0.097569
-0.0978535
-0.098153
-0.0984661
-0.0987917
-0.0991284
-0.099475
-0.0998301
-0.100192
-0.10056
-0.100932
-0.101306
-0.101682
-0.102057
-0.102431
-0.102801
-0.103167
-0.103527
-0.103879
-0.104222
-0.104555
