-0.0787534
-0.0787538
-0.0787542
-0.0787547
-0.0787552
-0.0787558
-0.0787563
-0.0787569
-0.0787575
-0.0787582
-0.0787589
-0.0787596
-0.0787603
-0.0787611
-0.0787618
-0.0787626
-0.0787634
-0.0787642
-0.0787651
-0.0787659
-0.0787668
-0.0787676
-0.0787685
-0.0787694
-0.0787703
-0.0787712
-0.0787721
-0.078773
-0.0787739
-0.0787748
-0.0787757
-0.0787766
-0.0787775
-0.0787784
-0.0787792
-0.0787801
-0.0787809
-0.0787818
-0.0787826
-0.0787834
-0.0787843
-0.0787851
-0.0787859
-0.0787867
-0.0787874
-0.0787881
-0.0787888
-0.0787895
-0.0787902
-0.0787908
-0.0787914
-0.0787919
-0.0787924
-0.0787929
-0.0787934
-0.0787938
-0.0787942
-0.0787946
-0.0787949
-0.0787952
-0.0787955
-0.0787957
-0.0787959
-0.078796
-0.0787962
-0.0787962
-0.0787963
-0.0787963
-0.0787962
-0.0787961
-0.078796
-0.0787958
-0.0787958
-0.0787956
-0.0787954
-0.078795
-0.0787946
-0.0787942
-0.0787937
-0.0787932
