-0.083617
-0.0836175
-0.083618
-0.0836186
-0.0836191
-0.0836197
-0.0836202
-0.0836208
-0.0836215
-0.0836221
-0.0836228
-0.0836235
-0.0836242
-0.083625
-0.0836257
-0.0836265
-0.0836273
-0.0836281
-0.0836289
-0.0836297
-0.0836305
-0.0836314
-0.0836322
-0.0836331
-0.083634
-0.0836349
-0.0836358
-0.0836367
-0.0836376
-0.0836385
-0.0836394
-0.0836403
-0.0836412
-0.0836421
-0.083643
-0.0836438
-0.0836447
-0.0836455
-0.0836463
-0.0836471
-0.0836479
-0.0836487
-0.0836495
-0.0836502
-0.083651
-0.0836517
-0.0836524
-0.0836531
-0.0836538
-0.0836544
-0.083655
-0.0836556
-0.0836561
-0.0836566
-0.0836571
-0.0836576
-0.083658
-0.0836584
-0.0836587
-0.083659
-0.0836592
-0.0836594
-0.0836596
-0.0836597
-0.0836598
-0.0836599
-0.0836599
-0.0836598
-0.0836597
-0.0836595
-0.0836593
-0.083659
-0.0836588
-0.0836584
-0.0836581
-0.0836577
-0.0836572
-0.0836567
-0.0836561
-0.0836555
-0.0836548
-0.0836541
-0.0836532
-0.0836524
-0.0836515
-0.0836505
-0.0836495
-0.0836485
-0.0836474
-0.0836462
-0.083645
-0.0836438
-0.0836425
-0.0836411
-0.0836397
-0.0836382
-0.0836367
-0.0836352
-0.0836336
-0.0836319
-0.0836303
-0.0836286
-0.0836268
-0.083625
-0.0836231
-0.0836212
-0.0836192
-0.0836172
-0.0836152
-0.0836131
-0.083611
-0.0836089
-0.0836067
-0.0836046
-0.0836023
-0.0836001
-0.0835978
-0.0835955
-0.0835932
-0.0835909
-0.0835885
-0.0835861
-0.0835837
-0.0835813
-0.0835788
-0.0835764
-0.0835739
-0.0835715
-0.083569
-0.0835666
-0.0835641
-0.0835616
-0.0835592
-0.0835567
-0.0835542
-0.0835517
-0.0835493
-0.0835468
-0.0835444
-0.083542
-0.0835396
-0.0835372
-0.0835349
-0.0835325
-0.0835302
-0.0835279
-0.0835257
-0.0835234
-0.0835212
-0.0835191
-0.0835169
-0.0835148
-0.0835128
-0.0835108
-0.0835089
-0.083507
-0.0835052
-0.0835034
-0.0835017
-0.0835
-0.0834983
-0.0834967
-0.0834952
-0.0834938
-0.0834924
-0.0834911
-0.0834898
-0.0834886
-0.0834874
-0.0834864
-0.0834854
-0.0834844
-0.0834835
-0.0834828
-0.0834821
-0.0834815
-0.083481
-0.0834805
-0.0834802
-0.08348
-0.0834798
-0.0834797
-0.0834797
-0.0834798
-0.08348
-0.0834803
-0.0834806
-0.0834811
-0.0834816
-0.0834822
-0.083483
-0.0834838
-0.0834847
-0.0834857
-0.0834868
-0.083488
-0.0834893
-0.0834906
-0.0834921
-0.0834937
-0.0834954
-0.0834971
-0.083499
-0.083501
-0.083503
-0.0835051
-0.0835073
-0.0835096
-0.083512
-0.0835145
-0.0835171
-0.0835198
-0.0835225
-0.0835253
-0.0835282
-0.0835312
-0.0835343
-0.0835375
-0.0835407
-0.0835441
-0.0835475
-0.083551
-0.0835545
-0.0835581
-0.0835618
-0.0835655
-0.0835694
-0.0835732
-0.0835772
-0.0835812
-0.0835853
-0.0835894
-0.0835936
-0.0835978
-0.0836021
-0.0836064
-0.0836108
-0.0836152
-0.0836196
-0.0836241
-0.0836287
-0.0836333
-0.0836378
-0.0836425
-0.0836471
-0.0836518
-0.0836565
-0.0836613
-0.0836661
-0.0836709
-0.0836757
-0.0836805
-0.0836852
