-0.0956249
-0.0956258
-0.0956266
-0.0956272
-0.0956279
-0.0956285
-0.0956291
-0.0956298
-0.0956304
-0.0956311
-0.0956318
-0.0956325
-0.0956332
-0.0956339
-0.0956346
-0.0956353
-0.0956361
-0.0956369
-0.0956377
-0.0956385
-0.0956394
-0.0956403
-0.0956412
-0.0956421
-0.095643
-0.0956438
-0.0956447
-0.0956456
-0.0956464
-0.0956473
-0.0956482
-0.0956491
-0.09565
-0.0956509
-0.0956518
-0.0956527
-0.0956536
-0.0956545
-0.0956554
-0.0956564
-0.0956573
-0.0956581
-0.0956589
-0.0956597
-0.0956604
-0.0956611
-0.0956618
-0.0956624
-0.0956631
-0.0956637
-0.0956643
-0.0956649
-0.0956655
-0.095666
-0.0956665
-0.0956669
-0.0956672
-0.0956675
-0.0956678
-0.095668
-0.0956683
-0.0956685
-0.0956687
-0.0956689
-0.095669
-0.095669
-0.095669
-0.095669
-0.0956689
-0.0956686
-0.0956684
-0.0956681
-0.0956678
-0.0956675
-0.0956671
-0.0956666
-0.0956661
-0.0956656
-0.095665
-0.0956643
-0.0956636
-0.0956628
-0.095662
-0.0956611
-0.0956602
-0.0956592
-0.0956583
-0.0956573
-0.0956563
-0.0956552
-0.095654
-0.0956528
-0.0956514
-0.09565
-0.0956486
-0.0956472
-0.0956457
-0.0956442
-0.0956425
-0.0956409
-0.0956391
-0.0956374
-0.0956355
-0.0956337
-0.0956318
-0.0956299
-0.0956279
-0.0956259
-0.0956239
-0.0956219
-0.0956198
-0.0956177
-0.0956156
-0.0956134
-0.0956112
-0.095609
-0.0956068
-0.0956045
-0.0956021
-0.0955998
-0.0955974
-0.095595
-0.0955926
-0.0955902
-0.0955878
-0.0955853
-0.0955829
-0.0955804
-0.0955779
-0.0955754
-0.0955729
-0.0955704
-0.095568
-0.0955655
-0.095563
-0.0955606
-0.0955581
-0.0955557
-0.0955532
-0.0955508
-0.0955484
-0.095546
-0.0955436
-0.0955413
-0.095539
-0.0955367
-0.0955345
-0.0955323
-0.0955301
-0.095528
-0.0955259
-0.0955238
-0.0955217
-0.0955197
-0.0955177
-0.0955158
-0.095514
-0.0955123
-0.0955106
-0.0955089
-0.0955073
-0.0955057
-0.0955041
-0.0955026
-0.0955012
-0.0954998
-0.0954984
-0.0954972
-0.095496
-0.095495
-0.095494
-0.0954931
-0.0954923
-0.0954916
-0.095491
-0.0954904
-0.0954899
-0.0954894
-0.0954891
-0.0954888
-0.0954886
-0.0954885
-0.0954885
-0.0954886
-0.0954888
-0.095489
-0.0954893
-0.0954897
-0.0954902
-0.0954909
-0.0954916
-0.0954924
-0.0954933
-0.0954943
-0.0954954
-0.0954966
-0.0954979
-0.0954993
-0.0955008
-0.0955023
-0.095504
-0.0955057
-0.0955076
-0.0955095
-0.0955115
-0.0955137
-0.0955159
-0.0955182
-0.0955207
-0.0955232
-0.0955258
-0.0955285
-0.0955313
-0.0955341
-0.095537
-0.09554
-0.0955431
-0.0955462
-0.0955495
-0.0955528
-0.0955562
-0.0955597
-0.0955632
-0.0955669
-0.0955707
-0.0955745
-0.0955783
-0.0955822
-0.0955862
-0.0955902
-0.0955942
-0.0955984
-0.0956025
-0.0956066
-0.0956109
-0.0956151
-0.0956195
-0.0956239
-0.0956283
-0.0956328
-0.0956372
-0.0956418
-0.0956464
-0.095651
-0.0956556
-0.0956602
-0.0956649
-0.0956695
-0.0956742
-0.0956789
-0.0956837
-0.0956884
-0.0956931
-0.0956978
-0.0957025
-0.0957072
-0.0957118
-0.0957164
-0.095721
-0.0957255
-0.0957301
-0.0957345
-0.095739
-0.0957434
-0.0957478
-0.0957521
-0.0957564
-0.0957607
-0.0957649
-0.0957691
-0.0957732
-0.0957773
-0.0957813
-0.0957853
-0.0957891
-0.0957929
-0.0957966
-0.0958003
-0.0958038
-0.0958073
-0.0958107
-0.095814
-0.0958172
-0.0958203
-0.0958234
-0.0958263
-0.0958291
-0.0958318
-0.0958344
-0.0958368
-0.0958392
-0.0958414
-0.0958436
-0.0958456
-0.0958476
-0.0958494
-0.0958511
-0.0958527
-0.0958542
-0.0958556
-0.0958568
-0.0958578
-0.0958587
-0.0958594
-0.09586
-0.0958604
-0.0958607
-0.0958609
-0.095861
-0.0958609
-0.0958606
-0.0958602
-0.0958597
-0.095859
-0.0958582
-0.0958572
-0.0958562
-0.0958549
-0.0958535
-0.095852
-0.0958503
-0.0958484
-0.0958464
-0.0958443
-0.0958421
-0.0958398
-0.0958372
-0.0958346
-0.0958318
-0.0958288
-0.0958255
-0.0958222
-0.0958187
-0.0958152
-0.0958114
-0.0958075
-0.0958035
-0.0957994
-0.0957951
-0.0957908
-0.0957863
-0.0957816
-0.0957769
-0.0957721
-0.0957671
-0.095762
-0.0957569
-0.0957516
-0.0957462
-0.0957407
-0.0957351
-0.0957294
-0.0957236
-0.0957178
-0.0957118
-0.0957058
-0.0956997
-0.0956935
-0.0956872
-0.0956809
-0.0956744
-0.0956679
-0.0956613
-0.0956547
-0.095648
-0.0956413
-0.0956346
-0.0956278
-0.095621
-0.0956141
-0.0956072
-0.0956004
-0.0955935
-0.0955866
-0.0955797
-0.0955727
-0.0955656
-0.0955586
-0.0955515
-0.0955444
-0.0955373
-0.0955302
-0.0955232
-0.0955162
-0.0955092
-0.0955024
-0.0954956
-0.0954888
-0.0954821
-0.0954754
-0.0954687
-0.0954621
-0.0954556
-0.0954491
-0.0954427
-0.0954363
-0.0954301
-0.095424
-0.095418
-0.0954122
-0.0954064
-0.0954007
-0.095395
-0.0953895
-0.095384
-0.0953787
-0.0953735
-0.0953684
-0.0953634
-0.0953587
-0.0953541
-0.0953496
-0.0953453
-0.0953411
-0.0953371
-0.0953331
-0.0953292
-0.0953256
-0.0953221
-0.0953189
-0.0953158
-0.0953128
-0.09531
-0.0953075
-0.0953051
-0.0953028
-0.0953008
-0.0952989
-0.0952972
-0.0952957
-0.0952944
-0.0952932
-0.0952923
-0.0952915
-0.095291
-0.0952907
-0.0952905
-0.0952906
-0.0952908
-0.0952912
-0.0952919
-0.0952927
-0.0952938
-0.0952951
-0.0952965
-0.0952983
-0.0953002
-0.0953023
-0.0953045
-0.095307
-0.0953097
-0.0953125
-0.0953156
-0.0953189
-0.0953223
-0.095326
-0.0953298
-0.0953338
-0.095338
-0.0953424
-0.095347
-0.0953518
-0.0953568
-0.0953619
-0.0953673
-0.0953728
-0.0953785
-0.0953843
-0.0953904
-0.0953967
-0.0954031
-0.0954097
-0.0954164
-0.0954233
-0.0954302
-0.0954373
-0.0954445
-0.0954519
-0.0954594
-0.0954671
-0.0954749
-0.0954828
-0.0954908
-0.0954989
-0.0955072
-0.0955155
-0.095524
-0.0955326
-0.0955413
-0.09555
-0.0955588
-0.0955677
-0.0955766
-0.0955856
-0.0955946
-0.0956038
-0.0956129
-0.0956222
-0.0956315
-0.0956408
-0.0956502
-0.0956596
-0.095669
-0.0956784
-0.0956878
-0.0956972
-0.0957067
-0.0957162
-0.0957256
-0.0957349
-0.0957443
-0.0957536
-0.0957628
-0.095772
-0.0957811
-0.0957901
-0.0957991
-0.0958081
-0.095817
-0.0958258
-0.0958345
-0.0958431
-0.0958516
-0.09586
-0.0958683
-0.0958765
-0.0958846
-0.0958926
-0.0959005
-0.0959084
-0.0959161
-0.0959235
-0.0959308
-0.0959379
-0.0959449
-0.0959516
-0.0959583
-0.0959647
-0.095971
-0.0959771
-0.0959831
-0.0959888
-0.0959943
-0.0959996
-0.0960047
-0.0960096
-0.0960143
-0.0960188
-0.0960231
-0.0960272
-0.0960311
-0.0960348
-0.0960382
-0.0960415
-0.0960445
-0.0960474
-0.0960499
-0.0960522
-0.0960541
-0.0960559
-0.0960574
-0.0960586
-0.0960596
-0.0960603
-0.0960607
-0.0960609
-0.0960608
-0.0960605
-0.0960599
-0.0960591
-0.096058
-0.0960567
-0.0960551
-0.0960532
-0.0960511
-0.0960487
-0.0960461
-0.0960432
-0.09604
-0.0960367
-0.0960331
-0.0960292
-0.096025
-0.0960206
-0.0960159
-0.096011
-0.0960058
-0.0960004
-0.0959948
-0.0959889
-0.0959828
-0.0959764
-0.0959698
-0.095963
-0.095956
-0.0959487
-0.0959413
-0.0959336
-0.0959258
-0.0959178
-0.0959096
-0.0959012
-0.0958926
-0.0958838
-0.0958748
-0.0958655
-0.0958562
-0.0958466
-0.0958369
-0.0958271
-0.0958171
-0.0958069
-0.0957966
-0.0957862
-0.0957756
-0.0957649
-0.0957541
-0.0957432
-0.0957321
-0.095721
-0.0957098
-0.0956986
-0.0956873
-0.0956759
-0.0956645
-0.095653
-0.0956414
-0.0956297
-0.095618
-0.0956062
-0.0955944
-0.0955827
-0.0955709
-0.0955591
-0.0955474
-0.0955356
-0.0955239
-0.0955121
-0.0955004
-0.0954887
-0.0954771
-0.0954655
-0.095454
-0.0954425
-0.0954311
-0.0954199
-0.0954087
-0.0953976
-0.0953866
-0.0953758
-0.095365
-0.0953545
-0.095344
-0.0953337
-0.0953235
-0.0953135
-0.0953035
-0.0952936
-0.0952839
-0.0952743
-0.095265
-0.0952558
-0.0952468
-0.095238
-0.0952295
-0.0952212
-0.0952132
-0.0952053
-0.0951977
-0.0951903
-0.095183
-0.095176
-0.0951692
-0.0951627
-0.0951565
-0.0951505
-0.0951449
-0.0951394
-0.0951343
-0.0951295
-0.0951249
-0.0951207
-0.0951167
-0.095113
-0.0951096
-0.0951063
-0.0951034
-0.0951007
-0.0950984
-0.0950964
-0.0950948
-0.0950934
-0.0950924
-0.0950917
-0.0950912
-0.0950911
-0.0950914
-0.0950919
-0.0950928
-0.0950939
-0.0950954
-0.0950972
-0.0950993
-0.0951017
-0.0951045
-0.0951075
-0.0951109
-0.0951146
-0.0951186
-0.0951229
-0.0951275
-0.0951324
-0.0951376
-0.0951432
-0.095149
-0.0951551
-0.0951615
-0.0951682
-0.0951752
-0.0951825
-0.09519
-0.0951979
-0.095206
-0.0952144
-0.095223
-0.0952319
-0.0952411
-0.0952505
-0.0952602
-0.0952701
-0.0952803
-0.0952906
-0.0953012
-0.0953121
-0.0953231
-0.0953343
-0.0953458
-0.0953574
-0.0953692
-0.0953812
-0.0953934
-0.0954057
-0.0954183
-0.0954309
-0.0954438
-0.0954567
-0.0954698
-0.095483
-0.0954964
-0.0955098
-0.0955234
-0.0955371
-0.0955508
-0.0955646
-0.0955785
-0.0955925
-0.0956065
-0.0956206
-0.0956348
-0.0956489
-0.0956631
-0.0956772
-0.0956914
-0.0957056
-0.0957198
-0.0957339
-0.0957481
-0.0957623
-0.0957765
-0.0957906
-0.0958046
-0.0958186
-0.0958324
-0.0958461
-0.0958596
-0.0958731
-0.0958865
-0.0958997
-0.0959129
-0.0959259
-0.0959388
-0.0959515
-0.0959642
-0.0959767
-0.095989
-0.0960011
-0.096013
-0.0960247
-0.0960361
-0.0960473
-0.0960583
-0.096069
-0.0960795
-0.0960899
-0.0960999
-0.0961098
-0.0961193
-0.0961287
-0.0961377
-0.0961465
-0.096155
-0.0961631
-0.0961711
-0.0961786
-0.0961858
-0.0961927
-0.0961993
-0.0962056
-0.0962115
-0.0962172
-0.0962225
-0.0962275
-0.0962322
-0.0962365
-0.0962404
-0.096244
-0.0962471
-0.0962499
-0.0962524
-0.0962545
-0.0962562
-0.0962576
-0.0962587
-0.0962594
-0.0962598
-0.0962598
-0.0962594
-0.0962586
-0.0962575
-0.096256
-0.0962541
-0.0962519
-0.0962492
-0.0962463
-0.0962429
-0.0962392
-0.0962351
-0.0962306
-0.0962257
-0.0962205
-0.0962149
-0.0962091
-0.0962028
-0.0961962
-0.0961891
-0.0961818
-0.0961741
-0.096166
-0.0961575
-0.0961487
-0.0961396
-0.0961301
-0.0961204
-0.0961103
-0.0961
-0.0960893
-0.0960784
-0.0960672
-0.0960557
-0.096044
-0.0960319
-0.0960196
-0.0960071
-0.0959943
-0.0959814
-0.0959682
-0.0959547
-0.095941
-0.0959271
-0.0959129
-0.0958986
-0.0958841
-0.0958693
-0.0958543
-0.0958391
-0.0958238
-0.0958084
-0.0957928
-0.0957771
-0.0957613
-0.0957455
-0.0957295
-0.0957134
-0.0956972
-0.0956809
-0.0956645
-0.0956481
-0.0956316
-0.0956149
-0.0955983
-0.0955817
-0.095565
-0.0955484
-0.0955318
-0.0955153
-0.0954988
-0.0954823
-0.0954659
-0.0954496
-0.0954332
-0.095417
-0.0954008
-0.0953847
-0.0953687
-0.0953529
-0.0953371
-0.0953215
-0.0953061
-0.0952908
-0.0952757
-0.0952607
-0.095246
-0.0952314
-0.095217
-0.0952028
-0.0951888
-0.0951751
-0.0951615
-0.0951482
-0.0951352
-0.0951224
-0.09511
-0.0950977
-0.0950858
-0.0950742
-0.0950629
-0.0950518
-0.0950411
-0.0950307
-0.0950207
-0.095011
-0.0950017
-0.0949927
-0.0949841
-0.0949758
-0.0949678
-0.0949602
-0.094953
-0.0949461
-0.0949397
-0.0949336
-0.0949279
-0.0949226
-0.0949177
-0.0949132
-0.0949091
-0.0949055
-0.0949022
-0.0948994
-0.094897
-0.094895
-0.0948935
-0.0948924
-0.0948917
-0.0948914
-0.0948916
-0.0948922
-0.0948932
-0.0948947
-0.0948966
-0.0948989
-0.0949016
-0.0949048
-0.0949084
-0.0949124
-0.0949168
-0.0949216
-0.0949269
-0.0949326
-0.0949387
-0.0949452
-0.0949522
-0.0949596
-0.0949675
-0.0949757
-0.0949843
-0.0949933
-0.0950027
-0.0950125
-0.0950226
-0.0950331
-0.0950441
-0.0950553
-0.0950669
-0.0950789
-0.0950912
-0.0951038
-0.0951168
-0.0951301
-0.0951437
-0.0951577
-0.0951719
-0.0951864
-0.0952012
-0.0952162
-0.0952315
-0.0952471
-0.0952629
-0.095279
-0.0952954
-0.095312
-0.0953288
-0.0953458
-0.095363
-0.0953805
-0.0953982
-0.095416
-0.0954339
-0.095452
-0.0954702
-0.0954885
-0.0955069
-0.0955254
-0.095544
-0.0955628
-0.0955816
-0.0956005
-0.0956195
-0.0956386
-0.0956576
-0.0956767
-0.0956958
-0.0957148
-0.0957338
-0.0957527
-0.0957716
-0.0957904
-0.0958092
-0.095828
-0.0958467
-0.0958653
-0.0958838
-0.0959021
-0.0959203
-0.0959384
-0.0959563
-0.095974
-0.0959916
-0.096009
-0.0960263
-0.0960433
-0.0960601
-0.0960768
-0.0960932
-0.0961094
-0.0961253
-0.0961409
-0.0961563
-0.0961714
-0.0961862
-0.0962007
-0.0962149
-0.0962288
-0.0962424
-0.0962556
-0.0962684
-0.0962809
-0.096293
-0.0963047
-0.096316
-0.0963269
-0.0963374
-0.0963476
-0.0963574
-0.0963668
-0.0963758
-0.0963843
-0.0963924
-0.0964001
-0.0964073
-0.096414
-0.0964204
-0.0964263
-0.0964318
-0.0964369
-0.0964415
-0.0964456
-0.0964493
-0.0964524
-0.096455
-0.0964571
-0.0964587
-0.0964598
-0.0964605
-0.0964606
-0.0964602
-0.0964593
-0.096458
-0.0964562
-0.096454
-0.0964513
-0.0964481
-0.0964444
-0.0964402
-0.0964355
-0.0964303
-0.0964246
-0.0964185
-0.0964118
-0.0964047
-0.0963971
-0.096389
-0.0963805
-0.0963716
-0.0963622
-0.0963525
-0.0963422
-0.0963316
-0.0963204
-0.0963088
-0.0962968
-0.0962844
-0.0962716
-0.0962584
-0.0962449
-0.0962309
-0.0962165
-0.0962018
-0.0961866
-0.0961712
-0.0961553
-0.0961392
-0.0961227
-0.0961059
-0.0960888
-0.0960713
-0.0960536
-0.0960356
-0.0960173
-0.0959987
-0.0959799
-0.0959609
-0.0959416
-0.0959222
-0.0959025
-0.0958827
-0.0958627
-0.0958426
-0.0958222
-0.0958017
-0.0957811
-0.0957603
-0.0957394
-0.0957184
-0.0956973
-0.095676
-0.0956547
-0.0956333
-0.0956118
-0.0955904
-0.095569
-0.0955475
-0.0955261
-0.0955046
-0.0954832
-0.0954619
-0.0954406
-0.0954195
-0.0953984
-0.0953775
-0.0953566
-0.0953359
-0.0953152
-0.0952948
-0.0952745
-0.0952544
-0.0952345
-0.0952148
-0.0951953
-0.095176
-0.0951569
-0.095138
-0.0951193
-0.0951009
-0.0950828
-0.095065
-0.0950475
-0.0950303
-0.0950134
-0.0949968
-0.0949806
-0.0949647
-0.0949492
-0.0949341
-0.0949194
-0.094905
-0.0948911
-0.0948776
-0.0948645
-0.0948518
-0.0948395
-0.0948277
-0.0948163
-0.0948054
-0.094795
-0.094785
-0.0947755
-0.0947665
-0.094758
-0.0947499
-0.0947424
-0.0947354
-0.0947289
-0.094723
-0.0947175
-0.0947126
-0.0947081
-0.0947042
-0.0947008
-0.094698
-0.0946956
-0.0946939
-0.0946926
-0.0946919
-0.0946918
-0.0946922
-0.0946931
-0.0946946
-0.0946967
-0.0946992
-0.0947023
-0.0947059
-0.0947101
-0.0947148
-0.0947201
-0.094726
-0.0947323
-0.0947393
-0.0947468
-0.0947548
-0.0947633
-0.0947724
-0.094782
-0.094792
-0.0948026
-0.0948137
-0.0948252
-0.0948373
-0.0948498
-0.0948628
-0.0948763
-0.0948902
-0.0949046
-0.0949194
-0.0949346
-0.0949503
-0.0949664
-0.0949829
-0.0949998
-0.0950171
-0.0950348
-0.0950529
-0.0950714
-0.0950902
-0.0951093
-0.0951288
-0.0951485
-0.0951686
-0.095189
-0.0952097
-0.0952308
-0.0952521
-0.0952736
-0.0952954
-0.0953174
-0.0953396
-0.095362
-0.0953845
-0.0954072
-0.0954301
-0.0954531
-0.0954762
-0.0954996
-0.095523
-0.0955465
-0.0955702
-0.095594
-0.0956178
-0.0956416
-0.0956654
-0.0956893
-0.0957131
-0.095737
-0.0957608
-0.0957846
-0.0958085
-0.0958323
-0.0958558
-0.0958793
-0.0959026
-0.0959258
-0.0959488
-0.0959717
-0.0959944
-0.096017
-0.0960393
-0.0960615
-0.0960836
-0.0961053
-0.0961268
-0.096148
-0.096169
-0.0961897
-0.0962101
-0.0962301
-0.0962499
-0.0962693
-0.0962884
-0.0963071
-0.0963254
-0.0963434
-0.0963609
-0.096378
-0.0963947
-0.096411
-0.0964268
-0.0964422
-0.0964572
-0.0964716
-0.0964856
-0.0964991
-0.0965121
-0.0965246
-0.0965366
-0.0965481
-0.096559
-0.0965693
-0.0965791
-0.0965883
-0.0965971
-0.0966053
-0.096613
-0.0966201
-0.0966266
-0.0966326
-0.096638
-0.0966428
-0.0966471
-0.0966507
-0.0966538
-0.0966562
-0.0966581
-0.0966594
-0.0966601
-0.0966602
-0.0966597
-0.0966585
-0.0966568
-0.0966544
-0.0966515
-0.096648
-0.0966438
-0.0966391
-0.0966338
-0.0966278
-0.0966212
-0.096614
-0.0966063
-0.0965979
-0.096589
-0.0965796
-0.0965695
-0.0965589
-0.0965478
-0.0965361
-0.0965238
-0.096511
-0.0964976
-0.0964837
-0.0964692
-0.0964541
-0.0964386
-0.0964227
-0.0964063
-0.0963894
-0.096372
-0.0963541
-0.0963358
-0.096317
-0.0962978
-0.0962782
-0.0962582
-0.0962378
-0.096217
-0.0961959
-0.0961744
-0.0961525
-0.0961303
-0.0961078
-0.0960849
-0.0960618
-0.0960383
-0.0960145
-0.0959904
-0.0959661
-0.0959416
-0.0959169
-0.095892
-0.095867
-0.0958417
-0.0958163
-0.0957907
-0.095765
-0.0957391
-0.0957132
-0.0956872
-0.0956611
-0.095635
-0.0956088
-0.0955825
-0.0955562
-0.09553
-0.0955037
-0.0954774
-0.0954513
-0.0954252
-0.0953991
-0.0953732
-0.0953474
-0.0953217
-0.0952963
-0.0952709
-0.0952458
-0.0952208
-0.0951961
-0.0951715
-0.0951472
-0.0951231
-0.0950992
-0.0950756
-0.0950524
-0.0950294
-0.0950068
-0.0949845
-0.0949625
-0.0949409
-0.0949196
-0.0948988
-0.0948783
-0.0948582
-0.0948386
-0.0948194
-0.0948006
-0.0947823
-0.0947645
-0.0947472
-0.0947303
-0.094714
-0.0946981
-0.0946828
-0.094668
-0.0946538
-0.0946401
-0.094627
-0.0946144
-0.0946024
-0.0945909
-0.0945801
-0.0945698
-0.0945602
-0.0945512
-0.0945428
-0.094535
-0.0945279
-0.0945213
-0.0945154
-0.0945102
-0.0945056
-0.0945017
-0.0944984
-0.0944958
-0.0944938
-0.0944924
-0.0944917
-0.0944917
-0.0944923
-0.0944937
-0.0944957
-0.0944984
-0.0945017
-0.0945056
-0.0945102
-0.0945155
-0.0945214
-0.0945279
-0.0945352
-0.094543
-0.0945516
-0.0945607
-0.0945706
-0.094581
-0.0945922
-0.0946039
-0.0946162
-0.0946292
-0.0946427
-0.0946569
-0.0946716
-0.0946869
-0.0947028
-0.0947192
-0.0947361
-0.0947536
-0.0947717
-0.0947903
-0.0948093
-0.0948289
-0.094849
-0.0948696
-0.0948906
-0.0949121
-0.094934
-0.0949564
-0.0949792
-0.0950024
-0.095026
-0.0950499
-0.0950743
-0.095099
-0.0951241
-0.0951494
-0.0951752
-0.0952012
-0.0952274
-0.095254
-0.0952807
-0.0953077
-0.095335
-0.0953624
-0.0953902
-0.0954181
-0.0954463
-0.0954747
-0.0955031
-0.0955316
-0.0955601
-0.0955886
-0.0956171
-0.0956456
-0.0956742
-0.0957028
-0.0957315
-0.0957601
-0.0957886
-0.0958172
-0.0958457
-0.0958741
-0.0959025
-0.0959308
-0.0959589
-0.0959868
-0.0960146
-0.0960421
-0.0960695
-0.0960966
-0.0961234
-0.09615
-0.0961763
-0.0962023
-0.0962279
-0.0962533
-0.0962783
-0.0963029
-0.0963273
-0.0963513
-0.096375
-0.0963982
-0.0964209
-0.0964432
-0.0964648
-0.0964859
-0.0965066
-0.0965268
-0.0965464
-0.0965656
-0.0965843
-0.0966024
-0.0966199
-0.096637
-0.0966536
-0.0966697
-0.0966851
-0.0967
-0.0967143
-0.096728
-0.096741
-0.0967534
-0.0967652
-0.0967763
-0.0967867
-0.0967965
-0.0968056
-0.096814
-0.0968218
-0.0968288
-0.0968352
-0.0968408
-0.0968457
-0.09685
-0.0968535
-0.0968563
-0.0968584
-0.0968598
-0.0968604
-0.0968603
-0.0968594
-0.0968578
-0.0968556
-0.0968526
-0.096849
-0.0968446
-0.0968396
-0.0968338
-0.0968273
-0.0968202
-0.0968123
-0.0968036
-0.0967943
-0.0967842
-0.0967735
-0.096762
-0.0967499
-0.096737
-0.0967235
-0.0967093
-0.0966945
-0.0966791
-0.096663
-0.0966464
-0.0966291
-0.0966112
-0.0965927
-0.0965735
-0.0965539
-0.0965336
-0.0965129
-0.0964916
-0.0964697
-0.0964474
-0.0964245
-0.0964011
-0.0963772
-0.0963529
-0.0963282
-0.096303
-0.0962774
-0.0962513
-0.0962249
-0.096198
-0.0961707
-0.0961431
-0.0961151
-0.0960868
-0.0960583
-0.0960295
-0.0960005
-0.0959712
-0.0959416
-0.0959119
-0.0958819
-0.0958517
-0.0958214
-0.0957908
-0.0957601
-0.0957292
-0.0956983
-0.0956673
-0.0956362
-0.0956051
-0.0955741
-0.095543
-0.095512
-0.095481
-0.0954501
-0.0954192
-0.0953884
-0.0953577
-0.095327
-0.0952965
-0.0952661
-0.0952359
-0.0952059
-0.0951762
-0.0951467
-0.0951174
-0.0950884
-0.0950597
-0.0950313
-0.0950032
-0.0949754
-0.094948
-0.094921
-0.0948945
-0.0948683
-0.0948425
-0.0948171
-0.0947921
-0.0947676
-0.0947436
-0.0947201
-0.0946971
-0.0946746
-0.0946526
-0.0946312
-0.0946103
-0.0945899
-0.0945702
-0.094551
-0.0945324
-0.0945144
-0.0944971
-0.0944804
-0.0944643
-0.0944489
-0.0944342
-0.0944201
-0.0944068
-0.0943941
-0.0943821
-0.0943709
-0.0943604
-0.0943506
-0.0943416
-0.0943333
-0.0943257
-0.0943189
-0.0943129
-0.0943076
-0.094303
-0.0942993
-0.0942963
-0.0942941
-0.0942926
-0.094292
-0.0942921
-0.094293
-0.0942946
-0.094297
-0.0943002
-0.0943043
-0.0943091
-0.0943147
-0.0943211
-0.0943282
-0.094336
-0.0943446
-0.0943539
-0.094364
-0.0943749
-0.0943865
-0.0943988
-0.0944119
-0.0944257
-0.0944403
-0.0944556
-0.0944716
-0.0944883
-0.0945058
-0.0945239
-0.0945426
-0.094562
-0.0945821
-0.0946027
-0.094624
-0.0946459
-0.0946683
-0.0946914
-0.0947151
-0.0947393
-0.094764
-0.0947894
-0.0948152
-0.0948415
-0.0948684
-0.0948956
-0.0949234
-0.0949515
-0.09498
-0.095009
-0.0950384
-0.0950681
-0.0950983
-0.0951287
-0.0951596
-0.0951908
-0.0952222
-0.095254
-0.095286
-0.0953182
-0.0953506
-0.0953831
-0.0954159
-0.0954488
-0.0954818
-0.095515
-0.0955483
-0.0955816
-0.0956151
-0.0956488
-0.0956825
-0.0957161
-0.0957496
-0.095783
-0.0958164
-0.0958496
-0.0958828
-0.0959159
-0.0959488
-0.0959817
-0.0960143
-0.0960467
-0.0960788
-0.0961107
-0.0961424
-0.0961738
-0.096205
-0.0962359
-0.0962664
-0.0962966
-0.0963265
-0.096356
-0.0963851
-0.0964138
-0.096442
-0.0964698
-0.0964972
-0.0965242
-0.0965506
-0.0965765
-0.0966022
-0.0966272
-0.0966516
-0.0966754
-0.0966986
-0.0967211
-0.0967431
-0.0967644
-0.0967851
-0.0968052
-0.0968246
-0.0968432
-0.0968612
-0.0968784
-0.0968949
-0.0969107
-0.0969256
-0.0969398
-0.0969532
-0.0969658
-0.0969776
-0.0969886
-0.096999
-0.0970085
-0.0970173
-0.0970253
-0.0970325
-0.0970389
-0.0970446
-0.0970493
-0.0970533
-0.0970565
-0.0970588
-0.0970603
-0.0970609
-0.0970606
-0.0970595
-0.0970576
-0.0970548
-0.0970512
-0.0970468
-0.0970416
-0.0970355
-0.0970287
-0.097021
-0.0970125
-0.0970033
-0.0969932
-0.0969822
-0.0969704
-0.0969577
-0.0969443
-0.0969299
-0.0969148
-0.096899
-0.0968824
-0.096865
-0.096847
-0.0968282
-0.0968088
-0.0967887
-0.096768
-0.0967465
-0.0967243
-0.0967015
-0.096678
-0.0966539
-0.0966291
-0.0966037
-0.0965777
-0.0965511
-0.096524
-0.0964963
-0.0964682
-0.0964395
-0.0964102
-0.0963806
-0.0963504
-0.0963198
-0.0962887
-0.0962572
-0.0962253
-0.0961929
-0.0961601
-0.0961268
-0.0960933
-0.0960594
-0.0960254
-0.095991
-0.0959565
-0.0959217
-0.0958868
-0.0958517
-0.0958164
-0.095781
-0.0957455
-0.0957099
-0.0956741
-0.0956383
-0.0956024
-0.0955664
-0.0955304
-0.0954946
-0.0954588
-0.095423
-0.0953874
-0.0953519
-0.0953165
-0.0952812
-0.0952461
-0.095211
-0.0951762
-0.0951416
-0.0951073
-0.0950732
-0.0950395
-0.0950061
-0.0949731
-0.0949403
-0.094908
-0.094876
-0.0948444
-0.0948133
-0.0947826
-0.0947523
-0.0947225
-0.0946932
-0.0946644
-0.0946362
-0.0946085
-0.0945813
-0.0945548
-0.0945288
-0.0945035
-0.0944788
-0.0944547
-0.0944314
-0.0944087
-0.0943867
-0.0943653
-0.0943447
-0.0943248
-0.0943057
-0.0942873
-0.0942697
-0.0942528
-0.0942368
-0.0942215
-0.0942071
-0.0941935
-0.0941808
-0.0941688
-0.0941577
-0.0941473
-0.0941378
-0.0941292
-0.0941215
-0.0941146
-0.0941086
-0.0941035
-0.0940993
-0.094096
-0.0940936
-0.0940921
-0.0940915
-0.0940918
-0.0940929
-0.094095
-0.094098
-0.0941018
-0.0941065
-0.0941122
-0.0941187
-0.0941261
-0.0941344
-0.0941436
-0.0941536
-0.0941646
-0.0941764
-0.094189
-0.0942026
-0.0942169
-0.0942321
-0.0942481
-0.094265
-0.0942826
-0.0943011
-0.0943204
-0.0943404
-0.0943613
-0.0943829
-0.0944052
-0.0944283
-0.0944521
-0.0944766
-0.0945018
-0.0945277
-0.0945542
-0.0945814
-0.0946092
-0.0946376
-0.0946667
-0.0946963
-0.0947265
-0.0947573
-0.0947886
-0.0948204
-0.0948527
-0.0948855
-0.0949188
-0.0949527
-0.094987
-0.0950217
-0.0950567
-0.0950922
-0.0951279
-0.095164
-0.0952004
-0.0952371
-0.0952741
-0.0953113
-0.0953487
-0.0953863
-0.095424
-0.0954619
-0.0954999
-0.095538
-0.0955761
-0.0956143
-0.0956526
-0.0956909
-0.0957292
-0.0957675
-0.0958059
-0.0958442
-0.0958824
-0.0959204
-0.0959583
-0.095996
-0.0960335
-0.0960707
-0.0961078
-0.0961446
-0.0961811
-0.0962173
-0.0962533
-0.0962889
-0.0963241
-0.096359
-0.0963935
-0.0964276
-0.0964612
-0.0964944
-0.0965271
-0.0965594
-0.0965911
-0.0966224
-0.0966531
-0.0966833
-0.0967129
-0.0967419
-0.0967702
-0.0967978
-0.0968248
-0.096851
-0.0968766
-0.0969014
-0.0969255
-0.0969488
-0.0969714
-0.0969932
-0.0970142
-0.0970346
-0.0970541
-0.0970729
-0.0970909
-0.097108
-0.0971243
-0.0971397
-0.0971542
-0.0971678
-0.0971805
-0.0971923
-0.0972031
-0.097213
-0.097222
-0.0972301
-0.0972374
-0.0972437
-0.0972491
-0.0972536
-0.097257
-0.0972596
-0.0972611
-0.0972616
-0.0972612
-0.0972598
-0.0972574
-0.0972541
-0.0972499
-0.0972446
-0.0972385
-0.0972314
-0.0972235
-0.0972145
-0.0972047
-0.0971939
-0.0971822
-0.0971696
-0.097156
-0.0971416
-0.0971262
-0.09711
-0.0970929
-0.0970749
-0.0970561
-0.0970364
-0.0970159
-0.0969946
-0.0969725
-0.0969495
-0.0969257
-0.0969011
-0.0968757
-0.0968496
-0.0968227
-0.0967951
-0.0967668
-0.0967378
-0.0967082
-0.096678
-0.0966471
-0.0966156
-0.0965835
-0.0965508
-0.0965175
-0.0964837
-0.0964492
-0.0964143
-0.0963788
-0.0963428
-0.0963064
-0.0962695
-0.0962322
-0.0961946
-0.0961566
-0.0961183
-0.0960798
-0.0960409
-0.0960017
-0.0959623
-0.0959225
-0.0958826
-0.0958425
-0.0958022
-0.0957617
-0.0957211
-0.0956805
-0.0956398
-0.0955991
-0.0955583
-0.0955177
-0.095477
-0.0954364
-0.0953958
-0.0953554
-0.0953151
-0.0952749
-0.0952348
-0.0951949
-0.0951553
-0.0951159
-0.0950768
-0.0950379
-0.0949994
-0.0949611
-0.0949232
-0.0948858
-0.0948487
-0.0948121
-0.0947759
-0.0947402
-0.094705
-0.0946702
-0.094636
-0.0946024
-0.0945694
-0.0945369
-0.094505
-0.0944738
-0.0944432
-0.0944133
-0.094384
-0.0943555
-0.0943276
-0.0943004
-0.094274
-0.0942483
-0.0942235
-0.0941994
-0.0941761
-0.0941536
-0.094132
-0.0941113
-0.0940914
-0.0940725
-0.0940544
-0.0940373
-0.094021
-0.0940057
-0.0939912
-0.0939777
-0.0939652
-0.0939536
-0.093943
-0.0939334
-0.0939249
-0.0939173
-0.0939107
-0.093905
-0.0939004
-0.0938967
-0.0938941
-0.0938924
-0.0938918
-0.0938922
-0.0938935
-0.093896
-0.0938994
-0.0939038
-0.0939093
-0.0939158
-0.0939232
-0.0939317
-0.0939412
-0.0939516
-0.093963
-0.0939754
-0.0939888
-0.0940032
-0.0940186
-0.0940349
-0.0940522
-0.0940704
-0.0940895
-0.0941095
-0.0941305
-0.0941523
-0.094175
-0.0941986
-0.094223
-0.0942484
-0.0942745
-0.0943014
-0.0943292
-0.0943577
-0.0943869
-0.0944169
-0.0944477
-0.0944791
-0.0945113
-0.0945441
-0.0945776
-0.0946117
-0.0946464
-0.0946818
-0.0947177
-0.0947542
-0.0947913
-0.0948289
-0.094867
-0.0949057
-0.0949447
-0.0949843
-0.0950243
-0.0950648
-0.0951055
-0.0951466
-0.095188
-0.0952297
-0.0952716
-0.0953138
-0.0953563
-0.0953988
-0.0954415
-0.0954843
-0.0955272
-0.0955703
-0.0956133
-0.0956564
-0.0956995
-0.0957426
-0.0957856
-0.0958285
-0.0958714
-0.0959143
-0.0959569
-0.0959995
-0.0960418
-0.096084
-0.096126
-0.0961676
-0.0962091
-0.0962502
-0.0962911
-0.0963315
-0.0963716
-0.0964113
-0.0964505
-0.0964893
-0.0965277
-0.0965655
-0.0966028
-0.0966396
-0.0966758
-0.0967115
-0.0967465
-0.0967809
-0.0968147
-0.0968478
-0.0968802
-0.096912
-0.096943
-0.0969732
-0.0970026
-0.0970313
-0.0970592
-0.0970862
-0.0971124
-0.0971379
-0.0971625
-0.0971861
-0.097209
-0.097231
-0.097252
-0.0972721
-0.0972912
-0.0973093
-0.0973264
-0.0973426
-0.0973577
-0.0973719
-0.097385
-0.0973972
-0.0974083
-0.0974184
-0.0974275
-0.0974355
-0.0974424
-0.0974483
-0.0974532
-0.097457
-0.0974597
-0.0974614
-0.0974619
-0.0974614
-0.0974599
-0.0974572
-0.0974533
-0.0974485
-0.0974425
-0.0974355
-0.0974275
-0.0974184
-0.0974083
-0.0973972
-0.0973851
-0.0973719
-0.0973576
-0.0973423
-0.097326
-0.0973087
-0.0972904
-0.0972711
-0.0972507
-0.0972294
-0.0972072
-0.097184
-0.0971599
-0.097135
-0.0971091
-0.0970823
-0.0970547
-0.0970262
-0.0969969
-0.0969668
-0.0969358
-0.0969041
-0.0968717
-0.0968384
-0.0968044
-0.0967698
-0.0967345
-0.0966984
-0.0966617
-0.0966244
-0.0965864
-0.0965478
-0.0965087
-0.0964688
-0.0964284
-0.0963876
-0.0963463
-0.0963046
-0.0962625
-0.09622
-0.0961771
-0.0961338
-0.0960902
-0.0960462
-0.0960021
-0.0959577
-0.095913
-0.0958682
-0.0958231
-0.095778
-0.0957326
-0.0956871
-0.0956416
-0.0955961
-0.0955506
-0.095505
-0.0954595
-0.0954141
-0.0953687
-0.0953234
-0.0952782
-0.0952332
-0.0951884
-0.0951439
-0.0950996
-0.0950556
-0.0950119
-0.0949686
-0.0949256
-0.094883
-0.0948408
-0.0947989
-0.0947576
-0.0947166
-0.0946762
-0.0946363
-0.0945969
-0.094558
-0.0945198
-0.0944822
-0.0944453
-0.094409
-0.0943734
-0.0943384
-0.0943043
-0.0942708
-0.0942382
-0.0942063
-0.0941753
-0.0941451
-0.0941157
-0.0940871
-0.0940595
-0.0940327
-0.0940069
-0.0939819
-0.093958
-0.0939349
-0.0939128
-0.0938917
-0.0938715
-0.0938524
-0.0938343
-0.0938172
-0.0938012
-0.0937863
-0.0937724
-0.0937596
-0.0937479
-0.0937373
-0.0937277
-0.0937193
-0.093712
-0.0937058
-0.0937007
-0.0936968
-0.093694
-0.0936923
-0.0936917
-0.0936922
-0.0936938
-0.0936966
-0.0937005
-0.0937056
-0.0937117
-0.0937189
-0.0937273
-0.0937369
-0.0937475
-0.0937593
-0.0937721
-0.0937861
-0.0938011
-0.0938173
-0.0938345
-0.0938528
-0.0938721
-0.0938924
-0.0939138
-0.0939362
-0.0939596
-0.093984
-0.0940094
-0.0940358
-0.0940631
-0.0940914
-0.0941205
-0.0941506
-0.0941815
-0.0942133
-0.094246
-0.0942795
-0.0943138
-0.0943489
-0.0943847
-0.0944213
-0.0944587
-0.0944967
-0.0945355
-0.0945749
-0.0946151
-0.0946558
-0.0946972
-0.0947392
-0.0947818
-0.0948249
-0.0948685
-0.0949127
-0.0949573
-0.0950022
-0.0950476
-0.0950932
-0.0951392
-0.0951855
-0.095232
-0.0952788
-0.0953258
-0.0953729
-0.0954203
-0.0954678
-0.0955155
-0.0955633
-0.0956112
-0.0956591
-0.0957071
-0.0957551
-0.0958031
-0.0958509
-0.0958986
-0.0959462
-0.0959936
-0.0960409
-0.0960879
-0.0961348
-0.0961815
-0.096228
-0.0962741
-0.0963198
-0.0963652
-0.0964102
-0.0964547
-0.0964988
-0.0965425
-0.0965856
-0.0966282
-0.0966702
-0.0967116
-0.0967524
-0.0967926
-0.0968322
-0.0968711
-0.0969093
-0.0969467
-0.0969834
-0.0970193
-0.0970545
-0.0970888
-0.0971223
-0.097155
-0.0971868
-0.0972179
-0.097248
-0.0972771
-0.0973053
-0.0973325
-0.0973587
-0.0973839
-0.0974081
-0.0974313
-0.0974533
-0.0974743
-0.0974942
-0.0975131
-0.0975309
-0.0975477
-0.0975633
-0.0975779
-0.0975913
-0.0976036
-0.0976148
-0.0976248
-0.0976336
-0.0976412
-0.0976477
-0.097653
-0.0976571
-0.0976601
-0.0976619
-0.0976625
-0.0976619
-0.0976601
-0.0976571
-0.0976529
-0.0976475
-0.097641
-0.097633
-0.0976239
-0.0976137
-0.0976023
-0.0975898
-0.0975761
-0.0975613
-0.0975453
-0.0975282
-0.0975101
-0.0974908
-0.0974704
-0.0974489
-0.0974264
-0.0974027
-0.0973781
-0.0973524
-0.0973257
-0.097298
-0.0972693
-0.0972396
-0.0972089
-0.0971773
-0.0971447
-0.0971112
-0.0970768
-0.0970416
-0.0970055
-0.0969687
-0.096931
-0.0968925
-0.0968532
-0.0968131
-0.0967724
-0.0967309
-0.0966887
-0.0966459
-0.0966024
-0.0965584
-0.0965137
-0.0964685
-0.0964228
-0.0963766
-0.09633
-0.0962829
-0.0962354
-0.0961875
-0.0961393
-0.0960908
-0.0960419
-0.0959927
-0.0959433
-0.0958936
-0.0958438
-0.0957937
-0.0957435
-0.0956933
-0.0956429
-0.0955925
-0.0955421
-0.0954917
-0.0954413
-0.0953911
-0.0953409
-0.0952909
-0.0952411
-0.0951914
-0.0951419
-0.0950927
-0.0950438
-0.0949952
-0.0949469
-0.0948989
-0.0948514
-0.0948043
-0.0947576
-0.0947113
-0.0946656
-0.0946204
-0.0945758
-0.0945317
-0.0944882
-0.0944454
-0.0944032
-0.0943618
-0.0943211
-0.0942811
-0.0942419
-0.0942034
-0.0941657
-0.0941288
-0.0940928
-0.0940576
-0.0940234
-0.0939901
-0.0939577
-0.0939262
-0.0938958
-0.0938663
-0.0938378
-0.0938104
-0.093784
-0.0937586
-0.0937344
-0.0937112
-0.0936891
-0.0936681
-0.0936482
-0.0936295
-0.0936119
-0.0935955
-0.0935803
-0.0935663
-0.0935534
-0.0935417
-0.0935312
-0.0935219
-0.0935139
-0.0935071
-0.0935016
-0.0934973
-0.0934942
-0.0934924
-0.0934918
-0.0934925
-0.0934944
-0.0934975
-0.0935019
-0.0935075
-0.0935144
-0.0935225
-0.0935318
-0.0935424
-0.0935542
-0.0935673
-0.0935815
-0.093597
-0.0936137
-0.0936315
-0.0936506
-0.0936708
-0.0936922
-0.0937147
-0.0937384
-0.0937632
-0.0937891
-0.093816
-0.0938441
-0.0938732
-0.0939034
-0.0939346
-0.0939667
-0.0939999
-0.0940341
-0.0940692
-0.0941053
-0.0941423
-0.0941801
-0.0942188
-0.0942584
-0.0942988
-0.0943401
-0.0943823
-0.0944252
-0.0944688
-0.0945131
-0.0945581
-0.0946037
-0.0946499
-0.0946966
-0.094744
-0.0947918
-0.0948402
-0.0948892
-0.0949386
-0.0949885
-0.0950387
-0.0950894
-0.0951403
-0.0951917
-0.0952432
-0.095295
-0.095347
-0.0953993
-0.0954517
-0.0955042
-0.0955569
-0.0956097
-0.0956626
-0.0957154
-0.0957682
-0.095821
-0.0958737
-0.0959263
-0.0959787
-0.096031
-0.0960832
-0.0961351
-0.0961867
-0.0962379
-0.0962889
-0.0963395
-0.0963897
-0.0964397
-0.0964891
-0.0965381
-0.0965866
-0.0966345
-0.0966819
-0.0967287
-0.0967748
-0.0968204
-0.0968652
-0.0969093
-0.0969527
-0.0969953
-0.0970371
-0.0970782
-0.0971185
-0.0971579
-0.0971966
-0.0972343
-0.0972711
-0.0973069
-0.0973418
-0.0973757
-0.0974086
-0.0974405
-0.0974714
-0.0975012
-0.09753
-0.0975577
-0.0975844
-0.0976099
-0.0976343
-0.0976575
-0.0976794
-0.0977002
-0.0977197
-0.0977381
-0.0977552
-0.0977711
-0.0977858
-0.0977992
-0.0978114
-0.0978223
-0.0978319
-0.0978403
-0.0978473
-0.0978531
-0.0978574
-0.0978605
-0.0978623
-0.0978628
-0.097862
-0.09786
-0.0978566
-0.0978519
-0.0978459
-0.0978384
-0.0978297
-0.0978198
-0.0978085
-0.097796
-0.0977823
-0.0977672
-0.097751
-0.0977334
-0.0977147
-0.0976946
-0.0976734
-0.097651
-0.0976273
-0.0976025
-0.0975765
-0.0975493
-0.097521
-0.0974915
-0.0974609
-0.0974293
-0.0973966
-0.0973629
-0.0973282
-0.0972924
-0.0972557
-0.097218
-0.0971793
-0.0971396
-0.0970991
-0.0970576
-0.0970154
-0.0969722
-0.0969283
-0.0968835
-0.096838
-0.0967916
-0.0967446
-0.0966969
-0.0966485
-0.0965995
-0.09655
-0.0964998
-0.0964491
-0.0963979
-0.0963462
-0.0962941
-0.0962415
-0.0961886
-0.0961352
-0.0960816
-0.0960276
-0.0959733
-0.0959189
-0.0958642
-0.0958094
-0.0957545
-0.0956995
-0.0956444
-0.0955893
-0.0955341
-0.0954789
-0.0954238
-0.0953687
-0.0953138
-0.095259
-0.0952043
-0.0951499
-0.0950958
-0.0950419
-0.0949883
-0.094935
-0.0948821
-0.0948296
-0.0947775
-0.0947257
-0.0946746
-0.0946239
-0.0945739
-0.0945244
-0.0944756
-0.0944274
-0.0943799
-0.094333
-0.0942869
-0.0942416
-0.094197
-0.0941532
-0.0941102
-0.0940681
-0.0940269
-0.0939866
-0.0939473
-0.0939089
-0.0938715
-0.0938351
-0.0937997
-0.0937653
-0.0937321
-0.0936999
-0.0936688
-0.0936388
-0.09361
-0.0935823
-0.0935558
-0.0935304
-0.0935063
-0.0934834
-0.0934617
-0.0934413
-0.0934221
-0.0934042
-0.0933876
-0.0933723
-0.0933582
-0.0933455
-0.0933342
-0.0933242
-0.0933155
-0.0933081
-0.0933022
-0.0932975
-0.0932942
-0.0932923
-0.0932917
-0.0932925
-0.0932947
-0.0932982
-0.0933031
-0.0933093
-0.093317
-0.0933259
-0.0933362
-0.0933479
-0.0933609
-0.0933752
-0.0933908
-0.0934078
-0.093426
-0.0934456
-0.0934665
-0.0934887
-0.0935121
-0.0935368
-0.0935627
-0.0935899
-0.0936182
-0.0936478
-0.0936785
-0.0937104
-0.0937434
-0.0937775
-0.0938128
-0.0938491
-0.0938865
-0.093925
-0.0939644
-0.0940049
-0.0940463
-0.0940886
-0.094132
-0.0941762
-0.0942213
-0.0942672
-0.0943143
-0.0943621
-0.0944106
-0.0944598
-0.0945096
-0.0945601
-0.0946112
-0.0946629
-0.0947153
-0.0947681
-0.0948216
-0.0948755
-0.0949299
-0.0949848
-0.0950401
-0.0950957
-0.0951517
-0.095208
-0.0952646
-0.0953215
-0.0953785
-0.0954357
-0.0954931
-0.0955506
-0.0956082
-0.095666
-0.0957238
-0.0957815
-0.0958391
-0.0958966
-0.0959539
-0.0960112
-0.0960682
-0.096125
-0.0961817
-0.096238
-0.0962939
-0.0963495
-0.0964047
-0.0964595
-0.0965137
-0.0965675
-0.0966208
-0.0966735
-0.0967257
-0.0967773
-0.0968282
-0.0968785
-0.0969281
-0.096977
-0.0970253
-0.0970727
-0.0971193
-0.0971651
-0.09721
-0.0972539
-0.097297
-0.097339
-0.0973801
-0.0974201
-0.0974591
-0.097497
-0.0975339
-0.0975697
-0.0976044
-0.097638
-0.0976705
-0.0977018
-0.0977318
-0.0977608
-0.0977884
-0.0978148
-0.09784
-0.0978639
-0.0978865
-0.0979078
-0.0979275
-0.0979456
-0.0979624
-0.097978
-0.0979922
-0.0980049
-0.0980155
-0.0980253
-0.0980339
