-0.0955916
-0.0955931
-0.0955941
-0.0955949
-0.0955956
-0.0955962
-0.0955968
-0.0955974
-0.0955981
-0.0955987
-0.0955993
-0.0956
-0.0956005
-0.0956011
-0.0956017
-0.0956022
-0.0956027
-0.0956034
-0.0956042
-0.0956049
-0.0956057
-0.0956064
-0.0956072
-0.0956081
-0.095609
-0.0956099
-0.0956109
-0.0956119
-0.0956129
-0.0956138
-0.0956148
-0.0956157
-0.0956165
-0.0956173
-0.0956181
-0.0956189
-0.0956197
-0.0956206
-0.0956214
-0.0956222
-0.095623
-0.0956239
-0.0956247
-0.0956255
-0.0956262
-0.0956269
-0.0956276
-0.0956283
-0.0956289
-0.0956295
-0.0956301
-0.0956307
-0.0956312
-0.0956316
-0.095632
-0.0956324
-0.0956327
-0.095633
-0.0956333
-0.0956336
-0.0956339
-0.0956343
-0.0956345
-0.0956347
-0.0956348
-0.0956348
-0.0956348
-0.0956347
-0.0956345
-0.0956344
-0.0956342
-0.0956339
-0.0956337
-0.0956333
-0.095633
-0.0956325
-0.0956321
-0.0956315
-0.095631
-0.0956304
-0.0956297
-0.0956291
-0.0956284
-0.0956276
-0.0956268
-0.0956258
-0.0956247
-0.0956236
-0.0956224
-0.0956211
-0.0956198
-0.0956185
-0.0956172
-0.0956158
-0.0956144
-0.0956129
-0.0956115
-0.0956099
-0.0956084
-0.0956067
-0.095605
-0.0956032
-0.0956014
-0.0955995
-0.0955976
-0.0955957
-0.0955938
-0.0955919
-0.0955899
-0.0955879
-0.0955858
-0.0955837
-0.0955815
-0.0955792
-0.0955769
-0.0955746
-0.0955723
-0.09557
-0.0955677
-0.0955653
-0.095563
-0.0955606
-0.0955582
-0.0955558
-0.0955534
-0.095551
-0.0955486
-0.0955461
-0.0955437
-0.0955412
-0.0955388
-0.0955364
-0.0955339
-0.0955314
-0.0955289
-0.0955264
-0.0955238
-0.0955213
-0.0955189
-0.0955164
-0.095514
-0.0955116
-0.0955092
-0.0955069
-0.0955046
-0.0955023
-0.0955001
-0.0954979
-0.0954957
-0.0954935
-0.0954914
-0.0954893
-0.0954873
-0.0954853
-0.0954833
-0.0954814
-0.0954796
-0.0954777
-0.0954759
-0.0954742
-0.0954725
-0.0954709
-0.0954694
-0.0954679
-0.0954665
-0.0954652
-0.095464
-0.0954628
-0.0954617
-0.0954606
-0.0954597
-0.0954588
-0.0954579
-0.0954571
-0.0954564
-0.0954558
-0.0954553
-0.0954548
-0.0954544
-0.0954542
-0.095454
-0.0954539
-0.0954539
-0.095454
-0.0954542
-0.0954544
-0.0954548
-0.0954553
-0.0954559
-0.0954565
-0.0954572
-0.095458
-0.095459
-0.09546
-0.0954611
-0.0954623
-0.0954636
-0.095465
-0.0954664
-0.095468
-0.0954696
-0.0954714
-0.0954732
-0.0954751
-0.0954771
-0.0954791
-0.0954813
-0.0954836
-0.095486
-0.0954886
-0.0954913
-0.095494
-0.0954969
-0.0954998
-0.0955027
-0.0955058
-0.0955089
-0.095512
-0.0955152
-0.0955185
-0.0955219
-0.0955253
-0.0955288
-0.0955324
-0.0955361
-0.0955398
-0.0955436
-0.0955475
-0.0955514
-0.0955554
-0.0955595
-0.0955637
-0.0955679
-0.0955722
-0.0955766
-0.095581
-0.0955854
-0.0955898
-0.0955943
-0.0955988
-0.0956034
-0.0956079
-0.0956125
-0.0956172
-0.0956218
-0.0956265
-0.0956312
-0.0956359
-0.0956406
-0.0956453
-0.09565
-0.0956546
-0.0956592
-0.0956639
-0.0956685
-0.0956731
-0.0956778
-0.0956824
-0.095687
-0.0956916
-0.0956961
-0.0957006
-0.0957051
-0.0957095
-0.0957139
-0.0957183
-0.0957226
-0.0957269
-0.0957311
-0.0957353
-0.0957394
-0.0957434
-0.0957474
-0.0957513
-0.0957552
-0.095759
-0.0957628
-0.0957664
-0.09577
-0.0957735
-0.0957769
-0.0957803
-0.0957835
-0.0957866
-0.0957897
-0.0957926
-0.0957954
-0.0957981
-0.0958007
-0.0958031
-0.0958055
-0.0958077
-0.0958099
-0.0958119
-0.0958138
-0.0958157
-0.0958173
-0.0958188
-0.0958202
-0.0958214
-0.0958225
-0.0958236
-0.0958245
-0.0958252
-0.0958259
-0.0958266
-0.095827
-0.0958274
-0.0958275
-0.0958275
-0.0958273
-0.0958269
-0.0958262
-0.0958255
-0.0958247
-0.0958237
-0.0958225
-0.0958212
-0.0958198
-0.0958183
-0.0958166
-0.0958148
-0.0958128
-0.0958107
-0.0958085
-0.0958061
-0.0958035
-0.0958007
-0.0957978
-0.0957948
-0.0957916
-0.0957882
-0.0957847
-0.0957811
-0.0957774
-0.0957736
-0.0957696
-0.0957655
-0.0957612
-0.0957568
-0.0957523
-0.0957476
-0.0957429
-0.0957381
-0.0957332
-0.0957282
-0.095723
-0.0957179
-0.0957125
-0.0957069
-0.0957012
-0.0956954
-0.0956895
-0.0956836
-0.0956776
-0.0956716
-0.0956655
-0.0956593
-0.0956531
-0.0956468
-0.0956403
-0.0956338
-0.0956272
-0.0956206
-0.0956138
-0.0956071
-0.0956003
-0.0955934
-0.0955866
-0.0955797
-0.0955728
-0.0955659
-0.095559
-0.0955522
-0.0955452
-0.0955382
-0.0955313
-0.0955242
-0.0955172
-0.0955102
-0.0955032
-0.0954962
-0.0954893
-0.0954824
-0.0954755
-0.0954686
-0.0954618
-0.095455
-0.0954483
-0.0954415
-0.0954348
-0.0954282
-0.0954216
-0.0954151
-0.0954086
-0.0954023
-0.095396
-0.0953898
-0.0953838
-0.0953779
-0.0953721
-0.0953665
-0.0953609
-0.0953554
-0.09535
-0.0953447
-0.0953395
-0.0953344
-0.0953293
-0.0953245
-0.0953197
-0.0953152
-0.0953107
-0.0953065
-0.0953024
-0.0952984
-0.0952948
-0.0952913
-0.095288
-0.0952848
-0.0952818
-0.095279
-0.0952762
-0.0952736
-0.095271
-0.0952687
-0.0952666
-0.0952646
-0.0952629
-0.0952613
-0.09526
-0.0952589
-0.095258
-0.0952573
-0.0952567
-0.0952564
-0.0952562
-0.0952563
-0.0952565
-0.0952569
-0.0952575
-0.0952583
-0.0952594
-0.0952606
-0.0952621
-0.0952638
-0.0952657
-0.0952678
-0.0952702
-0.0952727
-0.0952754
-0.0952783
-0.0952813
-0.0952846
-0.0952881
-0.0952918
-0.0952958
-0.0952998
-0.0953041
-0.0953085
-0.0953131
-0.0953178
-0.0953228
-0.0953279
-0.0953331
-0.0953386
-0.0953442
-0.09535
-0.095356
-0.0953622
-0.0953685
-0.095375
-0.0953817
-0.0953885
-0.0953955
-0.0954026
-0.0954099
-0.0954174
-0.095425
-0.0954327
-0.0954405
-0.0954484
-0.0954565
-0.0954646
-0.0954729
-0.0954812
-0.0954897
-0.0954983
-0.0955069
-0.0955158
-0.0955247
-0.0955336
-0.0955426
-0.0955516
-0.0955606
-0.0955697
-0.0955789
-0.0955881
-0.0955974
-0.0956067
-0.095616
-0.0956253
-0.0956347
-0.095644
-0.0956533
-0.0956626
-0.095672
-0.0956815
-0.095691
-0.0957004
-0.0957098
-0.0957193
-0.0957286
-0.0957381
-0.0957474
-0.0957566
-0.0957657
-0.0957747
-0.0957836
-0.0957924
-0.0958011
-0.0958096
-0.095818
-0.0958263
-0.0958346
-0.0958428
-0.0958509
-0.0958588
-0.0958667
-0.0958744
-0.095882
-0.0958893
-0.0958966
-0.0959037
-0.0959106
-0.0959173
-0.0959239
-0.0959303
-0.0959366
-0.0959429
-0.0959489
-0.0959547
-0.0959602
-0.0959656
-0.0959708
-0.0959758
-0.0959805
-0.095985
-0.0959893
-0.0959934
-0.0959973
-0.0960009
-0.0960043
-0.0960074
-0.0960103
-0.096013
-0.0960155
-0.0960178
-0.0960199
-0.0960216
-0.0960231
-0.0960244
-0.0960254
-0.0960261
-0.0960265
-0.0960266
-0.0960265
-0.0960261
-0.0960256
-0.0960248
-0.0960237
-0.0960224
-0.0960209
-0.0960191
-0.096017
-0.0960146
-0.096012
-0.096009
-0.0960059
-0.0960024
-0.0959988
-0.0959949
-0.0959907
-0.0959863
-0.0959816
-0.0959767
-0.0959716
-0.0959662
-0.0959605
-0.0959545
-0.0959484
-0.0959421
-0.0959355
-0.0959288
-0.0959218
-0.0959146
-0.0959072
-0.0958995
-0.0958916
-0.0958835
-0.0958751
-0.0958666
-0.095858
-0.0958491
-0.0958401
-0.0958309
-0.0958215
-0.095812
-0.0958023
-0.0957924
-0.0957824
-0.0957723
-0.095762
-0.0957516
-0.0957411
-0.0957305
-0.0957198
-0.0957089
-0.0956978
-0.0956866
-0.0956754
-0.095664
-0.0956526
-0.0956411
-0.0956296
-0.0956181
-0.0956065
-0.0955949
-0.0955833
-0.0955716
-0.0955599
-0.0955481
-0.0955363
-0.0955245
-0.0955126
-0.0955007
-0.0954889
-0.0954772
-0.0954655
-0.0954538
-0.0954421
-0.0954306
-0.095419
-0.0954075
-0.0953961
-0.0953848
-0.0953736
-0.0953624
-0.0953514
-0.0953405
-0.0953297
-0.0953191
-0.0953087
-0.0952983
-0.0952881
-0.0952781
-0.0952682
-0.0952584
-0.0952488
-0.0952393
-0.09523
-0.0952208
-0.0952119
-0.0952031
-0.0951946
-0.0951863
-0.0951782
-0.0951703
-0.0951627
-0.0951553
-0.0951481
-0.0951411
-0.0951344
-0.0951279
-0.0951217
-0.0951157
-0.09511
-0.0951046
-0.0950994
-0.0950945
-0.0950899
-0.0950856
-0.0950816
-0.0950778
-0.0950744
-0.0950712
-0.0950684
-0.0950658
-0.0950636
-0.0950616
-0.09506
-0.0950586
-0.0950576
-0.0950569
-0.0950565
-0.0950564
-0.0950566
-0.0950571
-0.095058
-0.0950592
-0.0950606
-0.0950624
-0.0950645
-0.095067
-0.0950697
-0.0950727
-0.0950761
-0.0950798
-0.0950838
-0.0950881
-0.0950927
-0.0950977
-0.0951029
-0.0951084
-0.0951142
-0.0951204
-0.0951268
-0.0951335
-0.0951405
-0.0951478
-0.0951554
-0.0951632
-0.0951714
-0.0951797
-0.0951884
-0.0951973
-0.0952065
-0.095216
-0.0952257
-0.0952356
-0.0952458
-0.0952562
-0.0952668
-0.0952776
-0.0952887
-0.0952999
-0.0953114
-0.0953231
-0.095335
-0.0953469
-0.0953591
-0.0953714
-0.0953838
-0.0953965
-0.0954093
-0.0954222
-0.0954353
-0.0954485
-0.0954619
-0.0954754
-0.0954891
-0.0955028
-0.0955167
-0.0955307
-0.0955446
-0.0955586
-0.0955726
-0.0955867
-0.0956008
-0.0956149
-0.095629
-0.0956431
-0.0956572
-0.0956715
-0.0956857
-0.0957
-0.0957141
-0.0957283
-0.0957423
-0.0957562
-0.0957701
-0.095784
-0.0957979
-0.0958116
-0.0958253
-0.095839
-0.0958528
-0.0958663
-0.0958796
-0.0958927
-0.0959057
-0.0959184
-0.095931
-0.0959433
-0.0959555
-0.0959675
-0.0959793
-0.0959909
-0.0960023
-0.0960135
-0.0960246
-0.0960354
-0.0960461
-0.0960565
-0.0960665
-0.0960763
-0.0960859
-0.0960951
-0.0961041
-0.0961128
-0.0961211
-0.0961292
-0.0961371
-0.0961446
-0.0961518
-0.0961588
-0.0961654
-0.0961717
-0.0961777
-0.0961832
-0.0961885
-0.0961934
-0.0961981
-0.0962024
-0.0962064
-0.0962101
-0.0962135
-0.0962167
-0.0962194
-0.0962217
-0.0962236
-0.0962251
-0.0962261
-0.0962268
-0.096227
-0.0962269
-0.0962264
-0.0962255
-0.0962243
-0.0962228
-0.0962208
-0.0962185
-0.0962158
-0.0962127
-0.0962092
-0.0962054
-0.0962012
-0.0961966
-0.0961916
-0.0961863
-0.0961807
-0.0961748
-0.0961686
-0.096162
-0.096155
-0.0961477
-0.09614
-0.096132
-0.0961236
-0.0961148
-0.0961058
-0.0960964
-0.0960867
-0.0960768
-0.0960665
-0.0960559
-0.096045
-0.0960338
-0.0960222
-0.0960104
-0.0959983
-0.0959859
-0.0959733
-0.0959604
-0.0959473
-0.095934
-0.0959205
-0.0959068
-0.0958928
-0.0958786
-0.0958642
-0.0958496
-0.0958348
-0.0958199
-0.0958048
-0.0957895
-0.0957742
-0.0957586
-0.0957429
-0.095727
-0.0957111
-0.095695
-0.0956788
-0.0956625
-0.0956461
-0.0956296
-0.0956131
-0.0955965
-0.09558
-0.0955634
-0.0955468
-0.0955302
-0.0955136
-0.0954971
-0.0954805
-0.095464
-0.0954475
-0.095431
-0.0954147
-0.0953984
-0.0953822
-0.0953661
-0.0953501
-0.0953342
-0.0953184
-0.0953027
-0.0952871
-0.0952717
-0.0952564
-0.0952412
-0.0952262
-0.0952114
-0.0951968
-0.0951824
-0.0951682
-0.0951543
-0.0951405
-0.095127
-0.0951137
-0.0951006
-0.0950879
-0.0950754
-0.0950631
-0.0950512
-0.0950396
-0.0950283
-0.0950173
-0.0950067
-0.0949963
-0.0949863
-0.0949766
-0.0949673
-0.0949583
-0.0949496
-0.0949412
-0.0949332
-0.0949255
-0.0949183
-0.0949114
-0.094905
-0.0948989
-0.0948932
-0.0948879
-0.094883
-0.0948785
-0.0948744
-0.0948708
-0.0948675
-0.0948647
-0.0948623
-0.0948604
-0.0948588
-0.0948577
-0.094857
-0.0948568
-0.0948569
-0.0948575
-0.0948585
-0.09486
-0.0948619
-0.0948642
-0.0948669
-0.0948701
-0.0948737
-0.0948777
-0.0948822
-0.094887
-0.0948924
-0.0948981
-0.0949042
-0.0949108
-0.0949177
-0.0949251
-0.0949328
-0.094941
-0.0949496
-0.0949586
-0.0949679
-0.0949777
-0.0949879
-0.0949984
-0.0950093
-0.0950206
-0.0950322
-0.0950442
-0.0950565
-0.0950691
-0.0950821
-0.0950954
-0.095109
-0.0951229
-0.0951372
-0.0951517
-0.0951665
-0.0951816
-0.0951969
-0.0952125
-0.0952284
-0.0952445
-0.0952608
-0.0952774
-0.0952943
-0.0953113
-0.0953286
-0.095346
-0.0953636
-0.0953813
-0.0953992
-0.0954173
-0.0954357
-0.0954541
-0.0954727
-0.0954913
-0.0955099
-0.0955287
-0.0955476
-0.0955665
-0.0955854
-0.0956044
-0.0956234
-0.0956424
-0.0956614
-0.0956805
-0.0956996
-0.0957186
-0.0957376
-0.0957565
-0.0957754
-0.0957941
-0.0958128
-0.0958314
-0.0958498
-0.0958682
-0.0958864
-0.0959044
-0.0959224
-0.0959401
-0.0959578
-0.0959753
-0.0959926
-0.0960097
-0.0960266
-0.0960433
-0.0960597
-0.0960758
-0.0960917
-0.0961072
-0.0961226
-0.0961376
-0.0961523
-0.0961667
-0.0961809
-0.0961948
-0.0962083
-0.0962216
-0.0962344
-0.0962469
-0.096259
-0.0962707
-0.096282
-0.096293
-0.0963035
-0.0963137
-0.0963234
-0.0963327
-0.0963415
-0.0963499
-0.096358
-0.0963656
-0.0963728
-0.0963795
-0.0963858
-0.0963917
-0.0963972
-0.0964022
-0.0964068
-0.0964108
-0.0964144
-0.0964174
-0.09642
-0.0964221
-0.0964237
-0.0964249
-0.0964256
-0.0964259
-0.0964256
-0.0964249
-0.0964236
-0.0964219
-0.0964197
-0.0964169
-0.0964137
-0.09641
-0.0964058
-0.0964011
-0.096396
-0.0963904
-0.0963844
-0.0963779
-0.0963709
-0.0963634
-0.0963554
-0.0963469
-0.0963379
-0.0963285
-0.0963186
-0.0963083
-0.0962975
-0.0962863
-0.0962748
-0.0962628
-0.0962504
-0.0962376
-0.0962244
-0.0962108
-0.0961969
-0.0961825
-0.0961677
-0.0961526
-0.096137
-0.0961212
-0.096105
-0.0960884
-0.0960715
-0.0960543
-0.0960369
-0.0960192
-0.0960012
-0.0959829
-0.0959644
-0.0959456
-0.0959266
-0.0959074
-0.0958879
-0.0958682
-0.0958484
-0.0958283
-0.0958081
-0.0957877
-0.0957672
-0.0957465
-0.0957257
-0.0957048
-0.0956837
-0.0956626
-0.0956413
-0.09562
-0.0955987
-0.0955773
-0.0955559
-0.0955345
-0.0955131
-0.0954917
-0.0954702
-0.0954488
-0.0954273
-0.095406
-0.0953848
-0.0953637
-0.0953428
-0.0953219
-0.0953012
-0.0952805
-0.0952601
-0.0952397
-0.0952195
-0.0951996
-0.0951798
-0.0951602
-0.0951409
-0.0951217
-0.0951028
-0.0950842
-0.0950658
-0.0950477
-0.09503
-0.0950125
-0.0949953
-0.0949784
-0.0949619
-0.0949457
-0.0949298
-0.0949144
-0.0948993
-0.0948846
-0.0948703
-0.0948564
-0.0948428
-0.0948297
-0.094817
-0.0948048
-0.0947929
-0.0947815
-0.0947706
-0.0947602
-0.0947502
-0.0947406
-0.0947316
-0.094723
-0.0947149
-0.0947073
-0.0947003
-0.0946937
-0.0946878
-0.0946823
-0.0946773
-0.0946729
-0.094669
-0.0946656
-0.0946627
-0.0946604
-0.0946586
-0.0946574
-0.0946568
-0.0946566
-0.0946571
-0.094658
-0.0946596
-0.0946617
-0.0946643
-0.0946675
-0.0946712
-0.0946754
-0.0946802
-0.0946855
-0.0946914
-0.0946978
-0.0947048
-0.0947122
-0.0947202
-0.0947287
-0.0947377
-0.0947473
-0.0947573
-0.0947679
-0.0947789
-0.0947904
-0.0948024
-0.0948149
-0.0948279
-0.0948414
-0.0948553
-0.0948697
-0.0948846
-0.0949
-0.0949158
-0.094932
-0.0949485
-0.0949655
-0.0949828
-0.0950004
-0.0950184
-0.0950368
-0.0950556
-0.0950747
-0.0950942
-0.0951139
-0.0951341
-0.0951545
-0.0951753
-0.0951964
-0.0952176
-0.0952392
-0.0952609
-0.0952829
-0.0953051
-0.0953275
-0.0953501
-0.0953729
-0.0953959
-0.095419
-0.0954424
-0.0954658
-0.0954892
-0.0955128
-0.0955364
-0.09556
-0.0955837
-0.0956074
-0.0956312
-0.0956551
-0.0956791
-0.095703
-0.095727
-0.0957509
-0.0957748
-0.0957985
-0.0958222
-0.0958457
-0.0958691
-0.0958924
-0.0959155
-0.0959384
-0.0959611
-0.0959836
-0.0960059
-0.0960279
-0.0960498
-0.0960715
-0.0960929
-0.096114
-0.0961349
-0.0961554
-0.0961757
-0.0961957
-0.0962153
-0.0962345
-0.0962534
-0.096272
-0.0962902
-0.096308
-0.0963254
-0.0963425
-0.0963591
-0.0963754
-0.0963912
-0.0964066
-0.0964216
-0.0964361
-0.0964501
-0.0964637
-0.0964768
-0.0964893
-0.0965013
-0.0965129
-0.0965239
-0.0965343
-0.0965443
-0.0965537
-0.0965625
-0.0965708
-0.0965786
-0.0965857
-0.0965923
-0.0965983
-0.0966037
-0.0966085
-0.0966127
-0.0966163
-0.0966194
-0.0966218
-0.0966236
-0.0966249
-0.0966256
-0.0966257
-0.0966252
-0.0966242
-0.0966224
-0.0966201
-0.0966172
-0.0966136
-0.0966094
-0.0966046
-0.0965993
-0.0965933
-0.0965868
-0.0965796
-0.0965718
-0.0965635
-0.0965546
-0.0965451
-0.096535
-0.0965243
-0.0965131
-0.0965014
-0.0964891
-0.0964763
-0.0964629
-0.096449
-0.0964345
-0.0964196
-0.0964041
-0.0963881
-0.0963716
-0.0963547
-0.0963373
-0.0963194
-0.096301
-0.0962822
-0.096263
-0.0962434
-0.0962234
-0.0962031
-0.0961823
-0.0961612
-0.0961397
-0.0961178
-0.0960955
-0.096073
-0.0960501
-0.0960269
-0.0960034
-0.0959797
-0.0959557
-0.0959315
-0.0959071
-0.0958824
-0.0958574
-0.0958323
-0.095807
-0.0957814
-0.0957558
-0.09573
-0.0957042
-0.0956782
-0.0956521
-0.095626
-0.0955999
-0.0955737
-0.0955474
-0.0955212
-0.0954949
-0.0954686
-0.0954423
-0.0954162
-0.0953901
-0.0953641
-0.0953382
-0.0953124
-0.0952867
-0.0952612
-0.0952359
-0.0952107
-0.0951857
-0.0951609
-0.0951363
-0.095112
-0.0950879
-0.0950641
-0.0950405
-0.0950173
-0.0949943
-0.0949717
-0.0949494
-0.0949274
-0.0949058
-0.0948846
-0.0948637
-0.0948433
-0.0948233
-0.0948036
-0.0947845
-0.0947657
-0.0947474
-0.0947296
-0.0947123
-0.0946954
-0.0946791
-0.0946633
-0.094648
-0.0946332
-0.094619
-0.0946053
-0.0945921
-0.0945795
-0.0945675
-0.0945561
-0.0945452
-0.094535
-0.0945254
-0.0945164
-0.094508
-0.0945003
-0.0944931
-0.0944866
-0.0944806
-0.0944754
-0.0944707
-0.0944667
-0.0944634
-0.0944608
-0.0944588
-0.0944575
-0.0944568
-0.0944568
-0.0944574
-0.0944588
-0.0944608
-0.0944634
-0.0944667
-0.0944707
-0.0944754
-0.0944807
-0.0944866
-0.0944932
-0.0945005
-0.0945084
-0.094517
-0.0945262
-0.0945361
-0.0945465
-0.0945576
-0.0945693
-0.0945817
-0.0945946
-0.0946081
-0.0946222
-0.094637
-0.0946522
-0.0946681
-0.0946845
-0.0947015
-0.094719
-0.094737
-0.0947556
-0.0947747
-0.0947943
-0.0948144
-0.094835
-0.094856
-0.0948775
-0.0948994
-0.0949218
-0.0949446
-0.0949678
-0.0949914
-0.0950154
-0.0950398
-0.0950646
-0.0950897
-0.0951151
-0.0951408
-0.0951668
-0.0951931
-0.0952197
-0.0952466
-0.0952736
-0.095301
-0.0953284
-0.0953561
-0.0953839
-0.0954119
-0.09544
-0.0954683
-0.0954967
-0.0955252
-0.0955537
-0.0955823
-0.095611
-0.0956396
-0.0956683
-0.095697
-0.0957257
-0.0957543
-0.0957828
-0.0958114
-0.0958398
-0.095868
-0.0958962
-0.0959242
-0.095952
-0.0959797
-0.0960072
-0.0960344
-0.0960614
-0.0960881
-0.0961146
-0.0961409
-0.0961668
-0.0961924
-0.0962178
-0.0962429
-0.0962676
-0.0962919
-0.0963159
-0.0963395
-0.0963627
-0.0963854
-0.0964078
-0.0964297
-0.0964512
-0.0964721
-0.0964926
-0.0965125
-0.0965319
-0.0965508
-0.0965692
-0.0965869
-0.0966041
-0.0966207
-0.0966367
-0.0966521
-0.0966669
-0.0966811
-0.0966947
-0.0967077
-0.09672
-0.0967318
-0.0967428
-0.0967532
-0.096763
-0.096772
-0.0967804
-0.0967881
-0.0967951
-0.0968014
-0.096807
-0.0968119
-0.0968161
-0.0968197
-0.0968225
-0.0968246
-0.096826
-0.0968267
-0.0968266
-0.0968258
-0.0968242
-0.096822
-0.0968189
-0.0968151
-0.0968107
-0.0968055
-0.0967997
-0.0967931
-0.0967859
-0.096778
-0.0967694
-0.09676
-0.09675
-0.0967392
-0.0967277
-0.0967156
-0.0967027
-0.0966892
-0.0966749
-0.0966601
-0.0966446
-0.0966286
-0.0966119
-0.0965946
-0.0965767
-0.0965583
-0.0965392
-0.0965195
-0.0964992
-0.0964784
-0.0964569
-0.096435
-0.0964125
-0.0963896
-0.0963662
-0.0963423
-0.096318
-0.0962932
-0.096268
-0.0962424
-0.0962164
-0.09619
-0.0961631
-0.0961359
-0.0961083
-0.0960804
-0.0960522
-0.0960237
-0.0959949
-0.0959658
-0.0959365
-0.0959069
-0.0958772
-0.0958471
-0.0958168
-0.0957864
-0.0957558
-0.0957251
-0.0956942
-0.0956633
-0.0956323
-0.0956013
-0.0955702
-0.0955392
-0.0955081
-0.0954771
-0.0954461
-0.0954151
-0.0953842
-0.0953534
-0.0953227
-0.095292
-0.0952615
-0.0952312
-0.0952011
-0.0951711
-0.0951414
-0.0951119
-0.0950827
-0.0950537
-0.0950249
-0.0949965
-0.0949684
-0.0949407
-0.0949133
-0.0948863
-0.0948596
-0.0948333
-0.0948075
-0.094782
-0.094757
-0.0947325
-0.0947085
-0.0946849
-0.0946618
-0.0946393
-0.0946172
-0.0945957
-0.0945748
-0.0945544
-0.0945346
-0.0945154
-0.0944968
-0.0944788
-0.0944614
-0.0944448
-0.0944287
-0.0944134
-0.0943988
-0.0943848
-0.0943716
-0.094359
-0.0943471
-0.0943359
-0.0943254
-0.0943156
-0.0943066
-0.0942983
-0.0942907
-0.0942839
-0.0942779
-0.0942726
-0.094268
-0.0942642
-0.0942612
-0.094259
-0.0942576
-0.0942569
-0.094257
-0.0942579
-0.0942595
-0.094262
-0.0942653
-0.0942693
-0.0942741
-0.0942797
-0.0942861
-0.0942932
-0.0943011
-0.0943098
-0.0943193
-0.0943295
-0.0943404
-0.0943521
-0.0943645
-0.0943776
-0.0943915
-0.0944061
-0.0944215
-0.0944375
-0.0944542
-0.0944716
-0.0944896
-0.0945083
-0.0945277
-0.0945477
-0.0945684
-0.0945896
-0.0946115
-0.094634
-0.0946571
-0.0946807
-0.0947049
-0.0947296
-0.094755
-0.0947808
-0.0948071
-0.0948339
-0.0948611
-0.0948888
-0.094917
-0.0949456
-0.0949746
-0.0950041
-0.0950339
-0.0950641
-0.0950946
-0.0951254
-0.0951566
-0.095188
-0.0952197
-0.0952516
-0.0952837
-0.0953161
-0.0953487
-0.0953815
-0.0954145
-0.0954475
-0.0954807
-0.0955141
-0.0955475
-0.095581
-0.0956146
-0.0956481
-0.0956817
-0.0957152
-0.0957487
-0.0957821
-0.0958154
-0.0958487
-0.0958818
-0.0959148
-0.0959476
-0.0959802
-0.0960126
-0.0960448
-0.0960767
-0.0961085
-0.0961399
-0.0961711
-0.096202
-0.0962326
-0.0962628
-0.0962927
-0.0963223
-0.0963514
-0.0963801
-0.0964084
-0.0964362
-0.0964636
-0.0964905
-0.096517
-0.096543
-0.0965684
-0.0965932
-0.0966175
-0.0966412
-0.0966643
-0.0966869
-0.0967089
-0.0967303
-0.0967511
-0.0967711
-0.0967904
-0.096809
-0.0968269
-0.0968441
-0.0968605
-0.0968762
-0.0968911
-0.0969054
-0.0969189
-0.0969317
-0.0969437
-0.096955
-0.0969654
-0.0969751
-0.096984
-0.0969919
-0.096999
-0.0970054
-0.0970109
-0.0970156
-0.0970195
-0.0970226
-0.0970248
-0.0970262
-0.0970268
-0.0970266
-0.0970256
-0.0970237
-0.097021
-0.0970174
-0.097013
-0.0970077
-0.0970016
-0.0969945
-0.0969867
-0.0969781
-0.0969687
-0.0969585
-0.0969476
-0.0969358
-0.0969233
-0.09691
-0.0968959
-0.096881
-0.0968653
-0.0968488
-0.0968316
-0.0968135
-0.0967948
-0.0967753
-0.096755
-0.0967341
-0.0967125
-0.0966903
-0.0966674
-0.0966438
-0.0966197
-0.0965948
-0.0965694
-0.0965433
-0.0965167
-0.0964895
-0.0964618
-0.0964336
-0.0964048
-0.0963755
-0.0963457
-0.0963154
-0.0962847
-0.0962535
-0.096222
-0.09619
-0.0961576
-0.0961248
-0.0960916
-0.0960582
-0.0960244
-0.0959903
-0.095956
-0.0959215
-0.0958868
-0.0958519
-0.0958168
-0.0957816
-0.0957462
-0.0957106
-0.0956749
-0.0956391
-0.0956033
-0.0955674
-0.0955315
-0.0954955
-0.0954596
-0.0954238
-0.0953881
-0.0953524
-0.0953168
-0.0952813
-0.095246
-0.0952108
-0.0951759
-0.0951411
-0.0951067
-0.0950725
-0.0950385
-0.0950048
-0.0949714
-0.0949384
-0.0949056
-0.0948732
-0.0948412
-0.0948096
-0.0947784
-0.0947477
-0.0947173
-0.0946875
-0.0946582
-0.0946294
-0.0946012
-0.0945735
-0.0945464
-0.0945199
-0.094494
-0.0944687
-0.094444
-0.09442
-0.0943966
-0.0943739
-0.0943519
-0.0943306
-0.0943101
-0.0942902
-0.0942711
-0.0942527
-0.0942351
-0.0942182
-0.0942021
-0.0941868
-0.0941723
-0.0941585
-0.0941457
-0.0941337
-0.0941225
-0.0941122
-0.0941028
-0.0940943
-0.0940866
-0.0940799
-0.094074
-0.094069
-0.0940648
-0.0940615
-0.094059
-0.0940575
-0.0940568
-0.0940571
-0.0940582
-0.0940602
-0.0940632
-0.0940671
-0.0940718
-0.0940775
-0.094084
-0.0940915
-0.0940998
-0.094109
-0.0941191
-0.09413
-0.0941418
-0.0941545
-0.094168
-0.0941824
-0.0941976
-0.0942137
-0.0942305
-0.0942482
-0.0942666
-0.0942859
-0.094306
-0.0943268
-0.0943484
-0.0943706
-0.0943937
-0.0944175
-0.094442
-0.0944672
-0.094493
-0.0945196
-0.0945468
-0.0945746
-0.0946031
-0.0946321
-0.0946618
-0.0946921
-0.0947229
-0.0947542
-0.0947861
-0.0948185
-0.0948513
-0.0948847
-0.0949184
-0.0949526
-0.0949872
-0.0950222
-0.0950576
-0.0950933
-0.0951293
-0.0951658
-0.0952024
-0.0952394
-0.0952765
-0.095314
-0.0953515
-0.0953893
-0.0954272
-0.0954653
-0.0955035
-0.0955417
-0.09558
-0.0956183
-0.0956566
-0.0956949
-0.0957333
-0.0957715
-0.0958098
-0.0958479
-0.0958859
-0.0959238
-0.0959614
-0.0959989
-0.0960362
-0.0960732
-0.0961101
-0.0961466
-0.0961829
-0.0962189
-0.0962546
-0.0962899
-0.0963248
-0.0963593
-0.0963934
-0.096427
-0.0964602
-0.0964929
-0.0965251
-0.0965569
-0.0965881
-0.0966187
-0.0966489
-0.0966784
-0.0967073
-0.0967355
-0.0967631
-0.09679
-0.0968163
-0.0968418
-0.0968667
-0.0968908
-0.0969141
-0.0969368
-0.0969587
-0.0969798
-0.0970001
-0.0970197
-0.0970384
-0.0970562
-0.0970733
-0.0970895
-0.0971048
-0.0971193
-0.0971329
-0.0971456
-0.0971575
-0.0971684
-0.0971785
-0.0971877
-0.0971959
-0.0972031
-0.0972094
-0.0972148
-0.0972192
-0.0972226
-0.0972251
-0.0972266
-0.0972272
-0.0972268
-0.0972254
-0.097223
-0.0972198
-0.0972155
-0.0972104
-0.0972043
-0.0971973
-0.0971893
-0.0971804
-0.0971706
-0.0971599
-0.0971482
-0.0971355
-0.0971219
-0.0971075
-0.0970921
-0.0970758
-0.0970587
-0.0970407
-0.0970219
-0.0970022
-0.0969817
-0.0969603
-0.0969381
-0.0969151
-0.0968912
-0.0968666
-0.0968412
-0.0968151
-0.0967882
-0.0967605
-0.0967322
-0.0967032
-0.0966735
-0.0966432
-0.0966122
-0.0965806
-0.0965484
-0.0965157
-0.0964822
-0.0964483
-0.0964138
-0.0963788
-0.0963434
-0.0963075
-0.0962711
-0.0962343
-0.0961971
-0.0961596
-0.0961216
-0.0960833
-0.0960447
-0.0960057
-0.0959664
-0.0959269
-0.0958871
-0.0958471
-0.095807
-0.0957667
-0.0957264
-0.0956859
-0.0956454
-0.0956048
-0.0955641
-0.0955234
-0.0954827
-0.095442
-0.0954013
-0.0953608
-0.0953204
-0.0952801
-0.0952399
-0.0951999
-0.0951601
-0.0951205
-0.0950812
-0.095042
-0.0950031
-0.0949646
-0.0949263
-0.0948884
-0.0948509
-0.0948138
-0.0947771
-0.0947409
-0.0947052
-0.0946699
-0.0946352
-0.094601
-0.0945673
-0.0945342
-0.0945016
-0.0944697
-0.0944385
-0.0944079
-0.0943779
-0.0943486
-0.09432
-0.0942922
-0.094265
-0.0942387
-0.0942131
-0.0941882
-0.0941642
-0.094141
-0.0941186
-0.094097
-0.0940763
-0.0940564
-0.0940375
-0.0940194
-0.0940022
-0.093986
-0.0939707
-0.0939563
-0.0939428
-0.0939303
-0.0939187
-0.0939081
-0.0938985
-0.0938899
-0.0938822
-0.0938756
-0.09387
-0.0938654
-0.0938617
-0.0938591
-0.0938574
-0.0938568
-0.0938572
-0.0938586
-0.093861
-0.0938644
-0.0938689
-0.0938743
-0.0938809
-0.0938884
-0.0938969
-0.0939064
-0.093917
-0.0939285
-0.0939409
-0.0939544
-0.0939688
-0.0939841
-0.0940004
-0.0940177
-0.0940359
-0.094055
-0.094075
-0.0940959
-0.0941178
-0.0941405
-0.094164
-0.0941884
-0.0942137
-0.0942398
-0.0942667
-0.0942945
-0.094323
-0.0943522
-0.0943822
-0.094413
-0.0944445
-0.0944767
-0.0945095
-0.094543
-0.0945772
-0.0946119
-0.0946473
-0.0946832
-0.0947197
-0.0947568
-0.0947945
-0.0948326
-0.0948713
-0.0949106
-0.0949502
-0.0949902
-0.0950306
-0.0950715
-0.0951125
-0.0951539
-0.0951954
-0.0952373
-0.0952794
-0.0953217
-0.0953642
-0.0954069
-0.0954498
-0.0954928
-0.0955358
-0.095579
-0.0956221
-0.0956653
-0.0957084
-0.0957515
-0.0957945
-0.0958374
-0.0958803
-0.095923
-0.0959655
-0.0960079
-0.09605
-0.0960919
-0.0961335
-0.0961749
-0.096216
-0.0962567
-0.0962972
-0.0963372
-0.0963769
-0.0964161
-0.0964549
-0.0964932
-0.0965311
-0.0965684
-0.0966052
-0.0966415
-0.0966771
-0.0967121
-0.0967466
-0.0967804
-0.0968136
-0.096846
-0.0968777
-0.0969086
-0.0969389
-0.0969683
-0.0969971
-0.0970251
-0.0970522
-0.0970785
-0.097104
-0.0971286
-0.0971524
-0.0971752
-0.0971971
-0.097218
-0.097238
-0.0972571
-0.0972753
-0.0972924
-0.0973086
-0.0973238
-0.097338
-0.0973512
-0.0973633
-0.0973744
-0.0973845
-0.0973935
-0.0974014
-0.0974083
-0.0974141
-0.0974189
-0.0974226
-0.0974253
-0.0974269
-0.0974275
-0.0974271
-0.0974256
-0.097423
-0.0974194
-0.0974147
-0.0974088
-0.0974019
-0.0973939
-0.0973848
-0.0973746
-0.0973634
-0.0973512
-0.0973378
-0.0973234
-0.097308
-0.0972916
-0.0972743
-0.097256
-0.0972367
-0.0972164
-0.0971952
-0.097173
-0.0971499
-0.0971258
-0.0971008
-0.0970749
-0.0970482
-0.0970206
-0.0969921
-0.0969628
-0.0969327
-0.0969017
-0.0968699
-0.0968374
-0.0968041
-0.09677
-0.0967353
-0.0966997
-0.0966636
-0.0966267
-0.0965893
-0.0965512
-0.0965126
-0.0964733
-0.0964336
-0.0963932
-0.0963523
-0.096311
-0.0962692
-0.0962271
-0.0961845
-0.0961416
-0.0960983
-0.0960547
-0.0960108
-0.0959667
-0.0959223
-0.0958777
-0.095833
-0.095788
-0.0957429
-0.0956976
-0.0956523
-0.0956068
-0.0955612
-0.0955156
-0.09547
-0.0954245
-0.095379
-0.0953336
-0.0952883
-0.0952431
-0.0951982
-0.0951534
-0.0951089
-0.0950645
-0.0950204
-0.0949767
-0.0949333
-0.0948902
-0.0948475
-0.0948053
-0.0947634
-0.094722
-0.0946811
-0.0946406
-0.0946008
-0.0945614
-0.0945226
-0.0944845
-0.0944469
-0.09441
-0.0943738
-0.0943382
-0.0943034
-0.0942692
-0.0942359
-0.0942032
-0.0941714
-0.0941403
-0.0941101
-0.0940807
-0.0940522
-0.0940245
-0.0939977
-0.0939719
-0.0939469
-0.093923
-0.0939
-0.0938779
-0.0938569
-0.0938368
-0.0938178
-0.0937998
-0.0937828
-0.0937668
-0.0937519
-0.0937379
-0.093725
-0.0937132
-0.0937026
-0.093693
-0.0936845
-0.0936772
-0.093671
-0.0936659
-0.0936619
-0.0936591
-0.0936573
-0.0936568
-0.0936573
-0.093659
-0.0936619
-0.0936659
-0.0936709
-0.0936771
-0.0936845
-0.0936929
-0.0937025
-0.0937131
-0.0937249
-0.0937378
-0.0937517
-0.0937668
-0.0937829
-0.0938001
-0.0938184
-0.0938378
-0.0938581
-0.0938795
-0.093902
-0.0939254
-0.0939497
-0.0939751
-0.0940014
-0.0940287
-0.0940569
-0.094086
-0.094116
-0.0941469
-0.0941787
-0.0942113
-0.0942448
-0.0942791
-0.0943142
-0.0943501
-0.0943868
-0.0944241
-0.0944622
-0.0945011
-0.0945406
-0.0945808
-0.0946216
-0.094663
-0.094705
-0.0947475
-0.0947905
-0.0948341
-0.094878
-0.0949225
-0.0949675
-0.0950128
-0.0950585
-0.0951046
-0.0951509
-0.0951975
-0.0952443
-0.0952914
-0.0953387
-0.0953862
-0.0954338
-0.0954816
-0.0955294
-0.0955773
-0.0956252
-0.0956732
-0.0957211
-0.0957691
-0.095817
-0.0958648
-0.0959125
-0.09596
-0.0960073
-0.0960544
-0.0961013
-0.0961479
-0.0961944
-0.0962405
-0.0962863
-0.0963316
-0.0963766
-0.0964211
-0.0964651
-0.0965087
-0.0965518
-0.0965944
-0.0966364
-0.0966778
-0.0967186
-0.0967588
-0.0967982
-0.096837
-0.0968751
-0.0969124
-0.096949
-0.0969848
-0.0970198
-0.097054
-0.0970874
-0.09712
-0.0971517
-0.0971826
-0.0972126
-0.0972417
-0.0972698
-0.097297
-0.0973232
-0.0973485
-0.0973727
-0.097396
-0.0974181
-0.0974392
-0.0974593
-0.0974783
-0.0974962
-0.0975129
-0.0975286
-0.0975431
-0.0975566
-0.0975689
-0.09758
-0.09759
-0.0975987
-0.0976063
-0.0976128
-0.097618
-0.0976222
-0.0976251
-0.0976269
-0.0976275
-0.0976269
-0.0976251
-0.0976221
-0.0976179
-0.0976125
-0.0976059
-0.0975981
-0.0975891
-0.0975789
-0.0975675
-0.097555
-0.0975413
-0.0975266
-0.0975106
-0.0974936
-0.0974754
-0.0974561
-0.0974357
-0.0974142
-0.0973916
-0.0973679
-0.0973433
-0.0973176
-0.0972909
-0.0972632
-0.0972346
-0.0972049
-0.0971743
-0.0971427
-0.0971102
-0.0970767
-0.0970423
-0.097007
-0.0969708
-0.0969338
-0.096896
-0.0968574
-0.096818
-0.0967779
-0.0967372
-0.0966957
-0.0966534
-0.0966106
-0.0965671
-0.0965229
-0.0964783
-0.0964331
-0.0963874
-0.0963413
-0.0962946
-0.0962476
-0.0962001
-0.0961522
-0.0961039
-0.0960554
-0.0960065
-0.0959574
-0.095908
-0.0958583
-0.0958085
-0.0957585
-0.0957083
-0.0956581
-0.0956077
-0.0955574
-0.0955069
-0.0954565
-0.0954062
-0.0953558
-0.0953057
-0.0952556
-0.0952057
-0.095156
-0.0951066
-0.0950574
-0.0950084
-0.0949598
-0.0949115
-0.0948636
-0.0948161
-0.094769
-0.0947223
-0.0946761
-0.0946304
-0.0945853
-0.0945407
-0.0944967
-0.0944533
-0.0944105
-0.0943684
-0.0943269
-0.0942863
-0.0942463
-0.0942071
-0.0941687
-0.0941311
-0.0940943
-0.0940583
-0.0940232
-0.0939891
-0.0939559
-0.0939235
-0.0938921
-0.0938616
-0.093832
-0.0938035
-0.093776
-0.0937495
-0.0937242
-0.0936998
-0.0936766
-0.0936545
-0.0936335
-0.0936136
-0.0935948
-0.0935772
-0.0935607
-0.0935454
-0.0935314
-0.0935185
-0.0935068
-0.0934964
-0.0934871
-0.0934791
-0.0934723
-0.0934668
-0.0934625
-0.0934594
-0.0934576
-0.093457
-0.0934577
-0.0934596
-0.0934628
-0.0934672
-0.0934729
-0.0934798
-0.093488
-0.0934974
-0.093508
-0.0935198
-0.0935328
-0.093547
-0.0935625
-0.0935791
-0.0935969
-0.0936159
-0.0936361
-0.0936575
-0.09368
-0.0937037
-0.0937285
-0.0937544
-0.0937814
-0.0938095
-0.0938386
-0.0938687
-0.0938999
-0.0939321
-0.0939653
-0.0939995
-0.0940346
-0.0940706
-0.0941076
-0.0941454
-0.0941842
-0.0942237
-0.0942642
-0.0943055
-0.0943475
-0.0943904
-0.0944339
-0.0944782
-0.0945231
-0.0945688
-0.0946151
-0.0946619
-0.0947094
-0.0947573
-0.0948057
-0.0948546
-0.094904
-0.094954
-0.0950043
-0.0950549
-0.0951059
-0.0951572
-0.0952088
-0.0952606
-0.0953126
-0.0953648
-0.0954172
-0.0954697
-0.0955223
-0.095575
-0.0956278
-0.0956806
-0.0957335
-0.0957865
-0.0958394
-0.0958921
-0.0959446
-0.0959969
-0.096049
-0.0961008
-0.0961524
-0.0962038
-0.0962548
-0.0963054
-0.0963557
-0.0964056
-0.0964549
-0.0965039
-0.0965523
-0.0966002
-0.0966475
-0.0966942
-0.0967403
-0.0967857
-0.0968305
-0.0968746
-0.096918
-0.0969607
-0.0970026
-0.0970438
-0.097084
-0.0971235
-0.0971621
-0.0971998
-0.0972366
-0.0972724
-0.0973074
-0.0973414
-0.0973744
-0.0974063
-0.0974372
-0.0974671
-0.0974958
-0.0975235
-0.0975501
-0.0975755
-0.0975998
-0.0976229
-0.0976449
-0.0976657
-0.0976853
-0.0977037
-0.0977208
-0.0977367
-0.0977513
-0.0977646
-0.0977767
-0.0977875
-0.097797
-0.0978052
-0.0978121
-0.0978177
-0.0978221
-0.0978252
-0.0978271
-0.0978276
-0.0978267
-0.0978246
-0.0978211
-0.0978162
-0.0978101
-0.0978027
-0.097794
-0.0977841
-0.0977728
-0.0977604
-0.0977466
-0.0977317
-0.0977156
-0.0976981
-0.0976794
-0.0976594
-0.0976383
-0.0976159
-0.0975923
-0.0975675
-0.0975415
-0.0975144
-0.0974862
-0.0974568
-0.0974264
-0.0973948
-0.0973622
-0.0973286
-0.0972939
-0.0972581
-0.0972214
-0.0971836
-0.0971449
-0.0971052
-0.0970646
-0.097023
-0.0969804
-0.096937
-0.0968929
-0.0968481
-0.0968025
-0.0967561
-0.0967092
-0.0966615
-0.0966132
-0.0965643
-0.0965147
-0.0964646
-0.0964139
-0.0963627
-0.096311
-0.0962589
-0.0962064
-0.0961534
-0.0961001
-0.0960464
-0.0959925
-0.0959382
-0.0958837
-0.095829
-0.0957742
-0.0957192
-0.0956641
-0.095609
-0.0955539
-0.0954988
-0.0954437
-0.0953886
-0.0953336
-0.0952788
-0.0952241
-0.0951695
-0.0951151
-0.095061
-0.0950071
-0.0949534
-0.0949002
-0.0948472
-0.0947946
-0.0947425
-0.0946909
-0.0946398
-0.0945892
-0.0945391
-0.0944897
-0.0944408
-0.0943926
-0.0943451
-0.0942982
-0.0942521
-0.0942067
-0.0941621
-0.0941184
-0.0940754
-0.0940334
-0.0939922
-0.0939519
-0.0939125
-0.0938741
-0.0938367
-0.0938002
-0.0937648
-0.0937304
-0.0936971
-0.093665
-0.0936339
-0.093604
-0.0935752
-0.0935475
-0.093521
-0.0934957
-0.0934715
-0.0934485
-0.0934267
-0.0934062
-0.093387
-0.093369
-0.0933523
-0.093337
-0.0933229
-0.0933102
-0.0932989
-0.0932889
-0.0932802
-0.0932728
-0.0932669
-0.0932622
-0.0932589
-0.093257
-0.0932565
-0.0932573
-0.0932596
-0.0932632
-0.0932682
-0.0932745
-0.0932822
-0.0932912
-0.0933015
-0.0933132
-0.0933263
-0.0933406
-0.0933563
-0.0933734
-0.0933917
-0.0934113
-0.0934322
-0.0934544
-0.0934778
-0.0935025
-0.0935284
-0.0935555
-0.0935838
-0.0936133
-0.093644
-0.0936759
-0.0937089
-0.093743
-0.0937783
-0.0938146
-0.0938519
-0.0938904
-0.0939298
-0.0939702
-0.0940117
-0.094054
-0.0940973
-0.0941416
-0.0941866
-0.0942326
-0.0942795
-0.0943272
-0.0943756
-0.0944247
-0.0944745
-0.0945251
-0.0945762
-0.094628
-0.0946805
-0.0947336
-0.094787
-0.0948411
-0.0948956
-0.0949504
-0.0950057
-0.0950613
-0.0951172
-0.0951735
-0.0952301
-0.0952869
-0.095344
-0.0954012
-0.0954586
-0.0955161
-0.0955737
-0.0956315
-0.0956892
-0.0957469
-0.0958045
-0.0958621
-0.0959195
-0.0959767
-0.0960338
-0.0960906
-0.0961473
-0.0962037
-0.0962597
-0.0963153
-0.0963706
-0.0964253
-0.0964796
-0.0965335
-0.0965867
-0.0966395
-0.0966917
-0.0967432
-0.0967942
-0.0968445
-0.0968941
-0.0969429
-0.0969911
-0.0970384
-0.097085
-0.0971307
-0.0971755
-0.0972194
-0.0972623
-0.0973043
-0.0973453
-0.0973853
-0.0974243
-0.0974623
-0.0974993
-0.0975352
-0.0975699
-0.0976035
-0.097636
-0.0976673
-0.0976973
-0.0977261
-0.0977535
-0.0977797
-0.0978046
-0.0978281
-0.0978503
-0.0978708
-0.0978901
-0.0979082
-0.097925
-0.0979405
-0.0979547
-0.0979676
-0.0979791
