-0.0997162
-0.0997172
-0.0997179
-0.0997185
-0.0997191
-0.0997197
-0.0997203
-0.0997209
-0.0997216
-0.0997222
-0.0997229
-0.0997236
-0.0997243
-0.099725
-0.0997256
-0.0997264
-0.0997271
-0.0997279
-0.0997287
-0.0997295
-0.0997304
-0.0997312
-0.0997321
-0.099733
-0.0997338
-0.0997347
-0.0997356
-0.0997364
-0.0997373
-0.0997382
-0.0997391
-0.09974
-0.099741
-0.0997419
-0.0997427
-0.0997436
-0.0997445
-0.0997453
-0.0997462
-0.099747
-0.0997478
-0.0997485
-0.0997493
-0.0997501
-0.0997509
-0.0997517
-0.0997524
-0.099753
-0.0997537
-0.0997543
-0.0997548
-0.0997554
-0.0997559
-0.0997564
-0.0997569
-0.0997574
-0.0997579
-0.0997583
-0.0997587
-0.099759
-0.0997593
-0.0997595
-0.0997597
-0.0997599
-0.0997599
-0.09976
-0.09976
-0.0997599
-0.0997599
-0.0997597
-0.0997595
-0.0997593
-0.099759
-0.0997586
-0.0997582
-0.0997578
-0.0997573
-0.0997567
-0.0997561
-0.0997554
-0.0997547
-0.0997539
-0.0997531
-0.0997523
-0.0997514
-0.0997504
-0.0997494
-0.0997484
-0.0997473
-0.0997462
-0.099745
-0.0997437
-0.0997424
-0.0997411
-0.0997397
-0.0997382
-0.0997367
-0.0997351
-0.0997335
-0.0997319
-0.0997302
-0.0997285
-0.0997267
-0.0997249
-0.099723
-0.0997211
-0.0997192
-0.0997172
-0.0997151
-0.0997131
-0.0997109
-0.0997087
-0.0997065
-0.0997043
-0.099702
-0.0996998
-0.0996975
-0.0996952
-0.0996929
-0.0996905
-0.0996881
-0.0996856
-0.0996832
-0.0996807
-0.0996783
-0.0996758
-0.0996733
-0.0996708
-0.0996683
-0.0996658
-0.0996634
-0.0996609
-0.0996585
-0.0996561
-0.0996537
-0.0996512
-0.0996488
-0.0996463
-0.0996438
-0.0996413
-0.0996389
-0.0996365
-0.0996342
-0.0996319
-0.0996296
-0.0996274
-0.0996252
-0.0996229
-0.0996208
-0.0996186
-0.0996165
-0.0996144
-0.0996123
-0.0996103
-0.0996083
-0.0996063
-0.0996044
-0.0996026
-0.0996008
-0.0995991
-0.0995975
-0.0995959
-0.0995945
-0.0995931
-0.0995918
-0.0995905
-0.0995893
-0.0995882
-0.0995871
-0.0995861
-0.0995851
-0.0995842
-0.0995833
-0.0995826
-0.0995819
-0.0995813
-0.0995808
-0.0995804
-0.0995801
-0.0995798
-0.0995797
-0.0995796
-0.0995795
-0.0995796
-0.0995797
-0.09958
-0.0995803
-0.0995807
-0.0995813
-0.0995819
-0.0995826
-0.0995834
-0.0995844
-0.0995854
-0.0995865
-0.0995878
-0.0995891
-0.0995905
-0.099592
-0.0995936
-0.0995952
-0.0995969
-0.0995987
-0.0996006
-0.0996027
-0.0996048
-0.099607
-0.0996094
-0.0996118
-0.0996143
-0.0996169
-0.0996195
-0.0996222
-0.099625
-0.0996279
-0.099631
-0.0996341
-0.0996373
-0.0996406
-0.0996439
-0.0996473
-0.0996508
-0.0996544
-0.099658
-0.0996617
-0.0996654
-0.0996693
-0.0996732
-0.0996772
-0.0996812
-0.0996853
-0.0996894
-0.0996936
-0.0996978
-0.0997021
-0.0997065
-0.0997108
-0.0997152
-0.0997196
-0.099724
-0.0997285
-0.099733
-0.0997376
-0.0997422
-0.0997468
-0.0997514
-0.0997561
-0.0997607
-0.0997654
-0.0997701
-0.0997748
-0.0997795
-0.0997842
-0.0997889
-0.0997936
-0.0997983
-0.0998029
-0.0998076
-0.0998122
-0.0998168
-0.0998213
-0.0998258
-0.0998303
-0.0998347
-0.0998391
-0.0998435
-0.0998478
-0.0998521
-0.0998564
-0.0998606
-0.0998647
-0.0998688
-0.0998727
-0.0998767
-0.0998805
-0.0998843
-0.099888
-0.0998917
-0.0998952
-0.0998987
-0.0999021
-0.0999054
-0.0999086
-0.0999118
-0.0999148
-0.0999177
-0.0999205
-0.0999232
-0.0999259
-0.0999283
-0.0999307
-0.0999329
-0.0999351
-0.0999371
-0.099939
-0.0999408
-0.0999424
-0.099944
-0.0999454
-0.0999467
-0.0999478
-0.0999488
-0.0999496
-0.0999503
-0.0999509
-0.0999513
-0.0999517
-0.0999519
-0.0999519
-0.0999519
-0.0999516
-0.0999512
-0.0999507
-0.09995
-0.0999492
-0.0999482
-0.0999471
-0.0999459
-0.0999445
-0.0999429
-0.0999411
-0.0999392
-0.0999372
-0.099935
-0.0999327
-0.0999302
-0.0999276
-0.0999248
-0.0999219
-0.0999188
-0.0999156
-0.0999123
-0.0999088
-0.0999052
-0.0999015
-0.0998977
-0.0998938
-0.0998897
-0.0998855
-0.0998812
-0.0998768
-0.0998723
-0.0998676
-0.0998629
-0.099858
-0.099853
-0.0998478
-0.0998426
-0.0998373
-0.0998318
-0.0998262
-0.0998205
-0.0998147
-0.0998088
-0.0998028
-0.0997967
-0.0997905
-0.0997843
-0.0997779
-0.0997715
-0.0997651
-0.0997586
-0.099752
-0.0997454
-0.0997387
-0.0997319
-0.0997251
-0.0997183
-0.0997114
-0.0997045
-0.0996975
-0.0996905
-0.0996835
-0.0996764
-0.0996694
-0.0996624
-0.0996554
-0.0996484
-0.0996414
-0.0996344
-0.0996274
-0.0996204
-0.0996135
-0.0996065
-0.0995996
-0.0995928
-0.099586
-0.0995792
-0.0995724
-0.0995658
-0.0995591
-0.0995526
-0.0995461
-0.0995397
-0.0995333
-0.099527
-0.0995208
-0.0995146
-0.0995085
-0.0995025
-0.0994967
-0.0994909
-0.0994853
-0.0994798
-0.0994744
-0.0994691
-0.0994639
-0.0994589
-0.0994539
-0.0994491
-0.0994444
-0.0994398
-0.0994354
-0.0994312
-0.0994272
-0.0994233
-0.0994195
-0.099416
-0.0994126
-0.0994093
-0.0994063
-0.0994033
-0.0994005
-0.0993978
-0.0993954
-0.0993931
-0.099391
-0.0993891
-0.0993874
-0.099386
-0.0993847
-0.0993836
-0.0993827
-0.099382
-0.0993815
-0.0993812
-0.099381
-0.099381
-0.0993813
-0.0993817
-0.0993824
-0.0993832
-0.0993843
-0.0993856
-0.0993871
-0.0993889
-0.0993908
-0.099393
-0.0993953
-0.0993978
-0.0994005
-0.0994033
-0.0994064
-0.0994097
-0.0994132
-0.0994169
-0.0994208
-0.0994249
-0.0994291
-0.0994336
-0.0994382
-0.099443
-0.0994481
-0.0994533
-0.0994586
-0.0994642
-0.0994699
-0.0994758
-0.0994818
-0.0994881
-0.0994945
-0.0995011
-0.0995078
-0.0995146
-0.0995216
-0.0995287
-0.099536
-0.0995434
-0.0995509
-0.0995586
-0.0995664
-0.0995743
-0.0995824
-0.0995906
-0.0995989
-0.0996073
-0.0996157
-0.0996243
-0.0996329
-0.0996416
-0.0996504
-0.0996592
-0.0996682
-0.0996772
-0.0996862
-0.0996953
-0.0997045
-0.0997138
-0.099723
-0.0997323
-0.0997417
-0.099751
-0.0997604
-0.0997698
-0.0997791
-0.0997885
-0.0997978
-0.0998072
-0.0998165
-0.0998258
-0.0998351
-0.0998443
-0.0998535
-0.0998627
-0.0998718
-0.0998808
-0.0998897
-0.0998986
-0.0999075
-0.0999162
-0.0999249
-0.0999335
-0.099942
-0.0999505
-0.0999588
-0.099967
-0.0999752
-0.0999831
-0.099991
-0.0999987
-0.100006
-0.100014
-0.100021
-0.100028
-0.100035
-0.100042
-0.100048
-0.100055
-0.100061
-0.100067
-0.100073
-0.100079
-0.100084
-0.10009
-0.100095
-0.1001
-0.100105
-0.100109
-0.100113
-0.100118
-0.100121
-0.100125
-0.100129
-0.100132
-0.100135
-0.100137
-0.10014
-0.100142
-0.100144
-0.100146
-0.100147
-0.100149
-0.10015
-0.10015
-0.100151
-0.100151
-0.100151
-0.100151
-0.10015
-0.100149
-0.100148
-0.100147
-0.100145
-0.100143
-0.100141
-0.100139
-0.100136
-0.100133
-0.10013
-0.100127
-0.100123
-0.100119
-0.100115
-0.100111
-0.100106
-0.100101
-0.100096
-0.10009
-0.100085
-0.100079
-0.100073
-0.100066
-0.10006
-0.100053
-0.100046
-0.100039
-0.100031
-0.100024
-0.100016
-0.100008
-0.0999993
-0.0999909
-0.0999822
-0.0999734
-0.0999644
-0.0999553
-0.0999459
-0.0999364
-0.0999267
-0.0999169
-0.0999068
-0.0998966
-0.0998862
-0.0998757
-0.0998652
-0.0998545
-0.0998437
-0.0998328
-0.0998218
-0.0998107
-0.0997996
-0.0997883
-0.0997769
-0.0997655
-0.0997539
-0.0997424
-0.0997307
-0.099719
-0.0997074
-0.0996957
-0.099684
-0.0996722
-0.0996605
-0.0996487
-0.099637
-0.0996252
-0.0996135
-0.0996017
-0.09959
-0.0995783
-0.0995667
-0.0995551
-0.0995435
-0.099532
-0.0995206
-0.0995093
-0.0994981
-0.099487
-0.0994759
-0.099465
-0.0994543
-0.0994436
-0.099433
-0.0994226
-0.0994123
-0.0994022
-0.0993922
-0.0993824
-0.0993728
-0.0993634
-0.0993541
-0.099345
-0.0993361
-0.0993274
-0.0993188
-0.0993105
-0.0993024
-0.0992945
-0.0992868
-0.0992793
-0.099272
-0.0992651
-0.0992583
-0.0992519
-0.0992456
-0.0992397
-0.099234
-0.0992286
-0.0992234
-0.0992186
-0.0992141
-0.0992098
-0.0992059
-0.0992022
-0.0991988
-0.0991959
-0.0991932
-0.0991908
-0.0991886
-0.0991867
-0.0991851
-0.0991837
-0.0991827
-0.099182
-0.0991816
-0.0991815
-0.0991818
-0.0991824
-0.0991833
-0.0991846
-0.0991862
-0.0991881
-0.0991903
-0.0991929
-0.0991957
-0.0991988
-0.0992022
-0.0992059
-0.0992098
-0.0992141
-0.0992186
-0.0992235
-0.0992287
-0.0992343
-0.0992401
-0.0992463
-0.0992527
-0.0992594
-0.0992664
-0.0992735
-0.099281
-0.0992889
-0.099297
-0.0993055
-0.0993142
-0.0993232
-0.0993324
-0.0993419
-0.0993517
-0.0993617
-0.0993719
-0.0993823
-0.0993929
-0.0994038
-0.0994148
-0.0994261
-0.0994376
-0.0994493
-0.0994611
-0.0994732
-0.0994854
-0.0994977
-0.0995103
-0.099523
-0.0995358
-0.0995488
-0.099562
-0.0995752
-0.0995886
-0.099602
-0.0996156
-0.0996292
-0.099643
-0.0996568
-0.0996706
-0.0996846
-0.0996986
-0.0997126
-0.0997267
-0.0997408
-0.099755
-0.0997691
-0.0997832
-0.0997973
-0.0998114
-0.0998255
-0.0998396
-0.0998537
-0.0998677
-0.0998816
-0.0998955
-0.0999094
-0.0999231
-0.0999368
-0.0999505
-0.099964
-0.0999774
-0.0999906
-0.100004
-0.100017
-0.10003
-0.100042
-0.100055
-0.100067
-0.100079
-0.100091
-0.100103
-0.100115
-0.100126
-0.100138
-0.100149
-0.100159
-0.10017
-0.10018
-0.10019
-0.1002
-0.10021
-0.100219
-0.100228
-0.100237
-0.100245
-0.100253
-0.100261
-0.100269
-0.100276
-0.100283
-0.10029
-0.100296
-0.100302
-0.100307
-0.100313
-0.100318
-0.100322
-0.100327
-0.100331
-0.100334
-0.100337
-0.10034
-0.100343
-0.100345
-0.100347
-0.100348
-0.100349
-0.10035
-0.10035
-0.10035
-0.10035
-0.100349
-0.100348
-0.100346
-0.100344
-0.100342
-0.100339
-0.100336
-0.100333
-0.100329
-0.100325
-0.10032
-0.100316
-0.10031
-0.100305
-0.100299
-0.100292
-0.100286
-0.100279
-0.100271
-0.100264
-0.100256
-0.100247
-0.100239
-0.100229
-0.10022
-0.10021
-0.1002
-0.10019
-0.100179
-0.100168
-0.100157
-0.100145
-0.100134
-0.100122
-0.100109
-0.100097
-0.100084
-0.100071
-0.100058
-0.100044
-0.100031
-0.100017
-0.100002
-0.0999881
-0.0999735
-0.0999587
-0.0999438
-0.0999286
-0.0999133
-0.0998979
-0.0998823
-0.0998666
-0.0998508
-0.0998348
-0.0998188
-0.0998026
-0.0997862
-0.0997698
-0.0997534
-0.099737
-0.0997204
-0.0997039
-0.0996873
-0.0996707
-0.099654
-0.0996374
-0.0996207
-0.0996041
-0.0995876
-0.0995711
-0.0995546
-0.0995383
-0.0995219
-0.0995057
-0.0994895
-0.0994734
-0.0994574
-0.0994416
-0.0994258
-0.0994102
-0.0993948
-0.0993795
-0.0993644
-0.0993495
-0.0993347
-0.0993201
-0.0993057
-0.0992915
-0.0992775
-0.0992637
-0.0992501
-0.0992368
-0.0992238
-0.0992111
-0.0991987
-0.0991865
-0.0991747
-0.0991631
-0.0991519
-0.0991409
-0.0991303
-0.0991199
-0.0991098
-0.0991001
-0.0990906
-0.0990816
-0.099073
-0.0990648
-0.0990569
-0.0990494
-0.0990423
-0.0990356
-0.0990292
-0.0990231
-0.0990175
-0.0990122
-0.0990074
-0.0990029
-0.0989988
-0.0989952
-0.098992
-0.0989892
-0.0989869
-0.0989852
-0.0989838
-0.0989828
-0.0989822
-0.098982
-0.0989823
-0.098983
-0.098984
-0.0989855
-0.0989874
-0.0989896
-0.0989923
-0.0989954
-0.098999
-0.0990031
-0.0990076
-0.0990126
-0.099018
-0.0990238
-0.0990301
-0.0990368
-0.0990438
-0.0990513
-0.0990592
-0.0990674
-0.099076
-0.0990849
-0.0990943
-0.0991041
-0.0991142
-0.0991248
-0.0991357
-0.099147
-0.0991586
-0.0991707
-0.0991831
-0.0991957
-0.0992087
-0.099222
-0.0992356
-0.0992495
-0.0992637
-0.0992782
-0.0992931
-0.0993082
-0.0993235
-0.0993392
-0.0993551
-0.0993713
-0.0993877
-0.0994042
-0.099421
-0.099438
-0.0994552
-0.0994726
-0.0994902
-0.0995079
-0.0995258
-0.0995438
-0.099562
-0.0995802
-0.0995986
-0.0996171
-0.0996357
-0.0996545
-0.0996733
-0.0996922
-0.0997111
-0.0997301
-0.0997491
-0.0997681
-0.0997871
-0.0998061
-0.099825
-0.0998439
-0.0998628
-0.0998816
-0.0999004
-0.0999191
-0.0999377
-0.0999562
-0.0999746
-0.0999929
-0.100011
-0.100029
-0.100047
-0.100065
-0.100082
-0.1001
-0.100117
-0.100134
-0.100151
-0.100167
-0.100183
-0.1002
-0.100215
-0.100231
-0.100246
-0.100261
-0.100276
-0.10029
-0.100305
-0.100318
-0.100332
-0.100345
-0.100358
-0.10037
-0.100382
-0.100394
-0.100405
-0.100416
-0.100427
-0.100437
-0.100447
-0.100456
-0.100465
-0.100474
-0.100482
-0.100489
-0.100497
-0.100503
-0.10051
-0.100516
-0.100521
-0.100526
-0.100531
-0.100535
-0.100538
-0.100541
-0.100544
-0.100546
-0.100548
-0.100549
-0.10055
-0.10055
-0.100549
-0.100549
-0.100547
-0.100545
-0.100543
-0.10054
-0.100537
-0.100533
-0.100529
-0.100524
-0.100519
-0.100513
-0.100507
-0.100501
-0.100494
-0.100486
-0.100478
-0.10047
-0.100461
-0.100451
-0.100442
-0.100431
-0.100421
-0.100409
-0.100398
-0.100386
-0.100374
-0.100361
-0.100348
-0.100334
-0.10032
-0.100306
-0.100291
-0.100276
-0.100261
-0.100245
-0.100229
-0.100212
-0.100195
-0.100178
-0.100161
-0.100143
-0.100125
-0.100107
-0.100088
-0.100069
-0.10005
-0.100031
-0.100012
-0.099992
-0.0999721
-0.0999521
-0.0999319
-0.0999115
-0.099891
-0.0998703
-0.0998495
-0.0998285
-0.0998075
-0.0997864
-0.0997652
-0.099744
-0.0997228
-0.0997014
-0.0996801
-0.0996587
-0.0996373
-0.0996159
-0.0995946
-0.0995732
-0.0995518
-0.0995305
-0.0995092
-0.0994881
-0.0994671
-0.0994462
-0.0994253
-0.0994045
-0.099384
-0.0993635
-0.0993432
-0.0993232
-0.0993033
-0.0992837
-0.0992642
-0.099245
-0.099226
-0.0992073
-0.0991888
-0.0991707
