9.0872e-07
1.81522e-06
2.71727e-06
3.61266e-06
4.49919e-06
5.37466e-06
6.23689e-06
7.08372e-06
7.91302e-06
8.72266e-06
9.51057e-06
1.02747e-05
1.10129e-05
1.17234e-05
1.24041e-05
1.30531e-05
1.36685e-05
1.42486e-05
1.47915e-05
1.52955e-05
1.5759e-05
1.61803e-05
1.6558e-05
1.68904e-05
1.71761e-05
1.74139e-05
1.76023e-05
1.77402e-05
1.78264e-05
1.78598e-05
1.78394e-05
1.77643e-05
1.76336e-05
1.74464e-05
1.72022e-05
1.69003e-05
1.65401e-05
1.61212e-05
1.56433e-05
1.5106e-05
1.45092e-05
1.38527e-05
1.31365e-05
1.23607e-05
1.15254e-05
1.06309e-05
9.67759e-06
8.66577e-06
7.59599e-06
6.46886e-06
5.28506e-06
4.04537e-06
2.75064e-06
1.40184e-06
1.33974e-12
-1.45376e-06
-2.95824e-06
-4.51214e-06
-6.11408e-06
-7.76263e-06
-9.45623e-06
-1.11933e-05
-1.29721e-05
-1.47909e-05
-1.66478e-05
-1.8541e-05
-2.04685e-05
-2.24281e-05
-2.44179e-05
-2.64355e-05
-2.84788e-05
-3.05455e-05
-3.26332e-05
-3.47395e-05
-3.68619e-05
-3.89979e-05
-4.1145e-05
-4.33005e-05
-4.54618e-05
-4.76262e-05
-4.97911e-05
-5.19535e-05
-5.41109e-05
-5.62602e-05
-5.83988e-05
-6.05238e-05
-6.26323e-05
-6.47214e-05
-6.67882e-05
-6.88298e-05
-7.08434e-05
-7.2826e-05
-7.47748e-05
-7.66868e-05
-7.85591e-05
-8.0389e-05
-8.21735e-05
-8.39098e-05
-8.55951e-05
-8.72266e-05
-8.88017e-05
-9.03175e-05
-9.17714e-05
-9.31607e-05
-9.4483e-05
-9.57355e-05
-9.69159e-05
-9.80217e-05
-9.90505e-05
-0.0001
-0.000100868
-0.000101652
-0.00010235
-0.000102961
-0.000103481
-0.00010391
-0.000104245
-0.000104485
-0.000104628
-0.000104672
-0.000104616
-0.000104459
-0.000104199
-0.000103836
-0.000103367
-0.000102793
-0.000102112
-0.000101323
-0.000100426
-9.94209e-05
-9.83062e-05
-9.7082e-05
-9.57482e-05
-9.43045e-05
-9.27511e-05
-9.1088e-05
-8.93155e-05
-8.7434e-05
-8.54439e-05
-8.33459e-05
-8.11407e-05
-7.88291e-05
-7.64121e-05
-7.38908e-05
-7.12663e-05
-6.854e-05
-6.57134e-05
-6.2788e-05
-5.97654e-05
-5.66475e-05
-5.34362e-05
-5.01334e-05
-4.67414e-05
-4.32624e-05
-3.96987e-05
-3.60528e-05
-3.23273e-05
-2.85248e-05
-2.46482e-05
-2.07004e-05
-1.66842e-05
-1.26029e-05
-8.45954e-06
-4.25746e-06
-1.20577e-11
4.30936e-06
8.66711e-06
1.30696e-05
1.75132e-05
2.19941e-05
2.65084e-05
3.10523e-05
3.56218e-05
4.02127e-05
4.48211e-05
4.94427e-05
5.40734e-05
5.87089e-05
6.33448e-05
6.7977e-05
7.26009e-05
7.72122e-05
8.18065e-05
8.63792e-05
9.09259e-05
9.54422e-05
9.99235e-05
0.000104365
0.000108763
0.000113112
0.000117409
0.000121647
0.000125824
0.000129934
0.000133974
0.000137938
0.000141822
0.000145623
0.000149335
0.000152955
0.000156478
0.000159901
0.000163218
0.000166427
0.000169522
0.000172501
0.00017536
0.000178094
0.000180701
0.000183176
0.000185516
0.000187719
0.00018978
0.000191696
0.000193465
0.000195084
0.000196549
0.000197859
0.00019901
0.0002
0.000200827
0.000201489
0.000201984
0.000202309
0.000202463
0.000202445
0.000202253
0.000201886
0.000201342
0.000200621
0.000199722
0.000198644
0.000197386
0.000195948
0.00019433
0.000192533
0.000190555
0.000188398
0.000186061
0.000183546
0.000180853
0.000177984
0.000174938
0.000171719
0.000168326
0.000164762
0.000161029
0.000157128
0.000153061
0.000148832
0.000144442
0.000139894
0.000135191
0.000130335
0.00012533
0.00012018
0.000114887
0.000109455
0.000103888
9.8189e-05
9.23632e-05
8.64142e-05
8.03464e-05
7.41641e-05
6.7872e-05
6.14746e-05
5.4977e-05
4.83839e-05
4.17005e-05
3.49319e-05
2.80834e-05
2.11604e-05
1.41684e-05
7.11309e-06
3.34936e-11
-7.16494e-06
-1.4376e-05
-2.16271e-05
-2.89123e-05
-3.62256e-05
-4.35606e-05
-5.09113e-05
-5.82714e-05
-6.56345e-05
-7.29943e-05
-8.03444e-05
-8.76783e-05
-9.49896e-05
-0.000102272
-0.000109518
-0.000116723
-0.000123879
-0.00013098
-0.000138019
-0.00014499
-0.000151887
-0.000158702
-0.00016543
-0.000172064
-0.000178598
-0.000185026
-0.000191341
-0.000197537
-0.000203608
-0.000209549
-0.000215352
-0.000221013
-0.000226525
-0.000231883
-0.000237081
-0.000242113
-0.000246975
-0.000251661
-0.000256166
-0.000260486
-0.000264614
-0.000268546
-0.000272279
-0.000275806
-0.000279125
-0.000282231
-0.00028512
-0.000287788
-0.000290231
-0.000292447
-0.000294432
-0.000296182
-0.000297696
-0.000298969
-0.0003
-0.000300786
-0.000301326
-0.000301617
-0.000301657
-0.000301446
-0.000300981
-0.000300262
-0.000299287
-0.000298057
-0.000296571
-0.000294828
-0.000292828
-0.000290572
-0.000288061
-0.000285294
-0.000282273
-0.000278998
-0.000275472
-0.000271696
-0.000267672
-0.000263401
-0.000258885
-0.000254129
-0.000249133
-0.000243901
-0.000238436
-0.000232742
-0.000226822
-0.000220679
-0.000214318
-0.000207743
-0.000200959
-0.000193969
-0.000186779
-0.000179395
-0.00017182
-0.00016406
-0.000156121
-0.00014801
-0.000139731
-0.00013129
-0.000122695
-0.000113951
-0.000105066
-9.60452e-05
-8.68965e-05
-7.76267e-05
-6.8243e-05
-5.87527e-05
-4.91634e-05
-3.94825e-05
-2.97179e-05
-1.98774e-05
-9.96872e-06
-6.56475e-11
1.00205e-05
2.00848e-05
3.01846e-05
4.03114e-05
5.0457e-05
6.06128e-05
7.07704e-05
8.09211e-05
9.10563e-05
0.000101168
0.000111246
0.000121283
0.00013127
0.000141199
0.00015106
0.000160845
0.000170546
0.000180153
0.000189659
0.000199054
0.000208331
0.00021748
0.000226495
0.000235365
0.000244084
0.000252643
0.000261035
0.00026925
0.000277283
0.000285124
0.000292766
0.000300203
0.000307426
0.00031443
0.000321206
0.000327748
0.00033405
0.000340105
0.000345906
0.000351449
0.000356726
0.000361733
0.000366463
0.000370912
0.000375075
0.000378946
0.000382521
0.000385796
0.000388767
0.000391429
0.00039378
0.000395815
0.000397532
0.000398928
0.0004
0.000400746
0.000401163
0.00040125
0.000401005
0.000400428
0.000399516
0.00039827
0.000396689
0.000394772
0.00039252
0.000389933
0.000387012
0.000383759
0.000380173
0.000376257
0.000372012
0.000367442
0.000362547
0.000357331
0.000351797
0.000345948
0.000339787
0.000333319
0.000326547
0.000319476
0.00031211
0.000304455
0.000296515
0.000288296
0.000279804
0.000271044
0.000262024
0.000252748
0.000243224
0.000233459
0.000223459
0.000213233
0.000202788
0.000192132
0.000181272
0.000170217
0.000158976
0.000147556
0.000135968
0.000124219
0.000112318
0.000100276
8.81021e-05
7.5805e-05
6.33949e-05
5.08817e-05
3.82755e-05
2.55863e-05
1.28244e-05
1.08519e-10
-1.28761e-05
-2.57937e-05
-3.8742e-05
-5.17105e-05
-6.46885e-05
-7.7665e-05
-9.06294e-05
-0.000103571
-0.000116478
-0.000129341
-0.000142148
-0.000154888
-0.000167551
-0.000180126
-0.000192601
-0.000204967
-0.000217212
-0.000229326
-0.000241298
-0.000253118
-0.000264775
-0.000276259
-0.00028756
-0.000298667
-0.00030957
-0.000320261
-0.000330728
-0.000340963
-0.000350957
-0.000360699
-0.00037018
-0.000379393
-0.000388328
-0.000396977
-0.000405331
-0.000413383
-0.000421124
-0.000428548
-0.000435646
-0.000442412
-0.000448838
-0.000454919
-0.000460647
-0.000466018
-0.000471024
-0.00047566
-0.000479922
-0.000483804
-0.000487302
-0.000490412
-0.000493128
-0.000495449
-0.000497369
-0.000498887
-0.0005
-0.000500705
-0.000501
-0.000500883
-0.000500354
-0.00049941
-0.000498052
-0.000496278
-0.00049409
-0.000491486
-0.000488469
-0.000485039
-0.000481197
-0.000476945
-0.000472285
-0.00046722
-0.000461752
-0.000455885
-0.000449622
-0.000442966
-0.000435922
-0.000428495
-0.000420689
-0.000412509
-0.000403961
-0.000395051
-0.000385785
-0.000376168
-0.000366209
-0.000355914
-0.00034529
-0.000334346
-0.000323088
-0.000311526
-0.000299668
-0.000287523
-0.000275099
-0.000262407
-0.000249455
-0.000236254
-0.000222814
-0.000209144
-0.000195257
-0.000181161
-0.000166869
-0.000152392
-0.00013774
-0.000122926
-0.000107961
-9.28572e-05
-7.76264e-05
-6.22809e-05
-4.6833e-05
-3.12952e-05
-1.568e-05
-1.62109e-10
1.57316e-05
3.15025e-05
4.72995e-05
6.31096e-05
7.89199e-05
9.47172e-05
0.000110488
0.00012622
0.0001419
0.000157514
0.000173049
0.000188493
0.000203832
0.000219053
0.000234143
0.000249089
0.000263879
0.000278499
0.000292938
0.000307182
0.000321219
0.000335037
0.000348624
0.000361968
0.000375056
0.000387878
0.000400422
0.000412677
0.000424631
0.000436274
0.000447594
0.000458583
0.00046923
0.000479524
0.000489457
0.000499018
0.000508199
0.000516991
0.000525386
0.000533375
0.000540951
0.000548105
0.000554832
0.000561123
0.000566973
0.000572375
0.000577323
0.000581813
0.000585838
0.000589394
0.000592476
0.000595082
0.000597206
0.000598847
0.0006
0.000600664
0.000600837
0.000600516
0.000599702
0.000598392
0.000596587
0.000594286
0.000591491
0.000588201
0.000584419
0.000580145
0.000575381
0.000570131
0.000564398
0.000558183
0.000551492
0.000544328
0.000536696
0.000528601
0.000520048
0.000511042
0.000501591
0.000491699
0.000481375
0.000470626
0.000459459
0.000447882
0.000435903
0.000423532
0.000410776
0.000397647
0.000384153
0.000370305
0.000356113
0.000341587
0.000326739
0.00031158
0.000296122
0.000280376
0.000264355
0.000248071
0.000231537
0.000214766
0.000197771
0.000180565
0.000163162
0.000145576
0.00012782
0.00010991
9.1858e-05
7.36801e-05
5.53906e-05
3.70042e-05
1.85357e-05
2.26417e-10
-1.85872e-05
-3.72113e-05
-5.58569e-05
-7.45087e-05
-9.31513e-05
-0.000111769
-0.000130347
-0.00014887
-0.000167322
-0.000185687
-0.000203951
-0.000222098
-0.000240113
-0.00025798
-0.000275684
-0.000293211
-0.000310546
-0.000327673
-0.000344578
-0.000361246
-0.000377664
-0.000393816
-0.000409689
-0.000425269
-0.000440542
-0.000455496
-0.000470116
-0.00048439
-0.000498305
-0.000511848
-0.000525009
-0.000537773
-0.000550131
-0.000562071
-0.000573582
-0.000584653
-0.000595274
-0.000605434
-0.000615126
-0.000624338
-0.000633063
-0.000641292
-0.000649016
-0.000656229
-0.000662922
-0.00066909
-0.000674725
-0.000679821
-0.000684373
-0.000688376
-0.000691825
-0.000694715
-0.000697043
-0.000698806
-0.0007
-0.000700623
-0.000700674
-0.00070015
-0.00069905
-0.000697374
-0.000695122
-0.000692295
-0.000688892
-0.000684916
-0.000680368
-0.00067525
-0.000669566
-0.000663318
-0.00065651
-0.000649147
-0.000641232
-0.000632772
-0.000623771
-0.000614236
-0.000604173
-0.000593589
-0.000582492
-0.00057089
-0.00055879
-0.000546201
-0.000533133
-0.000519595
-0.000505597
-0.000491149
-0.000476263
-0.000460948
-0.000445218
-0.000429083
-0.000412557
-0.000395651
-0.000378379
-0.000360753
-0.000342789
-0.000324498
-0.000305897
-0.000286999
-0.000267818
-0.000248371
-0.000228673
-0.000208738
-0.000188584
-0.000168226
-0.000147679
-0.000126962
-0.00010609
-8.50793e-05
-6.39482e-05
-4.27131e-05
-2.13914e-05
-3.01443e-10
2.14427e-05
4.29201e-05
6.44143e-05
8.59078e-05
0.000107383
0.000128821
0.000150206
0.00017152
0.000192743
0.00021386
0.000234853
0.000255703
0.000276393
0.000296907
0.000317226
0.000337333
0.000357212
0.000376846
0.000396217
0.00041531
0.000434108
0.000452594
0.000470754
0.00048857
0.000506029
0.000523113
0.00053981
0.000556103
0.000571979
0.000587423
0.000602423
0.000616964
0.000631033
0.000644618
0.000657707
0.000670288
0.000682348
0.000693878
0.000704866
0.000715301
0.000725175
0.000734478
0.000743201
0.000751335
0.000758872
0.000765804
0.000772126
0.000777829
0.000782908
0.000787358
0.000791173
0.000794348
0.00079688
0.000798765
0.0008
0.000800582
0.000800511
0.000799783
0.000798398
0.000796356
0.000793658
0.000790303
0.000786293
0.000781631
0.000776317
0.000770356
0.00076375
0.000756504
0.000748622
0.00074011
0.000730972
0.000721215
0.000710846
0.000699871
0.000688299
0.000676137
0.000663394
0.00065008
0.000636204
0.000621776
0.000606807
0.000591308
0.000575291
0.000558767
0.000541749
0.00052425
0.000506283
0.000487862
0.000469001
0.000449715
0.000430019
0.000409927
0.000389455
0.000368621
0.000347438
0.000325926
0.000304099
0.000281976
0.000259575
0.000236912
0.000214006
0.000190875
0.000167539
0.000144014
0.000120321
9.64786e-05
7.25058e-05
4.84221e-05
2.42471e-05
3.87186e-10
-2.42982e-05
-4.86289e-05
-7.29718e-05
-9.73068e-05
-0.000121614
-0.000145874
-0.000170065
-0.000194169
-0.000218165
-0.000242033
-0.000265754
-0.000289308
-0.000312674
-0.000335834
-0.000358767
-0.000381455
-0.000403879
-0.000426019
-0.000447857
-0.000469374
-0.000490552
-0.000511373
-0.000531818
-0.000551871
-0.000571515
-0.000590731
-0.000609503
-0.000627816
-0.000645653
-0.000662998
-0.000679837
-0.000696154
-0.000711935
-0.000727165
-0.000741832
-0.000755922
-0.000769423
-0.000782321
-0.000794605
-0.000806265
-0.000817288
-0.000827665
-0.000837385
-0.00084644
-0.000854821
-0.000862519
-0.000869527
-0.000875837
-0.000881444
-0.00088634
-0.000890521
-0.000893981
-0.000896717
-0.000898724
-0.0009
-0.000900542
-0.000900347
-0.000899416
-0.000897746
-0.000895339
-0.000892193
-0.000888311
-0.000883695
-0.000878345
-0.000872266
-0.000865462
-0.000857935
-0.000849691
-0.000840735
-0.000831073
-0.000820712
-0.000809658
-0.00079792
-0.000785506
-0.000772424
-0.000758684
-0.000744296
-0.00072927
-0.000713618
-0.000697351
-0.000680481
-0.000663021
-0.000644984
-0.000626384
-0.000607235
-0.000587551
-0.000567348
-0.000546641
-0.000525446
-0.000503779
-0.000481658
-0.0004591
-0.000436122
-0.000412743
-0.00038898
-0.000364853
-0.00034038
-0.000315581
-0.000290476
-0.000265085
-0.000239428
-0.000213525
-0.000187398
-0.000161066
-0.000134553
-0.000107878
-8.10634e-05
-5.41311e-05
-2.71028e-05
-4.83648e-10
2.71537e-05
5.43377e-05
8.15292e-05
0.000108706
0.000135845
0.000162926
0.000189924
0.000216819
0.000243587
0.000270207
0.000296656
0.000322912
0.000348955
0.00037476
0.000400309
0.000425577
0.000450546
0.000475192
0.000499497
0.000523438
0.000546996
0.000570151
0.000592883
0.000615173
0.000637001
0.000658348
0.000679197
0.000699529
0.000719327
0.000738573
0.000757251
0.000775344
0.000792836
0.000809713
0.000825958
0.000841557
0.000856497
0.000870764
0.000884345
0.000897228
0.0009094
0.000920851
0.00093157
0.000941546
0.00095077
0.000959234
0.000966928
0.000973846
0.000979979
0.000985322
0.000989869
0.000993614
0.000996554
0.000998683
0.001
0.0010005
0.00100018
0.000999049
0.000997094
0.000994321
0.000990729
0.00098632
0.000981096
0.00097506
0.000968216
0.000960567
0.000952119
0.000942877
0.000932847
0.000922036
0.000910452
0.000898102
0.000884995
0.000871141
0.000856549
0.000841231
0.000825198
0.000808461
0.000791032
0.000772926
0.000754155
0.000734735
0.000714678
0.000694002
0.000672721
0.000650852
0.000628413
0.000605419
0.00058189
0.000557844
0.000533298
0.000508274
0.000482789
0.000456865
0.000430522
0.00040378
0.000376661
0.000349186
0.000321378
0.000293259
0.00026485
0.000236175
0.000207257
0.000178119
0.000148784
0.000119277
8.9621e-05
5.984e-05
2.99585e-05
5.90828e-10
-3.00092e-05
-6.00465e-05
-9.00866e-05
-0.000120105
-0.000150077
-0.000179978
-0.000209783
-0.000239468
-0.000269009
-0.00029838
-0.000327557
-0.000356517
-0.000385235
-0.000413687
-0.00044185
-0.000469699
-0.000497212
-0.000524366
-0.000551136
-0.000577502
-0.000603441
-0.00062893
-0.000653948
-0.000678474
-0.000702487
-0.000725966
-0.000748891
-0.000771242
-0.000793001
-0.000814148
-0.000834665
-0.000854534
-0.000873738
-0.00089226
-0.000910083
-0.000927192
-0.000943572
-0.000959207
-0.000974085
-0.000988191
-0.00100151
-0.00101404
-0.00102575
-0.00103665
-0.00104672
-0.00105595
-0.00106433
-0.00107185
-0.00107851
-0.0010843
-0.00108922
-0.00109325
-0.00109639
-0.00109864
-0.0011
-0.00110046
-0.00110002
-0.00109868
-0.00109644
-0.0010933
-0.00108926
-0.00108433
-0.0010785
-0.00107177
-0.00106417
-0.00105567
-0.0010463
-0.00103606
-0.00102496
-0.001013
-0.00100019
-0.000986545
-0.00097207
-0.000956776
-0.000940675
-0.000923778
-0.000906099
-0.000887651
-0.000868447
-0.000848501
-0.00082783
-0.000806448
-0.000784372
-0.000761619
-0.000738207
-0.000714154
-0.000689478
-0.000664198
-0.000638335
-0.000611908
-0.000584938
-0.000557447
-0.000529456
-0.000500987
-0.000472063
-0.000442707
-0.000412942
-0.000382791
-0.00035228
-0.000321432
-0.000290272
-0.000258825
-0.000227116
-0.000195171
-0.000163016
-0.000130676
-9.81786e-05
-6.5549e-05
-3.28142e-05
-7.08726e-10
3.28647e-05
6.57552e-05
9.86439e-05
0.000131504
0.000164308
0.00019703
0.000229642
0.000262118
0.00029443
0.000326553
0.000358459
0.000390122
0.000421516
0.000452614
0.000483391
0.000513821
0.000543879
0.000573539
0.000602776
0.000631566
0.000659885
0.000687708
0.000715013
0.000741775
0.000767972
0.000793583
0.000818584
0.000842955
0.000866675
0.000889723
0.000912079
0.000933724
0.00095464
0.000974807
0.000994208
0.00101283
0.00103065
0.00104765
0.00106382
0.00107915
0.00109362
0.00110722
0.00111994
0.00113176
0.00114267
0.00115266
0.00116173
0.00116986
0.00117705
0.00118329
0.00118857
0.00119288
0.00119623
0.0011986
0.0012
0.00120042
0.00119986
0.00119832
0.00119579
0.00119229
0.0011878
0.00118234
0.0011759
0.00116849
0.00116011
0.00115078
0.00114049
0.00112925
0.00111707
0.00110396
0.00108993
0.00107499
0.00105914
0.00104241
0.0010248
0.00100633
0.000987001
0.000966841
0.000945861
0.000924076
0.000901504
0.000878161
0.000854066
0.000829237
0.000803693
0.000777455
0.000750542
0.000722977
0.000694779
0.000665972
0.000636578
0.00060662
0.000576123
0.000545109
0.000513605
0.000481634
0.000449223
0.000416397
0.000383182
0.000349605
0.000315694
0.000281475
0.000246975
0.000212223
0.000177247
0.000142076
0.000106736
7.1258e-05
3.56699e-05
8.37342e-10
-3.57202e-05
-7.1464e-05
-0.000107201
-0.000142903
-0.00017854
-0.000214082
-0.000249501
-0.000284767
-0.000319852
-0.000354726
-0.000389361
-0.000423727
-0.000457797
-0.000491541
-0.000524933
-0.000557943
-0.000590546
-0.000622712
-0.000654416
-0.00068563
-0.000716329
-0.000746487
-0.000776077
-0.000805076
-0.000833458
-0.0008612
-0.000888278
-0.000914668
-0.000940349
-0.000965298
-0.000989493
-0.00101291
-0.00103554
-0.00105735
-0.00107833
-0.00109846
-0.00111772
-0.00113609
-0.00115356
-0.00117012
-0.00118574
-0.00120041
-0.00121412
-0.00122686
-0.00123862
-0.00124938
-0.00125913
-0.00126787
-0.00127559
-0.00128227
-0.00128791
-0.00129251
-0.00129606
-0.00129856
-0.0013
-0.00130038
-0.0012997
-0.00129795
-0.00129514
-0.00129127
-0.00128633
-0.00128034
-0.0012733
-0.0012652
-0.00125606
-0.00124588
-0.00123467
-0.00122244
-0.00120918
-0.00119493
-0.00117967
-0.00116343
-0.00114622
-0.00112805
-0.00110893
-0.00108887
-0.0010679
-0.00104603
-0.00102328
-0.000999651
-0.000975178
-0.000949874
-0.00092376
-0.000896854
-0.00086918
-0.000840756
-0.000811607
-0.000781755
-0.000751223
-0.000720036
-0.000688218
-0.000655794
-0.00062279
-0.000589232
-0.000555146
-0.000520561
-0.000485504
-0.000450002
-0.000414084
-0.000377779
-0.000341116
-0.000304124
-0.000266834
-0.000229276
-0.000191479
-0.000153475
-0.000115294
-7.69671e-05
-3.85257e-05
-9.76676e-10
3.85757e-05
7.71727e-05
0.000115759
0.000154302
0.000192771
0.000231134
0.00026936
0.000307417
0.000345274
0.000382899
0.000420262
0.000457332
0.000494077
0.000530468
0.000566474
0.000602065
0.000637212
0.000671885
0.000706055
0.000739694
0.000772773
0.000805265
0.000837142
0.000868377
0.000898944
0.000928818
0.000957972
0.000986381
0.00101402
0.00104087
0.00106691
0.0010921
0.00111644
0.0011399
0.00116246
0.0011841
0.0012048
0.00122454
0.0012433
0.00126108
0.00127785
0.0012936
0.00130831
0.00132197
0.00133457
0.00134609
0.00135653
0.00136588
0.00137412
0.00138125
0.00138726
0.00139215
0.0013959
0.00139852
0.0014
0.00140034
0.00139953
0.00139758
0.00139449
0.00139025
0.00138487
0.00137835
0.0013707
0.00136192
0.00135201
0.00134099
0.00132886
0.00131562
0.0013013
0.00128589
0.00126941
0.00125188
0.00123329
0.00121368
0.00119305
0.00117142
0.0011488
0.00112522
0.00110069
0.00107523
0.00104885
0.00102159
0.000993454
0.000964472
0.000934666
0.000904058
0.000872672
0.000840534
0.000807668
0.0007741
0.000739858
0.000704967
0.000669456
0.000633354
0.000596688
0.000559488
0.000521784
0.000483607
0.000444986
0.000405952
0.000366538
0.000326774
0.000286694
0.000246328
0.000205711
0.000164874
0.000123851
8.26761e-05
4.13814e-05
1.12673e-09
-4.14311e-05
-8.28814e-05
-0.000124316
-0.000165701
-0.000207002
-0.000248186
-0.000289219
-0.000330066
-0.000370695
-0.000411072
-0.000451164
-0.000490937
-0.000530358
-0.000569395
-0.000608015
-0.000646187
-0.000683879
-0.000721058
-0.000757695
-0.000793758
-0.000829217
-0.000864043
-0.000898207
-0.000931678
-0.00096443
-0.000996435
-0.00102767
-0.00105809
-0.0010877
-0.00111645
-0.00114432
-0.00117129
-0.00119734
-0.00122245
-0.00124658
-0.00126973
-0.00129187
-0.00131298
-0.00133304
-0.00135204
-0.00136996
-0.00138678
-0.00140249
-0.00141707
-0.00143052
-0.00144281
-0.00145393
-0.00146389
-0.00147266
-0.00148023
-0.00148661
-0.00149178
-0.00149574
-0.00149848
-0.0015
-0.0015003
-0.00149937
-0.00149721
-0.00149384
-0.00148923
-0.00148341
-0.00147636
-0.0014681
-0.00145863
-0.00144796
-0.0014361
-0.00142304
-0.00140881
-0.00139341
-0.00137685
-0.00135915
-0.00134032
-0.00132037
-0.00129932
-0.00127718
-0.00125397
-0.00122971
-0.00120441
-0.0011781
-0.0011508
-0.00112253
-0.0010933
-0.00106315
-0.00103209
-0.00100015
-0.000967359
-0.000933737
-0.000899312
-0.000864112
-0.000828164
-0.000791498
-0.000754141
-0.000716123
-0.000677476
-0.00063823
-0.000598415
-0.000558065
-0.000517212
-0.000475887
-0.000434125
-0.00039196
-0.000349424
-0.000306553
-0.000263381
-0.000219942
-0.000176273
-0.000132409
-8.83851e-05
-4.42372e-05
-1.2875e-09
4.42866e-05
8.85902e-05
0.000132873
0.0001771
0.000221234
0.000265238
0.000309078
0.000352716
0.000396117
0.000439245
0.000482065
0.000524541
0.000566638
0.000608322
0.000649557
0.000690309
0.000730545
0.000770231
0.000809335
0.000847822
0.000885662
0.000922822
0.000959271
0.000994979
0.00102992
0.00106405
0.00109736
0.00112981
0.00116137
0.00119202
0.00122174
0.00125048
0.00127825
0.001305
0.00133071
0.00135537
0.00137894
0.00140142
0.00142278
0.00144301
0.00146207
0.00147997
0.00149668
0.00151218
0.00152647
0.00153952
0.00155134
0.00156189
0.00157119
0.00157921
0.00158596
0.00159141
0.00159558
0.00159844
0.0016
0.00160026
0.00159921
0.00159685
0.00159318
0.00158821
0.00158194
0.00157437
0.0015655
0.00155535
0.00154391
0.0015312
0.00151723
0.001502
0.00148552
0.00146782
0.00144889
0.00142876
0.00140744
0.00138495
0.0013613
0.00133651
0.00131061
0.0012836
0.00125552
0.00122638
0.0011962
0.00116501
0.00113284
0.00109971
0.00106564
0.00103066
0.000994802
0.000958091
0.000920557
0.000882229
0.000843137
0.000803314
0.00076279
0.000721598
0.000679771
0.000637343
0.000594346
0.000550817
0.000506789
0.000462299
0.000417382
0.000372074
0.000326412
0.000280433
0.000234174
0.000187673
0.000140967
9.40942e-05
4.7093e-05
1.45899e-09
-4.7142e-05
-9.42989e-05
-0.000141431
-0.000188499
-0.000235465
-0.00028229
-0.000328937
-0.000375365
-0.000421539
-0.000467419
-0.000512967
-0.000558146
-0.000602919
-0.000647249
-0.000691098
-0.000734431
-0.000777212
-0.000819405
-0.000860974
-0.000901886
-0.000942106
-0.0009816
-0.00102034
-0.00105828
-0.0010954
-0.00113167
-0.00116705
-0.00120152
-0.00123505
-0.0012676
-0.00129915
-0.00132967
-0.00135915
-0.00138754
-0.00141483
-0.001441
-0.00146602
-0.00148987
-0.00151252
-0.00153397
-0.00155419
-0.00157316
-0.00159086
-0.00160729
-0.00162241
-0.00163624
-0.00164874
-0.0016599
-0.00166973
-0.0016782
-0.00168531
-0.00169105
-0.00169541
-0.0016984
-0.0017
-0.00170022
-0.00169904
-0.00169648
-0.00169253
-0.0016872
-0.00168048
-0.00167238
-0.0016629
-0.00165206
-0.00163986
-0.00162631
-0.00161141
-0.00159518
-0.00157763
-0.00155878
-0.00153863
-0.00151721
-0.00149452
-0.00147059
-0.00144543
-0.00141906
-0.00139151
-0.00136279
-0.00133293
-0.00130195
-0.00126987
-0.00123673
-0.00120254
-0.00116732
-0.00113112
-0.00109396
-0.00105587
-0.00101687
-0.000977001
-0.000936293
-0.000894777
-0.000852487
-0.000809457
-0.000765721
-0.000721313
-0.00067627
-0.000630627
-0.000584422
-0.000537691
-0.000490472
-0.000442804
-0.000394724
-0.000346271
-0.000297485
-0.000248406
-0.000199072
-0.000149525
-9.98033e-05
-4.99488e-05
-1.64119e-09
4.99974e-05
0.000100008
0.000149988
0.000199898
0.000249696
0.000299342
0.000348795
0.000398015
0.00044696
0.000495592
0.000543868
0.000591751
0.0006392
0.000686175
0.00073264
0.000778553
0.000823878
0.000868578
0.000912614
0.00095595
0.00099855
0.00104038
0.0010814
0.00112158
0.00116089
0.00119929
0.00123675
0.00127323
0.00130872
0.00134317
0.00137656
0.00140887
0.00144005
0.00147009
0.00149896
0.00152664
0.00155309
0.00157831
0.00160226
0.00162493
0.0016463
0.00166634
0.00168504
0.00170239
0.00171836
0.00173295
0.00174614
0.00175791
0.00176826
0.00177718
0.00178465
0.00179068
0.00179525
0.00179836
0.0018
0.00180017
0.00179888
0.00179611
0.00179188
0.00178618
0.00177901
0.00177039
0.00176031
0.00174878
0.00173581
0.00172141
0.0017056
0.00168837
0.00166975
0.00164974
0.00162837
0.00160565
0.00158159
0.00155622
0.00152955
0.00150161
0.00147241
0.00144198
0.00141035
0.00137753
0.00134355
0.00130844
0.00127223
0.00123494
0.00119661
0.00115726
0.00111693
0.00107565
0.00103345
0.000990357
0.000946417
0.000901661
0.000856124
0.000809843
0.000762855
0.000715197
0.000666908
0.000618027
0.000568593
0.000518646
0.000468226
0.000417374
0.00036613
0.000314538
0.000262637
0.000210471
0.000158082
0.000105512
5.28046e-05
1.83412e-09
-5.28528e-05
-0.000105716
-0.000158545
-0.000211297
-0.000263928
-0.000316394
-0.000368654
-0.000420664
-0.000472382
-0.000523765
-0.00057477
-0.000625356
-0.00067548
-0.000725102
-0.000774181
-0.000822675
-0.000870545
-0.000917751
-0.000964253
-0.00101001
-0.00105499
-0.00109916
-0.00114247
-0.00118488
-0.00122637
-0.0012669
-0.00130644
-0.00134495
-0.00138239
-0.00141875
-0.00145398
-0.00148806
-0.00152095
-0.00155264
-0.00158309
-0.00161227
-0.00164017
-0.00166675
-0.001692
-0.0017159
-0.00173841
-0.00175953
-0.00177923
-0.0017975
-0.00181431
-0.00182967
-0.00184354
-0.00185592
-0.0018668
-0.00187616
-0.001884
-0.00189031
-0.00189509
-0.00189832
-0.0019
-0.00190013
-0.00189872
-0.00189575
-0.00189123
-0.00188516
-0.00187755
-0.00186839
-0.00185771
-0.00184549
-0.00183176
-0.00181652
-0.00179978
-0.00178156
-0.00176186
-0.00174071
-0.00171811
-0.00169409
-0.00166867
-0.00164186
-0.00161368
-0.00158416
-0.00155331
-0.00152117
-0.00148776
-0.0014531
-0.00141722
-0.00138015
-0.00134192
-0.00130256
-0.0012621
-0.00122056
-0.001178
-0.00113443
-0.00108989
-0.00104442
-0.000998057
-0.000950834
-0.000902791
-0.000853965
-0.000804396
-0.000754124
-0.000703189
-0.000651632
-0.000599495
-0.000546819
-0.000493648
-0.000440023
-0.00038599
-0.00033159
-0.000276869
-0.000221871
-0.00016664
-0.000111221
-5.56604e-05
-2.03776e-09
5.57082e-05
0.000111425
0.000167103
0.000222696
0.000278159
0.000333446
0.000388513
0.000443314
0.000497804
0.000551938
0.000605671
0.00065896
0.000711761
0.000764029
0.000815722
0.000866797
0.000917212
0.000966924
0.00101589
0.00106408
0.00111144
0.00115794
0.00120353
0.00124818
0.00129186
0.00133452
0.00137613
0.00141666
0.00145607
0.00149432
0.00153139
0.00156725
0.00160185
0.00163518
0.00166721
0.00169791
0.00172724
0.0017552
0.00178174
0.00180686
0.00183052
0.00185271
0.00187341
0.0018926
0.00191026
0.00192638
0.00194094
0.00195393
0.00196533
0.00197514
0.00198335
0.00198995
0.00199492
0.00199828
0.002
0.00200009
0.00199855
0.00199538
0.00199058
0.00198414
0.00197608
0.0019664
0.00195511
0.00194221
0.00192771
0.00191162
0.00189396
0.00187474
0.00185397
0.00183167
0.00180785
0.00178254
0.00175574
0.00172749
0.0016978
0.0016667
0.00163422
0.00160036
0.00156517
0.00152868
0.0014909
0.00145187
0.00141162
0.00137018
0.00132758
0.00128387
0.00123906
0.00119321
0.00114633
0.00109849
0.0010497
0.00100001
0.000949458
0.000898087
0.000845938
0.000793051
0.00073947
0.000685237
0.000630397
0.000574993
0.00051907
0.000462673
0.000405849
0.000348643
0.000291101
0.00023327
0.000175198
0.000116931
5.85162e-05
2.25212e-09
-5.85636e-05
-0.000117134
-0.00017566
-0.000234095
-0.00029239
-0.000350498
-0.000408372
-0.000465963
-0.000523225
-0.000580111
-0.000636573
-0.000692565
-0.000748041
-0.000802956
-0.000857263
-0.000910919
-0.000963878
-0.0010161
-0.00106753
-0.00111814
-0.00116788
-0.00121671
-0.00126459
-0.00131148
-0.00135735
-0.00140214
-0.00144583
-0.00148837
-0.00152974
-0.0015699
-0.00160881
-0.00164644
-0.00168275
-0.00171773
-0.00175134
-0.00178354
-0.00181432
-0.00184364
-0.00187148
-0.00189782
-0.00192264
-0.0019459
-0.0019676
-0.00198771
-0.00200621
-0.00202309
-0.00203834
-0.00205194
-0.00206387
-0.00207413
-0.0020827
-0.00208958
-0.00209476
-0.00209823
-0.0021
-0.00210005
-0.00209839
-0.00209501
-0.00208992
-0.00208312
-0.00207462
-0.00206441
-0.00205251
-0.00203892
-0.00202366
-0.00200673
-0.00198815
-0.00196793
-0.00194608
-0.00192263
-0.00189759
-0.00187098
-0.00184282
-0.00181313
-0.00178193
-0.00174925
-0.00171512
-0.00167955
-0.00164259
-0.00160425
-0.00156457
-0.00152358
-0.00148131
-0.0014378
-0.00139307
-0.00134717
-0.00130013
-0.00125198
-0.00120278
-0.00115255
-0.00110134
-0.00104918
-0.000996125
-0.00094221
-0.00088748
-0.000831979
-0.000775751
-0.000718843
-0.000661299
-0.000603166
-0.000544492
-0.000485323
-0.000425708
-0.000365695
-0.000305332
-0.000244669
-0.000183755
-0.00012264
-6.1372e-05
-2.4772e-09
6.1419e-05
0.000122842
0.000184217
0.000245494
0.000306621
0.00036755
0.000428231
0.000488613
0.000548647
0.000608284
0.000667474
0.00072617
0.000784322
0.000841883
0.000898805
0.000955041
0.00101054
0.00106527
0.00111917
0.00117221
0.00122433
0.00127549
0.00132566
0.00137479
0.00142283
0.00146976
0.00151552
0.00156009
0.00160341
0.00164547
0.00168622
0.00172563
0.00176366
0.00180028
0.00183546
0.00186918
0.00190139
0.00193208
0.00196122
0.00198879
0.00201475
0.00203909
0.00206178
0.00208281
0.00210216
0.00211981
0.00213574
0.00214994
0.0021624
0.00217311
0.00218205
0.00218921
0.0021946
0.00219819
0.0022
0.00220001
0.00219823
0.00219465
0.00218927
0.00218211
0.00217315
0.00216242
0.00214991
0.00213564
0.00211961
0.00210184
0.00208233
0.00206111
0.0020382
0.0020136
0.00198733
0.00195942
0.00192989
0.00189876
0.00186605
0.0018318
0.00179602
0.00175874
0.00172
0.00167983
0.00163825
0.00159529
0.001551
0.00150541
0.00145856
0.00141047
0.00136119
0.00131076
0.00125922
0.00120661
0.00115298
0.00109835
0.00104279
0.000986332
0.000929021
0.000870906
0.000812032
0.000752448
0.000692201
0.00063134
0.000569914
0.000507973
0.000445567
0.000382747
0.000319564
0.000256069
0.000192313
0.000128349
6.42279e-05
2.71299e-09
-6.42744e-05
-0.000128551
-0.000192774
-0.000256892
-0.000320853
-0.000384602
-0.00044809
-0.000511262
-0.000574069
-0.000636457
-0.000698376
-0.000759775
-0.000820603
-0.00088081
-0.000940346
-0.000999163
-0.00105721
-0.00111444
-0.00117081
-0.00122627
-0.00128077
-0.00133427
-0.00138672
-0.00143809
-0.00148832
-0.00153737
-0.00158521
-0.0016318
-0.00167709
-0.00172105
-0.00176363
-0.00180482
-0.00184456
-0.00188282
-0.00191959
-0.00195481
-0.00198847
-0.00202053
-0.00205096
-0.00207975
-0.00210686
-0.00213227
-0.00215597
-0.00217792
-0.00219811
-0.00221652
-0.00223314
-0.00224795
-0.00226094
-0.00227209
-0.0022814
-0.00228885
-0.00229443
-0.00229815
-0.0023
-0.00229997
-0.00229806
-0.00229428
-0.00228862
-0.00228109
-0.00227169
-0.00226043
-0.00224731
-0.00223235
-0.00221556
-0.00219694
-0.00217652
-0.0021543
-0.00213031
-0.00210456
-0.00207707
-0.00204787
-0.00201697
-0.0019844
-0.00195018
-0.00191435
-0.00187692
-0.00183793
-0.00179742
-0.0017554
-0.00171192
-0.00166701
-0.0016207
-0.00157303
-0.00152404
-0.00147377
-0.00142226
-0.00136954
-0.00131567
-0.00126068
-0.00120462
-0.00114753
-0.00108946
-0.00103045
-0.000970563
-0.000909833
-0.000848313
-0.000786053
-0.000723103
-0.000659513
-0.000595336
-0.000530623
-0.000465427
-0.0003998
-0.000333796
-0.000267468
-0.000200871
-0.000134058
-6.70837e-05
-2.9595e-09
6.71297e-05
0.00013426
0.000201332
0.000268291
0.000335084
0.000401654
0.000467948
0.000533912
0.00059949
0.00066463
0.000729277
0.000793379
0.000856883
0.000919736
0.000981887
0.00104328
0.00110388
0.00116362
0.00122245
0.00128033
0.00133721
0.00139305
0.00144779
0.00150139
0.0015538
0.00160499
0.00165491
0.00170351
0.00175076
0.00179662
0.00184105
0.00188401
0.00192546
0.00196537
0.00200371
0.00204044
0.00207554
0.00210897
0.0021407
0.00217071
0.00219897
0.00222546
0.00225015
0.00227302
0.00229406
0.00231324
0.00233054
0.00234596
0.00235947
0.00237107
0.00238074
0.00238848
0.00239427
0.00239811
0.0024
0.00239993
0.0023979
0.00239391
0.00238797
0.00238007
0.00237022
0.00235844
0.00234471
0.00232907
0.00231151
0.00229205
0.0022707
0.00224749
0.00222242
0.00219552
0.00216681
0.00213631
0.00210404
0.00207003
0.00203431
0.00199689
0.00195782
0.00191713
0.00187483
0.00183098
0.00178559
0.00173872
0.00169039
0.00164065
0.00158953
0.00153707
0.00148332
0.00142832
0.00137211
0.00131474
0.00125626
0.0011967
0.00113613
0.00107458
0.0010121
0.00094876
0.000884594
0.000819658
0.000754005
0.000687687
0.000620758
0.000553273
0.000485286
0.000416852
0.000348028
0.000278868
0.000209429
0.000139767
6.99396e-05
3.21673e-09
-6.99851e-05
-0.000139968
-0.000209889
-0.00027969
-0.000349315
-0.000418706
-0.000487807
-0.000556561
-0.000624912
-0.000692803
-0.000760179
-0.000826984
-0.000893164
-0.000958663
-0.00102343
-0.00108741
-0.00115054
-0.00121279
-0.00127409
-0.0013344
-0.00139366
-0.00145183
-0.00150885
-0.00156469
-0.00161929
-0.00167261
-0.0017246
-0.00177522
-0.00182444
-0.0018722
-0.00191846
-0.0019632
-0.00200636
-0.00204792
-0.00208784
-0.00212608
-0.00216261
-0.00219741
-0.00223044
-0.00226167
-0.00229108
-0.00231865
-0.00234434
-0.00236813
-0.00239001
-0.00240995
-0.00242795
-0.00244397
-0.00245801
-0.00247005
-0.00248009
-0.00248811
-0.00249411
-0.00249807
-0.0025
-0.00249989
-0.00249774
-0.00249355
-0.00248732
-0.00247905
-0.00246876
-0.00245644
-0.00244211
-0.00242578
-0.00240746
-0.00238715
-0.00236489
-0.00234067
-0.00231453
-0.00228649
-0.00225655
-0.00222475
-0.00219112
-0.00215567
-0.00211843
-0.00207944
-0.00203872
-0.00199632
-0.00195225
-0.00190655
-0.00185927
-0.00181043
-0.00176009
-0.00170827
-0.00165501
-0.00160037
-0.00154439
-0.0014871
-0.00142856
-0.00136881
-0.0013079
-0.00124588
-0.00118279
-0.0011187
-0.00105365
-0.000987688
-0.000920875
-0.000853263
-0.000784906
-0.00071586
-0.00064618
-0.000575923
-0.000505145
-0.000433905
-0.000362259
-0.000290267
-0.000217986
-0.000145476
-7.27955e-05
-3.48468e-09
7.28404e-05
0.000145677
0.000218446
0.000291089
0.000363546
0.000435758
0.000507666
0.000579211
0.000650333
0.000720976
0.00079108
0.000860589
0.000929444
0.00099759
0.00106497
0.00113153
0.00119721
0.00126196
0.00132573
0.00138846
0.0014501
0.00151061
0.00156992
0.00162799
0.00168478
0.00174023
0.00179429
0.00184694
0.00189811
0.00194777
0.00199588
0.00204239
0.00208726
0.00213047
0.00217196
0.00221171
0.00224969
0.00228586
0.00232018
0.00235264
0.0023832
0.00241183
0.00243852
0.00246324
0.00248596
0.00250667
0.00252535
0.00254198
0.00255654
0.00256904
0.00257944
0.00258774
0.00259394
0.00259803
0.0026
0.00259985
0.00259758
0.00259318
0.00258667
0.00257804
0.0025673
0.00255445
0.00253952
0.0025225
0.00250341
0.00248226
0.00245907
0.00243386
0.00240665
0.00237745
0.00234629
0.0023132
0.00227819
0.0022413
0.00220256
0.00216199
0.00211963
0.00207551
0.00202966
0.00198213
0.00193294
0.00188215
0.00182978
0.00177588
0.0017205
0.00166367
0.00160545
0.00154588
0.001485
0.00142287
0.00135954
0.00129505
0.00122946
0.00116282
0.00109519
0.00102661
0.000957156
0.000886868
0.000815808
0.000744034
0.000671602
0.000598573
0.000525005
0.000450957
0.000376491
0.000301666
0.000226544
0.000151185
7.56513e-05
3.76335e-09
-7.56957e-05
-0.000151385
-0.000227003
-0.000302488
-0.000377777
-0.00045281
-0.000527525
-0.00060186
-0.000675755
-0.000749149
-0.000821982
-0.000894193
-0.000965725
-0.00103652
-0.00110651
-0.00117565
-0.00124388
-0.00131114
-0.00137737
-0.00144252
-0.00150655
-0.00156938
-0.00163098
-0.00169129
-0.00175026
-0.00180784
-0.00186399
-0.00191865
-0.00197178
-0.00202335
-0.00207329
-0.00212158
-0.00216816
-0.00221301
-0.00225609
-0.00229735
-0.00233676
-0.0023743
-0.00240992
-0.0024436
-0.00247531
-0.00250502
-0.0025327
-0.00255834
-0.00258191
-0.00260338
-0.00262275
-0.00263999
-0.00265508
-0.00266802
-0.00267879
-0.00268738
-0.00269378
-0.00269799
-0.0027
-0.00269981
-0.00269741
-0.00269281
-0.00268601
-0.00267702
-0.00266583
-0.00265246
-0.00263692
-0.00261921
-0.00259935
-0.00257736
-0.00255326
-0.00252705
-0.00249876
-0.00246841
-0.00243603
-0.00240164
-0.00236526
-0.00232694
-0.00228668
-0.00224454
-0.00220053
-0.0021547
-0.00210708
-0.0020577
-0.00200662
-0.00195386
-0.00189947
-0.0018435
-0.00178599
-0.00172698
-0.00166652
-0.00160466
-0.00154145
-0.00147694
-0.00141118
-0.00134422
-0.00127613
-0.00120694
-0.00113673
-0.00106554
-0.000993437
-0.000920474
-0.00084671
-0.000772207
-0.000697024
-0.000621223
-0.000544864
-0.00046801
-0.000390723
-0.000313066
-0.000235102
-0.000156894
-7.85072e-05
-4.05273e-09
7.8551e-05
0.000157094
0.000235561
0.000313887
0.000392009
0.000469862
0.000547384
0.000624509
0.000701176
0.000777322
0.000852883
0.000927798
0.00100201
0.00107544
0.00114805
0.00121977
0.00129054
0.00136031
0.00142901
0.00149659
0.00156299
0.00162816
0.00169205
0.00175459
0.00181575
0.00187546
0.00193368
0.00199036
0.00204546
0.00209892
0.0021507
0.00220077
0.00224906
0.00229556
0.00234021
0.00238298
0.00242384
0.00246274
0.00249966
0.00253456
0.00256742
0.0025982
0.00262689
0.00265345
0.00267786
0.0027001
0.00272015
0.00273799
0.00275362
0.002767
0.00277814
0.00278701
0.00279362
0.00279795
0.0028
0.00279977
0.00279725
0.00279245
0.00278536
0.002776
0.00276437
0.00275047
0.00273432
0.00271593
0.0026953
0.00267247
0.00264744
0.00262023
0.00259087
0.00255938
0.00252577
0.00249008
0.00245234
0.00241257
0.00237081
0.00232708
0.00228143
0.00223389
0.00218449
0.00213328
0.00208029
0.00202557
0.00196917
0.00191112
0.00185147
0.00179028
0.00172758
0.00166344
0.00159789
0.001531
0.00146282
0.0013934
0.00132279
0.00125107
0.00117827
0.00110447
0.00102972
0.000954079
0.000877612
0.000800381
0.000722446
0.000643873
0.000564723
0.000485062
0.000404955
0.000324465
0.00024366
0.000162604
8.13631e-05
4.35283e-09
-8.14064e-05
-0.000162803
-0.000244118
-0.000325286
-0.00040624
-0.000486914
-0.000567242
-0.000647159
-0.000726598
-0.000805495
-0.000883784
-0.000961403
-0.00103829
-0.00111437
-0.00118959
-0.00126389
-0.00133721
-0.00140948
-0.00148065
-0.00155065
-0.00161944
-0.00168694
-0.00175311
-0.00181789
-0.00188123
-0.00194308
-0.00200338
-0.00206208
-0.00211913
-0.00217449
-0.00222812
-0.00227996
-0.00232997
-0.00237811
-0.00242434
-0.00246862
-0.00251091
-0.00255118
-0.0025894
-0.00262553
-0.00265953
-0.00269139
-0.00272107
-0.00274855
-0.00277381
-0.00279681
-0.00281755
-0.002836
-0.00285215
-0.00286598
-0.00287748
-0.00288664
-0.00289345
-0.00289791
-0.0029
-0.00289973
-0.00289709
-0.00289208
-0.00288471
-0.00287498
-0.0028629
-0.00284848
-0.00283172
-0.00281264
-0.00279125
-0.00276758
-0.00274162
-0.00271342
-0.00268298
-0.00265034
-0.00261551
-0.00257853
-0.00253941
-0.00249821
-0.00245493
-0.00240963
-0.00236233
-0.00231308
-0.0022619
-0.00220885
-0.00215397
-0.00209729
-0.00203886
-0.00197874
-0.00191696
-0.00185358
-0.00178865
-0.00172221
-0.00165434
-0.00158506
-0.00151446
-0.00144257
-0.00136946
-0.00129519
-0.00121981
-0.0011434
-0.001066
-0.000987684
-0.000908514
-0.000828554
-0.000747869
-0.000666523
-0.000584583
-0.000502115
-0.000419186
-0.000335865
-0.000252218
-0.000168313
-8.4219e-05
-4.66365e-09
8.42616e-05
0.000168511
0.000252675
0.000336685
0.000420471
0.000503966
0.000587101
0.000669808
0.00075202
0.000833668
0.000914686
0.000995007
0.00107457
0.0011533
0.00123113
0.00130802
0.00138388
0.00145865
0.00153229
0.00160472
0.00167588
0.00174572
0.00181418
0.00188119
0.00194672
0.00201069
0.00207307
0.00213379
0.00219281
0.00225007
0.00230553
0.00235915
0.00241087
0.00246065
0.00250846
0.00255425
0.00259799
0.00263963
0.00267914
0.00271649
0.00275165
0.00278458
0.00281526
0.00284366
0.00286975
0.00289353
0.00291495
0.00293401
0.00295069
0.00296496
0.00297683
0.00298628
0.00299329
0.00299787
0.003
0.00299969
0.00299692
0.00299171
0.00298406
0.00297396
0.00296144
0.00294649
0.00292912
0.00290935
0.0028872
0.00286268
0.00283581
0.00280661
0.0027751
0.0027413
0.00270525
0.00266697
0.00262649
0.00258384
0.00253906
0.00249218
0.00244323
0.00239227
0.00233932
0.00228443
0.00222764
0.002169
0.00210856
0.00204635
0.00198245
0.00191688
0.00184971
0.00178099
0.00171078
0.00163913
0.0015661
0.00149174
0.00141613
0.00133931
0.00126136
0.00118232
0.00110228
0.00102129
0.000939416
0.000856728
0.000773291
0.000689173
0.000604442
0.000519167
0.000433418
0.000347264
0.000260775
0.000174022
8.7075e-05
4.98519e-09
-8.71169e-05
-0.00017422
-0.000261232
-0.000348083
-0.000434702
-0.000521018
-0.00060696
-0.000692458
-0.000777441
-0.000861841
-0.000945587
-0.00102861
-0.00111085
-0.00119222
-0.00127268
-0.00135214
-0.00143054
-0.00150783
-0.00158393
-0.00165878
-0.00173232
-0.0018045
-0.00187524
-0.0019445
-0.0020122
-0.00207831
-0.00214276
-0.0022055
-0.00226648
-0.00232564
-0.00238295
-0.00243834
-0.00249177
-0.0025432
-0.00259259
-0.00263989
-0.00268506
-0.00272807
-0.00276888
-0.00280745
-0.00284376
-0.00287776
-0.00290944
-0.00293876
-0.0029657
-0.00299024
-0.00301235
-0.00303202
-0.00304922
-0.00306395
-0.00307618
-0.00308591
-0.00309313
-0.00309783
-0.0031
-0.00309964
-0.00309676
-0.00309135
-0.00308341
-0.00307295
-0.00305997
-0.00304449
-0.00302652
-0.00300607
-0.00298315
-0.00295779
-0.00292999
-0.00289979
-0.00286721
-0.00283227
-0.00279499
-0.00275541
-0.00271356
-0.00266948
-0.00262318
-0.00257472
-0.00252414
-0.00247146
-0.00241673
-0.00236
-0.00230131
-0.00224071
-0.00217825
-0.00211397
-0.00204793
-0.00198018
-0.00191078
-0.00183977
-0.00176722
-0.00169319
-0.00161774
-0.00154092
-0.00146279
-0.00138343
-0.0013029
-0.00122125
-0.00113856
-0.00105489
-0.000970318
-0.000884901
-0.000798713
-0.000711823
-0.000624301
-0.00053622
-0.00044765
-0.000358664
-0.000269333
-0.000179731
-8.99309e-05
-5.31745e-09
8.99722e-05
0.000179928
0.000269789
0.000359482
0.000448933
0.00053807
0.000626818
0.000715107
0.000802863
0.000890014
0.000976489
0.00106222
0.00114713
0.00123115
0.00131422
0.00139626
0.00147721
0.001557
0.00163557
0.00171284
0.00178877
0.00186327
0.0019363
0.0020078
0.00207769
0.00214593
0.00221246
0.00227722
0.00234015
0.00240122
0.00246036
0.00251753
0.00257267
0.00262575
0.00267671
0.00272552
0.00277214
0.00281651
0.00285862
0.00289842
0.00293587
0.00297095
0.00300363
0.00303387
0.00306165
0.00308696
0.00310975
0.00313003
0.00314776
0.00316293
0.00317553
0.00318554
0.00319297
0.00319779
0.0032
0.0031996
0.0031966
0.00319098
0.00318275
0.00317193
0.00315851
0.0031425
0.00312392
0.00310278
0.0030791
0.00305289
0.00302418
0.00299298
0.00295932
0.00292323
0.00288473
0.00284386
0.00280064
0.00275511
0.00270731
0.00265727
0.00260504
0.00255065
0.00249415
0.00243558
0.00237499
0.00231243
0.00224794
0.00218159
0.00211342
0.00204348
0.00197184
0.00189855
0.00182367
0.00174726
0.00166938
0.00159009
0.00150946
0.00142756
0.00134444
0.00126018
0.00117484
0.0010885
0.00100122
0.000913075
0.000824135
0.000734473
0.000644161
0.000553273
0.000461882
0.000370063
0.000277891
0.00018544
9.27869e-05
5.66042e-09
-9.28275e-05
-0.000185637
-0.000278347
-0.000370881
-0.000463164
-0.000555122
-0.000646677
-0.000737756
-0.000828284
-0.000918187
-0.00100739
-0.00109582
-0.00118341
-0.00127008
-0.00135576
-0.00144038
-0.00152388
-0.00160617
-0.00168721
-0.00176691
-0.00184521
-0.00192205
-0.00199737
-0.0020711
-0.00214318
-0.00221355
-0.00228215
-0.00234893
-0.00241383
-0.00247679
-0.00253777
-0.00259672
-0.00265357
-0.00270829
-0.00276084
-0.00281116
-0.00285921
-0.00290496
-0.00294836
-0.00298938
-0.00302798
-0.00306414
-0.00309781
-0.00312897
-0.0031576
-0.00318367
-0.00320715
-0.00322803
-0.00324629
-0.00326191
-0.00327488
-0.00328518
-0.0032928
-0.00329775
-0.0033
-0.00329956
-0.00329643
-0.00329061
-0.0032821
-0.00327091
-0.00325704
-0.00324051
-0.00322132
-0.0031995
-0.00317505
-0.003148
-0.00311836
-0.00308617
-0.00305143
-0.00301419
-0.00297447
-0.0029323
-0.00288771
-0.00284075
-0.00279144
-0.00273982
-0.00268594
-0.00262984
-0.00257156
-0.00251115
-0.00244866
