0.5805
0.580499
0.580496
0.580495
0.580494
0.580495
0.580498
0.580498
0.580508
0.580512
0.580508
0.580505
0.580502
0.580499
0.580497
0.580496
0.580501
0.580511
0.580513
0.580513
0.58051
0.580508
0.580505
0.580499
0.580496
0.580505
0.580511
0.580513
0.580512
0.580508
0.580505
0.580499
0.580496
0.580498
0.580505
0.580508
0.580511
0.580513
0.580512
0.580508
0.580496
0.580496
0.580498
0.580505
0.580505
0.580508
0.580511
0.580513
0.580502
0.580499
0.580496
0.580498
0.580501
0.580505
0.580511
0.580509
0.580505
0.580499
0.580493
0.580487
0.580467
0.580462
0.58046
0.580483
0.580491
0.580506
0.580506
0.580513
0.580518
0.580523
0.580522
0.580503
0.580496
0.580483
0.580477
0.580471
0.580464
0.580463
0.580463
0.580462
0.580463
0.580462
0.58046
0.580454
0.580452
0.58045
0.580448
0.580448
0.580448
0.580445
0.580443
0.580442
0.580442
0.580442
0.58044
0.580438
0.580435
0.580433
0.580426
0.580427
0.580429
0.580432
0.580436
0.58044
0.580446
0.580447
0.580446
0.580428
0.580422
0.58041
0.5804
0.580398
0.580398
0.580401
0.580404
0.580416
0.580417
0.580417
0.580414
0.580411
0.580408
0.580404
0.580403
0.580418
0.580421
0.580423
0.580424
0.580424
0.580424
0.58042
0.580415
0.580412
0.580414
0.580417
0.580421
0.580427
0.580429
0.580431
0.58043
0.580427
0.580417
0.580417
0.580418
0.580424
0.580428
0.580434
0.580436
0.580437
0.580436
0.580424
0.580424
0.580423
0.580427
0.58043
0.580434
0.580441
0.580444
0.580452
0.580454
0.580454
0.580453
0.580451
0.580447
0.580446
0.580445
0.580446
0.58046
0.580473
0.580479
0.580491
0.580494
0.580496
0.580496
0.580496
0.58048
0.580478
0.580476
0.58048
0.580495
0.580501
0.580513
0.580526
0.580525
0.580525
0.580519
0.580515
0.580509
0.580507
0.580506
0.580506
0.580523
0.58053
0.580537
0.580549
0.580555
0.58056
0.580565
0.580573
0.580576
0.580582
0.580586
0.580588
0.580589
0.580592
0.580594
0.580605
0.580619
0.580618
0.580616
0.580614
0.580613
0.580611
0.580611
0.580611
0.580613
0.580634
0.580639
0.580644
0.580649
0.58065
0.580648
0.580647
0.580646
0.580647
0.580651
0.580655
0.580665
0.58067
0.580675
0.580676
0.580675
0.580672
0.580648
0.580644
0.580641
0.580641
0.58065
0.580657
0.580665
0.580673
0.580709
0.580716
0.580721
0.580725
0.580718
0.580704
0.580695
0.580685
0.580644
0.580636
0.58063
0.580624
0.580624
0.580627
0.580632
0.580639
0.580656
0.580692
0.580698
0.580704
0.580708
0.580707
0.580704
0.5807
0.580695
0.580684
0.580669
0.580661
0.580661
0.580659
0.580659
0.580661
0.580669
0.580678
0.580678
0.580684
0.580681
0.580668
0.580658
0.580658
0.580648
0.580638
0.58061
0.580602
0.580602
0.58059
0.580592
0.580596
0.580604
0.580609
0.580613
0.580615
0.580618
0.580616
0.58059
0.58058
0.580569
0.580559
0.58055
0.580534
0.580527
0.580521
0.580521
0.580536
0.580536
0.58054
0.580544
0.580548
0.580547
0.580547
0.580544
0.58053
0.580501
0.580481
0.580472
0.580465
0.580453
0.580449
0.580445
0.580437
0.580433
0.580417
0.580412
0.580404
0.580401
0.580396
0.580394
0.580391
0.580388
0.580378
0.580362
0.580362
0.580354
0.580352
0.580352
0.580353
0.580354
0.580354
0.580352
0.580332
0.580325
0.58031
0.580302
0.580296
0.580287
0.580285
0.580286
0.580295
0.580296
0.580296
0.580291
0.580286
0.580279
0.580264
0.580256
0.580249
0.580243
0.580232
0.580232
0.580233
0.580238
0.58024
0.580242
0.580243
0.580241
0.580238
0.580224
0.580221
0.580219
0.58022
0.580222
0.580229
0.58023
0.58023
0.580218
0.580214
0.580211
0.580208
0.580206
0.580207
0.580209
0.580215
0.580219
0.580227
0.580228
0.580227
0.580225
0.580222
0.580216
0.580215
0.580214
0.580215
0.580228
0.580234
0.580252
0.580257
0.580264
0.580265
0.580264
0.580258
0.580245
0.580244
0.580247
0.580251
0.580256
0.580262
0.580269
0.580283
0.580311
0.580314
0.580317
0.580317
0.580315
0.580314
0.580315
0.580317
0.580346
0.580354
0.580371
0.580378
0.580389
0.580391
0.580392
0.580391
0.580387
0.580387
0.580389
0.580394
0.5804
0.580407
0.580424
0.580433
0.58045
0.580473
0.580479
0.580485
0.580493
0.580497
0.580506
0.580511
0.580523
0.580542
0.580548
0.58056
0.580562
0.580562
0.580562
0.580562
0.580564
0.580571
0.580583
0.580599
0.580609
0.580627
0.580627
0.580644
0.580644
0.580651
0.580668
0.580684
0.580694
0.580699
0.580703
0.580708
0.580715
0.580719
0.580747
0.580747
0.580752
0.580759
0.58076
0.580759
0.580757
0.580756
0.580779
0.580779
0.580806
0.580815
0.580822
0.580829
0.580836
0.580836
0.580828
0.580823
0.580817
0.580811
0.580801
0.580798
0.580797
0.5808
0.580805
0.580827
0.580846
0.580846
0.580868
0.580872
0.580875
0.580877
0.580877
0.580875
0.580877
0.580877
0.580892
0.580897
0.580905
0.580908
0.580909
0.580903
0.580899
0.580889
0.580881
0.580879
0.580878
0.580878
0.580879
0.580881
0.580883
0.580877
0.580873
0.580862
0.580858
0.580854
0.580852
0.580849
0.580841
0.580838
0.580838
0.580833
0.580832
0.580827
0.580823
0.580819
0.580794
0.580794
0.580787
0.580786
0.580787
0.580788
0.580789
0.580789
0.580774
0.580758
0.580749
0.58074
0.580731
0.580717
0.580711
0.580706
0.580706
0.580681
0.580674
0.580662
0.580657
0.580645
0.580639
0.580633
0.580619
0.580597
0.580582
0.580577
0.580571
0.58057
0.580568
0.580565
0.580558
0.580539
0.580519
0.580509
0.580498
0.580488
0.58047
0.580463
0.58045
0.580426
0.58042
0.580412
0.580409
0.580406
0.580403
0.5804
0.580392
0.58036
0.580351
0.580343
0.580328
0.580315
0.580303
0.580297
0.580291
0.580265
0.580252
0.580252
0.580246
0.580237
0.580234
0.580227
0.580227
0.580189
0.580182
0.580169
0.580169
0.580164
0.580157
0.580156
0.580156
0.580137
0.580131
0.580124
0.580117
0.58011
0.580104
0.580094
0.58009
0.580066
0.580062
0.58006
0.58006
0.580063
0.580065
0.580066
0.580068
0.580062
0.58005
0.580042
0.580034
0.580025
0.580011
0.580005
0.58
0.580011
0.580017
0.580024
0.580037
0.580042
0.580048
0.580048
0.580042
0.580022
0.580006
0.579998
0.579986
0.579982
0.579982
0.579986
0.580025
0.580035
0.580043
0.580051
0.580063
0.580067
0.580067
0.580064
0.58006
0.580044
0.580036
0.580033
0.580033
0.580041
0.580048
0.580056
0.580065
0.580105
0.580115
0.580125
0.58014
0.580146
0.58015
0.580154
0.580162
0.580168
0.580198
0.580205
0.580205
0.580216
0.580221
0.58023
0.580234
0.58024
0.580253
0.580288
0.580288
0.580296
0.580311
0.580318
0.580334
0.580342
0.580356
0.580385
0.580393
0.5804
0.580407
0.580414
0.580432
0.580439
0.580447
0.580483
0.580492
0.580507
0.580513
0.580525
0.580539
0.580546
0.580553
0.580586
0.580595
0.580605
0.580621
0.580621
0.580637
0.580645
0.58066
0.580701
0.580709
0.580717
0.580723
0.580728
0.580738
0.580743
0.580749
0.580789
0.580806
0.580814
0.580821
0.580831
0.580835
0.580841
0.580862
0.580869
0.580882
0.580889
0.580902
0.580909
0.580909
0.580923
0.580962
0.580967
0.580967
0.580965
0.580959
0.580957
0.580955
0.580963
0.58098
0.580991
0.581002
0.581026
0.581037
0.581056
0.581073
0.581072
0.581068
0.581055
0.581047
0.58104
0.581032
0.581024
0.581006
0.581009
0.581015
0.581032
0.581042
0.581053
0.581077
0.581088
0.581122
0.581125
0.581123
0.581119
0.581114
0.581099
0.581091
0.581083
0.581075
0.581057
0.581056
0.581057
0.58106
0.581062
0.581065
0.581064
0.581059
0.581034
0.581027
0.58102
0.581009
0.581005
0.581003
0.581001
0.581
0.580988
0.580982
0.580975
0.580961
0.580954
0.58094
0.580934
0.580927
0.58092
0.58089
0.580882
0.580876
0.580866
0.580862
0.580858
0.580848
0.580848
0.580841
0.580816
0.580785
0.580774
0.580774
0.580752
0.580732
0.580723
0.580715
0.580697
0.580668
0.580658
0.580648
0.580622
0.580614
0.580605
0.580589
0.580573
0.580544
0.580534
0.580525
0.580508
0.5805
0.580492
0.580484
0.580467
0.580457
0.580447
0.580403
0.580378
0.580366
0.580366
0.580345
0.580335
0.580325
0.580315
0.580268
0.580258
0.580249
0.580232
0.580223
0.580215
0.580197
0.580189
0.580179
0.580142
0.580133
0.580124
0.580108
0.5801
0.580083
0.580083
0.580075
0.580068
0.580032
0.580015
0.580008
0.580001
0.579996
0.579984
0.579977
0.579969
0.579961
0.579928
0.579921
0.579914
0.5799
0.579898
0.579897
0.579895
0.579893
0.579868
0.579861
0.579847
0.579847
0.579841
0.579832
0.579831
0.579833
0.579836
0.579843
0.579845
0.579845
0.579841
0.57983
0.579823
0.579808
0.579787
0.579788
0.579791
0.579801
0.579808
0.579816
0.57983
0.579836
0.579845
0.579843
0.579841
0.579836
0.579833
0.579831
0.579832
0.579836
0.579841
0.579868
0.579874
0.579886
0.57989
0.579894
0.579898
0.579902
0.579906
0.579912
0.57994
0.579948
0.579961
0.579967
0.579973
0.579986
0.579992
0.580006
0.58004
0.580049
0.580058
0.580072
0.580077
0.580088
0.580094
0.580108
0.580134
0.580144
0.580164
0.580182
0.580189
0.580201
0.580208
0.580216
0.580268
0.580268
0.580279
0.5803
0.58031
0.58032
0.580339
0.580349
0.580393
0.580416
0.580426
0.580435
0.580443
0.580459
0.580467
0.580487
0.580533
0.580558
0.580558
0.580582
0.580593
0.580604
0.580626
0.580637
0.580649
0.580696
0.580708
0.58072
0.580731
0.580741
0.580759
0.580768
0.580786
0.580831
0.580852
0.580861
0.580861
0.580877
0.580885
0.580912
0.580953
0.58097
0.580977
0.580982
0.580985
0.580987
0.580988
0.580989
0.580999
0.581022
0.581032
0.581032
0.581044
0.581082
0.581094
0.58112
0.581164
0.581171
0.581177
0.58118
0.581181
0.581177
0.581177
0.581175
0.581168
0.581172
0.581178
0.581195
0.581205
0.581228
0.58124
0.581251
0.581262
0.581288
0.581289
0.581289
0.581285
0.581283
0.581277
0.581276
0.581275
0.581286
0.58129
0.581295
0.581296
0.581295
0.581291
0.581287
0.581281
0.581275
0.581256
0.581253
0.581251
0.581251
0.581252
0.581254
0.581258
0.581259
0.581246
0.581239
0.581224
0.581215
0.581206
0.581187
0.581178
0.581159
0.58115
0.581124
0.581116
0.581108
0.581097
0.581092
0.581082
0.581068
0.581059
0.58103
0.581
0.580991
0.580984
0.580977
0.580962
0.580954
0.580954
0.580902
0.580891
0.580881
0.580862
0.580852
0.580832
0.580821
0.580811
0.580762
0.58075
0.580738
0.580718
0.580709
0.580691
0.580681
0.580657
0.580644
0.580617
0.580572
0.580557
0.580557
0.580543
0.580516
0.580503
0.58049
0.580477
0.580404
0.580389
0.580376
0.580362
0.580348
0.580335
0.58031
0.580299
0.580287
0.580234
0.58022
0.580194
0.580182
0.58017
0.580158
0.580134
0.580122
0.580111
0.580049
0.580037
0.580014
0.580003
0.579983
0.579983
0.579974
0.579911
0.579893
0.579886
0.579881
0.579877
0.579874
0.579873
0.579871
0.579845
0.579845
0.579825
0.579803
0.579782
0.579772
0.579763
0.579728
0.579712
0.579706
0.579696
0.579691
0.579686
0.579681
0.579675
0.57965
0.579647
0.579646
0.579646
0.579647
0.579648
0.579649
0.579645
0.579631
0.579625
0.579621
0.579614
0.579613
0.579613
0.579614
0.579616
0.579619
0.579626
0.579626
0.579626
0.579626
0.579625
0.579625
0.579625
0.57963
0.579652
0.579666
0.579672
0.579677
0.579686
0.579689
0.579689
0.579697
0.579701
0.579735
0.579751
0.579763
0.579763
0.579768
0.579772
0.579782
0.579818
0.579827
0.579837
0.579854
0.579854
0.579862
0.579878
0.579887
0.579896
0.579938
0.579949
0.579968
0.579978
0.579988
0.579998
0.580009
0.58002
0.580031
0.580099
0.580114
0.580128
0.580154
0.580165
0.580176
0.580199
0.580212
0.580278
0.580292
0.580319
0.580331
0.580353
0.580364
0.580386
0.580397
0.58045
0.580463
0.58049
0.580504
0.580528
0.58054
0.580552
0.580577
0.580635
0.580635
0.58065
0.580678
0.580691
0.580705
0.580718
0.580746
0.580819
0.580834
0.580848
0.580872
0.580881
0.58089
0.580899
0.580917
0.580963
0.58099
0.581005
0.581019
0.581047
0.581059
0.581059
0.581084
0.581096
0.581149
0.581163
0.581175
0.581198
0.581209
0.581229
0.581239
0.581248
0.581284
0.581293
0.581309
0.581321
0.581326
0.581339
0.581339
0.581387
0.581393
0.5814
0.581402
0.5814
0.5814
0.581395
0.581395
0.58141
0.581417
0.581433
0.581441
0.58145
0.581464
0.581471
0.581476
0.581487
0.581488
0.581487
0.581487
0.581489
0.58149
0.581491
0.58149
0.581479
0.581477
0.581475
0.581473
0.581473
0.581474
0.581474
0.581474
0.581451
0.581443
0.581426
0.581418
0.581411
0.581405
0.581401
0.581397
0.581387
0.581384
0.581374
0.581366
0.581358
0.58134
0.58133
0.58132
0.581309
0.581274
0.581251
0.58124
0.581219
0.581208
0.581187
0.581176
0.581165
0.581121
0.581108
0.581084
0.581073
0.581062
0.581052
0.581029
0.581029
0.580961
0.580932
0.580919
0.580905
0.580881
0.580869
0.580844
0.580844
0.580831
0.580758
0.580743
0.580729
0.580702
0.580688
0.580674
0.580659
0.580629
0.580564
0.580529
0.580514
0.580499
0.580485
0.580472
0.580444
0.580429
0.580414
0.580351
0.580334
0.580317
0.580286
0.580271
0.580256
0.58024
0.58021
0.580128
0.580113
0.580098
0.580085
0.580071
0.580044
0.580017
0.579948
0.579936
0.579926
0.579918
0.579911
0.579901
0.579892
0.579888
0.579858
0.579833
0.579819
0.579804
0.579774
0.579758
0.579743
0.579711
0.579654
0.579629
0.579629
0.57961
0.579604
0.579594
0.57959
0.579586
0.57956
0.579551
0.579541
0.57952
0.57951
0.579492
0.579485
0.579471
0.579455
0.579445
0.579441
0.579436
0.579437
0.579439
0.57944
0.57944
0.579432
0.579422
0.579417
0.579417
0.579412
0.579405
0.579405
0.579407
0.579425
0.579429
0.579435
0.579436
0.579435
0.579433
0.579431
0.57943
0.57943
0.579438
0.579451
0.579459
0.579476
0.579486
0.579495
0.579503
0.579521
0.579558
0.579578
0.579586
0.5796
0.579606
0.579612
0.579619
0.579627
0.579674
0.579685
0.579696
0.579707
0.579718
0.57973
0.579742
0.579767
0.57982
0.579833
0.579858
0.57987
0.579881
0.579903
0.579914
0.579926
0.579938
0.579997
0.580032
0.580049
0.580066
0.580066
0.580098
0.580113
0.580144
0.580208
0.580225
0.580243
0.580277
0.580293
0.580324
0.58034
0.580356
0.580423
0.580458
0.580474
0.580505
0.58052
0.580535
0.58055
0.580579
0.580646
0.580664
0.580699
0.580715
0.580731
0.580748
0.580781
0.580798
0.580866
0.580898
0.580913
0.580927
0.580941
0.580968
0.580983
0.580998
0.581081
0.581097
0.581127
0.581142
0.581169
0.581182
0.581194
0.581244
0.581271
0.581295
0.581315
0.581325
0.581334
0.581353
0.581362
0.581396
0.581421
0.581433
0.581445
0.581456
0.581467
0.581478
0.581499
0.58151
0.581545
0.581566
0.581576
0.581584
0.581599
0.581605
0.581605
0.581616
0.581648
0.581654
0.581658
0.581663
0.581663
0.581664
0.581666
0.581668
0.581681
0.581685
0.58169
0.58169
0.58169
0.581687
0.581684
0.58168
0.581678
0.581678
0.581678
0.581677
0.581675
0.581667
0.581661
0.581656
0.581649
0.581617
0.58161
0.581603
0.581592
0.581587
0.58158
0.581576
0.581565
0.581541
0.581531
0.581504
0.581504
0.581495
0.581474
0.581463
0.581452
0.581407
0.581396
0.581375
0.581366
0.581356
0.581336
0.581325
0.581313
0.5813
0.581256
0.581226
0.581211
0.581182
0.581168
0.581139
0.581125
0.581094
0.581043
0.581008
0.580991
0.580991
0.580959
0.580927
0.580911
0.580911
0.580829
0.580811
0.580777
0.580761
0.580745
0.580713
0.580696
0.58066
0.580602
0.580561
0.580542
0.580504
0.580486
0.580453
0.580419
0.580349
0.580316
0.580288
0.580274
0.580246
0.580231
0.580216
0.580142
0.580127
0.580113
0.580099
0.580086
0.580057
0.580042
0.58001
0.579957
0.579922
0.579904
0.579887
0.579856
0.579842
0.579828
0.579798
0.57973
0.579714
0.579683
0.579683
0.579669
0.579642
0.579628
0.579599
0.579542
0.579529
0.579516
0.579505
0.579487
0.579479
0.579462
0.579453
0.579399
0.579388
0.579356
0.579347
0.579339
0.579332
0.579326
0.579296
0.57928
0.579273
0.579268
0.579264
0.579259
0.579257
0.579253
0.579236
0.579231
0.579226
0.579219
0.579218
0.579219
0.579221
0.579221
0.579218
0.579216
0.579214
0.579211
0.579211
0.579212
0.579215
0.579225
0.579225
0.579253
0.57926
0.579273
0.579278
0.579282
0.57929
0.579294
0.579299
0.579312
0.57934
0.579351
0.579362
0.579384
0.579404
0.579425
0.579435
0.579435
0.579486
0.579486
0.579496
0.579517
0.579526
0.579546
0.579558
0.579583
0.579641
0.579657
0.579673
0.579704
0.579718
0.579732
0.579746
0.579774
0.579841
0.579858
0.579875
0.579907
0.579924
0.579957
0.579974
0.579991
0.579991
0.580086
0.580086
0.580125
0.580143
0.580161
0.580179
0.580217
0.580237
0.580258
0.580347
0.580391
0.580412
0.580412
0.580451
0.580471
0.58049
0.580509
0.58055
0.580594
0.580661
0.580682
0.580703
0.580724
0.580765
0.580787
0.58083
0.580852
0.58092
0.580943
