0.575228
0.575222
0.575217
0.575205
0.575191
0.575185
0.57518
0.57518
0.575185
0.575191
0.575207
0.575207
0.575225
0.575235
0.575244
0.575252
0.575262
0.575262
0.575259
0.575249
0.575244
0.575239
0.575235
0.57523
0.575241
0.575251
0.575256
0.575263
0.575264
0.575263
0.575256
0.57523
0.575227
0.575227
0.57523
0.575234
0.575239
0.57525
0.575254
0.575259
0.575256
0.575246
0.575241
0.575236
0.575232
0.575226
0.575226
0.575242
0.575246
0.575253
0.575255
0.575256
0.575252
0.575248
0.575244
0.575224
0.575223
0.575222
0.575222
0.575223
0.575223
0.575222
0.57522
0.575216
0.575196
0.575191
0.575188
0.575186
0.575186
0.575189
0.575197
0.575202
0.575216
0.575214
0.575212
0.575204
0.575199
0.575195
0.57519
0.575184
0.575183
0.575183
0.575184
0.575184
0.575184
0.575181
0.575179
0.575177
0.575176
0.575175
0.575166
0.575163
0.575162
0.575161
0.575162
0.575164
0.575165
0.575166
0.575165
0.575158
0.575157
0.575156
0.575158
0.575158
0.575158
0.575157
0.575155
0.575149
0.57515
0.575151
0.575153
0.575154
0.575153
0.575151
0.575145
0.575141
0.575138
0.575137
0.575141
0.575145
0.575152
0.575154
0.575156
0.575155
0.575151
0.575151
0.575138
0.575138
0.57514
0.575146
0.575149
0.575153
0.575156
0.575156
0.575145
0.575141
0.575139
0.575139
0.57514
0.575147
0.575154
0.575154
0.575155
0.575153
0.575146
0.575142
0.57514
0.57514
0.575142
0.575153
0.575182
0.575192
0.575195
0.575195
0.575193
0.575189
0.575182
0.575167
0.575158
0.575135
0.57513
0.575126
0.575125
0.575131
0.575146
0.575146
0.575156
0.575214
0.575234
0.575242
0.575252
0.575253
0.575249
0.575244
0.575238
0.575202
0.575196
0.575196
0.575191
0.575193
0.575193
0.575204
0.575221
0.57526
0.575269
0.575276
0.575284
0.575284
0.575279
0.575274
0.575269
0.575251
0.575249
0.57525
0.575261
0.575268
0.575277
0.575286
0.575296
0.575314
0.575329
0.575338
0.57534
0.575339
0.575337
0.575334
0.575326
0.575322
0.575311
0.575314
0.575319
0.575327
0.575335
0.575355
0.575365
0.575384
0.575391
0.575397
0.575401
0.575399
0.575395
0.57538
0.575375
0.575372
0.57537
0.575371
0.575395
0.575399
0.575399
0.575404
0.575405
0.575403
0.575395
0.57539
0.575385
0.57537
0.575371
0.575375
0.575381
0.575389
0.575407
0.575417
0.575443
0.575459
0.57546
0.575455
0.575443
0.575434
0.575425
0.575415
0.575405
0.575395
0.575365
0.575366
0.575376
0.575384
0.575393
0.575402
0.575423
0.575432
0.575457
0.575455
0.575451
0.575437
0.575428
0.575419
0.5754
0.575391
0.575364
0.575362
0.575364
0.575367
0.57537
0.575375
0.575379
0.575384
0.57539
0.57539
0.575382
0.575377
0.575371
0.57536
0.575354
0.575344
0.575341
0.575337
0.575336
0.575336
0.575332
0.575324
0.575319
0.57531
0.575302
0.575298
0.575297
0.575294
0.575289
0.575286
0.575282
0.575273
0.575273
0.575255
0.575252
0.575247
0.575246
0.575244
0.575239
0.575235
0.575226
0.575205
0.575202
0.5752
0.5752
0.575202
0.575202
0.575199
0.575178
0.575172
0.575172
0.575161
0.575156
0.575148
0.575144
0.57514
0.57512
0.575116
0.57511
0.57511
0.575109
0.575111
0.575113
0.575117
0.575113
0.575101
0.575093
0.575076
0.575068
0.57506
0.57506
0.575047
0.575033
0.575027
0.575026
0.575025
0.575027
0.575032
0.575032
0.575032
0.575014
0.575008
0.575002
0.574996
0.574988
0.574985
0.574979
0.574979
0.574972
0.574972
0.574971
0.57497
0.574969
0.574965
0.574962
0.574959
0.57495
0.574949
0.57495
0.574953
0.574955
0.574955
0.574954
0.574949
0.574942
0.574943
0.574944
0.574946
0.574947
0.574947
0.574948
0.574949
0.574951
0.57495
0.574945
0.57494
0.574939
0.574941
0.574945
0.574964
0.574966
0.574965
0.574961
0.574959
0.574956
0.574953
0.574954
0.574977
0.574984
0.574997
0.575002
0.575007
0.575007
0.575006
0.575003
0.574987
0.574988
0.574992
0.574997
0.575009
0.575016
0.575023
0.57503
0.575051
0.575055
0.575057
0.575059
0.575059
0.575058
0.575058
0.57506
0.575073
0.575089
0.575097
0.575114
0.575122
0.575135
0.575139
0.575145
0.575155
0.57516
0.575165
0.575176
0.575182
0.57519
0.575193
0.575199
0.575212
0.575224
0.57523
0.575236
0.57524
0.575248
0.575252
0.575261
0.575268
0.575289
0.575297
0.575304
0.575317
0.575322
0.575332
0.575336
0.575345
0.575357
0.575366
0.57537
0.575378
0.575382
0.575391
0.575396
0.575409
0.575425
0.57543
0.575434
0.575442
0.575444
0.575451
0.575455
0.575465
0.575481
0.575486
0.575489
0.575494
0.575495
0.575499
0.575502
0.575506
0.575535
0.575541
0.575549
0.575549
0.575546
0.575544
0.575543
0.575551
0.575556
0.575568
0.575574
0.575579
0.575583
0.575586
0.57559
0.575592
0.575601
0.575603
0.575602
0.5756
0.575597
0.575594
0.575588
0.575586
0.575585
0.575602
0.575608
0.57562
0.575626
0.575633
0.575634
0.575633
0.575632
0.575616
0.575606
0.575602
0.575599
0.575599
0.575602
0.575606
0.575617
0.575636
0.575637
0.575635
0.575626
0.575609
0.575599
0.575599
0.575579
0.575549
0.575546
0.575547
0.575555
0.57556
0.575571
0.575575
0.575575
0.575577
0.575572
0.575565
0.575549
0.57554
0.57553
0.57551
0.5755
0.575465
0.575452
0.575447
0.575444
0.575441
0.575439
0.575438
0.575435
0.575415
0.575399
0.575392
0.575378
0.575372
0.575361
0.575356
0.57535
0.575327
0.575321
0.575316
0.575307
0.575304
0.575295
0.57529
0.575277
0.575252
0.575236
0.575229
0.575219
0.575214
0.575204
0.575198
0.575185
0.575152
0.575152
0.575144
0.575132
0.575128
0.57512
0.575115
0.575104
0.575073
0.575065
0.575058
0.575045
0.575041
0.575034
0.57503
0.57502
0.575001
0.574994
0.574986
0.574972
0.574966
0.574954
0.574949
0.574944
0.574919
0.574914
0.574907
0.574905
0.574903
0.5749
0.574898
0.574896
0.574892
0.574866
0.574857
0.574849
0.574832
0.574825
0.574815
0.574812
0.57481
0.574812
0.574812
0.574812
0.574808
0.574804
0.574795
0.57479
0.574778
0.57476
0.574759
0.574759
0.574761
0.574768
0.574772
0.574778
0.57478
0.574763
0.574756
0.574749
0.574737
0.574733
0.574731
0.574731
0.574734
0.574749
0.574752
0.574753
0.574748
0.574745
0.574738
0.574735
0.574735
0.574747
0.574754
0.574762
0.574777
0.574784
0.574794
0.574794
0.574792
0.574783
0.574778
0.574778
0.574783
0.574789
0.574803
0.574811
0.57483
0.574856
0.574862
0.574867
0.574871
0.574872
0.574871
0.574871
0.574873
0.574891
0.574899
0.574907
0.574916
0.574925
0.574944
0.574954
0.574964
0.575019
0.575019
0.575025
0.575032
0.575036
0.575039
0.575041
0.575045
0.575074
0.575084
0.575095
0.575117
0.575127
0.575135
0.575151
0.575158
0.575172
0.575199
0.575209
0.575227
0.575244
0.575252
0.575268
0.575276
0.575284
0.575316
0.575324
0.575332
0.575345
0.575351
0.575367
0.575374
0.575374
0.575407
0.575426
0.575435
0.57545
0.575456
0.575463
0.575476
0.575476
0.57552
0.575529
0.575542
0.575546
0.575549
0.575553
0.575553
0.575557
0.575587
0.575596
0.575606
0.575625
0.575633
0.57565
0.575658
0.575672
0.575688
0.575693
0.575697
0.575703
0.575705
0.575708
0.57571
0.575713
0.575717
0.575743
0.57575
0.575757
0.575768
0.575772
0.575775
0.57578
0.575786
0.575794
0.575797
0.575799
0.5758
0.5758
0.575799
0.5758
0.575801
0.575806
0.575811
0.575812
0.575811
0.575811
0.575812
0.575814
0.575814
0.57582
0.575824
0.575822
0.575818
0.575809
0.575803
0.575798
0.575794
0.575787
0.575786
0.575786
0.575785
0.57578
0.575775
0.57577
0.575765
0.575755
0.575733
0.575727
0.575721
0.575712
0.575708
0.5757
0.575697
0.575692
0.575669
0.575656
0.575651
0.575646
0.57564
0.575637
0.575634
0.575625
0.575595
0.575586
0.575568
0.57556
0.575546
0.57554
0.575527
0.57552
0.575496
0.575478
0.575469
0.575453
0.575446
0.575432
0.575426
0.575419
0.575381
0.57537
0.575359
0.575341
0.575333
0.575319
0.575312
0.575304
0.575266
0.575246
0.575238
0.575222
0.575214
0.575196
0.575196
0.575177
0.575133
0.575114
0.575106
0.575106
0.575091
0.575084
0.575076
0.575059
0.575005
0.574995
0.574986
0.574971
0.574965
0.574958
0.574951
0.574935
0.574895
0.574874
0.574865
0.574857
0.574844
0.574838
0.574838
0.574831
0.574816
0.574772
0.574758
0.57475
0.574747
0.574744
0.574738
0.574733
0.574713
0.574696
0.574696
0.57468
0.574673
0.574662
0.574651
0.574646
0.574621
0.574615
0.574615
0.574599
0.574599
0.574597
0.574594
0.574593
0.574593
0.574586
0.574581
0.574569
0.574557
0.574548
0.574548
0.574545
0.574544
0.574553
0.574561
0.574564
0.574565
0.574565
0.57456
0.574555
0.574549
0.574519
0.574516
0.574516
0.574518
0.574528
0.574536
0.574544
0.574553
0.574561
0.574591
0.574594
0.574594
0.574593
0.574589
0.574586
0.574583
0.574581
0.574579
0.574589
0.574596
0.574614
0.574625
0.574636
0.574647
0.574669
0.574681
0.574693
0.574738
0.574748
0.574766
0.574775
0.574777
0.574778
0.574778
0.574787
0.574803
0.574813
0.574825
0.574851
0.574865
0.574878
0.574892
0.574906
0.574954
0.574964
0.574982
0.574989
0.575011
0.575019
0.575029
0.575084
0.575095
0.575105
0.575122
0.575129
0.575136
0.575144
0.575152
0.575162
0.575237
0.575252
0.57528
0.575292
0.575302
0.575316
0.575321
0.575326
0.575344
0.575351
0.575359
0.575369
0.57538
0.575392
0.575418
0.575432
0.575461
0.575505
0.575519
0.575547
0.57556
0.575582
0.575582
0.575593
0.575612
0.575642
0.575664
0.575687
0.575697
0.575707
0.575724
0.575733
0.575751
0.57578
0.575797
0.575805
0.575811
0.575817
0.575824
0.575827
0.57583
0.575838
0.57586
0.575869
0.575879
0.575897
0.575905
0.575913
0.575921
0.575934
0.57594
0.575959
0.575964
0.575971
0.575982
0.575986
0.575989
0.575991
0.57599
0.57599
0.575994
0.575999
0.576005
0.576017
0.576022
0.576027
0.576031
0.57603
0.57602
0.576011
0.576008
0.576005
0.576003
0.576005
0.576007
0.576009
0.576009
0.576004
0.575999
0.575992
0.575984
0.575969
0.575961
0.575955
0.57595
0.575939
0.575935
0.575931
0.575921
0.575914
0.575907
0.575891
0.575884
0.575853
0.575844
0.575836
0.575828
0.575815
0.575815
0.575805
0.5758
0.575747
0.575736
0.575715
0.575705
0.575696
0.575688
0.57567
0.57567
0.575606
0.575606
0.575597
0.575583
0.575577
0.575565
0.57555
0.575542
0.575484
0.57547
0.575444
0.575432
0.575421
0.575411
0.575401
0.57539
0.575379
0.575317
0.575317
0.575303
0.575276
0.575264
0.57524
0.575228
0.575204
0.575151
0.575138
0.575127
0.575106
0.575097
0.575087
0.575077
0.575054
0.574998
0.574983
0.574969
0.574944
0.574934
0.574934
0.574901
0.574901
0.574892
0.574848
0.574835
0.574808
0.574795
0.574772
0.574761
0.574739
0.574728
0.574683
0.574671
0.57466
0.574639
0.574629
0.574611
0.574603
0.574595
0.57457
0.574541
0.574531
0.574513
0.574505
0.57449
0.57449
0.574451
0.574445
0.57444
0.574436
0.574432
0.574432
0.574431
0.574431
0.574424
0.574407
0.5744
0.574387
0.574381
0.574375
0.57437
0.574364
0.574361
0.574349
0.574346
0.574342
0.574341
0.574343
0.574349
0.574353
0.574361
0.574365
0.57436
0.574357
0.574351
0.574349
0.574349
0.57435
0.574363
0.574384
0.57439
0.574399
0.5744
0.574401
0.574401
0.574399
0.574399
0.574399
0.574419
0.574428
0.574438
0.574449
0.57446
0.57448
0.57449
0.574501
0.57451
0.574558
0.574568
0.574576
0.574584
0.574591
0.574605
0.574612
0.57462
0.574628
0.574685
0.574698
0.574712
0.574725
0.57475
0.574761
0.574761
0.574772
0.574783
0.574846
0.574859
0.574872
0.574897
0.574909
0.574921
0.574935
0.574949
0.574979
0.575027
0.575061
0.575077
0.575091
0.575105
0.575118
0.57513
0.575142
0.575155
0.575183
0.575231
0.575266
0.575283
0.575299
0.575299
0.575332
0.575347
0.575362
0.575393
0.575458
0.575475
0.575491
0.575506
0.575521
0.575549
0.575549
0.575578
0.575592
0.575669
0.575684
0.575698
0.575724
0.575745
0.575755
0.575755
0.575765
0.575822
0.575833
0.575845
0.575856
0.575877
0.575888
0.57591
0.575921
0.575979
0.575989
0.575997
0.576004
0.576018
0.576022
0.576027
0.576039
0.576064
0.576073
0.576083
0.576092
0.576107
0.576113
0.576124
0.576124
0.576136
0.576165
0.576173
0.57618
0.576191
0.576193
0.576194
0.576194
0.576193
0.576189
0.576188
0.576191
0.576199
0.576203
0.576208
0.576214
0.576215
0.576215
0.576207
0.576204
0.5762
0.5762
0.5762
0.576203
0.576204
0.576204
0.576204
0.576183
0.576165
0.576156
0.576147
0.576138
0.57613
0.576117
0.576111
0.576104
0.57606
0.576054
0.576049
0.57604
0.576035
0.576024
0.576016
0.575981
0.575972
0.575963
0.575955
0.575948
0.575925
0.575915
0.575905
0.575893
0.575839
0.575825
0.575812
0.575786
0.575773
0.575761
0.575736
0.57571
0.575681
0.575651
0.575637
0.575624
0.575601
0.57559
0.575567
0.575542
0.575481
0.575465
0.57545
0.57545
0.575421
0.575408
0.575395
0.575381
0.575338
0.575276
0.575276
0.575261
0.57523
0.57523
0.5752
0.575184
0.575168
0.575135
0.575084
0.57505
0.575034
0.575018
0.575002
0.574969
0.574952
0.574918
0.57485
0.574834
0.574819
0.574792
0.574779
0.574766
0.574754
0.574728
0.574656
0.574641
0.574628
0.574605
0.574594
0.574584
0.574563
0.574552
0.57454
0.574502
0.574474
0.57446
0.574447
0.574434
0.574411
0.5744
0.57439
0.574379
0.574334
0.574322
0.574322
0.574291
0.574282
0.574267
0.57426
0.574253
0.574226
0.574213
0.574204
0.574201
0.574199
0.574197
0.574193
0.57419
0.574175
0.574161
0.574154
0.574148
0.574143
0.574135
0.574134
0.574136
0.574145
0.574146
0.574146
0.574146
0.574146
0.574147
0.574149
0.574157
0.574178
0.574182
0.574185
0.574186
0.574186
0.574186
0.574186
0.574186
0.574187
0.574222
0.574222
0.57424
0.574248
0.574266
0.574274
0.574294
0.574345
0.574354
0.574361
0.574366
0.574366
0.574375
0.574378
0.57438
0.57439
0.57443
0.57443
0.574443
0.574457
0.574472
0.574503
0.574519
0.574551
0.574619
0.574635
0.574664
0.574676
0.574686
0.574704
0.574712
0.574728
0.57477
0.574785
0.574801
0.574818
0.574853
0.574871
0.57489
0.574928
0.574947
0.575005
0.575024
0.575062
0.57508
0.575098
0.575116
0.575134
0.575171
0.57519
0.575267
0.575307
0.575326
0.575344
0.575361
0.575393
0.575407
0.575436
0.575436
0.575522
0.575561
0.575597
0.575614
0.575631
0.575647
0.575662
0.575678
0.575692
0.575738
0.575772
0.575789
0.575805
0.575821
0.575836
0.575852
0.575885
0.575901
0.575972
0.575989
0.576022
0.576037
0.57605
0.576063
0.576088
0.576101
0.576113
0.576164
0.576177
0.576188
0.57621
0.57621
0.57623
0.576241
0.576261
0.576299
0.576308
0.576317
0.576331
0.576335
0.576338
0.576343
0.576345
0.576348
0.576363
0.57637
0.576377
0.576396
0.576402
0.576406
0.57641
0.576412
0.576407
0.576405
0.576405
0.576406
0.576408
0.576415
0.576416
0.576414
0.576401
0.576392
0.576389
0.576386
0.576385
0.576384
0.576384
0.576379
0.576344
0.576334
0.576325
0.576315
0.576307
0.576294
0.576288
0.576277
0.576246
0.576227
0.576218
0.576209
0.576201
0.576194
0.576186
0.57617
0.576125
0.576112
0.5761
0.576065
0.576054
0.576042
0.576029
0.576016
0.575959
0.57593
0.575916
0.575904
0.575893
0.575861
0.575849
0.575836
0.575773
0.575755
0.575737
0.575701
0.575684
0.575668
0.575652
0.57562
0.575603
0.575549
0.575511
0.575492
0.575436
0.575418
0.575382
0.575365
0.575299
0.575267
0.575251
0.575237
0.575208
0.575177
0.575161
0.575144
0.575059
0.575041
0.575024
0.575008
0.574993
0.574979
0.574964
0.574935
0.574845
0.574825
0.574805
0.574767
0.57475
0.574734
0.574718
0.574702
0.574615
0.574597
0.57458
0.574548
0.574534
0.574507
0.574493
0.574463
0.574416
0.574401
0.574385
0.574358
0.574346
0.57432
0.574308
0.574282
0.574244
0.574219
0.574207
0.574185
0.574175
0.574154
0.574143
0.574121
0.574079
0.574072
0.574065
0.574057
0.574057
0.574049
0.574044
0.574039
0.573998
0.573989
0.57398
0.573973
0.57396
0.57396
0.573959
0.57396
0.573961
0.573963
0.573958
0.573954
0.573949
0.573938
0.573931
0.573931
0.573928
0.573938
0.573953
0.573961
0.573979
0.573988
0.573995
0.574008
0.574011
0.574014
0.574014
0.574014
0.574016
0.574019
0.574029
0.574037
0.574055
0.574115
0.574128
0.574128
0.574151
0.574161
0.574178
0.574193
0.5742
0.574238
0.574262
0.574273
0.574285
0.574296
0.57432
0.57432
0.574346
0.574361
0.574408
0.574443
0.57446
0.574491
0.574506
0.574537
0.574552
0.574569
0.574639
0.574696
0.574731
0.574746
0.574773
0.574785
0.574809
0.574868
0.574884
0.574884
0.574916
0.574932
0.574967
0.574986
0.575004
0.575023
0.575101
0.575122
0.575164
0.575185
0.575206
0.575228
0.575294
0.575395
0.575412
0.575427
0.575456
0.575469
0.575497
0.575513
0.575529
0.575602
0.575622
0.575642
0.575681
0.5757
0.575737
0.575755
0.575791
0.575868
0.575868
0.575888
0.575926
0.575942
0.575974
0.575989
0.576018
0.576082
0.576115
0.576115
0.576146
0.57616
0.57619
0.576205
0.576236
0.576297
0.576312
0.576312
0.576337
0.576357
0.576367
0.576375
0.576393
0.576437
0.576449
0.576461
0.576481
0.576489
0.576497
0.576505
0.576513
0.576561
0.576568
0.576578
0.576581
0.576582
0.576582
0.576581
0.576577
0.576579
0.576585
0.576599
0.576608
0.576625
0.576632
0.576638
0.576643
0.576644
0.576638
0.576625
0.576603
0.576596
0.576583
0.576578
0.57657
0.576556
0.576551
0.576539
0.576533
0.576521
0.576515
0.576501
0.576494
0.576472
0.576454
0.576445
0.576427
0.576418
0.5764
0.57639
0.576367
0.57633
0.576317
0.576305
0.576283
0.576273
0.576251
0.576239
0.57615
0.576134
0.576118
0.576089
0.576076
0.576064
0.576053
0.576042
0.576019
0.575976
0.575959
0.575923
0.575904
0.575869
0.575852
0.575834
0.575797
0.575693
0.575671
0.575649
0.575627
0.575606
0.575586
0.575566
0.575506
0.575428
0.575409
0.575373
0.575356
0.575339
0.575339
0.575305
0.575287
0.575247
0.57516
0.575138
0.575116
0.575073
0.575052
0.575031
0.57501
0.574989
0.574853
0.57483
0.574789
0.574769
0.574715
0.574697
0.57468
0.574662
0.574587
0.574567
0.574547
0.57451
0.574492
0.574474
0.574457
0.574439
0.574342
0.574321
0.574301
0.574245
0.574229
0.574201
0.574188
0.574163
0.574125
0.574113
0.574089
0.574068
0.574049
0.57404
0.574019
0.573974
0.573962
0.573951
0.573917
0.573905
0.573882
0.573871
0.573861
0.573826
0.57382
0.573814
0.573808
0.573806
0.573804
0.573802
0.573799
0.573756
0.573756
0.573749
0.573737
0.573733
0.573732
0.573735
0.573745
0.573769
0.573774
0.573777
0.57378
0.573777
0.573777
0.573774
0.573768
0.573763
0.573769
0.573774
0.57378
0.573788
0.573806
0.573817
0.573838
0.57387
0.57389
0.573898
0.573911
0.573917
0.573928
0.573935
0.573951
0.573996
0.57401
0.574023
0.57405
0.574064
0.574078
0.574092
0.574121
0.574183
0.574199
0.574231
0.574246
0.574277
0.574293
0.574309
0.574325
0.574415
0.574434
0.574452
0.574487
0.574503
0.574535
0.574552
0.574587
0.574643
0.574662
0.574681
0.574739
0.574759
0.5748
0.574821
0.574842
0.574905
0.574948
0.574969
0.574991
0.575011
0.575052
0.575072
0.575093
0.575115
0.575209
0.575234
0.575283
0.575307
0.57533
0.575376
0.575399
0.575469
0.57554
0.575565
0.575589
0.575612
0.575635
0.575699
0.575721
0.575743
0.57585
0.575872
0.575893
0.575915
0.575936
0.575956
0.575998
0.57602
0.576125
0.576145
0.576164
0.576198
0.576214
0.576243
0.576257
0.576288
0.576337
0.576353
0.576385
0.576399
0.576427
0.576441
0.576456
0.576471
0.576487
0.576556
0.576573
0.576588
0.576614
0.576625
0.576635
0.576646
0.576678
0.576722
0.576722
0.576732
0.576741
0.576755
0.576761
0.576766
0.57677
0.576775
0.576786
0.576806
0.576812
0.576814
0.576814
0.576813
0.576811
0.57681
0.57681
0.576814
0.576816
0.576816
0.576814
0.57681
0.576805
0.576798
0.576784
0.576743
0.576743
0.576736
0.576728
0.576725
0.576721
0.576719
0.576712
0.576678
0.576666
0.576654
0.576627
0.576613
0.576583
0.576568
0.576538
0.576479
0.576465
0.57645
0.576436
0.576424
0.5764
0.576388
0.576375
0.576297
0.57628
0.576262
0.576229
0.576212
0.576178
0.576161
0.576049
0.57603
0.576012
0.575995
0.575964
0.575949
0.575899
0.575881
0.57582
0.575775
0.575775
0.575729
0.575707
0.575662
0.57564
0.575619
0.575509
0.575485
0.575462
0.575415
0.575392
0.575368
0.575344
0.57532
0.575197
0.575173
0.575149
0.575085
0.575064
0.575022
0.575001
0.574957
0.57489
0.574845
0.574824
0.574803
0.574762
0.574741
0.57472
0.574677
0.574654
0.574583
0.574558
0.574533
0.574486
0.574463
0.574419
0.574397
0.574374
0.574352
0.574257
0.574211
0.574211
0.574168
0.574148
0.574128
0.574109
0.57407
0.573991
0.573971
0.573953
0.57392
0.573905
0.573875
0.57386
0.573844
0.573829
0.573766
0.573752
0.573739
0.573727
0.573716
0.573695
0.573685
0.573663
0.573619
0.573611
0.573604
0.573597
0.573594
0.573594
0.573593
0.573567
0.57356
0.573545
0.573545
0.573539
0.573535
0.573532
0.573533
0.573569
0.573569
0.573586
0.573586
0.57359
0.57359
0.573589
0.573587
0.573579
0.57358
0.57358
0.573583
0.573595
0.573613
0.573624
0.573634
0.573697
0.57371
0.573723
0.573735
0.573746
0.573777
0.573788
0.5738
0.573813
0.573854
0.573885
0.573901
0.573917
0.573933
0.573967
0.573985
0.57402
0.574093
0.574111
0.57413
0.574166
0.574183
0.574202
0.57422
0.574259
0.574369
0.574369
0.574391
0.574434
0.574454
0.574493
0.574513
0.574533
0.574643
0.574667
0.57469
0.574735
0.574757
0.574778
0.5748
0.574842
0.574935
0.574988
0.575015
0.575068
0.575093
0.575119
0.575145
0.575198
0.575303
0.575355
0.57538
0.575404
0.575426
0.575448
0.575469
0.57549
0.575511
0.575605
0.575658
0.575685
0.575712
0.575739
0.575792
0.575817
0.575842
0.57597
0.575997
0.576023
0.576048
0.576095
0.576118
0.576141
0.576186
0.576278
0.576325
0.576347
0.576369
0.576389
0.576426
0.576444
0.576479
0.576551
0.576586
0.576603
0.576634
0.57665
0.576665
0.576696
0.576696
0.576766
0.57678
0.576805
0.576816
0.576837
0.576847
0.576868
0.576919
0.576928
0.576935
0.57694
0.576949
0.576949
0.576954
0.57699
0.576997
0.576997
0.577006
0.577009
0.577008
0.577001
0.576996
0.576998
0.577002
0.577006
0.577012
0.577024
0.57703
0.577035
0.577042
0.577032
0.577024
0.577013
0.576989
0.576976
0.576948
0.576935
0.576921
0.576873
0.576861
0.57684
0.57683
0.576822
0.576816
0.576809
0.576803
0.576797
0.576752
0.576739
0.576725
0.576709
0.576693
0.576658
0.576639
0.576619
0.576576
0.576485
0.576439
0.576418
0.576397
0.576377
0.576337
0.576317
0.576275
0.576185
0.576163
0.57614
0.576077
0.576077
0.576035
0.576014
0.575971
0.575881
0.575858
0.575835
0.575813
0.575791
0.57577
0.575726
0.575704
0.575682
0.575582
0.575554
0.575527
0.575444
0.575415
0.575386
0.575357
0.575297
0.575207
0.575148
0.57512
0.575067
0.575041
0.57499
0.574964
0.574911
0.574804
0.574778
0.574753
0.574729
0.574683
0.57466
0.574637
0.574612
0.574587
0.57448
0.574452
0.574425
0.574373
0.574321
0.574296
0.57427
0.574245
0.574118
0.57407
0.574026
0.574026
0.573987
0.573968
0.57393
0.573911
0.573855
0.573817
0.573798
0.573762
0.573746
0.57373
0.573698
0.573666
0.573604
0.57359
0.573577
0.573564
0.573551
0.573526
0.573514
0.573501
0.573489
0.573443
0.573433
0.573423
0.573415
0.573407
0.573399
0.573391
0.573383
0.573368
0.573361
0.573344
0.573341
0.573341
0.573341
0.573348
0.573351
0.573355
0.573361
0.573364
0.57338
0.573385
0.573389
0.573397
0.573401
0.57341
0.573416
0.573423
0.573456
0.573476
0.573485
0.573495
0.573505
0.573516
0.573539
0.573551
0.573564
0.573622
0.573637
0.573667
0.573682
0.573697
0.573743
0.573759
0.573775
0.573845
0.573863
0.573881
0.573916
0.573932
0.573948
0.573964
0.573999
0.573999
0.574084
0.574107
0.574155
0.57418
0.574205
0.574255
0.57428
0.574306
0.574332
0.574411
0.574466
0.574493
0.574547
0.574573
0.5746
0.574655
0.574684
0.57483
0.574861
0.574861
0.57492
0.574949
0.575007
0.575036
0.575095
0.57521
0.575238
0.575264
0.575315
0.575339
0.575388
0.575414
0.575439
0.575547
0.575576
0.575634
0.575662
0.57569
0.575744
0.575771
0.575797
0.575823
0.575934
0.575963
0.576021
0.576049
0.576049
0.576105
0.576133
0.576189
0.576216
0.576325
0.576353
0.57638
0.576407
0.576458
0.576506
0.57653
0.576553
0.576644
0.576687
0.576687
0.576707
0.576746
0.576765
0.576784
0.576824
0.576843
0.576922
0.57694
0.576958
0.576989
0.577003
0.577016
0.577028
0.577041
0.57711
0.577122
0.577133
0.57715
0.577159
0.577162
0.577164
0.57717
0.577185
0.577192
0.577206
0.577217
0.577221
0.577224
0.577223
0.577222
0.577207
0.577203
0.577199
0.577196
0.577192
0.57719
0.577188
0.577181
0.577176
0.577163
0.577138
0.577129
0.577109
0.577098
0.577098
0.577075
0.57705
0.576996
0.576983
0.57697
0.576947
0.576935
0.576912
0.576912
0.576899
0.576886
0.576819
0.576781
0.576761
0.576741
0.576702
0.576682
0.576663
0.576623
0.576535
0.576511
0.576487
0.576442
0.57642
0.576398
0.576356
0.576335
0.576241
0.576216
0.576167
0.576143
0.57612
0.576098
0.576053
0.57603
0.57598
0.5759
0.575872
0.575843
0.575814
0.575754
0.575694
0.575663
0.5756
0.575472
0.57544
0.57544
0.575376
0.575345
0.575285
0.575255
0.575195
0.575074
0.575045
0.575017
0.574964
0.574938
0.574912
0.574858
0.57483
0.574801
0.574708
0.574676
0.574644
0.574549
0.574519
0.574489
0.574429
0.574399
0.574278
0.574249
0.574221
0.574194
0.574169
0.574098
0.574074
0.574025
0.573923
0.573898
0.573874
0.573829
0.573807
0.573785
0.573742
0.573721
0.573639
0.573618
0.573598
0.573579
0.573542
0.573523
0.573504
0.573464
0.573387
0.57337
0.573354
0.573329
0.573319
0.57331
0.573295
0.573287
0.573279
0.573225
0.573213
0.573192
0.573184
0.573177
0.573165
0.57316
0.573149
0.573149
0.573152
0.573152
0.573151
0.57315
0.573147
0.573141
0.573141
0.573146
0.573153
0.573168
0.573168
0.573176
0.573192
0.573201
0.57322
0.573251
0.573273
0.573284
0.573295
0.573307
0.573319
0.573332
0.573358
0.573371
0.573427
0.573442
0.573457
0.573488
0.573504
0.573521
0.573538
0.573556
0.573656
0.573697
0.573717
0.573755
0.573773
0.573792
0.57381
0.573848
0.57391
0.573956
0.574003
0.574048
0.574048
0.574093
0.574117
0.574141
0.574242
0.574269
0.574295
0.574348
0.574374
0.574426
0.574453
0.574508
0.574626
0.574656
0.574685
0.574741
0.574768
0.574823
0.574852
0.574908
0.574996
0.575027
0.575059
0.575122
0.575154
0.575218
0.57525
0.575314
0.575409
0.57544
0.575503
0.575533
0.575562
0.575619
0.575648
0.575707
0.575862
0.575892
0.575892
0.575948
0.575974
0.576028
0.576055
0.576082
0.576196
0.576256
0.576286
0.576314
0.57637
0.576397
0.576425
0.576479
0.576587
0.576615
0.576642
0.576695
0.57672
0.576745
0.576769
0.576815
0.576932
0.576954
0.576975
0.576994
0.577028
0.577058
0.577072
0.577086
0.577131
0.577179
0.577194
0.577222
0.577235
0.577248
0.577261
0.577286
0.577336
0.577348
0.577359
0.577376
0.577382
0.577384
0.577384
0.577382
0.577371
0.577373
0.577373
0.577378
0.57739
0.577398
0.577406
0.577413
0.577426
0.577435
0.577431
0.577425
0.577417
0.577398
0.577386
0.577375
0.577363
0.577351
0.577272
0.57726
0.577249
0.577238
0.577229
0.577219
0.577199
0.577187
0.577097
0.57708
0.577048
0.577048
0.577033
0.577007
0.576994
0.576981
0.576898
0.576878
0.576858
0.576818
0.576798
0.576778
0.576735
0.576713
0.576689
0.576614
0.57656
0.576533
0.576505
0.576476
0.576421
0.576392
0.576334
0.576185
0.576185
0.576155
0.576126
0.576097
0.576008
0.575947
0.575798
0.575769
0.575743
0.575717
0.57567
0.575646
0.575623
0.575574
0.575464
0.575406
0.575377
0.575349
0.57532
0.575291
0.575261
0.575199
0.575168
0.575032
0.574997
0.574962
0.574892
0.574858
0.57479
0.574755
0.574683
0.574575
0.574539
0.574505
0.57444
0.57441
0.57438
0.57435
0.57429
0.57426
0.574134
0.574101
0.574038
0.574007
0.573946
0.573917
0.57386
0.573832
0.573805
0.573698
0.573671
0.57362
0.57362
0.573596
0.573547
0.573523
0.573498
0.57345
0.573355
0.573332
0.573311
0.573271
0.573271
0.573234
0.573217
0.573182
0.573115
0.5731
0.573087
0.573064
0.573055
0.573055
0.573037
0.573018
0.572982
0.572969
0.572965
0.572963
0.572963
0.572963
0.572966
0.572967
0.572967
0.572953
0.572947
0.572941
0.572936
0.572927
0.572925
0.572929
0.572942
0.572989
0.573003
0.573016
0.573029
0.573041
0.573041
0.573075
0.573086
0.573151
0.573165
0.573178
0.573203
0.573227
0.573253
0.573267
0.573349
0.573386
0.573403
0.573433
0.573446
0.573469
0.573481
0.573505
0.573551
0.57357
0.573591
0.573613
0.573683
0.573707
0.573733
0.573758
0.573891
0.573918
0.573946
0.574001
0.574001
0.574057
0.574085
0.574143
0.574262
0.574292
0.57432
0.574375
0.574401
0.574456
0.574484
0.574544
0.574672
0.574705
0.574738
0.574803
0.574835
0.574898
0.57493
0.575129
0.575162
0.575194
0.575225
0.575282
0.575308
0.575334
0.575361
0.575415
0.575504
0.575568
0.575632
0.575665
0.575697
0.57573
0.575764
0.575797
0.57583
0.576004
0.57604
0.576077
0.576149
0.576184
0.576219
0.576254
0.576322
0.576322
0.576455
0.576488
0.576521
0.576587
0.576619
0.576651
0.576683
0.576745
0.57687
0.5769
0.576957
0.576983
0.57703
0.577052
0.577094
0.577115
0.577225
0.577225
0.577284
0.577301
0.577333
0.577348
0.577362
0.577431
0.577446
0.577459
0.577472
0.577482
0.577501
0.577509
0.577525
0.577561
0.57757
0.577588
0.577596
0.577602
0.577609
0.57761
0.57761
0.57761
0.577612
0.577612
0.577611
0.577609
0.577602
0.577598
0.577594
0.577562
0.577555
0.577555
0.57754
0.577532
0.577516
0.577508
0.577499
0.577443
0.577431
0.57742
0.577401
0.577401
0.577382
0.577371
0.577348
0.577303
0.577267
0.577249
0.577231
0.577195
0.577176
0.577137
0.577117
0.57698
0.576956
0.576932
0.576886
0.576863
0.576841
0.576796
0.576702
0.576654
0.57663
0.576605
0.576581
0.57653
0.576503
0.576476
0.576336
0.576307
0.57625
0.576221
0.576192
0.576134
0.576105
0.576044
0.575947
0.575882
0.57585
0.575819
0.575788
0.575726
0.575695
0.575663
0.575489
0.575453
0.575418
0.575383
0.575349
0.575315
0.575246
0.575176
0.574993
0.574957
0.574957
0.574887
0.574853
0.574819
0.574753
0.574685
0.574547
0.574513
0.574513
0.574445
0.574412
0.574379
0.574346
0.574279
0.574107
0.574072
0.574038
0.573971
0.573938
0.573906
0.573874
0.573812
0.573692
0.573664
0.57361
0.573585
0.57356
0.573535
0.573485
0.573459
0.573433
0.573325
0.573298
0.573272
0.573225
0.573202
0.573179
0.573135
0.573135
0.573025
0.573003
0.572984
0.572948
0.572932
0.572917
0.57289
0.572878
0.57283
0.572819
0.572798
0.57279
0.572783
0.572771
0.572766
0.572762
0.572757
0.572748
0.572748
0.572749
0.572751
0.572752
0.572752
0.572753
0.572758
0.572779
0.572786
0.572793
0.572807
0.572813
0.572828
0.572837
0.572847
0.572857
0.572892
0.572918
0.572931
0.572944
0.572971
0.572984
0.572999
0.573031
0.573107
0.573127
0.573148
0.573187
0.573205
0.573243
0.573262
0.573301
0.573387
0.57341
0.573433
0.573457
0.57348
0.573527
0.573551
0.5736
0.573706
0.57376
0.573787
0.573814
0.573841
0.573868
0.573896
0.573924
0.573953
0.574114
0.574149
0.574184
0.574255
0.574291
0.574328
0.574401
0.574401
0.574585
0.574623
0.574697
0.574733
0.574768
0.57484
0.574876
0.574949
0.575099
0.575137
0.575173
0.575242
0.575275
0.575308
0.575341
0.575407
0.575587
0.575625
0.575662
0.575698
0.575734
0.575879
0.575952
0.576088
0.576118
0.576147
0.576175
0.576202
0.576229
0.576283
0.57631
0.576368
0.576462
0.576495
0.576561
0.576594
0.576656
0.576687
0.576749
0.576781
0.57694
0.576972
0.576972
0.577033
0.577062
0.577089
0.577115
0.577165
0.57719
0.577322
0.57737
0.577392
0.577412
0.57743
0.577448
0.577482
0.577499
0.577589
0.577608
0.577642
0.577657
0.577671
0.577684
0.577695
0.577715
0.577725
0.577755
0.577765
0.577785
0.577794
0.577801
0.577806
0.577809
0.577809
0.577807
0.577794
0.57779
0.57779
0.577791
0.577791
0.577796
0.577799
0.577804
0.577788
0.577778
0.577768
0.577743
0.577729
0.577714
0.577699
0.577667
0.5776
0.577585
0.57757
0.577543
0.57753
0.577517
0.577489
0.577456
0.577396
0.577353
0.577332
0.577311
0.57729
0.577248
0.577226
0.577203
0.57705
0.57705
0.577024
0.576973
0.576948
0.576899
0.576875
0.576824
0.57671
0.576681
0.576651
0.576623
0.576594
0.576537
0.576509
0.57648
0.576419
0.576283
0.576245
0.576169
0.576131
0.576055
0.576017
0.575979
0.575792
0.575756
0.57572
0.575652
0.575619
0.575553
0.575519
0.575452
0.575309
0.575271
0.575234
0.575198
0.575162
0.575127
0.575056
0.57502
0.574822
0.574741
0.574741
0.574663
0.574626
0.574554
0.574518
0.574307
0.574273
0.574207
0.574176
0.574117
0.574117
0.574059
0.57403
0.573971
0.573879
0.573847
0.573781
0.573748
0.573685
0.573653
0.573591
0.573559
0.573403
0.573371
0.573341
0.573311
0.573282
0.573228
0.573202
0.573176
0.573075
0.573024
0.572999
0.572975
0.572975
0.572932
0.572911
0.572873
0.572795
0.572757
0.57274
0.57271
0.572697
0.572697
0.572684
0.57266
0.572648
0.572602
0.572592
0.572576
0.572569
0.572564
0.572554
0.57255
0.57255
0.572546
0.572554
0.572559
0.572565
0.572574
0.572581
0.572585
0.572595
0.572614
0.572621
0.572628
0.57265
0.572659
0.572668
0.572678
0.572701
0.572739
0.572766
0.57278
0.572794
0.572822
0.572837
0.572854
0.57289
0.57297
0.572991
0.573011
0.573049
0.573086
0.573105
0.573126
0.573168
0.573265
0.573291
0.573317
0.573341
0.573366
0.573415
0.57344
0.573465
0.57352
0.573645
0.573679
0.573714
0.573748
0.573817
0.573852
0.57392
0.573955
0.574096
0.574132
0.574169
0.574242
0.574279
0.574316
0.574354
0.57443
0.574584
0.574623
0.574699
0.574775
0.574813
0.57489
0.57489
0.574968
0.575127
0.575166
0.575205
0.575281
0.575318
0.575393
0.57543
0.575468
0.575625
0.575666
0.575707
0.575789
0.575829
0.575907
0.575946
0.575985
0.576179
0.576218
0.576256
0.576294
0.576333
0.576371
0.576446
0.576483
0.576519
0.576666
0.576703
0.576739
0.576811
0.576846
0.576882
0.576917
0.576952
0.576986
0.577125
0.577159
0.577193
0.577256
0.577287
0.577348
0.577379
0.57741
0.577529
0.577558
0.577584
0.577633
0.577655
0.577698
0.577718
0.577738
0.577778
0.577835
0.577854
0.577871
0.577887
0.577902
0.57793
0.577942
0.577964
0.577974
0.577996
0.578008
0.578012
0.578012
0.578015
0.578016
0.578015
0.578012
0.57801
0.577993
0.577986
0.577971
0.577964
0.577958
0.577948
0.577942
0.577929
0.577889
0.577877
0.577863
0.57785
0.577836
0.577808
0.57778
0.577765
0.577701
0.577668
0.577651
0.577635
0.577601
0.577584
0.577584
0.577565
0.577524
0.577424
0.577397
0.577371
0.577319
0.577293
0.577266
0.577239
0.577183
0.577183
0.577154
0.577025
0.576953
0.57688
0.576845
0.576809
0.576739
0.576704
0.576669
0.576525
0.576487
0.576449
0.576375
0.576338
0.576231
0.576231
0.576195
0.576047
0.575969
0.575929
0.57589
0.575813
0.575775
0.575737
0.575659
0.57562
0.575458
0.575416
0.575416
0.575331
0.575288
0.575201
0.575157
0.575113
0.575068
0.574845
0.574756
0.574713
0.574669
0.574627
0.574585
0.574501
0.574294
0.574254
0.574216
0.574178
0.574106
0.57407
0.574035
0.573812
0.573774
0.573703
0.573703
0.573638
0.573607
0.573576
0.573546
0.573514
0.573483
0.573384
0.573315
0.57328
0.573213
0.573181
0.573148
0.573117
0.573055
0.572961
0.57293
0.572842
0.572815
0.57279
0.572765
0.572741
0.572717
0.572673
0.572587
0.572567
0.572548
0.572531
0.572514
0.572498
0.572482
0.572436
0.572385
0.572375
0.572367
0.572358
0.572357
0.572357
0.572358
0.572361
0.572365
0.572366
0.572361
0.572358
0.572354
0.572354
0.572358
0.572358
0.57237
0.572398
0.57242
0.572432
0.572444
0.572456
0.57248
0.572493
0.572506
0.572521
0.572536
0.572609
0.57263
0.572651
0.572672
0.572693
0.572757
0.57278
0.572803
0.5729
0.572952
0.572977
0.573002
0.573027
0.573077
0.573103
0.573157
0.573213
0.573303
0.573303
0.573334
0.573395
0.573485
0.573517
0.573548
0.573677
0.573711
0.573745
0.573814
0.573848
0.573918
0.573954
0.57399
0.574139
0.574176
0.574249
0.574285
0.57432
0.57439
0.574425
0.574497
0.574654
0.574695
0.574737
0.574778
0.574861
0.574903
0.574945
0.574987
0.575073
0.575205
0.575297
0.575343
0.575389
0.57548
0.575525
0.575571
0.575617
0.575663
0.575849
0.575896
0.575988
0.576033
0.576078
0.576123
0.576212
0.576212
0.576346
0.57648
0.57648
0.576524
0.576654
0.576696
0.576737
0.576779
0.576861
0.576861
0.577106
0.577145
0.577181
0.577217
0.577251
0.577317
0.577349
0.577412
0.57754
0.57757
0.577627
0.577627
0.577678
0.577702
0.577726
0.57775
0.577773
0.577892
0.577916
0.577938
0.577982
0.578004
0.578004
0.578045
0.578064
0.578083
0.578146
0.578159
0.578169
0.578184
0.578188
0.57819
0.578192
0.578193
0.5782
0.578205
0.57821
0.578219
0.578223
0.578225
0.578223
0.578212
0.578174
0.578162
0.57815
0.578138
0.578127
0.578106
0.578085
0.578073
0.578004
0.577989
0.57796
0.577946
0.577919
0.577904
0.577889
0.577874
0.577823
0.577782
0.57776
0.577737
0.577692
0.577669
0.577645
0.57762
0.577568
0.577484
0.577424
0.577362
0.57733
0.577298
0.577234
0.577203
0.577171
0.577039
0.577005
0.576971
0.576938
0.576904
0.576837
0.576802
0.576767
0.57673
0.576575
0.576534
0.576492
0.576408
0.576367
0.576282
0.576197
0.576155
0.575978
0.575932
0.575839
0.575793
0.575748
0.575704
0.575616
0.575572
0.575351
0.575308
0.575181
0.57514
0.5751
0.575059
0.57498
0.574822
0.574782
0.574743
0.574668
0.57463
0.574592
0.574554
0.574515
0.574475
0.574308
0.57422
0.574177
0.574134
0.574092
0.57405
0.573965
0.573965
0.573878
0.573696
0.57365
0.573605
0.573518
0.573476
0.573434
0.573393
0.573352
0.573312
0.573072
0.573032
0.572994
0.572957
0.572922
0.572889
0.572827
0.572767
0.572648
0.57262
0.57262
0.572593
0.572542
0.572542
0.572494
0.572471
0.572426
0.572345
0.572326
0.572308
0.572277
0.572263
0.572249
0.572235
0.572198
0.572169
0.572162
0.572157
0.572152
0.572152
0.572152
0.572153
0.572153
0.572153
0.572156
0.572159
0.572171
0.572178
0.572185
0.572193
0.572209
0.572218
0.572227
0.57227
0.572283
0.572296
0.572324
0.572339
0.572369
0.572402
0.572487
0.572505
0.572539
0.572539
0.572588
0.572606
0.572645
0.572666
0.572757
0.572757
0.572782
0.572807
0.572832
0.572883
0.572909
0.572936
0.572993
0.573119
0.573152
0.573185
0.573217
0.573283
0.573316
0.57335
0.573421
0.573458
0.573575
0.573659
0.573701
0.573786
0.573829
0.573872
0.573959
0.573959
0.574184
0.57423
0.574276
0.574366
0.57441
0.574453
0.574539
0.574582
0.574759
0.574849
0.574895
0.57494
0.574984
0.575029
0.575118
0.575163
0.575343
0.575389
0.575478
0.575522
0.575566
0.575654
0.575698
0.575744
0.575976
0.576023
0.57607
0.576159
0.576202
0.576244
0.576286
0.576369
0.576539
0.576624
0.576665
0.576705
0.576745
0.576785
0.576863
0.576902
0.576942
0.577063
0.577144
0.577222
0.577261
0.577298
0.577336
0.577411
0.577411
0.577449
0.577673
0.57771
0.577745
0.577811
0.577842
0.577871
0.577924
0.578044
0.578065
0.578065
0.578084
0.578103
0.578139
0.578175
0.578212
0.578286
0.578302
0.578317
0.578342
0.578342
0.578351
0.578367
0.578374
0.578381
0.578407
0.578416
0.578418
0.578417
0.578417
0.578413
0.57841
0.578406
0.578375
0.578367
0.57836
0.578347
0.578341
0.578335
0.578322
0.578313
0.578265
0.57825
0.578235
0.578205
0.578189
0.578173
0.578141
0.578124
0.578024
0.578003
0.577981
0.577941
0.577921
0.5779
0.577858
0.577835
0.577705
0.577676
0.577648
0.57762
0.577591
0.577561
0.577501
0.577469
0.577437
0.577268
0.577233
0.577165
0.57713
0.577095
0.577061
0.57699
0.576805
0.576766
0.576727
0.576615
0.576578
0.576541
0.576504
0.576428
0.576268
0.576186
0.576144
0.576063
0.576022
0.57594
0.57594
0.575733
0.57569
0.575606
0.575564
0.575523
0.575441
0.575399
0.575357
0.57518
0.575087
0.575041
0.574995
0.57495
0.574858
0.574766
0.574719
0.574532
0.574487
0.574442
0.574356
0.574314
0.57423
0.574187
0.574144
0.573923
0.573923
0.57388
0.573837
0.573752
0.573711
0.573669
0.573584
0.573498
0.573319
0.573319
0.573274
0.573188
0.573147
0.573067
0.573028
0.57295
0.572799
0.572728
0.572728
0.572694
0.572663
0.572604
0.572577
0.57255
0.57247
0.572361
0.572336
0.572311
0.572288
0.572265
0.572221
0.572199
0.572156
0.572081
0.572049
0.572035
0.572023
0.572013
0.572004
0.571986
0.571986
0.571978
0.571942
0.571939
0.571937
0.571939
0.571947
0.571952
0.571958
0.571968
0.571983
0.571989
0.571995
0.572008
0.572015
0.572032
0.572042
0.572065
0.572119
0.572119
0.572134
0.572163
0.572177
0.572204
0.572218
0.57225
0.572329
0.572372
0.572393
0.572437
0.57246
0.572483
0.572528
0.572653
0.572679
0.572706
0.572759
0.572785
0.572812
0.572839
0.572893
0.573016
0.573049
0.573149
0.573183
0.573217
0.573251
0.573319
0.573354
0.573426
0.573502
0.573541
0.57362
0.57366
0.573702
0.573785
0.573828
0.573872
0.574053
0.5741
0.574148
0.574195
0.574338
0.574338
0.574436
0.574485
0.574584
0.574785
0.574785
0.574834
0.574932
0.574979
0.575074
0.575122
0.57522
0.575424
0.575474
0.575525
0.575575
0.575624
0.575672
0.575815
0.575863
0.575863
0.576058
0.576159
0.576209
0.57626
0.57631
0.576408
0.576457
0.576506
0.57675
0.576799
0.576894
0.57694
0.576984
0.577028
0.577072
0.577114
0.577157
0.577368
0.57741
0.577451
0.57753
0.577569
0.577608
0.577685
0.577685
0.577722
0.577872
0.577946
0.577982
0.578016
0.57805
0.578113
0.578143
0.5782
0.578307
0.578332
0.578356
0.578396
0.578414
0.57843
0.57846
0.578474
0.578489
0.578542
0.578555
0.578567
0.578578
0.578588
0.578596
0.578609
0.578614
0.578617
0.57861
0.578599
0.578599
0.578593
0.578581
0.578576
0.578571
0.578561
0.578555
0.578528
0.578504
0.57849
0.578461
0.578447
0.578432
0.578417
0.578386
0.57837
0.578312
0.578246
0.578223
0.578178
0.578155
0.57811
0.578088
0.577969
0.577945
0.577922
0.577899
0.577856
0.577834
0.577811
0.577764
0.577764
0.577651
0.577618
0.577551
0.577517
0.577482
0.577408
0.57737
0.57733
0.577288
0.57711
0.577063
0.577016
0.576923
0.576876
0.57683
0.576736
0.576689
0.576641
0.576491
0.57644
0.576388
0.576235
0.576184
0.576133
0.576084
0.575986
0.575784
0.575733
0.575682
0.575633
0.575585
0.575489
0.575441
0.575345
0.575094
0.575094
0.574992
0.574891
0.574841
0.574791
0.57474
0.57464
0.574438
0.574388
0.574339
0.574244
0.574198
0.574107
0.574061
0.573788
0.573742
0.573697
0.573653
0.573611
0.573569
0.573486
0.573444
0.57336
0.573191
0.573149
0.573107
0.573025
0.572985
0.572907
0.572868
0.57283
0.572679
0.572643
0.572607
0.572539
0.572506
0.572474
0.57241
0.572378
0.572347
0.572194
0.572165
0.572138
0.572112
0.572087
0.572041
0.572019
0.571977
0.571915
0.571877
0.57186
0.571831
0.571818
0.571798
0.571791
0.571757
0.571751
0.571743
0.571743
0.571741
0.571743
0.571747
0.571756
0.571775
0.571779
0.571783
0.571788
0.57179
0.571796
0.5718
0.571806
0.571851
0.571866
0.571881
0.571914
0.571931
0.571967
0.571984
0.57202
0.572077
0.572098
0.572141
0.572164
0.572186
0.572233
0.572258
0.572308
0.572334
0.572416
0.572446
0.572476
0.572537
0.572568
0.572633
0.572666
0.5727
0.572734
0.572878
0.572916
0.572955
0.572993
0.573032
0.573113
0.573154
0.573197
0.573241
0.573422
0.573469
0.573515
0.573606
0.573651
0.573744
0.573791
0.573839
0.573887
0.574036
0.574089
0.574194
0.574248
0.574355
0.574408
0.574516
0.57457
0.574791
0.574847
0.574903
0.575013
0.57512
0.57512
0.575226
0.57533
0.575535
0.575587
0.575638
0.575688
0.575789
0.57584
0.57589
0.575941
0.575992
0.5762
0.576253
0.576306
0.57641
0.576462
0.576513
0.576564
0.576615
0.576667
0.576933
0.576985
0.577088
0.577137
0.577234
0.57728
0.577371
0.577544
0.577587
0.577668
0.577707
0.577745
0.577782
0.577853
0.577888
0.578095
0.578126
0.578156
0.578156
0.578212
0.578239
0.578316
0.578343
0.578472
0.578495
0.578537
0.578554
0.578586
0.578586
0.5786
0.57868
0.578713
0.578727
0.578741
0.578753
0.578764
0.578782
0.578797
0.578817
0.578818
0.578818
0.578817
0.578812
0.57881
0.578807
0.578799
0.578794
0.57877
0.57876
0.57875
0.578731
0.578722
0.578712
0.578702
0.578678
0.578665
0.578602
0.578584
0.578546
0.578527
0.578527
0.578487
0.578467
0.578426
0.57833
0.578303
0.57825
0.578223
0.578196
0.578168
0.57814
0.578081
0.57805
0.577951
0.577882
0.577848
0.577779
0.577744
0.577708
0.577672
0.577597
0.577392
0.577349
0.577349
0.577264
0.577222
0.577179
0.577137
0.57705
0.576819
0.576772
0.576679
0.576633
0.576588
0.576542
0.576497
0.576405
0.576215
0.576117
0.576068
0.57597
0.575921
0.575872
0.575824
0.575776
0.575529
0.575477
0.575373
0.575322
0.575271
0.57517
0.57512
0.575019
0.574815
0.574765
0.574715
0.57462
0.574573
0.574478
0.574381
0.574332
0.574133
0.574133
0.574083
0.573987
0.57394
0.573893
0.573799
0.573751
0.573453
0.573403
0.573353
0.573258
0.573258
0.573213
0.573124
0.57308
0.572857
0.572813
0.57273
0.57269
0.572614
0.572578
0.572507
0.572371
0.572337
0.572304
0.57224
0.57221
0.572152
0.572124
0.572066
0.572037
0.571954
0.571927
0.571902
0.571877
0.57183
0.571808
0.571763
0.571742
0.571721
0.57166
0.571624
0.571608
0.571584
0.571576
0.57157
0.571566
0.571563
0.571562
0.571561
0.571559
0.571554
0.571554
0.571555
0.571558
0.57157
0.571606
0.571626
0.571636
0.571655
0.571665
0.571675
0.571687
0.571699
0.571713
0.571781
0.571801
0.571822
0.571864
0.571885
0.571928
0.571951
0.571974
0.572074
0.572129
0.572157
0.572215
0.572244
0.572304
0.572334
0.572394
0.572487
0.57252
0.572553
0.572586
0.572655
0.572691
0.572765
0.572804
0.573085
0.573125
0.573165
0.573241
0.573278
0.573313
0.573382
0.573521
0.573597
0.573636
0.573676
0.573717
0.573802
0.573847
0.574131
0.574179
0.574319
0.574364
0.574408
0.574452
0.574542
0.574777
0.574826
0.574874
0.574969
0.574969
0.575015
0.575061
0.575152
0.575198
0.575392
0.575444
0.575497
0.575604
0.575658
0.575713
0.57582
0.575874
0.576147
0.576201
0.576255
0.576309
0.576363
0.57647
0.576576
0.576628
0.576834
0.576885
0.576986
0.577035
0.577035
0.577083
0.577179
0.577227
0.577323
0.577469
0.577567
0.577615
0.577708
0.577708
0.5778
0.577845
0.577933
0.578108
0.578149
0.57819
0.578266
0.578302
0.578336
0.57837
0.578402
0.578465
0.578559
0.57862
0.57865
0.578679
0.578734
0.57876
0.57876
0.578808
0.578909
0.578926
0.57894
0.578961
0.578969
0.578974
0.578978
0.578982
0.578984
0.578989
0.578992
0.578995
0.579003
0.579007
0.579012
0.579011
0.579007
0.578976
0.578964
0.578964
0.578938
0.578924
0.57891
0.578878
0.578861
0.578823
0.578741
0.578741
0.57872
0.578677
0.578656
0.578614
0.578592
0.578569
0.578442
0.578384
0.578384
0.578326
0.578298
0.578241
0.578212
0.578182
0.577985
0.577951
0.577917
0.577885
0.57782
0.577787
0.577753
0.577682
0.577528
0.577487
0.577446
0.577362
0.577362
0.57728
0.577238
0.577155
0.576973
0.576878
0.57683
0.576782
0.576733
0.576683
0.576582
0.576531
0.576272
0.576219
0.576166
0.576114
0.576062
0.57596
0.575908
0.575801
0.575582
0.575527
0.575473
0.575366
0.575313
0.57526
0.575153
0.575099
0.575044
0.574873
0.574815
0.574699
0.574642
