0.577255
0.577254
0.577253
0.577254
0.577255
0.577257
0.57726
0.577264
0.577263
0.577262
0.57726
0.577259
0.577263
0.577266
0.577267
0.577262
0.577262
0.577261
0.57726
0.577257
0.577255
0.577254
0.577252
0.577251
0.577246
0.57724
0.577238
0.577239
0.577239
0.577236
0.577236
0.577223
0.577214
0.577208
0.577207
0.57721
0.577213
0.577213
0.577206
0.577197
0.577188
0.577182
0.577181
0.577185
0.577186
0.577186
0.577183
0.577175
0.577161
0.577155
0.577163
0.577163
0.577173
0.577178
0.577189
0.57719
0.577184
0.57717
0.577165
0.577162
0.577159
0.577163
0.577178
0.577192
0.577212
0.577217
0.577221
0.577221
0.577217
0.577209
0.577207
0.577224
0.577224
0.577232
0.577253
0.577285
0.577303
0.577315
0.577315
0.577315
0.577311
0.577301
0.577297
0.577301
0.577312
0.577341
0.577352
0.577374
0.577383
0.5774
0.577415
0.57742
0.577431
0.577431
0.577433
0.577437
0.57744
0.577437
0.577434
0.577436
0.577436
0.57744
0.577442
0.57744
0.577433
0.57742
0.577413
0.577412
0.57741
0.577405
0.577396
0.577391
0.577379
0.577356
0.577349
0.577338
0.577326
0.577313
0.577306
0.577293
0.577266
0.577266
0.577244
0.57723
0.577215
0.577199
0.577184
0.577162
0.577155
0.57714
0.577133
0.577119
0.577104
0.57709
0.577063
0.577063
0.577044
0.577032
0.577021
0.577011
0.577002
0.57699
0.576987
0.576981
0.576977
0.576973
0.576972
0.576972
0.576969
0.576968
0.57697
0.576974
0.576981
0.576985
0.576995
0.577007
0.577011
0.577021
0.577031
0.577036
0.577048
0.57706
0.577087
0.577094
0.57711
0.577126
0.577142
0.57716
0.577178
0.577207
0.577218
0.577239
0.57726
0.577282
0.577303
0.577324
0.577367
0.577367
0.577388
0.577409
0.57742
0.57745
0.57746
0.577497
0.577506
0.577524
0.577542
0.577559
0.577573
0.577587
0.577605
0.577611
0.577621
0.577628
0.577634
0.577637
0.577641
0.577639
0.577639
0.577637
0.577633
0.577629
0.57762
0.577612
0.577599
0.577594
0.577589
0.577571
0.577565
0.577551
0.577535
0.5775
0.577491
0.577471
0.577451
0.57743
0.57742
0.577397
0.577339
0.577339
0.577314
0.577301
0.577274
0.577247
0.577205
0.577163
0.577163
0.577136
0.577108
0.577081
0.577041
0.577015
0.576964
0.576964
0.57694
0.576917
0.576905
0.576884
0.576864
0.57683
0.576822
0.576808
0.576796
0.576786
0.576778
0.576775
0.576771
0.576771
0.576773
0.576775
0.576779
0.576785
