0.582125
0.582124
0.582122
0.582104
0.582101
0.582099
0.582098
0.582099
0.582109
0.582109
0.582118
0.582134
0.582133
0.582131
0.582126
0.582123
0.582119
0.582117
0.582115
0.582114
0.582124
0.582133
0.582138
0.582142
0.582146
0.582149
0.582149
0.582149
0.582147
0.582135
0.582132
0.582129
0.58213
0.582132
0.582135
0.582144
0.582149
0.582154
0.582163
0.58216
0.58216
0.582148
0.582141
0.582124
0.582116
0.582107
0.582089
0.582092
0.582101
0.582107
0.582113
0.582125
0.58213
0.58213
0.582133
0.582123
0.582118
0.582113
0.582106
0.582104
0.582104
0.582104
0.582106
0.58211
0.582111
0.582107
0.582104
0.582104
0.582101
0.582097
0.582092
0.582092
0.582094
0.582093
0.582093
0.582088
0.582085
0.582082
0.582079
0.582076
0.582074
0.582085
0.58209
0.582094
0.582103
0.582106
0.582109
0.582109
0.582105
0.582082
0.582074
0.582067
0.582047
0.582043
0.58204
0.582039
0.582042
0.582042
0.582059
0.582068
0.582068
0.582074
0.582075
0.582074
0.582072
0.58207
0.582066
0.58205
0.582046
0.582041
0.58204
0.58204
0.582041
0.582042
0.582042
0.58204
0.58204
0.582044
0.582047
0.582048
0.58205
0.582049
0.582044
0.582018
0.582014
0.582012
0.582014
0.582018
0.58203
0.58203
0.582037
0.582037
0.582056
0.582055
0.582051
0.582041
0.582035
0.58203
0.582025
0.582019
0.582019
0.582044
0.582044
0.58205
0.582056
0.582063
0.582062
0.582059
0.582048
0.582028
0.582026
0.582027
0.582033
0.582039
0.582056
0.582066
0.582066
0.582106
0.582112
0.582111
0.582104
0.5821
0.582094
0.582089
0.58208
0.582077
0.582084
0.582084
0.582093
0.582099
0.582105
0.58211
0.582119
0.582121
0.582118
0.582116
0.582113
0.582112
0.582111
0.582113
0.582116
0.582147
0.582147
0.582151
0.582154
0.582155
0.582154
0.582152
0.58215
0.582147
0.582144
0.582148
0.582152
0.582157
0.582162
0.582168
0.582177
0.582181
0.582196
0.582197
0.582197
0.582198
0.582197
0.582194
0.5822
0.582232
0.582241
0.582251
0.582259
0.582267
0.58228
0.58228
0.582278
0.582251
0.582243
0.582236
0.58222
0.582219
0.58222
0.582225
0.582231
0.582239
0.582281
0.582291
0.582299
0.582306
0.582311
0.582311
0.582308
0.582295
0.582287
0.582254
0.582248
0.582245
0.582244
0.58225
0.582257
0.582264
0.582273
0.582293
0.582316
0.582322
0.582322
0.582321
0.582317
0.582313
0.582307
0.582296
0.582291
0.582297
0.582297
0.582303
0.58231
0.582322
0.582329
0.582329
0.582328
0.582303
0.582298
0.582294
0.582292
0.582292
0.582295
0.58231
0.582317
0.582335
0.582331
0.582331
0.582316
0.582298
0.582288
0.582278
0.58227
0.582263
0.582252
0.582254
0.582258
0.582268
0.582273
0.582278
0.582282
0.582287
0.582287
0.582275
0.582268
0.58226
0.582236
0.582228
0.582222
0.582216
0.582212
0.58221
0.582216
0.58222
0.582224
0.582228
0.582232
0.582235
0.582238
0.582238
0.582198
0.582187
0.582175
0.582149
0.582137
0.582126
0.582116
0.582108
0.582102
0.582112
0.582119
0.582127
0.582135
0.582143
0.582156
0.582156
0.582162
0.58216
0.582114
0.5821
0.582086
0.582073
0.582048
0.582038
0.582029
0.582024
0.58202
0.582024
0.582026
0.582029
0.582027
0.582018
0.582011
0.582003
0.581994
0.581962
0.581954
0.581953
0.581953
0.581955
0.581959
0.581961
0.581962
0.581936
0.581927
0.581918
0.58191
0.581902
0.581895
0.581887
0.581888
0.581891
0.581907
0.581913
0.581919
0.581928
0.58193
0.581931
0.58193
0.581922
0.581916
0.581916
0.58188
0.581874
0.581865
0.581864
0.581865
0.581866
0.581866
0.581866
0.581856
0.581847
0.581843
0.58184
0.581838
0.581837
0.58184
0.581849
0.581864
0.581868
0.581871
0.581871
0.581867
0.581863
0.581859
0.581854
0.581847
0.581851
0.581856
0.581861
0.581866
0.581871
0.581875
0.58188
0.58188
0.581862
0.581858
0.581854
0.581852
0.581852
0.581855
0.581866
0.581908
0.581924
0.58193
0.581935
0.581938
0.581939
0.581937
0.581935
0.581918
0.581918
0.581919
0.581922
0.581926
0.581932
0.581938
0.581945
0.581953
0.581985
0.58199
0.581993
0.581996
0.581997
0.581998
0.581998
0.581998
0.581999
0.582021
0.582031
0.582052
0.582063
0.582074
0.582084
0.582094
0.582111
0.582122
0.582119
0.582117
0.582114
0.582113
0.582113
0.582115
0.582118
0.582171
0.582183
0.582214
0.582223
0.582236
0.582239
0.582242
0.582241
0.582239
0.582239
0.58224
0.582246
0.582251
0.582256
0.582263
0.582287
0.582305
0.582313
0.582321
0.582328
0.582333
0.582343
0.582348
0.582348
0.582364
0.582387
0.582391
0.582393
0.582394
0.582393
0.582393
0.582392
0.582393
0.582394
0.582418
0.582439
0.582449
0.582459
0.582469
0.582477
0.582488
0.582488
0.58249
0.582477
0.582473
0.582469
0.582465
0.582463
0.582462
0.582463
0.58247
0.582477
0.582519
0.582527
0.582541
0.582546
0.582549
0.582549
0.582546
0.582541
0.582534
0.582492
0.582483
0.582475
0.582463
0.58246
0.582459
0.582461
0.582464
0.582469
0.582517
0.582517
0.582524
0.582531
0.582538
0.582538
0.582535
0.58253
0.582524
0.582475
0.582465
0.582456
0.582444
0.582442
0.582441
0.582443
0.582447
0.582451
0.582469
0.58247
0.582468
0.582463
0.582447
0.582437
0.582426
0.582416
0.582369
0.582366
0.582364
0.582364
0.582367
0.582367
0.582366
0.582346
0.58233
0.582321
0.582306
0.582299
0.582293
0.582288
0.582283
0.582241
0.582234
0.582227
0.582221
0.582211
0.582206
0.582201
0.582195
0.582167
0.582161
0.582156
0.582148
0.582144
0.58214
0.582135
0.582129
0.582122
0.582071
0.582071
0.582062
0.582054
0.582047
0.582036
0.582031
0.58202
0.582013
0.581972
0.581955
0.581948
0.581942
0.581933
0.581933
0.581928
0.581923
0.58189
0.581886
0.581883
0.581883
0.581877
0.581874
0.581871
0.581867
0.581861
0.581823
0.5818
0.581789
0.581778
0.581769
0.581757
0.581753
0.581752
0.581753
0.581765
0.581768
0.581771
0.581772
0.58177
0.581761
0.581745
0.581698
0.581689
0.581682
0.581672
0.58167
0.58167
0.58167
0.581674
0.581683
0.581683
0.581681
0.581678
0.581673
0.581664
0.581664
0.581659
0.581654
0.581646
0.581648
0.581651
0.581653
0.581656
0.581657
0.581657
0.581655
0.581655
0.581633
0.581624
0.581621
0.581619
0.581619
0.581623
0.581628
0.58164
0.581675
0.581675
0.581679
0.581685
0.581685
0.581685
0.581684
0.581683
0.581688
0.581698
0.581705
0.581712
0.581719
0.581733
0.581739
0.581745
0.581751
0.581778
0.581785
0.581791
0.581801
0.581805
0.581808
0.58181
0.581816
0.58182
0.581841
0.581848
0.581855
0.581862
0.581869
0.581894
0.581894
0.581904
0.581971
0.581974
0.581975
0.581973
0.581966
0.581961
0.581961
0.581952
0.581944
0.581946
0.581957
0.581966
0.581977
0.582002
0.582002
0.582031
0.582117
0.582148
0.582161
0.582172
0.582182
0.582191
0.582199
0.582215
0.582223
0.582263
0.582277
0.582282
0.582282
0.582295
0.582295
0.5823
0.582352
0.582352
0.582361
0.582375
0.582381
0.58239
0.582394
0.582394
0.58241
0.582434
0.582444
0.582465
0.582465
0.582485
0.582495
0.582504
0.582513
0.582529
0.58255
0.582562
0.582567
0.582571
0.582573
0.582575
0.582578
0.582579
0.582585
0.58262
0.582627
0.582634
0.582641
0.582651
0.582655
0.582659
0.582661
0.582681
0.582686
0.582692
0.582694
0.582695
0.582695
0.582697
0.582702
0.582703
0.582704
0.582703
0.582701
0.582696
0.582694
0.582692
0.5827
0.582706
0.582711
0.582722
0.582727
0.582731
0.582734
0.582736
0.582736
0.582713
0.5827
0.582693
0.582688
0.582679
0.582679
0.582677
0.582676
0.582678
0.582675
0.582672
0.582667
0.582667
0.582655
0.582648
0.582641
0.582635
0.582595
0.582595
0.582586
0.582578
0.582564
0.582558
0.582552
0.58254
0.582534
0.582501
0.582489
0.582484
0.582484
0.582477
0.582475
0.582472
0.582469
0.582466
0.582433
0.582422
0.582422
0.582401
0.582391
0.582371
0.582349
0.582339
0.58228
0.582268
0.582257
0.582247
0.582229
0.582221
0.582205
0.582197
0.582166
0.582158
0.582149
0.582135
0.582121
0.582114
0.582107
0.582099
0.582058
0.582047
0.582037
0.582018
0.58201
0.582003
0.581997
0.581983
0.581974
0.58193
0.581917
0.581904
0.581892
0.581869
0.58185
0.58184
0.581831
0.581788
0.581779
0.581779
0.581756
0.581749
0.581743
0.581738
0.581725
0.581679
0.581657
0.58164
0.581633
0.581629
0.581626
0.581627
0.581647
0.581647
0.58165
0.581653
0.581653
0.581645
0.581637
0.581637
0.581578
0.581564
0.58155
0.581523
0.581511
0.58149
0.581478
0.581475
0.581485
0.581485
0.581489
0.581497
0.5815
0.581502
0.581502
0.581494
0.581488
0.58146
0.581429
0.58142
0.58142
0.581413
0.581406
0.581406
0.581416
0.581477
0.581487
0.581501
0.581504
0.581503
0.581498
0.581491
0.581451
0.581431
0.581423
0.581417
0.581412
0.581409
0.581409
0.581412
0.581417
0.581474
0.581488
0.581503
0.581532
0.581546
0.581571
0.581571
0.581581
0.5816
0.581598
0.581596
0.581592
0.581585
0.58158
0.581579
0.581583
0.581638
0.581638
0.581654
0.581671
0.581689
0.581705
0.581736
0.581763
0.581813
0.581819
0.581824
0.581829
0.58183
0.581831
0.581831
0.581832
0.581834
0.581863
0.581863
0.581874
0.5819
0.581914
0.581929
0.581944
0.581976
0.581992
0.582059
0.582077
0.582112
0.582128
0.582143
0.582158
0.582185
0.582198
0.58224
0.582257
0.582271
0.582277
0.582284
0.582292
0.582301
0.582383
0.582393
0.582409
0.582415
0.582415
0.582424
0.582424
0.582433
0.58246
0.58248
0.58249
0.582514
0.582526
0.58254
0.582553
0.582566
0.582594
0.582648
0.582659
0.58267
0.582684
0.582688
0.58269
0.58269
0.582689
0.582688
0.582688
0.582698
0.582706
0.582716
0.582716
0.58274
0.582753
0.582793
0.582806
0.582839
0.582851
0.582853
0.582853
0.582852
0.582846
0.582843
0.58284
0.582841
0.582845
0.582852
0.582868
0.582878
0.582888
0.582908
0.582916
0.582924
0.58294
0.582938
0.582934
0.582923
0.582915
0.582907
0.582899
0.582883
0.58286
0.582858
0.582862
0.582867
0.582873
0.582881
0.5829
0.58291
0.58292
0.582946
0.582954
0.582954
0.582945
0.582923
0.582909
0.582878
0.582878
0.582783
0.582771
0.582754
0.582747
0.582745
0.582745
0.582747
0.582741
0.582736
0.582729
0.582709
0.582709
0.582684
0.58267
0.582657
0.582563
0.582551
0.58254
0.582532
0.582521
0.582518
0.582517
0.58252
0.582522
0.58252
0.582516
0.5825
0.582489
0.58246
0.582443
0.582425
0.582347
0.582329
0.582311
0.582295
0.582266
0.582253
0.58224
0.582215
0.582143
0.582127
0.582112
0.582099
0.582075
0.582065
0.582056
0.582039
0.581988
0.581977
0.581967
0.581958
0.58195
0.581932
0.581922
0.581911
0.581828
0.581828
0.581815
0.581791
0.581791
0.581772
0.581753
0.581742
0.581731
0.581663
0.581663
0.581648
0.581621
0.581609
0.581598
0.581589
0.581563
0.581528
0.581518
0.581508
0.581499
0.58149
0.581482
0.581473
0.581456
0.581446
0.581396
0.581387
0.581381
0.58137
0.581361
0.581357
0.581352
0.581317
0.581309
0.581302
0.581292
0.581289
0.581287
0.581287
0.581287
0.581287
0.581274
0.581269
0.581264
0.581254
0.58125
0.581246
0.581246
0.58124
0.581239
0.581241
0.581245
0.581245
0.581244
0.581243
0.581243
0.581253
0.581257
0.58126
0.581262
0.581265
0.581265
0.581266
0.58127
0.581274
0.581285
0.581308
0.581316
0.581323
0.581328
0.581338
0.581343
0.581348
0.581353
0.581364
0.581399
0.58141
0.58142
0.58143
0.581439
0.581457
0.581466
0.581473
0.581488
0.581513
0.581522
0.581539
0.581548
0.581557
0.581566
0.581576
0.581598
0.581611
0.581681
0.581694
0.58172
0.581731
0.581742
0.581751
0.58177
0.581826
0.58184
0.581866
0.581879
0.58189
0.581912
0.581923
0.581933
0.581978
0.582003
0.582015
0.582027
0.582052
0.582066
0.582081
0.582096
0.582111
0.582174
0.58219
0.582204
0.582231
0.582245
0.582258
0.582272
0.582301
0.582366
0.582383
0.582414
0.582428
0.58244
0.582451
0.582462
0.582481
0.582481
0.582553
0.582567
0.582595
0.582608
0.582633
0.582645
0.582657
0.58267
0.582715
0.582736
0.582746
0.582766
0.582775
0.582783
0.582791
0.582807
0.582849
0.582861
0.582873
0.582896
0.582906
0.582916
0.582925
0.58294
0.582967
0.582975
0.582997
0.582997
0.583004
0.58301
0.583017
0.583031
0.583038
0.583068
0.583072
0.583073
0.583074
0.583074
0.583075
0.583076
0.583079
0.583083
0.583127
0.583137
0.583137
0.583139
0.583139
0.58313
0.583123
0.583076
0.583062
0.583059
0.583058
0.583064
0.583071
0.583088
0.583088
0.583137
0.583136
0.583133
0.583126
0.583105
0.583092
0.583092
0.582997
0.582997
0.582979
0.582974
0.582972
0.582972
0.582979
0.582984
0.583007
0.583005
0.582992
0.582982
0.582954
0.582938
0.582903
0.582903
0.582811
0.582795
0.58278
0.582766
0.582742
0.58272
0.5827
0.582647
0.582636
0.582615
0.582615
0.582598
0.58259
0.582572
0.582563
0.582563
0.582499
0.582483
0.582452
0.582437
0.582437
0.582392
0.582377
0.582298
0.582282
0.582241
0.582241
0.58223
0.582221
0.582196
0.582186
0.582121
0.582104
0.582088
0.582057
0.582041
0.582026
0.582012
0.581998
0.581893
0.581877
0.58185
0.581838
0.581827
0.581817
0.581799
0.581749
0.581736
0.581711
0.581711
0.581699
0.581687
0.581675
0.581639
0.581626
0.581571
0.581555
0.581539
0.581522
0.581488
0.581471
0.581453
0.581417
0.5814
0.581321
0.581321
0.58131
0.581301
0.581285
0.581281
0.581278
0.581274
0.581219
0.581207
0.581195
0.581184
0.581166
0.581166
0.581153
0.581149
0.581144
0.581114
0.581108
0.581103
0.581092
0.581092
0.581081
0.581074
0.581068
0.581035
0.581035
0.581038
0.581041
0.581045
0.581049
0.581056
0.581063
0.581065
0.581067
0.581069
0.581071
0.581072
0.581072
0.581069
0.581069
0.581035
0.58103
0.581028
0.581027
0.581035
0.581043
0.581053
0.581065
0.581079
0.581143
0.581159
0.581173
0.581196
0.581204
0.581213
0.581213
0.581216
0.581218
0.581228
0.581241
0.58125
0.58126
0.581272
0.581284
0.581298
0.581329
0.581361
0.581412
0.581428
0.581444
0.581472
0.581507
0.581507
0.581532
0.581599
0.581612
0.581624
0.581647
0.581657
0.581668
0.581668
0.581679
0.581691
0.581704
0.581798
0.581836
0.581873
0.581891
0.581909
0.581926
0.581942
0.581973
0.582021
0.582051
0.582064
0.582078
0.582091
0.58212
0.582135
0.582169
0.582244
0.582283
0.582301
0.582318
0.58235
0.582365
0.582393
0.582407
0.582466
0.582482
0.582513
0.582529
0.582544
0.582561
0.582578
0.582612
0.582612
0.58268
0.582697
0.582714
0.582746
0.582761
0.582776
0.582791
0.582821
0.582821
0.582906
0.582923
0.582939
0.582967
0.58299
0.583
0.583009
0.583019
0.58307
0.583092
0.583101
0.583111
0.583128
0.583138
0.583147
0.583157
0.583195
0.583206
0.58321
0.583212
0.583215
0.583216
0.583218
0.58325
0.583258
0.583266
0.583279
0.583284
0.583291
0.583292
0.583291
0.583287
0.583289
0.583297
0.583302
0.583307
0.583316
0.583319
0.583321
0.583321
0.583315
0.58331
0.5833
0.583295
0.583284
0.583277
0.58327
0.583262
0.583229
0.58321
0.58321
0.58321
0.583206
0.583209
0.583214
0.58322
0.583248
0.583247
0.583242
0.583234
0.583234
0.58321
0.583195
0.583178
0.583139
0.583033
0.583013
0.582995
0.582978
0.582964
0.582952
0.582942
0.582927
0.58292
0.582913
0.582876
0.582848
0.582814
0.582795
0.582795
0.582753
0.582731
0.582708
0.582618
0.582576
0.582576
0.582539
0.58251
0.582498
0.582486
0.582475
0.582463
0.58239
0.582373
0.582373
0.582354
0.582314
0.582293
0.582271
0.582225
0.582104
0.582082
0.582061
0.582026
0.582011
0.581996
0.581968
0.581955
0.581955
0.581877
0.58186
0.58186
0.581824
0.581805
0.581786
0.581766
0.581724
0.581611
0.581589
0.581549
0.581532
0.581517
0.581503
0.581489
0.581476
0.581392
0.581377
0.581362
0.581347
0.581332
0.581317
0.581302
0.581287
0.581271
0.58119
0.58116
0.581147
0.581125
0.581125
0.581106
0.581097
0.581078
0.581035
0.581023
0.581001
0.580991
0.580965
0.580958
0.580952
0.580932
0.580923
0.58092
0.580917
0.58091
0.580906
0.580901
0.580894
0.580887
0.580858
0.580852
0.580847
0.580842
0.580843
0.580845
0.580848
0.580852
0.580856
0.580859
0.580855
0.580851
0.580847
0.580842
0.580841
0.580843
0.580853
0.580886
0.580896
0.580905
0.580914
0.580927
0.580932
0.580932
0.58093
0.580928
0.58093
0.580935
0.58095
0.58096
0.580972
0.580985
0.581012
0.581068
0.581095
0.581108
0.581121
0.581132
0.581156
0.581156
0.581169
0.581182
0.581258
0.581273
0.581289
0.581319
0.581335
0.581335
0.581383
0.581383
0.581417
0.581504
0.581504
0.581522
0.581557
0.581574
0.581608
0.581625
0.581642
0.581714
0.581771
0.581789
0.581806
0.581824
0.581859
0.581892
0.581979
0.581996
0.582011
0.582025
0.582052
0.58208
0.582095
0.582111
0.582199
0.582217
0.582235
0.582252
0.582269
0.582305
0.582323
0.582342
0.582381
0.58247
0.582493
0.582517
0.582517
0.582562
0.582583
0.582624
0.582644
0.582644
0.582764
0.582784
0.582803
0.582836
0.582851
0.582865
0.582878
0.582904
0.582917
0.582962
0.582996
0.583013
0.58303
0.583046
0.583079
0.583095
0.583112
0.583128
0.583216
0.583233
0.583249
0.583263
0.583277
0.583302
0.583313
0.583324
0.583371
0.583381
0.583399
0.583406
0.583412
0.583418
0.58343
0.583436
0.583472
0.583478
0.583484
0.58349
0.583491
0.58349
0.583489
0.583489
0.583487
0.583483
0.583487
0.583492
0.583498
0.583506
0.583521
0.583521
0.583535
0.583544
0.583544
0.583535
0.583519
0.583509
0.583498
0.583488
0.583466
0.583456
0.583439
0.583391
0.583383
0.583383
0.583368
0.583362
0.583362
0.583351
0.583346
0.583331
0.583286
0.583272
0.583257
0.583243
0.583229
0.583201
0.583187
0.583173
0.583159
0.583097
0.583064
0.583048
0.583032
0.583017
0.582971
0.582955
0.582937
0.582845
0.58281
0.582795
0.582781
0.582758
0.582748
0.582738
0.582717
0.582656
0.582636
0.582615
0.582571
0.582549
0.582527
0.582505
0.582484
0.582441
0.582376
0.582334
0.582315
0.582296
0.582259
0.582259
0.582201
0.58218
0.582087
0.582063
0.582019
0.581998
0.581977
0.581957
0.581918
0.581898
0.581878
0.581771
0.581748
0.581726
0.581704
0.581681
0.581615
0.581593
0.581593
0.581511
0.581454
0.581454
0.581438
0.581422
0.581391
0.581359
0.581342
0.581243
0.581243
0.581204
0.581186
0.581154
0.581138
0.581123
0.581092
0.581076
0.581006
0.580988
0.580972
0.580956
0.580941
0.580927
0.580913
0.580885
0.580822
0.580812
0.580803
0.580789
0.580783
0.580778
0.580773
0.580762
0.580762
0.580729
0.580719
0.580709
0.58069
0.580682
0.580676
0.580667
0.580665
0.580661
0.580658
0.580654
0.580644
0.58064
0.580636
0.580633
0.580632
0.580654
0.580661
0.580668
0.58068
0.580683
0.580685
0.580685
0.580684
0.580683
0.58068
0.5807
0.58072
0.580743
0.580754
0.580776
0.580787
0.580807
0.580807
0.58085
0.58086
0.58087
0.580887
0.580905
0.580915
0.580926
0.580951
0.581009
0.581024
0.581039
0.581067
0.581081
0.581094
0.581108
0.581137
0.581153
0.581229
0.58125
0.581271
0.581313
0.581333
0.581333
0.581353
0.581392
0.581489
0.581509
0.58153
0.581569
0.581588
0.581607
0.581626
0.581666
0.581666
0.581755
0.581778
0.581801
0.581845
0.581867
0.581888
0.581932
0.581955
0.582082
0.582108
0.582133
0.582179
0.582202
0.582223
0.582265
0.582285
0.582387
0.582408
0.582428
0.582448
0.582489
0.582532
0.582574
0.582654
0.582674
0.582693
0.582711
0.582745
0.582781
0.5828
0.582819
0.582926
0.582948
0.582992
0.58303
0.583046
0.583062
0.583092
0.58315
0.583165
0.583179
0.583193
0.583206
0.583232
0.583261
0.583292
0.583374
0.583388
0.583413
0.583423
0.583431
0.583438
0.583445
0.583452
0.583488
0.5835
0.583513
0.58354
0.583554
0.583566
0.58359
0.583611
0.583659
0.583675
0.58368
0.583683
0.583685
0.583683
0.583681
0.583674
0.583664
0.583667
0.583676
0.583676
0.583688
0.583695
0.583709
0.583726
0.583725
0.583717
0.58371
0.583692
0.583683
0.583673
0.583653
0.583614
0.58361
0.583603
0.583603
0.583601
0.583601
0.583601
0.583588
0.583581
0.583573
0.583565
0.583555
0.583544
0.583517
0.583483
0.583391
0.583375
0.58336
0.583322
0.583311
0.5833
0.583278
0.583278
0.583209
0.583193
0.583177
0.583144
0.583128
0.583112
0.58308
0.582997
0.582979
0.582961
0.582943
0.582908
0.58289
0.582873
0.582835
0.582835
0.58275
0.582727
0.582682
0.58266
0.582639
0.582617
0.582574
0.582552
0.582529
0.582506
0.582403
0.582346
0.582317
0.582288
0.58226
0.582207
0.582181
0.58213
0.582028
0.581978
0.581954
0.581931
0.581907
0.581836
0.581836
0.581811
0.58171
0.58166
0.581638
0.581616
0.581578
0.581561
0.581544
0.581526
0.581508
0.581399
0.581374
0.581325
0.581277
0.581254
0.581211
0.581118
0.581087
0.581087
0.581058
0.581045
0.581018
0.581005
0.580905
0.580888
0.580872
0.580857
0.58083
0.580808
0.580797
0.580719
0.580719
0.580694
0.580685
0.580676
0.580669
0.580651
0.580651
0.580637
0.580606
0.580581
0.580568
0.580556
0.580544
0.580533
0.580523
0.580512
0.580501
0.58046
0.580453
0.580453
0.580454
0.580457
0.580463
0.580466
0.580468
0.580468
0.580456
0.580451
0.580446
0.580439
0.580438
0.580439
0.580442
0.580454
0.580463
0.580505
0.580516
0.580526
0.580545
0.580552
0.580559
0.580566
0.58058
0.580588
0.580622
0.580635
0.580649
0.580677
0.580704
0.58073
0.580743
0.580805
0.580818
0.580831
0.580856
0.580869
0.580883
0.580913
0.58093
0.581001
0.581037
0.581071
0.581086
0.581132
0.581147
0.581178
0.58125
0.581268
0.581286
0.581303
0.58132
0.581352
0.581368
0.581385
0.581506
0.581528
0.581573
0.581596
0.581596
0.581643
0.58169
0.581715
0.581836
0.581861
0.581885
0.581907
0.58193
0.581972
0.581994
0.582017
0.582141
0.582167
0.582193
0.582267
0.582291
0.582314
0.582336
0.582447
0.582495
0.582519
0.582542
0.582586
0.582608
0.58263
0.582652
0.582674
0.582792
0.582817
0.582866
0.58289
0.582915
0.582915
0.582964
0.582989
0.58309
0.583137
0.583158
0.583177
0.583196
0.58323
0.583248
0.583266
0.583391
0.583414
0.583414
0.583436
0.583457
0.583494
0.58351
0.583525
0.583539
0.583611
0.583644
0.583661
0.583677
0.583693
0.58371
0.583726
0.583741
0.583756
0.583819
0.583828
0.583835
0.583841
0.583846
0.583848
0.58385
0.583852
0.583881
0.58389
0.5839
0.583919
0.583926
0.583936
0.583938
0.583937
0.583917
0.583904
0.583895
0.583895
0.583892
0.583891
0.583889
0.583887
0.583884
0.583847
0.583847
0.583828
0.583818
0.5838
0.58379
0.583781
0.583771
0.583762
0.583719
0.583694
0.583682
0.583655
0.58364
0.583625
0.583593
0.58351
0.583497
0.583485
0.583475
0.583466
0.58344
0.58343
0.583405
0.583351
0.583309
0.583288
0.583267
0.583225
0.583205
0.583184
0.583164
0.583037
0.583037
0.582993
0.582971
0.582949
0.582949
0.582881
0.582858
0.582808
0.582731
0.582705
0.582657
0.582634
0.582588
0.582565
0.582541
0.582516
0.582489
0.582373
0.582343
0.582313
0.582256
0.582229
0.582174
0.582147
0.582093
0.581979
0.581951
0.581951
0.581896
0.58187
0.581844
0.581793
0.581742
0.581742
0.581608
0.581581
0.581554
0.581554
0.581528
0.581476
0.581449
0.581395
0.581251
0.581222
0.581195
0.581144
0.581079
0.581079
0.581059
0.581039
0.580895
0.580876
0.580858
0.580858
0.580824
0.580793
0.580777
0.580745
0.580679
0.580663
0.580646
0.580613
0.580597
0.58058
0.580562
0.580528
0.58051
0.580474
0.580439
0.580423
0.580408
0.580396
0.580375
0.580366
0.580348
0.580308
0.580299
0.58029
0.580276
0.58027
0.58026
0.580255
0.58025
0.580247
0.580244
0.580246
0.580249
0.580258
0.580259
0.580259
0.580257
0.580255
0.580252
0.58026
0.580277
0.580286
0.580306
0.580315
0.580323
0.580356
0.580364
0.580372
0.580384
0.580384
0.580404
0.580404
0.580413
0.580423
0.580493
0.580509
0.580544
0.58056
0.580576
0.580591
0.580621
0.580636
0.580684
0.580719
0.580737
0.580774
0.580814
0.580835
0.580857
0.580878
0.580899
0.580986
0.581008
0.58103
0.581051
0.581095
0.581117
0.581139
0.581161
0.581287
0.581314
0.581366
0.581389
0.581434
0.581434
0.581455
0.581498
0.581521
0.58162
0.581649
0.581678
0.581707
0.581737
0.581798
0.581829
0.581892
0.582021
0.582052
0.582111
0.582139
0.582166
0.582221
0.582248
0.582276
0.582306
0.582397
0.582493
0.582524
0.582582
0.582609
0.582635
0.582687
0.582712
0.582765
0.582793
0.582821
0.582905
0.582905
0.582962
0.58302
0.583049
0.583161
0.583187
0.583212
0.583236
0.583282
0.583282
0.583351
0.583375
0.5834
0.583502
0.583528
0.583552
0.583576
0.583599
0.583622
0.583643
0.583684
0.583703
0.58378
0.5838
0.583839
0.583858
0.583894
0.583911
0.583926
0.58394
0.583984
0.584003
0.58402
0.584028
0.584034
0.584034
0.584048
0.584055
0.58409
0.584098
0.584105
0.584113
0.584114
0.584114
0.584112
0.584107
0.584093
0.58409
0.584088
0.584088
0.584088
0.584091
0.584099
0.584099
0.584115
0.584112
0.584098
0.584089
0.58405
0.584036
0.584022
0.583969
0.583956
0.583944
0.583922
0.583912
0.583901
0.583879
0.583866
0.583853
0.583806
0.583771
0.583753
0.583736
0.58372
0.583687
0.583669
0.58365
0.58361
0.583542
0.583518
0.583493
0.583444
0.583419
0.583371
0.583347
0.583324
0.58323
0.583206
0.583206
0.58316
0.583113
0.583089
0.583064
0.583012
0.582985
0.582898
0.582868
0.582839
0.582784
0.582758
0.582705
0.582677
0.582619
0.582525
0.58246
0.582428
0.582397
0.582307
0.582307
0.582278
0.582219
0.582103
0.582073
0.582044
0.581957
0.581927
0.581865
0.581834
0.581803
0.581684
0.581655
0.581627
0.5816
0.581573
0.581521
0.581494
0.58144
0.581323
0.581293
0.581263
0.581207
0.58118
0.581153
0.5811
0.581075
0.58095
0.580924
0.5809
0.580875
0.580826
0.580802
0.580776
0.580751
0.580649
0.580625
0.58058
0.58056
0.580542
0.580508
0.580491
0.580457
0.580379
0.580359
0.580339
0.580303
0.580287
0.580272
0.580258
0.580231
0.580179
0.580168
0.580157
0.58014
0.580132
0.580124
0.580107
0.580097
0.580055
0.58005
0.580048
0.580049
0.580052
0.580057
0.58006
0.580061
0.580053
0.580052
0.580051
0.580055
0.580059
0.580059
0.58007
0.580078
0.580112
0.580122
0.580132
0.580149
0.580156
0.580162
0.580168
0.580179
0.580225
0.580238
0.580265
0.580279
0.580308
0.580322
0.58035
0.580403
0.580415
0.580428
0.580439
0.580451
0.580475
0.580488
0.580504
0.580604
0.580627
0.58065
0.580672
0.580715
0.580737
0.580778
0.580798
0.580889
0.580915
0.580968
0.580995
0.581049
0.581049
0.581103
0.581159
0.58124
0.581267
0.581294
0.581346
0.581397
0.581477
0.581506
0.581535
0.581625
0.581657
0.581687
0.581718
0.581802
0.581828
0.581854
0.581907
0.581991
0.582053
0.582053
0.582117
0.582149
0.582182
0.582247
0.58228
0.582406
0.582437
0.582498
0.582528
0.582559
0.582618
0.582648
0.582709
0.582841
0.582873
0.582905
0.582965
0.582993
0.583048
0.583075
0.583102
0.58321
0.583237
0.583264
0.583318
0.583373
0.583401
0.583428
0.583455
0.583558
0.583582
0.583628
0.58365
0.583692
0.583734
0.583755
0.583776
0.583863
0.583885
0.583928
0.583967
0.584001
0.584016
0.584029
0.584079
0.584106
0.584119
0.584143
0.584143
0.584166
0.584177
0.584189
0.584242
0.584251
0.584258
0.584269
0.584273
0.584277
0.584282
0.584299
0.584321
0.584324
0.584322
0.584318
0.584313
0.584308
0.584296
0.584292
0.584282
0.584281
0.584279
0.584277
0.584269
0.584258
0.58425
0.584242
0.584224
0.584178
0.584154
0.584143
0.584132
0.584123
0.584106
0.584097
0.584078
0.584041
0.584009
0.583991
0.583973
0.583954
0.583934
0.583914
0.583873
0.58379
0.58377
0.58375
0.583713
0.583694
0.583676
0.583656
0.583613
0.58359
0.583514
0.583486
0.583429
0.5834
0.583345
0.583317
0.583261
0.583234
0.583122
0.583063
0.583033
0.583004
0.583004
0.582914
0.582884
0.582823
0.582731
0.582701
0.582672
0.582615
0.582587
0.582559
0.582531
0.582472
0.582306
0.582272
0.582205
0.582173
0.582113
0.582083
0.582053
0.582024
0.581933
0.581868
0.581835
0.581802
0.581769
0.581703
0.581669
0.581602
0.581465
0.581432
0.581399
0.581336
0.581275
0.581216
0.581186
0.581038
0.580982
0.580956
0.58093
0.580905
0.580855
0.580855
0.580806
0.580701
0.580675
0.580649
0.580601
0.580578
0.580556
0.580534
0.580511
0.580367
0.580343
0.580319
0.580297
0.580277
0.58024
0.580223
0.580187
0.580169
0.580116
0.580098
0.580082
0.580051
0.580037
0.580009
0.579995
0.579966
0.579917
0.579906
0.579898
0.579885
0.579881
0.579878
0.579873
0.579871
0.579858
0.579853
0.579848
0.57984
0.579837
0.579836
0.579836
0.579841
0.579866
0.579873
0.57988
0.579896
0.579901
0.579907
0.579912
0.579925
0.579951
0.579974
0.579985
0.579996
0.580017
0.580027
0.580039
0.580064
0.580134
0.580149
0.580163
0.580177
0.580221
0.580221
0.580255
0.580274
0.580359
0.580381
0.580402
0.580444
0.580464
0.580485
0.580507
0.58055
0.580647
0.580674
0.5807
0.58075
0.580776
0.580801
0.580827
0.58088
0.580988
0.581044
0.581072
0.581099
0.581126
0.581182
0.581211
0.581274
0.581408
0.581442
0.581476
0.581509
0.581572
0.581634
0.581664
0.581726
0.581859
0.581894
0.581894
0.581961
0.581994
0.58206
0.58206
0.582159
0.582325
0.582358
0.582391
0.582391
0.582423
0.582486
0.582517
0.582549
0.582717
0.58275
0.582782
0.582844
0.582875
0.582937
0.582968
0.582999
0.583126
0.583159
0.583191
0.583254
0.583285
0.583348
0.583379
0.58341
0.583563
0.583593
0.583622
0.583649
0.583676
0.583726
0.583726
0.583801
0.583925
0.583949
0.583972
0.583994
0.584016
0.584037
0.584057
0.584097
0.584117
0.584201
0.584222
0.584243
0.584263
0.584282
0.584316
0.584332
0.584348
0.584421
0.584433
0.584442
0.584453
0.584456
0.584457
0.584458
0.584458
0.58447
0.584476
0.584489
0.584489
0.584501
0.584506
0.584509
0.584511
0.584493
0.584487
0.584474
0.584468
0.584463
0.584459
0.584455
0.584448
0.58441
0.584399
0.584387
0.584376
0.584352
0.584328
0.584316
0.584303
0.584248
0.584234
0.584203
0.584171
0.584154
0.584117
0.584097
0.584077
0.583994
0.583994
0.583974
0.583937
0.583919
0.58388
0.583838
0.583717
0.583692
0.583667
0.583643
0.58362
0.583575
0.583552
0.583504
0.583402
0.583375
0.583348
0.583292
0.583264
0.583204
0.583173
0.583141
0.582981
0.58295
0.58292
0.58289
0.58286
0.58283
0.582799
0.582735
0.582702
0.582593
0.582555
0.582476
0.582398
0.58236
0.582322
0.582247
0.582211
0.582063
0.582026
0.581954
0.581918
0.581918
0.581883
0.581848
0.581739
0.581703
0.581551
0.581512
0.581473
0.581434
0.581395
0.581356
0.581317
0.581241
0.581203
0.58109
0.581015
0.580977
0.580905
0.58087
0.580801
0.580768
0.580702
0.580606
0.580543
0.580513
0.580513
0.580454
0.580425
0.580397
0.580368
0.58034
0.580183
0.580159
0.580159
0.580114
0.580092
0.580071
0.580051
0.580009
0.579988
0.579943
0.579898
0.579876
0.579854
0.579835
0.579799
0.579783
0.579769
0.579729
0.579708
0.579699
0.579691
0.579685
0.579676
0.579672
0.579669
0.579665
0.579662
0.579642
0.579637
0.579633
0.579628
0.57963
0.57964
0.579646
0.579654
0.57967
0.579709
0.579709
0.57973
0.57973
0.57975
0.57976
0.579771
0.579783
0.579809
0.579853
0.579885
0.579902
0.579918
0.579918
0.57995
0.579966
0.579982
0.579999
0.580098
0.580121
0.580169
0.580193
0.580217
0.58024
0.580264
0.580287
0.580311
0.580417
0.580446
0.580504
0.580532
0.580562
0.580591
0.580621
0.580682
0.580714
0.580816
0.580852
0.580889
0.580926
0.580999
0.580999
0.58107
0.581105
0.581177
0.581289
0.581366
0.581404
0.581477
0.581514
0.58155
0.581624
0.581662
0.581819
0.581859
0.581899
0.581977
0.582015
0.58209
0.582127
0.582164
0.582316
0.582354
0.582392
0.58243
0.582504
0.58254
0.582576
0.582649
0.582831
0.582868
0.58294
0.58301
0.583045
0.58308
0.583114
0.583183
0.583286
0.583354
0.583387
0.583419
0.58351
0.58351
0.583569
0.58372
0.58372
0.583777
0.583804
0.583856
0.583881
0.583906
0.583932
0.584061
0.584087
0.584113
0.584163
0.584163
0.584235
0.584235
0.584259
0.584351
0.584394
0.584414
0.584465
0.584465
0.584493
0.584505
0.584515
0.584552
0.584575
0.584575
0.584613
0.584627
0.58464
0.584665
0.584676
0.584695
0.584708
0.584707
0.584705
0.584696
0.584691
0.584683
0.584683
0.58468
0.584688
0.584692
0.584698
0.584698
0.584697
0.584687
0.584679
0.584658
0.584605
0.584592
0.584579
0.584567
0.584557
0.584546
0.584523
0.584511
0.584411
0.584391
0.584372
0.584353
0.584335
0.584298
0.58428
0.584261
0.58418
0.584137
0.584114
0.584071
0.584049
0.584026
0.583979
0.583954
0.583847
0.583819
0.58379
0.583735
0.583708
0.583654
0.583597
0.583568
0.583444
0.583412
0.58338
0.583318
0.583288
0.583228
0.583198
0.583136
0.583039
0.583006
0.582972
0.582904
0.582869
0.582833
0.582796
0.582683
0.582566
0.582527
0.582489
0.582452
0.58238
0.582309
0.582273
0.582198
0.582081
0.58204
0.581958
0.581918
0.58188
0.581805
0.581768
0.581732
0.581696
0.581586
0.581473
0.581436
0.581436
0.581397
0.581358
0.581277
0.581236
0.58103
0.580989
0.58095
0.580839
0.580839
0.580739
0.580739
0.580538
0.580504
0.580471
0.58041
0.580382
0.580355
0.580279
0.58023
0.580156
0.580107
0.580083
0.580059
0.580016
0.579974
0.579954
0.579912
0.57987
0.579849
0.57979
0.579771
0.579735
0.579718
0.579684
0.579667
0.579614
0.579596
0.579579
0.579548
0.579535
0.579513
0.579504
0.579488
0.579471
0.579463
0.579461
0.579459
0.579458
0.579457
0.579455
0.57945
0.579448
0.57945
0.579455
0.579467
0.579474
0.579482
0.57949
0.579508
0.579549
0.579555
0.579561
0.579573
0.579579
0.579586
0.579604
0.579616
0.579643
0.579712
0.57973
0.579766
0.579784
0.579818
0.579834
0.579868
0.579949
0.579971
0.579993
0.580014
0.580035
0.580076
0.580097
0.580119
0.580141
0.58024
0.580268
0.580296
0.580325
0.580386
0.580451
0.580484
0.580553
0.580657
0.580726
0.580726
0.580822
0.580822
0.580854
0.58095
0.580984
0.581132
0.58117
0.581282
0.581317
0.581352
0.581417
0.581449
0.58158
0.581614
0.581649
0.581718
0.581754
0.58179
0.581864
0.581903
0.581942
0.582102
0.582182
0.582221
0.58226
0.582338
0.582416
0.582416
0.582535
0.582616
0.582658
0.582742
0.582784
0.582867
0.582907
0.582986
0.583176
0.583213
0.583249
0.583318
0.583385
0.583418
0.583484
0.583516
0.583612
0.583643
0.583674
0.583765
0.583826
0.583856
0.583916
0.584006
0.584067
0.584096
0.584124
0.584151
0.584203
0.584254
0.584278
0.584372
0.584396
0.584419
0.584465
0.584487
0.584509
0.584553
0.584575
0.58466
0.58468
0.584698
0.584731
0.584745
0.584757
0.584769
0.58479
0.584838
0.584851
0.584864
0.584887
0.584896
0.584902
0.584907
0.584906
0.584904
0.584893
0.584887
0.584886
0.58489
0.584894
0.584899
0.584904
0.584908
0.584914
0.584909
0.584901
0.58489
0.584846
0.584829
0.584795
0.584778
0.584745
0.584698
0.584682
0.584666
0.584636
0.584621
0.584606
0.584573
0.584554
0.58447
0.584446
0.584423
0.584353
0.584331
0.584309
0.584265
0.58422
0.58417
0.584142
0.584084
0.584055
0.584025
0.583966
0.583936
0.583873
0.583745
0.583712
0.583679
0.583614
0.583582
0.58355
0.583483
0.583448
0.583377
0.583264
0.583225
0.583187
0.583113
0.583041
0.583041
0.583004
0.58293
0.582728
0.582686
0.582605
0.582566
0.582527
0.582489
0.582411
0.582372
0.582211
0.582169
0.582129
0.582088
0.582048
0.582007
0.581923
0.581836
0.581616
0.581574
0.581495
0.581458
0.581386
0.581351
0.581315
0.581278
0.581123
0.581082
0.581041
0.58096
0.580881
0.580881
0.580842
0.580804
0.580766
0.580615
0.580577
0.580466
0.580466
0.580429
0.580393
0.580319
0.580282
0.580245
0.580134
0.580061
0.580026
0.579991
0.579958
0.579926
0.579835
0.579835
0.579721
0.579666
0.579641
0.579574
0.579554
0.579535
0.579517
0.579482
0.579435
0.57942
0.579391
0.579378
0.579364
0.579337
0.579325
0.579313
0.579261
0.579247
0.579243
0.579242
0.579245
0.579256
0.579268
0.579268
0.579283
0.579286
0.579285
0.579282
0.579278
0.579273
0.579263
0.57926
0.579258
0.579275
0.579285
0.579297
0.579311
0.579325
0.579375
0.579393
0.579393
0.579433
0.579521
0.579544
0.579568
0.579591
0.579614
0.57966
0.579683
0.579707
0.579755
0.579857
0.579884
0.57991
0.579935
0.579961
0.580013
0.580069
0.580099
0.58013
0.580195
0.580264
0.580299
0.58037
0.580406
0.580477
0.580514
0.580587
0.580703
0.580783
0.580823
0.580862
0.58094
0.580978
0.581017
0.581055
0.58121
0.58125
0.581289
0.581328
0.581444
0.581484
0.581566
0.581608
0.581694
0.581869
0.581912
0.581995
0.582036
0.582076
0.582116
0.582157
0.582367
0.582451
0.582531
0.582571
0.58261
0.582649
0.582687
0.582725
0.582877
0.582956
0.582996
0.583076
0.583116
0.583197
0.583197
0.58328
0.583321
0.58349
0.58349
0.583571
0.58365
0.583729
0.583768
0.583845
0.58396
0.584032
0.584066
0.584127
0.584156
0.584184
0.584212
0.584239
0.584266
0.584382
0.584412
0.584471
0.584499
0.584527
0.584581
0.584633
0.584658
0.584759
0.584784
0.584809
0.584832
0.584875
0.584894
0.584913
0.584931
0.584949
0.585011
0.585025
0.585049
0.585059
0.585076
0.58509
0.585105
0.585119
0.58512
0.585119
0.585116
0.585107
0.585097
0.585092
0.585077
0.585062
0.585054
0.585052
0.585051
0.585049
0.585048
0.58504
0.585001
0.584986
0.58497
0.584954
0.584938
0.584906
0.58489
0.584858
0.584787
0.584767
0.584727
0.584727
0.584685
0.584642
0.584619
0.584596
0.584573
0.584478
0.584453
0.584405
0.584381
0.584331
0.584306
0.584279
0.584127
0.584093
0.584058
0.584024
0.583957
0.583893
0.58386
0.583795
0.58366
0.58366
0.583626
0.58352
0.58352
0.583449
0.583412
0.583336
0.58318
0.58314
0.583101
0.583063
0.583025
0.582949
0.58291
0.58283
0.582656
0.582611
0.582566
0.582523
0.58248
0.582438
0.58231
0.582268
0.582181
0.58209
0.582044
0.581997
0.581949
0.581853
0.581757
0.581708
0.58166
0.581376
0.581331
0.581244
0.581202
0.581161
0.58112
0.581037
0.580953
0.58091
0.580781
0.580781
0.580739
0.580657
0.580657
0.580576
0.580494
0.580294
0.580218
0.580218
0.580083
0.580052
0.580022
0.579993
0.579885
0.579859
0.579806
0.579755
0.579755
0.579704
0.579677
0.579651
0.579514
0.579462
0.579462
0.579414
0.579392
0.57935
0.57933
0.579292
0.579292
0.579221
0.579204
0.579188
0.579173
0.579144
0.57913
0.579105
0.579094
0.579084
0.579053
0.579044
0.579041
0.579041
0.579042
0.579042
0.579045
0.579063
0.579069
0.579075
0.579081
0.579092
0.579098
0.579112
0.57912
0.579168
0.579179
0.579199
0.579209
0.579219
0.579243
0.579257
0.579271
0.579363
0.579383
0.579404
0.579424
0.579462
0.579499
0.579517
0.579556
0.579646
0.579671
0.579696
0.579696
0.579721
0.579774
0.579802
0.57986
0.579982
0.580013
0.580044
0.580106
0.580138
0.580203
0.580236
0.580269
0.580413
0.580489
0.580489
0.5806
0.580636
0.580671
0.580742
0.580814
0.580928
0.581009
0.581049
0.58109
0.581132
0.581218
0.581262
0.581351
0.581487
0.581532
0.581619
0.581704
0.581704
0.581746
0.581787
0.581874
0.581964
0.582059
0.582157
0.582207
0.582257
0.582306
0.582403
0.582451
0.582594
0.582741
0.58279
0.582838
0.582934
0.582934
0.583076
0.583123
0.583218
0.583403
0.583448
0.583535
0.583576
0.583654
0.583692
0.583917
0.583954
0.583989
0.584022
0.584085
0.584114
0.584169
0.584196
0.584339
0.5844
0.584461
0.584492
0.584553
0.584583
0.584613
0.584697
0.584775
0.584775
0.584799
0.584822
0.584863
0.584905
0.584926
0.58497
0.58506
0.58506
0.585101
0.585101
0.585119
0.585154
0.58517
0.585201
0.585274
0.585281
0.585288
0.585288
0.585288
0.585288
0.585283
0.585279
0.585262
0.585262
0.585261
0.585268
0.585268
0.585283
0.585292
0.585302
0.585344
0.585348
0.585348
0.58534
0.585331
0.585304
0.585287
0.585248
0.585182
0.585158
0.585087
0.585063
0.585038
0.585013
0.584988
0.584936
0.584824
0.584796
0.584768
0.58474
0.584714
0.584688
0.584637
0.584611
0.584584
0.584498
0.584466
0.584401
0.584367
0.584334
0.5843
0.584266
0.584196
0.584159
0.584002
0.583961
0.583919
0.583878
0.583837
0.583755
0.583713
0.583627
0.583583
0.583448
0.583403
0.583357
0.583267
0.583222
0.583176
0.58313
0.583082
0.583034
0.582782
0.58273
0.582677
0.582574
0.582523
0.58242
0.582369
0.582317
0.582114
0.582013
0.582013
0.581914
0.581814
0.581814
0.581766
0.581717
0.581429
0.581382
0.581335
0.581246
0.581202
0.581159
0.581072
0.581029
0.580816
0.580774
0.58065
0.58065
0.580611
0.580532
0.580492
0.580453
0.580374
0.580211
0.580171
0.580132
0.58002
0.579985
0.579914
0.57988
0.579743
0.57971
0.579677
0.579615
0.579586
0.579557
0.579528
0.579471
0.579443
0.579332
0.579306
0.579306
0.579256
0.579231
0.579181
0.579155
0.57913
0.579031
0.579008
0.578987
0.578951
0.578937
0.578918
0.578912
0.578907
0.578896
0.578892
0.578887
0.578873
0.578865
0.578857
0.578843
0.578843
0.578838
0.578842
0.578857
0.578865
0.578874
0.578884
0.578894
0.578894
0.578915
0.578926
0.57899
0.579022
0.579022
0.579072
0.579088
0.579105
0.579122
0.57914
0.579158
0.579243
0.579265
0.579288
0.579334
0.579334
0.579407
0.579432
0.579576
0.57964
0.579671
0.579701
0.57973
0.57976
0.579789
0.579789
0.579818
0.579976
0.580011
0.580047
0.580083
0.580157
0.580233
0.580273
0.580314
0.580356
0.580527
0.580616
0.58066
0.580703
0.580791
0.580835
0.58088
0.58088
0.580973
0.581119
0.581168
0.581217
0.581266
0.581363
0.581412
0.581461
0.58156
0.581611
0.581828
0.581885
0.581941
0.581997
0.582158
0.582211
0.582211
0.582418
0.582522
0.582624
0.582674
0.582674
0.582818
0.582911
0.582959
0.583007
0.583055
0.583301
0.583301
0.58335
0.583445
0.583534
0.583578
0.583621
0.583663
0.583746
0.583963
0.583963
0.584007
0.584051
0.584094
0.584222
0.584222
0.584264
0.584471
0.584511
0.584549
0.584622
0.584657
0.584691
0.584724
0.584757
0.58479
0.584926
0.584961
0.58503
0.58503
0.585063
0.585125
0.585153
0.58518
0.58532
0.58532
0.585357
0.585387
0.585398
0.585408
0.585416
0.585424
0.585454
0.58546
0.585468
0.585475
0.585482
0.585489
0.585499
0.585502
0.585497
0.585493
0.58549
0.585484
0.585481
0.585478
0.585475
0.585469
0.585454
0.585418
0.585402
0.585386
0.585369
0.585336
0.585319
0.585303
0.585286
0.585251
0.585165
0.585139
0.585113
0.585061
0.585035
0.584982
0.584956
0.584824
0.584798
0.584774
0.584727
0.584704
0.584656
0.58463
0.584574
0.584443
0.584408
0.584408
0.58434
0.584307
0.584241
0.584208
0.58414
0.58399
0.583949
0.583865
0.583823
0.583782
0.58374
0.583697
0.58361
0.583432
0.583342
0.583297
0.583252
0.583208
0.583164
0.583164
0.583076
0.582846
0.582797
0.582701
0.582608
0.582563
0.582563
0.582472
0.582379
0.58233
0.582179
0.582125
0.582071
0.582017
0.581963
0.581909
0.581803
0.581749
0.581643
0.58143
0.581377
0.581324
0.581219
0.581166
0.581113
0.581006
0.580951
0.580737
0.580684
0.580633
0.580584
0.580488
0.580441
0.580395
0.580349
0.580075
0.580075
0.579986
0.579944
0.579902
0.579862
0.579822
0.579784
0.579745
0.579596
0.579559
0.579485
0.579449
0.579414
0.579344
0.579309
0.579239
0.579204
0.579136
0.57907
0.579009
0.578981
0.578981
0.578954
0.578905
0.578882
0.578859
0.578775
0.578756
0.578739
0.578724
0.578711
0.578699
0.57868
0.578672
0.578657
0.578645
0.578647
0.578651
0.578663
0.578689
0.578689
0.578693
0.578699
0.578699
0.578701
0.578701
0.578708
0.578714
0.578722
0.578732
0.578758
0.578808
0.578846
0.578846
0.578887
0.578907
0.578929
0.578974
0.578998
0.579024
0.579137
0.579199
0.57926
0.579289
0.579316
0.579343
0.579368
0.579394
0.579534
0.579566
0.579599
0.579633
0.579667
0.579738
0.579775
0.579813
0.579852
0.579975
0.58006
0.580103
0.580229
0.580272
0.580317
0.580361
0.580406
0.580592
0.58064
0.580738
0.580787
0.580835
0.580882
0.580975
0.581023
0.58107
0.581323
0.581375
0.581427
0.581479
0.581479
0.581532
0.581585
0.581691
0.581744
0.58196
0.582015
0.582015
0.582124
0.582178
0.582233
0.582288
0.582344
0.582401
0.582695
0.582756
0.582815
0.582933
0.58299
0.583103
0.583157
0.58321
0.583418
0.583522
0.583575
0.583627
0.58373
0.583781
0.583831
0.583882
0.583933
0.584131
0.584179
0.584272
0.584318
0.584363
0.584452
0.584497
0.584586
0.584761
0.584803
0.584843
0.584881
0.584916
0.58495
0.584983
0.585047
0.585078
0.585172
0.585233
0.585233
0.585319
0.585347
0.585399
0.585425
0.58545
0.585541
0.585561
0.585579
0.585595
0.585609
0.585633
0.585654
0.585664
0.585684
0.585709
0.585716
0.585721
0.585723
0.585721
0.585721
0.585717
0.585712
0.585705
0.585649
0.585638
0.585627
0.585618
0.585609
0.585601
0.585588
0.585581
0.585581
0.585554
0.58549
0.585469
0.585447
0.585424
0.585378
0.585356
0.585333
0.585309
0.585309
0.585234
0.585207
0.585151
0.585121
0.585061
0.585029
0.584996
0.584962
0.584927
0.584775
0.584694
0.584654
0.584614
0.584537
0.584462
0.584424
0.584424
0.584386
0.58414
0.584096
0.584051
0.58396
0.583914
0.583868
0.583822
0.583728
0.583679
0.58353
0.583479
0.583327
0.583277
0.583179
0.583131
0.583084
0.582988
0.582788
0.582736
0.582684
0.582631
0.582631
0.582473
0.582419
0.582366
0.582312
0.582149
0.582039
0.581984
0.581929
0.581874
0.581819
0.581706
0.581649
0.58159
0.581413
0.581354
0.581235
0.581176
0.581119
0.581062
0.581005
0.580949
0.58078
0.580552
0.580552
0.580495
0.580439
0.580275
0.580222
0.580171
0.58012
0.579879
0.579788
0.579788
0.579701
0.579659
0.579618
0.579577
0.579296
0.57926
0.579227
0.579166
0.579137
0.579109
0.579081
0.579052
0.579024
0.578905
0.578875
0.578846
0.578817
0.578789
0.578762
0.578736
0.57871
0.578686
0.578663
0.57858
0.578562
0.578545
0.578515
0.57849
0.578479
0.578468
0.578468
0.578459
0.578439
0.578442
0.578446
0.578452
0.578466
0.578474
0.578474
0.578483
0.578493
0.578536
0.578558
0.578558
0.57857
0.578603
0.578615
0.578628
0.578642
0.578659
0.57874
0.578763
0.578787
0.578835
0.578859
0.578884
0.578909
0.578934
0.578988
0.579075
0.57914
0.579174
0.579208
0.579277
0.579312
0.579384
0.579565
0.579599
0.579632
0.579696
0.579727
0.579758
0.57979
0.579823
0.579895
0.580016
0.580105
0.580151
0.580196
0.580242
0.580287
0.580379
0.580426
0.580426
0.580622
0.580782
0.580782
0.580892
0.581
0.581053
0.581158
0.581369
0.581422
0.581475
0.581528
0.58158
0.581631
0.581735
0.581789
0.581843
0.582071
0.582128
0.582186
0.582242
0.582353
0.582408
0.582463
0.582518
0.582573
0.582628
0.582857
0.582917
0.582977
0.5831
0.5831
0.583162
0.583286
0.583348
0.583348
0.583596
0.583657
0.583836
0.583893
0.58395
0.584007
0.584063
0.584118
0.584448
0.584448
0.584551
0.5846
0.584648
0.584694
0.584739
0.584783
0.584867
0.585032
0.585073
0.585112
0.585151
0.585189
0.585226
0.585262
0.585299
0.585335
0.585505
0.585535
0.585563
0.585614
0.585636
0.585656
0.585676
0.585715
0.585734
0.585815
0.585835
0.585854
0.585871
0.585886
0.585908
0.585914
0.585918
0.585918
0.585892
0.585879
0.585873
0.585865
0.585863
0.585863
0.585865
0.585867
0.585876
0.585877
0.585876
0.585874
0.585869
0.585863
0.585842
0.585827
0.585811
0.585793
0.585726
0.5857
0.585643
0.585612
0.58558
0.585548
0.585514
0.585479
0.585444
0.585253
0.585214
0.585176
0.585138
0.5851
0.585062
0.585024
0.584986
0.584905
0.584863
0.58473
0.584636
0.584588
0.584588
0.584541
0.584492
0.584444
0.584348
0.584299
0.58425
0.584149
0.58399
0.583935
0.58388
0.583767
0.58371
0.583651
0.583592
0.583531
0.583286
0.583224
0.583102
0.583102
0.583041
0.582981
0.582921
0.58286
0.582799
0.582541
0.58234
0.582274
0.582208
0.582143
0.582078
0.582013
0.58195
0.581887
0.581824
0.581509
