0.574004
0.574004
0.574007
0.574009
0.574017
0.574017
0.57402
0.574021
0.574019
0.574006
0.573995
0.573988
0.573989
0.573998
0.574011
0.574019
0.574033
0.574044
0.574036
0.574036
0.574016
0.574001
0.573988
0.573982
0.573983
0.574001
0.574006
0.574016
0.574019
0.574013
0.574007
0.573993
0.573964
0.573959
0.573951
0.573948
0.573949
0.573951
0.573959
0.57397
0.573969
0.573962
0.573951
0.573943
0.57392
0.573907
0.573898
0.573898
0.5739
0.573904
0.573911
0.573919
0.573935
0.573935
0.573935
0.573934
0.57393
0.573926
0.57392
0.573918
0.573936
0.573936
0.573946
0.573954
0.573961
0.573969
0.573974
0.573994
0.573994
0.573997
0.573996
0.57399
0.573985
0.573986
0.574011
0.574011
0.574031
0.574053
0.574074
0.57409
0.574098
0.574101
0.574101
0.574102
0.574103
0.574106
0.574114
0.574119
0.574149
0.574149
0.574165
0.574173
0.574197
0.574201
0.5742
0.574184
0.574184
0.574178
0.574175
0.574164
0.57416
0.574161
0.574188
0.574188
0.574201
0.574207
0.574206
0.574203
0.57419
0.574153
0.574153
0.574135
0.574119
0.574101
0.574093
0.574087
0.574079
0.574079
0.574072
0.574061
0.574038
0.574029
0.574009
0.573969
0.573969
0.573952
0.573938
0.573926
0.573916
0.573906
0.573876
0.573876
0.573867
0.573848
0.573828
0.573806
0.573785
0.573751
0.573751
0.573741
0.57374
0.573746
0.573757
0.573768
0.573774
0.573774
0.573764
0.573748
0.57373
0.573711
0.57369
0.573689
0.573694
0.573708
0.573726
0.573745
0.573765
0.573774
0.573804
0.573809
0.573819
0.573826
0.573834
0.573838
0.573848
0.57388
0.57388
0.573901
0.573924
0.573948
0.573973
0.573997
0.574026
0.574034
0.574049
0.574061
0.574081
0.574097
0.574115
0.574149
0.574149
0.574175
0.574203
0.57423
0.574268
0.574289
0.574311
0.574316
0.574323
0.574327
0.574329
0.574334
0.574341
0.574364
0.574364
0.574384
0.574391
0.574402
0.574409
0.574406
0.574391
0.574384
0.574372
0.57436
0.574348
0.574337
0.574329
0.574317
0.574313
0.574304
0.574298
0.574284
0.574265
0.574242
0.574205
0.574192
0.574167
0.574142
0.574119
0.574097
0.574066
0.574034
0.574022
0.573996
0.573967
0.573935
0.573919
0.573884
0.573814
0.573814
0.573782
0.573754
0.573731
0.573711
0.573696
0.573667
0.573658
0.573641
0.57362
0.573596
0.573572
0.57356
0.573527
0.573519
0.573508
0.573505
0.573509
0.573517
0.573526
0.573546
0.573546
0.573554
0.573559
0.573562
0.573564
0.573566
0.573576
0.573582
0.573596
0.573616
0.573639
0.573667
0.573682
0.573745
0.573745
0.573776
0.573819
0.573846
0.573872
0.573899
0.573943
0.57396
0.573994
0.574031
0.574069
0.574107
0.574143
0.574192
0.574192
0.574221
0.574249
0.574276
0.574303
0.574331
0.574392
0.574408
0.574424
0.574469
0.574497
0.574509
0.574529
0.574557
0.574557
0.574564
0.574568
0.574574
0.574583
0.574593
0.574603
0.574603
0.5746
0.574592
0.574581
0.574565
0.574535
0.5745
0.574488
0.574464
0.574442
0.574421
0.574403
0.574395
0.574367
0.574357
0.574333
0.574306
0.574275
0.57424
0.57418
0.574116
0.574094
0.574072
0.574009
0.573989
0.573952
0.573917
0.573851
0.573851
0.573819
0.573785
0.573748
0.573708
0.573665
0.573578
0.573578
0.573537
0.573483
0.573454
0.57343
0.573412
0.573389
0.573383
0.573371
0.573358
0.573345
0.573331
0.573324
0.57331
0.57331
0.573315
0.573325
0.573339
0.573355
0.573374
0.57341
0.573419
0.573436
0.573444
0.573459
0.573483
0.573502
0.573538
0.573553
0.573568
0.573603
0.573642
0.573707
0.573752
0.573821
0.573843
0.573886
0.573886
0.573964
0.573984
0.574022
0.574102
0.574102
0.574147
0.574195
0.574246
0.574297
0.574372
0.574442
0.574464
0.574505
0.574541
0.574573
0.574588
0.574627
0.574652
0.574664
0.57469
0.574716
0.574741
0.574766
0.574796
0.574806
0.574804
0.574796
0.574783
0.574767
0.574758
0.574739
0.574702
0.574702
0.574685
0.57466
0.574642
0.574623
0.574602
0.574562
0.574547
0.574513
0.574494
0.574434
0.574413
0.57437
0.574281
0.574281
0.574237
0.574193
0.574126
0.574078
0.574028
0.573947
0.573918
0.57386
0.5738
0.573771
0.573713
0.573658
0.573559
0.573559
0.573495
0.573455
0.573417
0.573381
0.573343
0.573286
0.573286
0.573249
0.573215
0.57317
0.573157
0.573133
0.573129
0.573131
0.573139
0.573147
0.573152
0.573155
0.573157
0.57317
0.57317
0.573184
0.573202
0.573225
0.573253
0.573303
0.573357
0.573376
0.573413
0.57345
0.573487
0.573505
0.573542
0.573622
0.573622
0.573667
0.573717
0.573771
0.57383
0.57389
0.574012
0.574042
0.574102
0.574159
0.574214
0.574267
0.574319
0.574396
0.574396
0.574448
0.574502
0.574585
0.574641
0.574696
0.574749
0.574773
0.574819
0.574858
0.574892
0.574919
0.57494
0.574969
0.574974
0.574985
0.574992
0.574994
0.57499
0.574987
0.574964
0.574964
0.574945
0.574921
0.574894
0.574851
0.574821
0.574775
0.574759
0.574726
0.57469
0.574672
0.574631
0.574586
0.574484
0.574457
0.574401
0.574344
0.574287
0.57423
0.574173
0.574087
0.574087
0.574027
0.573965
0.573901
0.573833
0.573765
0.573633
0.573633
0.573539
0.57348
0.573423
0.573369
0.573316
0.573239
0.573214
0.573163
0.573114
0.573068
0.573047
0.573009
0.572963
0.572952
0.572937
0.572932
0.572935
0.572944
0.57296
0.57297
0.572973
0.572979
0.572988
0.573001
0.573019
0.573043
0.573092
0.573092
0.573131
0.573176
0.573224
0.573274
0.573324
0.573425
0.573451
0.573502
0.573554
0.573609
0.573637
0.573697
0.573829
0.573829
0.5739
0.573974
0.574085
0.574159
0.574231
0.5743
0.574334
0.574399
0.574463
0.574526
0.574587
0.574649
0.574773
0.574773
0.574834
0.574893
0.574977
0.575029
0.575053
0.575128
0.575128
0.57515
0.575163
0.575165
0.575162
0.575157
0.575149
0.575149
0.575144
0.575136
0.575125
0.575109
0.575074
0.575025
0.575005
0.574963
0.574917
0.574867
0.574842
0.574791
0.574689
0.574689
0.574637
0.574583
0.574527
0.574437
0.574372
0.574266
0.574229
0.574152
0.574074
0.573994
0.573914
0.573875
0.573725
0.573725
0.573655
0.573585
0.573517
0.573449
0.573379
0.573238
0.573238
0.573168
0.5731
0.573003
0.572942
0.572888
0.572821
0.572804
0.572775
0.572765
0.57275
0.572742
0.572738
0.572742
0.572742
0.572751
0.572761
0.572776
0.572797
0.572825
0.572875
0.572875
0.572935
0.572977
0.573021
0.573065
0.573111
0.573183
0.573183
0.573264
0.573293
0.573356
0.573423
0.573493
0.573639
0.573677
0.573752
0.573827
0.573864
0.573939
0.574013
0.574165
0.574165
0.574244
0.574327
0.574411
0.57454
0.574625
0.574751
0.574791
0.574867
0.574904
0.575007
0.575069
0.575099
0.575206
0.575206
0.575254
0.575298
0.575337
0.57537
0.575404
0.575412
0.575412
0.575403
0.575386
0.575348
0.575319
0.575288
0.57524
0.575225
0.575193
0.57516
0.575125
0.575087
0.575043
0.574994
0.574967
0.574909
0.574846
0.574778
0.574709
0.574638
0.574496
0.574496
0.574423
0.574347
0.574268
0.574187
0.574102
0.573922
0.573875
0.573828
0.573734
0.573639
0.573547
0.573457
0.573289
0.573289
0.57321
0.573133
0.573059
0.572952
0.572883
0.572816
0.572783
0.572721
0.572663
0.572611
0.572567
0.572536
0.572516
0.572516
0.572524
0.572538
0.572556
0.572575
0.572594
0.572634
0.572634
0.572657
0.572684
0.572733
0.572774
0.572797
0.572903
0.572903
0.572964
0.573029
0.573133
0.573205
0.573276
0.573385
0.573422
0.573459
0.573576
0.573576
0.573744
0.573789
0.573978
0.573978
0.574076
0.574174
0.574273
0.57437
0.574464
0.574643
0.574643
0.574729
0.574855
0.574896
0.575018
0.575098
0.575215
0.575253
0.575326
0.575394
0.575425
0.575481
0.575526
0.575579
0.575579
0.575586
0.575583
0.575576
0.575559
0.575552
0.575517
0.575505
0.575492
0.575463
0.575426
0.575383
0.575335
0.575224
0.575224
0.575163
0.5751
0.575002
0.574935
0.574866
0.574759
0.574721
0.574643
0.574602
0.574516
0.574426
0.574333
0.574139
0.574139
0.573992
0.573944
0.573848
0.573752
0.573655
0.573458
0.573408
0.573307
0.573205
0.573105
0.573007
0.572912
0.57282
0.572777
0.572696
0.572624
0.572559
0.572503
0.572455
0.572381
0.572381
0.572356
0.57234
0.572332
0.572331
0.572337
0.572358
0.572369
0.572396
0.57243
0.572471
0.572493
0.57254
0.572644
0.572644
0.572698
0.572786
0.572848
0.572915
0.572987
0.573107
0.57315
0.573238
0.573284
0.573424
0.57352
0.573617
0.573762
0.573762
0.573861
0.573961
0.574063
0.574167
0.574328
0.574493
0.574548
0.574603
0.574764
0.574867
0.574916
0.57506
0.575194
0.575194
0.575279
0.575402
0.575479
0.575551
0.575618
0.575704
0.575704
0.575748
0.575777
0.575791
0.575792
0.575776
0.575749
0.575739
0.575717
0.575692
0.575664
0.575631
0.575592
0.575548
0.575523
0.575468
0.575408
0.575343
0.575274
0.575203
0.575054
0.575015
0.574975
0.574892
0.574804
0.574712
0.574615
0.574408
0.574408
0.574301
0.574192
0.574082
0.573974
0.573866
0.57365
0.57365
0.573541
0.573375
0.573319
0.573205
0.573035
0.572869
0.572815
0.572712
0.572616
0.572528
0.572487
0.572411
0.572286
0.572286
0.572236
0.572196
0.572151
0.572134
0.572127
0.57213
0.572135
0.572149
0.57217
0.572184
0.572218
0.57226
0.572333
0.572387
0.572444
0.572473
0.572532
0.572593
0.572657
0.572795
0.572795
0.572871
0.572953
0.573087
0.573185
0.573288
0.573451
0.573506
0.573619
0.573732
0.573845
0.573902
0.574016
0.574246
0.574246
0.574365
0.574486
0.574608
0.57479
0.574909
0.575081
0.575136
0.575242
0.575342
0.575436
0.575524
0.575566
0.575718
0.575718
0.575787
0.575848
0.575903
0.575948
0.575981
0.576001
0.575998
0.575984
0.57596
0.575928
0.57589
0.575868
0.575774
0.575774
0.575724
0.575672
0.575617
0.57556
0.575498
0.575358
0.575319
0.575235
0.575145
0.57505
0.57495
0.574846
0.574686
0.574631
0.574577
0.574466
0.574355
0.574243
0.574128
0.573892
0.573892
0.57377
0.573644
0.573452
0.573323
0.573196
0.573071
0.573009
0.57289
0.572777
0.572669
0.572566
0.572469
0.57229
0.57229
0.572169
0.572095
0.572029
0.571975
0.571953
0.571904
0.571904
0.571902
0.571913
0.571933
0.571962
0.571998
0.572083
0.572083
0.57213
0.572178
0.572257
0.572315
0.572376
0.572481
0.57252
0.572604
0.572648
0.572741
0.57284
0.572943
0.573158
0.573158
0.573268
0.573379
0.573548
0.573663
0.57378
0.573964
0.574026
0.574155
0.574286
0.574352
0.574486
0.574621
0.574887
0.574951
0.575075
0.575194
0.575308
0.575364
0.575472
0.575624
0.575673
0.575769
0.57586
0.575946
0.576023
0.576091
0.57618
0.576191
0.576199
0.576195
0.576178
0.576152
0.576118
0.57608
0.576059
0.576015
0.575968
0.575919
0.575837
0.575777
0.575673
0.575635
0.575552
0.575463
0.575368
0.575267
0.575215
0.574999
0.574999
0.574888
0.574776
0.574661
0.574545
0.574427
0.57418
0.574115
0.574049
0.573845
0.573707
0.573637
0.573496
0.573217
0.573149
0.573016
0.572888
0.572763
0.572702
0.572526
0.572358
0.572304
0.572251
0.572148
0.572008
0.571966
0.57189
0.571777
0.571777
0.571747
0.571733
0.571733
0.571742
0.571759
0.571795
0.57181
0.571842
0.5719
0.571923
0.571972
0.572061
0.572168
0.572168
0.572249
0.572336
0.572429
0.572525
0.572624
0.572827
0.572827
0.572931
0.573095
0.573209
0.573329
0.573454
0.573652
0.573652
0.573859
0.574001
0.574073
0.574217
0.574361
0.574645
0.574645
0.574784
0.574922
0.575127
0.575262
0.575396
0.575591
0.575654
0.575776
0.575834
0.575944
0.576043
0.576131
0.57627
0.576295
0.576334
0.576357
0.576367
0.576367
0.576359
0.576332
0.576332
0.576304
0.576268
0.576224
0.576174
0.576116
0.575987
0.575987
0.575917
0.575805
0.575723
0.575635
0.57554
0.575328
0.575328
0.575213
0.575094
0.575033
0.574908
0.574781
0.574521
0.574454
0.574319
0.574181
0.574039
0.573894
0.573746
0.573521
0.573445
0.573369
0.573218
0.57307
0.572926
0.572787
0.572585
0.572455
0.572329
0.572207
0.572147
0.57203
0.571867
0.571725
0.571725
0.571646
0.571585
0.571545
0.571524
0.571519
0.571547
0.571547
0.571575
0.571609
0.571669
0.571714
0.571764
0.571848
0.57188
0.571948
0.571985
0.572065
0.572153
0.572248
0.572458
0.572458
0.572571
0.572687
0.572806
0.572987
0.573111
0.573305
0.573371
0.573509
0.573579
0.573724
0.573874
0.574027
0.574342
0.574342
0.574499
0.574656
0.574884
0.574958
0.575103
0.575316
0.575386
0.575523
0.575724
0.575789
0.575917
0.576041
0.576265
0.576265
0.576362
0.576444
0.576508
0.576549
0.57657
0.576563
0.576563
0.576544
0.576517
0.576484
0.576447
0.576405
0.576304
0.576304
0.576243
0.576176
0.576059
0.576016
0.575874
0.575718
0.575664
0.575552
0.575436
0.575317
0.575256
0.575133
0.574876
0.574876
0.57474
0.574599
0.574377
0.5743
0.574144
0.573823
0.573823
0.57366
0.573498
0.573338
0.573104
0.572951
0.572727
0.572727
0.572581
0.572366
0.572226
0.572089
0.571957
0.571833
0.571775
0.571667
0.571571
0.571491
0.571428
0.571384
0.571348
0.571347
0.571352
0.571365
0.571386
0.571415
0.571451
0.571522
0.571522
0.571582
0.571651
0.571729
0.571815
0.571906
0.572103
0.572103
0.572207
0.572314
0.572425
0.572601
0.572725
0.572922
0.57299
0.573133
0.573281
0.573357
0.573514
0.573674
0.574
0.574082
0.574244
0.574325
0.574486
0.574647
0.574886
0.575206
0.575206
0.575366
0.575446
0.575605
0.57576
0.575909
0.576119
0.576184
0.576363
0.576465
0.576511
0.576593
0.576658
0.576733
0.576741
0.57675
0.576749
0.576737
0.576728
0.576704
0.576625
0.576625
0.576572
0.576475
0.576401
0.57632
0.576233
0.576094
0.576047
0.575947
0.575842
0.575788
0.575674
0.575488
0.575286
0.575215
0.575068
0.574917
0.574841
0.574686
0.57445
0.574211
0.57413
0.573966
0.573799
0.573629
0.573456
0.573369
0.573021
0.573021
0.572849
0.572681
0.572519
0.572285
0.572136
0.571923
0.571855
0.571724
0.5716
0.571485
0.571382
0.571293
0.571198
0.571198
0.571161
0.571144
0.571143
0.571156
0.57118
0.571251
0.571251
0.571297
0.571376
0.571438
0.571507
0.571584
0.57167
0.571766
0.571869
0.571981
0.572099
0.57216
0.572286
0.572549
0.572549
0.572687
0.572829
0.572976
0.573205
0.573366
0.573617
0.573704
0.573878
0.574055
0.574232
0.574408
0.574495
0.574757
0.57493
0.575102
0.575272
0.575443
0.575528
0.575696
0.575941
0.57602
0.576245
0.576315
0.576447
0.576566
0.576671
0.576837
0.576837
0.576894
0.576943
0.576956
0.576957
0.576947
0.576913
0.576913
0.576857
0.576806
0.576745
0.576675
0.576637
0.576468
0.576468
0.576375
0.576276
0.576172
0.576061
0.575946
0.575693
0.575693
0.575483
0.575334
0.575177
0.575014
0.574846
0.57459
0.574504
0.574331
0.574159
0.573985
0.573897
0.573722
0.573365
0.573365
0.573183
0.573
0.572727
0.572548
0.572373
0.572122
0.572042
0.571887
0.571813
0.571669
0.571534
0.571407
0.571184
0.571184
0.571094
0.570997
0.57096
0.570943
0.570944
0.570971
0.570987
0.571005
0.571048
0.571099
0.571156
0.571255
0.57137
0.571412
0.571504
0.571604
0.571714
0.571832
0.571957
0.572154
0.572154
0.57229
0.57243
0.572648
0.5728
0.572957
0.573203
0.573288
0.573463
0.573643
0.573735
0.57392
0.574107
0.574482
0.574482
0.574668
0.574853
0.575037
0.575313
0.575405
0.575767
0.575856
0.57603
0.576197
0.576356
0.576432
0.576575
0.576768
0.576825
0.576927
0.577014
0.577082
0.577131
0.577162
0.577177
0.577177
0.577163
0.577135
0.577068
0.577009
0.57694
0.576775
0.576775
0.57673
0.576634
0.576534
0.576429
0.576318
0.576079
0.576079
0.57595
0.575742
0.575594
0.575516
0.575356
0.575018
0.575018
0.574842
0.574574
0.574394
0.574212
0.574028
0.573842
0.573748
0.57356
0.573368
0.573078
0.572981
0.572691
0.572407
0.572314
0.572134
0.57196
0.571876
0.571713
0.571484
0.571273
0.571273
0.571085
0.570975
0.570883
0.570811
0.57076
0.57073
0.570722
0.570721
0.570736
0.570766
0.570835
0.570863
0.570998
0.570998
0.571076
0.571161
0.571252
0.571349
0.571454
0.571626
0.571753
0.571889
0.572033
0.572185
0.572342
0.572505
0.572672
0.572757
0.57293
0.573105
0.573284
0.573466
0.573654
0.574043
0.574043
0.574244
0.574447
0.574752
0.574954
0.575153
0.575443
0.575538
0.575724
0.575815
0.575995
0.57617
0.57634
0.576663
0.576738
0.576882
0.576949
0.577073
0.577179
0.577298
0.577362
0.577372
0.577377
0.577376
0.577361
0.577334
0.577297
0.577195
0.577195
0.577092
0.577011
0.576967
0.576869
0.576763
0.576526
0.576526
0.576397
0.576263
0.576051
0.575903
0.575749
0.575507
0.575422
0.575248
0.575066
0.574879
0.574688
0.57459
0.574195
0.574195
0.573997
0.573797
0.573597
0.573395
0.573192
0.572784
0.572784
0.572578
0.572374
0.572172
0.571975
0.571784
0.571513
0.571428
0.571267
0.571119
0.570984
0.570866
0.570767
0.570631
0.570631
0.57059
0.570567
0.570559
0.570565
0.570586
0.570667
0.570695
0.570727
0.570799
0.570883
0.570975
0.571075
0.571296
0.571296
0.571413
0.571537
0.571667
0.571804
0.57195
0.572268
0.572353
0.572528
0.572619
0.572804
0.572995
0.57319
0.573586
0.573586
0.573785
0.573986
0.574188
0.574392
0.574598
0.575018
0.575018
0.57523
0.575442
0.575652
0.575859
0.576061
0.576441
0.576441
0.576617
0.576781
0.576934
0.577074
0.577256
0.577402
0.577441
0.577503
0.577544
0.577567
0.577572
0.57756
0.577512
0.577512
0.577432
0.577399
0.577284
0.577241
0.57715
0.576945
0.576945
0.576831
0.576645
0.576511
0.576368
0.576214
0.575966
0.57588
0.575702
0.575611
0.575426
0.57514
0.574947
0.574751
0.574652
0.574452
0.574248
0.574042
0.573831
0.573506
0.573175
0.573064
0.572842
0.572622
0.572405
0.572194
0.571989
0.571694
0.571694
0.571507
0.571329
0.57116
0.571
0.570851
0.570594
0.570594
0.570448
0.57038
0.570336
0.570315
0.570315
0.570347
0.570347
0.570365
0.570473
0.570542
0.570621
0.570707
0.57085
0.570902
0.570955
0.57107
0.571259
0.571327
0.57147
0.571703
0.571785
0.571955
0.572043
0.572315
0.572598
0.57279
0.573085
0.573185
0.573388
0.573596
0.573701
0.573914
0.574133
0.574582
0.574582
0.574923
0.575037
0.575262
0.575485
0.575704
0.576123
0.576123
0.576323
0.576515
0.576699
0.576875
0.577122
0.577346
0.577414
0.577535
0.577634
0.577708
0.577756
0.57778
0.577779
0.577779
0.577757
0.57772
0.577671
0.57761
0.577501
0.577415
0.577369
0.577268
0.577158
0.577035
0.576903
0.57676
0.576454
0.576454
0.576208
0.576124
0.575951
0.575772
0.575587
0.575197
0.575197
0.574991
0.574669
0.574447
0.574221
0.573993
0.573649
0.573535
0.573308
0.573082
0.572858
0.572747
0.572525
0.572194
0.572085
0.571868
0.571655
0.571448
0.571248
0.571059
0.57072
0.57072
0.570577
0.570401
0.570313
0.570248
0.570205
0.570175
0.570172
0.570179
0.570187
0.570234
0.570282
0.570345
0.570465
0.570511
0.570612
0.570725
0.570847
0.570911
0.571045
0.571334
0.571334
0.571489
0.571651
0.571822
0.572094
0.572287
0.572591
0.572591
0.5728
0.573014
0.573231
0.573449
0.573671
0.57412
0.57412
0.574349
0.574581
0.574816
0.57517
0.575407
0.575756
0.575871
0.576095
0.576312
0.576523
0.576625
0.576822
0.577189
0.577189
0.577358
0.577511
0.577647
0.577762
0.577854
0.57796
0.57796
0.577977
0.577973
0.57795
0.577912
0.57786
0.577723
0.577683
0.577596
0.577499
0.577446
0.577335
0.577213
0.57701
0.576937
0.576783
0.57662
0.576448
0.57627
0.576087
0.575704
0.575604
0.575401
0.575192
0.574976
0.574753
0.574524
0.57429
0.574171
0.574052
0.573572
0.573332
0.573093
0.572856
0.572505
0.572388
0.572157
0.571927
0.571701
0.571589
0.57137
0.571057
0.570958
0.57077
0.570517
0.570372
0.570249
0.570196
0.570048
0.570048
0.570006
0.569983
0.569978
0.56999
0.570017
0.57012
0.57012
0.570194
0.570282
0.570434
0.570548
0.570671
0.570867
0.570936
0.57108
0.571232
0.571394
0.571479
0.571654
0.571937
0.572035
0.57224
0.572452
0.572669
0.572892
0.573118
0.573576
0.573576
0.573809
0.574162
0.574401
0.574642
0.574887
0.575257
0.575381
0.575628
0.575751
0.575994
0.576231
0.576462
0.576792
0.576897
0.577099
0.577289
0.577466
0.577629
0.577774
0.577997
0.577997
0.578097
0.578119
0.578148
0.578142
0.578117
0.578051
0.578022
0.577954
0.577916
0.577833
0.57774
0.577636
0.577396
0.577396
0.577186
0.577032
0.576866
0.576691
0.576506
0.576214
0.576214
0.576012
0.575805
0.575594
0.575379
0.57516
0.574704
0.574586
0.574347
0.574101
0.57385
0.573596
0.57334
0.572955
0.572955
0.572828
0.572329
0.572207
0.571848
0.571731
0.571278
0.571278
0.571061
0.570852
0.570654
0.570468
0.570298
0.570013
0.569956
0.569863
0.569798
0.569758
0.56974
0.569741
0.56976
0.569775
0.569817
0.569873
0.569944
0.570028
0.570126
0.570364
0.570364
0.5705
0.570647
0.570724
0.570967
0.571224
0.571497
0.571592
0.571688
0.571886
0.572092
0.572306
0.572529
0.572998
0.573119
0.573366
0.573616
0.573869
0.574123
0.574377
0.574759
0.574887
0.575014
0.575269
0.575524
0.575779
0.576033
0.576528
0.576528
0.576765
0.576993
0.577209
0.57741
0.577596
0.577915
0.577981
0.578097
0.578187
0.578254
0.578297
0.578321
0.578322
0.578322
0.578299
0.578259
0.578201
0.578127
0.578039
0.577828
0.577768
0.577642
0.577507
0.577362
0.577287
0.577129
0.576784
0.576691
0.576496
0.576292
0.57608
0.575861
0.575749
0.575289
0.575289
0.575053
0.574812
0.574567
0.574189
0.574061
0.573537
0.573403
0.573135
0.572866
0.572597
0.572332
0.572071
0.571693
0.571693
0.571449
0.571213
0.570986
0.570768
0.57056
0.570181
0.570181
0.570016
0.569873
0.569709
0.569636
0.56959
0.569565
0.569568
0.569575
0.569605
0.569651
0.569712
0.569786
0.569966
0.569966
0.570072
0.57019
0.570318
0.570458
0.570691
0.570953
0.571045
0.571238
0.571441
0.571651
0.571759
0.571978
0.572317
0.572432
0.572668
0.57291
0.573158
0.573412
0.573672
0.574205
0.574341
0.574611
0.574882
0.575151
0.575418
0.575681
0.576071
0.576199
0.576452
0.576702
0.576946
0.577066
0.577298
0.577623
0.57782
0.577911
0.578151
0.578278
0.578376
0.578445
0.578505
0.578505
0.578518
0.578505
0.578493
0.578457
0.578405
0.578255
0.578255
0.578158
0.577985
0.577852
0.577705
0.577548
0.577293
0.577293
0.577113
0.576926
0.576732
0.576531
0.576322
0.575881
0.575881
0.575647
0.575404
0.575153
0.574895
0.57463
0.574089
0.573952
0.573678
0.573405
0.573133
0.572862
0.572592
0.572189
0.572055
0.571922
0.571658
0.571397
0.571143
0.570897
0.570439
0.570439
0.570231
0.570042
0.569873
0.569727
0.569556
0.569444
0.569418
0.569383
0.569369
0.569375
0.569399
0.569418
0.569502
0.56958
0.569675
0.569786
0.569846
0.569977
0.570119
0.570351
0.570433
0.570603
0.570783
0.570971
0.571272
0.571487
0.571827
0.571945
0.572186
0.572433
0.572686
0.572813
0.573071
0.573599
0.573599
0.573868
0.574142
0.574419
0.5747
0.574983
0.57555
0.57555
0.57583
0.576239
0.576504
0.57676
0.577008
0.577475
0.577475
0.577692
0.577796
0.577993
0.578175
0.578339
0.578597
0.578597
0.578684
0.578741
0.578776
0.578768
0.578737
0.578655
0.57862
0.578538
0.578443
0.578335
0.578216
0.578085
0.577943
0.577867
0.577707
0.577535
0.57735
0.577049
0.576836
0.576501
0.576386
0.576151
0.57591
0.575787
0.575411
0.575153
0.574752
0.574615
0.574336
0.574195
0.573908
0.573471
0.573178
0.572741
0.572597
0.572311
0.572031
0.571755
0.571619
0.571485
0.570836
0.570836
0.57047
0.570354
0.57013
0.569923
0.569737
0.569441
0.569441
0.569338
0.569266
0.569205
0.569196
0.569199
0.569243
0.569265
0.569322
0.569394
0.569481
0.569584
0.569702
0.56991
0.56991
0.570066
0.570324
0.570509
0.570703
0.570906
0.571222
0.571331
0.571555
0.571787
0.572027
0.57215
0.572403
0.572934
0.572934
0.573212
0.573496
0.573784
0.574074
0.574365
0.574946
0.574946
0.575234
0.575521
0.575946
0.576226
0.576503
0.576912
0.577046
0.577308
0.577559
0.577681
0.577913
0.578127
0.578487
0.578487
0.578628
0.578687
0.578822
0.578879
0.578913
0.578915
0.578915
0.578886
0.578838
0.57877
0.578684
0.578524
0.578331
0.578261
0.578111
0.577951
0.577781
0.5776
0.577506
0.577208
0.577103
0.576886
0.576657
0.576418
0.576169
0.575913
0.575382
0.575382
0.574973
0.574695
0.574413
0.574126
0.573835
0.573391
0.573391
0.573091
0.57264
0.572341
0.572192
0.571898
0.571468
0.571328
0.570921
0.57079
0.570534
0.570289
0.570054
0.569631
0.569631
0.569451
0.569297
0.569173
0.569045
0.568998
0.568976
0.568976
0.568981
0.569026
0.569079
0.569148
0.569232
0.569438
0.569498
0.569628
0.569773
0.569931
0.570103
0.570195
0.570593
0.570593
0.57081
0.571037
0.571274
0.571642
0.571895
0.572284
0.572417
0.572688
0.572965
0.57325
0.573541
0.573689
0.574141
0.574294
0.574601
0.57491
0.575218
0.575525
0.575827
0.576413
0.576556
0.576837
0.577111
0.577378
0.577636
0.577883
0.57823
0.578337
0.578534
0.578707
0.578782
0.57891
0.579005
0.579106
0.579106
0.579119
0.57911
0.579082
0.579036
0.578937
0.5788
0.578746
0.578688
0.578561
0.578417
0.578258
0.578086
0.577704
0.577704
0.577498
0.577284
0.577061
0.576829
0.576587
0.576075
0.576075
0.575804
0.575378
0.575086
0.574787
0.574483
0.574023
0.574023
0.573714
0.573406
0.573099
0.572945
0.572486
0.571879
0.571879
0.571579
0.571281
0.570988
0.570563
0.570293
0.569797
0.569797
0.569579
0.569383
0.569214
0.569139
0.569013
0.56885
0.56885
0.568793
0.568785
0.568798
0.568833
0.568858
0.568963
0.569008
0.569111
0.56923
0.569365
0.569513
0.569673
0.570025
0.570025
0.570216
0.570524
0.570743
0.570974
0.571216
0.571601
0.571735
0.572009
0.572291
0.57258
0.572727
0.573024
0.573475
0.57378
0.574088
0.574399
0.574713
0.57503
0.575349
0.575827
0.575827
0.576143
0.576455
0.576759
0.577055
0.57734
0.577876
0.578002
0.578245
0.578471
0.578679
0.578863
0.579019
0.579194
0.579194
0.579272
0.57932
0.579341
0.579337
0.57931
0.579198
0.579198
0.579117
0.57902
0.578908
0.578709
0.578557
0.578299
0.578206
0.578109
0.577905
0.577688
0.57746
0.577222
0.576849
0.576721
0.576327
0.576055
0.575917
0.575635
0.575345
0.574744
0.574744
0.574432
0.574115
0.573633
0.573312
0.572991
0.572513
0.572355
0.57204
0.571884
0.571574
0.571268
0.570966
0.570384
0.570384
0.57011
0.569849
0.569607
0.569285
0.569103
0.568882
0.568824
0.56873
0.568664
0.568624
0.568613
0.568608
0.568665
0.568665
0.568726
0.568807
0.568964
0.569091
0.569234
0.569472
0.569557
0.569737
0.569927
0.570027
0.570236
0.570458
0.570939
0.570939
0.571198
0.571468
0.57189
0.57218
0.572476
0.572927
0.57308
0.573387
0.573542
0.573856
0.574173
0.574495
0.575151
0.575317
0.575648
0.575979
0.576306
0.576627
0.576785
0.577392
0.577392
0.577818
0.578087
0.578217
0.578465
0.578695
0.579088
0.579088
0.579243
0.579364
0.579453
0.579509
0.579538
0.57952
0.579502
0.57945
0.579381
0.579294
0.579244
0.579133
0.57886
0.57886
0.578698
0.57852
0.578223
0.578007
0.577779
0.577416
0.57729
0.577032
0.576901
0.576632
0.576355
0.576071
0.575479
0.575325
0.575013
0.574692
0.574365
0.574032
0.573864
0.573189
0.57302
0.572683
0.572349
0.572184
0.571695
0.571535
0.570907
0.570907
0.570604
0.570308
0.570023
0.56962
0.569374
0.569047
0.568952
0.568785
0.568649
0.568595
0.568509
0.568452
0.568413
0.568413
0.568443
0.56849
0.568521
0.568599
0.568697
0.56895
0.56895
0.569102
0.56927
0.56945
0.569643
0.569847
0.570285
0.570401
0.570642
0.570894
0.571157
0.571293
0.571574
0.572169
0.572323
0.572638
0.57296
0.573286
0.57345
0.57378
0.574445
0.574445
0.574781
0.575288
0.575627
0.575968
0.576137
0.576806
0.576806
0.57713
0.577445
0.577747
0.578174
0.578439
0.578911
0.578911
0.579113
0.579289
0.579367
0.579499
0.57964
0.579699
0.579717
0.579734
0.579724
0.579689
0.579592
0.579502
0.579332
0.579267
0.579198
0.578971
0.578889
0.578712
0.578522
0.578097
0.577982
0.577862
0.577613
0.577217
0.577079
0.576795
0.576202
0.576202
0.575896
0.575584
0.575107
0.574783
0.574454
0.573949
0.573778
0.573432
0.573258
0.572909
0.57256
0.572213
0.571532
0.571532
0.571202
0.570879
0.570411
0.570111
0.569822
0.569412
0.569284
0.569043
0.568826
0.568728
0.568555
0.568416
0.568242
0.568242
0.568202
0.56819
0.568204
0.568242
0.5683
0.568471
0.568471
0.568582
0.568709
0.568853
0.569013
0.569191
0.569598
0.56971
0.569944
0.570192
0.570452
0.570721
0.571
0.571433
0.571433
0.571732
0.572039
0.572355
0.57268
0.573012
0.573696
0.57387
0.57422
0.574572
0.574747
0.575098
0.575447
0.576139
0.576139
0.576481
0.576819
0.577153
0.577642
0.577955
0.5784
0.57854
0.578804
0.579045
0.57926
0.579357
0.579529
