0.573117
0.573116
0.573115
0.573116
0.573119
0.573121
0.573124
0.573127
0.573121
0.573119
0.573119
0.573122
0.573125
0.573125
0.573127
0.573133
0.573135
0.57313
0.573126
0.573122
0.573116
0.573114
0.573113
0.573113
0.573118
0.573122
0.573145
0.57315
0.573157
0.573158
0.573151
0.573145
0.573128
0.573128
0.573091
0.573087
0.573085
0.573087
0.573095
0.5731
0.573105
0.573111
0.573117
0.57313
0.573129
0.573122
0.573117
0.573106
0.573102
0.573099
0.573099
0.573103
0.573122
0.57313
0.573144
0.57315
0.573153
0.573152
0.573148
0.573141
0.573094
0.573079
0.573074
0.573072
0.573073
0.573077
0.573082
0.573097
0.573104
0.573128
0.573129
0.573128
0.573118
0.57311
0.573102
0.573083
0.573075
0.573054
0.573055
0.573059
0.57307
0.573076
0.573082
0.573088
0.573096
0.573093
0.573088
0.573088
0.573068
0.573061
0.573055
0.573043
0.573043
0.573037
0.57304
0.573052
0.573057
0.573061
0.573065
0.57307
0.57307
0.57305
0.573043
0.57303
0.573017
0.573012
0.573007
0.573007
0.573022
0.573028
0.57304
0.573046
0.573051
0.573052
0.573049
0.573046
0.573032
0.573027
0.573027
0.573025
0.573024
0.573024
0.573025
0.573029
0.573032
0.573044
0.573044
0.573044
0.573041
0.573041
0.573036
0.573033
0.573028
0.573024
0.573018
0.573021
0.57303
0.573035
0.57304
0.573045
0.573048
0.573048
0.573037
0.573034
0.573032
0.573033
0.573035
0.573041
0.573045
0.573051
0.57306
0.573063
0.573065
0.573068
0.573068
0.573063
0.57306
0.573053
0.573057
0.573062
0.573068
0.573074
0.57308
0.573089
0.573091
0.57309
0.573088
0.57308
0.57308
0.57308
0.573085
0.573089
0.573098
0.573103
0.573109
0.573115
0.573133
0.573134
0.573133
0.573131
0.573128
0.573127
0.573128
0.573129
0.573146
0.573146
0.573155
0.57316
0.573163
0.573169
0.573172
0.573175
0.57318
0.573177
0.573169
0.573165
0.573162
0.573159
0.573158
0.57316
0.573186
0.573205
0.573214
0.57323
0.573237
0.573243
0.573246
0.573248
0.573236
0.573232
0.573229
0.573224
0.573223
0.573225
0.573228
0.573232
0.573236
0.57325
0.573256
0.573265
0.573269
0.573272
0.573274
0.573273
0.573272
0.573271
0.57327
0.573273
0.573277
0.573286
0.573292
0.573297
0.573307
0.57331
0.573308
0.573304
0.573298
0.573286
0.57328
0.573274
0.573274
0.573265
0.573266
0.573275
0.573281
0.573288
0.573295
0.573308
0.573312
0.573315
0.57331
0.573307
0.573305
0.573302
0.573303
0.573308
0.57331
0.573312
0.573313
0.573311
0.57331
0.573309
0.573308
0.573306
0.573304
0.5733
0.573296
0.573277
0.573273
0.573272
0.573274
0.573277
0.573281
0.573286
0.57329
0.57329
0.573276
0.573268
0.573268
0.573251
0.573243
0.573237
0.573231
0.573231
0.573245
0.573249
0.573253
0.573255
0.573255
0.573249
0.573243
0.573235
0.573217
0.573188
0.573173
0.573168
0.573166
0.573166
0.573171
0.573171
0.573178
0.573181
0.57317
0.573161
0.573152
0.573142
0.573122
0.573114
0.573103
0.573103
0.573106
0.573109
0.573113
0.573117
0.573117
0.573111
0.573104
0.573096
0.573086
0.573056
0.573046
0.573029
0.573023
0.573019
0.573018
0.57302
0.573023
0.573026
0.573029
0.573026
0.57302
0.573003
0.572993
0.572972
0.572963
0.572955
0.572945
0.572949
0.572952
0.572957
0.572956
0.572952
0.572947
0.572908
0.5729
0.572894
0.572888
0.572888
0.57289
0.572893
0.572902
0.57291
0.57291
0.572906
0.572892
0.572884
0.572867
0.572859
0.572849
0.572853
0.572857
0.572862
0.572866
0.572869
0.572872
0.57287
0.572851
0.572826
0.572819
0.572808
0.572806
0.572809
0.572821
0.572821
0.572829
0.57286
0.572866
0.572871
0.572871
0.572868
0.572858
0.572851
0.572844
0.572831
0.572818
0.572818
0.572821
0.572825
0.572836
0.572843
0.572849
0.572855
0.572865
0.572871
0.572869
0.572868
0.572867
0.572866
0.572866
0.572867
0.572874
0.572874
0.572892
0.572904
0.572909
0.572914
0.572917
0.57292
0.57292
0.572917
0.572915
0.572917
0.572924
0.572929
0.572935
0.572947
0.572953
0.572959
0.572964
0.572984
0.57299
0.572997
0.573004
0.57301
0.573022
0.573029
0.573035
0.57306
0.573063
0.573063
0.573062
0.57306
0.573058
0.573057
0.573057
0.573058
0.573081
0.57309
0.57311
0.57312
0.573128
0.573143
0.573149
0.573155
0.57316
0.573184
0.573191
0.573204
0.573209
0.573215
0.57322
0.573226
0.573239
0.573264
0.573268
0.573272
0.573273
0.573273
0.573273
0.573274
0.573282
0.573315
0.573326
0.573337
0.573347
0.573364
0.57337
0.573375
0.573376
0.573374
0.573362
0.573358
0.573351
0.573349
0.573349
0.573353
0.573358
0.573358
0.573407
0.573415
0.573422
0.573432
0.573436
0.57344
0.573444
0.573448
0.57346
0.57348
0.573488
0.57349
0.573487
0.573485
0.573482
0.573479
0.573477
0.573491
0.573497
0.573503
0.573508
0.573515
0.573516
0.573514
0.573502
0.573485
0.57348
0.573477
0.573478
0.573481
0.573491
0.573497
0.573508
0.573512
0.573507
0.573496
0.57349
0.573485
0.573481
0.573476
0.573476
0.57348
0.57348
0.573479
0.573479
0.573478
0.573474
0.57347
0.573465
0.573459
0.573439
0.573433
0.573424
0.573423
0.573423
0.573428
0.573434
0.573435
0.573436
0.573417
0.573408
0.573398
0.573387
0.573368
0.573359
0.573351
0.573343
0.573336
0.573315
0.57331
0.573299
0.573294
0.573289
0.573277
0.57327
0.573263
0.573233
0.57323
0.573227
0.573225
0.573224
0.573221
0.573215
0.573209
0.573182
0.573172
0.57315
0.573134
0.573134
0.573122
0.573113
0.57311
0.573096
0.573084
0.573078
0.573071
0.573063
0.573046
0.573036
0.573026
0.573016
0.572982
0.572976
0.572973
0.572971
0.572973
0.572975
0.572977
0.572978
0.572953
0.57293
0.572916
0.572889
0.572877
0.572865
0.572854
0.572837
0.572824
0.572823
0.572822
0.572822
0.572822
0.572818
0.572815
0.572805
0.572775
0.57276
0.572754
0.572745
0.572745
0.572743
0.572742
0.57274
0.572737
0.572729
0.572723
0.572709
0.572701
0.572693
0.572685
0.572678
0.572661
0.572662
0.572664
0.572667
0.572674
0.572678
0.572684
0.572684
0.572686
0.572681
0.572676
0.572663
0.572656
0.57264
0.57264
0.572632
0.57262
0.57262
0.572614
0.57262
0.572625
0.57263
0.57264
0.572645
0.572652
0.572656
0.572667
0.572667
0.572665
0.572659
0.572657
0.572654
0.572659
0.572691
0.572698
0.57271
0.572714
0.572714
0.572714
0.572711
0.572707
0.572696
0.572684
0.572685
0.572696
0.572705
0.572716
0.572728
0.572753
0.572766
0.572778
0.572817
0.57283
0.572831
0.57283
0.572829
0.572828
0.572829
0.572831
0.572857
0.572867
0.572878
0.5729
0.572911
0.572939
0.572947
0.572954
0.572976
0.572984
0.572993
0.57301
0.573019
0.573028
0.573047
0.573057
0.573077
0.573107
0.573113
0.573119
0.573127
0.573131
0.573148
0.573156
0.573166
0.573209
0.573219
0.573227
0.57324
0.573245
0.573245
0.573254
0.573259
0.573265
0.5733
0.573311
0.573332
0.573342
0.573352
0.573363
0.573382
0.573391
0.573391
0.57343
0.573436
0.573445
0.573448
0.573458
0.573462
0.573475
0.573503
0.573522
0.57353
0.573537
0.573542
0.573546
0.573546
0.573545
0.573559
0.573575
0.573585
0.573595
0.573616
0.573636
0.573653
0.573664
0.573663
0.573657
0.573652
0.573647
0.573643
0.573637
0.573636
0.573651
0.573657
0.573662
0.573672
0.573677
0.573683
0.57369
0.573706
0.573714
0.573735
0.573736
0.573723
0.573715
0.573707
0.573692
0.573686
0.573681
0.573681
0.573685
0.573689
0.573693
0.573698
0.573703
0.573704
0.5737
0.573696
0.573675
0.573669
0.573664
0.573659
0.573654
0.57365
0.573646
0.573639
0.57362
0.573619
0.57362
0.573621
0.573622
0.573623
0.573621
0.573591
0.573591
0.573583
0.573567
0.573559
0.573546
0.57354
0.573533
0.573526
0.573489
0.573478
0.573454
0.573443
0.573433
0.573424
0.573416
0.573404
0.573399
0.573376
0.573369
0.573353
0.573345
0.573337
0.573319
0.573309
0.573298
0.573253
0.573242
0.573232
0.573216
0.57321
0.573199
0.573193
0.573178
0.573135
0.573124
0.5731
0.573079
0.573069
0.573061
0.573052
0.573044
0.573015
0.573007
0.572998
0.572981
0.572972
0.572953
0.57293
0.57293
0.572883
0.572862
0.572853
0.572846
0.572837
0.572834
0.572828
0.572824
0.572792
0.57278
0.572767
0.572743
0.572732
0.572713
0.572705
0.572692
0.572668
0.572662
0.572657
0.572653
0.572648
0.57263
0.572621
0.572612
0.572575
0.572562
0.572557
0.572554
0.572553
0.572552
0.572551
0.572547
0.572518
0.572508
0.572498
0.572488
0.57248
0.572469
0.572467
0.572469
0.572481
0.572483
0.572482
0.572478
0.572472
0.572456
0.572446
0.572437
0.572411
0.572412
0.572417
0.572423
0.572439
0.572447
0.572456
0.572469
0.572473
0.572467
0.572461
0.572453
0.572436
0.572428
0.572422
0.572413
0.572411
0.572419
0.572427
0.572447
0.572457
0.57248
0.57249
0.572501
0.572518
0.572537
0.572538
0.572538
0.572538
0.572537
0.572537
0.572541
0.572545
0.572575
0.572585
0.572596
0.572607
0.572618
0.572629
0.572652
0.572665
0.572678
0.572727
0.572747
0.572755
0.572755
0.572761
0.572772
0.572777
0.57279
0.57284
0.572852
0.572863
0.572884
0.572884
0.572903
0.572912
0.572931
0.572969
0.572978
0.572996
0.573004
0.573012
0.573029
0.573029
0.573038
0.57306
0.573099
0.573125
0.573137
0.573158
0.573169
0.573179
0.573189
0.57321
0.573221
0.573262
0.573278
0.573294
0.57331
0.573339
0.573365
0.573393
0.573425
0.573431
0.573435
0.573439
0.573441
0.573443
0.573444
0.573448
0.573451
0.573467
0.573476
0.573497
0.573509
0.573521
0.573549
0.573564
0.57358
0.573661
0.573676
0.573699
0.573709
0.573718
0.573725
0.573732
0.57375
0.573768
0.573774
0.573784
0.573787
0.573787
0.573793
0.573796
0.573803
0.573827
0.573843
0.573843
0.573855
0.573859
0.573863
0.573862
0.573859
0.573865
0.573865
0.573871
0.573877
0.573891
0.573898
0.573906
0.573913
0.573923
0.573918
0.573912
0.573906
0.573901
0.573895
0.573888
0.573888
0.573892
0.573905
0.573906
0.573906
0.5739
0.573895
0.57388
0.573872
0.573856
0.573833
0.573825
0.573823
0.573824
0.573832
0.573842
0.573847
0.573854
0.57385
0.573844
0.573826
0.573814
0.5738
0.573772
0.573758
0.573744
0.573687
0.573676
0.573667
0.573659
0.573645
0.57364
0.573631
0.573626
0.573603
0.573585
0.573585
0.573564
0.573553
0.57353
0.573518
0.573492
0.573432
0.573403
0.57339
0.573378
0.573367
0.573357
0.573348
0.57333
0.573321
0.573281
0.573269
0.573244
0.573231
0.573218
0.573205
0.573192
0.573163
0.573105
0.573091
0.573078
0.573067
0.573047
0.573037
0.573017
0.573006
0.572931
0.572914
0.572898
0.572883
0.572859
0.572859
0.572849
0.572827
0.572793
0.572782
0.572758
0.572746
0.572734
0.572722
0.57271
0.572684
0.572671
0.57262
0.572609
0.572599
0.572581
0.572572
0.572554
0.572533
0.572487
0.572469
0.572462
0.572456
0.572453
0.572449
0.572447
0.572443
0.57244
0.572399
0.572388
0.572378
0.57236
0.572353
0.572345
0.572331
0.572323
0.572292
0.572286
0.572281
0.572282
0.572283
0.572286
0.572289
0.572293
0.572282
0.572276
0.572262
0.572255
0.572248
0.572242
0.572237
0.57223
0.572238
0.57224
0.572242
0.572242
0.572242
0.57224
0.572238
0.572238
0.572257
0.572268
0.572273
0.572275
0.572276
0.572274
0.572273
0.572272
0.572283
0.57229
0.572297
0.572313
0.57232
0.572327
0.572334
0.57234
0.572381
0.572391
0.572401
0.572417
0.572424
0.572438
0.572445
0.572453
0.572498
0.572498
0.572515
0.572523
0.57253
0.572543
0.572543
0.572562
0.572601
0.572613
0.572627
0.572653
0.572665
0.572688
0.572688
0.572699
0.572709
0.572752
0.572777
0.572791
0.572805
0.57282
0.572853
0.572871
0.572871
0.572906
0.57297
0.572984
0.572997
0.573021
0.573032
0.573055
0.573068
0.573083
0.57315
0.573167
0.573184
0.573215
0.57323
0.573257
0.57327
0.573295
0.573332
0.573357
0.573369
0.57338
0.57339
0.57341
0.573419
0.573439
0.5735
0.5735
0.573512
0.573536
0.573549
0.573563
0.573592
0.573608
0.573625
0.573695
0.573712
0.573728
0.573742
0.573754
0.573773
0.573781
0.573789
0.573797
0.573815
0.573861
0.573874
0.573887
0.5739
0.573912
0.573933
0.573944
0.573963
0.573992
0.573997
0.574
0.574001
0.574
0.573998
0.573997
0.573998
0.574013
0.574029
0.574037
0.574046
0.574054
0.57407
0.574086
0.574085
0.574076
0.574072
0.574068
0.574064
0.574061
0.574059
0.57406
0.574063
0.574091
0.5741
0.574108
0.574125
0.574132
0.574132
0.574137
0.574145
0.574132
0.574125
0.574108
0.574099
0.574089
0.574067
0.574055
0.574043
0.573983
0.573974
0.573962
0.573959
0.573957
0.573957
0.573957
0.573957
0.573939
0.573929
0.573918
0.573891
0.573877
0.573863
0.573835
0.573835
0.573821
0.573769
0.573758
0.573736
0.573736
0.573717
0.573696
0.573683
0.573654
0.573588
0.573572
0.573545
0.573545
0.573523
0.573513
0.573494
0.573484
0.573419
0.573403
0.573386
0.573369
0.573338
0.573323
0.573309
0.573282
0.573231
0.573218
0.573194
0.573182
0.573169
0.573155
0.573141
0.57311
0.573022
0.573004
0.572987
0.572972
0.572958
0.572944
0.572918
0.572905
0.572891
0.572843
0.572808
0.572791
0.572775
0.572745
0.572731
0.572717
0.572688
0.572674
0.572614
0.572599
0.572571
0.572558
0.572532
0.572519
0.572493
0.572436
0.572423
0.57241
0.572389
0.572373
0.572365
0.572348
0.572338
0.572295
0.572283
0.572271
0.57226
0.572248
0.572238
0.572227
0.5722
0.57217
0.572164
0.572157
0.572152
0.572144
0.57214
0.572136
0.572128
0.572123
0.572092
0.572083
0.572076
0.572069
0.572063
0.572058
0.572054
0.572054
0.572055
0.572058
0.572056
0.572049
0.572044
0.572038
0.572038
0.572026
0.572018
0.572021
0.572032
0.572032
0.572047
0.572054
0.572062
0.572077
0.572083
0.572088
0.572118
0.572124
0.572124
0.57213
0.572141
0.572146
0.572154
0.572176
0.57219
0.572197
0.572205
0.572221
0.572231
0.572242
0.572265
0.572312
0.572324
0.572334
0.572351
0.572358
0.572372
0.57238
0.572389
0.57244
0.572454
0.572469
0.572512
0.572526
0.572551
0.572573
0.572607
0.572631
0.572642
0.572654
0.572665
0.572687
0.572699
0.572712
0.572788
0.572803
0.572831
0.572857
0.57287
0.572884
0.572884
0.572914
0.572982
0.573
0.573034
0.57305
0.573065
0.573093
0.573107
0.573121
0.573136
0.573206
0.573227
0.573269
0.573289
0.573289
0.57333
0.573349
0.573386
0.573455
0.573486
0.5735
0.573513
0.573526
0.573539
0.573552
0.573582
0.57367
0.573688
0.573719
0.573732
0.573744
0.573765
0.573774
0.573783
0.573793
0.573829
0.573858
0.573873
0.573889
0.573924
0.573924
0.573942
0.573978
0.574057
0.574069
0.574079
0.574093
0.574098
0.574108
0.574108
0.574113
0.57416
0.574173
0.574187
0.574213
0.574224
0.57424
0.57424
0.574245
0.574246
0.574235
0.574232
0.57423
0.57423
0.574234
0.574239
0.574247
0.574256
0.574314
0.574324
0.574333
0.574347
0.574351
0.574353
0.574351
0.574343
0.574326
0.574314
0.574308
0.574303
0.574292
0.574286
0.574279
0.574263
0.57423
0.574223
0.574219
0.574216
0.574217
0.574219
0.574219
0.574219
0.574185
0.574173
0.57416
0.574135
0.574122
0.574098
0.574086
0.574065
0.574034
0.574024
0.574006
0.573988
0.573979
0.573969
0.573945
0.573931
0.573872
0.573857
0.573843
0.573829
0.573804
0.573792
0.573781
0.573769
0.573671
0.573653
0.573636
0.573619
0.57359
0.573576
0.573549
0.573536
0.57346
0.573428
0.573413
0.573397
0.573382
0.573366
0.57333
0.573311
0.573311
0.573225
0.573203
0.573182
0.573141
0.573122
0.573105
0.573074
0.573059
0.573043
0.57295
0.572928
0.572905
0.572883
0.57284
0.572819
0.572781
0.572763
0.572698
0.572682
0.572667
0.572637
0.572622
0.572622
0.572608
0.572577
0.572482
0.572461
0.572441
0.572404
0.572388
0.572359
0.572359
0.572334
0.572278
0.572262
0.572246
0.572217
0.572203
0.572178
0.572165
0.572152
0.572152
0.572095
0.572084
0.572073
0.572063
0.572053
0.572034
0.572024
0.572013
0.571988
0.571936
0.571936
0.571924
0.571908
0.571904
0.571901
0.571899
0.571898
0.571898
0.571874
0.571864
0.571854
0.571844
0.571844
0.571826
0.57182
0.571813
0.571837
0.571853
0.57186
0.571868
0.571868
0.57187
0.571866
0.571861
0.571839
0.571838
0.571839
0.571849
0.571857
0.571867
0.571878
0.571941
0.571949
0.571955
0.571962
0.571964
0.571965
0.571965
0.571965
0.571982
0.57199
0.572
0.572025
0.572038
0.572052
0.572065
0.572094
0.572175
0.572193
0.57221
0.572242
0.572257
0.57227
0.572283
0.572296
0.572309
0.572363
0.572378
0.572408
0.572423
0.572439
0.572471
0.572489
0.572508
0.572528
0.572613
0.572634
0.572655
0.572693
0.572693
0.572728
0.572746
0.572763
0.57286
0.572881
0.572921
0.572941
0.57296
0.572999
0.573019
0.573039
0.573117
0.573155
0.573173
0.57319
0.573207
0.573242
0.57326
0.57328
0.573392
0.573415
0.573437
0.573478
0.573495
0.573528
0.573528
0.573575
0.573646
0.573664
0.573664
0.573699
0.57375
0.57375
0.573801
0.573818
0.573866
0.573881
0.573909
0.573922
0.573935
0.573948
0.573963
0.573979
0.573996
0.574034
0.574114
0.574133
0.574151
0.574183
0.574197
0.574209
0.574231
0.574242
0.574307
0.574331
0.574341
0.574349
0.574361
0.574366
0.57437
0.574394
0.57441
0.574419
0.574427
0.57444
0.574446
0.574451
0.574462
0.574467
0.574485
0.57449
0.574494
0.574499
0.574499
0.574498
0.574498
0.574498
0.574499
0.574512
0.574515
0.574516
0.574513
0.574508
0.574495
0.574488
0.574488
0.574454
0.574448
0.574443
0.574434
0.574429
0.574419
0.574413
0.574398
0.574372
0.574362
0.574344
0.574335
0.574327
0.574314
0.574308
0.574301
0.574293
0.574245
0.574231
0.5742
0.574185
0.574171
0.574156
0.574128
0.574128
0.574099
0.574052
0.574035
0.574018
0.573981
0.573962
0.573924
0.573905
0.573865
0.573846
0.573788
0.573768
0.573749
0.573713
0.573695
0.57366
0.573642
0.573622
0.573515
0.573515
0.573493
0.573453
0.573434
0.573416
0.573399
0.573365
0.573346
0.573264
0.573242
0.57322
0.573175
0.573152
0.573129
0.573105
0.573058
0.573034
0.572962
0.572939
0.572893
0.572871
0.572851
0.57281
0.572789
0.572767
0.572648
0.572624
0.572601
0.572579
0.572559
0.572502
0.572484
0.572466
0.57238
0.572361
0.572325
0.572307
0.572272
0.572254
0.572237
0.572219
0.57215
0.572134
0.572102
0.572102
0.572063
0.572052
0.572039
0.572027
0.571966
0.571933
0.571917
0.571903
0.571889
0.571866
0.571855
0.571835
0.571795
0.571784
0.571773
0.571763
0.571744
0.571735
0.571725
0.571705
0.571696
0.571675
0.571671
0.57167
0.571672
0.571673
0.571675
0.571677
0.571675
0.571673
0.571648
0.571642
0.571636
0.571631
0.571629
0.571628
0.57163
0.571647
0.571683
0.571697
0.571697
0.571702
0.571702
0.571699
0.571696
0.571691
0.571675
0.571682
0.571682
0.571711
0.571725
0.571756
0.571772
0.571789
0.571854
0.57188
0.57188
0.571902
0.571911
0.571931
0.571943
0.571955
0.571969
0.572038
0.572057
0.572057
0.572094
0.572112
0.572145
0.572161
0.572177
0.572246
0.572284
0.572303
0.572339
0.572357
0.572375
0.572392
0.572411
0.572449
0.57251
0.572551
0.572572
0.572593
0.572636
0.572658
0.572682
0.57273
0.572804
0.572854
0.572878
0.5729
0.572942
0.572942
0.572981
0.573
0.57302
0.573132
0.573184
0.57321
0.573235
0.573286
0.57331
0.573334
0.573356
0.573444
0.573465
0.573504
0.573504
0.573523
0.57356
0.57358
0.573601
0.573646
0.573717
0.57374
0.573764
0.573808
0.573831
0.573876
0.573899
0.573922
0.573945
0.574034
0.574056
0.574078
0.5741
0.574121
0.574161
0.574181
0.57422
0.574239
0.574296
0.574333
0.574333
0.574367
0.574383
0.574413
0.574427
0.574455
0.574508
0.574534
0.574546
0.574556
0.574573
0.574579
0.574593
0.574601
0.574634
0.57465
0.574656
0.574661
0.574665
0.574667
0.574668
0.574672
0.574694
0.574699
0.574703
0.574707
0.574706
0.574704
0.574698
0.574695
0.574688
0.57469
0.57469
0.574692
0.574696
0.574703
0.574706
0.574706
0.574669
0.574656
0.574643
0.574629
0.574605
0.574595
0.574578
0.574571
0.574545
0.574527
0.574517
0.574494
0.574494
0.574467
0.574452
0.574437
0.574365
0.574351
0.574337
0.574312
0.5743
0.5743
0.574287
0.574261
0.574246
0.574153
0.574133
0.574113
0.574095
0.574077
0.574043
0.574043
0.574008
0.573912
0.573891
0.57387
0.573827
0.573827
0.573804
0.57378
0.573731
0.573705
0.573601
0.573552
0.573529
0.573486
0.573465
0.573444
0.573423
0.573402
0.573309
0.573258
0.573232
0.573207
0.573182
0.573111
0.573089
0.573045
0.573002
0.572959
0.572938
0.572898
0.572877
0.572835
0.572812
0.572788
0.572687
0.572662
0.572638
0.572593
0.572593
0.572528
0.572507
0.572463
0.572367
0.572367
0.572315
0.57229
0.572267
0.572223
0.572202
0.572161
0.572085
0.572067
0.57205
0.572016
0.571999
0.571963
0.571944
0.571925
0.57183
0.571813
0.571813
0.571782
0.57177
0.571748
0.571738
0.571727
0.571716
0.571659
0.571627
0.571612
0.571598
0.571584
0.57157
0.571558
0.571538
0.5715
0.571495
0.571492
0.571489
0.571488
0.571488
0.571487
0.571483
0.57148
0.571459
0.571453
0.571448
0.57144
0.571438
0.571439
0.571441
0.571445
0.571465
0.57147
0.571475
0.571483
0.571483
0.571483
0.571484
0.571486
0.571509
0.571518
0.571539
0.571549
0.571558
0.571568
0.571577
0.571587
0.571646
0.57166
0.571686
0.571698
0.57171
0.571734
0.571746
0.571746
0.57176
0.571789
0.571853
0.57187
0.571888
0.571925
0.571945
0.571965
0.571986
0.572032
0.572055
0.572128
0.572153
0.572177
0.572243
0.572243
0.572284
0.572303
0.572342
0.572407
0.572431
0.572455
0.572505
0.572555
0.572579
0.572603
0.572649
0.572741
0.572765
0.572788
0.572811
0.572833
0.572881
0.572907
0.57296
0.573099
0.573149
0.573172
0.573213
0.573232
0.573252
0.573272
0.573293
0.573385
0.573411
0.573488
0.573513
0.573538
0.573562
0.573608
0.573695
0.573738
0.57376
0.573802
0.573824
0.573824
0.573847
0.57387
0.574015
0.574063
0.574084
0.574104
0.574139
0.574154
0.574184
0.5742
0.574271
0.574311
0.574331
0.574371
0.574411
0.574431
0.574451
0.57452
0.574548
0.574571
0.574581
0.5746
0.574611
0.574622
0.574692
0.574707
0.57472
0.574742
0.574752
0.57476
0.574768
0.574784
0.574826
0.574834
0.574847
0.574852
0.574863
0.574869
0.574881
0.574907
0.574911
0.574914
0.574915
0.574913
0.57491
0.574905
0.574903
0.574901
0.574904
0.574906
0.574908
0.574909
0.574906
0.574896
0.574888
0.574869
0.574827
0.574817
0.57481
0.574798
0.574793
0.574783
0.574777
0.57476
0.574725
0.574697
0.574683
0.57467
0.574644
0.574632
0.57462
0.574596
0.574543
0.574528
0.5745
0.574485
0.574454
0.574437
0.57442
0.574384
0.574309
0.574309
0.57429
0.574255
0.574237
0.574219
0.57418
0.57416
0.574138
0.574041
0.574015
0.573988
0.573936
0.573912
0.573887
0.573863
0.573815
0.573717
0.573667
0.573642
0.573617
0.573567
0.57354
0.573514
0.573486
0.573398
0.573309
0.573281
0.573254
0.573229
0.573184
0.573163
0.573123
0.573036
0.573013
0.572964
0.572938
0.572912
0.572883
0.572854
0.572793
0.572761
0.572663
0.572599
0.572569
0.57254
0.572487
0.572462
0.572438
0.572391
0.572367
0.572266
0.572239
0.572239
0.572186
0.572159
0.572132
0.572105
0.572051
0.572025
0.571901
0.571878
0.571834
0.571814
0.571814
0.571775
0.571756
0.571736
0.571716
0.571631
0.57161
0.571589
0.571552
0.571536
0.571507
0.571493
0.571479
0.571466
0.571398
0.571383
0.571368
0.571355
0.571333
0.571333
0.571307
0.571299
0.571292
0.57127
0.571267
0.571264
0.571262
0.571262
0.571258
0.571256
0.571246
0.571223
0.57122
0.571218
0.571221
0.571232
0.571241
0.57125
0.57127
0.571295
0.571301
0.571305
0.571305
0.571304
0.5713
0.571299
0.571299
0.571324
0.571361
0.571375
0.57139
0.571405
0.571421
0.57145
0.571464
0.571509
0.571543
0.571561
0.57158
0.571617
0.571656
0.571675
0.571694
0.571733
0.571789
0.571808
0.571828
0.571865
0.571884
0.571903
0.571944
0.571966
0.572087
0.572111
0.572134
0.572155
0.572194
0.572213
0.572231
0.57225
0.572355
0.572379
0.572403
0.572451
0.572477
0.572504
0.572531
0.57256
0.572621
0.572719
0.572783
0.572815
0.572845
0.572875
0.572932
0.572959
0.572959
0.573013
0.573124
0.573154
0.573215
0.573215
0.573245
0.573276
0.573339
0.573403
0.573436
0.57357
0.573602
0.573663
0.573691
0.573745
0.573772
0.573798
0.573825
0.573853
0.573971
0.574002
0.574033
0.574064
0.574123
0.574151
0.574178
0.57423
0.574354
0.574377
0.5744
0.574421
0.574482
0.574501
0.57452
0.574615
0.574632
0.574679
0.574693
0.574719
0.574732
0.574746
0.574826
0.574843
0.57486
0.57489
0.57489
0.574903
0.574915
0.574937
0.574948
0.574958
0.574999
0.575021
0.575032
0.575042
0.575051
0.575059
0.575072
0.575078
0.575085
0.575107
0.575112
0.575112
0.575109
0.575105
0.575101
0.575095
0.575097
0.575101
0.575104
0.575109
0.575109
0.575108
0.5751
0.5751
0.575092
0.575048
0.575037
0.575026
0.575005
0.574995
0.574972
0.57496
0.574947
0.574933
0.574885
0.574849
0.574831
0.574813
0.574796
0.574765
0.57475
0.574735
0.574719
0.574685
0.574649
0.574589
0.574568
0.574546
0.574524
0.5745
0.574476
0.574452
0.574403
0.574326
0.5743
0.574249
0.574224
0.574199
0.574151
0.574125
0.574072
0.573954
0.573893
0.573864
0.573864
0.573809
0.573782
0.573731
0.573706
0.57368
0.573568
0.573539
0.57351
0.573483
0.573429
0.573402
0.573376
0.573348
0.573193
0.573159
0.573094
0.573062
0.573001
0.57297
0.572908
0.572759
0.572732
0.572707
0.572661
0.572638
0.572615
0.572592
0.572567
0.572434
0.572407
0.57238
0.572354
0.572303
0.572249
0.572194
0.572088
0.572039
0.572016
0.571993
0.571971
0.571929
0.571908
0.571886
0.571865
0.571774
0.57175
0.571726
0.571678
0.571654
0.571581
0.571557
0.571533
0.571445
0.571445
0.57141
0.571395
0.57138
0.571352
0.571336
0.571305
0.57124
0.571223
0.571192
0.571179
0.571167
0.571146
0.571146
0.571121
0.571099
0.571088
0.571084
0.571081
0.571078
0.571076
0.571075
0.571074
0.571072
0.571052
0.571047
0.571041
0.571039
0.571039
0.57104
0.571045
0.57105
0.571085
0.571089
0.571093
0.571096
0.571099
0.571102
0.571109
0.571113
0.571156
0.571169
0.571197
0.571211
0.571239
0.571239
0.571253
0.571267
0.571296
0.571346
0.571381
0.571398
0.571429
0.571445
0.571476
0.571476
0.571493
0.571599
0.571624
0.571649
0.571698
0.571721
0.571745
0.57179
0.57179
0.571813
0.571956
0.572008
0.572034
0.572083
0.572106
0.572151
0.572151
0.572268
0.572292
0.572315
0.572361
0.572383
0.572454
0.57248
0.572507
0.572596
0.572659
0.572692
0.572723
0.572754
0.572813
0.572842
0.5729
0.573047
0.573077
0.573107
0.573137
0.573167
0.573197
0.573258
0.573289
0.573321
0.57345
0.573482
0.573512
0.573571
0.573601
0.573631
0.573661
0.573693
0.573725
0.573865
0.573902
0.57394
0.574046
0.57408
0.574113
0.574145
0.574204
0.574317
0.574346
0.574374
0.574428
0.574454
0.574479
0.574504
0.574529
0.574554
0.574682
0.574729
0.574752
0.574774
0.574814
0.574833
0.574851
0.57487
0.574951
0.574973
0.574994
0.575033
0.575051
0.575067
0.575083
0.575111
0.575125
0.575165
0.57519
0.575214
0.575225
0.575246
0.575256
0.575275
0.575295
0.575299
0.575297
0.575295
0.575291
0.575284
0.575281
0.575281
0.575299
0.575305
0.57531
0.575317
0.575318
0.575316
0.575311
0.575296
0.575286
0.575252
0.575229
0.575219
0.57521
0.575202
0.575187
0.575178
0.575168
0.575145
0.575082
0.575064
0.57503
0.575014
0.574998
0.574983
0.574954
0.57494
0.574859
0.574841
0.574823
0.574806
0.574788
0.57477
0.57473
0.574709
0.574663
0.574568
0.574545
0.574522
0.574499
0.574454
0.574454
0.574431
0.574382
0.574356
0.57424
0.574209
0.574178
0.574116
0.574086
0.574024
0.573993
0.573962
0.573805
0.573773
0.573742
0.57368
0.573649
0.573617
0.573585
0.573521
0.573487
0.573382
0.573346
0.57331
0.573241
0.573208
0.573175
0.573142
0.573077
0.573044
0.572903
0.572866
0.572829
0.572791
0.572754
0.572718
0.572682
0.572611
0.572575
0.572435
0.572401
0.572368
0.572304
0.572272
0.57224
0.572207
0.572138
0.571997
0.571931
0.571901
0.571873
0.571846
0.57182
0.571795
0.571744
0.571719
0.571607
0.571577
0.571548
0.571519
0.57149
0.57141
0.571268
0.57125
0.571222
0.571212
0.571203
0.571188
0.571181
0.571167
0.571117
0.571104
0.571104
0.57109
0.571061
0.571046
0.571016
0.571001
0.57097
0.570924
0.570924
0.570893
0.570879
0.570867
0.570856
0.570844
0.570843
0.570872
0.570879
0.570884
0.570888
0.570888
0.570887
0.570884
0.570872
0.570844
0.570844
0.570849
0.570855
0.570864
0.570875
0.570888
0.570915
0.570984
0.570997
0.57101
0.571033
0.571043
0.571054
0.571065
0.571077
0.57109
0.571105
0.571178
0.571199
0.57124
0.57126
0.571279
0.571314
0.571314
0.571349
0.571446
0.57149
0.57149
0.571513
0.571536
0.57156
0.571585
0.571668
0.571825
0.571825
0.571856
0.571915
0.571942
0.571967
0.571991
0.572014
0.572037
0.572159
0.572186
0.572214
0.572271
0.572301
0.572365
0.572398
0.572433
0.572504
0.572577
0.572649
0.572649
0.572721
0.572756
0.572791
0.572862
0.572934
0.57309
0.57313
0.573171
0.57321
0.573248
0.573322
0.573391
0.573424
0.573586
0.573618
0.573649
0.57371
0.57371
0.573742
0.573774
0.573841
0.573875
0.574014
0.574048
0.574082
0.574148
0.574179
0.574243
0.574274
0.574306
0.574337
0.574434
0.574503
0.574538
0.574572
0.574637
0.574697
0.574725
0.574751
0.574879
0.574879
0.574905
0.574955
0.574979
0.575026
0.575048
0.575092
0.575176
0.575195
0.575212
0.57524
0.575253
0.575266
0.575279
0.575293
0.575307
0.575371
0.575388
0.575404
0.575432
0.575444
0.575465
0.575479
0.575483
0.575491
0.575493
0.575495
0.575501
0.575503
0.575508
0.575512
0.575515
0.575522
0.575514
0.575507
0.575499
0.575489
0.575468
0.575457
0.575438
0.575412
0.575404
0.575391
0.575386
0.575374
0.575367
0.575358
0.575336
0.575323
0.575256
0.575256
0.575237
0.575201
0.575184
0.575165
0.575147
0.575109
0.575089
0.57502
0.574968
0.574941
0.574914
0.574888
0.574861
0.574808
0.574808
0.574755
0.57465
0.574623
0.574597
0.574571
0.574545
0.574518
0.574462
0.574431
0.574365
0.574222
0.574186
0.574151
0.574117
0.574084
0.574018
0.573986
0.573953
0.573919
0.573735
0.573619
0.573546
0.57351
0.573444
0.573413
0.573383
0.573265
0.573235
0.573205
0.573144
0.573112
0.57308
0.573046
0.572976
0.572832
0.572798
0.572764
0.572702
0.572672
0.572642
0.572611
0.572549
0.572516
0.572369
0.57233
0.572292
0.572254
0.572216
0.572074
0.57204
0.571908
0.571877
0.571846
0.571816
0.571787
0.571703
0.571675
0.571647
0.571499
0.57147
0.571415
0.57139
0.571367
0.571346
0.571325
0.571266
0.571204
0.571162
0.571142
0.571122
0.571103
0.571083
0.571043
0.571022
0.571
0.570906
0.570862
0.570826
0.570811
0.570798
0.570786
0.570776
0.570759
0.570728
0.57072
0.570713
0.570705
0.57069
0.570681
0.570671
0.57065
0.570641
0.570618
0.570618
0.57062
0.570624
0.570637
0.570645
0.57067
0.570699
0.570705
0.570714
0.570716
0.570718
0.57072
0.570731
0.570759
0.570769
0.570792
0.570804
0.570817
0.570844
0.570859
0.570893
0.570911
0.57097
0.57099
0.571008
0.571026
0.571076
0.571093
0.571111
0.571129
0.571254
0.571279
0.571279
0.57133
0.571356
0.571382
0.571438
0.571466
0.571586
0.571616
0.571645
0.571698
0.571723
0.571747
0.571771
0.57182
0.571927
0.571985
0.572015
0.572076
0.572109
0.57221
0.572245
0.572428
0.572496
0.572527
0.572582
0.572607
0.572653
0.572675
0.572797
0.572851
0.572851
0.572878
0.572906
0.572965
0.572996
0.573029
0.5731
0.573256
0.573297
0.573376
0.573376
0.573415
0.573491
0.573528
0.5736
0.573752
0.573791
0.573829
0.573903
0.57394
0.573975
0.574011
0.574083
0.574227
0.574296
0.574329
0.574362
0.574395
0.574428
0.57446
0.574494
0.574561
0.574728
0.57476
0.574818
0.574844
0.574869
0.574894
0.574918
0.574967
0.575019
0.575102
0.57513
0.57518
0.575211
0.575236
0.575236
0.575287
0.575311
0.575335
0.575423
0.575462
0.57548
0.575498
0.575515
0.575531
0.575546
0.575577
0.575592
0.575645
0.575656
0.575666
0.57568
0.575684
0.575688
0.575688
0.575689
0.57569
0.575693
0.575697
0.5757
0.575708
0.575712
0.575715
0.575718
0.575703
0.575693
0.575682
0.575654
0.575638
0.575607
0.575592
0.575578
0.575523
0.575498
0.575486
0.575475
0.575453
0.575429
0.575415
0.5754
0.57533
0.575311
0.575292
0.575255
0.575236
0.575217
0.575198
0.575157
0.57506
0.575009
0.574985
0.574961
0.574939
0.574896
0.574874
0.574827
0.574717
0.574687
0.574656
0.574591
0.574558
0.574524
0.574489
0.574455
0.574243
0.574209
0.574146
0.574117
0.574088
0.574059
0.574
0.573969
0.573937
0.573795
0.573757
0.573757
0.573682
0.573643
0.573605
0.573529
0.57349
0.573292
0.573292
0.573167
0.573088
0.573049
0.572973
0.572936
0.572866
0.57273
0.57273
0.572695
0.572626
0.572592
0.572525
0.572491
0.572456
0.572421
0.572277
0.572239
0.572201
0.572162
0.572123
0.572044
0.572003
0.571921
0.571763
0.571688
0.571653
0.571619
0.571586
0.571554
0.571554
0.571489
0.571456
0.571252
0.57122
0.57119
0.571161
0.571134
0.571108
0.571061
0.571038
0.570892
0.570868
0.570844
0.570821
0.570798
0.570757
0.570737
0.570719
0.570649
0.570632
0.570617
0.570588
0.570574
0.570548
0.570535
0.570509
0.570479
0.570472
0.570462
0.570459
0.570457
0.570453
0.570451
0.570445
0.570427
0.570424
0.570422
0.570421
0.570424
0.570428
0.570434
0.57045
0.570458
0.570497
0.570508
0.57052
0.570532
0.570544
0.570556
0.570582
0.570596
0.57061
0.570709
0.570726
0.570758
0.570758
0.570789
0.570806
0.570823
0.570921
0.570941
0.57096
0.570995
0.571012
0.57103
0.571048
0.571067
0.571088
0.571187
0.571245
0.571274
0.571304
0.571364
0.571395
0.571426
0.571457
0.571586
0.571654
0.571752
0.571783
0.571814
0.571844
0.571903
0.571933
0.572028
0.572096
0.572131
0.572203
0.57224
0.572277
0.572315
0.57239
0.572544
0.572622
0.572622
0.572661
0.572739
0.572778
0.572819
0.5729
0.572941
0.573106
0.573146
0.573186
0.573266
0.573266
0.573389
0.573431
0.573474
0.573643
0.573685
0.573725
0.573801
0.573838
0.573911
0.573948
0.573986
0.574025
0.574187
0.574229
0.57427
0.574311
0.57435
0.574389
0.574466
0.574504
0.574581
0.574701
0.574782
0.574822
0.57486
0.574898
0.574934
0.57497
0.575038
0.575198
0.575229
0.57526
0.575319
0.575346
0.575372
0.575397
0.575446
0.575538
0.575579
0.575598
0.575616
0.575634
0.575667
0.575683
0.5757
0.575781
0.575796
0.57581
0.575832
0.57584
0.575847
0.575858
0.575863
0.575868
0.57589
0.575905
0.575911
0.575918
0.575918
0.575916
0.575912
0.575899
0.575872
0.575867
0.575864
0.575862
0.575861
0.57586
0.575859
0.575858
0.575855
0.575827
0.575803
0.57579
0.575776
0.575761
0.57573
0.575713
0.575695
0.575676
0.575589
0.575565
0.57554
0.575515
0.575465
0.575415
0.575389
0.575363
0.575257
0.57523
0.575176
0.575149
0.575121
0.575067
0.57504
0.574984
0.574868
0.574838
0.574809
0.574751
0.574721
0.574691
0.57466
0.574597
0.574564
0.574422
0.574422
0.574386
0.574312
0.574275
0.574199
0.57416
0.57412
0.57391
0.573867
0.573783
0.573783
0.573742
0.573663
0.573625
0.573547
0.573388
0.573304
0.573219
0.573178
0.573136
0.573095
0.573014
0.572973
0.572812
0.572772
0.572733
0.572659
0.572621
0.572584
0.572508
0.57243
0.572305
0.572264
0.572223
0.572107
0.572107
0.572069
0.572032
0.571958
0.57192
0.571762
0.571721
0.571637
0.571596
0.571555
0.571515
0.571476
0.571438
0.571401
0.571255
0.571183
0.571147
0.571077
0.571043
0.57101
0.570978
0.570947
0.570803
0.570777
0.570751
0.570704
0.570681
0.570658
0.570635
0.570589
0.570565
0.570497
0.570476
0.570455
0.570419
0.570402
0.570373
0.570359
0.570331
0.57029
0.570267
0.570253
0.570253
0.57025
0.570251
0.570254
0.570262
0.57027
0.570263
0.570257
0.57025
0.570243
0.57023
0.570226
0.570223
0.570225
0.570251
0.570265
0.570296
0.570313
0.570367
0.570384
0.570402
0.570466
0.570494
0.570507
0.570518
0.57054
0.57055
0.570572
0.570584
0.570646
0.570666
0.570687
0.570731
0.570755
0.570805
0.570832
0.570887
0.570974
0.571034
0.571064
0.57112
0.571147
0.571202
0.57123
0.57126
0.571386
0.57142
0.571488
0.571554
0.571585
0.571616
0.571647
0.57171
0.57185
0.571889
0.571927
0.572005
0.572043
0.572119
0.572119
0.572157
0.572195
0.572355
0.572398
0.572441
0.572529
0.572574
0.572666
0.572712
0.572712
0.572759
0.572948
0.573043
0.57309
0.573183
0.573229
0.573275
0.573321
0.573416
0.573416
0.573608
0.573656
0.573749
0.573839
0.573926
0.573968
0.57401
0.574222
0.574263
0.574303
0.574342
0.57438
0.574451
0.574486
0.574521
0.574557
0.574706
0.574786
0.574825
0.574865
0.574903
0.574941
0.574979
0.575052
0.57523
0.575265
0.57533
0.575361
0.575421
0.57545
0.575479
0.575508
0.575618
0.575644
0.575693
0.575717
0.575739
0.57576
0.575782
0.575823
0.575901
0.575938
0.575954
0.575968
0.575982
0.576005
0.576016
0.576036
0.576076
0.576092
0.576092
0.576097
0.5761
0.576101
0.576101
0.576099
0.576093
0.576088
0.576086
0.576084
0.576083
0.576081
0.576077
0.576072
0.576024
0.576011
0.575999
0.575977
0.575966
0.575944
0.575933
0.575922
0.575863
0.575845
0.575809
0.575772
0.575732
0.575712
0.575692
0.575596
0.575577
0.575559
0.575541
0.575506
0.575489
0.575471
0.575432
0.575339
0.575314
0.575288
0.575236
0.575209
0.575151
0.57512
0.575088
0.575021
0.574915
0.574879
0.574843
0.57477
0.574734
0.574697
0.574622
0.574583
0.574542
0.574368
0.574323
0.57428
0.574238
0.574197
0.574116
0.574075
0.573993
0.573773
0.573727
0.573679
0.573632
0.573585
0.573491
0.573444
0.573349
0.573166
0.573123
0.573081
0.572962
0.572924
0.572885
0.572807
0.572602
0.57256
0.572479
0.572441
0.572403
0.572366
0.572329
0.572292
0.572217
0.572056
0.572014
0.571971
0.571929
0.571887
0.571804
0.571763
0.571681
0.571517
0.571437
0.571437
0.571398
0.571323
0.571249
0.571212
0.571176
0.570999
0.570999
0.570965
0.5709
0.570868
0.570835
0.570803
0.570771
0.570706
0.570608
0.570546
0.570517
0.570462
0.570437
0.570412
0.570388
0.57034
0.570226
0.570226
0.570206
0.570174
0.570161
0.57015
0.570141
0.570131
0.570077
0.570064
0.570059
0.570056
0.570055
0.570054
0.570055
0.570056
0.570057
0.570059
0.570058
0.570057
0.570056
0.570056
0.570058
0.570061
0.570066
0.570073
0.570112
0.570125
0.570139
0.570168
0.570184
0.570201
0.570239
0.570259
0.57028
0.570367
0.570411
0.570452
0.570472
0.570491
0.57051
0.570529
0.570571
0.570618
0.570669
0.570695
0.570746
0.570799
0.570827
0.570884
0.571008
0.571042
0.571075
0.57114
0.571173
0.571238
0.571271
0.571304
0.571337
0.571443
0.571518
0.571557
0.571596
0.571635
0.571674
0.571714
0.571794
0.571835
0.572005
0.57205
0.572142
0.572236
0.572284
0.572333
0.572381
0.57243
0.572623
0.572671
0.572718
0.572852
0.572894
0.572936
0.572977
0.57306
0.573102
0.573239
0.573287
0.573336
0.573385
0.573484
0.573534
0.573585
0.573686
0.573736
0.573936
0.573985
0.574127
0.574174
0.574265
0.574311
0.574355
0.574528
0.574611
0.574651
0.57469
0.574728
0.574766
0.57484
0.574877
0.575108
0.575146
0.575183
0.575285
0.575317
0.575348
0.575406
0.57555
0.575578
0.575606
0.575632
0.575681
0.575704
0.575704
0.575728
0.575752
0.575883
0.575912
0.57594
0.575994
0.576018
0.576041
0.576082
0.576101
0.576136
0.576183
0.576198
0.576212
0.576238
0.576249
0.57626
0.576269
0.576278
0.576304
0.576303
0.576302
0.5763
0.576299
0.576297
0.576297
0.576297
0.576296
0.576277
0.576268
0.576257
0.576233
0.576219
0.576189
0.576189
0.576174
0.576157
0.576058
0.576042
0.576013
0.576001
0.575977
0.575953
0.575939
0.575923
0.575864
0.57582
0.575797
0.57575
0.575727
0.575704
0.575704
0.575634
0.575522
0.57546
0.575428
0.575397
0.575366
0.575334
0.57527
0.575239
0.575207
0.575105
0.575031
0.575031
0.574918
0.574879
0.574801
0.57476
0.57472
0.574519
0.574478
0.574436
0.574352
0.574268
0.574225
0.574183
0.574183
0.573885
0.573841
0.573798
0.573755
0.573712
0.573627
0.573541
0.573499
0.573285
0.573243
0.573201
0.573159
0.573077
0.573035
0.572991
0.572947
0.572903
0.572717
0.572623
0.572577
0.572532
0.572486
0.572441
0.572397
0.572352
0.572261
0.572066
0.572014
0.571962
0.57186
0.57181
0.57176
0.571711
0.571616
0.571383
0.571337
0.571293
0.571293
0.57125
0.571122
0.571081
0.571
0.570886
0.570815
0.57078
0.570715
0.570715
0.570683
0.570618
0.570586
0.570427
0.570369
0.570342
0.570316
0.570291
0.570244
0.570244
0.570198
0.570082
0.570062
0.570044
0.570014
0.569992
0.569972
0.569952
0.569918
0.569907
0.569887
0.569878
0.569871
0.569857
0.569851
0.56984
0.569833
0.569835
0.569838
0.569844
0.569847
0.569854
0.569858
0.569863
0.569896
0.569906
0.569926
0.569936
0.569945
0.569963
0.569973
0.569984
0.57001
0.570058
0.570077
0.570095
0.570133
0.570152
0.57019
0.57021
0.570252
0.570321
0.570372
0.570399
0.570426
0.570452
0.570504
0.570557
0.570585
0.570702
0.570734
0.570832
0.570866
0.5709
0.570968
0.571002
0.571174
0.571207
0.571238
0.571298
0.571298
0.571329
0.57136
0.571427
0.571616
0.571695
0.571733
0.57181
0.57181
0.57185
0.57193
0.571972
0.572059
0.572198
0.572245
0.572292
0.572339
0.572431
0.572476
0.572522
0.572568
0.572711
0.572861
0.572913
0.573065
0.573116
0.573166
0.573263
0.57331
0.57355
0.573599
0.573647
0.573741
0.573787
0.573832
0.573923
0.573968
0.574013
0.574239
0.574333
0.57438
0.574472
0.574516
0.574559
0.574602
0.574811
0.574851
0.57489
0.574966
0.575004
0.575042
0.575042
0.575159
0.5752
0.575325
0.575366
0.575407
0.575484
0.57552
0.575591
0.575627
0.575662
0.57584
0.575875
0.575908
0.57594
0.575969
0.575996
0.576046
0.576094
0.576194
0.57622
0.576245
0.576292
0.576313
0.576348
0.576364
0.576392
0.576441
0.576451
0.576461
0.576478
0.576486
0.5765
0.576505
0.576509
0.576503
0.576498
0.576493
0.576484
0.576481
0.576478
0.576476
0.576473
0.576463
0.576425
0.576413
0.576401
0.576376
0.576365
0.576354
0.576343
0.576331
0.576255
0.576236
0.576195
0.576174
0.576154
0.576134
0.576094
0.576075
0.576036
0.575969
0.575919
0.575893
0.575866
0.575837
0.575778
0.575747
0.575684
0.575587
0.575554
0.575488
0.575456
0.575424
0.575391
0.575357
0.575286
0.575249
0.575052
0.57501
0.574926
0.574885
0.5748
0.574758
0.574714
0.57454
0.574497
0.574413
0.574373
0.574334
0.574258
0.57422
0.574182
0.574142
0.57397
0.573874
0.573874
0.573825
0.573776
0.573676
0.573625
0.573523
0.573472
0.573314
0.573206
0.573152
0.573044
0.572989
0.572824
0.572769
0.572502
0.572451
0.5724
0.572351
0.572303
0.57221
0.572165
0.572119
0.572029
0.571937
0.571802
0.571802
0.571667
0.571622
0.571577
0.571531
0.571484
0.571437
0.571294
0.571246
0.57115
0.571014
0.57097
0.570928
0.570887
0.570806
0.570597
0.570555
0.570555
0.570514
0.570437
0.570437
0.5704
0.570331
0.570142
0.570142
0.570056
0.570031
0.570008
0.569987
0.569967
0.56993
0.569912
0.569859
0.56984
0.569805
0.569787
0.56977
0.569753
0.56972
0.569704
0.569689
0.569646
0.569641
0.569639
0.569639
0.569645
0.569645
0.569655
0.56966
0.569664
0.569682
0.569688
0.569694
0.569709
0.56974
0.56974
0.569765
0.569778
0.56983
0.569855
0.569867
0.569878
0.569889
0.569916
0.569931
0.569948
0.570034
0.570058
0.570107
0.570131
0.570155
0.570203
0.570229
0.570284
0.570406
0.57047
0.570501
0.570531
0.570561
0.570592
0.570623
0.570686
0.570719
0.570824
0.570862
0.570938
0.570976
0.571013
0.571051
0.571127
0.571167
0.57125
0.571382
0.571428
0.571523
0.571571
0.57162
0.571669
0.571767
0.571816
0.571866
0.572071
0.572123
0.572175
0.57228
0.572333
0.572387
0.572442
0.572498
0.572611
0.572725
0.572782
0.572895
0.573005
0.573058
0.573111
0.573163
0.573268
0.573322
0.573605
0.573605
0.573783
0.573841
0.573898
0.573953
0.574062
0.574115
0.574324
0.574374
0.574424
0.574522
0.57457
0.574619
0.574669
0.574718
0.574768
0.575016
0.575016
0.575065
0.575112
0.575158
0.57525
0.575295
0.57534
0.575432
0.57562
0.575665
0.575709
0.575751
0.575831
0.575831
0.575907
0.575907
0.575944
0.576132
0.576169
0.576206
0.576274
0.576306
0.576336
0.576365
0.576417
0.576508
0.576551
0.576571
0.576606
0.576606
0.576621
0.576645
0.576656
0.576703
0.576707
0.576708
0.576708
0.576705
0.576701
0.576688
0.576681
0.576674
0.576657
0.576656
0.576656
0.576659
0.576662
0.576665
0.576667
0.576669
0.576669
0.576667
0.576638
0.576624
0.57657
0.57655
0.576528
0.576506
0.576459
0.576434
0.576434
0.576289
0.576256
0.576223
0.57619
0.576124
0.576091
0.576024
0.575991
0.575851
0.575815
0.575707
0.575671
0.575636
0.575602
0.575568
0.5755
0.575396
0.575323
0.575323
0.575209
0.575129
0.575048
0.575007
0.574966
0.5748
0.574758
0.574715
0.57463
0.574587
0.574544
0.5745
0.574456
0.574364
0.574216
0.574114
0.574064
0.573964
0.573915
0.573865
0.573815
0.573711
0.573489
0.573373
0.573315
0.573258
0.573258
0.573093
0.573039
0.572985
0.572932
0.572716
0.57266
0.572604
0.572547
0.572491
0.572379
0.572323
0.57221
0.571934
0.571879
0.571825
0.571771
0.571718
0.571718
0.571612
0.57156
0.571507
0.571455
0.571252
0.571203
0.571153
0.571056
0.571008
0.57096
0.570912
0.570864
0.570766
0.570527
0.570527
0.57044
0.5704
0.570362
0.570288
0.570288
0.570179
0.570033
0.569997
0.569962
0.569929
0.569897
0.56984
0.569787
0.569763
0.569739
0.569648
0.569626
0.569605
0.569567
0.56955
0.569535
0.569521
0.569508
0.569496
0.569485
0.569451
0.569445
0.56944
0.569438
0.569437
0.569439
0.569441
0.569448
0.569461
0.569498
0.569498
0.569519
0.569529
0.569539
0.569548
0.569557
0.569566
0.569576
0.56965
0.56967
0.56969
0.56971
0.569731
0.569774
0.569796
0.569819
0.569866
0.569944
0.570002
0.570033
0.570065
0.570098
0.570165
0.5702
0.570236
0.570272
0.570418
0.570455
0.570492
0.570528
0.570601
0.570638
0.570638
0.570718
0.57076
0.570937
0.57103
0.571076
0.571167
0.571212
0.571257
0.571303
0.571395
0.571595
0.571646
0.571747
0.571747
0.571892
0.571939
0.571987
0.572035
0.572289
0.572343
0.572395
0.572448
0.572499
0.572602
0.572602
0.572705
0.572757
0.573025
0.573081
0.573194
0.57325
0.573307
0.573419
0.573475
0.573475
0.573801
0.573855
0.573908
0.573961
0.574012
0.574114
0.574165
0.574216
0.574268
0.574534
0.574587
0.574587
0.574692
0.574743
0.574743
0.574896
0.574947
0.574999
0.575161
0.575215
0.575322
0.575424
0.575424
0.575521
0.575568
0.575659
0.575705
0.575842
0.575933
0.575978
0.576063
0.576103
0.576141
0.576178
0.576214
0.576249
0.576387
0.576454
0.576517
0.576576
0.576603
0.576653
0.576675
0.576696
0.576751
0.576782
0.576797
0.57681
0.576833
0.576844
0.576855
0.576865
0.576876
0.576904
0.576915
0.576914
0.576911
0.576906
0.576901
0.576894
0.576881
0.576874
0.57683
0.576818
0.576806
0.576794
0.57677
0.57677
0.576747
0.576734
0.576721
0.57664
0.576621
0.576602
0.576582
0.576582
0.576518
0.576494
0.576469
0.576442
0.57633
0.576271
0.576271
0.576241
0.576211
0.576147
0.576081
0.576046
0.57601
0.575853
0.57577
0.575729
0.575689
0.575649
0.575608
0.575568
0.575526
0.575484
0.575206
0.575206
0.57511
0.575063
0.575018
0.574973
0.574929
0.574839
0.574649
0.574599
0.574548
0.574497
0.574392
0.574338
0.574338
0.574227
0.574171
0.57394
0.573881
0.573823
0.573709
0.573653
0.573598
0.573543
0.573431
0.573373
0.573128
0.573065
0.573002
0.572939
0.572877
0.572816
0.572755
0.572633
