0.575446
0.575448
0.57545
0.575451
0.575452
0.575453
0.575453
0.575454
0.575454
0.575454
0.575453
0.575452
0.575451
0.57545
0.575448
0.575446
0.575444
0.575442
0.575439
0.575437
0.575434
0.57543
0.575427
0.575424
0.57542
0.575416
0.575412
0.575408
0.575404
0.5754
0.575396
0.575392
0.575388
0.575384
0.575381
0.575377
0.575374
0.575371
0.575368
0.575365
0.575363
0.575361
0.575359
0.575358
0.575357
0.575356
0.575356
0.575356
0.575357
0.575358
0.57536
0.575362
0.575365
0.575368
0.575371
0.575375
0.57538
0.575385
0.57539
0.575396
0.575402
0.575409
0.575416
0.575424
0.575431
0.575439
0.575448
0.575456
0.575465
0.575474
0.575483
0.575492
0.575501
0.575511
0.57552
0.575529
0.575538
0.575547
0.575555
0.575564
0.575572
0.575579
0.575587
0.575594
0.5756
0.575606
0.575611
0.575616
0.57562
0.575624
0.575627
0.575629
0.57563
0.575631
0.575631
0.57563
0.575628
0.575626
0.575622
0.575618
0.575613
0.575608
0.575601
0.575594
0.575586
0.575577
0.575567
0.575557
0.575546
0.575535
0.575523
0.57551
0.575497
0.575483
0.575469
0.575455
0.57544
0.575425
0.57541
0.575395
0.57538
0.575365
0.57535
0.575335
0.57532
0.575306
0.575292
0.575278
0.575265
0.575252
0.57524
0.575228
0.575217
0.575207
0.575198
0.57519
0.575183
0.575176
0.575171
0.575166
0.575163
0.575161
0.57516
0.57516
0.575161
0.575163
0.575167
0.575172
0.575178
0.575185
0.575193
0.575202
0.575213
0.575225
0.575237
0.575251
0.575265
0.575281
0.575297
0.575314
0.575332
0.575351
0.57537
0.57539
0.57541
0.575431
0.575451
0.575473
0.575494
0.575515
0.575536
0.575558
0.575579
0.575599
0.575619
0.575639
0.575658
0.575677
0.575695
0.575712
0.575728
0.575743
0.575758
0.575771
0.575783
0.575793
0.575803
0.575811
0.575817
0.575823
0.575826
0.575829
0.57583
0.575829
0.575827
0.575823
0.575817
0.57581
0.575802
0.575792
0.57578
0.575767
0.575753
0.575737
0.57572
0.575701
0.575681
0.575661
0.575639
0.575616
0.575592
0.575568
0.575543
0.575517
0.57549
0.575464
0.575436
0.575409
0.575382
0.575354
0.575327
0.5753
0.575273
0.575246
0.575221
0.575195
0.575171
0.575148
0.575125
0.575104
0.575083
0.575064
0.575047
0.575031
0.575016
0.575003
0.574991
0.574982
0.574974
0.574968
0.574963
0.574961
0.574961
0.574962
0.574966
0.574971
0.574978
0.574987
0.574999
0.575012
0.575026
0.575043
0.575061
0.575081
0.575103
0.575126
0.575151
0.575177
0.575204
0.575233
0.575262
0.575293
0.575324
0.575356
0.575389
0.575422
0.575456
0.57549
0.575523
0.575557
0.575591
0.575624
0.575657
0.575689
0.57572
0.575751
0.57578
0.575808
0.575835
0.575861
0.575885
0.575908
0.575929
0.575948
0.575965
0.575981
0.575994
0.576006
0.576015
0.576022
0.576026
0.576029
0.576029
0.576027
0.576022
0.576016
0.576006
0.575995
0.575981
0.575965
0.575947
0.575927
0.575905
0.57588
0.575854
0.575826
0.575796
0.575765
0.575732
0.575698
0.575663
0.575626
0.575589
0.575551
0.575512
0.575472
0.575433
0.575393
0.575353
0.575313
0.575273
0.575234
0.575195
0.575158
0.575121
0.575085
0.57505
0.575017
0.574985
0.574955
0.574927
0.5749
0.574876
0.574853
0.574833
0.574815
0.5748
0.574787
0.574777
0.574769
0.574764
0.574761
0.574761
0.574764
0.57477
0.574778
0.574789
0.574803
0.574819
0.574838
0.57486
0.574884
0.57491
0.574938
0.574969
0.575002
0.575037
0.575073
0.575111
0.575151
0.575192
0.575235
0.575278
0.575322
0.575368
0.575413
0.575459
0.575505
0.575552
0.575598
0.575643
0.575689
0.575733
0.575777
0.575819
0.57586
0.5759
0.575938
0.575974
0.576009
0.576041
0.576071
0.576099
0.576125
0.576148
0.576168
0.576185
0.5762
0.576212
0.576221
0.576226
0.576229
0.576228
0.576225
0.576218
0.576208
0.576195
0.576179
0.57616
0.576138
0.576114
0.576086
0.576056
0.576023
0.575988
0.57595
0.575911
0.575869
0.575825
0.57578
0.575733
0.575684
0.575635
0.575585
0.575533
0.575481
0.575429
0.575377
0.575324
0.575272
0.57522
0.575169
0.575119
0.575069
0.575021
0.574975
0.57493
0.574887
0.574846
0.574807
0.57477
0.574736
0.574705
0.574676
0.574651
0.574628
0.574609
0.574592
0.57458
0.57457
0.574564
0.574561
0.574562
0.574566
0.574574
0.574586
0.5746
0.574619
0.57464
0.574665
0.574693
0.574724
0.574758
0.574795
0.574835
0.574877
0.574922
0.574969
0.575018
0.57507
0.575122
0.575177
0.575232
0.575289
0.575346
0.575405
0.575463
0.575522
0.575581
0.575639
0.575697
0.575754
0.57581
0.575865
0.575919
0.57597
0.57602
0.576068
0.576114
0.576157
0.576198
0.576235
0.57627
0.576302
0.57633
0.576355
0.576377
0.576395
0.576409
0.576419
0.576426
0.576429
0.576428
0.576423
0.576414
0.576401
0.576384
0.576364
0.576339
0.576312
0.57628
0.576245
0.576207
0.576166
0.576122
0.576074
0.576025
0.575972
0.575918
0.575861
0.575802
0.575742
0.57568
0.575618
0.575554
0.575489
0.575425
0.57536
0.575295
0.57523
0.575166
0.575103
0.575041
0.57498
0.574921
0.574864
0.574809
0.574756
0.574706
0.574658
0.574614
0.574572
0.574534
0.574499
0.574468
0.574441
0.574417
0.574398
0.574382
0.574371
0.574364
0.574361
0.574363
0.574368
0.574378
0.574393
0.574411
0.574434
0.574461
0.574492
0.574526
0.574565
0.574607
0.574652
0.574701
0.574753
0.574808
0.574865
0.574926
0.574988
0.575052
0.575119
0.575186
0.575255
0.575325
0.575396
0.575467
0.575539
0.57561
0.57568
0.575751
0.57582
0.575887
0.575954
0.576018
0.576081
0.576141
0.576199
0.576254
0.576306
0.576354
0.5764
0.576441
0.576479
0.576513
0.576543
0.576568
0.576589
0.576606
0.576618
0.576626
0.576629
0.576627
0.57662
0.576609
0.576593
0.576573
0.576548
0.576519
0.576485
0.576447
0.576405
0.576359
0.576309
0.576256
0.576199
0.576139
0.576076
0.576011
0.575943
0.575872
0.5758
0.575727
0.575651
0.575575
0.575498
0.575421
0.575343
0.575266
0.575189
0.575113
0.575037
0.574964
0.574892
0.574821
0.574754
0.574688
0.574626
0.574566
0.57451
0.574457
0.574408
0.574363
0.574322
0.574286
0.574253
0.574226
0.574203
0.574185
0.574172
0.574164
0.574161
0.574163
0.574171
0.574183
0.5742
0.574222
0.57425
0.574282
0.574318
0.57436
0.574405
0.574455
0.574509
0.574567
0.574629
0.574694
0.574762
0.574833
0.574906
0.574982
0.57506
0.57514
0.575222
0.575304
0.575387
0.575471
0.575555
0.575638
0.575722
0.575804
0.575885
0.575965
0.576042
0.576118
0.576191
0.576262
0.576329
0.576393
0.576454
0.576511
0.576563
0.576612
0.576656
0.576695
0.57673
0.576759
0.576784
0.576803
0.576817
0.576825
0.576828
0.576826
0.576818
0.576805
0.576786
0.576762
0.576733
0.576698
0.576658
0.576614
0.576564
0.576511
0.576452
0.57639
0.576323
0.576253
0.57618
0.576104
0.576024
0.575942
0.575858
0.575772
0.575685
0.575596
0.575507
0.575417
0.575327
0.575237
0.575148
0.575059
0.574972
0.574887
0.574803
0.574722
0.574643
0.574568
0.574495
0.574426
0.574361
0.574301
0.574244
0.574192
0.574145
0.574103
0.574066
0.574035
0.574009
0.573988
0.573973
0.573964
0.573961
0.573964
0.573973
0.573987
0.574007
0.574033
0.574065
0.574102
0.574145
0.574193
0.574246
0.574304
0.574366
0.574433
0.574504
0.574579
0.574658
0.57474
0.574825
0.574912
0.575002
0.575094
0.575188
0.575283
0.575378
0.575475
0.575571
0.575667
0.575763
0.575857
0.57595
0.576042
0.576131
0.576218
0.576302
0.576382
0.57646
0.576533
0.576602
0.576667
0.576728
0.576783
0.576833
0.576878
0.576917
0.576951
0.576978
0.577
0.577016
0.577025
0.577028
0.577025
0.577016
0.577
0.576979
0.576951
0.576917
0.576877
0.576832
0.57678
0.576724
0.576662
0.576595
0.576524
0.576448
0.576368
0.576284
0.576196
0.576106
0.576012
0.575916
0.575818
0.575719
0.575618
0.575516
0.575413
0.575311
0.575208
0.575106
0.575006
0.574907
0.574809
0.574714
0.574622
0.574533
0.574447
0.574365
0.574287
0.574213
0.574144
0.57408
0.574021
0.573968
0.57392
0.573879
0.573843
0.573814
0.573791
0.573775
0.573765
0.573761
0.573765
0.573775
0.573791
0.573815
0.573844
0.573881
0.573923
0.573972
0.574026
0.574086
0.574152
0.574223
0.574299
0.57438
0.574465
0.574554
0.574647
0.574743
0.574842
0.574944
0.575048
0.575154
0.575262
0.57537
0.575479
0.575588
0.575696
0.575804
0.575911
0.576016
0.576119
0.57622
0.576317
0.576412
0.576503
0.57659
0.576673
0.576751
0.576824
0.576892
0.576954
0.577011
0.577061
0.577105
0.577142
0.577173
0.577198
0.577215
0.577225
0.577229
0.577225
0.577214
0.577196
0.577172
0.57714
0.577102
0.577057
0.577005
0.576947
0.576884
0.576814
0.576739
0.576658
0.576573
0.576483
0.576388
0.57629
0.576188
0.576083
0.575975
0.575865
0.575752
0.575639
0.575524
0.575409
0.575294
0.575179
0.575065
0.574953
0.574841
0.574732
0.574626
0.574523
0.574423
0.574326
0.574235
0.574147
0.574065
0.573988
0.573916
0.57385
0.573791
0.573738
0.573691
0.573652
0.573619
0.573594
0.573576
0.573565
0.573561
0.573565
0.573577
0.573596
0.573622
0.573655
0.573696
0.573744
0.573798
0.573859
0.573927
0.574
0.57408
0.574165
0.574255
0.57435
0.57445
0.574554
0.574661
0.574772
0.574886
0.575002
0.575121
0.57524
0.575361
0.575482
0.575604
0.575725
0.575845
0.575964
0.576081
0.576196
0.576308
0.576417
0.576522
0.576624
0.57672
0.576812
0.576899
0.57698
0.577056
0.577125
0.577187
0.577243
0.577292
0.577333
0.577368
0.577394
0.577413
0.577425
0.577428
0.577424
0.577412
0.577392
0.577364
0.577329
0.577286
0.577236
0.577178
0.577114
0.577043
0.576965
0.576882
0.576792
0.576697
0.576597
0.576492
0.576382
0.576269
0.576152
0.576033
0.57591
0.575786
0.57566
0.575533
0.575405
0.575278
0.57515
0.575024
0.574899
0.574776
0.574655
0.574537
0.574423
0.574312
0.574206
0.574104
0.574007
0.573916
0.573831
0.573752
0.57368
0.573614
0.573555
0.573504
0.57346
0.573425
0.573397
0.573377
0.573365
0.573361
0.573366
0.573379
0.5734
0.573429
0.573467
0.573512
0.573565
0.573625
0.573693
0.573767
0.573849
0.573937
0.574031
0.574131
0.574236
0.574346
0.574461
0.57458
0.574702
0.574828
0.574957
0.575087
0.575219
0.575352
0.575486
0.57562
0.575754
0.575887
0.576018
0.576147
0.576273
0.576397
0.576517
0.576633
0.576744
0.576851
0.576952
0.577048
0.577137
0.57722
0.577296
0.577364
0.577426
0.577479
0.577525
0.577562
0.577591
0.577612
0.577625
0.577628
0.577623
0.57761
0.577588
0.577557
0.577518
0.57747
0.577415
0.577352
0.577281
0.577202
0.577117
0.577024
0.576926
0.576821
0.576711
0.576595
0.576475
0.576351
0.576222
0.576091
0.575956
0.575819
0.575681
0.575541
0.575401
0.575261
0.575121
0.574982
0.574845
0.57471
0.574578
0.574448
0.574323
0.574202
0.574085
0.573973
0.573868
0.573768
0.573674
0.573588
0.573509
0.573437
0.573373
0.573317
0.573269
0.57323
0.5732
0.573178
0.573165
0.573162
0.573167
0.573181
0.573204
0.573237
0.573278
0.573327
0.573385
0.573452
0.573526
0.573608
0.573697
0.573794
0.573897
0.574006
0.574122
0.574242
0.574368
0.574498
0.574632
0.57477
0.57491
0.575053
0.575198
0.575344
0.57549
0.575637
0.575783
0.575928
0.576071
0.576212
0.576351
0.576486
0.576617
0.576743
0.576865
0.576981
0.577092
0.577196
0.577294
0.577384
0.577467
0.577542
0.577608
0.577667
0.577716
0.577757
0.577789
0.577811
0.577824
0.577828
0.577823
0.577808
0.577783
0.57775
0.577707
0.577655
0.577595
0.577525
0.577448
0.577362
0.577269
0.577168
0.57706
0.576946
0.576825
0.576699
0.576568
0.576432
0.576292
0.576149
0.576002
0.575853
0.575702
0.57555
0.575397
0.575245
0.575092
0.574941
0.574792
0.574645
0.5745
0.57436
0.574223
0.574091
0.573964
0.573843
0.573728
0.573619
0.573518
0.573424
0.573338
0.57326
0.57319
0.573129
0.573078
0.573035
0.573002
0.572979
0.572965
0.572962
0.572968
0.572983
0.573009
0.573044
0.573089
0.573143
0.573206
0.573278
0.573359
0.573448
0.573546
0.573651
0.573763
0.573882
0.574007
0.574138
0.574275
0.574417
0.574562
0.574712
0.574864
0.57502
0.575177
0.575335
0.575494
0.575653
0.575812
0.575969
0.576125
0.576278
0.576428
0.576574
0.576716
0.576854
0.576986
0.577112
0.577232
0.577345
0.57745
0.577548
0.577637
0.577719
0.577791
0.577854
0.577908
0.577952
0.577986
0.57801
0.578024
0.578028
0.578022
0.578006
0.577979
0.577942
0.577896
0.577839
0.577774
0.577698
0.577614
0.577521
0.57742
0.577311
0.577194
0.57707
0.57694
0.576803
0.576661
0.576514
0.576362
0.576207
0.576048
0.575887
0.575724
0.575559
0.575394
0.575228
0.575064
0.5749
0.574739
0.57458
0.574424
0.574272
0.574124
0.573981
0.573844
0.573713
0.573588
0.573471
0.573362
0.57326
0.573167
0.573083
0.573008
0.572942
0.572887
0.572841
0.572805
0.57278
0.572766
0.572762
0.572768
0.572785
0.572813
0.572851
0.5729
0.572958
0.573027
0.573105
0.573192
0.573289
0.573394
0.573507
0.573629
0.573757
0.573893
0.574035
0.574182
0.574335
0.574492
0.574654
0.574818
0.574986
0.575155
0.575326
0.575498
0.57567
0.575841
0.576011
0.576178
0.576343
0.576505
0.576663
0.576816
0.576964
0.577106
0.577242
0.577371
0.577493
0.577607
0.577712
0.577808
0.577896
0.577973
0.578041
0.578099
0.578146
0.578183
0.578209
0.578224
0.578228
0.578221
0.578203
0.578175
0.578135
0.578085
0.578024
0.577953
0.577872
0.577781
0.577681
0.577571
0.577454
0.577328
0.577194
0.577054
0.576907
0.576754
0.576595
0.576432
0.576265
0.576094
0.575921
0.575745
0.575568
0.57539
0.575212
0.575035
0.574859
0.574685
0.574514
0.574346
0.574183
0.574024
0.57387
0.573723
0.573582
0.573449
0.573323
0.573205
0.573096
0.572996
0.572906
0.572825
0.572755
0.572695
0.572646
0.572608
0.572581
0.572566
0.572562
0.572569
0.572588
0.572618
0.572659
0.572711
0.572774
0.572848
0.572932
0.573026
0.573129
0.573242
0.573364
0.573495
0.573633
0.573778
0.573931
0.574089
0.574253
0.574422
0.574596
0.574772
0.574952
0.575134
0.575318
0.575502
0.575686
0.57587
0.576052
0.576232
0.576409
0.576582
0.576752
0.576916
0.577075
0.577227
0.577373
0.577511
0.577641
0.577763
0.577876
0.577979
0.578073
0.578156
0.578229
0.57829
0.578341
0.57838
0.578408
0.578424
0.578428
0.578421
0.578401
0.57837
0.578328
0.578274
0.578208
0.578132
0.578045
0.577948
0.57784
0.577723
0.577597
0.577462
0.577319
0.577168
0.577011
0.576847
0.576677
0.576503
0.576323
0.576141
0.575955
0.575767
0.575577
0.575386
0.575196
0.575006
0.574818
0.574632
0.574449
0.574269
0.574094
0.573924
0.57376
0.573602
0.573452
0.573309
0.573174
0.573048
0.572932
0.572825
0.572729
0.572643
0.572568
0.572504
0.572452
0.572411
0.572383
0.572366
0.572362
0.57237
0.57239
0.572422
0.572466
0.572522
0.572589
0.572668
0.572758
0.572859
0.57297
0.573091
0.573221
0.57336
0.573508
0.573664
0.573827
0.573996
0.574171
0.574352
0.574537
0.574726
0.574919
0.575113
0.575309
0.575506
0.575703
0.575899
0.576093
0.576285
0.576474
0.57666
0.57684
0.577016
0.577185
0.577348
0.577503
0.577651
0.57779
0.57792
0.57804
0.57815
0.57825
0.578339
0.578416
0.578482
0.578536
0.578577
0.578607
0.578624
0.578628
0.57862
0.578599
0.578566
0.57852
0.578463
0.578393
0.578311
0.578218
0.578114
0.578
0.577875
0.57774
0.577596
0.577443
0.577283
0.577115
0.57694
0.576759
0.576572
0.576381
0.576186
0.575988
0.575787
0.575585
0.575382
0.575179
0.574977
0.574776
0.574578
0.574383
0.574192
0.574005
0.573824
0.57365
0.573482
0.573321
0.573169
0.573026
0.572892
0.572768
0.572654
0.572551
0.57246
0.57238
0.572312
0.572257
0.572214
0.572184
0.572166
0.572162
0.57217
0.572192
0.572226
0.572273
0.572333
0.572405
0.572489
0.572585
0.572692
0.57281
0.572939
0.573078
0.573227
0.573384
0.57355
0.573723
0.573903
0.57409
0.574282
0.57448
0.574681
0.574885
0.575092
0.575301
0.57551
0.575719
0.575928
0.576135
0.576339
0.57654
0.576737
0.576929
0.577115
0.577296
0.577469
0.577634
0.577791
0.577938
0.578076
0.578204
0.578321
0.578427
0.578521
0.578603
0.578673
0.57873
0.578775
0.578806
0.578824
0.578828
0.578819
0.578797
0.578762
0.578713
0.578651
0.578577
0.57849
0.578391
0.578281
0.578159
0.578026
0.577883
0.57773
0.577568
0.577397
0.577219
0.577033
0.57684
0.576642
0.576439
0.576232
0.576022
0.575809
0.575594
0.575378
0.575163
0.574948
0.574735
0.574525
0.574317
0.574115
0.573917
0.573725
0.573539
0.573361
0.573191
0.573029
0.572877
0.572735
0.572604
0.572483
0.572374
0.572277
0.572193
0.572121
0.572062
0.572017
0.571985
0.571967
0.571962
0.571971
0.571994
0.572031
0.572081
0.572144
0.57222
0.57231
0.572412
0.572525
0.572651
0.572788
0.572935
0.573093
0.573259
0.573435
0.573619
0.57381
0.574009
0.574212
0.574421
0.574635
0.574852
0.575071
0.575292
0.575514
0.575736
0.575957
0.576176
0.576392
0.576605
0.576814
0.577018
0.577215
0.577406
0.577589
0.577764
0.57793
0.578087
0.578233
0.578368
0.578492
0.578604
0.578704
0.578791
0.578865
0.578925
0.578972
0.579005
0.579023
0.579028
0.579019
0.578995
0.578957
0.578906
0.578841
0.578762
0.57867
0.578565
0.578448
0.578319
0.578178
0.578026
0.577864
0.577693
0.577512
0.577323
0.577126
0.576922
0.576713
0.576498
0.576279
0.576056
0.57583
0.575603
0.575375
0.575147
0.574919
0.574694
0.574471
0.574252
0.574037
0.573828
0.573625
0.573429
0.57324
0.573061
0.57289
0.572729
0.572579
0.57244
0.572312
0.572197
0.572095
0.572006
0.57193
0.571868
0.57182
0.571786
0.571767
0.571762
0.571772
0.571796
0.571835
0.571888
0.571955
0.572036
0.57213
0.572238
0.572359
0.572491
0.572636
0.572792
0.572958
0.573135
0.573321
0.573515
0.573717
0.573927
0.574142
0.574363
0.574589
0.574818
0.57505
0.575283
0.575518
0.575752
0.575985
0.576217
0.576446
0.576671
0.576891
0.577106
0.577315
0.577516
0.57771
0.577895
0.57807
0.578235
0.57839
0.578532
0.578663
0.578781
0.578887
0.578978
0.579056
0.57912
0.579169
0.579204
0.579223
0.579228
0.579218
0.579193
0.579153
0.579098
0.579029
0.578946
0.578849
0.578738
0.578614
0.578478
0.578329
0.578169
0.577998
0.577817
0.577626
0.577427
0.577219
0.577004
0.576783
0.576556
0.576325
0.576089
0.575851
0.575612
0.575371
0.57513
0.57489
0.574653
0.574418
0.574187
0.57396
0.57374
0.573525
0.573318
0.57312
0.57293
0.57275
0.572581
0.572422
0.572276
0.572141
0.57202
0.571912
0.571818
0.571738
0.571673
0.571623
0.571587
0.571567
0.571562
0.571572
0.571598
0.571639
0.571695
0.571766
0.571851
0.571951
0.572065
0.572192
0.572332
0.572484
0.572649
0.572824
0.573011
0.573206
0.573411
0.573625
0.573845
0.574072
0.574305
0.574543
0.574784
0.575028
0.575274
0.575521
0.575768
0.576014
0.576258
0.576499
0.576736
0.576969
0.577195
0.577415
0.577627
0.577831
0.578025
0.57821
0.578384
0.578546
0.578697
0.578834
0.578959
0.579069
0.579166
0.579248
0.579314
0.579366
0.579402
0.579423
0.579428
0.579417
0.579391
0.579348
0.579291
0.579218
0.57913
0.579028
0.578911
0.578781
0.578637
0.578481
0.578312
0.578132
0.577941
0.57774
0.57753
0.577312
0.577085
0.576853
0.576614
0.57637
0.576123
0.575872
0.57562
0.575367
0.575114
0.574861
0.574611
0.574364
0.574121
0.573883
0.573651
0.573426
0.573208
0.572999
0.5728
0.57261
0.572432
0.572266
0.572112
0.571971
0.571843
0.57173
0.571631
0.571547
0.571478
0.571425
0.571388
0.571367
0.571362
0.571373
0.5714
0.571443
0.571502
0.571577
0.571667
0.571772
0.571892
0.572025
0.572173
0.572333
0.572506
0.57269
0.572886
0.573092
0.573308
0.573532
0.573764
0.574002
0.574247
0.574497
0.574751
0.575007
0.575266
0.575525
0.575785
0.576043
0.576299
0.576553
0.576802
0.577046
0.577283
0.577514
0.577737
0.577951
0.578156
0.57835
0.578532
0.578703
0.578861
0.579005
0.579136
0.579252
0.579353
0.579439
0.579509
0.579563
0.579601
0.579623
0.579628
0.579616
0.579588
0.579544
0.579484
0.579407
0.579315
0.579207
0.579085
0.578948
0.578797
0.578632
0.578455
0.578266
0.578066
0.577855
0.577634
0.577404
0.577167
0.576922
0.576672
0.576416
0.576156
0.575893
0.575629
0.575363
0.575097
0.574833
0.57457
0.574311
0.574056
0.573806
0.573562
0.573326
0.573098
0.572879
0.572669
0.572471
0.572284
0.572109
0.571948
0.5718
0.571666
0.571547
0.571444
0.571356
0.571284
0.571228
0.57119
0.571167
0.571162
0.571174
0.571202
0.571248
0.57131
0.571388
0.571483
0.571593
0.571718
0.571859
0.572013
0.572181
0.572363
0.572556
0.572762
0.572978
0.573204
0.573439
0.573682
0.573932
0.574189
0.574451
0.574717
0.574986
0.575257
0.575529
0.575801
0.576072
0.576341
0.576606
0.576867
0.577123
0.577372
0.577614
0.577848
0.578072
0.578286
0.57849
0.578681
0.57886
0.579025
0.579176
0.579313
0.579435
0.579541
0.579631
0.579704
0.57976
0.5798
0.579822
0.579827
0.579815
0.579786
0.57974
0.579676
0.579596
0.579499
0.579387
0.579258
0.579114
0.578956
0.578784
0.578598
0.5784
0.57819
0.577969
0.577738
0.577497
0.577248
0.576992
0.57673
0.576462
0.57619
0.575915
0.575637
0.575359
0.575081
0.574804
0.574529
0.574258
0.573991
0.573729
0.573474
0.573226
0.572988
0.572758
0.572539
0.572331
0.572136
0.571953
0.571784
0.571629
0.571489
0.571365
0.571256
0.571164
0.571089
0.571031
0.570991
0.570968
0.570962
0.570975
0.571005
0.571052
0.571117
0.571199
0.571298
0.571413
0.571545
0.571692
0.571854
0.57203
0.57222
0.572422
0.572637
0.572863
0.5731
0.573346
0.5736
0.573863
0.574131
0.574405
0.574683
0.574965
0.575248
0.575533
0.575818
0.576101
0.576382
0.57666
0.576933
0.5772
0.577461
0.577714
0.577958
0.578193
0.578417
0.578629
0.578829
0.579016
0.579189
0.579347
0.57949
0.579617
0.579728
0.579822
0.579898
0.579957
0.579998
0.580022
0.580027
0.580014
0.579983
0.579935
0.579868
0.579784
0.579683
0.579565
0.579431
0.579281
0.579115
0.578935
0.578741
0.578534
0.578314
0.578083
0.577841
0.57759
0.57733
0.577062
0.576788
0.576508
0.576223
0.575936
0.575646
0.575355
0.575064
0.574775
0.574487
0.574204
0.573925
0.573652
0.573385
0.573127
0.572877
0.572637
0.572408
0.572191
0.571987
0.571796
0.57162
0.571458
0.571312
0.571182
0.571069
0.570973
0.570895
0.570834
0.570792
0.570768
0.570762
0.570775
0.570807
0.570856
0.570924
0.57101
0.571114
0.571234
0.571372
0.571525
0.571694
0.571878
0.572077
0.572288
0.572513
0.572749
0.572996
0.573253
0.573519
0.573793
0.574073
0.574359
0.57465
0.574944
0.57524
0.575537
0.575834
0.57613
0.576423
0.576713
0.576998
0.577277
0.57755
0.577814
0.578069
0.578314
0.578547
0.578769
0.578978
0.579173
0.579353
0.579518
0.579667
0.5798
0.579915
0.580013
0.580093
0.580154
0.580197
0.580221
0.580227
0.580213
0.580181
0.58013
0.580061
0.579973
0.579868
0.579744
0.579604
0.579447
0.579275
0.579087
0.578884
0.578668
0.578439
0.578198
0.577946
0.577683
0.577412
0.577133
0.576847
0.576554
0.576258
0.575957
0.575655
0.575351
0.575048
0.574746
0.574446
0.57415
0.573859
0.573574
0.573296
0.573027
0.572766
0.572517
0.572278
0.572052
0.571839
0.57164
0.571456
0.571287
0.571135
0.570999
0.570882
0.570782
0.5707
0.570637
0.570593
0.570568
0.570562
0.570576
0.570609
0.570661
0.570732
0.570821
0.570929
0.571055
0.571198
0.571358
0.571535
0.571727
0.571934
0.572154
0.572388
0.572635
0.572892
0.57316
0.573437
0.573723
0.574015
0.574313
0.574616
0.574922
0.575231
0.575541
0.575851
0.576159
0.576465
0.576767
0.577064
0.577355
0.577638
0.577913
0.578179
0.578434
0.578678
0.578909
0.579126
0.579329
0.579517
0.579689
0.579844
0.579982
0.580103
0.580205
0.580288
0.580352
0.580397
0.580422
0.580427
0.580413
0.580379
0.580326
0.580254
0.580162
0.580052
0.579924
0.579777
0.579614
0.579434
0.579238
0.579027
0.578802
0.578563
0.578312
0.578049
0.577776
0.577493
0.577202
0.576904
0.576599
0.57629
0.575978
0.575663
0.575347
0.575031
0.574717
0.574405
0.574097
0.573794
0.573497
0.573208
0.572927
0.572656
0.572396
0.572148
0.571912
0.57169
0.571483
0.571292
0.571116
0.570958
0.570817
0.570694
0.57059
0.570505
0.57044
0.570394
0.570368
0.570363
0.570377
0.570411
0.570465
0.570539
0.570632
0.570745
0.570876
0.571025
0.571192
0.571375
0.571575
0.57179
0.57202
0.572264
0.57252
0.572788
0.573067
0.573356
0.573653
0.573957
0.574267
0.574582
0.574901
0.575223
0.575545
0.575867
0.576188
0.576506
0.57682
0.577129
0.577432
0.577727
0.578013
0.578289
0.578555
0.578808
0.579048
0.579275
0.579486
0.579681
0.57986
0.580022
0.580165
0.58029
0.580396
0.580483
0.580549
0.580595
0.580621
0.580627
0.580612
0.580577
0.580522
0.580446
0.580351
0.580236
0.580103
0.579951
0.579781
0.579593
0.57939
0.57917
0.578936
0.578688
0.578426
0.578153
0.577869
0.577575
0.577273
0.576962
0.576646
0.576325
0.576
0.575672
0.575343
0.575015
0.574688
0.574364
0.574043
0.573728
0.57342
0.573119
0.572827
0.572546
0.572275
0.572017
0.571772
0.571542
0.571327
0.571128
0.570945
0.570781
0.570634
0.570507
0.570399
0.570311
0.570243
0.570195
0.570168
0.570163
0.570177
0.570213
0.57027
0.570346
0.570443
0.57056
0.570697
0.570852
0.571025
0.571216
0.571424
0.571647
0.571886
0.57214
0.572406
0.572685
0.572974
0.573274
0.573583
0.573899
0.574221
0.574549
0.57488
0.575214
0.575549
0.575883
0.576217
0.576547
0.576874
0.577195
0.577509
0.577815
0.578113
0.5784
0.578676
0.578939
0.579188
0.579423
0.579642
0.579845
0.580031
0.580199
0.580348
0.580477
0.580587
0.580677
0.580746
0.580794
0.580821
0.580827
0.580812
0.580775
0.580717
0.580639
0.58054
0.580421
0.580282
0.580124
0.579947
0.579753
0.579541
0.579313
0.57907
0.578812
0.57854
0.578257
0.577961
0.577656
0.577342
0.57702
0.576691
0.576358
0.57602
0.57568
0.575339
0.574998
0.574659
0.574322
0.573989
0.573663
0.573342
0.57303
0.572728
0.572435
0.572155
0.571887
0.571633
0.571394
0.57117
0.570964
0.570774
0.570604
0.570452
0.57032
0.570208
0.570116
0.570046
0.569996
0.569969
0.569963
0.569978
0.570015
0.570074
0.570154
0.570254
0.570376
0.570517
0.570678
0.570858
0.571056
0.571272
0.571504
0.571752
0.572015
0.572292
0.572581
0.572882
0.573193
0.573513
0.573841
0.574175
0.574515
0.574859
0.575205
0.575553
0.5759
0.576246
0.576589
0.576927
0.57726
0.577586
0.577904
0.578213
0.57851
0.578796
0.579069
0.579328
0.579572
0.579799
0.580009
0.580202
0.580376
0.58053
0.580665
0.580779
0.580872
0.580944
0.580993
0.581021
0.581027
0.581011
0.580973
0.580913
0.580831
0.580729
0.580605
0.580461
0.580297
0.580114
0.579912
0.579693
0.579456
0.579204
0.578936
0.578655
0.57836
0.578054
0.577738
0.577412
0.577078
0.576737
0.576391
0.576041
0.575689
0.575335
0.574982
0.57463
0.574281
0.573936
0.573597
0.573265
0.572942
0.572628
0.572325
0.572034
0.571756
0.571493
0.571245
0.571014
0.570799
0.570604
0.570427
0.570269
0.570132
0.570016
0.569921
0.569849
0.569798
0.569769
0.569763
0.569779
0.569817
0.569878
0.569961
0.570066
0.570191
0.570338
0.570505
0.570692
0.570897
0.57112
0.571361
0.571618
0.571891
0.572177
0.572477
0.572789
0.573111
0.573443
0.573783
0.574129
0.574481
0.574838
0.575196
0.575556
0.575916
0.576275
0.57663
0.576981
0.577326
0.577663
0.577993
0.578312
0.578621
0.578917
0.579199
0.579468
0.57972
0.579955
0.580173
0.580373
0.580553
0.580713
0.580852
0.58097
0.581067
0.581141
0.581193
0.581222
0.581228
0.581212
0.581172
0.58111
0.581025
0.580919
0.58079
0.580641
0.580471
0.580281
0.580072
0.579844
0.579599
0.579337
0.57906
0.578769
0.578464
0.578147
0.577819
0.577481
0.577136
0.576783
0.576425
0.576062
0.575697
0.575331
0.574965
0.574601
0.574239
0.573882
0.573531
0.573188
0.572853
0.572528
0.572214
0.571913
0.571626
0.571353
0.571097
0.570857
0.570635
0.570433
0.570249
0.570087
0.569945
0.569825
0.569727
0.569651
0.569599
0.569569
0.569563
0.569579
0.569619
0.569682
0.569768
0.569876
0.570007
0.570159
0.570332
0.570525
0.570737
0.570969
0.571218
0.571484
0.571766
0.572063
0.572373
0.572696
0.573029
0.573373
0.573725
0.574083
0.574448
0.574816
0.575188
0.57556
0.575933
0.576304
0.576671
0.577034
0.577391
0.577741
0.578081
0.578412
0.578731
0.579038
0.57933
0.579607
0.579868
0.580112
0.580337
0.580544
0.58073
0.580896
0.58104
0.581162
0.581261
0.581338
0.581391
0.581421
0.581428
0.58141
0.581369
0.581305
0.581218
0.581107
0.580974
0.58082
0.580644
0.580447
0.580231
0.579995
0.579742
0.579471
0.579185
0.578883
0.578568
0.57824
0.5779
0.577551
0.577194
0.576829
0.576458
0.576084
0.575706
0.575327
0.574949
0.574572
0.574198
0.573829
0.573466
0.573111
0.572764
0.572428
0.572104
0.571792
0.571495
0.571213
0.570948
0.5707
0.570471
0.570262
0.570072
0.569904
0.569758
0.569633
0.569532
0.569454
0.5694
0.569369
0.569363
0.56938
0.569422
0.569487
0.569576
0.569688
0.569822
0.569979
0.570158
0.570358
0.570578
0.570817
0.571075
0.57135
0.571642
0.571949
0.572269
0.572603
0.572948
0.573303
0.573666
0.574037
0.574414
0.574795
0.575179
0.575564
0.575949
0.576332
0.576712
0.577088
0.577457
0.577818
0.57817
0.578512
0.578842
0.579158
0.57946
0.579747
0.580017
0.580269
0.580502
0.580715
0.580907
0.581078
0.581227
0.581353
0.581456
0.581535
0.58159
0.581621
0.581628
0.58161
0.581567
0.581501
0.58141
0.581296
0.581159
0.580999
0.580817
0.580614
0.58039
0.580147
0.579885
0.579605
0.579309
0.578997
0.578671
0.578333
0.577982
0.577621
0.577252
0.576875
0.576492
0.576105
0.575715
0.575323
0.574932
0.574543
0.574157
0.573776
0.573401
0.573033
0.572676
0.572329
0.571994
0.571672
0.571365
0.571074
0.5708
0.570544
0.570307
0.570091
0.569895
0.569722
0.56957
0.569442
0.569338
0.569257
0.569201
0.56917
0.569163
0.569181
0.569224
0.569291
0.569383
0.569499
0.569638
0.5698
0.569985
0.570191
0.570419
0.570666
0.570932
0.571216
0.571517
0.571834
0.572166
0.57251
0.572866
0.573233
0.573608
0.573992
0.574381
0.574774
0.57517
0.575568
0.575966
0.576361
0.576754
0.577141
0.577522
0.577895
0.578259
0.578612
0.578952
0.579279
0.579591
0.579887
0.580165
0.580425
0.580666
0.580886
0.581084
0.581261
0.581414
0.581544
0.58165
0.581732
0.581789
0.581821
0.581827
0.581809
0.581765
0.581696
0.581603
0.581485
0.581343
0.581178
0.58099
0.58078
0.58055
0.580298
0.580028
0.579739
0.579433
0.579112
0.578775
0.578425
0.578064
0.577691
0.57731
0.576921
0.576526
0.576126
0.575723
0.575319
0.574916
0.574514
0.574115
0.573722
0.573335
0.572956
0.572587
0.572229
0.571883
0.571551
0.571234
0.570934
0.570651
0.570387
0.570143
0.56992
0.569718
0.569539
0.569383
0.569251
0.569143
0.56906
0.569002
0.56897
0.568963
0.568982
0.569026
0.569095
0.56919
0.56931
0.569453
0.569621
0.569812
0.570025
0.570259
0.570514
0.570789
0.571082
0.571393
0.57172
0.572062
0.572417
0.572785
0.573163
0.57355
0.573946
0.574347
0.574753
0.575162
0.575572
0.575982
0.57639
0.576795
0.577195
0.577588
0.577972
0.578347
0.578711
0.579062
0.579399
0.579721
0.580026
0.580314
0.580582
0.58083
0.581057
0.581261
0.581443
0.581602
0.581736
0.581845
0.581929
0.581988
0.582021
0.582028
0.582008
0.581963
0.581892
0.581796
0.581674
0.581528
0.581357
0.581164
0.580947
0.580709
0.58045
0.580171
0.579873
0.579558
0.579226
0.578879
0.578518
0.578145
0.577761
0.577368
0.576967
0.576559
0.576147
0.575732
0.575315
0.574899
0.574485
0.574074
0.573668
0.573269
0.572879
0.572498
0.572129
0.571772
0.57143
0.571104
0.570794
0.570503
0.570231
0.569979
0.569749
0.569541
0.569356
0.569196
0.569059
0.568948
0.568863
0.568803
0.56877
0.568763
0.568782
0.568828
0.5689
0.568998
0.569121
0.569269
0.569442
0.569638
0.569858
0.5701
0.570363
0.570646
0.570948
0.571269
0.571605
0.571958
0.572324
0.572703
0.573093
0.573492
0.5739
0.574313
0.574732
0.575153
0.575576
0.575999
0.576419
0.576836
0.577248
0.577653
0.57805
0.578436
0.578811
0.579173
0.57952
0.579852
0.580166
0.580462
0.580738
0.580994
0.581228
0.581439
0.581626
0.581789
0.581927
0.58204
0.582126
0.582187
0.582221
0.582227
0.582208
0.582161
0.582088
0.581988
0.581863
0.581712
0.581537
0.581337
0.581114
0.580869
0.580601
0.580314
0.580007
0.579682
0.57934
0.578983
0.578611
0.578227
0.577831
0.577426
0.577013
0.576593
0.576168
0.575741
0.575311
0.574883
0.574456
0.574033
0.573615
0.573204
0.572801
0.572409
0.572029
0.571662
0.571309
0.570973
0.570654
0.570354
0.570074
0.569815
0.569578
0.569364
0.569174
0.569008
0.568868
0.568754
0.568666
0.568604
0.56857
0.568563
0.568583
0.56863
0.568704
0.568805
0.568932
0.569085
0.569262
0.569465
0.569691
0.56994
0.570211
0.570503
0.570814
0.571144
0.571491
0.571854
0.572231
0.572621
0.573023
0.573434
0.573854
0.57428
0.574711
0.575145
0.57558
0.576015
0.576448
0.576878
0.577302
0.577719
0.578127
0.578525
0.578911
0.579283
0.579641
0.579982
0.580306
0.580611
0.580895
0.581158
0.581398
0.581616
0.581809
0.581976
0.582119
0.582234
0.582324
0.582386
0.58242
0.582427
0.582407
0.582359
0.582283
0.582181
0.582052
0.581897
0.581716
0.58151
