0.583284
0.583281
0.58328
0.583279
0.583279
0.583279
0.58328
0.58328
0.58328
0.583281
0.583281
0.583282
0.583282
0.583282
0.583282
0.583282
0.583283
0.583282
0.583282
0.58328
0.583279
0.583278
0.583276
0.583274
0.583271
0.583269
0.583266
0.583263
0.58326
0.583257
0.583254
0.583251
0.583247
0.583244
0.583241
0.583237
0.583234
0.583231
0.583228
0.583225
0.583222
0.583219
0.583216
0.583213
0.583211
0.583208
0.583206
0.583203
0.583201
0.5832
0.583198
0.583197
0.583196
0.583195
0.583195
0.583195
0.583195
0.583195
0.583196
0.583197
0.583198
0.5832
0.583202
0.583204
0.583206
0.583209
0.583212
0.583216
0.583219
0.583223
0.583228
0.583233
0.583238
0.583244
0.58325
0.583256
0.583262
0.583269
0.583275
0.583282
0.583289
0.583296
0.583304
0.583311
0.583319
0.583326
0.583334
0.583342
0.583349
0.583357
0.583365
0.583372
0.58338
0.583387
0.583394
0.583401
0.583408
0.583415
0.583421
0.583427
0.583432
0.583438
0.583443
0.583447
0.583452
0.583455
0.583459
0.583462
0.583464
0.583466
0.583467
0.583468
0.583468
0.583468
0.583467
0.583466
0.583464
0.583462
0.583459
0.583455
0.583451
0.583446
0.583441
0.583435
0.583429
0.583423
0.583415
0.583408
0.583399
0.58339
0.583381
0.583372
0.583362
0.583351
0.58334
0.583329
0.583318
0.583306
0.583294
0.583282
0.58327
0.583257
0.583244
0.583232
0.583219
0.583206
0.583193
0.583181
0.583169
0.583156
0.583144
0.583133
0.583121
0.58311
0.583099
0.583089
0.583079
0.583069
0.58306
0.583051
0.583043
0.583035
0.583029
0.583022
0.583017
0.583012
0.583008
0.583005
0.583002
0.583
0.582999
0.582998
0.582999
0.583
0.583002
0.583004
0.583008
0.583013
0.583018
0.583024
0.583031
0.583039
0.583047
0.583056
0.583066
0.583077
0.583088
0.5831
0.583113
0.583126
0.58314
0.583154
0.583169
0.583184
0.583199
0.583215
0.583232
0.583249
0.583266
0.583283
0.583301
0.583318
0.583336
0.583354
0.583371
0.583389
0.583407
0.583424
0.583441
0.583457
0.583474
0.58349
0.583506
0.583521
0.583535
0.58355
0.583563
0.583576
0.583588
0.5836
0.58361
0.58362
0.583629
0.583637
0.583645
0.583651
0.583656
0.58366
0.583663
0.583666
0.583667
0.583667
0.583666
0.583664
0.583661
0.583656
0.583651
0.583644
0.583637
0.583629
0.583619
0.583609
0.583597
0.583584
0.583571
0.583557
0.583541
0.583525
0.583508
0.58349
0.583472
0.583453
0.583433
0.583413
0.583392
0.583371
0.583349
0.583327
0.583304
0.583282
0.583259
0.583236
0.583213
0.58319
0.583167
0.583145
0.583122
0.5831
0.583079
0.583057
0.583036
0.583015
0.582995
0.582976
0.582957
0.582939
0.582922
0.582906
0.582892
0.582878
0.582865
0.582853
0.582842
0.582833
0.582824
0.582817
0.582811
0.582806
0.582803
0.582801
0.5828
0.5828
0.582802
0.582805
0.582809
0.582815
0.582821
0.58283
0.582839
0.58285
0.582862
0.582876
0.58289
0.582906
0.582923
0.582942
0.582961
0.582981
0.583003
0.583025
0.583048
0.583072
0.583097
0.583122
0.583148
0.583174
0.583201
0.583228
0.583256
0.583284
0.583312
0.58334
0.583368
0.583396
0.583424
0.583451
0.583479
0.583506
0.583532
0.583558
0.583583
0.583608
0.583632
0.583655
0.583678
0.583699
0.58372
0.583739
0.583757
0.583774
0.583789
0.583803
0.583816
0.583828
0.583838
0.583847
0.583854
0.58386
0.583864
0.583866
0.583867
0.583866
0.583864
0.583859
0.583854
0.583846
0.583837
0.583827
0.583814
0.5838
0.583785
0.583768
0.58375
0.583731
0.58371
0.583688
0.583665
0.583641
0.583615
0.583588
0.583561
0.583532
0.583503
0.583473
0.583442
0.583411
0.583379
0.583347
0.583314
0.583281
0.583247
0.583214
0.583181
0.583148
0.583115
0.583082
0.58305
0.583018
0.582987
0.582956
0.582926
0.582897
0.582869
0.582842
0.582816
0.582791
0.582767
0.582745
0.582724
0.582705
0.582686
0.58267
0.582655
0.582642
0.58263
0.582621
0.582613
0.582607
0.582602
0.5826
0.582599
0.582599
0.582602
0.582607
0.582614
0.582623
0.582634
0.582646
0.582661
0.582677
0.582695
0.582715
0.582736
0.582759
0.582784
0.58281
0.582837
0.582866
0.582895
0.582927
0.582959
0.582991
0.583025
0.58306
0.583095
0.583132
0.583169
0.583206
0.583244
0.583282
0.58332
0.583359
0.583398
0.583436
0.583474
0.583512
0.58355
0.583587
0.583623
0.583658
0.583693
0.583726
0.583759
0.58379
0.58382
0.583848
0.583875
0.583901
0.583925
0.583947
0.583967
0.583986
0.584003
0.584018
0.584031
0.584042
0.584051
0.584058
0.584062
0.584065
0.584065
0.584064
0.58406
0.584054
0.584046
0.584036
0.584024
0.58401
0.583993
0.583975
0.583954
0.583931
0.583907
0.583881
0.583853
0.583824
0.583793
0.58376
0.583725
0.58369
0.583652
0.583614
0.583574
0.583534
0.583492
0.58345
0.583408
0.583365
0.583321
0.583278
0.583234
0.58319
0.583146
0.583103
0.583059
0.583017
0.582975
0.582933
0.582893
0.582854
0.582815
0.582778
0.582741
0.582706
0.582673
0.582641
0.58261
0.582582
0.582555
0.58253
0.582507
0.582487
0.582468
0.582451
0.582436
0.582424
0.582414
0.582406
0.582401
0.582399
0.582398
0.5824
0.582405
0.582412
0.582421
0.582433
0.582447
0.582463
0.582482
0.582503
0.582526
0.582552
0.582579
0.582609
0.58264
0.582674
0.582709
0.582746
0.582785
0.582825
0.582866
0.582909
0.582953
0.582998
0.583044
0.58309
0.583138
0.583186
0.583234
0.583283
0.583332
0.583381
0.58343
0.583479
0.583527
0.583575
0.583622
0.583669
0.583714
0.583759
0.583802
0.583844
0.583885
0.583924
0.583961
0.583997
0.58403
0.584062
0.584092
0.58412
0.584146
0.584169
0.58419
0.584209
0.584225
0.584238
0.584248
0.584256
0.584261
0.584263
0.584263
0.584261
0.584256
0.584248
0.584238
0.584225
0.584209
0.58419
0.58417
0.584146
0.58412
0.584092
0.584062
0.584029
0.583994
0.583956
0.583917
0.583876
0.583833
0.583788
0.583742
0.583694
0.583645
0.583595
0.583544
0.583492
0.583439
0.583386
0.583332
0.583278
0.583224
0.58317
0.583116
0.583062
0.583009
0.582956
0.582905
0.582853
0.582803
0.582754
0.582707
0.582661
0.582616
0.582573
0.582532
0.582493
0.582455
0.58242
0.582388
0.582357
0.582329
0.582304
0.582281
0.58226
0.582243
0.582228
0.582217
0.582208
0.582202
0.582199
0.582198
0.582201
0.582208
0.582217
0.582228
0.582243
0.582261
0.582281
0.582305
0.58233
0.582359
0.58239
0.582424
0.58246
0.582499
0.58254
0.582583
0.582628
0.582675
0.582724
0.582775
0.582827
0.582881
0.582936
0.582992
0.583049
0.583107
0.583165
0.583224
0.583284
0.583343
0.583403
0.583462
0.583521
0.58358
0.583638
0.583695
0.583751
0.583806
0.583859
0.583912
0.583962
0.584011
0.584058
0.584103
0.584146
0.584187
0.584225
0.584261
0.584294
0.584324
0.584352
0.584376
0.584398
0.584417
0.584433
0.584446
0.584455
0.584462
0.584465
0.584465
0.584462
0.584455
0.584445
0.584432
0.584415
0.584395
0.584373
0.584347
0.584319
0.584288
0.584253
0.584216
0.584177
0.584135
0.58409
0.584043
0.583994
0.583942
0.583888
0.583833
0.583776
0.583717
0.583657
0.583595
0.583533
0.583469
0.583405
0.583341
0.583276
0.583212
0.583147
0.583083
0.583019
0.582956
0.582893
0.582831
0.58277
0.582711
0.582653
0.582596
0.582542
0.582489
0.582439
0.58239
0.582344
0.5823
0.582259
0.58222
0.582184
0.582151
0.582121
0.582094
0.582071
0.58205
0.582033
0.582019
0.582009
0.582002
0.581998
0.581998
0.582002
0.582009
0.58202
0.582035
0.582052
0.582073
0.582098
0.582126
0.582156
0.582191
0.582228
0.582268
0.582312
0.582358
0.582406
0.582457
0.582511
0.582567
0.582625
0.582685
0.582747
0.58281
0.582875
0.582941
0.583008
0.583076
0.583145
0.583215
0.583285
0.583355
0.583425
0.583494
0.583564
0.583632
0.5837
0.583767
0.583833
0.583897
0.58396
0.584021
0.58408
0.584137
0.584192
0.584245
0.584295
0.584342
0.584387
0.584429
0.584467
0.584503
0.584535
0.584564
0.584589
0.584611
0.584629
0.584644
0.584655
0.584662
0.584665
0.584665
0.584661
0.584652
0.584641
0.584625
0.584606
0.584583
0.584557
0.584527
0.584493
0.584456
0.584416
0.584373
0.584326
0.584277
0.584224
0.584169
0.584111
0.584051
0.583989
0.583924
0.583858
0.583789
0.58372
0.583649
0.583576
0.583503
0.583428
0.583353
0.583277
0.583202
0.583127
0.583052
0.582977
0.582904
0.582831
0.58276
0.58269
0.582621
0.582554
0.582489
0.582425
0.582364
0.582305
0.582249
0.582195
0.582144
0.582096
0.582051
0.58201
0.581972
0.581937
0.581907
0.581879
0.581856
0.581837
0.581821
0.581809
0.581802
0.581798
0.581799
0.581803
0.581812
0.581825
0.581842
0.581863
0.581887
0.581916
0.581948
0.581984
0.582023
0.582067
0.582113
0.582163
0.582216
0.582272
0.582331
0.582393
0.582458
0.582525
0.582594
0.582665
0.582739
0.582813
0.58289
0.582967
0.583046
0.583125
0.583205
0.583285
0.583366
0.583446
0.583526
0.583606
0.583685
0.583763
0.583839
0.583915
0.583988
0.58406
0.58413
0.584198
0.584264
0.584326
0.584387
0.584444
0.584498
0.584549
0.584596
0.58464
0.58468
0.584717
0.58475
0.584779
0.584804
0.584824
0.584841
0.584853
0.584861
0.584864
0.584864
0.584859
0.58485
0.584836
0.584818
0.584796
0.58477
0.58474
0.584705
0.584666
0.584624
0.584578
0.584528
0.584475
0.584418
0.584358
0.584295
0.584229
0.58416
0.584088
0.584015
0.583938
0.58386
0.58378
0.583699
0.583616
0.583532
0.583448
0.583363
0.583277
0.583192
0.583106
0.583021
0.582936
0.582852
0.582769
0.582687
0.582607
0.582529
0.582452
0.582378
0.582306
0.582236
0.582169
0.582105
0.582045
0.581987
0.581933
0.581883
0.581836
0.581793
0.581754
0.58172
0.581689
0.581663
0.581641
0.581624
0.581611
0.581603
0.581599
0.581599
0.581605
0.581615
0.581629
0.581648
0.581672
0.5817
0.581732
0.581769
0.58181
0.581855
0.581905
0.581958
0.582015
0.582075
0.582139
0.582206
0.582276
0.582349
0.582425
0.582503
0.582584
0.582667
0.582751
0.582837
0.582925
0.583014
0.583103
0.583193
0.583284
0.583375
0.583466
0.583557
0.583647
0.583736
0.583824
0.583911
0.583996
0.58408
0.584161
0.58424
0.584316
0.58439
0.584461
0.584529
0.584593
0.584654
0.584711
0.584765
0.584814
0.584859
0.5849
0.584937
0.58497
0.584997
0.58502
0.585039
0.585052
0.585061
0.585064
0.585063
0.585057
0.585046
0.585031
0.58501
0.584985
0.584955
0.584921
0.584882
0.584839
0.584791
0.584738
0.584682
0.584621
0.584557
0.584489
0.584418
0.584344
0.584267
0.584187
0.584104
0.584019
0.583932
0.583842
0.583751
0.583659
0.583565
0.58347
0.583374
0.583278
0.583182
0.583086
0.58299
0.582894
0.5828
0.582707
0.582615
0.582526
0.582438
0.582352
0.582268
0.582187
0.582109
0.582035
0.581963
0.581895
0.581831
0.581771
0.581715
0.581663
0.581615
0.581572
0.581533
0.581499
0.58147
0.581445
0.581426
0.581412
0.581402
0.581398
0.581399
0.581406
0.581417
0.581433
0.581455
0.581482
0.581513
0.58155
0.581591
0.581637
0.581688
0.581743
0.581803
0.581866
0.581934
0.582006
0.58208
0.582159
0.582241
0.582325
0.582413
0.582503
0.582595
0.58269
0.582786
0.582884
0.582983
0.583083
0.583184
0.583285
0.583387
0.583488
0.583589
0.583689
0.583789
0.583887
0.583984
0.584078
0.584171
0.584262
0.584349
0.584434
0.584516
0.584595
0.58467
0.584742
0.584809
0.584873
0.584933
0.584988
0.585038
0.585084
0.585124
0.58516
0.585191
0.585216
0.585236
0.585251
0.585261
0.585265
0.585264
0.585257
0.585245
0.585228
0.585204
0.585176
0.585142
0.585104
0.58506
0.585011
0.584958
0.5849
0.584837
0.58477
0.584699
0.584624
0.584545
0.584462
0.584376
0.584287
0.584195
0.5841
0.584003
0.583904
0.583803
0.5837
0.583596
0.583491
0.583384
0.583278
0.583171
0.583064
0.582958
0.582853
0.582748
0.582646
0.582544
0.582445
0.582347
0.582252
0.58216
0.58207
0.581984
0.581901
0.581821
0.581746
0.581675
0.581608
0.581546
0.581488
0.581436
0.581388
0.581345
0.581308
0.581276
0.581249
0.581228
0.581213
0.581203
0.581199
0.5812
0.581207
0.58122
0.581238
0.581262
0.581292
0.581327
0.581367
0.581413
0.581464
0.58152
0.581581
0.581647
0.581717
0.581792
0.581871
0.581954
0.582041
0.582132
0.582226
0.582323
0.582422
0.582524
0.582628
0.582735
0.582843
0.582953
0.583063
0.583175
0.583286
0.583398
0.58351
0.583621
0.583732
0.583841
0.583949
0.584056
0.58416
0.584262
0.584362
0.584458
0.584552
0.584642
0.584729
0.584812
0.58489
0.584965
0.585035
0.5851
0.58516
0.585216
0.585266
0.58531
0.585349
0.585383
0.585411
0.585434
0.58545
0.585461
0.585465
0.585464
0.585456
0.585443
0.585423
0.585398
0.585367
0.58533
0.585287
0.585239
0.585186
0.585127
0.585063
0.584993
0.584919
0.584841
0.584758
0.584671
0.58458
0.584485
0.584387
0.584285
0.584181
0.584074
0.583964
0.583853
0.58374
0.583625
0.58351
0.583393
0.583277
0.58316
0.583043
0.582927
0.582811
0.582696
0.582583
0.582472
0.582363
0.582256
0.582151
0.58205
0.581952
0.581857
0.581766
0.58168
0.581597
0.581519
0.581446
0.581378
0.581315
0.581257
0.581205
0.581158
0.581118
0.581083
0.581054
0.581031
0.581014
0.581003
0.580998
0.581
0.581008
0.581022
0.581042
0.581069
0.581101
0.58114
0.581184
0.581235
0.581291
0.581353
0.58142
0.581492
0.581569
0.581651
0.581737
0.581828
0.581923
0.582022
0.582125
0.582231
0.58234
0.582453
0.582567
0.582683
0.582802
0.582921
0.583042
0.583164
0.583286
0.583409
0.583531
0.583653
0.583774
0.583893
0.584011
0.584127
0.584241
0.584353
0.584462
0.584567
0.58467
0.584768
0.584863
0.584953
0.585039
0.58512
0.585196
0.585267
0.585333
0.585394
0.585448
0.585497
0.58554
0.585577
0.585607
0.585631
0.585649
0.58566
0.585665
0.585663
0.585655
0.58564
0.585619
0.585591
0.585557
0.585517
0.58547
0.585417
0.585359
0.585294
0.585224
0.585149
0.585068
0.584982
0.584892
0.584796
0.584697
0.584593
0.584486
0.584375
0.584261
0.584144
0.584025
0.583903
0.58378
0.583655
0.583529
0.583402
0.583275
0.583148
0.58302
0.582894
0.582768
0.582643
0.58252
0.582399
0.58228
0.582164
0.58205
0.58194
0.581834
0.581731
0.581632
0.581538
0.581448
0.581363
0.581284
0.58121
0.581142
0.581079
0.581022
0.580972
0.580928
0.58089
0.580858
0.580833
0.580815
0.580803
0.580798
0.5808
0.580809
0.580824
0.580846
0.580875
0.580911
0.580953
0.581002
0.581057
0.581118
0.581185
0.581258
0.581337
0.581421
0.58151
0.581604
0.581703
0.581806
0.581913
0.582025
0.58214
0.582259
0.58238
0.582504
0.58263
0.582758
0.582888
0.58302
0.583152
0.583285
0.583418
0.583551
0.583683
0.583815
0.583944
0.584073
0.584199
0.584323
0.584444
0.584562
0.584676
0.584787
0.584894
0.584997
0.585095
0.585188
0.585276
0.585359
0.585436
0.585507
0.585572
0.585631
0.585684
0.58573
0.58577
0.585803
0.585829
0.585848
0.58586
0.585865
0.585863
0.585854
0.585838
0.585814
0.585784
0.585747
0.585703
0.585652
0.585595
0.585531
0.585461
0.585385
0.585303
0.585216
0.585123
0.585025
0.584922
0.584814
0.584702
0.584586
0.584466
0.584342
0.584216
0.584087
0.583955
0.583822
0.583687
0.58355
0.583413
0.583275
0.583137
0.582999
0.582862
0.582726
0.582591
0.582458
0.582327
0.582199
0.582073
0.58195
0.581831
0.581716
0.581605
0.581499
0.581397
0.5813
0.581208
0.581122
0.581042
0.580968
0.5809
0.580839
0.580784
0.580737
0.580695
0.580661
0.580634
0.580615
0.580602
0.580597
0.580599
0.580609
0.580626
0.58065
0.580682
0.58072
0.580766
0.580819
0.580878
0.580944
0.581017
0.581096
0.581181
0.581271
0.581368
0.58147
0.581577
0.581688
0.581805
0.581925
0.58205
0.582178
0.582309
0.582443
0.58258
0.582718
0.582859
0.583001
0.583144
0.583287
0.58343
0.583573
0.583716
0.583857
0.583997
0.584135
0.584271
0.584404
0.584534
0.584661
0.584785
0.584905
0.58502
0.585131
0.585236
0.585337
0.585432
0.585521
0.585604
0.585681
0.585751
0.585815
0.585871
0.585921
0.585964
0.585999
0.586027
0.586047
0.58606
0.586065
0.586063
0.586053
0.586035
0.58601
0.585977
0.585937
0.585889
0.585835
0.585773
0.585704
0.585628
0.585546
0.585458
0.585363
0.585263
0.585157
0.585046
0.58493
0.584809
0.584684
0.584555
0.584423
0.584287
0.584148
0.584006
0.583863
0.583717
0.58357
0.583422
0.583274
0.583126
0.582978
0.58283
0.582684
0.582539
0.582396
0.582256
0.582117
0.581982
0.58185
0.581722
0.581599
0.581479
0.581364
0.581255
0.581151
0.581052
0.58096
0.580874
0.580794
0.580722
0.580656
0.580597
0.580546
0.580502
0.580466
0.580437
0.580416
0.580403
0.580398
0.5804
0.580411
0.580429
0.580455
0.580489
0.580531
0.58058
0.580636
0.5807
0.580771
0.580849
0.580934
0.581026
0.581123
0.581227
0.581337
0.581451
0.581571
0.581696
0.581825
0.581959
0.582096
0.582237
0.58238
0.582527
0.582676
0.582827
0.58298
0.583133
0.583286
0.58344
0.583594
0.583747
0.583899
0.584049
0.584197
0.584343
0.584486
0.584626
0.584762
0.584895
0.585023
0.585146
0.585265
0.585378
0.585485
0.585587
0.585683
0.585772
0.585854
0.585929
0.585997
0.586058
0.586111
0.586157
0.586194
0.586224
0.586246
0.586259
0.586265
0.586262
0.586251
0.586232
0.586205
0.58617
0.586127
0.586076
0.586017
0.585951
0.585877
0.585796
0.585708
0.585613
0.585512
0.585404
0.585291
0.585172
0.585048
0.584918
0.584784
0.584646
0.584503
0.584358
0.584209
0.584058
0.583904
0.583748
0.583591
0.583433
0.583275
0.583116
0.582957
0.582799
0.582643
0.582488
0.582334
0.582184
0.582035
0.581891
0.58175
0.581613
0.58148
0.581353
0.58123
0.581113
0.581002
0.580896
0.580798
0.580706
0.580621
0.580543
0.580473
0.58041
0.580355
0.580309
0.58027
0.580239
0.580217
0.580203
0.580197
0.5802
0.580212
0.580231
0.580259
0.580296
0.58034
0.580393
0.580454
0.580522
0.580599
0.580682
0.580773
0.580871
0.580975
0.581086
0.581203
0.581326
0.581454
0.581587
0.581725
0.581868
0.582015
0.582165
0.582319
0.582475
0.582634
0.582796
0.582958
0.583122
0.583286
0.583451
0.583615
0.583778
0.58394
0.584101
0.584259
0.584415
0.584567
0.584717
0.584862
0.585003
0.58514
0.585272
0.585398
0.585519
0.585634
0.585742
0.585844
0.585939
0.586027
0.586107
0.58618
0.586244
0.586301
0.58635
0.58639
0.586421
0.586444
0.586459
0.586465
0.586462
0.58645
0.58643
0.586401
0.586363
0.586317
0.586262
0.5862
0.586129
0.58605
0.585964
0.58587
0.585769
0.585661
0.585546
0.585425
0.585298
0.585166
0.585028
0.584885
0.584737
0.584586
0.58443
0.584272
0.58411
0.583946
0.58378
0.583612
0.583444
0.583274
0.583105
0.582936
0.582768
0.582601
0.582435
0.582272
0.582112
0.581954
0.5818
0.58165
0.581504
0.581363
0.581227
0.581096
0.580971
0.580853
0.580741
0.580636
0.580538
0.580447
0.580364
0.58029
0.580223
0.580165
0.580115
0.580074
0.580042
0.580018
0.580004
0.579998
0.580001
0.580014
0.580035
0.580065
0.580104
0.580151
0.580208
0.580272
0.580345
0.580426
0.580515
0.580612
0.580715
0.580827
0.580945
0.581069
0.5812
0.581336
0.581478
0.581626
0.581778
0.581934
0.582094
0.582258
0.582424
0.582593
0.582765
0.582938
0.583112
0.583287
0.583462
0.583636
0.58381
0.583982
0.584152
0.584321
0.584486
0.584648
0.584807
0.584962
0.585112
0.585258
0.585398
0.585532
0.585661
0.585783
0.585898
0.586006
0.586107
0.5862
0.586285
0.586362
0.586431
0.586491
0.586543
0.586585
0.586619
0.586643
0.586658
0.586664
0.586661
0.586648
0.586627
0.586596
0.586556
0.586506
0.586448
0.586381
0.586306
0.586222
0.58613
0.58603
0.585923
0.585808
0.585686
0.585558
0.585423
0.585282
0.585136
0.584984
0.584827
0.584665
0.5845
0.584332
0.58416
0.583986
0.58381
0.583632
0.583453
0.583273
0.583094
0.582914
0.582736
0.582558
0.582383
0.58221
0.58204
0.581873
0.58171
0.58155
0.581395
0.581246
0.581101
0.580963
0.58083
0.580704
0.580586
0.580474
0.58037
0.580274
0.580186
0.580107
0.580036
0.579974
0.579922
0.579878
0.579844
0.579819
0.579803
0.579797
0.579801
0.579814
0.579836
0.579869
0.57991
0.579961
0.580021
0.580089
0.580167
0.580253
0.580347
0.58045
0.58056
0.580678
0.580803
0.580935
0.581074
0.581219
0.58137
0.581526
0.581687
0.581853
0.582022
0.582196
0.582373
0.582552
0.582734
0.582918
0.583102
0.583287
0.583473
0.583658
0.583842
0.584024
0.584205
0.584383
0.584558
0.58473
0.584898
0.585062
0.585221
0.585375
0.585523
0.585666
0.585802
0.585931
0.586053
0.586167
0.586274
0.586373
0.586463
0.586545
0.586617
0.586681
0.586736
0.586781
0.586816
0.586842
0.586858
0.586864
0.58686
0.586847
0.586824
0.586791
0.586748
0.586696
0.586635
0.586564
0.586484
0.586395
0.586298
0.586192
0.586079
0.585957
0.585828
0.585692
0.585549
0.5854
0.585245
0.585084
0.584918
0.584747
0.584572
0.584394
0.584212
0.584027
0.583841
0.583652
0.583463
0.583273
0.583082
0.582893
0.582704
0.582516
0.582331
0.582147
0.581967
0.58179
0.581618
0.581449
0.581286
0.581127
0.580975
0.580828
0.580689
0.580556
0.58043
0.580312
0.580202
0.580101
0.580008
0.579924
0.57985
0.579784
0.579728
0.579682
0.579646
0.57962
0.579604
0.579597
0.579601
0.579615
0.579639
0.579674
0.579717
0.579771
0.579834
0.579907
0.579989
0.58008
0.58018
0.580288
0.580405
0.58053
0.580662
0.580802
0.580949
0.581102
0.581261
0.581426
0.581597
0.581772
0.581951
0.582135
0.582322
0.582512
0.582703
0.582897
0.583092
0.583287
0.583483
0.583678
0.583872
0.584065
0.584255
0.584443
0.584628
0.58481
0.584987
0.58516
0.585328
0.585491
0.585648
0.585798
0.585942
0.586079
0.586208
0.586329
0.586441
0.586546
0.586641
0.586727
0.586804
0.586871
0.586929
0.586976
0.587014
0.587041
0.587058
0.587065
0.587061
0.587047
0.587022
0.586987
0.586942
0.586887
0.586822
0.586747
0.586662
0.586569
0.586466
0.586354
0.586234
0.586106
0.58597
0.585826
0.585675
0.585517
0.585353
0.585183
0.585008
0.584828
0.584643
0.584455
0.584263
0.584068
0.583871
0.583672
0.583472
0.583272
0.583071
0.582871
0.582672
0.582475
0.582279
0.582086
0.581896
0.581709
0.581527
0.581349
0.581176
0.581009
0.580848
0.580694
0.580547
0.580407
0.580275
0.580151
0.580035
0.579929
0.579831
0.579743
0.579664
0.579595
0.579536
0.579487
0.579449
0.579421
0.579404
0.579398
0.579402
0.579417
0.579442
0.579479
0.579525
0.579582
0.579649
0.579726
0.579812
0.579908
0.580014
0.580128
0.580251
0.580382
0.580521
0.580668
0.580823
0.580984
0.581152
0.581326
0.581505
0.58169
0.581879
0.582072
0.582269
0.582469
0.582672
0.582876
0.583081
0.583287
0.583493
0.583699
0.583903
0.584106
0.584307
0.584505
0.5847
0.584892
0.585078
0.585261
0.585438
0.585609
0.585774
0.585932
0.586084
0.586227
0.586363
0.586491
0.586609
0.586719
0.58682
0.58691
0.586991
0.587062
0.587122
0.587172
0.587211
0.58724
0.587257
0.587264
0.58726
0.587245
0.587219
0.587182
0.587135
0.587076
0.587008
0.586929
0.58684
0.586741
0.586633
0.586515
0.586389
0.586254
0.58611
0.585959
0.5858
0.585634
0.585462
0.585283
0.585099
0.584909
0.584715
0.584517
0.584315
0.58411
0.583903
0.583694
0.583484
0.583273
0.583061
0.58285
0.582641
0.582432
0.582227
0.582023
0.581823
0.581627
0.581436
0.581249
0.581068
0.580892
0.580722
0.58056
0.580405
0.580257
0.580118
0.579988
0.579866
0.579754
0.579651
0.579558
0.579476
0.579403
0.579342
0.579291
0.579251
0.579222
0.579204
0.579198
0.579202
0.579218
0.579244
0.579282
0.579331
0.579391
0.579461
0.579541
0.579632
0.579734
0.579845
0.579965
0.580095
0.580233
0.58038
0.580534
0.580697
0.580867
0.581043
0.581226
0.581415
0.581609
0.581808
0.582011
0.582218
0.582428
0.58264
0.582855
0.58307
0.583287
0.583503
0.583719
0.583934
0.584148
0.584359
0.584567
0.584772
0.584973
0.58517
0.585361
0.585547
0.585727
0.5859
0.586066
0.586225
0.586375
0.586518
0.586652
0.586777
0.586892
0.586997
0.587092
0.587177
0.587251
0.587315
0.587367
0.587408
0.587438
0.587457
0.587464
0.58746
0.587444
0.587416
0.587378
0.587328
0.587266
0.587194
0.587111
0.587018
0.586914
0.5868
0.586677
0.586544
0.586402
0.586251
0.586092
0.585925
0.585751
0.58557
0.585383
0.585189
0.58499
0.584786
0.584578
0.584366
0.584151
0.583934
0.583714
0.583493
0.583272
0.58305
0.582829
0.582609
0.58239
0.582174
0.581961
0.581751
0.581545
0.581344
0.581148
0.580958
0.580774
0.580596
0.580426
0.580263
0.580109
0.579963
0.579826
0.579698
0.57958
0.579473
0.579375
0.579289
0.579213
0.579148
0.579095
0.579053
0.579023
0.579004
0.578997
0.579002
0.579018
0.579046
0.579086
0.579137
0.5792
0.579274
0.579359
0.579454
0.579561
0.579677
0.579803
0.579939
0.580084
0.580238
0.580401
0.580571
0.580749
0.580935
0.581126
0.581324
0.581527
0.581736
0.581949
0.582165
0.582385
0.582608
0.582832
0.583059
0.583285
0.583512
0.583739
0.583964
0.584188
0.584409
0.584628
0.584842
0.585053
0.585259
0.58546
0.585655
0.585843
0.586025
0.586199
0.586366
0.586524
0.586673
0.586814
0.586944
0.587065
0.587175
0.587275
0.587364
0.587442
0.587508
0.587563
0.587606
0.587637
0.587656
0.587664
0.587659
0.587642
0.587614
0.587573
0.58752
0.587456
0.587381
0.587294
0.587196
0.587087
0.586968
0.586838
0.586699
0.58655
0.586392
0.586226
0.586051
0.585869
0.585679
0.585482
0.585279
0.585071
0.584858
0.58464
0.584418
0.584192
0.583965
0.583735
0.583503
0.583271
0.583039
0.582808
0.582577
0.582349
0.582122
0.581899
0.58168
0.581464
0.581254
0.581049
0.580849
0.580657
0.580471
0.580292
0.580122
0.57996
0.579807
0.579664
0.579531
0.579407
0.579295
0.579193
0.579102
0.579023
0.578955
0.5789
0.578856
0.578824
0.578805
0.578798
0.578803
0.57882
0.57885
0.578892
0.578945
0.579011
0.579088
0.579177
0.579277
0.579388
0.57951
0.579642
0.579784
0.579936
0.580096
0.580266
0.580445
0.580631
0.580825
0.581026
0.581233
0.581446
0.581664
0.581887
0.582114
0.582344
0.582577
0.582813
0.583049
0.583286
0.583524
0.583761
0.583997
0.584231
0.584463
0.584691
0.584915
0.585135
0.58535
0.58556
0.585763
0.58596
0.58615
0.586332
0.586506
0.586672
0.586828
0.586975
0.587111
0.587238
0.587353
0.587457
0.58755
0.587631
0.587701
0.587758
0.587803
0.587836
0.587856
0.587863
0.587858
0.587841
0.587811
0.587768
0.587713
0.587646
0.587567
0.587476
0.587373
0.587259
0.587135
0.586999
0.586854
0.586698
0.586533
0.586359
0.586176
0.585985
0.585787
0.585581
0.585369
0.585151
0.584928
0.5847
0.584469
0.584233
0.583995
0.583755
0.583513
0.583271
0.583028
0.582786
0.582546
0.582307
0.58207
0.581837
0.581607
0.581382
0.581162
0.580948
0.58074
0.580538
0.580344
0.580158
0.57998
0.579811
0.579651
0.579502
0.579362
0.579234
0.579116
0.57901
0.578915
0.578832
0.578762
0.578704
0.578658
0.578625
0.578605
0.578598
0.578603
0.578621
0.578652
0.578696
0.578752
0.578821
0.578902
0.578994
0.579099
0.579215
0.579342
0.57948
0.579629
0.579787
0.579956
0.580133
0.580319
0.580514
0.580716
0.580926
0.581142
0.581364
0.581592
0.581824
0.582061
0.582302
0.582545
0.582791
0.583038
0.583286
0.583534
0.583782
0.584028
0.584272
0.584514
0.584752
0.584987
0.585217
0.585441
0.58566
0.585873
0.586079
0.586277
0.586467
0.586649
0.586821
0.586984
0.587137
0.587279
0.587411
0.587531
0.58764
0.587737
0.587821
0.587894
0.587953
0.588
0.588034
0.588055
0.588063
0.588058
0.588039
0.588008
0.587963
0.587906
0.587836
0.587753
0.587658
0.587551
0.587433
0.587302
0.587161
0.587009
0.586847
0.586674
0.586493
0.586302
0.586103
0.585896
0.585682
0.58546
0.585233
0.585
0.584763
0.584521
0.584275
0.584027
0.583777
0.583524
0.583271
0.583018
0.582766
0.582514
0.582265
0.582018
0.581775
0.581535
0.5813
0.581071
0.580847
0.58063
0.58042
0.580218
0.580024
0.579838
0.579662
0.579496
0.57934
0.579195
0.579061
0.578938
0.578827
0.578729
0.578643
0.578569
0.578508
0.578461
0.578427
0.578406
0.578398
0.578404
0.578423
0.578455
0.578501
0.57856
0.578631
0.578716
0.578812
0.578921
0.579042
0.579175
0.579319
0.579473
0.579639
0.579814
0.579999
0.580193
0.580396
0.580607
0.580826
0.581051
0.581283
0.581521
0.581764
0.582011
0.582262
0.582516
0.582772
0.583029
0.583288
0.583546
0.583804
0.58406
0.584315
0.584567
0.584815
0.58506
0.585299
0.585533
0.585761
0.585982
0.586196
0.586403
0.586601
0.58679
0.58697
0.587139
0.587299
0.587447
0.587584
0.587709
0.587823
0.587923
0.588011
0.588087
0.588149
0.588198
0.588233
0.588255
0.588263
0.588257
0.588238
0.588205
0.588158
0.588099
0.588026
0.58794
0.587841
0.587729
0.587605
0.58747
0.587322
0.587164
0.586995
0.586815
0.586626
0.586427
0.58622
0.586005
0.585781
0.585551
0.585314
0.585072
0.584824
0.584572
0.584317
0.584058
0.583797
0.583535
0.583272
0.583008
0.582745
0.582483
0.582223
0.581966
0.581712
0.581463
0.581219
0.58098
0.580747
0.580521
0.580303
0.580092
0.57989
0.579697
0.579514
0.57934
0.579178
0.579027
0.578887
0.57876
0.578645
0.578542
0.578453
0.578376
0.578314
0.578264
0.578229
0.578207
0.578199
0.578205
0.578225
0.578258
0.578306
0.578367
0.578441
0.578529
0.57863
0.578743
0.578869
0.579007
0.579157
0.579318
0.57949
0.579673
0.579865
0.580068
0.580279
0.580498
0.580726
0.580961
0.581202
0.581449
0.581702
0.581959
0.582219
0.582483
0.58275
0.583018
0.583287
0.583556
0.583825
0.584092
0.584356
0.584618
0.584877
0.585131
0.58538
0.585624
0.585861
0.586091
0.586314
0.586529
0.586735
0.586932
0.587118
0.587295
0.58746
0.587615
0.587757
0.587887
0.588005
0.58811
0.588201
0.58828
0.588344
0.588395
0.588431
0.588454
0.588462
0.588456
0.588436
0.588402
0.588354
0.588292
0.588216
0.588126
0.588023
0.587907
0.587778
0.587637
0.587484
0.587319
0.587143
0.586956
0.586759
0.586553
0.586337
0.586113
0.585881
0.585641
0.585395
0.585143
0.584886
0.584624
0.584358
0.584089
0.583818
0.583545
0.583271
0.582997
0.582723
0.582451
0.582182
0.581915
0.581651
0.581392
0.581138
0.58089
0.580648
0.580413
0.580186
0.579966
0.579756
0.579556
0.579365
0.579185
0.579017
0.57886
0.578715
0.578583
0.578463
0.578357
0.578264
0.578185
0.578119
0.578068
0.578031
0.578008
0.578
0.578006
0.578026
0.578061
0.57811
0.578173
0.578251
0.578342
0.578446
0.578564
0.578695
0.578838
0.578994
0.579162
0.579341
0.579531
0.579732
0.579942
0.580161
0.58039
0.580626
0.58087
0.581121
0.581378
0.581641
0.581908
0.582179
0.582453
0.58273
0.583008
0.583288
0.583567
0.583846
0.584123
0.584398
0.58467
0.584939
0.585203
0.585461
0.585714
0.585961
0.5862
0.586431
0.586654
0.586868
0.587072
0.587266
0.58745
0.587622
0.587782
0.58793
0.588065
0.588187
0.588296
0.588392
0.588473
0.58854
0.588592
0.58863
0.588653
0.588662
0.588656
0.588635
0.588599
0.588549
0.588484
0.588405
0.588312
0.588205
0.588085
0.587951
0.587804
0.587645
0.587474
0.587291
0.587097
0.586892
0.586678
0.586454
0.586221
0.58598
0.585732
0.585476
0.585214
0.584947
0.584675
0.584399
0.58412
0.583838
0.583555
0.583271
0.582986
0.582702
0.58242
0.58214
0.581863
0.581589
0.58132
0.581056
0.580799
0.580547
0.580304
0.580068
0.57984
0.579622
0.579414
0.579216
0.579029
0.578854
0.578691
0.578541
0.578403
0.578279
0.578169
0.578072
0.57799
0.577922
0.577869
0.577831
0.577807
0.577799
0.577805
0.577827
0.577863
0.577915
0.57798
0.578061
0.578155
0.578264
0.578386
0.578522
0.578671
0.578833
0.579007
0.579193
0.57939
0.579598
0.579816
0.580044
0.580281
0.580526
0.580779
0.581039
0.581306
0.581578
0.581855
0.582136
0.582421
0.582708
0.582997
0.583287
0.583577
0.583866
0.584154
0.584439
0.584722
0.585001
0.585275
0.585543
0.585806
0.586061
0.58631
0.58655
0.586781
0.587002
0.587214
0.587415
0.587605
0.587783
0.587949
0.588102
0.588242
0.588369
0.588482
0.588581
0.588665
0.588734
0.588789
0.588828
0.588853
0.588862
0.588855
0.588834
0.588797
0.588745
0.588677
0.588595
0.588499
0.588388
0.588263
0.588124
0.587972
0.587807
0.587629
0.587439
0.587238
0.587026
0.586803
0.586571
0.586329
0.586079
0.585821
0.585556
0.585285
0.585008
0.584726
0.58444
0.58415
0.583858
0.583565
0.58327
0.582976
0.582681
0.582389
0.582099
0.581811
0.581528
0.581249
0.580975
0.580708
0.580447
0.580194
0.57995
0.579714
0.579488
0.579272
0.579067
0.578873
0.578692
0.578523
0.578368
0.578226
0.578097
0.577983
0.577883
0.577798
0.577728
0.577673
0.577633
0.577609
0.5776
0.577607
0.577629
0.577667
0.57772
0.577788
0.577871
0.577969
0.578081
0.578208
0.578349
0.578503
0.578671
0.578852
0.579044
0.579249
0.579464
0.579691
0.579927
0.580172
0.580426
0.580689
0.580958
0.581234
0.581516
0.581803
0.582095
0.582389
0.582687
0.582986
0.583286
0.583587
0.583887
0.584185
0.584481
0.584773
0.585062
0.585346
0.585625
0.585897
0.586162
0.586419
0.586668
0.586907
0.587137
0.587356
0.587564
0.587761
0.587946
0.588117
0.588276
0.588421
0.588553
0.588669
0.588771
0.588858
0.58893
0.588987
0.589027
0.589052
0.589061
0.589055
0.589032
0.588994
0.58894
0.58887
0.588785
0.588685
0.58857
0.58844
0.588296
0.588139
0.587968
0.587784
0.587587
0.587379
0.587159
0.586929
0.586688
0.586438
0.586179
0.585911
0.585637
0.585355
0.585069
0.584777
0.584481
0.584181
0.583879
0.583575
0.58327
0.582965
0.58266
0.582357
0.582057
0.581759
0.581465
0.581177
0.580894
0.580617
0.580347
0.580085
0.579832
0.579588
0.579354
0.579131
0.578919
0.578719
0.578531
0.578356
0.578195
0.578047
0.577914
0.577795
0.577692
0.577604
0.577531
0.577474
0.577433
0.577408
0.577399
0.577406
0.577429
0.577468
0.577523
0.577594
0.57768
0.577782
0.577898
0.57803
0.578176
0.578336
0.57851
0.578697
0.578896
0.579108
0.579331
0.579565
0.579809
0.580064
0.580327
0.580598
0.580877
0.581162
0.581454
0.58175
0.582051
0.582356
0.582665
0.582975
0.583286
0.583597
0.583907
0.584216
0.584522
0.584826
0.585125
0.585419
0.585708
0.58599
0.586264
0.58653
0.586788
0.587036
0.587274
0.587501
0.587716
0.587919
0.58811
0.588288
0.588452
0.588601
0.588737
0.588857
0.588963
0.589052
0.589127
0.589185
0.589227
0.589252
0.589262
0.589255
0.589231
0.589192
0.589136
0.589064
0.588976
0.588872
0.588753
0.588619
0.58847
0.588307
0.58813
0.587939
0.587736
0.58752
0.587293
0.587055
0.586806
0.586547
0.586279
0.586003
0.58572
0.585429
0.585132
0.58483
0.584524
0.584214
0.583901
0.583586
0.583271
0.582955
0.58264
0.582326
0.582015
0.581707
0.581404
0.581105
0.580812
0.580526
0.580247
0.579977
0.579715
0.579463
0.579221
0.578991
0.578772
0.578565
0.57837
0.57819
0.578023
0.577871
0.577733
0.577611
0.577504
0.577413
0.577338
0.577279
0.577236
0.577211
0.577201
0.577209
0.577233
0.577273
0.57733
0.577403
0.577492
0.577597
0.577718
0.577853
0.578004
0.57817
0.57835
0.578543
0.578749
0.578968
0.579199
0.579441
0.579694
0.579957
0.580229
0.58051
0.580798
0.581094
0.581396
0.581704
0.582016
0.582332
0.582651
0.582971
0.583291
0.583611
0.583931
0.58425
0.584567
0.58488
0.585189
0.585492
0.58579
0.58608
0.586363
0.586638
0.586904
0.58716
0.587406
0.587641
0.587863
0.588074
0.588271
0.588455
0.588624
0.588779
0.588919
0.589044
0.589153
0.589246
0.589323
0.589383
0.589426
0.589453
0.589463
0.589456
0.589431
0.58939
0.589333
0.589258
0.589167
0.58906
0.588936
0.588798
0.588644
0.588475
0.588292
0.588095
0.587885
0.587662
0.587427
0.58718
0.586923
0.586656
0.586379
0.586094
0.5858
0.5855
0.585194
0.584882
0.584565
0.584245
0.583922
0.583597
0.583271
0.582945
0.582619
0.582296
0.581975
0.581656
0.581343
0.581034
0.580732
0.580436
0.580149
0.579869
0.579599
0.579339
0.579089
0.57885
0.578624
0.57841
0.57821
0.578023
0.577851
0.577693
0.577551
0.577425
0.577315
0.577221
0.577143
0.577082
0.577038
0.577012
0.577002
0.577009
0.577034
0.577076
0.577135
0.57721
0.577302
0.577411
0.577535
0.577676
0.577832
0.578003
0.578189
0.578388
0.578602
0.578828
0.579067
0.579317
0.579578
0.57985
0.580131
0.58042
0.580718
0.581023
0.581335
0.581652
0.581974
0.582301
0.58263
0.582961
0.583293
0.583624
0.583955
0.584284
0.58461
0.584932
0.585251
0.585564
0.585871
0.586172
0.586464
0.586748
0.587023
0.587287
0.587541
0.587783
0.588013
0.58823
0.588433
0.588623
0.588798
0.588958
0.589103
0.589231
0.589344
0.589439
0.589518
0.58958
0.589625
0.589652
0.589662
0.589655
0.589629
0.589587
0.589527
0.58945
0.589356
0.589245
0.589118
0.588975
0.588816
0.588642
0.588453
0.58825
0.588033
0.587803
0.58756
0.587306
0.587041
0.586765
0.586479
0.586184
0.585882
0.585572
0.585255
0.584933
0.584607
0.584276
0.583943
0.583607
0.583271
0.582934
0.582598
0.582264
0.581933
0.581605
0.581281
0.580963
0.580651
0.580346
0.580049
0.57976
0.579481
0.579212
0.578954
0.578708
0.578475
0.578254
0.578048
0.577855
0.577677
0.577515
0.577368
0.577238
0.577124
0.577027
0.576947
0.576884
0.576839
0.576811
0.576802
0.57681
0.576835
0.576878
0.576939
0.577016
0.577111
0.577223
0.577352
0.577497
0.577658
0.577835
0.578027
0.578233
0.578453
0.578686
0.578933
0.579191
0.57946
0.57974
0.580031
0.58033
0.580638
0.580953
0.581276
0.581604
0.581937
0.582274
0.582613
0.582955
0.583296
0.583638
0.583978
0.584317
0.584653
0.584986
0.585314
0.585637
0.585953
0.586262
0.586563
0.586855
0.587138
0.58741
0.587671
0.58792
0.588157
0.588381
0.588591
0.588787
0.588968
0.589133
0.589282
0.589415
0.589531
0.589631
0.589712
0.589777
0.589823
0.589852
0.589862
0.589855
0.589829
0.589785
0.589723
0.589643
0.589546
0.589432
0.589301
0.589153
0.588989
0.588809
0.588614
0.588404
0.588181
0.587943
0.587693
0.587431
0.587157
0.586873
0.586578
0.586274
0.585962
0.585642
0.585316
0.584984
0.584647
0.584307
0.583963
0.583617
0.58327
0.582923
0.582577
0.582233
0.581891
0.581553
0.581219
0.580891
0.580569
0.580255
0.579949
0.579652
0.579365
0.579088
0.578822
0.578569
0.578328
0.5781
0.577887
0.577688
0.577505
