0.581292
0.581293
0.581293
0.581294
0.581295
0.581296
0.581296
0.581297
0.581297
0.581298
0.581298
0.581298
0.581298
0.581297
0.581297
0.581296
0.581295
0.581294
0.581292
0.58129
0.581288
0.581286
0.581284
0.581282
0.58128
0.581277
0.581275
0.581272
0.581269
0.581266
0.581262
0.581259
0.581256
0.581253
0.581249
0.581246
0.581243
0.581239
0.581236
0.581233
0.58123
0.581227
0.581224
0.581221
0.581218
0.581216
0.581213
0.581211
0.581209
0.581208
0.581206
0.581205
0.581204
0.581203
0.581202
0.581202
0.581202
0.581203
0.581203
0.581204
0.581205
0.581207
0.581209
0.581211
0.581214
0.581217
0.58122
0.581224
0.581228
0.581232
0.581237
0.581242
0.581247
0.581253
0.581258
0.581264
0.581271
0.581277
0.581284
0.581291
0.581298
0.581305
0.581312
0.58132
0.581327
0.581335
0.581342
0.58135
0.581357
0.581365
0.581373
0.58138
0.581388
0.581395
0.581402
0.581409
0.581416
0.581422
0.581428
0.581434
0.58144
0.581445
0.58145
0.581455
0.581459
0.581463
0.581467
0.581469
0.581472
0.581474
0.581475
0.581476
0.581477
0.581477
0.581476
0.581475
0.581473
0.581471
0.581468
0.581464
0.58146
0.581456
0.581451
0.581445
0.581438
0.581432
0.581424
0.581416
0.581408
0.581399
0.58139
0.581381
0.581371
0.58136
0.581349
0.581338
0.581327
0.581315
0.581303
0.581291
0.581279
0.581266
0.581254
0.581241
0.581229
0.581216
0.581203
0.581191
0.581179
0.581166
0.581154
0.581142
0.581131
0.58112
0.581109
0.581098
0.581088
0.581078
0.581069
0.58106
0.581052
0.581045
0.581038
0.581031
0.581026
0.581021
0.581016
0.581013
0.58101
0.581008
0.581007
0.581006
0.581006
0.581007
0.581009
0.581012
0.581016
0.58102
0.581025
0.581031
0.581038
0.581046
0.581054
0.581063
0.581073
0.581084
0.581095
0.581107
0.581119
0.581133
0.581146
0.581161
0.581176
0.581191
0.581207
0.581223
0.581239
0.581256
0.581273
0.58129
0.581307
0.581325
0.581343
0.58136
0.581378
0.581396
0.581413
0.581431
0.581448
0.581465
0.581481
0.581497
0.581513
0.581528
0.581543
0.581557
0.58157
0.581583
0.581596
0.581607
0.581618
0.581628
0.581637
0.581645
0.581652
0.581659
0.581664
0.581668
0.581672
0.581674
0.581675
0.581675
0.581674
0.581672
0.581669
0.581665
0.58166
0.581653
0.581646
0.581637
0.581628
0.581617
0.581606
0.581593
0.58158
0.581565
0.58155
0.581534
0.581517
0.581499
0.581481
0.581462
0.581442
0.581422
0.581401
0.58138
0.581359
0.581336
0.581314
0.581291
0.581269
0.581246
0.581223
0.5812
0.581177
0.581154
0.581132
0.58111
0.581088
0.581066
0.581045
0.581025
0.581005
0.580986
0.580967
0.580949
0.580932
0.580916
0.580901
0.580887
0.580874
0.580862
0.580851
0.580841
0.580832
0.580825
0.580819
0.580814
0.58081
0.580808
0.580807
0.580807
0.580809
0.580812
0.580816
0.580822
0.580829
0.580837
0.580847
0.580858
0.58087
0.580883
0.580898
0.580914
0.580931
0.580949
0.580968
0.580988
0.58101
0.581032
0.581055
0.581079
0.581103
0.581128
0.581154
0.581181
0.581208
0.581235
0.581262
0.58129
0.581318
0.581346
0.581375
0.581403
0.58143
0.581458
0.581486
0.581513
0.581539
0.581565
0.581591
0.581616
0.58164
0.581663
0.581685
0.581707
0.581727
0.581746
0.581764
0.581781
0.581797
0.581811
0.581824
0.581836
0.581846
0.581855
0.581862
0.581868
0.581872
0.581874
0.581875
0.581874
0.581872
0.581868
0.581863
0.581855
0.581847
0.581836
0.581824
0.581811
0.581796
0.581779
0.581761
0.581742
0.581722
0.5817
0.581676
0.581652
0.581627
0.5816
0.581572
0.581544
0.581515
0.581484
0.581454
0.581422
0.58139
0.581358
0.581325
0.581292
0.581259
0.581225
0.581192
0.581159
0.581126
0.581093
0.58106
0.581028
0.580997
0.580966
0.580937
0.580907
0.580879
0.580852
0.580826
0.580801
0.580777
0.580755
0.580734
0.580714
0.580696
0.580679
0.580664
0.580651
0.580639
0.580629
0.580621
0.580615
0.58061
0.580608
0.580607
0.580608
0.580611
0.580616
0.580623
0.580632
0.580642
0.580654
0.580668
0.580684
0.580702
0.580722
0.580743
0.580765
0.58079
0.580815
0.580842
0.580871
0.580901
0.580932
0.580964
0.580997
0.581032
0.581067
0.581103
0.581139
0.581177
0.581214
0.581252
0.581291
0.581329
0.581367
0.581406
0.581444
0.581482
0.58152
0.581557
0.581594
0.58163
0.581665
0.5817
0.581733
0.581765
0.581796
0.581826
0.581855
0.581882
0.581908
0.581932
0.581954
0.581975
0.581994
0.582011
0.582026
0.582039
0.58205
0.582059
0.582066
0.582071
0.582074
0.582075
0.582073
0.58207
0.582064
0.582056
0.582045
0.582033
0.582019
0.582002
0.581984
0.581963
0.581941
0.581917
0.581891
0.581863
0.581833
0.581802
0.58177
0.581735
0.5817
0.581663
0.581625
0.581586
0.581546
0.581505
0.581464
0.581421
0.581379
0.581335
0.581292
0.581248
0.581204
0.581161
0.581117
0.581074
0.581031
0.580989
0.580947
0.580907
0.580867
0.580828
0.58079
0.580754
0.580718
0.580685
0.580652
0.580622
0.580593
0.580566
0.580541
0.580518
0.580497
0.580478
0.580461
0.580446
0.580434
0.580424
0.580416
0.58041
0.580408
0.580407
0.580409
0.580414
0.58042
0.58043
0.580441
0.580455
0.580471
0.58049
0.580511
0.580534
0.58056
0.580587
0.580617
0.580648
0.580681
0.580716
0.580753
0.580792
0.580832
0.580873
0.580916
0.58096
0.581005
0.581051
0.581097
0.581145
0.581192
0.581241
0.58129
0.581339
0.581388
0.581437
0.581485
0.581533
0.581581
0.581628
0.581674
0.58172
0.581764
0.581808
0.58185
0.581891
0.58193
0.581967
0.582003
0.582037
0.582069
0.582099
0.582127
0.582153
0.582176
0.582197
0.582216
0.582232
0.582246
0.582256
0.582265
0.58227
0.582273
0.582274
0.582271
0.582266
0.582259
0.582248
0.582235
0.58222
0.582201
0.582181
0.582157
0.582131
0.582103
0.582072
0.582039
0.582004
0.581967
0.581928
0.581887
0.581844
0.5818
0.581754
0.581707
0.581658
0.581608
0.581557
0.581505
0.581453
0.5814
0.581346
0.581292
0.581238
0.581184
0.581129
0.581076
0.581022
0.58097
0.580917
0.580866
0.580816
0.580767
0.580719
0.580673
0.580628
0.580585
0.580543
0.580504
0.580467
0.580431
0.580398
0.580368
0.58034
0.580314
0.580291
0.580271
0.580253
0.580238
0.580226
0.580217
0.580211
0.580208
0.580208
0.58021
0.580216
0.580225
0.580237
0.580251
0.580269
0.580289
0.580312
0.580338
0.580367
0.580398
0.580431
0.580468
0.580506
0.580547
0.58059
0.580636
0.580683
0.580731
0.580782
0.580834
0.580888
0.580943
0.580998
0.581055
0.581113
0.581171
0.58123
0.581289
0.581349
0.581408
0.581467
0.581526
0.581585
0.581643
0.5817
0.581756
0.581811
0.581865
0.581917
0.581968
0.582017
0.582064
0.582109
0.582152
0.582193
0.582231
0.582267
0.582301
0.582331
0.582359
0.582384
0.582406
0.582425
0.582441
0.582453
0.582463
0.58247
0.582473
0.582473
0.58247
0.582463
0.582454
0.582441
0.582425
0.582406
0.582384
0.582358
0.58233
0.582299
0.582265
0.582228
0.582188
0.582146
0.582101
0.582054
0.582005
0.581953
0.5819
0.581845
0.581788
0.58173
0.58167
0.581609
0.581547
0.581484
0.58142
0.581356
0.581292
0.581227
0.581163
0.581098
0.581034
0.580971
0.580908
0.580846
0.580785
0.580725
0.580667
0.58061
0.580555
0.580502
0.580451
0.580402
0.580356
0.580312
0.58027
0.580231
0.580195
0.580162
0.580131
0.580104
0.580081
0.58006
0.580043
0.580029
0.580018
0.580011
0.580008
0.580008
0.580011
0.580019
0.580029
0.580043
0.580061
0.580082
0.580106
0.580134
0.580165
0.580199
0.580236
0.580276
0.580319
0.580365
0.580413
0.580464
0.580518
0.580573
0.580631
0.580691
0.580753
0.580816
0.580881
0.580947
0.581014
0.581082
0.58115
0.58122
0.581289
0.581359
0.581429
0.581499
0.581568
0.581637
0.581705
0.581772
0.581838
0.581902
0.581965
0.582026
0.582085
0.582143
0.582198
0.58225
0.582301
0.582348
0.582393
0.582435
0.582474
0.582509
0.582542
0.582571
0.582596
0.582618
0.582637
0.582651
0.582662
0.58267
0.582673
0.582673
0.582669
0.582661
0.58265
0.582634
0.582615
0.582593
0.582567
0.582537
0.582503
0.582467
0.582426
0.582383
0.582337
0.582287
0.582235
0.58218
0.582123
0.582063
0.582
0.581936
0.581869
0.581801
0.581732
0.581661
0.581589
0.581516
0.581442
0.581367
0.581292
0.581217
0.581142
0.581067
0.580993
0.580919
0.580846
0.580774
0.580704
0.580635
0.580567
0.580502
0.580438
0.580377
0.580318
0.580261
0.580207
0.580156
0.580108
0.580063
0.580022
0.579984
0.579949
0.579918
0.579891
0.579867
0.579847
0.579832
0.57982
0.579812
0.579808
0.579808
0.579813
0.579821
0.579834
0.57985
0.579871
0.579895
0.579924
0.579956
0.579992
0.580031
0.580074
0.580121
0.58017
0.580224
0.58028
0.580338
0.5804
0.580464
0.580531
0.5806
0.580671
0.580744
0.580819
0.580895
0.580972
0.58105
0.581129
0.581209
0.581289
0.58137
0.58145
0.58153
0.58161
0.581689
0.581767
0.581843
0.581919
0.581993
0.582065
0.582135
0.582203
0.582268
0.582331
0.582392
0.582449
0.582504
0.582555
0.582603
0.582647
0.582687
0.582724
0.582757
0.582787
0.582812
0.582833
0.582849
0.582862
0.58287
0.582874
0.582873
0.582868
0.582859
0.582845
0.582828
0.582806
0.58278
0.582749
0.582715
0.582677
0.582634
0.582588
0.582539
0.582485
0.582429
0.582369
0.582306
0.58224
0.582171
0.5821
0.582027
0.581951
0.581873
0.581794
0.581713
0.58163
0.581547
0.581463
0.581378
0.581292
0.581207
0.581121
0.581036
0.580952
0.580868
0.580785
0.580703
0.580623
0.580544
0.580468
0.580393
0.580321
0.580251
0.580184
0.58012
0.580059
0.580001
0.579947
0.579896
0.579849
0.579806
0.579767
0.579731
0.579701
0.579674
0.579652
0.579634
0.579621
0.579612
0.579608
0.579609
0.579614
0.579624
0.579638
0.579657
0.579681
0.579708
0.579741
0.579777
0.579818
0.579863
0.579912
0.579965
0.580021
0.580082
0.580145
0.580212
0.580282
0.580355
0.580431
0.580509
0.58059
0.580672
0.580757
0.580842
0.58093
0.581018
0.581108
0.581198
0.581289
0.58138
0.581471
0.581561
0.581651
0.58174
0.581828
0.581915
0.582
0.582083
0.582164
0.582243
0.58232
0.582394
0.582465
0.582533
0.582597
0.582658
0.582716
0.58277
0.58282
0.582865
0.582907
0.582944
0.582977
0.583005
0.583028
0.583047
0.58306
0.58307
0.583074
0.583073
0.583067
0.583057
0.583042
0.583021
0.582996
0.582966
0.582932
0.582893
0.58285
0.582802
0.58275
0.582694
0.582634
0.58257
0.582503
0.582432
0.582358
0.582281
0.5822
0.582118
0.582033
0.581945
0.581856
0.581765
0.581672
0.581579
0.581484
0.581388
0.581293
0.581197
0.581101
0.581005
0.58091
0.580816
0.580723
0.580632
0.580542
0.580454
0.580368
0.580284
0.580203
0.580125
0.58005
0.579979
0.57991
0.579846
0.579785
0.579728
0.579676
0.579628
0.579584
0.579545
0.57951
0.579481
0.579456
0.579437
0.579422
0.579413
0.579408
0.579409
0.579415
0.579426
0.579443
0.579464
0.57949
0.579522
0.579558
0.579599
0.579645
0.579696
0.579751
0.57981
0.579873
0.579941
0.580012
0.580087
0.580165
0.580246
0.580331
0.580418
0.580508
0.580601
0.580695
0.580791
0.580889
0.580988
0.581088
0.581188
0.58129
0.581391
0.581492
0.581593
0.581693
0.581792
0.58189
0.581986
0.582081
0.582174
0.582264
0.582352
0.582437
0.582519
0.582598
0.582674
0.582745
0.582814
0.582877
0.582937
0.582992
0.583043
0.583089
0.58313
0.583166
0.583197
0.583223
0.583244
0.583259
0.583269
0.583274
0.583273
0.583266
0.583254
0.583237
0.583215
0.583187
0.583153
0.583115
0.583072
0.583023
0.58297
0.582912
0.58285
0.582783
0.582712
0.582637
0.582558
0.582475
0.582389
0.5823
0.582208
0.582114
0.582017
0.581917
0.581816
0.581714
0.58161
0.581505
0.581399
0.581293
0.581186
0.58108
0.580974
0.580869
0.580764
0.580661
0.58056
0.58046
0.580363
0.580268
0.580175
0.580086
0.58
0.579917
0.579837
0.579762
0.57969
0.579623
0.579561
0.579503
0.57945
0.579401
0.579358
0.57932
0.579288
0.579261
0.579239
0.579223
0.579213
0.579208
0.579209
0.579216
0.579229
0.579247
0.579271
0.5793
0.579335
0.579375
0.579421
0.579472
0.579528
0.579589
0.579654
0.579725
0.579799
0.579878
0.579961
0.580047
0.580137
0.580231
0.580327
0.580426
0.580528
0.580632
0.580739
0.580847
0.580956
0.581067
0.581178
0.581289
0.581401
0.581512
0.581624
0.581734
0.581843
0.581951
0.582058
0.582162
0.582264
0.582364
0.58246
0.582554
0.582645
0.582732
0.582815
0.582894
0.582969
0.583039
0.583104
0.583165
0.583221
0.583271
0.583316
0.583356
0.58339
0.583419
0.583441
0.583458
0.583469
0.583474
0.583472
0.583465
0.583452
0.583433
0.583408
0.583377
0.58334
0.583297
0.58325
0.583196
0.583138
0.583074
0.583005
0.582931
0.582853
0.58277
0.582684
0.582593
0.582498
0.5824
0.582299
0.582195
0.582088
0.581979
0.581868
0.581755
0.581641
0.581526
0.58141
0.581293
0.581176
0.581059
0.580943
0.580827
0.580713
0.5806
0.580488
0.580379
0.580272
0.580168
0.580067
0.579969
0.579874
0.579783
0.579696
0.579614
0.579535
0.579462
0.579393
0.57933
0.579272
0.579219
0.579172
0.57913
0.579095
0.579065
0.579042
0.579025
0.579013
0.579009
0.57901
0.579018
0.579031
0.579051
0.579078
0.57911
0.579148
0.579193
0.579243
0.579299
0.57936
0.579427
0.579499
0.579576
0.579658
0.579744
0.579835
0.57993
0.580028
0.580131
0.580236
0.580345
0.580457
0.580571
0.580687
0.580805
0.580924
0.581045
0.581166
0.581289
0.581411
0.581533
0.581654
0.581775
0.581895
0.582013
0.582129
0.582243
0.582354
0.582463
0.582569
0.582672
0.582771
0.582866
0.582956
0.583043
0.583124
0.583201
0.583272
0.583339
0.583399
0.583454
0.583504
0.583547
0.583584
0.583614
0.583639
0.583657
0.583668
0.583673
0.583672
0.583664
0.583649
0.583628
0.583601
0.583567
0.583527
0.58348
0.583428
0.58337
0.583305
0.583236
0.58316
0.58308
0.582995
0.582904
0.58281
0.58271
0.582607
0.5825
0.58239
0.582277
0.58216
0.582041
0.58192
0.581797
0.581673
0.581547
0.58142
0.581293
0.581166
0.581039
0.580912
0.580786
0.580661
0.580538
0.580417
0.580298
0.580182
0.580068
0.579958
0.579851
0.579748
0.579649
0.579555
0.579465
0.57938
0.5793
0.579226
0.579157
0.579094
0.579036
0.578985
0.578941
0.578902
0.57887
0.578845
0.578826
0.578814
0.578808
0.57881
0.578818
0.578833
0.578855
0.578884
0.57892
0.578962
0.57901
0.579065
0.579125
0.579192
0.579265
0.579343
0.579427
0.579516
0.579609
0.579708
0.579811
0.579919
0.58003
0.580145
0.580263
0.580385
0.580509
0.580635
0.580763
0.580893
0.581024
0.581156
0.581288
0.581421
0.581553
0.581685
0.581816
0.581946
0.582074
0.5822
0.582324
0.582445
0.582563
0.582678
0.582789
0.582896
0.582999
0.583097
0.583191
0.583279
0.583362
0.58344
0.583512
0.583577
0.583637
0.58369
0.583737
0.583777
0.58381
0.583836
0.583856
0.583868
0.583873
0.583872
0.583863
0.583847
0.583824
0.583794
0.583757
0.583713
0.583663
0.583606
0.583543
0.583473
0.583398
0.583316
0.583229
0.583136
0.583038
0.582935
0.582828
0.582716
0.582601
0.582481
0.582358
0.582232
0.582103
0.581972
0.581839
0.581704
0.581568
0.581431
0.581293
0.581155
0.581018
0.580881
0.580744
0.58061
0.580477
0.580346
0.580217
0.580091
0.579968
0.579849
0.579734
0.579623
0.579516
0.579414
0.579317
0.579225
0.579139
0.579058
0.578984
0.578916
0.578854
0.578799
0.57875
0.578709
0.578674
0.578647
0.578627
0.578614
0.578609
0.578611
0.57862
0.578637
0.57866
0.578691
0.57873
0.578775
0.578827
0.578886
0.578952
0.579024
0.579103
0.579188
0.579278
0.579375
0.579476
0.579583
0.579694
0.57981
0.57993
0.580054
0.580182
0.580313
0.580447
0.580583
0.580721
0.580861
0.581003
0.581145
0.581288
0.581431
0.581574
0.581717
0.581858
0.581998
0.582136
0.582272
0.582406
0.582536
0.582664
0.582787
0.582907
0.583023
0.583134
0.58324
0.58334
0.583435
0.583525
0.583608
0.583685
0.583756
0.58382
0.583877
0.583927
0.58397
0.584006
0.584034
0.584055
0.584068
0.584074
0.584072
0.584062
0.584045
0.58402
0.583988
0.583948
0.583901
0.583847
0.583785
0.583717
0.583642
0.58356
0.583472
0.583378
0.583278
0.583173
0.583062
0.582946
0.582826
0.582701
0.582572
0.58244
0.582304
0.582166
0.582024
0.581881
0.581736
0.581589
0.581442
0.581294
0.581146
0.580998
0.58085
0.580704
0.580559
0.580416
0.580275
0.580137
0.580001
0.57987
0.579741
0.579617
0.579498
0.579383
0.579273
0.579169
0.57907
0.578978
0.578891
0.578811
0.578738
0.578672
0.578613
0.578561
0.578517
0.57848
0.57845
0.578429
0.578415
0.578409
0.578412
0.578422
0.578439
0.578465
0.578499
0.57854
0.578588
0.578645
0.578708
0.578779
0.578857
0.578941
0.579032
0.579129
0.579233
0.579342
0.579456
0.579576
0.579701
0.57983
0.579963
0.5801
0.580241
0.580385
0.580531
0.58068
0.58083
0.580982
0.581135
0.581288
0.581442
0.581595
0.581748
0.5819
0.58205
0.582198
0.582344
0.582488
0.582628
0.582764
0.582897
0.583025
0.583148
0.583267
0.583381
0.583488
0.58359
0.583686
0.583776
0.583858
0.583934
0.584003
0.584064
0.584117
0.584163
0.584202
0.584232
0.584254
0.584268
0.584274
0.584272
0.584261
0.584243
0.584216
0.584181
0.584138
0.584088
0.584029
0.583963
0.58389
0.583809
0.583722
0.583628
0.583527
0.58342
0.583307
0.583188
0.583064
0.582935
0.582801
0.582663
0.582521
0.582376
0.582228
0.582076
0.581923
0.581768
0.581611
0.581453
0.581294
0.581135
0.580977
0.580819
0.580662
0.580507
0.580354
0.580203
0.580055
0.579911
0.57977
0.579633
0.5795
0.579372
0.579249
0.579132
0.57902
0.578915
0.578816
0.578724
0.578638
0.57856
0.578489
0.578426
0.578371
0.578323
0.578284
0.578253
0.57823
0.578216
0.57821
0.578212
0.578223
0.578242
0.57827
0.578305
0.57835
0.578402
0.578462
0.57853
0.578606
0.578689
0.578779
0.578877
0.578981
0.579092
0.579208
0.579331
0.579459
0.579592
0.579731
0.579874
0.58002
0.580171
0.580324
0.58048
