0.57312
0.573122
0.573123
0.573124
0.573125
0.573126
0.573126
0.573127
0.573127
0.573128
0.573128
0.573128
0.573128
0.573129
0.573129
0.573129
0.573129
0.573129
0.573129
0.573129
0.573129
0.573129
0.573129
0.573129
0.573129
0.573128
0.573128
0.573128
0.573128
0.573128
0.573128
0.573127
0.573127
0.573127
0.573126
0.573126
0.573125
0.573124
0.573124
0.573123
0.573122
0.573121
0.573121
0.57312
0.573119
0.573118
0.573117
0.573116
0.573115
0.573114
0.573113
0.573112
0.573111
0.573109
0.573108
0.573107
0.573106
0.573104
0.573103
0.573102
0.573101
0.573099
0.573098
0.573096
0.573095
0.573093
0.573092
0.57309
0.573089
0.573087
0.573086
0.573084
0.573083
0.573081
0.57308
0.573078
0.573076
0.573075
0.573073
0.573072
0.57307
0.573068
0.573067
0.573065
0.573064
0.573062
0.573061
0.573059
0.573058
0.573057
0.573055
0.573054
0.573053
0.573051
0.57305
0.573048
0.573047
0.573046
0.573044
0.573043
0.573042
0.573041
0.57304
0.573039
0.573038
0.573037
0.573036
0.573035
0.573035
0.573034
0.573033
0.573033
0.573032
0.573032
0.573032
0.573031
0.573031
0.573031
0.573031
0.57303
0.57303
0.57303
0.57303
0.57303
0.573031
0.573031
0.573031
0.573032
0.573032
0.573033
0.573033
0.573034
0.573034
0.573035
0.573036
0.573037
0.573038
0.573039
0.57304
0.573042
0.573043
0.573044
0.573045
0.573047
0.573048
0.57305
0.573052
0.573053
0.573055
0.573057
0.573059
0.573061
0.573063
0.573066
0.573068
0.57307
0.573072
0.573075
0.573077
0.57308
0.573083
0.573085
0.573088
0.573091
0.573094
0.573097
0.573099
0.573102
0.573105
0.573108
0.573111
0.573114
0.573118
0.573121
0.573124
0.573127
0.573131
0.573134
0.573138
0.573141
0.573145
0.573148
0.573152
0.573155
0.573159
0.573163
0.573166
0.57317
0.573174
0.573177
0.573181
0.573185
0.573188
0.573192
0.573195
0.573199
0.573202
0.573206
0.573209
0.573212
0.573216
0.573219
0.573222
0.573226
0.573229
0.573232
0.573235
0.573238
0.573242
0.573245
0.573248
0.573252
0.573255
0.573258
0.573261
0.573263
0.573266
0.573269
0.573271
0.573273
0.573276
0.573278
0.57328
0.573282
0.573285
0.573287
0.573289
0.57329
0.573292
0.573294
0.573295
0.573297
0.573298
0.573299
0.5733
0.573301
0.573302
0.573303
0.573304
0.573305
0.573305
0.573306
0.573306
0.573306
0.573306
0.573306
0.573306
0.573305
0.573305
0.573305
0.573304
0.573304
0.573303
0.573302
0.573301
0.5733
0.573298
0.573297
0.573295
0.573293
0.573292
0.57329
0.573288
0.573286
0.573283
0.573281
0.573279
0.573276
0.573273
0.57327
0.573267
0.573264
0.573261
0.573257
0.573254
0.57325
0.573246
0.573243
0.573239
0.573235
0.573231
0.573227
0.573223
0.573218
0.573214
0.573209
0.573205
0.5732
0.573195
0.573191
0.573186
0.573181
0.573176
0.573171
0.573166
0.57316
0.573155
0.57315
0.573144
0.573139
0.573133
0.573128
0.573122
0.573116
0.573111
0.573105
0.573099
0.573093
0.573087
0.573081
0.573075
0.57307
0.573064
0.573058
0.573052
0.573047
0.573041
0.573035
0.573029
0.573024
0.573018
0.573012
0.573007
0.573001
0.572996
0.57299
0.572985
0.572979
0.572973
0.572968
0.572962
0.572956
0.572951
0.572946
0.57294
0.572935
0.57293
0.572925
0.572921
0.572916
0.572912
0.572907
0.572903
0.572899
0.572895
0.572891
0.572887
0.572883
0.57288
0.572876
0.572872
0.572869
0.572866
0.572862
0.57286
0.572857
0.572854
0.572852
0.572849
0.572847
0.572845
0.572843
0.572841
0.57284
0.572839
0.572837
0.572837
0.572836
0.572835
0.572834
0.572834
0.572834
0.572834
0.572834
0.572834
0.572835
0.572835
0.572836
0.572837
0.572839
0.57284
0.572842
0.572844
0.572846
0.572847
0.57285
0.572852
0.572854
0.572857
0.57286
0.572863
0.572866
0.57287
0.572873
0.572877
0.572881
0.572885
0.572889
0.572893
0.572898
0.572903
0.572907
0.572912
0.572917
0.572922
0.572928
0.572933
0.572939
0.572945
0.572951
0.572957
0.572963
0.57297
0.572976
0.572983
0.572989
0.572996
0.573003
0.57301
0.573017
0.573024
0.573031
0.573039
0.573046
0.573054
0.573062
0.573069
0.573077
0.573085
0.573093
0.573101
0.573109
0.573117
0.573125
0.573133
0.573141
0.573149
0.573157
0.573165
0.573173
0.573182
0.57319
0.573198
0.573207
0.573215
0.573224
0.573232
0.57324
0.573248
0.573257
0.573265
0.573273
0.573281
0.573289
0.573297
0.573305
0.573313
0.57332
0.573327
0.573335
0.573342
0.573349
0.573355
0.573362
0.573369
0.573376
0.573383
0.573389
0.573395
0.573402
0.573407
0.573413
0.573419
0.573424
0.573429
0.573434
0.573439
0.573444
0.573449
0.573453
0.573458
0.573462
0.573466
0.57347
0.573474
0.573477
0.573481
0.573484
0.573487
0.57349
0.573492
0.573494
0.573496
0.573498
0.573499
0.5735
0.573502
0.573502
0.573503
0.573504
0.573504
0.573504
0.573504
0.573504
0.573503
0.573502
0.573501
0.5735
0.573498
0.573496
0.573495
0.573492
0.57349
0.573487
0.573484
0.573481
0.573478
0.573474
0.57347
0.573466
0.573462
0.573458
0.573453
0.573449
0.573443
0.573438
0.573432
0.573427
0.573421
0.573414
0.573408
0.573401
0.573395
0.573388
0.573381
0.573373
0.573366
0.573358
0.57335
0.573342
0.573334
0.573325
0.573317
0.573308
0.573299
0.57329
0.573281
0.573272
0.573263
0.573254
0.573244
0.573234
0.573225
0.573215
0.573205
0.573195
0.573185
0.573175
0.573165
0.573155
0.573145
0.573134
0.573124
0.573113
0.573102
0.573092
0.573081
0.57307
0.573059
0.573049
0.573038
0.573027
0.573017
0.573006
0.572996
0.572985
0.572975
0.572964
0.572954
0.572943
0.572933
0.572923
0.572913
0.572903
0.572893
0.572883
0.572874
0.572864
0.572855
0.572846
0.572837
0.572828
0.572819
0.57281
0.572801
0.572793
0.572784
0.572776
0.572768
0.572761
0.572753
0.572746
0.572738
0.572731
0.572725
0.572718
0.572712
0.572706
0.5727
0.572694
0.572689
0.572684
0.572679
0.572675
0.572671
0.572667
0.572663
0.572659
0.572656
0.572652
0.572649
0.572646
0.572644
0.572641
0.57264
0.572638
0.572637
0.572636
0.572635
0.572635
0.572635
0.572635
0.572636
0.572637
0.572638
0.572639
0.57264
0.572642
0.572644
0.572647
0.57265
0.572653
0.572656
0.57266
0.572663
0.572668
0.572672
0.572677
0.572682
0.572687
0.572693
0.572698
0.572704
0.572711
0.572717
0.572724
0.572731
0.572739
0.572746
0.572754
0.572762
0.57277
0.572779
0.572787
0.572796
0.572806
0.572815
0.572825
0.572834
0.572845
0.572855
0.572865
0.572876
0.572886
0.572897
0.572908
0.57292
0.572931
0.572943
0.572954
0.572966
0.572978
0.57299
0.573002
0.573014
0.573026
0.573039
0.573051
0.573064
0.573077
0.573089
0.573102
0.573115
0.573128
0.573141
0.573154
0.573167
0.57318
0.573193
0.573206
0.573219
0.573232
0.573245
0.573258
0.573271
0.573284
0.573297
0.573309
0.573322
0.573334
0.573347
0.573359
0.573371
0.573384
0.573396
0.573408
0.573419
0.573431
0.573443
0.573454
0.573465
0.573476
0.573486
0.573497
0.573507
0.573517
0.573527
0.573537
0.573546
0.573555
0.573564
0.573573
0.573582
0.57359
0.573598
0.573606
0.573614
0.573621
0.573628
0.573635
0.573642
0.573648
0.573654
0.573659
0.573664
0.573669
0.573674
0.573678
0.573682
0.573686
0.573689
0.573692
0.573695
0.573697
0.573699
0.573701
0.573702
0.573704
0.573704
0.573705
0.573704
0.573704
0.573703
0.573702
0.573701
0.573699
0.573697
0.573695
0.573692
0.573689
0.573686
0.573682
0.573678
0.573674
0.573669
0.573664
0.573658
0.573652
0.573646
0.57364
0.573633
0.573626
0.573618
0.573611
0.573603
0.573595
0.573586
0.573577
0.573568
0.573558
0.573549
0.573539
0.573528
0.573518
0.573507
0.573496
0.573484
0.573473
0.573461
0.573449
0.573437
0.573424
0.573412
0.573399
0.573386
0.573373
0.573359
0.573346
0.573332
0.573318
0.573304
0.573289
0.573275
0.573261
0.573246
0.573231
0.573216
0.573201
0.573186
0.573171
0.573156
0.57314
0.573125
0.57311
0.573094
0.573079
0.573063
0.573048
0.573033
0.573017
0.573002
0.572986
0.572971
0.572956
0.572941
0.572926
0.572911
0.572896
0.572881
0.572866
0.572851
0.572837
0.572822
0.572808
0.572794
0.57278
0.572767
0.572753
0.57274
0.572727
0.572713
0.572701
0.572688
0.572676
0.572664
0.572652
0.57264
0.572629
0.572618
0.572607
0.572597
0.572586
0.572576
0.572567
0.572557
0.572548
0.57254
0.572531
0.572523
0.572515
0.572508
0.572501
0.572494
0.572488
0.572482
0.572476
0.572471
0.572466
0.572461
0.572457
0.572453
0.57245
0.572447
0.572445
0.572442
0.57244
0.572439
0.572438
0.572437
0.572436
0.572436
0.572437
0.572437
0.572439
0.572441
0.572443
0.572445
0.572448
0.572452
0.572456
0.57246
0.572464
0.572469
0.572475
0.57248
0.572486
0.572493
0.5725
0.572507
0.572514
0.572522
0.57253
0.572539
0.572548
0.572558
0.572568
0.572578
0.572589
0.572599
0.572611
0.572622
0.572634
0.572646
0.572658
0.572671
0.572684
0.572697
0.572711
0.572725
0.572739
0.572754
0.572768
0.572783
0.572798
0.572813
0.572829
0.572845
0.57286
0.572877
0.572893
0.572909
0.572926
0.572943
0.57296
0.572977
0.572994
0.573011
0.573028
0.573045
0.573062
0.57308
0.573097
0.573115
0.573133
0.57315
0.573168
0.573186
0.573204
0.573222
0.573239
0.573257
0.573275
0.573293
0.57331
0.573328
0.573345
0.573363
0.57338
0.573397
0.573414
0.573431
0.573448
0.573464
0.57348
0.573497
0.573512
0.573528
0.573544
0.573559
0.573574
0.573589
0.573604
0.573618
0.573632
0.573646
0.57366
0.573673
0.573686
0.573698
0.573711
0.573723
0.573735
0.573746
0.573758
0.573768
0.573779
0.573789
0.573798
0.573808
0.573816
0.573825
0.573833
0.57384
0.573848
0.573854
0.573861
0.573867
0.573872
0.573877
0.573882
0.573886
0.57389
0.573893
0.573896
0.573899
0.573901
0.573902
0.573903
0.573904
0.573904
0.573904
0.573903
0.573902
0.573901
0.573899
0.573896
0.573893
0.57389
0.573886
0.573881
0.573876
0.573871
0.573865
0.573859
0.573852
0.573845
0.573838
0.57383
0.573822
0.573813
0.573804
0.573794
0.573784
0.573774
0.573763
0.573751
0.57374
0.573728
0.573716
0.573703
0.57369
0.573676
0.573662
0.573648
0.573633
0.573618
0.573603
0.573587
0.573571
0.573555
0.573538
0.573522
0.573505
0.573488
0.57347
0.573453
0.573435
0.573417
0.573399
0.57338
0.573362
0.573343
0.573324
0.573305
0.573285
0.573266
0.573246
0.573227
0.573207
0.573187
0.573167
0.573146
0.573126
0.573106
0.573085
0.573065
0.573045
0.573025
0.573004
0.572984
0.572964
0.572944
0.572924
0.572904
0.572884
0.572864
0.572844
0.572825
0.572805
0.572786
0.572767
0.572748
0.57273
0.572712
0.572693
0.572676
0.572658
0.57264
0.572623
0.572606
0.572589
0.572573
0.572557
0.572541
0.572525
0.57251
0.572495
0.57248
0.572466
0.572452
0.572439
0.572426
0.572413
0.5724
0.572388
0.572377
0.572366
0.572355
0.572345
0.572335
0.572326
0.572317
0.572308
0.5723
0.572292
0.572285
0.572278
0.572272
0.572267
0.572261
0.572257
0.572253
0.572249
0.572246
0.572243
0.57224
0.572239
0.572237
0.572237
0.572236
0.572237
0.572238
0.572239
0.572241
0.572244
0.572247
0.57225
0.572254
0.572259
0.572264
0.572269
0.572276
0.572282
0.572289
0.572297
0.572305
0.572314
0.572323
0.572332
0.572342
0.572353
0.572364
0.572375
0.572387
0.572399
0.572412
0.572425
0.572439
0.572453
0.572467
0.572482
0.572497
0.572513
0.572529
0.572545
0.572562
0.572579
0.572597
0.572614
0.572632
0.572651
0.572669
0.572688
0.572707
0.572726
0.572746
0.572766
0.572786
0.572807
0.572828
0.572849
0.57287
0.572892
0.572914
0.572935
0.572957
0.572979
0.573002
0.573024
0.573046
0.573068
0.573091
0.573114
0.573136
0.573159
0.573181
0.573204
0.573227
0.573249
0.573272
0.573294
0.573316
0.573339
0.573361
0.573383
0.573405
0.573427
0.573449
0.57347
0.573492
0.573513
0.573534
0.573555
0.573576
0.573596
0.573616
0.573636
0.573656
0.573675
0.573694
0.573713
0.573731
0.573749
0.573767
0.573785
0.573802
0.573819
0.573835
0.573851
0.573867
0.573882
0.573896
0.573911
0.573924
0.573938
0.57395
0.573963
0.573975
0.573986
0.573997
0.574008
0.574018
0.574027
0.574036
0.574044
0.574052
0.574059
0.574066
0.574072
0.574078
0.574083
0.574088
0.574092
0.574095
0.574098
0.574101
0.574103
0.574104
0.574105
0.574105
0.574104
0.574103
0.574102
0.574099
0.574096
0.574093
0.574089
0.574084
0.574079
0.574074
0.574067
0.574061
0.574053
0.574045
0.574037
0.574028
0.574018
0.574008
0.573998
0.573986
0.573975
0.573963
0.57395
0.573937
0.573923
0.573909
0.573894
0.573879
0.573864
0.573847
0.573831
0.573814
0.573796
0.573778
0.57376
0.573741
0.573722
0.573702
0.573682
0.573662
0.573641
0.57362
0.573599
0.573578
0.573556
0.573534
0.573511
0.573489
0.573466
0.573443
0.573419
0.573396
0.573372
0.573348
0.573324
0.5733
0.573276
0.573252
0.573227
0.573202
0.573177
0.573152
0.573127
0.573102
0.573077
0.573052
0.573027
0.573002
0.572977
0.572952
0.572928
0.572903
0.572878
0.572853
0.572829
0.572804
0.57278
0.572756
0.572732
0.572708
0.572685
0.572662
0.572639
0.572616
0.572594
0.572572
0.57255
0.572528
0.572507
0.572486
0.572466
0.572445
0.572425
0.572406
0.572387
0.572368
0.57235
0.572332
0.572315
0.572298
0.572281
0.572265
0.57225
0.572234
0.57222
0.572206
0.572192
0.572179
0.572167
0.572155
0.572143
0.572132
0.572122
0.572112
0.572103
0.572094
0.572086
0.572079
0.572072
0.572066
0.572061
0.572056
0.572051
0.572047
0.572044
0.572042
0.57204
0.572038
0.572037
0.572037
0.572038
0.572039
0.572041
0.572044
0.572047
0.572051
0.572055
0.57206
0.572066
0.572073
0.57208
0.572087
0.572095
0.572104
0.572114
0.572124
0.572134
0.572146
0.572158
0.57217
0.572183
0.572196
0.572211
0.572225
0.57224
0.572256
0.572272
0.572289
0.572306
0.572324
0.572342
0.572361
0.57238
0.5724
0.57242
0.57244
0.572461
0.572483
0.572504
0.572527
0.572549
0.572572
0.572595
0.572619
0.572643
0.572667
0.572692
0.572717
0.572742
0.572767
0.572793
0.572819
0.572845
0.572871
0.572897
0.572924
0.57295
0.572977
0.573004
0.573031
0.573058
0.573086
0.573113
0.57314
0.573167
0.573195
0.573222
0.57325
0.573277
0.573304
0.573332
0.573359
0.573386
0.573413
0.57344
0.573467
0.573493
0.573519
0.573545
0.573571
0.573597
0.573623
0.573648
0.573673
0.573698
0.573722
0.573746
0.573769
0.573792
0.573815
0.573838
0.57386
0.573881
0.573903
0.573924
0.573944
0.573964
0.573984
0.574003
0.574022
0.57404
0.574057
0.574074
0.574091
0.574107
0.574122
0.574137
0.574152
0.574165
0.574179
0.574191
0.574203
0.574214
0.574225
0.574235
0.574244
0.574252
0.57426
0.574267
0.574274
0.57428
0.574285
0.57429
0.574295
0.574298
0.574301
0.574303
0.574305
0.574305
0.574305
0.574305
0.574303
0.574301
0.574298
0.574295
0.574291
0.574286
0.57428
0.574274
0.574267
0.574259
0.57425
0.574241
0.574231
0.574221
0.57421
0.574198
0.574186
0.574173
0.574159
0.574145
0.57413
0.574115
0.574099
0.574083
0.574065
0.574048
0.574029
0.574011
0.573991
0.573971
0.57395
0.573929
0.573907
0.573885
0.573863
0.57384
0.573816
0.573792
0.573768
0.573743
0.573718
0.573693
0.573667
0.573641
0.573614
0.573588
0.57356
0.573533
0.573505
0.573478
0.573449
0.573421
0.573393
0.573364
0.573335
0.573306
0.573277
0.573247
0.573218
0.573188
0.573159
0.573129
0.573099
0.573069
0.573039
0.57301
0.57298
0.57295
0.57292
0.572891
0.572861
0.572832
0.572802
0.572773
0.572744
0.572715
0.572687
0.572658
0.57263
0.572602
0.572574
0.572547
0.57252
0.572493
0.572467
0.572441
0.572416
0.572391
0.572366
0.572341
0.572317
0.572294
0.572271
0.572248
0.572226
0.572205
0.572184
0.572163
0.572143
0.572124
0.572105
0.572087
0.572069
0.572051
0.572035
0.572019
0.572003
0.571988
0.571974
0.57196
0.571948
0.571935
0.571924
0.571913
0.571903
0.571894
0.571886
0.571878
0.571871
0.571864
0.571858
0.571853
0.571849
0.571845
0.571843
0.57184
0.571839
0.571839
0.571839
0.57184
0.571841
0.571843
0.571847
0.571851
0.571856
0.571861
0.571867
0.571874
0.571882
0.57189
0.571899
0.571909
0.571919
0.57193
0.571942
0.571954
0.571967
0.571981
0.571996
0.572011
0.572027
0.572044
0.572061
0.57208
0.572098
0.572118
0.572137
0.572158
0.572179
0.572201
0.572223
0.572245
0.572269
0.572293
0.572317
0.572342
0.572368
0.572394
0.57242
0.572447
0.572474
0.572501
0.572529
0.572558
0.572586
0.572615
0.572644
0.572674
0.572704
0.572734
0.572764
0.572795
0.572826
0.572857
0.572888
0.57292
0.572951
0.572983
0.573015
0.573047
0.573079
0.573111
0.573143
0.573175
0.573207
0.57324
0.573272
0.573304
0.573336
0.573369
0.573401
0.573432
0.573464
0.573496
0.573527
0.573558
0.573588
0.573619
0.573649
0.57368
0.573709
0.573739
0.573768
0.573797
0.573826
0.573854
0.573881
0.573908
0.573935
0.573961
0.573987
0.574013
0.574038
0.574062
0.574086
0.57411
0.574133
0.574155
0.574177
0.574198
0.574218
0.574238
0.574257
0.574276
0.574294
0.574311
0.574328
0.574344
0.574359
0.574373
0.574387
0.5744
0.574413
0.574424
0.574435
0.574445
0.574454
0.574463
0.57447
0.574477
0.574484
0.574489
0.574493
0.574497
0.574501
0.574503
0.574505
0.574506
0.574506
0.574505
0.574503
0.5745
0.574497
0.574492
0.574487
0.574481
0.574474
0.574467
0.574459
0.574449
0.57444
0.574429
0.574417
0.574405
0.574392
0.574378
0.574364
0.574349
0.574333
0.574316
0.574299
0.574281
0.574262
0.574243
0.574223
0.574202
0.574181
0.574158
0.574136
0.574112
0.574088
0.574064
0.574039
0.574013
0.573987
0.57396
0.573933
0.573905
0.573877
0.573848
0.573819
0.573789
0.573759
0.573728
0.573697
0.573666
0.573634
0.573602
0.57357
0.573537
0.573504
0.573471
0.573438
0.573404
0.573371
0.573337
0.573303
0.573269
0.573234
0.5732
0.573165
0.573131
0.573096
0.573062
0.573027
0.572992
0.572958
0.572923
0.572889
0.572854
0.57282
0.572786
0.572752
0.572718
0.572684
0.572651
0.572618
0.572585
0.572552
0.57252
0.572488
0.572456
0.572425
0.572394
0.572364
0.572334
0.572304
0.572275
0.572246
0.572218
0.572191
0.572163
0.572137
0.57211
0.572085
0.57206
0.572036
0.572012
0.571989
0.571966
0.571944
0.571923
0.571903
0.571883
0.571864
0.571845
0.571828
0.571811
0.571794
0.571779
0.571764
0.57175
0.571737
0.571725
0.571714
0.571703
0.571693
0.571684
0.571676
0.571668
0.571661
0.571656
0.571651
0.571647
0.571643
0.571641
0.57164
0.571639
0.57164
0.571641
0.571643
0.571646
0.571649
0.571654
0.571659
0.571665
0.571672
0.57168
0.571689
0.571699
0.571709
0.571721
0.571733
0.571746
0.57176
0.571775
0.57179
0.571806
0.571823
0.571841
0.57186
0.571879
0.571899
0.57192
0.571941
0.571964
0.571987
0.57201
0.572035
0.57206
0.572085
0.572112
0.572138
0.572166
0.572194
0.572223
0.572252
0.572282
0.572312
0.572343
0.572374
0.572406
0.572438
0.572471
0.572504
0.572537
0.572571
0.572605
0.57264
0.572675
0.57271
0.572746
0.572781
0.572817
0.572854
0.57289
0.572926
0.572963
0.572999
0.573036
0.573073
0.573109
0.573146
0.573183
0.57322
0.573257
0.573294
0.573331
0.573368
0.573405
0.573442
0.573478
0.573514
0.573551
0.573586
0.573622
0.573658
0.573693
0.573728
0.573762
0.573797
0.57383
0.573864
0.573897
0.57393
0.573962
0.573994
0.574025
0.574056
0.574086
0.574116
0.574145
0.574173
0.574201
0.574229
0.574256
0.574282
0.574307
0.574332
0.574356
0.57438
0.574402
0.574424
0.574445
0.574466
0.574486
0.574504
0.574523
0.57454
0.574557
0.574572
0.574587
0.574601
0.574614
0.574627
0.574638
0.574649
0.574658
0.574667
0.574675
0.574682
0.574689
0.574694
0.574698
0.574701
0.574704
0.574705
0.574706
0.574705
0.574704
0.574702
0.574699
0.574695
0.57469
0.574684
0.574677
0.574669
0.57466
0.57465
0.57464
0.574629
0.574616
0.574603
0.574589
0.574574
0.574558
0.574542
0.574524
0.574506
0.574486
0.574466
0.574445
0.574424
0.574401
0.574378
0.574354
0.574329
0.574304
0.574278
0.574251
0.574224
0.574196
0.574167
0.574138
0.574108
0.574077
0.574046
0.574014
0.573982
0.573949
0.573916
0.573882
0.573848
0.573813
0.573778
0.573742
0.573706
0.573669
0.573632
0.573595
0.573558
0.57352
0.573482
0.573444
0.573406
0.573367
0.573328
0.573289
0.57325
0.573211
0.573171
0.573132
0.573092
0.573053
0.573013
0.572974
0.572934
0.572895
0.572856
0.572817
0.572778
0.572739
0.5727
0.572662
0.572624
0.572586
0.572548
0.572511
0.572474
0.572437
0.5724
0.572365
0.572329
0.572294
0.572259
0.572225
0.572192
0.572159
0.572126
0.572094
0.572063
0.572032
0.572002
0.571972
0.571943
0.571915
0.571887
0.57186
0.571834
0.571808
0.571784
0.57176
0.571736
0.571714
0.571692
0.571672
0.571651
0.571632
0.571614
0.571596
0.57158
0.571564
0.571549
0.571535
0.571522
0.57151
0.571499
0.571489
0.57148
0.571471
0.571464
0.571457
0.571452
0.571447
0.571444
0.571441
0.57144
0.571439
0.57144
0.571441
0.571444
0.571447
0.571451
0.571457
0.571463
0.57147
0.571478
0.571487
0.571497
0.571508
0.571521
0.571534
0.571548
0.571563
0.571578
0.571595
0.571613
0.571632
0.571651
0.571671
0.571693
0.571715
0.571738
0.571761
0.571786
0.571811
0.571837
0.571864
0.571892
0.57192
0.571949
0.571979
0.572009
0.57204
0.572072
0.572104
0.572137
0.572171
0.572205
0.57224
0.572275
0.572311
0.572347
0.572384
0.572421
0.572459
0.572497
0.572536
0.572575
0.572615
0.572654
0.572695
0.572735
0.572776
0.572817
0.572858
0.5729
0.572941
0.572983
0.573025
0.573066
0.573108
0.57315
0.573192
0.573233
0.573275
0.573317
0.573359
0.5734
0.573442
0.573483
0.573525
0.573566
0.573607
0.573647
0.573688
0.573728
0.573768
0.573807
0.573846
0.573884
0.573923
0.57396
0.573997
0.574034
0.574071
0.574106
0.574142
0.574176
0.57421
0.574244
0.574277
0.574309
0.57434
0.574371
0.574402
0.574431
0.57446
0.574488
0.574515
0.574541
0.574567
0.574592
0.574615
0.574638
0.574661
0.574682
0.574702
0.574722
0.57474
0.574758
0.574774
0.57479
0.574805
0.574818
0.574831
0.574843
0.574853
0.574863
0.574873
0.574881
0.574888
0.574894
0.574898
0.574902
0.574905
0.574906
0.574907
0.574906
0.574904
0.574902
0.574898
0.574893
0.574887
0.57488
0.574872
0.574863
0.574853
0.574842
0.57483
0.574817
0.574803
0.574789
0.574773
0.574756
0.574738
0.574719
0.574699
0.574679
0.574657
0.574635
0.574611
0.574587
0.574562
0.574536
0.574509
0.574481
0.574453
0.574423
0.574393
0.574362
0.574331
0.574298
0.574265
0.574231
0.574197
0.574161
0.574126
0.574089
0.574052
0.574015
0.573977
0.573938
0.573899
0.573859
0.573819
0.573779
0.573738
0.573696
0.573654
0.573612
0.57357
0.573527
0.573484
0.573441
0.573397
0.573353
0.57331
0.573266
0.573222
0.573177
0.573133
0.573089
0.573044
0.573
0.572956
0.572911
0.572867
0.572823
0.572779
0.572736
0.572692
0.572649
0.572606
0.572563
0.572521
0.572479
0.572437
0.572395
0.572354
0.572313
0.572273
0.572233
0.572194
0.572155
0.572117
0.572079
0.572042
0.572006
0.57197
0.571935
0.5719
0.571867
0.571834
0.571801
0.57177
0.571739
0.571709
0.571679
0.571651
0.571623
0.571596
0.57157
0.571545
0.571521
0.571497
0.571475
0.571454
0.571434
0.571414
0.571396
0.571378
0.571362
0.571346
0.571332
0.571318
0.571306
0.571294
0.571284
0.571275
0.571267
0.57126
0.571254
0.571249
0.571245
0.571242
0.57124
0.571239
0.57124
0.571241
0.571244
0.571248
0.571253
0.571259
0.571266
0.571274
0.571284
0.571294
0.571306
0.571318
0.571332
0.571346
0.571362
0.571379
0.571397
0.571415
0.571435
0.571456
0.571477
0.5715
0.571524
0.571549
0.571574
0.571601
0.571628
0.571657
0.571686
0.571716
0.571747
0.571779
0.571812
0.571845
0.571879
0.571914
0.57195
0.571986
0.572023
0.572061
0.572099
0.572138
0.572178
0.572219
0.57226
0.572301
0.572343
0.572385
0.572428
0.572471
0.572515
0.572559
0.572603
0.572648
0.572693
0.572738
0.572784
0.57283
0.572876
0.572922
0.572968
0.573015
0.573061
0.573108
0.573154
0.573201
0.573248
0.573294
0.573341
0.573387
0.573433
0.57348
0.573526
0.573572
0.573617
0.573663
0.573708
0.573753
0.573798
0.573842
0.573886
0.57393
0.573973
0.574015
0.574057
0.574099
0.574139
0.57418
0.57422
0.574259
0.574297
0.574335
0.574372
0.574409
0.574445
0.57448
0.574514
0.574548
0.574581
0.574612
0.574643
0.574673
0.574703
0.574731
0.574759
0.574785
0.574811
0.574835
0.574859
0.574881
0.574902
0.574923
0.574942
0.574961
0.574978
0.574995
0.57501
0.575024
0.575037
0.57505
0.575061
0.57507
0.575079
0.575087
0.575093
0.575098
0.575102
0.575104
0.575106
0.575106
0.575106
0.575104
0.575101
0.575097
0.575092
0.575085
0.575078
0.575068
0.575058
0.575047
0.575034
0.575021
0.575006
0.574991
0.574974
0.574956
0.574938
0.574918
0.574897
0.574875
0.574852
0.574828
0.574803
0.574777
0.57475
0.574722
0.574693
0.574663
0.574632
0.5746
0.574568
0.574535
0.5745
0.574465
0.574429
0.574392
0.574355
0.574316
0.574277
0.574238
0.574197
0.574156
0.574115
0.574072
0.574029
0.573986
0.573941
0.573897
0.573852
0.573806
0.57376
0.573713
0.573666
0.573619
0.573572
0.573524
0.573476
0.573428
0.57338
0.573331
0.573283
0.573234
0.573185
0.573136
0.573086
0.573037
0.572988
0.572939
0.57289
0.572841
0.572792
0.572743
0.572694
0.572646
0.572598
0.57255
0.572503
0.572455
0.572409
0.572362
0.572316
0.572271
0.572226
0.572181
0.572138
0.572094
0.572051
0.572009
0.571967
0.571926
0.571886
0.571847
0.571808
0.57177
0.571732
0.571696
0.57166
0.571625
0.571591
0.571557
0.571525
0.571493
0.571463
0.571433
0.571404
0.571377
0.57135
0.571324
0.571299
0.571276
0.571253
0.571231
0.571211
0.571192
0.571173
0.571156
0.57114
0.571125
0.571112
0.571099
0.571088
0.571078
0.571069
0.571061
0.571054
0.571049
0.571045
0.571042
0.57104
0.571039
0.57104
0.571042
0.571045
0.571049
0.571055
0.571062
0.57107
0.571079
0.571089
0.5711
0.571113
0.571127
0.571142
0.571158
0.571175
0.571194
0.571214
0.571234
0.571256
0.571279
0.571304
0.571329
0.571355
0.571383
0.571411
0.571441
0.571471
0.571503
0.571536
0.571569
0.571604
0.571639
0.571676
0.571713
0.571751
0.571789
0.571829
0.571869
0.57191
0.571951
0.571994
0.572037
0.572081
0.572125
0.57217
0.572216
0.572262
0.572308
0.572356
0.572404
0.572452
0.5725
0.572549
0.572599
0.572648
0.572698
0.572749
0.572799
0.57285
0.572901
0.572953
0.573004
0.573055
0.573107
0.573158
0.57321
0.573261
0.573312
0.573364
0.573415
0.573466
0.573517
0.573568
0.573619
0.573669
0.573719
0.573769
0.573819
0.573868
0.573916
0.573965
0.574013
0.57406
0.574107
0.574153
0.574199
0.574244
0.574288
0.574332
0.574375
0.574418
0.574459
0.5745
0.574541
0.57458
0.574619
0.574657
0.574693
0.574729
0.574764
0.574798
0.574831
0.574864
0.574895
0.574925
0.574954
0.574982
0.575009
0.575035
0.57506
0.575083
0.575106
0.575128
0.575148
0.575167
0.575185
0.575202
0.575218
0.575232
0.575245
0.575257
0.575267
0.575277
0.575284
0.575291
0.575297
0.575301
0.575304
0.575306
0.575306
0.575305
0.575303
0.5753
0.575295
0.575289
0.575282
0.575274
0.575264
0.575253
0.575241
0.575228
0.575213
0.575197
0.57518
0.575162
0.575142
0.575122
0.5751
0.575076
0.575052
0.575026
0.575
0.574972
0.574943
0.574913
0.574882
0.57485
0.574817
0.574783
0.574748
0.574712
0.574675
0.574637
0.574598
0.574559
0.574518
0.574477
0.574435
0.574392
0.574348
0.574303
0.574258
0.574212
0.574165
0.574118
0.57407
0.574022
0.573973
0.573923
0.573873
0.573822
0.573771
0.57372
0.573668
0.573616
0.573564
0.573511
0.573458
0.573405
0.573352
0.573298
0.573245
0.573191
0.573137
0.573083
0.573029
0.572974
0.572921
0.572867
0.572813
0.57276
0.572706
0.572653
0.5726
0.572548
0.572495
0.572443
0.572392
0.57234
0.572289
0.572239
0.572189
0.572139
0.57209
0.572042
0.571994
0.571947
0.571901
0.571855
0.57181
0.571766
0.571723
0.57168
0.571638
0.571597
0.571557
0.571517
0.571479
0.571441
0.571405
0.57137
0.571335
0.571302
0.57127
0.571238
0.571208
0.571179
0.57115
0.571123
0.571097
0.571073
0.571049
0.571027
0.571005
0.570986
0.570967
0.570949
0.570933
0.570918
0.570905
0.570892
0.570881
0.570872
0.570863
0.570856
0.57085
0.570845
0.570842
0.57084
0.570839
0.57084
0.570842
0.570846
0.57085
0.570857
0.570864
0.570873
0.570883
0.570895
0.570907
0.570921
0.570937
0.570953
0.570971
0.57099
0.571011
0.571033
0.571055
0.57108
0.571105
0.571132
0.571159
0.571188
0.571218
0.571249
0.571282
0.571315
0.57135
0.571385
0.571422
0.57146
0.571498
0.571538
0.571578
0.571619
0.571662
0.571705
0.571749
0.571794
0.571839
0.571886
0.571933
0.571981
0.57203
0.57208
0.57213
0.57218
0.572232
0.572284
0.572336
0.572389
0.572442
0.572496
0.57255
0.572604
0.572659
0.572714
0.57277
0.572825
0.572881
0.572937
0.572993
0.573049
0.573106
0.573162
0.573218
0.573275
0.573331
0.573387
0.573443
0.573499
0.573554
0.57361
0.573665
0.57372
0.573775
0.57383
0.573884
0.573937
0.573991
0.574043
0.574096
0.574147
0.574198
0.574249
0.574299
0.574348
0.574397
0.574445
0.574492
0.574538
0.574584
0.574628
0.574672
0.574715
0.574757
0.574798
0.574839
0.574878
0.574916
0.574953
0.574989
0.575024
0.575058
0.575091
0.575123
0.575153
0.575183
0.575211
0.575238
0.575264
0.575289
0.575312
0.575335
0.575355
0.575375
0.575393
0.57541
0.575425
0.575439
0.575452
0.575463
0.575473
0.575482
0.575489
0.575495
0.5755
0.575504
0.575506
0.575506
0.575505
0.575503
0.575499
0.575494
0.575488
0.57548
0.575471
0.57546
0.575449
0.575435
0.575421
0.575405
0.575387
0.575369
0.575348
0.575327
0.575304
0.57528
0.575255
0.575228
0.5752
0.575171
0.575141
0.57511
0.575077
0.575043
0.575008
0.574972
0.574934
0.574896
0.574857
0.574816
0.574775
0.574732
0.574688
0.574644
0.574599
0.574553
0.574506
0.574458
0.574409
0.57436
0.57431
0.574259
0.574208
0.574156
0.574103
0.574049
0.573995
0.573941
0.573885
0.57383
0.573774
0.573718
0.573661
0.573604
0.573547
0.573489
0.573431
0.573373
0.573315
0.573256
0.573197
0.573138
0.573079
0.57302
0.572962
0.572903
0.572844
0.572785
0.572727
0.572669
0.572611
0.572553
0.572496
0.572439
0.572382
0.572326
0.57227
0.572215
0.57216
0.572106
0.572052
0.571999
0.571946
0.571894
0.571843
0.571793
0.571743
0.571694
0.571646
0.571599
0.571553
0.571507
0.571463
0.571419
0.571376
0.571334
0.571294
0.571254
0.571216
0.571178
0.571142
0.571107
0.571073
0.57104
0.571008
0.570977
0.570948
0.57092
0.570893
0.570867
0.570843
0.570819
0.570798
0.570777
0.570758
0.57074
0.570724
0.570709
0.570696
0.570684
0.570673
0.570664
0.570656
0.570649
0.570644
0.570641
0.570639
0.570639
0.57064
0.570642
0.570646
0.570652
0.570659
0.570667
0.570677
0.570688
0.5707
0.570714
0.570729
0.570746
0.570764
0.570783
0.570804
0.570827
0.57085
0.570875
0.570902
0.570929
0.570958
0.570989
0.57102
0.571053
0.571087
0.571122
0.571158
0.571196
0.571235
0.571275
0.571315
0.571357
0.5714
0.571444
0.571489
0.571535
0.571582
0.57163
0.571679
0.571729
0.571779
0.571831
0.571883
0.571936
0.57199
0.572044
0.572099
0.572155
0.572211
0.572267
0.572325
0.572383
0.572441
0.5725
0.572559
0.572619
0.572679
0.57274
0.5728
0.572861
0.572922
0.572983
0.573044
0.573105
0.573166
0.573227
0.573288
0.57335
0.57341
0.573471
0.573532
0.573592
0.573653
0.573713
0.573773
0.573832
0.573891
0.57395
0.574008
0.574066
0.574123
0.574179
0.574235
0.57429
0.574345
0.574399
0.574452
0.574504
0.574556
0.574607
0.574658
0.574707
0.574756
0.574803
0.57485
0.574895
0.57494
0.574983
0.575026
0.575067
0.575108
0.575147
0.575185
0.575221
0.575257
0.575291
0.575325
0.575357
0.575387
0.575416
0.575444
0.575471
0.575496
0.57552
0.575543
0.575564
0.575583
0.575602
0.575618
0.575634
0.575648
0.57566
0.575671
0.57568
0.575688
0.575695
0.5757
0.575703
0.575706
0.575706
0.575705
0.575703
0.575699
0.575693
0.575686
0.575678
0.575668
0.575656
0.575643
0.575628
0.575612
0.575595
0.575576
0.575556
0.575534
0.575511
0.575486
0.57546
0.575432
0.575404
0.575373
0.575342
0.575309
0.575275
0.575239
0.575203
0.575165
0.575126
0.575085
0.575044
0.575001
0.574957
0.574912
0.574866
0.574819
0.574771
0.574722
0.574672
0.574621
0.574569
0.574516
0.574463
0.574408
0.574353
0.574297
0.574241
0.574184
0.574126
0.574067
0.574008
0.573949
0.573889
0.573828
0.573767
0.573706
0.573644
0.573582
0.57352
0.573457
0.573394
0.573331
0.573267
0.573204
0.57314
0.573077
0.573013
0.572949
0.572886
0.572822
0.572759
0.572695
0.572632
0.57257
0.572507
0.572445
0.572383
0.572322
0.572261
0.572201
0.572141
0.572081
0.572023
0.571965
0.571907
0.57185
0.571795
0.57174
0.571685
0.571631
0.571579
0.571527
0.571476
0.571425
0.571376
0.571328
0.571281
0.571235
0.571189
0.571145
0.571102
0.571061
0.57102
0.570981
0.570942
0.570906
0.57087
0.570836
0.570803
0.570771
0.570741
0.570711
0.570683
0.570657
0.570632
0.570609
0.570587
0.570566
0.570547
0.57053
0.570514
0.570499
0.570487
0.570475
0.570466
0.570457
0.570451
0.570446
0.570442
0.57044
0.57044
0.570441
0.570444
0.570448
0.570454
0.570461
0.57047
0.57048
0.570493
0.570506
0.570521
0.570538
0.570556
0.570576
0.570597
0.570619
0.570644
0.570669
0.570696
0.570725
0.570755
0.570786
0.570819
0.570853
0.570888
0.570924
0.570962
0.571002
0.571042
0.571084
0.571127
0.571171
0.571216
0.571263
0.57131
0.571359
0.571409
0.57146
0.571512
0.571564
0.571618
0.571673
0.571728
0.571784
0.571841
0.571899
0.571958
0.572017
0.572077
0.572138
0.572199
0.572261
0.572323
0.572386
0.57245
0.572514
0.572578
0.572643
0.572708
0.572773
0.572839
0.572905
0.572971
0.573037
0.573103
0.57317
0.573236
0.573302
0.573368
0.573434
0.573499
0.573565
0.57363
0.573695
0.57376
0.573824
0.573888
0.573951
0.574014
0.574077
0.574139
0.5742
0.574261
0.574322
0.574381
0.57444
0.574499
0.574556
0.574613
0.574669
0.574724
0.574778
0.574831
0.574883
0.574934
0.574984
0.575033
0.575081
0.575128
0.575173
0.575218
0.575262
0.575304
0.575345
0.575385
0.575423
0.575461
0.575497
0.575531
0.575564
0.575595
0.575625
0.575654
0.575681
0.575707
0.575731
0.575754
0.575775
0.575795
0.575813
0.575829
0.575844
0.575857
0.575869
0.575879
0.575888
0.575895
0.5759
0.575904
0.575906
0.575906
0.575905
0.575902
0.575898
0.575892
0.575884
0.575875
0.575864
0.575851
0.575837
0.575821
0.575804
0.575785
0.575765
0.575743
0.575719
0.575694
0.575668
0.57564
0.57561
0.575579
0.575547
0.575513
0.575478
0.575441
0.575403
0.575363
0.575322
0.57528
0.575236
0.575191
0.575145
0.575097
0.575049
0.574999
0.574948
0.574896
0.574843
0.574789
0.574735
0.574679
0.574622
0.574564
0.574506
0.574447
0.574387
0.574326
0.574264
0.574202
0.574139
0.574075
0.574011
0.573947
0.573881
0.573816
0.57375
0.573683
0.573616
0.573549
0.573481
0.573414
0.573346
0.573277
0.573209
0.573141
0.573072
0.573004
0.572935
0.572867
0.572799
0.57273
0.572662
0.572595
0.572527
0.57246
0.572393
0.572327
0.572261
0.572196
0.572131
0.572067
0.572003
0.57194
0.571877
0.571816
0.571754
0.571694
0.571635
0.571576
0.571518
0.571461
0.571405
0.571351
0.571297
0.571244
0.571192
0.571141
0.571092
0.571043
0.570996
0.57095
0.570905
0.570862
0.570819
0.570778
0.570739
0.570701
0.570664
0.570628
0.570594
0.570562
0.570531
0.570501
0.570473
0.570446
0.570421
0.570398
0.570376
0.570355
0.570337
0.570319
0.570304
0.57029
0.570278
0.570267
0.570259
0.570252
0.570246
0.570243
0.570241
0.57024
0.570241
0.570244
0.570249
0.570255
0.570263
0.570273
0.570284
0.570297
0.570311
0.570327
0.570345
0.570365
0.570386
0.570409
0.570433
0.570459
0.570487
0.570516
0.570547
0.570579
0.570613
0.570648
0.570685
0.570723
0.570762
0.570803
0.570846
0.570889
0.570935
0.570981
0.571028
0.571077
0.571127
0.571178
0.571231
0.571284
0.571338
0.571394
0.571451
0.571508
0.571567
0.571626
0.571687
0.571748
0.57181
0.571873
0.571936
0.572001
0.572066
0.572131
0.572198
0.572265
0.572332
0.572401
0.572469
0.572538
0.572608
0.572678
0.572748
0.572818
0.572889
0.57296
0.573031
0.573102
0.573173
0.573244
0.573315
0.573386
0.573456
0.573527
0.573597
0.573667
0.573737
0.573806
0.573875
0.573944
0.574012
0.57408
0.574147
0.574213
0.574279
0.574345
0.574409
0.574473
0.574536
0.574599
0.57466
0.574721
0.574781
0.574839
0.574897
0.574954
0.57501
0.575065
0.575119
0.575172
0.575224
0.575274
0.575323
0.575371
0.575417
0.575462
0.575506
0.575549
0.57559
0.57563
0.575668
0.575705
0.57574
0.575774
0.575807
0.575837
0.575866
0.575894
0.57592
0.575944
0.575966
0.575987
0.576006
0.576024
0.57604
0.576054
0.576066
0.576077
0.576086
0.576094
0.5761
0.576104
0.576106
0.576107
0.576105
0.576102
0.576097
0.576091
0.576082
0.576072
0.57606
0.576047
0.576032
0.576015
0.575996
0.575976
0.575954
0.57593
0.575904
0.575877
0.575849
0.575819
0.575787
0.575754
0.575719
0.575682
0.575645
0.575605
0.575564
0.575522
0.575478
0.575433
0.575387
0.575339
0.57529
0.575239
0.575187
0.575134
0.57508
0.575025
0.574968
0.57491
0.574851
0.574792
0.574731
0.574669
0.574606
0.574543
0.574478
0.574413
0.574347
0.57428
0.574213
0.574145
0.574076
0.574006
0.573936
0.573866
0.573795
0.573723
0.573652
0.57358
0.573507
0.573435
0.573362
0.573289
0.573216
0.573142
0.573069
0.572996
0.572922
0.572849
0.572776
0.572703
0.57263
0.572558
0.572486
0.572414
0.572342
0.572271
0.572201
0.572131
0.572061
0.571992
0.571924
0.571857
0.57179
0.571724
0.571658
0.571594
0.571531
0.571468
0.571406
0.571346
0.571286
0.571227
0.571169
0.571113
0.571057
0.571003
0.57095
0.570898
0.570848
0.570798
0.57075
0.570704
0.570659
0.570615
0.570572
0.570532
0.570492
0.570454
0.570418
0.570383
0.57035
0.570318
0.570288
0.57026
0.570233
0.570208
0.570184
0.570163
0.570143
0.570125
0.570108
0.570094
0.570081
0.570069
0.57006
0.570052
0.570047
0.570043
0.57004
0.57004
0.570041
0.570044
0.570049
0.570056
0.570065
0.570075
0.570087
0.570101
0.570117
0.570134
0.570154
0.570175
0.570197
0.570222
0.570248
0.570276
0.570305
0.570336
0.570369
0.570403
0.570439
0.570477
0.570516
0.570557
0.570599
0.570643
0.570688
0.570735
0.570783
0.570833
0.570884
0.570936
0.570989
0.571044
0.5711
0.571157
0.571215
0.571275
0.571335
0.571397
0.571459
0.571523
0.571588
0.571653
0.57172
0.571787
0.571855
0.571924
0.571993
0.572064
0.572135
0.572206
0.572278
0.572351
0.572424
0.572498
0.572572
0.572647
0.572722
0.572798
0.572873
0.572949
0.573024
0.5731
0.573176
0.573252
0.573327
0.573403
0.573479
0.573554
0.573629
0.573704
0.573778
0.573853
0.573926
0.573999
0.574072
0.574144
0.574216
0.574287
0.574357
0.574427
0.574496
0.574564
0.574631
0.574698
0.574764
0.574829
0.574893
0.574956
0.575018
0.575079
0.575139
0.575197
0.575255
0.575311
0.575366
0.575419
0.575472
0.575523
0.575573
0.575621
0.575668
0.575714
0.575758
0.5758
0.575841
0.57588
0.575917
0.575953
0.575987
0.57602
0.57605
0.57608
0.576107
0.576133
0.576157
0.576179
0.5762
0.576219
0.576236
0.576251
0.576264
0.576276
0.576286
0.576293
0.576299
0.576303
0.576306
0.576306
0.576305
0.576301
0.576296
0.576289
0.57628
0.576269
0.576256
0.576242
0.576225
0.576207
0.576187
0.576166
0.576142
0.576117
0.57609
0.576061
0.576031
0.575999
0.575965
0.575929
0.575892
0.575853
0.575812
0.57577
0.575726
0.575681
0.575635
0.575586
0.575537
0.575486
0.575433
0.575379
0.575324
0.575268
0.57521
0.575151
0.575091
0.575029
0.574966
0.574903
0.574838
0.574772
0.574705
0.574637
0.574568
0.574499
0.574428
0.574357
0.574285
0.574212
0.574139
0.574065
0.57399
0.573915
0.573839
0.573763
0.573687
0.57361
0.573533
0.573456
0.573378
0.5733
0.573222
0.573144
0.573066
0.572988
0.572909
0.572831
0.572754
0.572676
0.572599
0.572521
0.572444
0.572368
0.572292
0.572216
0.572141
0.572066
0.571992
0.571919
0.571846
0.571774
0.571703
0.571632
0.571563
0.571494
0.571426
0.571359
0.571293
0.571229
0.571165
0.571102
0.571041
0.570981
0.570922
0.570864
0.570808
0.570753
0.570699
0.570647
0.570596
0.570546
0.570498
0.570451
0.570406
0.570363
0.570321
0.57028
0.570241
0.570204
0.570169
0.570135
0.570103
0.570073
0.570045
0.570018
0.569993
0.56997
0.569949
0.56993
0.569912
0.569897
0.569883
0.569871
0.569861
0.569853
0.569847
0.569843
0.569841
0.56984
0.569842
0.569845
0.56985
0.569858
0.569867
0.569878
0.569891
0.569906
0.569923
0.569941
0.569962
0.569984
0.570009
0.570035
0.570063
0.570092
0.570124
0.570157
0.570192
0.570229
0.570267
0.570308
0.570349
0.570393
0.570438
0.570485
0.570533
0.570583
0.570634
0.570687
0.570741
0.570797
0.570854
0.570912
0.570972
0.571032
0.571094
0.571158
0.571222
0.571288
0.571355
0.571423
0.571492
0.571561
0.571632
0.571704
0.571776
0.57185
0.571924
0.571999
0.572074
0.57215
0.572227
0.572304
0.572382
0.57246
0.572539
0.572618
0.572698
0.572778
0.572858
0.572938
0.573018
0.573099
0.57318
0.57326
0.573341
0.573421
0.573502
0.573582
0.573662
0.573741
0.573821
0.5739
0.573978
0.574056
0.574133
0.57421
0.574286
0.574362
0.574436
0.574511
0.574584
0.574657
0.574728
0.574799
0.574869
0.574938
0.575005
0.575072
0.575138
0.575203
0.575267
0.575329
0.57539
0.57545
0.575508
0.575565
0.575621
0.575675
0.575728
0.575779
0.575829
0.575877
0.575924
0.575969
0.576012
0.576053
0.576093
0.576131
0.576168
0.576202
0.576235
0.576266
0.576295
0.576323
0.576348
0.576372
0.576394
0.576414
0.576432
0.576448
0.576463
0.576475
0.576485
0.576493
0.5765
0.576504
0.576506
0.576506
0.576505
0.576501
0.576495
0.576488
0.576478
0.576467
0.576453
0.576438
0.576421
0.576401
0.57638
0.576357
0.576332
0.576305
0.576276
0.576245
0.576213
0.576178
0.576142
0.576105
0.576065
0.576023
0.57598
0.575935
0.575889
0.575841
0.575791
0.57574
0.575688
0.575634
0.575578
0.575521
0.575462
0.575402
0.575341
0.575278
0.575214
0.575149
0.575082
0.575014
0.574945
0.574875
0.574804
0.574732
0.574659
0.574585
0.57451
0.574434
0.574358
0.574281
0.574203
0.574124
0.574045
0.573965
0.573885
0.573804
0.573723
0.573641
0.573559
0.573477
0.573394
0.573312
0.573229
0.573146
0.573063
0.57298
0.572897
0.572814
0.572731
0.572649
0.572567
0.572484
0.572403
0.572321
0.57224
0.57216
0.57208
0.572001
0.571922
0.571845
0.571767
0.571691
0.571615
0.571541
0.571467
0.571394
0.571322
0.571251
0.571181
0.571112
0.571045
0.570978
0.570913
0.57085
0.570787
0.570726
0.570666
0.570608
0.570551
0.570495
0.570441
0.570389
0.570338
0.570288
0.57024
0.570194
0.570149
0.570107
0.570065
0.570026
0.569989
0.569953
0.569919
0.569886
0.569856
0.569828
0.569802
0.569777
0.569755
0.569735
0.569716
0.5697
0.569685
0.569673
0.569662
0.569654
0.569647
0.569643
0.569641
0.56964
0.569642
0.569646
0.569652
0.56966
0.56967
0.569681
0.569695
0.569711
0.569729
0.569748
0.56977
0.569794
0.569819
0.569847
0.569877
0.569908
0.569941
0.569976
0.570013
0.570052
0.570093
0.570136
0.57018
0.570226
0.570274
0.570324
0.570375
0.570428
0.570482
0.570538
0.570595
0.570654
0.570715
0.570777
0.57084
0.570905
0.570971
0.571038
0.571107
0.571176
0.571247
0.571319
0.571392
0.571465
0.57154
0.571616
0.571693
0.571771
0.571849
0.571929
0.572009
0.57209
0.572172
0.572254
0.572337
0.57242
0.572504
0.572588
0.572672
0.572757
0.572841
0.572927
0.573012
0.573097
0.573182
0.573268
0.573353
0.573438
0.573523
0.573608
0.573693
0.573778
0.573862
0.573945
0.574028
0.574111
0.574193
0.574275
0.574355
0.574435
0.574515
0.574593
0.574671
0.574748
0.574824
0.574899
0.574973
0.575046
0.575118
0.575189
0.575258
0.575327
0.575394
0.57546
0.575525
0.575588
0.57565
0.57571
0.575769
0.575827
0.575882
0.575937
0.575989
0.576041
0.57609
0.576138
0.576183
0.576227
0.57627
0.57631
0.576348
0.576385
0.57642
0.576453
0.576484
0.576513
0.57654
0.576565
0.576588
0.576609
0.576628
0.576645
0.57666
0.576673
0.576684
0.576692
0.576699
0.576704
0.576706
0.576706
0.576704
0.5767
0.576694
0.576686
0.576676
0.576664
0.576649
0.576633
0.576615
0.576594
0.576572
0.576548
0.576521
0.576493
0.576462
0.57643
0.576395
0.576359
0.57632
0.57628
0.576238
0.576194
0.576149
0.576101
0.576052
0.576001
0.575949
0.575894
0.575838
0.575781
0.575721
0.575661
0.575598
0.575535
0.57547
0.575403
0.575336
0.575267
0.575197
0.575125
0.575052
0.574978
0.574903
0.574827
0.574749
0.574671
0.574592
0.574512
0.574431
0.574349
0.574266
0.574183
0.574099
0.574015
0.57393
0.573844
0.573758
0.573672
0.573585
0.573498
0.57341
0.573322
0.573235
0.573147
0.573059
0.572971
0.572884
0.572796
0.572708
0.572621
0.572534
0.572447
0.572361
0.572275
0.572189
0.572104
0.57202
0.571936
0.571853
0.57177
0.571688
0.571608
0.571528
0.571448
0.57137
0.571293
0.571217
0.571142
0.571068
0.570996
0.570924
0.570854
0.570785
0.570718
0.570652
0.570587
0.570524
0.570462
0.570402
0.570343
0.570286
0.57023
0.570176
0.570124
0.570073
0.570024
0.569977
0.569932
0.569889
0.569847
0.569807
0.56977
0.569734
0.5697
0.569668
0.569639
0.569611
0.569585
0.569561
0.56954
0.56952
0.569503
0.569487
0.569474
0.569463
0.569454
0.569448
0.569443
0.569441
0.569441
0.569443
0.569447
0.569453
0.569461
0.569472
0.569484
0.569499
0.569515
0.569534
0.569555
0.569578
0.569603
0.56963
0.56966
0.569691
0.569724
0.56976
0.569797
0.569836
0.569877
0.569921
0.569966
0.570013
0.570061
0.570112
0.570164
0.570218
0.570274
0.570332
0.570391
0.570451
0.570514
0.570578
0.570643
0.57071
0.570778
0.570848
0.570919
0.570991
0.571065
0.571139
0.571215
0.571293
0.571371
0.57145
0.571531
0.571612
0.571695
0.571778
0.571862
0.571947
0.572032
0.572118
0.572205
0.572292
0.57238
0.572468
0.572557
0.572646
0.572735
0.572825
0.572915
0.573005
0.573095
0.573185
0.573275
0.573365
0.573455
0.573545
0.573634
0.573724
0.573813
0.573902
0.573991
0.574079
0.574166
0.574253
0.574339
0.574425
0.574509
0.574593
0.574676
0.574759
0.57484
0.57492
0.574999
0.575077
0.575154
0.57523
0.575305
0.575379
0.575451
0.575522
0.575591
0.575659
0.575726
0.575791
0.575855
0.575917
0.575978
0.576037
0.576094
0.57615
0.576204
0.576256
0.576306
0.576355
0.576401
0.576446
0.576489
0.576529
0.576568
0.576605
0.57664
0.576672
0.576703
0.576731
0.576758
0.576782
0.576804
0.576824
0.576842
0.576858
0.576871
0.576883
0.576892
0.576899
0.576903
0.576906
0.576906
0.576904
0.5769
0.576894
0.576885
0.576874
0.576861
0.576846
0.576829
0.576809
0.576788
0.576764
0.576738
0.57671
0.57668
0.576648
0.576613
0.576577
0.576539
0.576498
0.576456
0.576412
0.576365
0.576317
0.576267
0.576215
0.576161
0.576106
0.576048
0.575989
0.575928
0.575866
0.575802
0.575736
0.575669
0.575601
0.575531
0.575459
0.575386
0.575312
0.575236
0.575159
0.575081
0.575001
0.574921
0.574839
0.574757
0.574674
0.574589
0.574504
0.574418
0.574331
0.574243
0.574155
0.574065
0.573976
0.573885
0.573794
0.573702
0.573611
0.573519
0.573426
0.573334
0.573242
0.573149
0.573056
0.572964
0.572871
0.572779
0.572687
0.572595
0.572503
0.572411
0.57232
0.572229
0.572139
0.572049
0.57196
0.571871
0.571784
0.571697
0.571611
