0.574224
0.574227
0.574229
0.574231
0.574232
0.574232
0.574233
0.574233
0.574233
0.574233
0.574233
0.574232
0.574231
0.57423
0.574228
0.574226
0.574224
0.574221
0.574219
0.574216
0.574213
0.57421
0.574206
0.574203
0.574199
0.574195
0.574191
0.574187
0.574183
0.574179
0.574175
0.574171
0.574167
0.574163
0.574159
0.574155
0.574152
0.574149
0.574146
0.574143
0.574141
0.574139
0.574137
0.574135
0.574134
0.574134
0.574133
0.574134
0.574134
0.574135
0.574137
0.574139
0.574142
0.574145
0.574148
0.574153
0.574157
0.574162
0.574168
0.574173
0.574179
0.574186
0.574193
0.5742
0.574208
0.574216
0.574225
0.574233
0.574242
0.574251
0.57426
0.574269
0.574278
0.574288
0.574297
0.574306
0.574315
0.574324
0.574333
0.574341
0.574349
0.574357
0.574364
0.574371
0.574378
0.574384
0.574389
0.574394
0.574398
0.574401
0.574404
0.574406
0.574408
0.574408
0.574408
0.574407
0.574405
0.574403
0.574399
0.574395
0.57439
0.574385
0.574378
0.574371
0.574363
0.574354
0.574345
0.574334
0.574323
0.574312
0.5743
0.574287
0.574274
0.57426
0.574246
0.574232
0.574217
0.574202
0.574187
0.574172
0.574157
0.574142
0.574127
0.574112
0.574097
0.574083
0.574069
0.574055
0.574042
0.574029
0.574017
0.574005
0.573995
0.573985
0.573976
0.573967
0.57396
0.573953
0.573948
0.573944
0.57394
0.573938
0.573937
0.573937
0.573938
0.573941
0.573944
0.573949
0.573955
0.573962
0.57397
0.573979
0.57399
0.574002
0.574014
0.574028
0.574042
0.574058
0.574074
0.574091
0.574109
0.574128
0.574147
0.574167
0.574187
0.574208
0.574229
0.57425
0.574271
0.574292
0.574314
0.574335
0.574356
0.574377
0.574397
0.574417
0.574436
0.574454
0.574472
0.574489
0.574505
0.57452
0.574535
0.574548
0.57456
0.57457
0.57458
0.574588
0.574594
0.5746
0.574603
0.574606
0.574606
0.574605
0.574603
0.574599
0.574594
0.574587
0.574578
0.574568
0.574557
0.574544
0.574529
0.574514
0.574497
0.574478
0.574459
0.574438
0.574416
0.574393
0.57437
0.574345
0.57432
0.574294
0.574268
0.574241
0.574214
0.574186
0.574159
0.574132
0.574104
0.574077
0.57405
0.574024
0.573998
0.573973
0.573949
0.573926
0.573903
0.573882
0.573861
0.573842
0.573824
0.573808
0.573793
0.57378
0.573769
0.573759
0.573751
0.573745
0.573741
0.573738
0.573738
0.573739
0.573743
0.573748
0.573755
0.573765
0.573776
0.573789
0.573804
0.573821
0.573839
0.573859
0.573881
0.573904
0.573929
0.573955
0.573982
0.574011
0.57404
0.574071
0.574102
0.574134
0.574167
0.5742
0.574233
0.574267
0.574301
0.574334
0.574368
0.574401
0.574434
0.574466
0.574497
0.574528
0.574557
0.574586
0.574613
0.574638
0.574663
0.574685
0.574706
0.574725
0.574743
0.574758
0.574772
0.574783
0.574792
0.574799
0.574804
0.574806
0.574806
0.574804
0.574799
0.574792
0.574783
0.574772
0.574758
0.574742
0.574724
0.574704
0.574682
0.574658
0.574632
0.574604
0.574574
0.574542
0.57451
0.574475
0.57444
0.574404
0.574366
0.574328
0.574289
0.574249
0.574209
0.574169
0.574129
0.57409
0.57405
0.574011
0.573972
0.573934
0.573898
0.573862
0.573827
0.573794
0.573762
0.573732
0.573704
0.573677
0.573653
0.57363
0.57361
0.573592
0.573577
0.573564
0.573553
0.573546
0.57354
0.573538
0.573538
0.573541
0.573547
0.573555
0.573566
0.57358
0.573596
0.573615
0.573637
0.573661
0.573687
0.573716
0.573746
0.573779
0.573814
0.573851
0.573889
0.573929
0.57397
0.574012
0.574056
0.5741
0.574145
0.574191
0.574237
0.574283
0.574329
0.574375
0.574421
0.574466
0.574511
0.574554
0.574597
0.574638
0.574678
0.574716
0.574752
0.574787
0.574819
0.574849
0.574877
0.574902
0.574925
0.574945
0.574963
0.574977
0.574989
0.574998
0.575003
0.575006
0.575006
0.575002
0.574995
0.574986
0.574973
0.574957
0.574938
0.574916
0.574891
0.574864
0.574833
0.574801
0.574765
0.574728
0.574688
0.574646
0.574603
0.574557
0.57451
0.574462
0.574412
0.574362
0.57431
0.574258
0.574206
0.574153
0.574101
0.574048
0.573996
0.573945
0.573895
0.573846
0.573798
0.573751
0.573706
0.573663
0.573622
0.573583
0.573547
0.573513
0.573482
0.573453
0.573427
0.573405
0.573385
0.573369
0.573356
0.573347
0.573341
0.573338
0.573339
0.573343
0.573351
0.573362
0.573377
0.573395
0.573417
0.573442
0.57347
0.573501
0.573535
0.573572
0.573612
0.573655
0.5737
0.573747
0.573796
0.573847
0.5739
0.573954
0.574009
0.574066
0.574124
0.574182
0.574241
0.574299
0.574358
0.574416
0.574474
0.574531
0.574587
0.574642
0.574696
0.574748
0.574798
0.574845
0.574891
0.574934
0.574975
0.575013
0.575047
0.575079
0.575107
0.575132
0.575154
0.575172
0.575186
0.575197
0.575203
0.575206
0.575205
0.5752
0.575191
0.575178
0.575161
0.575141
0.575117
0.575089
0.575058
0.575023
0.574985
0.574943
0.574899
0.574852
0.574802
0.57475
0.574695
0.574638
0.574579
0.574519
0.574457
0.574395
0.574331
0.574266
0.574201
0.574136
0.574072
0.574007
0.573943
0.57388
0.573818
0.573757
0.573698
0.573641
0.573586
0.573533
0.573483
0.573435
0.57339
0.573349
0.573311
0.573276
0.573245
0.573217
0.573194
0.573174
0.573159
0.573148
0.573141
0.573138
0.573139
0.573145
0.573155
0.57317
0.573188
0.573211
0.573238
0.573268
0.573303
0.573342
0.573384
0.573429
0.573478
0.57353
0.573585
0.573643
0.573703
0.573765
0.573829
0.573896
0.573963
0.574032
0.574103
0.574173
0.574245
0.574316
0.574387
0.574458
0.574528
0.574597
0.574665
0.574732
0.574796
0.574859
0.574919
0.574977
0.575032
0.575083
0.575132
0.575177
0.575219
0.575257
0.575291
0.57532
0.575346
0.575367
0.575384
0.575396
0.575403
0.575406
0.575404
0.575398
0.575387
0.575371
0.57535
0.575325
0.575296
0.575262
0.575224
0.575182
0.575136
0.575086
0.575033
0.574976
0.574916
0.574853
0.574788
0.57472
0.574649
0.574577
0.574503
0.574428
0.574352
0.574275
0.574198
0.57412
0.574043
0.573966
0.57389
0.573815
0.573741
0.573669
0.573599
0.573531
0.573465
0.573403
0.573343
0.573287
0.573234
0.573185
0.57314
0.573099
0.573062
0.57303
0.573003
0.57298
0.572962
0.572949
0.572941
0.572938
0.57294
0.572948
0.57296
0.572977
0.572999
0.573026
0.573058
0.573095
0.573137
0.573182
0.573232
0.573286
0.573344
0.573406
0.573471
0.573539
0.57361
0.573683
0.57376
0.573838
0.573918
0.573999
0.574082
0.574165
0.574249
0.574332
0.574416
0.574499
0.574582
0.574663
0.574743
0.574821
0.574896
0.574969
0.57504
0.575107
0.575171
0.575232
0.575289
0.575342
0.57539
0.575434
0.575473
0.575508
0.575537
0.575562
0.575581
0.575595
0.575603
0.575606
0.575604
0.575596
0.575582
0.575563
0.575539
0.57551
0.575475
0.575435
0.575391
0.575342
0.575288
0.575229
0.575167
0.5751
0.57503
0.574957
0.574881
0.574801
0.574719
0.574635
0.57455
0.574462
0.574374
0.574284
0.574194
0.574104
0.574014
0.573925
0.573836
0.573749
0.573664
0.57358
0.573499
0.57342
0.573345
0.573272
0.573203
0.573138
0.573077
0.573021
0.572969
0.572922
0.57288
0.572843
0.572811
0.572785
0.572765
0.57275
0.572741
0.572738
0.572741
0.57275
0.572764
0.572784
0.57281
0.572842
0.572879
0.572922
0.57297
0.573022
0.57308
0.573143
0.57321
0.573281
0.573356
0.573435
0.573517
0.573602
0.57369
0.57378
0.573872
0.573965
0.57406
0.574156
0.574252
0.574348
0.574445
0.57454
0.574635
0.574728
0.574819
0.574909
0.574995
0.575079
0.57516
0.575237
0.575311
0.57538
0.575445
0.575505
0.575561
0.575611
0.575656
0.575695
0.575728
0.575756
0.575778
0.575794
0.575803
0.575806
0.575803
0.575794
0.575778
0.575756
0.575728
0.575694
0.575654
0.575609
0.575558
0.575501
0.575439
0.575373
0.575301
0.575225
0.575145
0.575061
0.574974
0.574883
0.57479
0.574694
0.574596
0.574496
0.574395
0.574293
0.574191
0.574088
0.573985
0.573884
0.573783
0.573684
0.573587
0.573492
0.573399
0.57331
0.573224
0.573142
0.573064
0.57299
0.572921
0.572857
0.572798
0.572745
0.572697
0.572656
0.57262
0.572591
0.572568
0.572551
0.572541
0.572538
0.572542
0.572552
0.572568
0.572591
0.572621
0.572657
0.5727
0.572748
0.572803
0.572863
0.572929
0.573
0.573076
0.573157
0.573242
0.573331
0.573424
0.57352
0.57362
0.573721
0.573826
0.573932
0.574039
0.574147
0.574256
0.574365
0.574474
0.574582
0.574688
0.574794
0.574897
0.574998
0.575096
0.57519
0.575281
0.575368
0.575451
0.575529
0.575602
0.57567
0.575732
0.575789
0.575839
0.575883
0.575921
0.575952
0.575976
0.575993
0.576003
0.576006
0.576003
0.575992
0.575974
0.575949
0.575918
0.575879
0.575834
0.575783
0.575725
0.575661
0.575591
0.575516
0.575435
0.57535
0.57526
0.575165
0.575067
0.574965
0.57486
0.574753
0.574643
0.574531
0.574417
0.574303
0.574187
0.574072
0.573957
0.573843
0.57373
0.573619
0.57351
0.573403
0.5733
0.5732
0.573104
0.573012
0.572924
0.572842
0.572765
0.572693
0.572627
0.572568
0.572515
0.572468
0.572429
0.572396
0.572371
0.572353
0.572342
0.572338
0.572342
0.572354
0.572373
0.572399
0.572432
0.572473
0.57252
0.572575
0.572636
0.572703
0.572777
0.572857
0.572942
0.573032
0.573128
0.573227
0.573331
0.573439
0.57355
0.573664
0.57378
0.573898
0.574018
0.574139
0.574261
0.574382
0.574503
0.574624
0.574742
0.57486
0.574975
0.575087
0.575196
0.575301
0.575402
0.575499
0.575591
0.575678
0.575759
0.575834
0.575903
0.575966
0.576022
0.576071
0.576112
0.576146
0.576173
0.576192
0.576203
0.576207
0.576202
0.57619
0.57617
0.576142
0.576107
0.576064
0.576013
0.575956
0.575892
0.575821
0.575743
0.57566
0.57557
0.575475
0.575375
0.57527
0.575161
0.575047
0.574931
0.574811
0.574689
0.574564
0.574438
0.574311
0.574183
0.574055
0.573928
0.573801
0.573676
0.573553
0.573432
0.573314
0.5732
0.573089
0.572983
0.572881
0.572784
0.572693
0.572608
0.572529
0.572456
0.572391
0.572332
0.572281
0.572237
0.572202
0.572174
0.572154
0.572142
0.572138
0.572143
0.572156
0.572177
0.572206
0.572243
0.572288
0.572341
0.572402
0.572469
0.572544
0.572625
0.572713
0.572807
0.572908
0.573013
0.573123
0.573238
0.573357
0.57348
0.573606
0.573734
0.573865
0.573997
0.57413
0.574264
0.574398
0.574532
0.574664
0.574795
0.574925
0.575051
0.575175
0.575295
0.575411
0.575523
0.575629
0.57573
0.575826
0.575915
0.575998
0.576074
0.576143
0.576204
0.576258
0.576304
0.576341
0.57637
0.576391
0.576403
0.576407
0.576402
0.576388
0.576366
0.576335
0.576295
0.576248
0.576193
0.576129
0.576058
0.57598
0.575895
0.575802
0.575704
0.575599
0.575489
0.575373
0.575253
0.575129
0.575001
0.574869
0.574735
0.574598
0.57446
0.57432
0.57418
0.574039
0.573899
0.573761
0.573623
0.573488
0.573355
0.573226
0.5731
0.572979
0.572862
0.572751
0.572645
0.572545
0.572451
0.572365
0.572286
0.572214
0.57215
0.572094
0.572046
0.572007
0.571976
0.571955
0.571942
0.571938
0.571944
0.571958
0.571981
0.572013
0.572054
0.572104
0.572162
0.572228
0.572302
0.572385
0.572474
0.572571
0.572674
0.572784
0.572899
0.57302
0.573146
0.573276
0.57341
0.573548
0.573688
0.573831
0.573975
0.574121
0.574268
0.574414
0.574561
0.574706
0.574849
0.57499
0.575128
0.575263
0.575395
0.575521
0.575643
0.57576
0.57587
0.575975
0.576072
0.576163
0.576245
0.57632
0.576387
0.576446
0.576495
0.576536
0.576568
0.57659
0.576603
0.576607
0.576601
0.576586
0.576562
0.576528
0.576485
0.576433
0.576372
0.576303
0.576225
0.57614
0.576046
0.575946
0.575838
0.575724
0.575603
0.575477
0.575346
0.57521
0.575071
0.574927
0.574781
0.574632
0.574481
0.574329
0.574176
0.574023
0.573871
0.57372
0.57357
0.573423
0.573279
0.573138
0.573002
0.572869
0.572742
0.572621
0.572506
0.572397
0.572295
0.572201
0.572115
0.572037
0.571967
0.571907
0.571855
0.571812
0.571779
0.571756
0.571742
0.571739
0.571744
0.57176
0.571786
0.571821
0.571865
0.571919
0.571983
0.572055
0.572136
0.572225
0.572323
0.572428
0.57254
0.572659
0.572785
0.572916
0.573053
0.573195
0.57334
0.57349
0.573643
0.573798
0.573955
0.574113
0.574272
0.574432
0.57459
0.574747
0.574903
0.575056
0.575206
0.575352
0.575494
0.575632
0.575764
0.57589
0.57601
0.576123
0.576229
0.576327
0.576416
0.576498
0.57657
0.576633
0.576687
0.576731
0.576765
0.576789
0.576803
0.576807
0.576801
0.576784
0.576758
0.576721
0.576674
0.576618
0.576552
0.576477
0.576393
0.5763
0.576198
0.576089
0.575972
0.575848
0.575718
0.575581
0.575439
0.575292
0.575141
0.574985
0.574827
0.574665
0.574502
0.574337
0.574172
0.574007
0.573842
0.573678
0.573517
0.573357
0.573201
0.573049
0.572901
0.572759
0.572621
0.57249
0.572366
0.572248
0.572139
0.572037
0.571944
0.57186
0.571785
0.571719
0.571663
0.571618
0.571582
0.571557
0.571543
0.571539
0.571545
0.571562
0.57159
0.571628
0.571676
0.571735
0.571804
0.571882
0.571969
0.572066
0.572171
0.572285
0.572406
0.572535
0.572671
0.572812
0.57296
0.573113
0.573271
0.573432
0.573597
0.573765
0.573934
0.574105
0.574277
0.574448
0.574619
0.574789
0.574957
0.575122
0.575283
0.575441
0.575594
0.575743
0.575885
0.576021
0.57615
0.576272
0.576386
0.576491
0.576588
0.576675
0.576753
0.576821
0.576878
0.576926
0.576962
0.576988
0.577003
0.577007
0.577
0.576982
0.576953
0.576914
0.576863
0.576802
0.576731
0.57665
0.576559
0.576459
0.57635
0.576232
0.576106
0.575973
0.575832
0.575685
0.575532
0.575374
0.57521
0.575043
0.574872
0.574699
0.574523
0.574346
0.574168
0.57399
0.573813
0.573637
0.573463
0.573292
0.573125
0.572961
0.572802
0.572649
0.572501
0.57236
0.572226
0.5721
0.571982
0.571873
0.571773
0.571683
0.571602
0.571532
0.571472
0.571423
0.571385
0.571358
0.571343
0.571339
0.571346
0.571364
0.571394
0.571435
0.571488
0.571551
0.571624
0.571708
0.571803
0.571906
0.57202
0.572142
0.572272
0.572411
0.572556
0.572709
0.572867
0.573032
0.573201
0.573374
0.573551
0.573731
0.573913
0.574096
0.57428
0.574465
0.574648
0.57483
0.57501
0.575187
0.575361
0.57553
0.575694
0.575853
0.576005
0.576151
0.57629
0.57642
0.576542
0.576655
0.576759
0.576852
0.576935
0.577008
0.57707
0.57712
0.57716
0.577187
0.577203
0.577207
0.5772
0.57718
0.577149
0.577106
0.577052
0.576987
0.576911
0.576823
0.576726
0.576618
0.576501
0.576375
0.57624
0.576097
0.575947
0.575789
0.575625
0.575455
0.57528
0.575101
0.574918
0.574732
0.574544
0.574354
0.574164
0.573973
0.573784
0.573595
0.573409
0.573226
0.573047
0.572872
0.572702
0.572538
0.57238
0.57223
0.572087
0.571952
0.571826
0.571709
0.571602
0.571506
0.57142
0.571344
0.571281
0.571228
0.571188
0.571159
0.571143
0.571139
0.571146
0.571166
0.571199
0.571243
0.571298
0.571366
0.571445
0.571535
0.571636
0.571747
0.571868
0.571999
0.572138
0.572286
0.572442
0.572605
0.572774
0.57295
0.573131
0.573316
0.573505
0.573697
0.573891
0.574087
0.574284
0.574481
0.574677
0.574871
0.575063
0.575252
0.575438
0.575618
0.575794
0.575963
0.576126
0.576282
0.576429
0.576569
0.576699
0.576819
0.576929
0.577029
0.577118
0.577196
0.577262
0.577315
0.577357
0.577387
0.577403
0.577408
0.577399
0.577378
0.577345
0.577299
0.577241
0.577172
0.57709
0.576997
0.576893
0.576778
0.576653
0.576518
0.576374
0.576222
0.576061
0.575893
0.575718
0.575537
0.57535
0.575159
0.574964
0.574766
0.574566
0.574363
0.574161
0.573957
0.573755
0.573555
0.573356
0.573161
0.57297
0.572784
0.572603
0.572428
0.57226
0.5721
0.571947
0.571804
0.57167
0.571545
0.571432
0.571329
0.571237
0.571157
0.57109
0.571034
0.570991
0.570961
0.570943
0.570939
0.570947
0.570969
0.571003
0.57105
0.57111
0.571182
0.571266
0.571362
0.571469
0.571588
0.571717
0.571856
0.572004
0.572162
0.572328
0.572501
0.572682
0.572868
0.573061
0.573258
0.573459
0.573664
0.573871
0.574079
0.574288
0.574498
0.574706
0.574913
0.575117
0.575319
0.575515
0.575708
0.575894
0.576074
0.576247
0.576413
0.576569
0.576717
0.576856
0.576984
0.577101
0.577207
0.577301
0.577383
0.577453
0.57751
0.577555
0.577586
0.577603
0.577608
0.577599
0.577577
0.577541
0.577492
0.577431
0.577356
0.577269
0.57717
0.57706
0.576938
0.576805
0.576662
0.576508
0.576346
0.576175
0.575997
0.575811
0.575618
0.57542
0.575217
0.57501
0.5748
0.574587
0.574372
0.574157
0.573941
0.573726
0.573513
0.573303
0.573096
0.572893
0.572695
0.572503
0.572318
0.572139
0.571969
0.571808
0.571655
0.571513
0.571382
0.571261
0.571152
0.571055
0.57097
0.570898
0.57084
0.570794
0.570762
0.570744
0.570739
0.570748
0.570771
0.570807
0.570857
0.570921
0.570997
0.571087
0.571188
0.571302
0.571428
0.571565
0.571712
0.57187
0.572037
0.572213
0.572397
0.572588
0.572787
0.572991
0.5732
0.573413
0.57363
0.573849
0.57407
0.574292
0.574514
0.574735
0.574955
0.575171
0.575384
0.575593
0.575796
0.575994
0.576185
0.576368
0.576543
0.576709
0.576866
0.577012
0.577148
0.577272
0.577384
0.577484
0.577571
0.577645
0.577705
0.577752
0.577785
0.577803
0.577808
0.577799
0.577775
0.577737
0.577686
0.57762
0.577541
0.577449
0.577344
0.577226
0.577097
0.576956
0.576804
0.576642
0.57647
0.57629
0.5761
0.575904
0.5757
0.57549
0.575275
0.575056
0.574833
0.574608
0.574381
0.574153
0.573925
0.573698
0.573472
0.57325
0.57303
0.572816
0.572607
0.572403
0.572207
0.572019
0.571839
0.571668
0.571507
0.571357
0.571218
0.57109
0.570975
0.570872
0.570783
0.570707
0.570645
0.570597
0.570563
0.570544
0.570539
0.570549
0.570573
0.570612
0.570665
0.570732
0.570813
0.570907
0.571015
0.571136
0.571269
0.571413
0.571569
0.571736
0.571913
0.572099
0.572293
0.572496
0.572705
0.572921
0.573142
0.573367
0.573596
0.573828
0.574062
0.574296
0.574531
0.574764
0.574996
0.575224
0.575449
0.57567
0.575885
0.576094
0.576295
0.576489
0.576674
0.576849
0.577014
0.577169
0.577312
0.577442
0.577561
0.577666
0.577758
0.577836
0.5779
0.577949
0.577984
0.578004
0.578009
0.577998
0.577973
0.577933
0.577879
0.57781
0.577726
0.577629
0.577518
0.577394
0.577257
0.577108
0.576948
0.576776
0.576595
0.576404
0.576204
0.575996
0.575781
0.57556
0.575333
0.575102
0.574867
0.574629
0.574389
0.574149
0.573908
0.573669
0.573431
0.573196
0.572965
0.572739
0.572518
0.572304
0.572097
0.571898
0.571708
0.571528
0.571359
0.5712
0.571054
0.570919
0.570798
0.57069
0.570596
0.570516
0.57045
0.5704
0.570364
0.570344
0.570339
0.57035
0.570375
0.570416
0.570472
0.570543
0.570628
0.570728
0.570842
0.570969
0.571109
0.571262
0.571426
0.571602
0.571788
0.571984
0.57219
0.572403
0.572624
0.572851
0.573084
0.573321
0.573563
0.573807
0.574053
0.5743
0.574547
0.574793
0.575037
0.575278
0.575515
0.575748
0.575974
0.576194
0.576406
0.57661
0.576804
0.576989
0.577163
0.577325
0.577476
0.577614
0.577738
0.577849
0.577946
0.578028
0.578095
0.578147
0.578183
0.578204
0.578209
0.578198
0.578172
0.578129
0.578072
0.577999
0.577911
0.577808
0.577691
0.577561
0.577417
0.57726
0.577091
0.576911
0.57672
0.576519
0.576308
0.57609
0.575863
0.57563
0.575392
0.575148
0.574901
0.57465
0.574398
0.574145
0.573892
0.57364
0.57339
0.573143
0.5729
0.572662
0.572429
0.572204
0.571986
0.571778
0.571578
0.571389
0.57121
0.571044
0.57089
0.570748
0.570621
0.570507
0.570408
0.570324
0.570256
0.570203
0.570166
0.570144
0.570139
0.57015
0.570177
0.57022
0.570279
0.570354
0.570444
0.570549
0.570669
0.570802
0.57095
0.57111
0.571283
0.571468
0.571664
0.57187
0.572085
0.57231
0.572542
0.572781
0.573026
0.573276
0.573529
0.573786
0.574045
0.574304
0.574564
0.574822
0.575079
0.575332
0.575581
0.575825
0.576063
0.576294
0.576516
0.576731
0.576935
0.577129
0.577311
0.577482
0.57764
0.577785
0.577915
0.578032
0.578133
0.578219
0.57829
0.578344
0.578382
0.578404
0.578409
0.578397
0.578369
0.578325
0.578265
0.578188
0.578096
0.577988
0.577865
0.577728
0.577577
0.577412
0.577235
0.577045
0.576844
0.576633
0.576412
0.576183
0.575945
0.5757
0.57545
0.575194
0.574934
0.574671
0.574407
0.574141
0.573875
0.573611
0.573348
0.573089
0.572834
0.572584
0.572341
0.572104
0.571876
0.571657
0.571448
0.571249
0.571062
0.570887
0.570726
0.570577
0.570444
0.570325
0.570221
0.570133
0.570061
0.570006
0.569967
0.569944
0.569939
0.569951
0.569979
0.570025
0.570087
0.570165
0.570259
0.57037
0.570495
0.570635
0.57079
0.570959
0.57114
0.571334
0.571539
0.571756
0.571982
0.572217
0.57246
0.572711
0.572968
0.57323
0.573496
0.573765
0.574036
0.574308
0.57458
0.574851
0.57512
0.575385
0.575647
0.575902
0.576151
0.576393
0.576627
0.576851
0.577065
0.577268
0.57746
0.577639
0.577804
0.577956
0.578092
0.578214
0.57832
0.57841
0.578484
0.578541
0.578581
0.578603
0.578609
0.578597
0.578568
0.578521
0.578457
0.578377
0.57828
0.578167
0.578039
0.577895
0.577737
0.577564
0.577378
0.57718
0.576969
0.576748
0.576516
0.576276
0.576027
0.575771
0.575508
0.57524
0.574968
0.574693
0.574416
0.574137
0.573859
0.573582
0.573307
0.573036
0.572769
0.572507
0.572252
0.572005
0.571766
0.571536
0.571317
0.571109
0.570914
0.570731
0.570562
0.570407
0.570267
0.570142
0.570034
0.569942
0.569867
0.569809
0.569768
0.569745
0.569739
0.569752
0.569782
0.569829
0.569894
0.569976
0.570075
0.57019
0.570322
0.570469
0.570631
0.570807
0.570997
0.5712
0.571415
0.571641
0.571878
0.572124
0.572379
0.572641
0.572909
0.573184
0.573462
0.573744
0.574028
0.574312
0.574597
0.574881
0.575162
0.575439
0.575712
0.57598
0.57624
0.576493
0.576738
0.576972
0.577196
0.577408
0.577608
0.577795
0.577968
0.578127
0.57827
0.578397
0.578508
0.578602
0.578679
0.578738
0.578779
0.578803
0.578809
0.578796
0.578765
0.578717
0.57865
0.578566
0.578465
0.578347
0.578212
0.578062
0.577896
0.577716
0.577521
0.577314
0.577094
0.576863
0.57662
0.576369
0.576109
0.575841
0.575566
0.575286
0.575002
0.574714
0.574424
0.574133
0.573842
0.573553
0.573266
0.572982
0.572703
0.57243
0.572164
0.571905
0.571655
0.571416
0.571187
0.57097
0.570765
0.570574
0.570398
0.570236
0.57009
0.56996
0.569846
0.56975
0.569672
0.569611
0.569569
0.569545
0.569539
0.569552
0.569584
0.569633
0.569701
0.569787
0.56989
0.570011
0.570148
0.570302
0.570471
0.570655
0.570854
0.571066
0.57129
0.571527
0.571774
0.572031
0.572297
0.572571
0.572851
0.573138
0.573428
0.573723
0.574019
0.574316
0.574613
0.574909
0.575203
0.575493
0.575778
0.576057
0.576329
0.576593
0.576848
0.577093
0.577327
0.577548
0.577757
0.577952
0.578132
0.578298
0.578447
0.57858
0.578695
0.578794
0.578874
0.578936
0.578979
0.579004
0.579009
0.578996
0.578963
0.578913
0.578843
0.578755
0.578649
0.578526
0.578385
0.578228
0.578055
0.577867
0.577664
0.577448
0.577218
0.576977
0.576724
0.576462
0.57619
0.575911
0.575624
0.575332
0.575035
0.574735
0.574433
0.574129
0.573826
0.573524
0.573224
0.572929
0.572638
0.572353
0.572075
0.571805
0.571545
0.571295
0.571056
0.57083
0.570617
0.570418
0.570233
0.570065
0.569913
0.569777
0.569659
0.569559
0.569477
0.569414
0.56937
0.569345
0.569339
0.569353
0.569386
0.569438
0.569508
0.569598
0.569706
0.569832
0.569975
0.570135
0.570311
0.570504
0.57071
0.570931
0.571166
0.571412
0.57167
0.571938
0.572215
0.572501
0.572793
0.573091
0.573395
0.573701
0.57401
0.57432
0.57463
0.574938
0.575244
0.575546
0.575843
0.576134
0.576418
0.576693
0.576959
0.577214
0.577457
0.577688
0.577905
0.578108
0.578296
0.578469
0.578624
0.578762
0.578883
0.578985
0.579068
0.579133
0.579178
0.579203
0.579209
0.579195
0.579162
0.579108
0.579036
0.578944
0.578834
0.578705
0.578559
0.578395
0.578215
0.578019
0.577807
0.577582
0.577343
0.577091
0.576828
0.576555
0.576272
0.57598
0.575682
0.575378
0.575069
0.574756
0.574441
0.574125
0.573809
0.573495
0.573183
0.572875
0.572572
0.572275
0.571986
0.571705
0.571434
0.571174
0.570926
0.57069
0.570468
0.570261
0.57007
0.569894
0.569736
0.569595
0.569472
0.569368
0.569283
0.569217
0.569171
0.569145
0.56914
0.569154
0.569188
0.569242
0.569316
0.569409
0.569521
0.569652
0.569802
0.569968
0.570152
0.570352
0.570567
0.570797
0.571041
0.571297
0.571566
0.571845
0.572133
0.57243
0.572735
0.573045
0.573361
0.57368
0.574001
0.574324
0.574646
0.574967
0.575285
0.5756
0.575909
0.576211
0.576507
0.576793
0.577069
0.577335
0.577588
0.577828
0.578054
0.578265
0.578461
0.57864
0.578801
0.578945
0.57907
0.579177
0.579263
0.57933
0.579377
0.579403
0.579409
0.579395
0.57936
0.579304
0.579229
0.579134
0.579019
0.578885
0.578733
0.578562
0.578375
0.578171
0.577951
0.577716
0.577467
0.577206
0.576932
0.576647
0.576353
0.57605
0.57574
0.575424
0.575102
0.574777
0.57445
0.574121
0.573793
0.573466
0.573142
0.572821
0.572506
0.572198
0.571897
0.571606
0.571324
0.571054
0.570795
0.57055
0.57032
0.570105
0.569905
0.569723
0.569558
0.569412
0.569285
0.569176
0.569088
0.56902
0.568973
0.568946
0.56894
0.568954
0.56899
0.569046
0.569123
0.56922
0.569337
0.569473
0.569628
0.569802
0.569992
0.5702
0.570424
0.570663
0.570916
0.571183
0.571462
0.571752
0.572051
0.57236
0.572676
0.572999
0.573327
0.573658
0.573992
0.574327
0.574662
0.574996
0.575327
0.575653
0.575974
0.576289
0.576595
0.576893
0.57718
0.577455
0.577718
0.577968
0.578203
0.578422
0.578625
0.578811
0.578979
0.579128
0.579258
0.579368
0.579458
0.579527
0.579576
0.579603
0.579609
0.579593
0.579557
0.579499
0.579421
0.579322
0.579202
0.579063
0.578905
0.578728
0.578534
0.578322
0.578094
0.57785
0.577592
0.57732
0.577036
0.576741
0.576435
0.576121
0.575799
0.57547
0.575136
0.574799
0.574459
0.574117
0.573776
0.573437
0.5731
0.572768
0.572441
0.572121
0.571808
0.571506
0.571213
0.570933
0.570665
0.570411
0.570171
0.569948
0.569741
0.569552
0.569381
0.569229
0.569097
0.568985
0.568894
0.568823
0.568774
0.568746
0.56874
0.568755
0.568792
0.568851
0.56893
0.569031
0.569152
0.569294
0.569455
0.569635
0.569833
0.570049
0.570281
0.570529
0.570792
0.571068
0.571358
0.571659
0.57197
0.57229
0.572618
0.572953
0.573293
0.573637
0.573984
0.574331
0.574679
0.575025
0.575368
0.575707
0.57604
0.576366
0.576684
0.576993
0.577291
0.577576
0.577849
0.578108
0.578352
0.578579
0.578789
0.578982
0.579156
0.579311
0.579445
0.57956
0.579653
0.579725
0.579775
0.579802
0.579808
0.579792
0.579754
0.579694
0.579612
0.57951
0.579386
0.579242
0.579078
0.578895
0.578693
0.578473
0.578237
0.577984
0.577717
0.577435
0.57714
0.576834
0.576517
0.576191
0.575857
0.575516
0.57517
0.57482
0.574467
0.574114
0.57376
0.573408
0.573059
0.572714
0.572375
0.572043
0.57172
0.571406
0.571103
0.570812
0.570534
0.570271
0.570023
0.569792
0.569577
0.569381
0.569204
0.569047
0.56891
0.568794
0.568699
0.568626
0.568575
0.568546
0.56854
0.568556
0.568594
0.568655
0.568738
0.568842
0.568968
0.569115
0.569281
0.569468
0.569673
0.569897
0.570138
0.570395
0.570667
0.570954
0.571254
0.571565
0.571888
0.57222
0.57256
0.572907
0.573259
0.573616
0.573975
0.574335
0.574695
0.575054
0.575409
0.57576
0.576105
0.576443
0.576773
0.577092
0.577401
0.577697
0.57798
0.578248
0.5785
0.578735
0.578953
0.579153
0.579333
0.579493
0.579633
0.579751
0.579847
0.579922
0.579973
0.580002
0.580008
0.579991
0.579951
0.579889
0.579804
0.579698
0.57957
0.579421
0.579251
0.579061
0.578852
0.578624
0.578379
0.578117
0.57784
0.577549
0.577244
0.576927
0.576599
0.576261
0.575915
0.575562
0.575204
0.574841
0.574476
0.57411
0.573744
0.573379
0.573018
0.572661
0.57231
0.571966
0.571631
0.571306
0.570992
0.570691
0.570404
0.570131
0.569874
0.569635
0.569413
0.56921
0.569027
0.568864
0.568723
0.568602
0.568504
0.568429
0.568376
0.568346
0.56834
0.568356
0.568396
0.568459
0.568545
0.568653
0.568783
0.568935
0.569108
0.569301
0.569514
0.569745
0.569995
0.570261
0.570543
0.570839
0.57115
0.571472
0.571806
0.57215
0.572502
0.572861
0.573225
0.573594
0.573966
0.574339
0.574711
0.575082
0.57545
0.575813
0.57617
0.57652
0.576861
0.577192
0.577511
0.577818
0.57811
0.578387
0.578648
0.578892
0.579118
0.579324
0.57951
0.579676
0.57982
0.579942
0.580042
0.580119
0.580172
0.580202
0.580208
0.58019
0.580149
0.580084
0.579997
0.579887
0.579754
0.5796
0.579424
0.579228
0.579011
0.578776
0.578523
0.578252
0.577965
0.577664
0.577348
0.57702
0.576681
0.576331
0.575973
0.575608
0.575237
0.574862
0.574485
0.574106
0.573727
0.57335
0.572976
0.572607
0.572244
0.571889
0.571542
0.571206
0.570882
0.57057
0.570273
0.569991
0.569726
0.569478
0.569249
0.569039
0.56885
0.568682
0.568535
0.568411
0.56831
0.568231
0.568177
0.568146
0.56814
0.568157
0.568198
0.568263
0.568352
0.568464
0.568599
0.568756
0.568935
0.569134
0.569354
0.569593
0.569851
0.570126
0.570418
0.570725
0.571046
0.571379
0.571724
0.57208
0.572444
0.572815
0.573192
0.573573
0.573957
0.574343
0.574728
0.575111
0.575491
0.575867
0.576236
0.576597
0.57695
0.577292
0.577622
0.577938
0.578241
0.578527
0.578797
0.579049
0.579282
0.579495
0.579687
0.579858
0.580007
0.580134
0.580237
0.580316
0.580371
0.580401
0.580408
0.58039
0.580347
0.58028
0.580189
0.580075
0.579938
0.579779
0.579597
0.579394
0.579171
0.578927
0.578666
0.578386
0.57809
0.577778
0.577452
0.577113
0.576762
0.576401
0.576032
0.575654
0.575271
0.574884
0.574494
0.574102
0.573711
0.573321
0.572935
0.572554
0.572179
0.571811
0.571454
0.571106
0.570771
0.57045
0.570143
0.569852
0.569578
0.569322
0.569085
0.568869
0.568673
0.568499
0.568348
0.56822
0.568115
0.568034
0.567978
0.567947
0.56794
0.567958
0.568
0.568068
0.568159
0.568275
0.568414
0.568576
0.568761
0.568967
0.569195
0.569442
0.569708
0.569992
0.570294
0.57061
0.570942
0.571286
0.571643
0.57201
0.572386
0.572769
0.573158
0.573552
0.573949
0.574346
0.574744
0.57514
0.575533
0.57592
0.576301
0.576674
0.577038
0.577391
0.577732
0.578059
0.578371
0.578667
0.578945
0.579205
0.579446
0.579666
0.579864
0.580041
0.580195
0.580325
0.580431
0.580513
0.58057
0.580602
0.580609
0.58059
0.580546
0.580476
0.580383
0.580265
0.580123
0.579958
0.579771
0.579561
0.57933
0.579079
0.578808
0.57852
0.578214
0.577892
0.577556
0.577206
0.576844
0.576471
0.576089
0.5757
0.575305
0.574905
0.574502
0.574098
0.573694
0.573292
0.572894
0.5725
0.572113
0.571734
0.571365
0.571007
0.570661
0.570329
0.570012
0.569712
0.569429
0.569165
0.568921
0.568698
0.568496
0.568317
0.568161
0.568028
0.56792
0.567837
0.567779
0.567747
0.56774
0.567759
0.567803
0.567872
0.567967
0.568086
0.56823
0.568397
0.568588
0.568801
0.569035
0.56929
0.569565
0.569858
0.570169
0.570496
0.570838
0.571194
0.571562
0.57194
0.572328
0.572723
0.573125
0.573531
0.57394
0.574351
0.574761
0.575169
0.575574
0.575973
0.576367
0.576751
0.577127
0.577491
0.577842
0.578179
0.578501
0.578806
0.579093
0.579362
0.57961
0.579837
0.580041
0.580224
0.580382
0.580516
0.580626
0.58071
0.580768
0.580801
0.580808
0.580789
0.580744
0.580672
0.580576
0.580454
0.580308
0.580138
0.579944
0.579728
0.57949
0.579231
0.578952
0.578654
0.578338
0.578007
0.57766
0.577299
0.576926
0.576542
0.576148
0.575747
0.575339
0.574927
0.574511
0.574095
0.573678
0.573264
0.572853
0.572447
0.572048
0.571657
0.571276
0.570907
0.570551
0.570208
0.569882
0.569572
0.569281
0.569009
0.568757
0.568527
0.568319
0.568134
0.567973
0.567837
0.567726
0.56764
0.567581
0.567547
0.56754
0.567559
0.567605
0.567676
0.567774
0.567897
0.568045
0.568218
0.568414
0.568634
0.568876
0.569139
0.569422
0.569724
0.570044
0.570382
0.570734
0.571101
0.57148
0.57187
0.57227
0.572677
0.573091
0.57351
0.573931
0.574354
0.574777
0.575198
0.575615
0.576026
0.576432
0.576828
0.577215
0.57759
0.577952
0.5783
0.578631
0.578946
0.579242
0.579518
0.579774
0.580007
0.580218
0.580406
0.580569
0.580708
0.58082
0.580907
0.580967
0.581001
0.581008
0.580988
0.580941
0.580868
0.580768
0.580643
0.580492
0.580316
0.580117
0.579894
0.579649
0.579382
0.579094
0.578788
0.578463
0.578121
0.577764
0.577392
0.577007
0.576612
0.576206
0.575793
0.575372
0.574948
0.57452
0.574091
0.573662
0.573235
0.572811
0.572393
0.571982
0.57158
0.571188
0.570807
0.57044
0.570088
0.569752
0.569433
0.569133
0.568852
0.568593
0.568356
0.568142
0.567952
0.567786
0.567646
0.567531
0.567443
0.567382
0.567347
0.56734
0.56736
0.567407
0.567481
0.567581
0.567708
0.567861
0.568039
0.568241
0.568467
0.568716
0.568987
0.569279
0.56959
0.56992
0.570267
0.57063
0.571008
0.571398
0.5718
0.572211
0.572631
0.573057
0.573489
0.573923
0.574358
0.574794
0.575227
0.575657
0.576081
0.576498
0.576906
0.577304
0.57769
0.578063
0.578421
0.578762
0.579086
0.579391
0.579675
0.579938
0.580179
0.580396
0.580589
0.580757
0.580899
0.581015
0.581104
0.581166
0.5812
0.581208
0.581187
0.581139
0.581064
0.580961
0.580832
0.580677
0.580496
0.580291
