0.580451
0.580452
0.580453
0.580454
0.580455
0.580455
0.580456
0.580457
0.580457
0.580458
0.580458
0.580458
0.580459
0.580459
0.580459
0.580459
0.580459
0.580459
0.580459
0.58046
0.58046
0.58046
0.58046
0.58046
0.580459
0.580459
0.580459
0.580459
0.580459
0.580458
0.580458
0.580458
0.580457
0.580457
0.580456
0.580456
0.580455
0.580455
0.580454
0.580453
0.580453
0.580452
0.580451
0.58045
0.58045
0.580449
0.580448
0.580447
0.580446
0.580445
0.580444
0.580442
0.580441
0.58044
0.580439
0.580438
0.580437
0.580436
0.580434
0.580433
0.580432
0.580431
0.580429
0.580428
0.580427
0.580425
0.580424
0.580422
0.580421
0.580419
0.580418
0.580416
0.580415
0.580413
0.580412
0.58041
0.580408
0.580407
0.580405
0.580404
0.580402
0.5804
0.580399
0.580397
0.580396
0.580394
0.580393
0.580392
0.58039
0.580389
0.580387
0.580386
0.580385
0.580383
0.580382
0.580381
0.58038
0.580378
0.580377
0.580376
0.580375
0.580374
0.580373
0.580372
0.580371
0.58037
0.580369
0.580368
0.580368
0.580367
0.580366
0.580365
0.580365
0.580364
0.580364
0.580363
0.580363
0.580363
0.580362
0.580362
0.580362
0.580362
0.580362
0.580362
0.580362
0.580362
0.580362
0.580363
0.580363
0.580364
0.580364
0.580365
0.580366
0.580367
0.580368
0.580369
0.58037
0.580371
0.580372
0.580373
0.580374
0.580375
0.580377
0.580378
0.58038
0.580382
0.580384
0.580385
0.580387
0.580389
0.580391
0.580393
0.580395
0.580397
0.580399
0.580402
0.580404
0.580406
0.580409
0.580411
0.580414
0.580417
0.58042
0.580422
0.580425
0.580428
0.580431
0.580435
0.580438
0.580441
0.580444
0.580447
0.58045
0.580453
0.580457
0.58046
0.580463
0.580467
0.58047
0.580474
0.580477
0.58048
0.580484
0.580487
0.580491
0.580494
0.580498
0.580501
0.580505
0.580508
0.580512
0.580515
0.580519
0.580523
0.580526
0.58053
0.580533
0.580537
0.58054
0.580544
0.580547
0.58055
0.580554
0.580557
0.58056
0.580564
0.580567
0.58057
0.580573
0.580576
0.580579
0.580582
0.580585
0.580588
0.580591
0.580593
0.580596
0.580599
0.580601
0.580604
0.580606
0.580609
0.580611
0.580613
0.580615
0.580617
0.580619
0.580621
0.580623
0.580625
0.580626
0.580628
0.580629
0.58063
0.580632
0.580633
0.580634
0.580634
0.580635
0.580636
0.580636
0.580637
0.580637
0.580637
0.580637
0.580637
0.580637
0.580637
0.580636
0.580636
0.580635
0.580635
0.580634
0.580633
0.580632
0.580631
0.580629
0.580628
0.580626
0.580625
0.580623
0.580621
0.580619
0.580617
0.580614
0.580612
0.580609
0.580607
0.580604
0.580601
0.580598
0.580595
0.580592
0.580589
0.580585
0.580582
0.580578
0.580574
0.58057
0.580566
0.580562
0.580558
0.580554
0.58055
0.580545
0.580541
0.580536
0.580532
0.580527
0.580522
0.580517
0.580512
0.580507
0.580502
0.580497
0.580492
0.580486
0.580481
0.580475
0.58047
0.580464
0.580459
0.580453
0.580447
0.580442
0.580436
0.58043
0.580424
0.580419
0.580413
0.580407
0.580401
0.580395
0.58039
0.580384
0.580378
0.580372
0.580366
0.58036
0.580355
0.580349
0.580343
0.580337
0.580331
0.580326
0.58032
0.580314
0.580309
0.580303
0.580298
0.580292
0.580287
0.580282
0.580277
0.580271
0.580266
0.580262
0.580257
0.580252
0.580248
0.580243
0.580239
0.580235
0.580231
0.580227
0.580223
0.580219
0.580215
0.580212
0.580208
0.580205
0.580201
0.580198
0.580195
0.580192
0.580189
0.580187
0.580184
0.580182
0.58018
0.580178
0.580176
0.580174
0.580172
0.580171
0.58017
0.580169
0.580168
0.580167
0.580166
0.580166
0.580165
0.580165
0.580165
0.580165
0.580166
0.580167
0.580167
0.580168
0.580169
0.580171
0.580172
0.580174
0.580176
0.580178
0.58018
0.580182
0.580185
0.580188
0.580191
0.580194
0.580197
0.5802
0.580204
0.580208
0.580211
0.580215
0.58022
0.580224
0.580228
0.580233
0.580238
0.580243
0.580248
0.580253
0.580259
0.580264
0.58027
0.580276
0.580282
0.580288
0.580294
0.5803
0.580307
0.580313
0.58032
0.580327
0.580334
0.580341
0.580348
0.580355
0.580363
0.58037
0.580377
0.580385
0.580392
0.5804
0.580408
0.580416
0.580423
0.580432
0.58044
0.580448
0.580456
0.580464
0.580472
0.58048
0.580488
0.580496
0.580505
0.580513
0.580521
0.580529
0.580537
0.580546
0.580554
0.580562
0.58057
0.580579
0.580587
0.580595
0.580602
0.58061
0.580618
0.580626
0.580634
0.580641
0.580649
0.580656
0.580664
0.580671
0.580678
0.580685
0.580692
0.580699
0.580706
0.580712
0.580719
0.580725
0.580732
0.580738
0.580744
0.58075
0.580755
0.580761
0.580766
0.580771
0.580776
0.580781
0.580785
0.58079
0.580794
0.580798
0.580802
0.580806
0.580809
0.580813
0.580816
0.580818
0.580821
0.580824
0.580826
0.580828
0.580829
0.580831
0.580832
0.580834
0.580835
0.580835
0.580836
0.580836
0.580836
0.580836
0.580835
0.580835
0.580834
0.580833
0.580831
0.58083
0.580828
0.580826
0.580824
0.580821
0.580818
0.580815
0.580812
0.580808
0.580805
0.580801
0.580797
0.580792
0.580788
0.580783
0.580778
0.580773
0.580768
0.580762
0.580757
0.580751
0.580744
0.580738
0.580732
0.580725
0.580718
0.580711
0.580703
0.580696
0.580688
0.58068
0.580672
0.580664
0.580656
0.580647
0.580639
0.58063
0.580621
0.580612
0.580603
0.580594
0.580584
0.580575
0.580565
0.580556
0.580546
0.580536
0.580526
0.580516
0.580506
0.580496
0.580486
0.580475
0.580465
0.580455
0.580444
0.580434
0.580423
0.580412
0.580402
0.580391
0.580381
0.58037
0.58036
0.580349
0.580339
0.580328
0.580317
0.580307
0.580296
0.580286
0.580276
0.580266
0.580255
0.580245
0.580236
0.580226
0.580216
0.580206
0.580197
0.580187
0.580178
0.580169
0.58016
0.580151
0.580142
0.580133
0.580125
0.580117
0.580108
0.5801
0.580093
0.580085
0.580078
0.580071
0.580064
0.580057
0.58005
0.580044
0.580038
0.580032
0.580026
0.580021
0.580015
0.58001
0.580005
0.580001
0.579997
0.579993
0.579989
0.579986
0.579982
0.57998
0.579977
0.579974
0.579972
0.57997
0.579969
0.579967
0.579966
0.579966
0.579965
0.579965
0.579965
0.579966
0.579967
0.579968
0.579969
0.579971
0.579972
0.579975
0.579977
0.57998
0.579983
0.579986
0.579989
0.579993
0.579997
0.580001
0.580006
0.580011
0.580016
0.580022
0.580028
0.580034
0.58004
0.580046
0.580053
0.58006
0.580068
0.580075
0.580083
0.580091
0.5801
0.580108
0.580117
0.580126
0.580135
0.580144
0.580154
0.580164
0.580174
0.580184
0.580194
0.580205
0.580215
0.580226
0.580237
0.580248
0.58026
0.580271
0.580283
0.580295
0.580307
0.580319
0.580332
0.580344
0.580357
0.580369
0.580382
0.580395
0.580408
0.58042
0.580433
0.580446
0.580459
0.580472
0.580485
0.580498
0.580511
0.580524
0.580537
0.58055
0.580563
0.580577
0.58059
0.580603
0.580615
0.580628
0.580641
0.580653
0.580665
0.580678
0.58069
0.580702
0.580714
0.580726
0.580738
0.58075
0.580761
0.580773
0.580784
0.580795
0.580805
0.580816
0.580827
0.580837
0.580848
0.580858
0.580867
0.580877
0.580887
0.580896
0.580905
0.580913
0.580922
0.58093
0.580938
0.580945
0.580953
0.58096
0.580966
0.580973
0.580979
0.580985
0.58099
0.580996
0.581001
0.581006
0.58101
0.581014
0.581018
0.581021
0.581024
0.581027
0.581029
0.581031
0.581033
0.581034
0.581035
0.581036
0.581036
0.581036
0.581036
0.581035
0.581034
0.581032
0.581031
0.581029
0.581026
0.581023
0.58102
0.581017
0.581013
0.581009
0.581004
0.581
0.580994
0.580989
0.580983
0.580977
0.580971
0.580964
0.580957
0.580949
0.580942
0.580934
0.580925
0.580917
0.580908
0.580899
0.580889
0.580879
0.580869
0.580859
0.580848
0.580838
0.580827
0.580815
0.580804
0.580792
0.58078
0.580767
0.580755
0.580742
0.580729
0.580716
0.580703
0.58069
0.580676
0.580662
0.580648
0.580634
0.58062
0.580605
0.580591
0.580576
0.580561
0.580546
0.580531
0.580516
0.580501
0.580486
0.580471
0.580456
0.58044
0.580425
0.580409
0.580394
0.580379
0.580363
0.580348
0.580332
0.580317
0.580302
0.580286
0.580271
0.580256
0.580241
0.580226
0.580211
0.580197
0.580182
0.580168
0.580153
0.580139
0.580125
0.580111
0.580097
0.580084
0.580071
0.580057
0.580044
0.580031
0.580019
0.580006
0.579994
0.579982
0.57997
0.579959
0.579948
0.579937
0.579926
0.579916
0.579906
0.579897
0.579887
0.579878
0.57987
0.579861
0.579853
0.579846
0.579838
0.579831
0.579824
0.579818
0.579812
0.579806
0.5798
0.579796
0.579791
0.579787
0.579783
0.579779
0.579776
0.579773
0.579771
0.579769
0.579767
0.579766
0.579765
0.579765
0.579765
0.579766
0.579766
0.579768
0.579769
0.579771
0.579774
0.579777
0.57978
0.579784
0.579788
0.579792
0.579797
0.579802
0.579808
0.579814
0.579821
0.579827
0.579835
0.579842
0.57985
0.579859
0.579867
0.579876
0.579886
0.579895
0.579905
0.579916
0.579926
0.579937
0.579949
0.579961
0.579973
0.579985
0.579998
0.580011
0.580025
0.580038
0.580052
0.580066
0.58008
0.580095
0.58011
0.580125
0.58014
0.580156
0.580172
0.580188
0.580204
0.58022
0.580237
0.580253
0.58027
0.580287
0.580304
0.580321
0.580338
0.580356
0.580373
0.580391
0.580409
0.580427
0.580445
0.580463
0.580481
0.580498
0.580516
0.580534
0.580552
0.58057
0.580587
0.580605
0.580622
0.58064
0.580657
0.580675
0.580692
0.58071
0.580727
0.580744
0.580761
0.580778
0.580794
0.580811
0.580827
0.580843
0.580859
0.580874
0.58089
0.580905
0.58092
0.580934
0.580949
0.580963
0.580977
0.580991
0.581004
0.581017
0.58103
0.581042
0.581054
0.581066
0.581077
0.581088
0.581099
0.581109
0.581119
0.581129
0.581138
0.581147
0.581156
0.581164
0.581171
0.581179
0.581186
0.581192
0.581198
0.581203
0.581209
0.581213
0.581218
0.581221
0.581225
0.581228
0.58123
0.581232
0.581234
0.581235
0.581236
0.581236
0.581236
0.581235
0.581234
0.581232
0.58123
0.581228
0.581225
0.581221
0.581217
0.581213
0.581208
0.581202
0.581197
0.58119
0.581184
0.581177
0.581169
0.581161
0.581153
0.581144
0.581134
0.581125
0.581115
0.581104
0.581093
0.581082
0.58107
0.581058
0.581046
0.581033
0.58102
0.581006
0.580992
0.580978
0.580963
0.580948
0.580933
0.580918
0.580902
0.580886
0.580869
0.580853
0.580836
0.580818
0.580801
0.580783
0.580765
0.580747
0.580729
0.58071
0.580691
0.580673
0.580654
0.580634
0.580615
0.580595
0.580576
0.580556
0.580536
0.580517
0.580496
0.580476
0.580456
0.580436
0.580416
0.580396
0.580376
0.580355
0.580335
0.580315
0.580295
0.580275
0.580255
0.580235
0.580215
0.580195
0.580175
0.580156
0.580136
0.580117
0.580098
0.580079
0.580061
0.580043
0.580024
0.580006
0.579988
0.579971
0.579954
0.579936
0.57992
0.579903
0.579887
0.579871
0.579856
0.57984
0.579826
0.579811
0.579797
0.579783
0.579769
0.579756
0.579743
0.579731
0.579719
0.579707
0.579696
0.579685
0.579675
0.579665
0.579655
0.579646
0.579638
0.57963
0.579622
0.579615
0.579608
0.579602
0.579597
0.579591
0.579587
0.579582
0.579579
0.579575
0.579573
0.57957
0.579569
0.579568
0.579567
0.579567
0.579567
0.579568
0.57957
0.579572
0.579574
0.579577
0.57958
0.579584
0.579588
0.579593
0.579599
0.579604
0.579611
0.579618
0.579625
0.579633
0.579641
0.57965
0.579659
0.579669
0.579679
0.57969
0.579701
0.579713
0.579725
