0.573827
0.573828
0.573829
0.57383
0.57383
0.573831
0.573832
0.573832
0.573833
0.573833
0.573834
0.573834
0.573834
0.573835
0.573835
0.573835
0.573835
0.573835
0.573836
0.573836
0.573836
0.573836
0.573836
0.573836
0.573836
0.573836
0.573836
0.573835
0.573835
0.573835
0.573834
0.573834
0.573834
0.573833
0.573833
0.573832
0.573832
0.573831
0.57383
0.57383
0.573829
0.573828
0.573828
0.573827
0.573826
0.573825
0.573824
0.573823
0.573822
0.573821
0.57382
0.573819
0.573818
0.573817
0.573816
0.573815
0.573813
0.573812
0.573811
0.573809
0.573808
0.573807
0.573805
0.573804
0.573802
0.573801
0.5738
0.573798
0.573797
0.573795
0.573794
0.573792
0.573791
0.573789
0.573787
0.573786
0.573784
0.573783
0.573781
0.57378
0.573778
0.573777
0.573775
0.573774
0.573772
0.573771
0.573769
0.573768
0.573766
0.573765
0.573763
0.573762
0.573761
0.573759
0.573758
0.573757
0.573756
0.573754
0.573753
0.573752
0.573751
0.57375
0.573749
0.573748
0.573747
0.573746
0.573745
0.573744
0.573744
0.573743
0.573742
0.573741
0.573741
0.57374
0.57374
0.57374
0.573739
0.573739
0.573739
0.573739
0.573739
0.573739
0.573739
0.573739
0.573739
0.573739
0.573739
0.57374
0.57374
0.573741
0.573741
0.573742
0.573743
0.573743
0.573744
0.573745
0.573746
0.573747
0.573748
0.57375
0.573751
0.573752
0.573754
0.573755
0.573757
0.573758
0.57376
0.573762
0.573764
0.573765
0.573767
0.573769
0.573772
0.573774
0.573776
0.573778
0.573781
0.573783
0.573786
0.573788
0.573791
0.573793
0.573796
0.573799
0.573802
0.573805
0.573808
0.57381
0.573813
0.573817
0.57382
0.573823
0.573826
0.573829
0.573833
0.573836
0.573839
0.573843
0.573846
0.57385
0.573853
0.573857
0.57386
0.573864
0.573867
0.573871
0.573874
0.573878
0.573881
0.573885
0.573888
0.573892
0.573895
0.573899
0.573903
0.573906
0.57391
0.573913
0.573916
0.57392
0.573923
0.573927
0.57393
0.573933
0.573937
0.57394
0.573943
0.573946
0.573949
0.573953
0.573956
0.573959
0.573962
0.573964
0.573967
0.57397
0.573973
0.573975
0.573978
0.57398
0.573983
0.573985
0.573987
0.57399
0.573992
0.573994
0.573996
0.573997
0.573999
0.574001
0.574002
0.574004
0.574005
0.574006
0.574008
0.574009
0.57401
0.57401
0.574011
0.574012
0.574012
0.574013
0.574013
0.574013
0.574013
0.574013
0.574013
0.574013
0.574013
0.574012
0.574011
0.574011
0.57401
0.574009
0.574008
0.574007
0.574005
0.574004
0.574002
0.574001
0.573999
0.573997
0.573995
0.573993
0.573991
0.573988
0.573986
0.573983
0.57398
0.573977
0.573974
0.573971
0.573968
0.573965
0.573961
0.573958
0.573954
0.573951
0.573947
0.573943
0.573939
0.573935
0.57393
0.573926
0.573922
0.573917
0.573913
0.573908
0.573903
0.573898
0.573894
0.573889
0.573884
0.573878
0.573873
0.573868
0.573863
0.573857
0.573852
0.573847
0.573841
0.573835
0.57383
0.573824
0.573818
0.573813
0.573807
0.573801
0.573795
0.57379
0.573784
0.573778
0.573772
0.573766
0.573761
0.573755
0.573749
0.573743
0.573737
0.573731
0.573726
0.57372
0.573714
0.573708
0.573703
0.573697
0.573692
0.573686
0.573681
0.573675
0.57367
0.573665
0.573659
0.573654
0.573649
0.573644
0.573639
0.573634
0.57363
0.573625
0.573621
0.573616
0.573612
0.573607
0.573603
0.573599
0.573595
0.573592
0.573588
0.573584
0.573581
0.573578
0.573575
0.573571
0.573569
0.573566
0.573563
0.573561
0.573558
0.573556
0.573554
0.573552
0.573551
0.573549
0.573548
0.573546
0.573545
0.573544
0.573544
0.573543
0.573543
0.573542
0.573542
0.573542
0.573543
0.573543
0.573544
0.573544
0.573545
0.573547
0.573548
0.573549
0.573551
0.573553
0.573555
0.573557
0.573559
0.573562
0.573565
0.573567
0.57357
0.573574
0.573577
0.573581
0.573584
0.573588
0.573592
0.573596
0.573601
0.573605
0.57361
0.573615
0.57362
0.573625
0.57363
0.573635
0.573641
0.573647
0.573652
0.573658
0.573664
0.573671
0.573677
0.573683
0.57369
0.573697
0.573703
0.57371
0.573717
0.573724
0.573732
0.573739
0.573746
0.573754
0.573761
0.573769
0.573777
0.573784
0.573792
0.5738
0.573808
0.573816
0.573824
0.573832
0.57384
0.573848
0.573856
0.573865
0.573873
0.573881
0.573889
0.573897
0.573906
0.573914
0.573922
0.57393
0.573938
0.573946
0.573954
0.573962
0.57397
0.573978
0.573986
0.573994
0.574002
0.574009
0.574017
0.574025
0.574032
0.574039
0.574047
0.574054
0.574061
0.574068
0.574075
0.574081
0.574088
0.574094
0.574101
0.574107
0.574113
0.574119
0.574125
0.57413
0.574136
0.574141
0.574146
0.574151
0.574156
0.57416
0.574165
0.574169
0.574173
0.574177
0.574181
0.574184
0.574188
0.574191
0.574194
0.574196
0.574199
0.574201
0.574203
0.574205
0.574207
0.574208
0.574209
0.57421
0.574211
0.574212
0.574212
0.574212
0.574212
0.574211
0.574211
0.57421
0.574209
0.574208
0.574206
0.574204
0.574202
0.5742
0.574198
0.574195
0.574192
0.574189
0.574186
0.574182
0.574178
0.574174
0.57417
0.574166
0.574161
0.574156
0.574151
0.574145
0.57414
0.574134
0.574128
0.574122
0.574116
0.574109
0.574102
0.574095
0.574088
0.574081
0.574073
0.574066
0.574058
0.57405
0.574042
0.574034
0.574025
0.574016
0.574008
0.573999
0.57399
0.573981
0.573971
0.573962
0.573952
0.573943
0.573933
0.573923
0.573913
0.573903
0.573893
0.573883
0.573873
0.573863
0.573852
0.573842
0.573832
0.573821
0.573811
0.5738
0.57379
0.573779
0.573768
0.573758
0.573747
0.573737
0.573726
0.573715
0.573705
0.573695
0.573684
0.573674
0.573663
0.573653
0.573643
0.573633
0.573623
0.573613
0.573603
0.573593
0.573584
0.573574
0.573565
0.573555
0.573546
0.573537
0.573528
0.573519
0.573511
0.573502
0.573494
0.573486
0.573478
0.57347
0.573463
0.573455
0.573448
0.573441
0.573435
0.573428
0.573422
0.573415
0.573409
0.573404
0.573398
0.573393
0.573388
0.573383
0.573379
0.573375
0.573371
0.573367
0.573364
0.57336
0.573357
0.573355
0.573352
0.57335
0.573348
0.573347
0.573345
0.573344
0.573344
0.573343
0.573343
0.573343
0.573344
0.573344
0.573345
0.573347
0.573348
0.57335
0.573352
0.573354
0.573357
0.57336
0.573363
0.573367
0.573371
0.573375
0.573379
0.573384
0.573389
0.573394
0.5734
0.573405
0.573411
0.573418
0.573424
0.573431
0.573438
0.573445
0.573453
0.573461
0.573469
0.573477
0.573486
0.573494
0.573503
0.573512
0.573522
0.573531
0.573541
0.573551
0.573561
0.573572
0.573582
0.573593
0.573604
0.573615
0.573626
0.573638
0.573649
0.573661
0.573673
0.573685
0.573697
0.573709
0.573721
0.573733
0.573746
0.573758
0.573771
0.573784
0.573796
0.573809
0.573822
0.573835
0.573848
0.573861
0.573874
0.573887
0.5739
0.573913
0.573926
0.573939
0.573952
0.573964
0.573977
0.57399
0.574003
0.574015
0.574028
0.57404
0.574053
0.574065
0.574077
0.574089
0.574101
0.574113
0.574125
0.574137
0.574148
0.574159
0.57417
0.574181
0.574192
0.574203
0.574213
0.574223
0.574233
0.574243
0.574252
0.574262
0.574271
0.57428
0.574288
0.574297
0.574305
0.574313
0.57432
0.574327
0.574334
0.574341
0.574348
0.574354
0.57436
0.574366
0.574371
0.574376
0.574381
0.574385
0.574389
0.574393
0.574396
0.574399
0.574402
0.574404
0.574406
0.574408
0.574409
0.574411
0.574411
0.574412
0.574412
0.574412
0.574411
0.57441
0.574408
0.574407
0.574405
0.574402
0.5744
0.574397
0.574393
0.57439
0.574385
0.574381
0.574376
0.574371
0.574366
0.57436
0.574354
0.574347
0.574341
0.574334
0.574326
0.574318
0.57431
0.574302
0.574294
0.574285
0.574276
0.574266
0.574256
0.574246
0.574236
0.574226
0.574215
0.574204
0.574193
0.574181
0.574169
0.574157
0.574145
0.574133
0.57412
0.574107
0.574094
0.574081
0.574067
0.574053
0.57404
0.574026
0.574012
0.573997
0.573983
0.573968
0.573954
0.573939
0.573924
0.573909
0.573894
0.573879
0.573864
0.573849
0.573833
0.573818
0.573803
0.573787
0.573772
0.573757
0.573741
0.573726
0.573711
0.573695
0.57368
0.573665
0.57365
0.573635
0.57362
0.573605
0.57359
0.573575
0.573561
0.573546
0.573532
0.573518
0.573503
0.57349
0.573476
0.573462
0.573449
0.573436
0.573423
0.57341
0.573397
0.573385
0.573373
0.573361
0.573349
0.573338
0.573327
0.573316
0.573305
0.573295
0.573285
0.573275
0.573266
0.573257
0.573248
0.57324
0.573231
0.573224
0.573216
0.573209
0.573202
0.573196
0.57319
0.573184
0.573179
0.573174
0.573169
0.573165
0.573161
0.573157
0.573154
0.573152
0.573149
0.573147
0.573146
0.573145
0.573144
0.573144
0.573144
0.573144
0.573145
0.573146
0.573148
0.57315
0.573153
0.573155
0.573159
0.573162
0.573166
0.573171
0.573176
0.573181
0.573187
0.573193
0.573199
0.573206
0.573213
0.573221
0.573229
0.573237
0.573246
0.573255
0.573264
0.573274
0.573284
0.573295
0.573305
0.573316
0.573328
0.57334
0.573352
0.573364
0.573377
0.57339
0.573403
0.573416
0.57343
0.573444
0.573459
0.573473
0.573488
0.573503
0.573518
0.573534
0.57355
0.573565
0.573581
0.573598
0.573614
0.573631
0.573647
0.573664
0.573681
0.573698
0.573716
0.573733
0.57375
0.573768
0.573785
0.573803
0.573821
0.573838
0.573856
0.573874
0.573891
0.573909
0.573927
0.573945
0.573962
0.57398
0.573997
0.574015
0.574033
0.57405
0.574067
0.574085
0.574102
0.574119
0.574136
0.574152
0.574169
0.574185
0.574201
0.574217
0.574233
0.574249
0.574264
0.574279
0.574294
0.574309
0.574323
0.574337
0.574351
0.574365
0.574378
0.574391
0.574404
0.574416
0.574429
0.57444
0.574452
0.574463
0.574474
0.574484
0.574494
0.574504
0.574513
0.574522
0.57453
0.574538
0.574546
0.574553
0.57456
0.574567
0.574573
0.574578
0.574584
0.574588
0.574593
0.574597
0.5746
0.574603
0.574605
0.574608
0.574609
0.57461
0.574611
0.574611
0.574611
0.57461
0.574609
0.574608
0.574605
0.574603
0.5746
0.574597
0.574593
0.574588
0.574584
0.574578
0.574573
0.574567
0.57456
0.574553
0.574546
0.574538
0.574529
0.574521
0.574511
0.574502
0.574492
0.574481
0.57447
0.574459
0.574448
0.574436
0.574423
0.57441
0.574397
0.574384
0.57437
0.574356
0.574341
0.574327
0.574311
0.574296
0.57428
0.574264
0.574248
0.574231
0.574214
0.574197
0.574179
0.574162
0.574144
0.574126
0.574108
0.574089
0.574071
0.574052
0.574033
0.574013
0.573994
0.573975
0.573955
0.573935
0.573916
0.573896
0.573876
0.573856
0.573836
0.573815
0.573795
0.573775
0.573755
0.573735
0.573714
0.573694
0.573674
0.573654
0.573634
0.573614
0.573594
0.573575
0.573555
0.573536
0.573516
0.573497
0.573478
0.573459
0.57344
0.573422
0.573404
0.573386
0.573368
0.57335
0.573333
0.573316
0.573299
0.573282
0.573266
0.57325
0.573235
0.573219
0.573204
0.57319
0.573175
0.573161
0.573148
0.573134
0.573122
0.573109
0.573097
0.573085
0.573074
0.573063
0.573053
0.573043
0.573033
0.573024
0.573016
0.573008
0.573
0.572993
0.572986
0.57298
0.572974
0.572969
0.572964
0.57296
0.572956
0.572953
0.57295
0.572948
0.572946
0.572945
0.572944
0.572944
0.572944
0.572945
0.572946
0.572948
0.572951
0.572953
0.572957
0.572961
0.572965
0.57297
0.572976
0.572982
0.572988
0.572995
0.573003
0.573011
0.573019
0.573028
0.573038
0.573048
0.573058
0.573069
0.57308
0.573092
0.573104
0.573117
0.57313
0.573144
0.573158
0.573172
0.573187
0.573202
0.573218
0.573234
0.57325
0.573267
0.573284
0.573301
0.573319
0.573337
0.573355
0.573374
0.573393
0.573413
0.573432
0.573452
0.573472
0.573492
0.573513
0.573534
0.573555
0.573576
0.573597
0.573619
0.573641
0.573663
0.573685
0.573707
0.573729
0.573751
0.573773
0.573796
0.573818
0.573841
0.573863
0.573886
0.573909
0.573931
0.573954
0.573976
0.573999
0.574021
0.574044
0.574066
0.574088
0.57411
0.574132
0.574154
0.574175
0.574197
0.574218
0.574239
0.57426
0.574281
0.574301
0.574321
0.574341
0.574361
0.57438
0.574399
0.574418
0.574436
0.574455
0.574472
0.57449
0.574507
0.574524
0.57454
0.574556
0.574571
0.574586
0.574601
0.574615
0.574629
0.574642
0.574655
0.574668
0.57468
0.574692
0.574703
0.574714
0.574724
0.574733
0.574742
0.574751
0.574759
0.574766
0.574773
0.574779
0.574784
0.57479
0.574794
0.574798
0.574802
0.574805
0.574807
0.574809
0.57481
0.574811
0.574811
0.574811
0.57481
0.574808
0.574806
0.574803
0.5748
0.574796
0.574791
0.574786
0.574781
0.574774
0.574768
0.57476
0.574752
0.574744
0.574735
0.574726
0.574716
0.574705
0.574694
0.574682
0.57467
0.574658
0.574645
0.574631
0.574617
0.574602
0.574587
0.574571
0.574555
0.574539
0.574522
0.574504
0.574486
0.574468
0.574449
0.57443
0.574411
0.574391
0.574371
0.574351
0.57433
0.574309
0.574287
0.574266
0.574244
0.574221
0.574199
0.574176
0.574153
0.574129
0.574106
0.574082
0.574058
0.574034
0.57401
0.573986
0.573961
0.573937
0.573912
0.573887
0.573862
0.573838
0.573813
0.573788
0.573762
0.573737
0.573712
0.573687
0.573663
0.573638
0.573613
0.573588
0.573564
0.573539
0.573515
0.573491
0.573467
0.573443
0.573419
0.573396
0.573372
0.573349
0.573327
0.573304
0.573282
0.57326
0.573238
0.573217
0.573196
0.573175
0.573155
0.573135
0.573116
0.573096
0.573078
0.573059
0.573041
0.573024
0.573007
0.57299
0.572974
0.572958
0.572943
0.572928
0.572914
0.5729
0.572887
0.572875
0.572863
0.572851
0.57284
0.57283
0.57282
0.572811
0.572802
0.572794
0.572786
0.572779
0.572773
0.572767
0.572762
0.572758
0.572754
0.572751
0.572748
0.572746
0.572745
0.572744
0.572744
0.572744
0.572746
0.572747
0.57275
0.572753
0.572757
0.572761
0.572766
0.572772
0.572778
0.572785
0.572792
0.572801
0.572809
0.572819
0.572829
0.572839
0.57285
0.572862
0.572874
0.572887
0.572901
0.572915
0.572929
0.572944
0.57296
0.572976
0.572993
0.57301
0.573027
0.573046
0.573064
0.573083
0.573103
0.573123
0.573144
0.573165
0.573186
0.573208
0.57323
0.573252
0.573275
0.573299
0.573322
0.573346
0.57337
0.573395
0.57342
0.573445
0.57347
0.573496
0.573521
0.573548
0.573574
0.5736
0.573627
0.573654
0.573681
0.573708
0.573735
0.573762
0.573789
0.573817
0.573844
0.573872
0.573899
0.573926
0.573954
0.573981
0.574008
0.574035
0.574063
0.57409
0.574117
0.574143
0.57417
0.574197
0.574223
0.574249
0.574275
0.574301
0.574326
0.574351
0.574376
0.574401
0.574425
0.574449
0.574473
0.574496
0.574519
0.574542
0.574564
0.574586
0.574607
0.574628
0.574649
0.574669
0.574689
0.574708
0.574726
0.574744
0.574762
0.574779
0.574795
0.574811
0.574827
0.574842
0.574856
0.57487
0.574883
0.574895
0.574908
0.574919
0.57493
0.57494
0.574949
0.574958
0.574966
0.574974
0.57498
0.574986
0.574992
0.574997
0.575001
0.575004
0.575007
0.575009
0.57501
0.575011
0.575011
0.57501
0.575009
0.575007
0.575004
0.575001
0.574996
0.574992
0.574986
0.57498
0.574973
0.574965
0.574957
0.574948
0.574939
0.574928
0.574917
0.574906
0.574894
0.574881
0.574867
0.574853
0.574839
0.574823
0.574807
0.574791
0.574774
0.574756
0.574738
0.574719
0.5747
0.57468
0.574659
0.574638
0.574617
0.574595
0.574572
0.57455
0.574526
0.574503
0.574478
0.574454
0.574429
0.574403
0.574378
0.574352
0.574325
0.574298
0.574271
0.574244
0.574216
0.574188
0.57416
0.574132
0.574103
0.574074
0.574045
0.574016
0.573987
0.573958
0.573928
0.573899
0.573869
0.573839
0.57381
0.57378
0.57375
0.57372
0.57369
0.573661
0.573631
0.573601
0.573572
0.573542
0.573513
0.573484
0.573455
0.573426
0.573397
0.573369
0.573341
0.573313
0.573285
0.573258
0.573231
0.573204
0.573178
0.573152
0.573126
0.573101
0.573076
0.573051
0.573027
0.573004
0.572981
0.572958
0.572936
0.572914
0.572893
0.572872
0.572852
0.572832
0.572813
0.572795
0.572777
0.572759
0.572743
0.572727
0.572711
0.572696
0.572682
0.572668
0.572656
0.572643
0.572632
0.572621
0.572611
0.572601
0.572592
0.572584
0.572577
0.57257
0.572564
0.572559
0.572555
0.572551
0.572548
0.572546
0.572545
0.572544
0.572544
0.572545
0.572546
0.572549
0.572552
0.572556
0.57256
0.572566
0.572572
0.572578
0.572586
0.572594
0.572603
0.572613
0.572623
0.572635
0.572646
0.572659
0.572672
0.572686
0.572701
0.572716
0.572732
0.572749
0.572766
0.572784
0.572803
0.572822
0.572842
0.572862
0.572883
0.572905
0.572927
0.572949
0.572973
0.572996
0.573021
0.573045
0.573071
0.573096
0.573123
0.573149
0.573176
0.573204
0.573232
0.57326
0.573289
0.573318
0.573347
0.573377
0.573407
0.573437
0.573467
0.573498
0.573529
0.57356
0.573592
0.573623
0.573655
0.573687
0.573719
0.573751
0.573783
0.573815
0.573847
0.573879
0.573912
0.573944
0.573976
0.574008
0.57404
0.574072
0.574104
0.574136
0.574168
0.574199
0.574231
0.574262
0.574293
0.574323
0.574353
0.574384
0.574413
0.574443
0.574472
0.5745
0.574529
0.574557
0.574585
0.574612
0.574639
0.574666
0.574692
0.574717
0.574742
0.574767
0.574791
0.574814
0.574837
0.574859
0.574881
0.574902
0.574923
0.574943
0.574962
0.574981
0.574999
0.575016
0.575033
0.575049
0.575064
0.575078
0.575092
0.575105
0.575118
0.575129
0.57514
0.57515
0.575159
0.575168
0.575176
0.575183
0.575189
0.575195
0.575199
0.575203
0.575206
0.575209
0.57521
0.575211
0.575211
0.57521
0.575208
0.575205
0.575202
0.575198
0.575193
0.575187
0.575181
0.575173
0.575165
0.575156
0.575146
0.575136
0.575125
0.575112
0.5751
0.575086
0.575072
0.575056
0.575041
0.575024
0.575007
0.574989
0.57497
0.574951
0.574931
0.57491
0.574889
0.574867
0.574844
0.574821
0.574797
0.574772
0.574747
0.574722
0.574696
0.574669
0.574642
0.574614
0.574586
0.574557
0.574528
0.574498
0.574468
0.574438
0.574407
0.574376
0.574344
0.574313
0.57428
0.574248
0.574215
0.574182
0.574149
0.574115
0.574081
0.574048
0.574013
0.573979
0.573945
0.57391
0.573876
0.573841
0.573807
0.573772
0.573737
0.573703
0.573668
0.573634
0.573599
0.573565
0.573531
0.573496
0.573463
0.573429
0.573395
0.573362
0.573329
0.573296
0.573263
0.573231
0.573199
0.573167
0.573136
0.573105
0.573074
0.573044
0.573014
0.572985
0.572956
0.572927
0.5729
0.572872
0.572845
0.572819
0.572794
0.572769
0.572744
0.57272
0.572697
0.572674
0.572652
0.572631
0.57261
0.57259
0.572571
0.572552
0.572535
0.572518
0.572501
0.572486
0.572471
0.572457
0.572444
0.572431
0.57242
0.572409
0.572399
0.572389
0.572381
0.572373
0.572367
0.572361
0.572356
0.572352
0.572348
0.572346
0.572345
0.572344
0.572344
0.572345
0.572347
0.57235
0.572354
0.572358
0.572364
0.57237
0.572377
0.572385
0.572394
0.572404
0.572414
0.572425
0.572438
0.572451
0.572464
0.572479
0.572494
0.572511
0.572528
0.572545
0.572564
0.572583
0.572603
0.572624
0.572646
0.572668
0.572691
0.572714
0.572739
0.572764
0.572789
0.572815
0.572842
0.57287
0.572898
0.572926
0.572956
0.572985
0.573016
0.573046
0.573077
0.573109
0.573141
0.573174
0.573207
0.57324
0.573274
0.573308
0.573343
0.573377
0.573413
0.573448
0.573484
0.573519
0.573556
0.573592
0.573628
0.573665
0.573702
0.573739
0.573776
0.573813
0.57385
0.573887
0.573924
0.573961
0.573998
0.574035
0.574072
0.574109
0.574145
0.574182
0.574218
0.574254
0.57429
0.574326
0.574361
0.574396
0.574431
0.574466
0.5745
0.574534
0.574568
0.574601
0.574634
0.574666
0.574698
0.574729
0.57476
0.57479
0.57482
0.574849
0.574878
0.574906
0.574933
0.57496
0.574986
0.575011
0.575036
0.57506
0.575083
0.575106
0.575128
0.57515
0.57517
0.57519
0.575209
0.575227
0.575245
0.575261
0.575277
0.575292
0.575306
0.575319
0.575331
0.575343
0.575354
0.575363
0.575372
0.57538
0.575387
0.575393
0.575399
0.575403
0.575406
0.575409
0.57541
0.575411
0.57541
0.575409
0.575407
0.575404
0.5754
0.575396
0.57539
0.575383
0.575376
0.575367
0.575358
0.575347
0.575336
0.575324
0.575311
0.575297
0.575282
0.575266
0.57525
0.575232
0.575214
0.575195
0.575175
0.575154
0.575133
0.575111
0.575088
0.575064
0.57504
0.575014
0.574988
0.574962
0.574934
0.574906
0.574878
0.574848
0.574818
0.574788
0.574757
0.574725
0.574693
0.57466
0.574627
0.574593
0.574559
0.574524
0.574489
0.574453
0.574417
0.574381
0.574344
0.574307
0.574269
0.574232
0.574194
0.574155
0.574117
0.574078
0.574039
0.574
0.573961
0.573922
0.573883
0.573843
0.573804
0.573764
0.573725
0.573685
0.573646
0.573607
0.573567
0.573528
0.573489
0.57345
0.573412
0.573373
0.573335
0.573297
0.573259
0.573222
0.573185
0.573148
0.573112
0.573076
0.57304
0.573005
0.57297
0.572935
0.572902
0.572868
0.572836
0.572804
0.572772
0.572741
0.572711
0.572681
0.572652
0.572623
0.572596
0.572569
0.572542
0.572516
0.572491
0.572467
0.572444
0.572421
0.572399
0.572378
0.572358
0.572339
0.572321
0.572303
0.572286
0.57227
0.572255
0.572241
0.572228
0.572216
0.572205
0.572194
0.572185
0.572177
0.572169
0.572163
0.572157
0.572152
0.572149
0.572146
0.572145
0.572144
0.572144
0.572146
0.572148
0.572151
0.572155
0.572161
0.572167
0.572174
0.572182
0.572192
0.572202
0.572213
0.572225
0.572238
0.572252
0.572266
0.572282
0.572299
0.572316
0.572335
0.572354
0.572374
0.572396
0.572418
0.57244
0.572464
0.572489
0.572514
0.57254
0.572567
0.572594
0.572623
0.572652
0.572682
0.572712
0.572743
0.572775
0.572808
0.572841
0.572874
0.572909
0.572944
0.572979
0.573015
0.573051
0.573088
0.573126
0.573163
0.573202
0.57324
0.573279
0.573319
0.573358
0.573398
0.573439
0.573479
0.57352
0.573561
0.573602
0.573644
0.573685
0.573727
0.573769
0.573811
0.573853
0.573895
0.573937
0.573979
0.574021
0.574062
0.574104
0.574146
0.574187
0.574228
0.574269
0.57431
0.574351
0.574391
0.574431
0.57447
0.57451
0.574549
0.574587
0.574626
0.574663
0.574701
0.574737
0.574774
0.57481
0.574845
0.57488
0.574914
0.574947
0.57498
0.575012
0.575044
0.575075
0.575105
0.575134
0.575163
0.575191
0.575218
0.575245
0.57527
0.575295
0.575319
0.575342
0.575364
0.575385
0.575405
0.575425
0.575443
0.575461
0.575478
0.575494
0.575509
0.575522
0.575535
0.575547
0.575558
0.575568
0.575577
0.575584
0.575591
0.575597
0.575602
0.575606
0.575608
0.57561
0.575611
0.57561
0.575609
0.575606
0.575603
0.575598
0.575593
0.575586
0.575578
0.57557
0.57556
0.575549
0.575537
0.575525
0.575511
0.575496
0.57548
0.575464
0.575446
0.575427
0.575408
0.575387
0.575366
0.575343
0.57532
0.575296
0.575271
0.575245
0.575218
0.57519
0.575162
0.575133
0.575103
0.575072
0.57504
0.575008
0.574975
0.574941
0.574907
0.574872
0.574836
0.5748
0.574763
0.574725
0.574687
0.574649
0.57461
0.57457
0.57453
0.574489
0.574449
0.574407
0.574366
0.574324
0.574281
0.574238
0.574195
0.574152
0.574109
0.574065
0.574022
0.573978
0.573934
0.57389
0.573845
0.573801
0.573757
0.573712
0.573668
0.573624
0.57358
0.573536
0.573492
0.573448
0.573404
0.573361
0.573318
0.573275
0.573232
0.57319
0.573148
0.573107
0.573065
0.573025
0.572984
0.572944
0.572905
0.572866
0.572828
0.57279
0.572753
0.572716
0.57268
0.572645
0.57261
0.572576
0.572543
0.57251
0.572478
0.572447
0.572417
0.572387
0.572359
0.572331
0.572304
0.572277
0.572252
0.572228
0.572204
0.572182
0.57216
0.57214
0.57212
0.572101
0.572084
0.572067
0.572052
0.572037
0.572023
0.572011
0.571999
0.571989
0.57198
0.571971
0.571964
0.571958
0.571953
0.571949
0.571946
0.571945
0.571944
0.571944
0.571946
0.571949
0.571952
0.571957
0.571963
0.57197
0.571978
0.571988
0.571998
0.572009
0.572022
0.572035
0.57205
0.572065
0.572082
0.5721
0.572119
0.572138
0.572159
0.572181
0.572203
0.572227
0.572252
0.572277
0.572304
0.572331
0.57236
0.572389
0.572419
0.57245
0.572481
0.572514
0.572547
0.572581
0.572616
0.572652
0.572688
0.572725
0.572763
0.572801
0.57284
0.57288
0.57292
0.572961
0.573002
0.573044
0.573086
0.573129
0.573172
0.573215
0.573259
0.573304
0.573348
0.573393
0.573439
0.573484
0.57353
0.573576
0.573622
0.573669
0.573715
0.573762
0.573809
0.573856
0.573903
0.573949
0.573996
0.574043
0.57409
0.574136
0.574183
0.574229
0.574275
0.57432
0.574366
0.574411
0.574456
0.5745
0.574544
0.574588
0.574631
0.574674
0.574717
0.574759
0.574801
0.574842
0.574882
0.574922
0.574961
0.574999
0.575037
0.575074
0.575111
0.575147
0.575182
0.575216
0.57525
0.575282
0.575314
0.575345
0.575376
0.575405
0.575433
0.575461
0.575487
0.575513
0.575538
0.575561
0.575584
0.575606
0.575626
0.575646
0.575664
0.575682
0.575698
0.575714
0.575728
0.575741
0.575753
0.575764
0.575773
0.575782
0.575789
0.575796
0.575801
0.575805
0.575808
0.57581
0.57581
0.57581
0.575808
0.575805
0.575801
0.575796
0.57579
0.575782
0.575774
0.575764
0.575753
0.575741
0.575728
0.575714
0.575699
0.575682
0.575664
0.575646
0.575626
0.575605
0.575583
0.57556
0.575536
0.575512
0.575486
0.575459
0.575431
0.575402
0.575372
0.575341
0.575309
0.575277
0.575243
0.575209
0.575174
0.575138
0.575102
0.575064
0.575026
0.574987
0.574947
0.574907
0.574866
0.574824
0.574782
0.574739
0.574695
0.574651
0.574607
0.574562
0.574516
0.574471
0.574424
0.574378
0.574331
0.574283
0.574236
0.574188
0.574139
0.574091
0.574042
0.573994
0.573945
0.573896
0.573847
0.573798
0.573749
0.573699
0.57365
0.573601
0.573552
0.573504
0.573455
0.573407
0.573358
0.57331
0.573262
0.573215
0.573168
0.573121
0.573074
0.573028
0.572983
0.572938
0.572893
0.572849
0.572805
0.572762
0.57272
0.572678
0.572636
0.572596
0.572556
0.572517
0.572479
0.572441
0.572404
0.572368
0.572333
0.572299
0.572265
0.572232
0.572201
0.57217
0.57214
0.572111
0.572083
0.572057
0.572031
0.572006
0.571982
0.571959
0.571938
0.571917
0.571898
0.571879
0.571862
0.571846
0.571831
0.571817
0.571804
0.571793
0.571783
0.571773
0.571766
0.571759
0.571754
0.571749
0.571746
0.571744
0.571744
0.571744
0.571746
0.571749
0.571753
0.571759
0.571766
0.571774
0.571783
0.571793
0.571804
0.571817
0.571831
0.571846
0.571862
0.571879
0.571898
0.571917
0.571938
0.57196
0.571983
0.572007
0.572032
0.572059
0.572086
0.572114
0.572144
0.572174
0.572205
0.572238
0.572271
0.572305
0.57234
0.572376
0.572413
0.572451
0.572489
0.572529
0.572569
0.57261
0.572651
0.572694
0.572737
0.572781
0.572825
0.57287
0.572916
0.572962
0.573009
0.573056
0.573104
0.573152
0.5732
0.573249
0.573299
0.573349
0.573399
0.573449
0.5735
0.573551
0.573602
0.573653
0.573704
0.573756
0.573807
0.573859
0.57391
0.573962
0.574013
0.574065
0.574116
0.574168
0.574219
0.57427
0.574321
0.574371
0.574421
0.574471
0.57452
0.57457
0.574618
0.574667
0.574714
0.574762
0.574808
0.574855
0.5749
0.574946
0.57499
0.575034
0.575077
0.57512
0.575161
0.575202
0.575243
0.575282
0.575321
0.575358
0.575395
0.575431
0.575466
0.575501
0.575534
0.575566
0.575597
0.575627
0.575656
0.575684
0.575711
0.575737
0.575762
0.575786
0.575808
0.57583
0.57585
0.575869
0.575888
0.575904
0.57592
0.575935
0.575948
0.57596
0.57597
0.57598
0.575988
0.575995
0.576
0.576005
0.576008
0.57601
0.576011
0.57601
0.576008
0.576005
0.576
0.575994
0.575987
0.575979
0.57597
0.575959
0.575947
0.575933
0.575919
0.575903
0.575886
0.575868
0.575848
0.575828
0.575806
0.575783
0.575759
0.575734
0.575707
0.57568
0.575651
0.575621
0.575591
0.575559
0.575526
0.575492
0.575457
0.575421
0.575384
0.575347
0.575308
0.575269
0.575228
0.575187
0.575145
0.575102
0.575059
0.575014
0.574969
0.574923
0.574877
0.574829
0.574782
0.574733
0.574684
0.574635
0.574585
0.574534
0.574483
0.574432
0.57438
0.574328
0.574276
0.574223
0.57417
0.574117
0.574064
0.57401
0.573957
0.573903
0.573849
0.573795
0.573741
0.573687
0.573633
0.573579
0.573525
0.573472
0.573418
0.573365
0.573312
0.573259
0.573207
0.573155
0.573103
0.573052
0.573001
0.57295
0.5729
0.572851
0.572802
0.572753
0.572705
0.572658
0.572612
0.572566
0.572521
0.572476
0.572432
0.57239
0.572347
0.572306
0.572266
0.572226
0.572188
0.57215
0.572113
0.572078
0.572043
0.572009
0.571976
0.571945
0.571914
0.571885
0.571857
0.571829
0.571803
0.571779
0.571755
0.571732
0.571711
0.571691
0.571672
0.571654
0.571638
0.571623
0.571609
0.571597
0.571586
0.571576
0.571567
0.57156
0.571554
0.571549
0.571546
0.571544
0.571543
0.571544
0.571546
0.57155
0.571554
0.571561
0.571568
0.571577
0.571587
0.571598
0.571611
0.571625
0.57164
0.571657
0.571674
0.571693
0.571714
0.571735
0.571758
0.571782
0.571808
0.571834
0.571862
0.57189
0.57192
0.571952
0.571984
0.572017
0.572051
0.572087
0.572123
0.572161
0.572199
0.572239
0.572279
0.57232
0.572363
0.572406
0.57245
0.572495
0.57254
0.572587
0.572634
0.572682
0.572731
0.57278
0.57283
0.57288
0.572932
0.572983
0.573036
0.573088
0.573142
0.573195
0.573249
0.573304
0.573359
0.573414
0.573469
0.573525
0.573581
0.573637
0.573693
0.573749
0.573805
0.573861
0.573918
0.573974
0.574031
0.574087
0.574143
0.574199
0.574255
0.574311
0.574366
0.574422
0.574476
0.574531
0.574585
0.574639
0.574692
0.574745
0.574797
0.574849
0.5749
0.574951
0.575001
0.57505
0.575099
0.575146
0.575193
0.57524
0.575285
0.57533
0.575374
0.575417
0.575459
0.5755
0.575541
0.57558
0.575618
0.575655
0.575691
0.575726
0.57576
0.575793
0.575825
0.575856
0.575885
0.575913
0.575941
0.575966
0.575991
0.576015
0.576037
0.576058
0.576077
0.576095
0.576112
0.576128
0.576142
0.576155
0.576167
0.576177
0.576186
0.576194
0.5762
0.576205
0.576208
0.57621
0.576211
0.57621
0.576208
0.576204
0.576199
0.576193
0.576185
0.576176
0.576165
0.576153
0.57614
0.576125
0.57611
0.576092
0.576074
0.576054
0.576032
0.57601
0.575986
0.575961
0.575935
0.575907
0.575878
0.575848
0.575817
0.575784
0.575751
0.575716
0.57568
0.575643
0.575605
0.575566
0.575526
0.575484
0.575442
0.575399
0.575355
0.57531
0.575264
0.575217
0.57517
0.575121
0.575072
0.575022
0.574971
0.57492
0.574868
0.574815
0.574761
0.574707
0.574653
0.574598
0.574542
0.574486
0.57443
0.574374
0.574317
0.574259
0.574201
0.574144
0.574085
0.574027
0.573968
0.57391
0.573851
0.573792
0.573733
0.573674
0.573616
0.573557
0.573498
0.57344
0.573382
0.573324
0.573266
0.573209
0.573152
0.573095
0.573039
0.572983
0.572927
0.572872
0.572818
0.572764
0.572711
0.572658
0.572606
0.572554
0.572504
0.572454
0.572405
0.572356
0.572309
0.572262
0.572216
0.572171
0.572127
0.572084
0.572042
0.572001
0.571961
0.571923
0.571885
0.571848
0.571813
0.571778
0.571745
0.571713
0.571683
0.571653
0.571625
0.571598
0.571572
0.571548
0.571525
0.571503
0.571482
0.571463
0.571446
0.571429
0.571414
0.571401
0.571389
0.571378
0.571369
0.571361
0.571355
0.57135
0.571346
0.571344
0.571344
0.571345
0.571347
0.571351
0.571356
0.571362
0.57137
0.57138
0.571391
0.571404
0.571417
0.571433
0.571449
0.571467
0.571487
0.571508
0.57153
0.571553
0.571578
0.571604
0.571632
0.571661
0.571691
0.571722
0.571755
0.571789
0.571824
0.57186
0.571897
0.571936
0.571975
0.572016
0.572058
0.572101
0.572145
0.57219
0.572236
0.572283
0.572331
0.572379
0.572429
0.57248
0.572531
0.572583
0.572636
0.572689
0.572744
0.572799
0.572854
0.572911
0.572967
0.573025
0.573082
0.573141
0.573199
0.573258
0.573318
0.573378
0.573438
0.573498
0.573559
0.57362
0.573681
0.573742
0.573803
0.573864
0.573926
0.573987
0.574048
0.574109
0.57417
0.574231
0.574292
0.574352
0.574413
0.574473
0.574532
0.574591
0.57465
0.574708
0.574766
0.574823
0.57488
0.574936
0.574992
0.575046
0.5751
0.575154
0.575206
0.575258
0.575309
0.575359
0.575409
0.575457
0.575505
0.575551
0.575597
0.575642
0.575686
0.575728
0.57577
0.57581
0.575849
0.575887
0.575924
0.57596
0.575994
0.576028
0.576059
0.57609
0.576119
0.576147
0.576174
0.576199
0.576223
0.576246
0.576267
0.576287
0.576305
0.576322
0.576337
0.576351
0.576364
0.576375
0.576385
0.576393
0.576399
0.576404
0.576408
0.57641
0.57641
0.57641
0.576407
0.576403
0.576397
0.576391
0.576382
0.576372
0.576361
0.576348
0.576334
0.576318
0.576301
0.576282
0.576262
0.57624
0.576217
0.576192
0.576167
0.576139
0.576111
0.576081
0.576049
0.576017
0.575983
0.575948
0.575911
0.575873
0.575834
0.575794
0.575753
0.57571
0.575667
0.575622
0.575576
0.57553
0.575482
0.575433
0.575383
0.575332
0.575281
0.575228
0.575175
0.575121
0.575066
0.57501
0.574954
0.574897
0.574839
0.57478
0.574721
0.574662
0.574602
0.574541
0.57448
0.574418
0.574356
0.574294
0.574232
0.574169
0.574106
0.574043
0.57398
0.573916
0.573853
0.573789
0.573725
0.573662
0.573598
0.573535
0.573472
0.573408
0.573345
0.573283
0.57322
0.573158
0.573096
0.573035
0.572974
0.572914
0.572854
0.572794
0.572735
0.572677
0.572619
0.572562
0.572506
0.57245
0.572396
0.572342
0.572289
0.572236
0.572185
0.572134
0.572085
0.572036
0.571989
0.571942
0.571897
0.571853
0.57181
0.571768
0.571727
0.571687
0.571649
0.571612
0.571576
0.571542
0.571508
0.571477
0.571446
0.571417
0.571389
0.571363
0.571338
0.571315
0.571293
0.571272
0.571253
0.571235
0.571219
0.571205
0.571191
0.57118
0.57117
0.571162
0.571155
0.57115
0.571146
0.571144
0.571143
0.571144
0.571147
0.571151
0.571157
0.571164
0.571173
0.571183
0.571195
0.571209
0.571224
0.57124
0.571258
0.571278
0.571299
0.571321
0.571345
0.571371
0.571398
0.571426
0.571456
0.571487
0.57152
0.571554
0.571589
0.571625
0.571663
0.571702
0.571743
0.571785
0.571828
0.571872
0.571917
0.571963
0.572011
0.572059
0.572109
0.57216
0.572212
0.572264
0.572318
0.572372
0.572428
0.572484
0.572541
0.572599
0.572658
0.572717
0.572777
0.572838
0.572899
0.572961
0.573023
0.573086
0.57315
0.573213
0.573278
0.573342
0.573407
0.573473
0.573538
0.573604
0.573669
0.573736
0.573802
0.573868
0.573934
0.574
0.574066
0.574132
0.574198
0.574263
0.574329
0.574394
0.574459
0.574523
0.574588
0.574651
0.574715
0.574777
0.57484
0.574901
0.574962
0.575023
0.575083
0.575142
0.5752
0.575258
0.575315
0.575371
0.575426
0.57548
0.575533
0.575585
0.575637
0.575687
0.575736
0.575784
0.575831
0.575877
0.575921
0.575965
0.576007
0.576048
0.576088
0.576126
0.576163
0.576199
0.576233
0.576266
0.576298
0.576328
0.576356
0.576384
0.576409
0.576434
0.576457
0.576478
0.576498
0.576516
0.576532
0.576547
0.576561
0.576572
0.576583
0.576591
0.576599
0.576604
0.576608
0.57661
0.576611
0.57661
0.576607
0.576603
0.576597
0.576589
0.57658
0.57657
0.576557
0.576543
0.576528
0.576511
0.576492
0.576472
0.57645
0.576426
0.576401
0.576375
0.576347
0.576317
0.576286
0.576254
0.57622
0.576185
0.576148
0.57611
0.576071
0.57603
0.575988
0.575945
0.575901
0.575855
0.575808
0.57576
0.57571
0.575659
0.575608
0.575555
0.575502
0.575447
0.575391
0.575335
0.575277
0.575219
0.57516
0.5751
0.575039
0.574977
0.574915
0.574852
0.574789
0.574725
0.57466
0.574595
0.574529
0.574463
0.574396
0.57433
0.574262
0.574195
0.574127
0.574059
0.573991
0.573923
0.573854
0.573786
0.573717
0.573649
0.573581
0.573512
0.573444
0.573376
0.573308
0.573241
0.573174
0.573107
0.573041
0.572975
0.572909
0.572844
0.57278
0.572716
0.572652
0.57259
0.572528
0.572466
0.572406
0.572346
0.572287
0.572229
0.572172
0.572116
0.572061
0.572007
0.571954
0.571901
0.57185
0.571801
0.571752
0.571704
0.571658
0.571613
0.571569
0.571527
0.571486
0.571446
0.571407
0.57137
0.571335
0.5713
0.571268
0.571236
0.571206
0.571178
0.571151
0.571126
0.571102
0.57108
0.57106
0.571041
0.571024
0.571009
0.570995
0.570982
0.570972
0.570963
0.570956
0.57095
0.570946
0.570944
0.570943
0.570944
0.570947
0.570952
0.570958
0.570966
0.570975
0.570987
0.570999
0.571014
0.57103
0.571048
0.571067
0.571088
0.571111
0.571135
0.571161
0.571189
0.571218
0.571248
0.57128
0.571314
0.571349
0.571385
0.571423
0.571462
0.571503
0.571545
0.571589
0.571634
0.57168
0.571727
0.571776
0.571826
0.571877
0.571929
0.571982
0.572037
0.572092
0.572149
0.572207
0.572265
0.572325
0.572385
0.572447
0.572509
0.572572
0.572635
0.5727
0.572765
0.572831
0.572897
0.572964
0.573032
0.5731
0.573169
0.573238
0.573307
0.573377
0.573447
0.573517
0.573588
0.573658
0.573729
0.5738
0.573871
0.573942
0.574013
0.574083
0.574154
0.574225
0.574295
0.574365
0.574435
0.574505
0.574574
0.574643
0.574711
0.574779
0.574846
0.574913
0.574979
0.575045
0.57511
0.575174
0.575237
0.5753
0.575362
0.575423
0.575483
0.575542
0.5756
0.575657
0.575713
0.575768
0.575822
0.575874
0.575926
0.575976
0.576025
0.576073
0.57612
0.576165
0.576209
0.576251
0.576293
0.576332
0.57637
0.576407
0.576442
0.576476
0.576508
0.576539
0.576568
0.576596
0.576622
0.576646
0.576669
0.57669
0.576709
0.576727
0.576743
0.576757
0.57677
0.576781
0.57679
0.576798
0.576804
0.576808
0.57681
0.576811
0.57681
0.576807
0.576802
0.576796
0.576787
0.576778
0.576766
0.576753
0.576738
0.576721
0.576702
0.576682
0.57666
0.576637
0.576612
0.576585
0.576557
0.576527
0.576495
0.576462
0.576427
0.576391
0.576353
0.576314
0.576273
0.576231
0.576187
0.576142
0.576096
0.576048
0.575999
0.575949
0.575897
0.575844
0.57579
0.575735
0.575679
0.575621
0.575562
0.575503
0.575442
0.57538
0.575318
0.575254
0.57519
0.575124
0.575058
0.574992
0.574924
0.574856
0.574788
0.574718
0.574649
0.574578
0.574508
0.574436
0.574365
0.574293
0.574221
0.574148
0.574075
0.574002
0.573929
0.573856
0.573783
0.57371
0.573636
0.573563
0.57349
0.573417
0.573344
0.573272
0.5732
0.573128
0.573057
0.572985
0.572915
0.572845
0.572775
0.572706
0.572637
0.57257
0.572503
0.572436
0.572371
0.572306
0.572242
0.572179
0.572117
0.572056
0.571996
0.571937
0.571879
0.571822
0.571767
0.571712
0.571659
0.571606
0.571556
0.571506
0.571458
0.571411
0.571366
0.571322
0.571279
0.571238
0.571198
0.57116
0.571124
0.571089
0.571055
0.571024
0.570993
0.570965
0.570938
0.570913
0.57089
0.570868
0.570848
0.57083
0.570813
0.570798
0.570785
0.570774
0.570764
0.570756
0.57075
0.570746
0.570744
0.570743
0.570744
0.570748
0.570752
0.570759
0.570767
0.570778
0.57079
0.570804
0.570819
0.570837
0.570856
0.570877
0.570899
0.570924
0.57095
0.570977
0.571007
0.571038
0.57107
0.571105
0.57114
0.571178
0.571217
0.571258
0.5713
0.571343
0.571388
0.571435
0.571483
0.571532
0.571583
0.571635
0.571689
0.571743
0.571799
0.571857
0.571915
0.571974
0.572035
0.572097
0.572159
0.572223
0.572288
0.572354
0.57242
0.572487
0.572555
0.572624
0.572694
0.572764
0.572835
0.572906
0.572979
0.573051
0.573125
0.573198
0.573272
0.573347
0.573422
0.573497
0.573572
0.573647
0.573722
0.573798
0.573874
0.573949
0.574025
0.574101
0.574176
0.574252
0.574327
0.574402
0.574476
0.574551
0.574625
0.574698
0.574771
0.574844
0.574916
0.574987
0.575058
0.575128
0.575197
0.575266
0.575334
0.5754
0.575466
0.575531
0.575595
0.575659
0.575721
0.575781
0.575841
0.5759
0.575957
0.576013
0.576068
0.576122
0.576174
0.576225
0.576275
0.576323
0.576369
0.576415
0.576458
0.576501
0.576542
0.576581
0.576618
0.576654
0.576689
0.576722
0.576753
0.576782
0.57681
0.576836
0.57686
0.576882
0.576903
0.576922
0.576939
0.576954
0.576968
0.576979
0.576989
0.576997
0.577004
0.577008
0.57701
0.577011
0.57701
0.577007
0.577002
0.576995
0.576986
0.576975
0.576963
0.576949
0.576932
0.576915
0.576895
0.576873
0.57685
0.576825
0.576798
0.576769
0.576739
0.576707
0.576673
0.576637
0.5766
0.576562
0.576521
0.576479
0.576436
0.57639
0.576344
0.576296
0.576246
0.576195
0.576143
0.576089
0.576034
0.575978
0.57592
0.575861
0.575801
0.575739
0.575677
0.575613
0.575548
0.575483
0.575416
0.575348
0.57528
0.57521
0.57514
0.575069
0.574997
0.574924
0.574851
0.574777
0.574702
0.574627
0.574552
0.574476
0.5744
0.574323
0.574246
0.574169
0.574091
0.574013
0.573936
0.573858
0.573779
0.573701
0.573623
0.573545
0.573468
0.57339
0.573312
0.573235
0.573158
0.573082
0.573006
0.57293
0.572855
0.57278
0.572706
0.572632
0.572559
0.572487
0.572416
0.572345
0.572275
0.572206
0.572138
0.572071
0.572005
0.57194
0.571876
0.571813
0.571751
0.571691
0.571631
0.571573
0.571516
0.571461
