0.580396
0.580389
0.580384
0.580381
0.580379
0.580377
0.580377
0.580377
0.580377
0.580378
0.580379
0.580382
0.580385
0.580387
0.58039
0.580392
0.580395
0.580397
0.580399
0.580401
0.580401
0.580402
0.580402
0.580402
0.580401
0.5804
0.580399
0.580397
0.580396
0.580395
0.580394
0.580392
0.580391
0.580391
0.58039
0.580389
0.580389
0.580388
0.580387
0.580386
0.580386
0.580385
0.580383
0.580382
0.580381
0.58038
0.580378
0.580377
0.580375
0.580374
0.580372
0.580371
0.580369
0.580368
0.580366
0.580365
0.580363
0.580361
0.580359
0.580357
0.580355
0.580353
0.580352
0.58035
0.580348
0.580347
0.580345
0.580343
0.580341
0.580339
0.580338
0.580336
0.580334
0.580333
0.580331
0.58033
0.580328
0.580326
0.580325
0.580323
0.580321
0.58032
0.580318
0.580317
0.580315
0.580314
0.580312
0.580311
0.58031
0.580309
0.580309
0.580308
0.580307
0.580306
0.580305
0.580304
0.580304
0.580303
0.580303
0.580302
0.580302
0.580302
0.580302
0.580302
0.580302
0.580302
0.580302
0.580303
0.580303
0.580304
0.580305
0.580306
0.580306
0.580307
0.580308
0.58031
0.580311
0.580312
0.580313
0.580315
0.580316
0.580318
0.58032
0.580321
0.580324
0.580326
0.580328
0.58033
0.580333
0.580335
0.580338
0.580341
0.580344
0.580347
0.58035
0.580353
0.580356
0.580359
0.580362
0.580365
0.580369
0.580372
0.580376
0.58038
0.580384
0.580388
0.580392
0.580396
0.5804
0.580404
0.580408
0.580412
0.580416
0.58042
0.580424
0.580428
0.580432
0.580436
0.58044
0.580444
0.580449
0.580453
0.580458
0.580462
0.580467
0.580471
0.580475
0.58048
0.580484
0.580487
0.580491
0.580495
0.580498
0.580502
0.580505
0.580509
0.580512
0.580516
0.58052
0.580523
0.580526
0.58053
0.580533
0.580536
0.580539
0.580542
0.580545
0.580548
0.580551
0.580553
0.580556
0.580558
0.580561
0.580563
0.580565
0.580566
0.580568
0.580569
0.580571
0.580572
0.580573
0.580574
0.580575
0.580576
0.580576
0.580577
0.580577
0.580577
0.580576
0.580576
0.580575
0.580575
0.580574
0.580573
0.580572
0.580571
0.580569
0.580568
0.580566
0.580564
0.580562
0.58056
0.580558
0.580555
0.580552
0.580549
0.580546
0.580543
0.580539
0.580536
0.580532
0.580528
0.580524
0.58052
0.580516
0.580511
0.580507
0.580502
0.580497
0.580492
0.580487
0.580481
0.580475
0.58047
0.580464
0.580458
0.580452
0.580445
0.580439
0.580433
0.580427
0.580421
0.580414
0.580408
0.580401
0.580395
0.580388
0.580381
0.580374
0.580367
0.58036
0.580353
0.580346
0.580339
0.580332
0.580325
0.580319
0.580312
0.580306
0.5803
0.580293
0.580287
0.58028
0.580273
0.580266
0.58026
0.580253
0.580247
0.58024
0.580234
0.580227
0.580221
0.580215
0.580208
0.580203
0.580197
0.580192
0.580187
0.580182
0.580177
0.580172
0.580167
0.580162
0.580158
0.580153
0.580149
0.580144
0.58014
0.580136
0.580132
0.580129
0.580126
0.580123
0.58012
0.580118
0.580116
0.580114
0.580113
0.580111
0.580109
0.580108
0.580107
0.580106
0.580106
0.580106
0.580106
0.580107
0.580107
0.580108
0.580109
0.580109
0.580111
0.580112
0.580114
0.580116
0.580118
0.580121
0.580124
0.580127
0.58013
0.580134
0.580137
0.580141
0.580146
0.58015
0.580155
0.58016
0.580165
0.580171
0.580176
0.580182
0.580188
0.580194
0.580201
0.580208
0.580215
0.580222
0.58023
0.580237
0.580245
0.580253
0.580261
0.580269
0.580277
0.580285
0.580294
0.580303
0.580312
0.580321
0.580329
0.580338
0.580347
0.580356
0.580365
0.580375
0.580385
0.580394
0.580404
0.580414
0.580424
0.580434
0.580444
0.580453
0.580463
0.580473
0.580482
0.580491
0.580501
0.58051
0.58052
0.580529
0.580539
0.580548
0.580557
0.580566
0.580576
0.580585
0.580594
0.580602
0.580611
0.580619
0.580628
0.580636
0.580643
0.580651
0.580659
0.580666
0.580673
0.580681
0.580687
0.580694
0.5807
0.580706
0.580712
0.580718
0.580723
0.580728
0.580733
0.580738
0.580742
0.580747
0.580751
0.580755
0.580758
0.580762
0.580765
0.580767
0.580769
0.580771
0.580773
0.580774
0.580776
0.580776
0.580777
0.580777
0.580776
0.580775
0.580774
0.580773
0.58077
0.580768
0.580766
0.580763
0.58076
0.580757
0.580754
0.58075
0.580746
0.580742
0.580737
0.580732
0.580727
0.580721
0.580715
0.580708
0.580701
0.580694
0.580687
0.580679
0.580672
0.580664
0.580655
0.580647
0.580638
0.580629
0.580619
0.58061
0.5806
0.58059
0.580581
0.580571
0.58056
0.580549
0.580539
0.580528
0.580516
0.580505
0.580494
0.580483
0.580471
0.580459
0.580447
0.580435
0.580423
0.58041
0.580398
0.580386
0.580373
0.580361
0.580349
0.580336
0.580324
0.580311
0.580299
0.580286
0.580274
0.580261
0.580249
0.580236
0.580224
0.580212
0.580201
0.580189
0.580177
0.580166
0.580155
0.580143
0.580132
0.580121
0.58011
0.5801
0.580089
0.580079
0.580069
0.580059
0.58005
0.58004
0.580031
0.580022
0.580014
0.580006
0.579998
0.57999
0.579982
0.579975
0.579969
0.579963
0.579956
0.579951
0.579945
0.57994
0.579935
0.57993
0.579926
0.579923
0.57992
0.579917
0.579914
0.579912
0.57991
0.579908
0.579907
0.579906
0.579906
0.579905
0.579906
0.579907
0.579908
0.57991
0.579912
0.579914
0.579917
0.579921
0.579925
0.57993
0.579935
0.57994
0.579946
0.579952
0.579958
0.579965
0.579972
0.57998
0.579988
0.579995
0.580003
0.580012
0.58002
0.580029
0.580039
0.580048
0.580059
0.580069
0.58008
0.580092
0.580104
0.580116
0.580129
0.580142
0.580155
0.580168
0.580181
0.580194
0.580208
0.580221
0.580235
0.580248
0.580262
0.580276
0.580291
0.580305
0.58032
0.580335
0.58035
0.580366
0.580381
0.580397
0.580412
0.580427
0.580443
0.580458
0.580473
0.580488
0.580504
0.580519
0.580534
0.580549
0.580564
0.580579
0.580594
0.580609
0.580623
0.580638
0.580652
0.580666
0.58068
0.580694
0.580707
0.580721
0.580734
0.580747
0.58076
0.580772
0.580784
0.580796
0.580808
0.580819
0.58083
0.58084
0.58085
0.58086
0.58087
0.580879
0.580888
0.580896
0.580904
0.580911
0.580918
0.580925
0.580932
0.580938
0.580944
0.580949
0.580954
0.580958
0.580962
0.580965
0.580968
0.580971
0.580973
0.580974
0.580975
0.580975
0.580975
0.580974
0.580973
0.580971
0.580969
0.580967
0.580964
0.58096
0.580957
0.580952
0.580948
0.580943
0.580937
0.580931
0.580925
0.580918
0.58091
0.580902
0.580894
0.580885
0.580876
0.580866
0.580856
0.580845
0.580834
0.580823
0.580811
0.580799
0.580786
0.580774
0.58076
0.580746
0.580732
0.580718
0.580703
0.580688
0.580673
0.580658
0.580642
0.580625
0.580609
0.580593
0.580576
0.58056
0.580543
0.580526
0.580509
0.580492
0.580474
0.580456
0.580438
0.58042
0.580402
0.580384
0.580366
0.580348
0.58033
0.580312
0.580293
0.580275
0.580257
0.58024
0.580222
0.580204
0.580187
0.580169
0.580152
0.580135
0.580117
0.5801
0.580083
0.580066
0.58005
0.580034
0.580018
0.580002
0.579987
0.579972
0.579956
0.579941
0.579927
0.579913
0.5799
0.579887
0.579875
0.579862
0.57985
0.579839
0.579828
0.579817
0.579807
0.579798
0.579789
0.57978
0.579771
0.579763
0.579755
0.579748
0.579741
0.579735
0.57973
0.579725
0.579721
0.579718
0.579715
0.579713
0.579711
0.57971
0.579709
0.579709
0.579709
0.579709
0.57971
0.579711
0.579714
0.579716
0.57972
0.579724
0.579729
0.579734
0.579739
0.579745
0.579752
0.579759
0.579766
0.579775
0.579783
0.579793
0.579803
0.579814
0.579825
0.579836
0.579849
0.579861
0.579874
0.579887
0.579901
0.579915
0.579929
0.579944
0.57996
0.579976
0.579993
0.58001
0.580027
0.580045
0.580063
0.580081
0.580099
0.580117
0.580136
0.580155
0.580175
0.580195
0.580215
0.580234
0.580255
0.580275
0.580295
0.580316
0.580337
0.580357
0.580378
0.580399
0.58042
0.580441
0.580462
0.580483
0.580504
0.580525
0.580545
0.580566
0.580586
0.580607
0.580627
0.580648
0.580668
0.580689
0.580709
0.580728
0.580747
0.580766
0.580785
0.580804
0.580822
0.58084
0.580858
0.580875
0.580892
0.580908
0.580924
0.58094
0.580956
0.580971
0.580985
0.580999
0.581013
0.581026
0.581039
0.581051
0.581063
0.581074
0.581084
0.581094
0.581103
0.581113
0.581121
0.581129
0.581136
0.581143
0.581149
0.581154
0.581159
0.581163
0.581167
0.581169
0.581172
0.581173
0.581174
0.581174
0.581174
0.581173
0.581171
0.581169
0.581167
0.581163
0.581159
0.581155
0.58115
0.581144
0.581137
0.58113
0.581122
0.581113
0.581104
0.581094
0.581083
0.581072
0.58106
0.581047
0.581034
0.581021
0.581006
0.580992
0.580977
0.580962
0.580946
0.58093
0.580913
0.580896
0.580878
0.58086
0.580841
0.580822
0.580803
0.580784
0.580764
0.580744
0.580723
0.580702
0.58068
0.580658
0.580636
0.580614
0.580591
0.580569
0.580546
0.580523
0.5805
0.580476
0.580453
0.580429
0.580406
0.580382
0.580358
0.580334
0.58031
0.580286
0.580262
0.580238
0.580215
0.580192
0.580168
0.580145
0.580122
0.580099
0.580076
0.580054
0.580032
0.58001
0.579988
0.579967
0.579946
0.579925
0.579904
0.579884
0.579864
0.579844
0.579825
0.579806
0.579787
0.579769
0.579751
0.579734
0.579718
0.579702
0.579687
0.579673
0.579659
0.579645
0.579632
0.57962
0.579608
0.579597
0.579586
0.579576
0.579566
0.579557
0.579549
0.579542
0.579535
0.579529
0.579523
0.579518
0.579514
0.579511
0.579508
0.579506
0.579505
0.579505
0.579505
0.579507
0.579509
0.579512
0.579516
0.57952
0.579525
0.579531
0.579537
0.579544
0.579552
0.57956
0.579569
0.579579
0.579589
0.579601
0.579612
0.579624
0.579637
0.57965
0.579664
0.579679
0.579694
0.579711
0.579727
0.579745
0.579763
0.579782
0.579801
0.57982
0.57984
0.579861
0.579882
0.579904
0.579926
0.579948
0.579971
0.579994
0.580018
0.580042
0.580066
0.58009
0.580115
0.58014
0.580165
0.58019
0.580216
0.580241
0.580268
0.580294
0.58032
0.580347
0.580374
0.5804
0.580427
0.580454
0.580481
0.580508
0.580534
0.580561
0.580588
0.580614
0.58064
0.580666
0.580692
0.580718
0.580743
0.580768
0.580793
0.580818
0.580842
0.580865
0.580889
0.580912
0.580936
0.580958
0.580981
0.581003
0.581024
0.581044
0.581064
0.581084
0.581103
0.581122
0.58114
0.581158
0.581176
0.581192
0.581208
0.581223
0.581238
0.581251
0.581264
0.581277
0.581289
0.5813
0.58131
0.581319
0.581328
0.581336
0.581344
0.581351
0.581356
0.581361
0.581365
0.581368
0.581371
0.581373
0.581373
0.581373
0.581373
0.581371
0.581369
0.581366
0.581363
0.581358
0.581353
0.581347
0.581341
0.581333
0.581324
0.581315
0.581304
0.581293
0.581281
0.581269
0.581256
0.581242
0.581227
0.581212
0.581196
0.581179
0.581162
0.581143
0.581125
0.581105
0.581086
0.581065
0.581045
0.581023
0.581001
0.580978
0.580955
0.580931
0.580907
0.580882
0.580857
0.580832
0.580806
0.58078
0.580753
0.580726
0.580698
0.58067
0.580642
0.580614
0.580585
0.580556
0.580527
0.580498
0.580468
0.580439
0.580409
0.58038
0.58035
0.580321
0.580291
0.580261
0.580232
0.580202
0.580173
0.580145
0.580116
0.580087
0.580059
0.58003
0.580002
0.579974
0.579947
0.57992
0.579893
0.579867
0.579841
0.579815
0.57979
0.579765
0.57974
0.579716
0.579692
0.579669
0.579647
0.579625
0.579603
0.579583
0.579563
0.579543
0.579524
0.579506
0.579488
0.579472
0.579456
0.57944
0.579426
0.579412
0.579399
0.579387
0.579376
0.579366
0.579357
0.579348
0.57934
0.579333
0.579327
0.579321
0.579317
0.579314
0.579311
0.57931
0.579309
0.579309
0.57931
0.579312
0.579314
0.579317
0.579321
0.579326
0.579332
0.579338
0.579345
0.579353
0.579363
0.579373
0.579384
0.579396
0.57941
0.579424
0.579438
0.579454
0.57947
0.579487
0.579505
0.579524
0.579543
0.579562
0.579583
0.579604
0.579626
0.579648
0.579671
0.579695
0.57972
0.579745
0.579771
0.579797
0.579824
0.579851
0.579879
0.579908
0.579937
0.579966
0.579996
0.580026
0.580056
0.580086
0.580117
0.580148
0.580179
0.580211
0.580242
0.580274
0.580306
0.580338
0.58037
0.580402
0.580435
0.580467
0.5805
0.580532
0.580565
0.580597
0.580629
0.580661
0.580693
0.580725
0.580756
0.580787
0.580818
0.580849
0.580879
0.580909
0.580939
0.580968
0.580996
0.581024
0.581051
0.581078
0.581105
0.581131
0.581156
0.581181
0.581205
0.581229
0.581252
0.581275
0.581297
0.581319
0.581339
0.581359
0.581378
0.581396
0.581414
0.581431
0.581447
0.581462
0.581476
0.581488
0.5815
0.58151
0.58152
0.581528
0.581536
0.581543
0.581549
0.581554
0.581559
0.581563
0.581566
0.581569
0.58157
0.581571
0.581571
0.58157
0.581568
0.581565
0.581561
0.581555
0.581549
0.581542
0.581533
0.581524
0.581513
0.581502
0.581489
0.581476
0.581462
0.581447
0.58143
0.581413
0.581395
0.581376
0.581357
0.581336
0.581315
0.581293
0.581271
0.581247
0.581223
0.581198
0.581172
0.581146
0.581119
0.581092
0.581064
0.581035
0.581006
0.580977
0.580947
0.580917
0.580886
0.580854
0.580822
0.58079
0.580757
0.580724
0.580691
0.580657
0.580623
0.580588
0.580554
0.580519
0.580484
0.580449
0.580413
0.580378
0.580342
0.580306
0.580271
0.580236
0.5802
0.580166
0.580131
0.580096
0.580062
0.580027
0.579994
0.57996
0.579927
0.579894
0.579862
0.579829
0.579797
0.579766
0.579735
0.579704
0.579674
0.579644
0.579615
0.579587
0.579559
0.579531
0.579504
0.579478
0.579452
0.579428
0.579404
0.579382
0.57936
0.579339
0.579319
0.5793
0.579281
0.579263
0.579247
0.579231
0.579216
0.579202
0.579189
0.579176
0.579164
0.579154
0.579144
0.579136
0.579129
0.579123
0.579117
0.579113
0.579109
0.579107
0.579106
0.579106
0.579107
0.579109
0.579113
0.579117
0.579123
0.579129
0.579136
0.579145
0.579154
0.579165
0.579177
0.579189
0.579203
0.579217
0.579233
0.579249
0.579265
0.579283
0.579301
0.579321
0.579342
0.579363
0.579386
0.57941
0.579435
0.57946
0.579486
0.579513
0.579541
0.579569
0.579599
0.579628
0.579659
0.57969
0.579722
0.579754
0.579787
0.57982
0.579854
0.579889
0.579924
0.579959
0.579995
0.580031
0.580068
0.580104
0.580141
0.580177
0.580214
0.580251
0.580289
0.580327
0.580365
0.580403
0.580442
0.58048
0.580518
0.580556
0.580595
0.580633
0.580671
0.580709
0.580746
0.580783
0.58082
0.580857
0.580893
0.580929
0.580964
0.580999
0.581033
0.581067
0.5811
0.581134
0.581166
0.581198
0.581229
0.58126
0.58129
0.581319
0.581348
0.581376
0.581403
0.581429
0.581454
0.581479
0.581503
0.581525
0.581547
0.581568
0.581588
0.581607
0.581625
0.581643
0.581659
0.581674
0.581689
0.581702
0.581713
0.581724
0.581734
0.581743
0.58175
0.581757
0.581763
0.581767
0.58177
0.581772
0.581773
0.581773
0.581772
0.58177
0.581767
0.581762
0.581756
0.58175
0.581742
0.581733
0.581723
0.581711
0.581699
0.581685
0.581671
0.581655
0.581638
0.581621
0.581602
0.581582
0.581562
0.58154
0.581517
0.581493
0.581469
0.581444
0.581417
0.58139
0.581362
0.581333
0.581303
0.581272
0.581241
0.581209
0.581176
0.581142
0.581108
0.581073
0.581038
0.581002
0.580966
0.580929
0.580892
0.580854
0.580816
0.580778
0.580739
0.5807
0.58066
0.580621
0.580581
0.58054
0.5805
0.580459
0.580418
0.580377
0.580336
0.580295
0.580254
0.580213
0.580172
0.580131
0.58009
0.580049
0.580009
0.579969
0.579929
0.57989
0.579852
0.579813
0.579775
0.579738
0.579701
0.579665
0.579629
0.579594
0.579559
0.579525
0.579492
0.579459
0.579426
0.579395
0.579364
0.579333
0.579304
0.579276
0.579248
0.579222
0.579196
0.579172
0.579148
0.579126
0.579105
0.579085
0.579066
0.579047
0.57903
0.579014
0.578999
0.578984
0.578972
0.57896
0.57895
0.57894
0.578932
0.578925
0.578919
0.578914
0.57891
0.578907
0.578906
0.578906
0.578907
0.57891
0.578913
0.578918
0.578925
0.578932
0.578941
0.578951
0.578963
0.578975
0.578989
0.579004
0.57902
0.579037
0.579054
0.579073
0.579093
0.579114
0.579135
0.579158
0.579182
0.579207
0.579233
0.57926
0.579288
0.579317
0.579347
0.579378
0.57941
0.579443
0.579476
0.57951
0.579545
0.579581
0.579617
0.579655
0.579693
0.579731
0.579771
0.579811
0.579851
0.579892
0.579933
0.579975
0.580018
0.580061
0.580104
0.580147
0.58019
0.580233
0.580276
0.580319
0.580363
0.580406
0.58045
0.580493
0.580537
0.58058
0.580624
0.580668
0.580712
0.580755
0.580798
0.580841
0.580884
0.580926
0.580968
0.581009
0.58105
0.58109
0.581129
0.581168
0.581207
0.581244
0.581281
0.581317
0.581352
0.581387
0.581421
0.581454
0.581487
0.581519
0.58155
0.58158
0.581609
0.581638
0.581665
0.581691
0.581717
0.581741
0.581764
0.581786
0.581806
0.581826
0.581844
0.581862
0.581878
0.581893
0.581906
0.581919
0.58193
0.58194
0.581948
0.581956
0.581962
0.581967
0.58197
0.581973
0.581974
0.581974
0.581972
0.581969
0.581965
0.58196
0.581953
0.581945
0.581936
0.581925
0.581914
0.5819
0.581886
0.581871
0.581854
0.581836
0.581817
0.581797
0.581775
0.581753
0.581729
0.581704
0.581678
0.581651
0.581622
0.581592
0.581562
0.58153
0.581498
0.581465
0.581431
0.581396
0.581361
0.581324
0.581287
0.581249
0.58121
0.58117
0.58113
0.581089
0.581048
0.581005
0.580962
0.580919
0.580875
0.580831
0.580787
0.580742
0.580697
0.580651
0.580605
0.580559
0.580513
0.580467
0.580421
0.580374
0.580327
0.580281
0.580234
0.580187
0.58014
0.580094
0.580048
0.580002
0.579956
0.579911
0.579866
0.579821
0.579777
0.579733
0.57969
0.579648
0.579606
0.579565
0.579525
0.579485
0.579445
0.579406
0.579368
0.579331
0.579294
0.579258
0.579223
0.579189
0.579156
0.579124
0.579093
0.579063
0.579034
0.579006
0.578979
0.578954
0.57893
0.578907
0.578885
0.578864
0.578845
0.578827
0.57881
0.578794
0.57878
0.578767
0.578755
0.578745
0.578735
0.578727
0.57872
0.578714
0.57871
0.578707
0.578706
0.578707
0.578708
0.578711
0.578715
0.578721
0.578728
0.578736
0.578746
0.578758
0.57877
0.578784
0.5788
0.578816
0.578834
0.578853
0.578873
0.578894
0.578917
0.578941
0.578966
0.578992
0.57902
0.579048
0.579078
0.579109
0.579141
0.579175
0.579209
0.579244
0.579281
0.579318
0.579356
0.579395
0.579435
0.579476
0.579518
0.579561
0.579604
0.579647
0.579692
0.579737
0.579782
0.579828
0.579875
0.579922
0.579969
0.580017
0.580065
0.580113
0.580162
0.580211
0.58026
0.58031
0.580359
0.580409
0.580458
0.580508
0.580558
0.580608
0.580657
0.580706
0.580755
0.580804
0.580852
0.5809
0.580947
0.580994
0.581041
0.581087
0.581132
0.581177
0.581222
0.581266
0.581309
0.581352
0.581394
0.581435
0.581476
0.581515
0.581554
0.581592
0.581629
0.581665
0.5817
0.581734
0.581767
0.581798
0.581829
0.581858
0.581886
0.581913
0.581939
0.581964
0.581987
0.582009
0.582029
0.582049
0.582067
0.582083
0.582098
0.582112
0.582124
0.582135
0.582144
0.582153
0.58216
0.582166
0.58217
0.582173
0.582174
0.582174
0.582172
0.582169
0.582164
0.582158
0.582151
0.582141
0.58213
0.582118
0.582104
0.582089
0.582073
0.582055
0.582036
0.582015
0.581994
0.58197
0.581946
0.581921
0.581894
0.581867
0.581838
0.581807
0.581776
0.581743
0.581709
0.581674
0.581638
0.581601
0.581562
0.581523
0.581483
0.581442
0.581399
0.581356
0.581312
0.581267
0.581222
0.581175
0.581128
0.581081
0.581033
0.580984
0.580935
0.580886
0.580836
0.580785
0.580734
0.580683
0.580632
0.58058
0.580529
0.580477
0.580425
0.580372
0.58032
0.580267
0.580215
0.580162
0.58011
0.580058
0.580006
0.579955
0.579903
0.579853
0.579802
0.579752
0.579703
0.579654
0.579606
0.579558
0.579512
0.579465
0.57942
0.579375
0.57933
0.579287
0.579244
0.579202
0.579161
0.579121
0.579082
0.579044
0.579007
0.578971
0.578937
0.578903
0.578871
0.57884
0.578811
0.578783
0.578756
0.57873
0.578706
0.578683
0.578661
0.57864
0.578621
0.578603
0.578587
0.578572
0.578558
0.578546
0.578536
0.578527
0.57852
0.578514
0.57851
0.578507
0.578507
0.578507
0.578509
0.578513
0.578518
0.578525
0.578534
0.578544
0.578555
0.578567
0.578581
0.578597
0.578614
0.578633
0.578653
0.578674
0.578697
0.578721
0.578746
0.578772
0.5788
0.578829
0.578859
0.578892
0.578925
0.57896
0.578996
0.579033
0.579072
0.579112
0.579153
0.579195
0.579238
0.579281
0.579326
0.579371
0.579417
0.579464
0.579512
0.579561
0.57961
0.57966
0.579711
0.579762
0.579814
0.579867
0.57992
0.579974
0.580028
0.580082
0.580136
0.580191
0.580246
0.580301
0.580356
0.580411
0.580467
0.580522
0.580577
0.580632
0.580687
0.580742
0.580796
0.580851
0.580905
0.580958
0.581011
0.581064
0.581116
0.581167
0.581218
0.581268
0.581318
0.581367
0.581415
0.581463
0.58151
0.581555
0.5816
0.581645
0.581688
0.58173
0.581771
0.58181
0.581849
0.581887
0.581923
0.581958
0.581992
0.582025
0.582056
0.582086
0.582114
0.582141
0.582167
0.582191
0.582214
0.582235
0.582255
0.582274
0.582291
0.582306
0.58232
0.582333
0.582343
0.582352
0.58236
0.582366
0.582371
0.582373
0.582374
0.582374
0.582372
0.582368
0.582363
0.582356
0.582347
0.582336
0.582324
0.582311
0.582296
0.582279
0.582261
0.582241
0.58222
0.582197
0.582173
0.582147
0.58212
0.582091
0.582061
0.58203
0.581998
0.581964
0.581929
0.581892
0.581855
0.581816
0.581775
0.581734
0.581692
0.581648
0.581603
0.581557
0.58151
0.581462
0.581413
0.581363
0.581313
0.581262
0.58121
0.581157
0.581103
0.581049
0.580994
0.580939
0.580883
0.580827
0.580771
0.580714
0.580657
0.5806
0.580542
0.580485
0.580427
0.580369
0.580311
0.580253
0.580195
0.580137
0.580079
0.580022
0.579964
0.579907
0.57985
0.579794
0.579738
0.579683
0.579628
0.579574
0.579521
0.579468
0.579416
0.579364
0.579314
0.579264
0.579215
0.579167
0.57912
0.579074
0.579029
0.578985
0.578942
0.578899
0.578859
0.578819
0.578781
0.578744
0.578708
0.578674
0.578641
0.57861
0.57858
0.578551
0.578524
0.578499
0.578475
0.578452
0.578431
0.578412
0.578394
0.578377
0.578363
0.57835
0.578339
0.57833
0.578322
0.578316
0.578311
0.578308
0.578307
0.578308
0.57831
0.578314
0.57832
0.578327
0.578336
0.578346
0.578358
0.578372
0.578388
0.578405
0.578424
0.578444
0.578466
0.57849
0.578515
0.578542
0.57857
0.578601
0.578632
0.578665
0.5787
0.578736
0.578773
0.578812
0.578852
0.578894
0.578937
0.578981
0.579026
0.579072
0.579119
0.579167
0.579216
0.579266
0.579317
0.579368
0.579421
0.579475
0.579529
0.579585
0.579641
0.579698
0.579756
0.579814
0.579873
0.579932
0.579991
0.580051
0.580111
0.580172
0.580232
0.580293
0.580353
0.580413
0.580474
0.580535
0.580596
0.580657
0.580717
0.580778
0.580838
0.580898
0.580958
0.581017
0.581076
0.581134
0.581191
0.581248
0.581304
0.58136
0.581414
0.581468
0.581521
0.581573
0.581624
0.581674
0.581724
0.581772
0.581819
0.581866
0.581911
0.581954
0.581997
0.582039
0.582079
0.582117
0.582155
0.582191
0.582225
0.582258
0.582289
0.582319
0.582348
0.582375
0.5824
0.582423
0.582445
0.582465
0.582484
0.5825
0.582515
0.582529
0.582541
0.58255
0.582559
0.582565
0.58257
0.582573
0.582574
0.582573
0.582571
0.582567
0.582561
0.582554
0.582544
0.582533
0.58252
0.582505
0.582488
0.582469
0.582449
0.582428
0.582404
0.582379
0.582352
0.582324
0.582294
0.582263
0.58223
0.582195
0.582159
0.582122
0.582082
0.582042
0.581999
0.581956
0.581912
0.581866
0.581819
0.581771
0.581722
0.581672
0.58162
0.581568
0.581514
0.58146
0.581405
0.581348
0.581291
0.581233
0.581175
0.581115
0.581055
0.580994
0.580933
0.580871
0.580809
0.580746
0.580683
0.58062
0.580557
0.580493
0.580429
0.580366
0.580302
0.580239
0.580175
0.580112
0.580049
0.579986
0.579923
0.57986
0.579798
0.579736
0.579675
0.579614
0.579554
0.579495
0.579436
0.579378
0.579321
0.579264
0.579209
0.579154
0.579101
0.579048
0.578996
0.578946
0.578896
0.578848
0.5788
0.578755
0.57871
0.578667
0.578625
0.578585
0.578546
0.578509
0.578473
0.578439
0.578406
0.578374
0.578345
0.578316
0.578289
0.578264
0.578241
0.57822
0.5782
0.578183
0.578167
0.578154
0.578142
0.578132
0.578123
0.578117
0.578112
0.578109
0.578108
0.578109
0.578111
0.578115
0.578121
0.57813
0.578139
0.578151
0.578165
0.57818
0.578197
0.578215
0.578236
0.578259
0.578284
0.57831
0.578338
0.578367
0.578398
0.578431
0.578465
0.578502
0.578539
0.578578
0.578619
0.578661
0.578704
0.57875
0.578796
0.578844
0.578894
0.578945
0.578996
0.579049
0.579103
0.579158
0.579214
0.579271
0.579329
0.579388
0.579448
0.579509
0.57957
0.579633
0.579695
0.579759
0.579823
0.579888
0.579953
0.580018
0.580084
0.58015
0.580216
0.580283
0.58035
0.580416
0.580483
0.58055
0.580616
0.580683
0.580749
0.580815
0.580881
0.580946
0.581011
0.581076
0.58114
0.581203
0.581265
0.581327
0.581389
0.581449
0.581509
0.581568
0.581626
0.581683
0.581739
0.581794
0.581848
0.581901
0.581953
0.582003
0.582053
0.582101
0.582147
0.582192
0.582236
0.582278
0.582319
0.582358
0.582396
0.582431
0.582466
0.582498
0.582529
0.582558
0.582585
0.58261
0.582634
0.582656
0.582676
0.582694
0.582711
0.582725
0.582738
0.582749
0.582758
0.582765
0.58277
0.582773
0.582774
0.582773
0.58277
0.582765
0.582759
0.58275
0.58274
0.582727
0.582713
0.582697
0.582679
0.582659
0.582637
0.582614
0.582588
0.582561
0.582532
0.582501
0.582468
0.582433
0.582397
0.582359
0.582319
0.582277
0.582234
0.58219
0.582144
0.582097
0.582048
0.581998
0.581947
0.581894
0.58184
0.581785
0.581729
0.581671
0.581613
0.581554
0.581494
0.581433
0.581371
0.581308
0.581244
0.58118
0.581114
0.581048
0.580982
0.580914
0.580846
0.580778
0.580709
0.580641
0.580571
0.580502
0.580433
0.580363
0.580294
0.580224
0.580155
0.580086
0.580017
0.579948
0.57988
0.579812
0.579744
0.579677
0.579611
0.579545
0.57948
0.579415
0.579351
0.579288
0.579226
0.579165
0.579105
0.579045
0.578987
0.57893
0.578873
0.578818
0.578764
0.578711
0.57866
0.57861
0.578561
0.578514
0.578468
0.578424
0.578382
0.578341
0.578303
0.578265
0.57823
0.578196
0.578164
0.578134
0.578105
0.578078
0.578054
0.578031
0.57801
0.577991
0.577974
0.577959
0.577946
0.577934
0.577925
0.577917
0.577912
0.577908
0.577907
0.577907
0.57791
0.577915
0.577921
0.577931
0.577942
0.577955
0.577971
0.577988
0.578007
0.578028
0.57805
0.578075
0.578101
0.578129
0.578158
0.57819
0.578224
0.578259
0.578297
0.578336
0.578376
0.578419
0.578463
0.578508
0.578556
0.578606
0.578657
0.578709
0.578763
0.578819
0.578875
0.578933
0.578991
0.579051
0.579112
0.579174
0.579238
0.579302
0.579367
0.579433
0.5795
0.579567
0.579635
0.579704
0.579773
0.579843
0.579914
0.579985
0.580057
0.580129
0.580201
0.580274
0.580346
0.580418
0.580491
0.580563
0.580635
0.580708
0.58078
0.580852
0.580923
0.580994
0.581065
0.581135
0.581204
0.581273
0.581341
0.581408
0.581475
0.581541
0.581605
0.581669
0.581732
0.581793
0.581854
0.581914
0.581972
0.58203
0.582086
0.58214
0.582194
0.582245
0.582296
0.582344
0.582392
0.582438
0.582482
0.582524
0.582565
0.582603
0.58264
0.582676
0.582709
0.582741
0.58277
0.582798
0.582823
0.582847
0.582868
0.582888
0.582906
0.582922
0.582935
0.582947
0.582956
0.582964
0.582969
0.582972
0.582973
0.582973
0.58297
0.582965
0.582958
0.582948
0.582937
0.582924
0.582908
0.58289
0.582871
0.582849
0.582825
0.582798
0.58277
0.58274
0.582709
0.582675
0.58264
0.582602
0.582563
0.582522
0.582479
0.582435
0.582389
0.582341
0.582292
0.582241
0.582189
0.582135
0.582079
0.582022
0.581963
0.581904
0.581843
0.58178
0.581717
0.581652
0.581587
0.58152
0.581453
0.581385
0.581316
0.581246
0.581175
0.581103
0.581031
0.580958
0.580885
0.580811
0.580736
0.580662
0.580587
0.580512
0.580436
0.580361
0.580286
0.580211
0.580136
0.580061
0.579987
0.579913
0.579839
0.579765
0.579692
0.57962
0.579548
0.579476
0.579405
0.579335
0.579266
0.579198
0.579131
0.579065
0.578999
0.578935
0.578872
0.57881
0.578749
0.578689
0.578631
0.578574
0.578519
0.578465
0.578412
0.578362
0.578313
0.578265
0.578219
0.578175
0.578133
0.578093
0.578055
0.578019
0.577984
0.577951
0.577921
0.577892
0.577865
0.57784
0.577817
0.577796
0.577778
0.577761
0.577748
0.577736
0.577726
0.577718
0.577712
0.577708
0.577707
0.577708
0.577711
0.577717
0.577725
0.577735
0.577747
0.577761
0.577778
0.577796
0.577817
0.577839
0.577864
0.57789
0.577919
0.577949
0.577981
0.578016
0.578052
0.578091
0.578131
0.578174
0.578218
0.578264
0.578312
0.578362
0.578413
0.578466
0.578521
0.578577
0.578635
0.578694
0.578755
0.578817
0.57888
0.578945
0.57901
0.579077
0.579145
0.579214
0.579284
0.579355
0.579427
0.5795
0.579574
0.579648
0.579724
0.5798
0.579876
0.579953
0.580031
0.580108
0.580186
0.580264
0.580342
0.58042
0.580499
0.580577
0.580655
0.580733
0.58081
0.580888
0.580965
0.581041
0.581117
0.581193
0.581267
0.581342
0.581415
0.581487
0.581559
0.58163
0.5817
0.581769
0.581837
0.581903
0.581969
0.582033
0.582096
0.582158
0.582218
0.582276
0.582334
0.582389
0.582443
0.582496
0.582547
0.582596
0.582643
0.582689
0.582733
0.582775
0.582815
0.582853
0.582889
0.582922
0.582954
0.582984
0.583012
0.583038
0.583061
0.583083
0.583102
0.583118
0.583133
0.583145
0.583155
0.583163
0.583169
0.583172
0.583173
0.583172
0.583168
0.583162
0.583154
0.583144
0.583132
0.583117
0.583101
0.583082
0.58306
0.583037
0.583011
0.582983
0.582953
0.582922
0.582888
0.582852
0.582813
0.582773
0.582731
0.582687
0.582641
0.582593
0.582543
0.582492
0.582438
0.582384
0.582327
0.582269
0.582209
0.582148
0.582085
0.58202
0.581954
0.581887
0.581819
0.58175
0.581679
0.581608
0.581535
0.581461
0.581386
0.58131
0.581234
0.581157
0.581079
0.581001
0.580922
0.580843
0.580763
0.580683
0.580602
0.580522
0.580441
0.58036
0.580279
0.580199
0.580118
0.580037
0.579957
0.579876
0.579797
0.579717
0.579639
0.57956
0.579483
0.579406
0.57933
0.579255
0.579181
0.579108
0.579036
0.578964
0.578894
0.578825
0.578757
0.57869
0.578625
0.578561
0.578498
0.578437
0.578378
0.57832
0.578264
0.578209
0.578157
0.578106
0.578056
0.578009
0.577964
0.577921
0.57788
0.577841
0.577803
0.577768
0.577735
0.577704
0.577675
0.577649
0.577625
0.577603
0.577583
0.577566
0.57755
0.577538
0.577527
0.577519
0.577513
0.57751
0.577509
0.57751
0.577513
0.577519
0.577527
0.577537
0.57755
0.577565
0.577582
0.577602
0.577624
0.577648
0.577675
0.577703
0.577734
0.577768
0.577803
0.577841
0.57788
0.577922
0.577965
0.578011
0.578058
0.578108
0.578159
0.578212
0.578267
0.578324
0.578382
0.578443
0.578505
0.578568
0.578634
0.5787
0.578768
0.578837
0.578908
0.57898
0.579053
0.579128
0.579203
0.579279
0.579356
0.579435
0.579514
0.579594
0.579675
0.579756
0.579838
0.579921
0.580003
0.580086
0.58017
0.580254
0.580338
0.580422
0.580506
0.58059
0.580674
0.580758
0.580841
0.580924
0.581007
0.581089
0.581171
0.581252
0.581332
0.581411
0.58149
0.581568
0.581645
0.581721
0.581796
0.58187
0.581942
0.582014
0.582083
0.582152
0.582219
0.582285
0.582349
0.582412
0.582474
0.582534
0.582592
0.582648
0.582703
0.582756
0.582807
0.582856
0.582903
0.582948
0.582991
0.583031
0.58307
0.583106
0.58314
0.583172
0.583202
0.583229
0.583254
0.583277
0.583297
0.583315
0.58333
0.583343
0.583354
0.583363
0.583369
0.583372
0.583373
0.583372
0.583368
0.583362
0.583354
0.583343
0.583329
0.583314
0.583296
0.583275
0.583252
0.583227
0.583199
0.583169
0.583137
0.583103
0.583066
0.583027
0.582986
0.582943
0.582898
0.58285
0.5828
0.582749
0.582695
0.58264
0.582582
0.582523
0.582462
0.5824
0.582336
0.582271
0.582204
0.582135
0.582065
0.581993
0.58192
0.581846
0.581771
0.581694
0.581616
0.581537
0.581457
0.581376
0.581294
0.581211
0.581128
0.581044
0.580959
0.580873
0.580787
0.580702
0.580615
0.580529
0.580443
0.580356
0.58027
0.580183
0.580097
0.580011
0.579926
0.57984
0.579755
0.579671
0.579587
0.579504
0.579421
0.579338
0.579257
0.579176
0.579097
0.579018
0.578941
0.578864
0.578789
0.578715
0.578642
0.578571
0.578501
0.578432
0.578365
0.5783
0.578237
0.578175
0.578115
0.578056
0.578
0.577946
0.577893
0.577843
0.577794
0.577748
0.577704
0.577662
0.577623
0.577585
0.57755
0.577518
0.577487
0.577459
0.577433
0.57741
0.577389
0.57737
0.577354
0.577341
0.57733
0.577321
0.577314
0.577311
0.577309
0.57731
0.577314
0.57732
0.577329
0.57734
0.577353
0.577369
0.577388
0.577409
0.577432
0.577458
0.577487
0.577518
0.577551
0.577586
0.577624
0.577664
0.577706
0.577751
0.577797
0.577846
0.577897
0.577949
0.578004
0.578061
0.57812
0.578182
0.578244
0.578309
0.578376
0.578444
0.578513
0.578585
0.578658
0.578732
0.578808
0.578885
0.578963
0.579042
0.579122
0.579204
0.579286
0.57937
0.579454
0.579538
0.579624
0.57971
0.579797
0.579886
0.579974
0.580063
0.580153
0.580243
0.580333
0.580424
0.580514
0.580604
0.580693
0.580783
0.580872
0.580961
0.581049
0.581137
0.581224
0.581311
0.581396
0.581481
0.581565
0.581647
0.581729
0.58181
0.58189
0.581969
0.582047
0.582123
0.582198
0.582271
0.582344
0.582414
0.582483
0.58255
0.582616
0.582679
0.582741
0.582801
0.582859
0.582916
0.58297
0.583022
0.583072
0.58312
0.583165
0.583209
0.58325
0.583288
0.583325
0.583359
0.58339
0.58342
0.583446
0.58347
0.583492
0.583511
0.583527
0.583541
0.583553
0.583562
0.583568
0.583572
0.583573
0.583571
0.583567
0.583561
0.583552
0.58354
0.583526
0.583509
0.58349
0.583468
0.583443
0.583416
0.583387
0.583355
0.58332
0.583283
0.583244
0.583202
0.583158
0.583112
0.583064
0.583013
0.582961
0.582906
0.582849
0.58279
0.582729
0.582666
0.582601
0.582534
0.582466
0.582396
0.582324
0.582251
0.582176
0.582099
0.582021
0.581942
0.581861
0.581779
0.581696
0.581612
0.581527
0.581441
0.581354
0.581266
0.581177
0.581088
0.580998
0.580907
0.580816
0.580724
0.580632
0.58054
0.580448
0.580356
0.580263
0.580171
0.580079
0.579988
0.579896
0.579805
0.579714
0.579624
0.579535
0.579445
0.579357
0.579269
0.579183
0.579097
0.579012
0.578929
0.578846
0.578765
0.578685
0.578606
0.578528
0.578452
0.578377
0.578305
0.578233
0.578164
0.578096
0.57803
0.577967
0.577905
0.577845
0.577787
0.577731
0.577678
0.577626
0.577577
0.577531
0.577486
0.577444
0.577404
0.577367
0.577332
0.577299
0.577269
0.577242
0.577217
0.577194
0.577174
0.577157
0.577142
0.57713
0.577121
0.577114
0.57711
0.577109
0.57711
0.577114
0.577121
0.57713
0.577142
0.577157
0.577174
0.577195
0.577217
0.577243
0.577271
0.577301
0.577334
0.577369
0.577407
0.577447
0.57749
0.577534
0.577581
0.577631
0.577682
0.577736
0.577793
0.577852
0.577913
0.577976
0.578042
0.578109
0.578178
0.57825
0.578322
0.578397
0.578472
0.57855
0.578629
0.578709
0.578791
0.578874
0.578959
0.579045
0.579132
0.57922
0.579308
