0.572986
0.572988
0.572989
0.57299
0.572991
0.572991
0.572992
0.572993
0.572993
0.572994
0.572994
0.572994
0.572995
0.572995
0.572995
0.572995
0.572995
0.572995
0.572995
0.572995
0.572995
0.572995
0.572995
0.572995
0.572995
0.572995
0.572994
0.572994
0.572994
0.572994
0.572994
0.572993
0.572993
0.572992
0.572992
0.572991
0.572991
0.57299
0.572989
0.572989
0.572988
0.572987
0.572986
0.572986
0.572985
0.572984
0.572983
0.572982
0.572981
0.57298
0.572979
0.572978
0.572977
0.572975
0.572974
0.572973
0.572972
0.57297
0.572969
0.572968
0.572966
0.572965
0.572964
0.572962
0.572961
0.57296
0.572958
0.572957
0.572955
0.572953
0.572952
0.57295
0.572949
0.572947
0.572946
0.572945
0.572943
0.572942
0.57294
0.572939
0.572937
0.572935
0.572934
0.572932
0.572931
0.572929
0.572928
0.572926
0.572925
0.572923
0.572922
0.572921
0.572919
0.572918
0.572917
0.572915
0.572914
0.572913
0.572912
0.57291
0.572909
0.572908
0.572907
0.572906
0.572905
0.572904
0.572903
0.572903
0.572902
0.572902
0.572901
0.5729
0.5729
0.572899
0.572899
0.572899
0.572898
0.572898
0.572898
0.572898
0.572898
0.572898
0.572898
0.572898
0.572898
0.572899
0.572899
0.572899
0.5729
0.5729
0.572901
0.572902
0.572902
0.572903
0.572904
0.572905
0.572906
0.572907
0.572908
0.572909
0.572911
0.572912
0.572914
0.572915
0.572917
0.572918
0.57292
0.572922
0.572923
0.572925
0.572927
0.572929
0.572932
0.572934
0.572936
0.572938
0.572941
0.572943
0.572945
0.572948
0.572951
0.572953
0.572956
0.572959
0.572961
0.572964
0.572967
0.57297
0.572973
0.572976
0.572979
0.572982
0.572985
0.572988
0.572992
0.572995
0.572998
0.573002
0.573005
0.573008
0.573012
0.573015
0.573019
0.573022
0.573025
0.573029
0.573032
0.573036
0.573039
0.573043
0.573046
0.57305
0.573054
0.573057
0.573061
0.573064
0.573068
0.573071
0.573074
0.573078
0.573081
0.573085
0.573088
0.573091
0.573095
0.573098
0.573101
0.573105
0.573108
0.573111
0.573114
0.573117
0.57312
0.573123
0.573125
0.573128
0.573131
0.573134
0.573136
0.573139
0.573141
0.573144
0.573146
0.573148
0.57315
0.573152
0.573154
0.573156
0.573157
0.573159
0.573161
0.573162
0.573164
0.573165
0.573166
0.573167
0.573168
0.573169
0.57317
0.573171
0.573171
0.573172
0.573172
0.573172
0.573172
0.573173
0.573172
0.573172
0.573172
0.573172
0.573171
0.57317
0.573169
0.573169
0.573167
0.573166
0.573165
0.573164
0.573162
0.57316
0.573159
0.573157
0.573155
0.573153
0.57315
0.573148
0.573145
0.573143
0.57314
0.573137
0.573134
0.573131
0.573128
0.573125
0.573121
0.573118
0.573114
0.57311
0.573107
0.573102
0.573098
0.573094
0.57309
0.573085
0.573081
0.573076
0.573072
0.573067
0.573062
0.573057
0.573052
0.573047
0.573042
0.573037
0.573032
0.573027
0.573021
0.573016
0.573011
0.573005
0.573
0.572994
0.572989
0.572983
0.572977
0.572971
0.572966
0.57296
0.572954
0.572948
0.572942
0.572937
0.572931
0.572925
0.572919
0.572913
0.572907
0.572902
0.572896
0.57289
0.572884
0.572878
0.572872
0.572867
0.572861
0.572856
0.57285
0.572845
0.572839
0.572834
0.572829
0.572823
0.572818
0.572813
0.572808
0.572803
0.572798
0.572793
0.572788
0.572784
0.572779
0.572775
0.57277
0.572766
0.572762
0.572758
0.572754
0.57275
0.572747
0.572743
0.57274
0.572736
0.572733
0.57273
0.572727
0.572725
0.572722
0.57272
0.572718
0.572716
0.572714
0.572712
0.57271
0.572709
0.572708
0.572706
0.572705
0.572704
0.572703
0.572703
0.572702
0.572702
0.572701
0.572701
0.572701
0.572702
0.572702
0.572703
0.572704
0.572705
0.572706
0.572707
0.572709
0.572711
0.572713
0.572715
0.572717
0.57272
0.572722
0.572725
0.572728
0.572732
0.572735
0.572739
0.572742
0.572746
0.57275
0.572754
0.572759
0.572763
0.572768
0.572773
0.572778
0.572783
0.572788
0.572794
0.572799
0.572805
0.572811
0.572817
0.572823
0.572829
0.572835
0.572842
0.572849
0.572855
0.572862
0.57287
0.572877
0.572884
0.572891
0.572899
0.572906
0.572913
0.572921
0.572928
0.572936
0.572943
0.572951
0.572959
0.572967
0.572975
0.572983
0.572992
0.573
0.573008
0.573016
0.573024
0.573032
0.57304
0.573048
0.573057
0.573065
0.573073
0.573081
0.573089
0.573098
0.573106
0.573114
0.573122
0.57313
0.573137
0.573145
0.573153
0.573161
0.573169
0.573176
0.573184
0.573191
0.573198
0.573205
0.573213
0.57322
0.573227
0.573234
0.573241
0.573247
0.573254
0.57326
0.573267
0.573273
0.573279
0.573284
0.57329
0.573295
0.573301
0.573306
0.573311
0.573315
0.57332
0.573324
0.573328
0.573332
0.573336
0.57334
0.573344
0.573347
0.57335
0.573353
0.573356
0.573358
0.573361
0.573363
0.573365
0.573366
0.573368
0.573369
0.57337
0.573371
0.573371
0.573371
0.573372
0.573371
0.573371
0.57337
0.573369
0.573368
0.573367
0.573365
0.573363
0.573361
0.573359
0.573357
0.573354
0.573351
0.573348
0.573345
0.573341
0.573337
0.573333
0.573329
0.573325
0.57332
0.573315
0.57331
0.573305
0.573299
0.573294
0.573288
0.573281
0.573275
0.573268
0.573261
0.573254
0.573247
0.57324
0.573232
0.573225
0.573217
0.573209
0.5732
0.573192
0.573184
0.573175
0.573166
0.573158
0.573149
0.57314
0.57313
0.573121
0.573112
0.573102
0.573092
0.573082
0.573072
0.573062
0.573052
0.573042
0.573032
0.573022
0.573011
0.573001
0.572991
0.57298
0.57297
0.572959
0.572949
0.572938
0.572927
0.572917
0.572906
0.572895
0.572885
0.572874
0.572864
0.572853
0.572843
0.572832
0.572822
0.572812
0.572802
0.572791
0.572781
0.572771
0.572762
0.572752
0.572742
0.572732
0.572723
0.572714
0.572705
0.572696
0.572687
0.572678
0.572669
0.572661
0.572653
0.572645
0.572637
0.572629
0.572621
0.572614
0.572607
0.5726
0.572593
0.572586
0.57258
0.572574
0.572568
0.572562
0.572557
0.572552
0.572547
0.572542
0.572538
0.572534
0.57253
0.572526
0.572522
0.572519
0.572516
0.572513
0.572511
0.572509
0.572507
0.572505
0.572504
0.572503
0.572502
0.572502
0.572501
0.572501
0.572502
0.572503
0.572503
0.572505
0.572506
0.572508
0.57251
0.572513
0.572515
0.572518
0.572522
0.572525
0.572529
0.572533
0.572538
0.572542
0.572547
0.572552
0.572558
0.572564
0.57257
0.572576
0.572582
0.572589
0.572596
0.572604
0.572611
0.572619
0.572627
0.572635
0.572644
0.572652
0.572661
0.572671
0.57268
0.57269
0.572699
0.57271
0.57272
0.57273
0.572741
0.572752
0.572763
0.572774
0.572785
0.572797
0.572808
0.57282
0.572832
0.572844
0.572856
0.572868
0.57288
0.572892
0.572905
0.572918
0.57293
0.572943
0.572956
0.572969
0.572982
0.572994
0.573007
0.57302
0.573033
0.573046
0.573059
0.573072
0.573085
0.573098
0.573111
0.573124
0.573137
0.57315
0.573163
0.573175
0.573188
0.5732
0.573213
0.573225
0.573237
0.573249
0.573261
0.573273
0.573285
0.573296
0.573308
0.573319
0.57333
0.573341
0.573352
0.573362
0.573373
0.573383
0.573393
0.573402
0.573412
0.573421
0.57343
0.573439
0.573448
0.573456
0.573464
0.573472
0.57348
0.573487
0.573494
0.573501
0.573507
0.573513
0.573519
0.573524
0.57353
0.573535
0.573539
0.573544
0.573548
0.573552
0.573555
0.573558
0.573561
0.573563
0.573565
0.573567
0.573568
0.57357
0.57357
0.573571
0.573571
0.573571
0.57357
0.573569
0.573568
0.573566
0.573564
0.573562
0.573559
0.573556
0.573553
0.573549
0.573545
0.573541
0.573536
0.573531
0.573525
0.573519
0.573513
0.573507
0.5735
0.573493
0.573486
0.573478
0.57347
0.573462
0.573453
0.573444
0.573435
0.573425
0.573416
0.573405
0.573395
0.573384
0.573374
0.573363
0.573351
0.57334
0.573328
0.573316
0.573304
0.573291
0.573278
0.573265
0.573252
0.573239
0.573225
0.573212
0.573198
0.573184
0.57317
0.573156
0.573141
0.573127
0.573112
0.573097
0.573083
0.573068
0.573053
0.573038
0.573022
0.573007
0.572992
0.572977
0.572961
0.572946
0.572931
0.572915
0.5729
0.572884
0.572869
0.572854
0.572838
0.572823
0.572808
0.572793
0.572778
0.572763
0.572748
0.572734
0.572719
0.572704
0.57269
0.572676
0.572662
0.572648
0.572634
0.57262
0.572607
0.572594
0.572581
0.572568
0.572555
0.572543
0.572531
0.572519
0.572507
0.572496
0.572485
0.572474
0.572464
0.572453
0.572443
0.572433
0.572424
0.572415
0.572406
0.572398
0.572389
0.572382
0.572374
0.572367
0.57236
0.572354
0.572348
0.572342
0.572337
0.572332
0.572327
0.572323
0.572319
0.572315
0.572312
0.57231
0.572307
0.572305
0.572304
0.572303
0.572302
0.572302
0.572302
0.572302
0.572303
0.572305
0.572306
0.572308
0.572311
0.572314
0.572317
0.572321
0.572325
0.572329
0.572334
0.572339
0.572345
0.572351
0.572357
0.572364
0.572371
0.572379
0.572387
0.572395
0.572404
0.572413
0.572422
0.572432
0.572442
0.572453
0.572464
0.572475
0.572486
0.572498
0.57251
0.572523
0.572536
0.572549
0.572562
0.572575
0.572589
0.572603
0.572617
0.572632
0.572647
0.572662
0.572677
0.572693
0.572708
0.572724
0.57274
0.572756
0.572773
0.57279
0.572806
0.572823
0.57284
0.572857
0.572875
0.572892
0.57291
0.572927
0.572944
0.572962
0.57298
0.572997
0.573015
0.573033
0.573051
0.573069
0.573086
0.573104
0.573122
0.57314
0.573158
0.573175
0.573193
0.57321
0.573228
0.573245
0.573262
0.573279
0.573296
0.573313
0.573329
0.573345
0.573361
0.573377
0.573393
0.573409
0.573424
0.573439
0.573454
0.573468
0.573483
0.573497
0.573511
0.573524
0.573538
0.573551
0.573564
0.573576
0.573588
0.5736
0.573611
0.573622
0.573633
0.573643
0.573653
0.573663
0.573672
0.573681
0.57369
0.573698
0.573706
0.573713
0.57372
0.573726
0.573732
0.573738
0.573743
0.573748
0.573752
0.573756
0.573759
0.573762
0.573765
0.573767
0.573769
0.57377
0.573771
0.573771
0.573771
0.573771
0.57377
0.573768
0.573766
0.573763
0.57376
0.573757
0.573753
0.573748
0.573743
0.573738
0.573732
0.573726
0.573719
0.573712
0.573705
0.573697
0.573688
0.57368
0.57367
0.573661
0.573651
0.573641
0.57363
0.573619
0.573607
0.573595
0.573583
0.57357
0.573557
0.573543
0.573529
0.573515
0.5735
0.573485
0.57347
0.573455
0.573439
0.573423
0.573406
0.57339
0.573373
0.573356
0.573338
0.57332
0.573302
0.573284
0.573266
0.573248
0.573229
0.57321
0.573191
0.573172
0.573152
0.573133
0.573113
0.573094
0.573074
0.573054
0.573034
0.573014
0.572994
0.572974
0.572953
0.572933
0.572913
0.572893
0.572873
0.572853
0.572833
0.572813
0.572793
0.572773
0.572753
0.572733
0.572714
0.572694
0.572675
0.572655
0.572636
0.572618
0.572599
0.57258
0.572562
0.572544
0.572526
0.572509
0.572491
0.572474
0.572457
0.572441
0.572424
0.572408
0.572393
0.572377
0.572362
0.572348
0.572333
0.572319
0.572306
0.572293
0.57228
0.572267
0.572255
0.572244
0.572232
0.572222
0.572211
0.572201
0.572192
0.572183
0.572174
0.572166
0.572158
0.572151
0.572144
0.572138
0.572132
0.572127
0.572122
0.572118
0.572114
0.572111
0.572108
0.572106
0.572104
0.572103
0.572102
0.572102
0.572102
0.572103
0.572104
0.572106
0.572109
0.572111
0.572115
0.572119
0.572123
0.572128
0.572134
0.57214
0.572146
0.572153
0.572161
0.572169
0.572177
0.572186
0.572196
0.572205
0.572216
0.572227
0.572238
0.57225
0.572262
0.572275
0.572288
0.572302
0.572316
0.57233
0.572345
0.572361
0.572376
0.572392
0.572409
0.572426
0.572443
0.57246
0.572478
0.572496
0.572514
0.572533
0.572552
0.572571
0.572591
0.572611
0.572631
0.572652
0.572672
0.572693
0.572714
0.572735
0.572757
0.572778
0.5728
0.572822
0.572844
0.572866
0.572888
0.57291
0.572933
0.572956
0.572978
0.573001
0.573023
0.573046
0.573068
0.573091
0.573113
0.573136
0.573158
0.573181
0.573203
0.573225
0.573247
0.573269
0.573291
0.573313
0.573335
0.573356
0.573377
0.573398
0.573419
0.57344
0.57346
0.573481
0.573501
0.57352
0.57354
0.573559
0.573578
0.573596
0.573614
0.573632
0.57365
0.573667
0.573683
0.5737
0.573716
0.573731
0.573746
0.573761
0.573775
0.573789
0.573803
0.573815
0.573828
0.57384
0.573851
0.573862
0.573873
0.573883
0.573892
0.573901
0.57391
0.573918
0.573925
0.573932
0.573938
0.573944
0.573949
0.573954
0.573958
0.573962
0.573965
0.573967
0.573969
0.57397
0.573971
0.573971
0.57397
0.573969
0.573968
0.573965
0.573963
0.573959
0.573956
0.573951
0.573946
0.57394
0.573934
0.573927
0.57392
0.573912
0.573904
0.573895
0.573885
0.573875
0.573865
0.573853
0.573842
0.573829
0.573817
0.573803
0.57379
0.573776
0.573761
0.573746
0.57373
0.573714
0.573698
0.573681
0.573663
0.573646
0.573628
0.573609
0.57359
0.573571
0.573552
0.573531
0.573511
0.57349
0.573469
0.573448
0.573426
0.573404
0.573381
0.573358
0.573335
0.573312
0.573289
0.573265
0.573242
0.573218
0.573194
0.573169
0.573145
0.57312
0.573096
0.573071
0.573046
0.573021
0.572996
0.572971
0.572946
0.572921
0.572896
0.572871
0.572846
0.572821
0.572796
0.572772
0.572747
0.572722
0.572698
0.572673
0.572649
0.572625
0.572601
0.572577
0.572554
0.572531
0.572508
0.572485
0.572463
0.57244
0.572418
0.572397
0.572375
0.572354
0.572334
0.572313
0.572293
0.572274
0.572255
0.572236
0.572217
0.572199
0.572182
0.572165
0.572148
0.572132
0.572116
0.572101
0.572086
0.572072
0.572059
0.572045
0.572033
0.572021
0.572009
0.571998
0.571988
0.571978
0.571969
0.57196
0.571952
0.571944
0.571938
0.571931
0.571926
0.57192
0.571916
0.571912
0.571909
0.571906
0.571904
0.571903
0.571902
0.571902
0.571903
0.571904
0.571906
0.571908
0.571911
0.571915
0.57192
0.571924
0.57193
0.571936
0.571943
0.571951
0.571959
0.571968
0.571977
0.571987
0.571998
0.572009
0.57202
0.572033
0.572046
0.572059
0.572073
0.572088
0.572103
0.572119
0.572135
0.572152
0.572169
0.572187
0.572205
0.572224
0.572243
0.572263
0.572283
0.572304
0.572325
0.572346
0.572368
0.57239
0.572413
0.572436
0.572459
0.572482
0.572506
0.57253
0.572555
0.57258
0.572605
0.57263
0.572656
0.572681
0.572708
0.572734
0.57276
0.572787
0.572813
0.57284
0.572867
0.572894
0.572922
0.572949
0.572976
0.573004
0.573031
0.573059
0.573086
0.573113
0.573141
0.573168
0.573196
0.573223
0.57325
0.573277
0.573304
0.57333
0.573357
0.573383
0.573409
0.573435
0.573461
0.573486
0.573511
0.573536
0.573561
0.573585
0.573609
0.573632
0.573656
0.573679
0.573701
0.573723
0.573745
0.573767
0.573788
0.573808
0.573829
0.573848
0.573868
0.573886
0.573904
0.573922
0.573939
0.573956
0.573972
0.573988
0.574003
0.574017
0.574031
0.574044
0.574056
0.574068
0.574079
0.574089
0.574099
0.574109
0.574118
0.574126
0.574133
0.57414
0.574146
0.574151
0.574156
0.57416
0.574164
0.574166
0.574169
0.57417
0.574171
0.574171
0.57417
0.574169
0.574167
0.574164
0.57416
0.574156
0.574151
0.574145
0.574139
0.574132
0.574125
0.574117
0.574108
0.574098
0.574088
0.574077
0.574065
0.574053
0.57404
0.574027
0.574012
0.573998
0.573982
0.573966
0.57395
0.573933
0.573915
0.573897
0.573878
0.573859
0.573839
0.573818
0.573797
0.573776
0.573754
0.573732
0.573709
0.573686
0.573662
0.573639
0.573614
0.57359
0.573564
0.573538
0.573512
0.573486
0.573459
0.573432
0.573404
0.573376
0.573348
0.57332
0.573291
0.573263
0.573234
0.573205
0.573176
0.573146
0.573117
0.573087
0.573058
0.573028
0.572998
0.572968
0.572938
0.572909
0.572879
0.572849
0.572819
0.572789
0.57276
0.57273
0.572701
0.572672
0.572643
0.572614
0.572585
0.572556
0.572528
0.5725
0.572472
0.572444
0.572417
0.57239
0.572363
0.572336
0.57231
0.572285
0.572259
0.572234
0.57221
0.572186
0.572162
0.572139
0.572116
0.572094
0.572072
0.572051
0.57203
0.57201
0.571991
0.571972
0.571953
0.571935
0.571918
0.571901
0.571885
0.571869
0.571855
0.57184
0.571827
0.571814
0.571802
0.57179
0.571779
0.571769
0.57176
0.571751
0.571743
0.571736
0.571729
0.571723
0.571718
0.571713
0.57171
0.571707
0.571704
0.571703
0.571702
0.571702
0.571703
0.571705
0.571707
0.57171
0.571714
0.571719
0.571724
0.57173
0.571737
0.571744
0.571752
0.571761
0.571771
0.571782
0.571793
0.571805
0.571817
0.57183
0.571844
0.571859
0.571874
0.57189
0.571907
0.571924
0.571942
0.571961
0.57198
0.572
0.57202
0.572041
0.572063
0.572085
0.572108
0.572131
0.572155
0.572179
0.572204
0.572229
0.572255
0.572282
0.572308
0.572336
0.572363
0.572391
0.572419
0.572447
0.572476
0.572505
0.572535
0.572565
0.572595
0.572625
0.572656
0.572687
0.572718
0.57275
0.572781
0.572813
0.572845
0.572877
0.572909
0.572941
0.572973
0.573006
0.573038
0.57307
0.573103
0.573135
0.573167
0.573199
0.573231
0.573263
0.573295
0.573327
0.573359
0.57339
0.573421
0.573452
0.573483
0.573513
0.573543
0.573573
0.573603
0.573632
0.573661
0.573689
0.573717
0.573745
0.573772
0.573799
0.573825
0.573851
0.573877
0.573902
0.573926
0.57395
0.573974
0.573997
0.574019
0.574041
0.574062
0.574082
0.574102
0.574122
0.57414
0.574158
0.574176
0.574192
0.574208
0.574224
0.574238
0.574252
0.574265
0.574278
0.57429
0.5743
0.57431
0.57432
0.574328
0.574336
0.574343
0.574349
0.574354
0.574359
0.574363
0.574366
0.574368
0.57437
0.57437
0.57437
0.574369
0.574368
0.574365
0.574362
0.574358
0.574353
0.574347
0.57434
0.574333
0.574325
0.574316
0.574306
0.574295
0.574284
0.574272
0.574259
0.574245
0.574231
0.574216
0.5742
0.574183
0.574166
0.574148
0.574129
0.574109
0.574089
0.574069
0.574047
0.574026
0.574003
0.57398
0.573956
0.573932
0.573907
0.573881
0.573855
0.573828
0.573801
0.573773
0.573744
0.573716
0.573687
0.573657
0.573627
0.573596
0.573566
0.573534
0.573503
0.573471
0.573439
0.573406
0.573373
0.57334
0.573307
0.573274
0.57324
0.573206
0.573172
0.573138
0.573103
0.573069
0.573034
0.573
0.572965
0.57293
0.572896
0.572861
0.572827
0.572792
0.572758
0.572723
0.572689
0.572655
0.572621
0.572587
0.572553
0.57252
0.572487
0.572454
0.572421
0.572389
0.572357
0.572325
0.572294
0.572263
0.572233
0.572202
0.572173
0.572143
0.572115
0.572086
0.572058
0.572031
0.572004
0.571978
0.571952
0.571927
0.571903
0.571879
0.571855
0.571833
0.571811
0.571789
0.571769
0.571749
0.57173
0.571711
0.571693
0.571676
0.57166
0.571644
0.571629
0.571615
0.571602
0.571589
0.571578
0.571567
0.571557
0.571548
0.571539
0.571532
0.571525
0.571519
0.571514
0.57151
0.571507
0.571504
0.571503
0.571502
0.571503
0.571504
0.571506
0.571508
0.571512
0.571516
0.571522
0.571528
0.571535
0.571543
0.571552
0.571562
0.571572
0.571583
0.571596
0.571609
0.571622
0.571637
0.571652
0.571669
0.571686
0.571704
0.571722
0.571741
0.571761
0.571782
0.571804
0.571826
0.571849
0.571872
0.571897
0.571922
0.571947
0.571974
0.572001
0.572028
0.572057
0.572085
0.572115
0.572145
0.572175
0.572206
0.572237
0.572269
0.572301
0.572334
0.572367
0.5724
0.572434
0.572468
0.572502
0.572537
0.572572
0.572608
0.572643
0.572679
0.572715
0.572751
0.572788
0.572824
0.572861
0.572897
0.572934
0.572971
0.573008
0.573045
0.573082
0.573119
0.573157
0.573194
0.573231
0.573268
0.573305
0.573342
0.573378
0.573414
0.57345
0.573486
0.573522
0.573557
0.573592
0.573626
0.573661
0.573694
0.573728
0.573761
0.573793
0.573826
0.573857
0.573889
0.573919
0.57395
0.573979
0.574009
0.574037
0.574065
0.574092
0.574119
0.574145
0.574171
0.574195
0.57422
0.574243
0.574266
0.574288
0.574309
0.57433
0.574349
0.574369
0.574387
0.574404
0.574421
0.574437
0.574452
0.574466
0.574479
0.574491
0.574503
0.574513
0.574523
0.574532
0.57454
0.574547
0.574553
0.574558
0.574563
0.574566
0.574568
0.57457
0.57457
0.57457
0.574569
0.574567
0.574564
0.57456
0.574555
0.574549
0.574543
0.574535
0.574527
0.574517
0.574507
0.574495
0.574483
0.57447
0.574456
0.574441
0.574425
0.574409
0.574391
0.574373
0.574354
0.574334
0.574313
0.574291
0.574269
0.574246
0.574223
0.574198
0.574173
0.574147
0.57412
0.574093
0.574065
0.574036
0.574007
0.573977
0.573946
0.573915
0.573884
0.573851
0.573818
0.573785
0.573751
0.573717
0.573682
0.573647
0.573611
0.573575
0.573539
0.573502
0.573465
0.573428
0.57339
0.573352
0.573314
0.573275
0.573237
0.573198
0.573159
0.57312
0.57308
0.573041
0.573002
0.572962
0.572923
0.572883
0.572844
0.572805
0.572765
0.572726
0.572687
0.572648
0.572609
0.57257
0.572531
0.572493
0.572455
0.572417
0.57238
0.572343
0.572306
0.57227
0.572234
0.572198
0.572163
0.572129
0.572094
0.572061
0.572027
0.571995
0.571962
0.571931
0.5719
0.571869
0.571839
0.57181
0.571782
0.571754
0.571727
0.571701
0.571675
0.57165
0.571626
0.571602
0.57158
0.571558
0.571537
0.571517
0.571498
0.571479
0.571462
0.571445
0.571429
0.571414
0.5714
0.571387
0.571375
0.571364
0.571353
0.571344
0.571335
0.571328
0.571321
0.571316
0.571311
0.571307
0.571305
0.571303
0.571303
0.571303
0.571304
0.571306
0.57131
0.571314
0.571319
0.571325
0.571333
0.571341
0.57135
0.57136
0.571371
0.571383
0.571396
0.57141
0.571425
0.57144
0.571457
0.571475
0.571493
0.571512
0.571533
0.571554
0.571576
0.571598
0.571622
0.571647
0.571672
0.571698
0.571725
0.571753
0.571782
0.571811
0.571841
0.571872
0.571903
0.571935
0.571968
0.572001
0.572035
0.572069
0.572104
0.572139
0.572175
0.572211
0.572248
0.572285
0.572323
0.572361
0.5724
0.572439
0.572478
0.572518
0.572558
0.572599
0.572639
0.57268
0.572721
0.572762
0.572804
0.572845
0.572887
0.572929
0.572971
0.573012
0.573054
0.573096
0.573138
0.57318
0.573222
0.573263
0.573305
0.573346
0.573388
0.573429
0.573469
0.57351
0.573551
0.573591
0.57363
0.57367
0.573709
0.573748
0.573786
0.573823
0.573861
0.573897
0.573934
0.573969
0.574005
0.574039
0.574073
0.574107
0.57414
0.574172
0.574204
0.574235
0.574265
0.574294
0.574323
0.574351
0.574378
0.574404
0.57443
0.574454
0.574478
0.574501
0.574523
0.574545
0.574565
0.574585
0.574604
0.574621
0.574638
0.574654
0.574669
0.574683
0.574695
0.574707
0.574718
0.574728
0.574737
0.574745
0.574752
0.574757
0.574762
0.574766
0.574768
0.57477
0.57477
0.57477
0.574768
0.574766
0.574762
0.574758
0.574752
0.574746
0.574738
0.574729
0.57472
0.574709
0.574697
0.574684
0.57467
0.574655
0.57464
0.574623
0.574605
0.574587
0.574567
0.574546
0.574525
0.574502
0.574479
0.574454
0.574429
0.574403
0.574376
0.574349
0.57432
0.574291
0.574261
0.57423
0.574199
0.574167
0.574134
0.5741
0.574065
0.57403
0.573995
0.573958
0.573921
0.573884
0.573846
0.573807
0.573768
0.573729
0.573689
0.573648
0.573607
0.573566
0.573524
0.573482
0.57344
0.573397
0.573354
0.573311
0.573268
0.573224
0.57318
0.573136
0.573092
0.573048
0.573004
0.57296
0.572915
0.572871
0.572827
0.572782
0.572738
0.572694
0.57265
0.572606
0.572563
0.572519
0.572476
0.572433
0.572391
0.572348
0.572306
0.572265
0.572224
0.572183
0.572143
0.572103
0.572063
0.572024
0.571986
0.571948
0.571911
0.571874
0.571838
0.571803
0.571768
0.571734
0.571701
0.571668
0.571636
0.571605
0.571575
0.571546
0.571517
0.571489
0.571462
0.571436
0.571411
0.571387
0.571363
0.571341
0.571319
0.571299
0.571279
0.57126
0.571243
0.571226
0.57121
0.571196
0.571182
0.57117
0.571158
0.571148
0.571138
0.57113
0.571123
0.571117
0.571112
0.571108
0.571105
0.571103
0.571103
0.571103
0.571105
0.571107
0.571111
0.571116
0.571122
0.571129
0.571137
0.571146
0.571156
0.571168
0.57118
0.571194
0.571208
0.571224
0.57124
0.571258
0.571277
0.571296
0.571317
0.571339
0.571362
0.571385
0.57141
0.571436
0.571463
0.57149
0.571518
0.571548
0.571578
0.571608
0.57164
0.571673
0.571706
0.57174
0.571775
0.571811
0.571847
0.571885
0.571922
0.571961
0.571999
0.572039
0.572079
0.57212
0.572161
0.572202
0.572245
0.572287
0.572331
0.572374
0.572418
0.572463
0.572508
0.572553
0.572598
0.572644
0.57269
0.572736
0.572782
0.572828
0.572875
0.572922
0.572968
0.573015
0.573062
0.573109
0.573156
0.573202
0.573249
0.573295
0.573342
0.573388
0.573434
0.573479
0.573525
0.57357
0.573615
0.57366
0.573704
0.573748
0.573791
0.573834
0.573877
0.573919
0.573961
0.574002
0.574042
0.574082
0.574121
0.57416
0.574198
0.574235
0.574272
0.574308
0.574343
0.574377
0.57441
0.574443
0.574475
0.574506
0.574536
0.574565
0.574593
0.574621
0.574647
0.574673
0.574697
0.574721
0.574744
0.574765
0.574786
0.574806
0.574824
0.574842
0.574858
0.574874
0.574888
0.574901
0.574913
0.574924
0.574934
0.574942
0.57495
0.574956
0.574961
0.574965
0.574968
0.57497
0.574971
0.57497
0.574968
0.574965
0.574961
0.574956
0.57495
0.574942
0.574933
0.574924
0.574913
0.574901
0.574887
0.574873
0.574858
0.574841
0.574823
0.574805
0.574785
0.574764
0.574742
0.574719
0.574695
0.57467
0.574644
0.574617
0.574589
0.57456
0.574531
0.5745
0.574468
0.574436
0.574402
0.574368
0.574333
0.574297
0.57426
0.574223
0.574185
0.574146
0.574106
0.574066
0.574025
0.573983
0.573941
0.573898
0.573854
0.57381
0.573766
0.573721
0.573676
0.57363
0.573583
0.573537
0.57349
0.573442
0.573395
0.573347
0.573299
0.57325
0.573202
0.573153
0.573104
0.573055
0.573006
0.572957
0.572908
0.572858
0.572809
0.57276
0.572711
0.572662
0.572614
0.572565
0.572517
0.572469
0.572421
0.572373
0.572326
0.57228
0.572233
0.572187
0.572141
0.572096
0.572052
0.572007
0.571964
0.571921
0.571878
0.571836
0.571795
0.571755
0.571715
0.571676
0.571637
0.5716
0.571563
0.571527
0.571492
0.571457
0.571424
0.571391
0.57136
0.571329
0.571299
0.57127
0.571242
0.571216
0.57119
0.571165
0.571141
0.571118
0.571096
0.571076
0.571056
0.571038
0.571021
0.571005
0.57099
0.570976
0.570963
0.570952
0.570942
0.570932
0.570925
0.570918
0.570912
0.570908
0.570905
0.570903
0.570903
0.570903
0.570905
0.570908
0.570912
0.570918
0.570924
0.570932
0.570941
0.570951
0.570963
0.570975
0.570989
0.571004
0.57102
0.571038
0.571056
0.571076
0.571097
0.571119
0.571142
0.571166
0.571191
0.571217
0.571244
0.571273
0.571302
0.571332
0.571364
0.571396
0.571429
0.571464
0.571499
0.571535
0.571572
0.57161
0.571649
0.571688
0.571728
0.571769
0.571811
0.571853
0.571896
0.57194
0.571985
0.57203
0.572075
0.572121
0.572168
0.572215
0.572263
0.572311
0.57236
0.572409
0.572458
0.572508
0.572558
0.572608
0.572659
0.57271
0.572761
0.572812
0.572863
0.572915
0.572966
0.573018
0.57307
0.573121
0.573173
0.573224
0.573276
0.573327
0.573378
0.573429
0.57348
0.57353
0.57358
0.57363
0.57368
0.573729
0.573778
0.573826
0.573874
0.573921
0.573968
0.574015
0.57406
0.574105
0.57415
0.574194
0.574237
0.574279
0.574321
0.574362
0.574403
0.574442
0.574481
0.574519
0.574556
0.574592
0.574627
0.574661
0.574694
0.574726
0.574757
0.574788
0.574817
0.574845
0.574872
0.574898
0.574923
0.574946
0.574969
0.574991
0.575011
0.57503
0.575048
0.575064
0.57508
0.575094
0.575107
0.575119
0.57513
0.575139
0.575148
0.575155
0.575161
0.575165
0.575168
0.57517
0.575171
0.57517
0.575168
0.575164
0.57516
0.575154
0.575147
0.575139
0.575129
0.575118
0.575106
0.575093
0.575079
0.575063
0.575046
0.575027
0.575008
0.574987
0.574965
0.574942
0.574918
0.574893
0.574866
0.574839
0.57481
0.57478
0.574749
0.574717
0.574684
0.574651
0.574616
0.57458
0.574543
0.574505
0.574467
0.574427
0.574387
0.574346
0.574304
0.574261
0.574217
0.574173
0.574128
0.574082
0.574035
0.573988
0.57394
0.573892
0.573843
0.573793
0.573743
0.573693
0.573642
0.573591
0.573539
0.573487
0.573435
0.573382
0.573329
0.573276
0.573222
0.573169
0.573115
0.573061
0.573008
0.572954
0.5729
0.572846
0.572792
0.572738
0.572684
0.57263
0.572577
0.572524
0.57247
0.572418
0.572365
0.572313
0.572261
0.57221
0.572159
0.572109
0.572058
0.572009
0.57196
0.571911
0.571864
0.571816
0.57177
0.571724
0.571679
0.571635
0.571591
0.571548
0.571506
0.571465
0.571424
0.571385
0.571346
0.571309
0.571272
0.571236
0.571202
0.571168
0.571135
0.571104
0.571073
0.571044
0.571015
0.570988
0.570962
0.570937
0.570914
0.570891
0.57087
0.57085
0.570831
0.570813
0.570797
0.570782
0.570768
0.570756
0.570745
0.570735
0.570726
0.570719
0.570713
0.570708
0.570705
0.570703
0.570702
0.570703
0.570705
0.570709
0.570713
0.570719
0.570727
0.570735
0.570745
0.570757
0.570769
0.570783
0.570798
0.570815
0.570833
0.570852
0.570872
0.570894
0.570916
0.570941
0.570966
0.570992
0.57102
0.571049
0.571079
0.57111
0.571142
0.571175
0.57121
0.571245
0.571282
0.571319
0.571358
0.571397
0.571438
0.571479
0.571522
0.571565
0.571609
0.571654
0.5717
0.571746
0.571793
0.571841
0.57189
0.571939
0.571989
0.57204
0.572091
0.572143
0.572195
0.572247
0.572301
0.572354
0.572408
0.572463
0.572518
0.572573
0.572628
0.572684
0.57274
0.572796
0.572852
0.572909
0.572965
0.573021
0.573078
0.573134
0.573191
0.573247
0.573303
0.573359
0.573415
0.57347
0.573526
0.573581
0.573636
0.57369
0.573744
0.573798
0.573852
0.573904
0.573957
0.574009
0.57406
0.57411
0.57416
0.574209
0.574258
0.574306
0.574353
0.574399
0.574445
0.57449
0.574534
0.574577
0.574619
0.57466
0.574701
0.57474
0.574778
0.574815
0.574852
0.574887
0.574921
0.574954
0.574986
0.575016
0.575046
0.575074
0.575101
0.575127
0.575151
0.575175
0.575197
0.575218
0.575237
0.575256
0.575273
0.575288
0.575303
0.575316
0.575327
0.575337
0.575346
0.575354
0.57536
0.575365
0.575368
0.57537
0.575371
0.57537
0.575368
0.575364
0.575359
0.575352
0.575344
0.575335
0.575325
0.575313
0.575299
0.575285
0.575269
0.575252
0.575233
0.575213
0.575192
0.575169
0.575145
0.57512
0.575093
0.575066
0.575037
0.575007
0.574976
0.574943
0.574909
0.574875
0.574839
0.574802
0.574763
0.574724
0.574684
0.574643
0.574601
0.574557
0.574513
0.574468
0.574422
0.574375
0.574328
0.574279
0.57423
0.57418
0.574129
0.574078
0.574026
0.573973
0.57392
0.573866
0.573811
0.573756
0.573701
0.573645
0.573589
0.573532
0.573475
0.573417
0.57336
0.573302
0.573244
0.573185
0.573127
0.573068
0.573009
0.572951
0.572892
0.572833
0.572774
0.572715
0.572657
0.572598
0.57254
0.572482
0.572425
0.572367
0.57231
0.572253
0.572197
0.572141
0.572085
0.57203
0.571976
0.571922
0.571869
0.571816
0.571764
0.571713
0.571662
0.571612
0.571563
0.571515
0.571467
0.571421
0.571375
0.57133
0.571286
0.571243
0.571201
0.57116
0.57112
0.571082
0.571044
0.571007
0.570972
0.570937
0.570904
0.570872
0.570842
0.570812
0.570784
0.570757
0.570731
0.570707
0.570683
0.570662
0.570641
0.570622
0.570605
0.570588
0.570573
0.57056
0.570548
0.570537
0.570528
0.57052
0.570514
0.570509
0.570505
0.570503
0.570502
0.570503
0.570505
0.570509
0.570514
0.570521
0.570529
0.570539
0.57055
0.570562
0.570576
0.570591
0.570608
0.570626
0.570645
0.570666
0.570688
0.570712
0.570736
0.570763
0.57079
0.570819
0.570849
0.57088
0.570913
0.570947
0.570982
0.571018
0.571055
0.571094
0.571134
0.571174
0.571216
0.571259
0.571303
0.571348
0.571395
0.571442
0.57149
0.571539
0.571588
0.571639
0.57169
0.571743
0.571796
0.571849
0.571904
0.571959
0.572014
0.57207
0.572127
0.572185
0.572242
0.572301
0.572359
0.572419
0.572478
0.572538
0.572598
0.572658
0.572719
0.57278
0.572841
0.572902
0.572963
0.573024
0.573086
0.573147
0.573208
0.573269
0.57333
0.573391
0.573451
0.573512
0.573572
0.573632
0.573691
0.57375
0.573809
0.573867
0.573925
0.573982
0.574039
0.574095
0.574151
0.574206
0.57426
0.574314
0.574366
0.574418
0.574469
0.57452
0.574569
0.574618
0.574666
0.574712
0.574758
0.574803
0.574846
0.574889
0.57493
0.574971
0.57501
0.575048
0.575085
0.57512
0.575154
0.575188
0.57522
0.57525
0.575279
0.575307
0.575334
0.575359
0.575383
0.575406
0.575427
0.575447
0.575465
0.575482
0.575497
0.575511
0.575523
0.575535
0.575544
0.575552
0.575559
0.575564
0.575567
0.575569
0.57557
0.575569
0.575567
0.575563
0.575557
0.57555
0.575542
0.575532
0.57552
0.575507
0.575493
0.575477
0.57546
0.575441
0.57542
0.575398
0.575375
0.575351
0.575325
0.575298
0.575269
0.575239
0.575208
0.575175
0.575141
0.575106
0.575069
0.575032
0.574993
0.574953
0.574911
0.574869
0.574825
0.574781
0.574735
0.574688
0.57464
0.574592
0.574542
0.574491
0.57444
0.574387
0.574334
0.574279
0.574224
0.574169
0.574112
0.574055
0.573997
0.573938
0.573879
0.57382
0.57376
0.573699
0.573638
0.573577
0.573515
0.573453
0.573391
0.573328
0.573265
0.573202
0.573138
0.573075
0.573011
0.572948
0.572884
0.572821
0.572757
0.572694
0.57263
0.572567
0.572504
0.572442
0.572379
0.572317
0.572255
0.572194
0.572133
0.572072
0.572012
0.571953
0.571894
0.571835
0.571778
0.571721
0.571665
0.571609
0.571554
0.5715
0.571447
0.571395
0.571344
0.571293
0.571244
0.571195
0.571148
0.571101
0.571056
0.571012
0.570969
0.570927
0.570886
0.570847
0.570809
0.570771
0.570736
0.570701
0.570668
0.570636
0.570605
0.570576
0.570549
0.570522
0.570497
0.570474
0.570452
0.570431
0.570412
0.570395
0.570378
0.570364
0.570351
0.570339
0.570329
0.570321
0.570314
0.570309
0.570305
0.570303
0.570302
0.570303
0.570306
0.57031
0.570316
0.570323
0.570332
0.570342
0.570354
0.570367
0.570382
0.570399
0.570417
0.570436
0.570457
0.57048
0.570504
0.57053
0.570556
0.570585
0.570614
0.570646
0.570678
0.570712
0.570747
0.570784
0.570822
0.570861
0.570901
0.570943
0.570986
0.57103
0.571075
0.571122
0.571169
0.571218
0.571268
0.571319
0.57137
0.571423
0.571477
0.571532
0.571587
0.571644
0.571701
0.571759
0.571817
0.571877
0.571937
0.571998
0.572059
0.572121
0.572183
0.572246
0.57231
0.572373
0.572438
0.572502
0.572567
0.572632
0.572698
0.572764
0.572829
0.572895
0.572961
0.573027
0.573093
0.573159
0.573225
0.573291
0.573357
0.573423
0.573488
0.573553
0.573618
0.573683
0.573747
0.57381
0.573874
0.573936
0.573999
0.57406
0.574122
0.574182
0.574242
0.574302
0.57436
0.574418
0.574475
0.574531
0.574586
0.57464
0.574693
0.574746
0.574797
0.574847
0.574897
0.574945
0.574992
0.575038
0.575082
0.575126
0.575168
0.575209
0.575248
0.575287
0.575324
0.575359
0.575394
0.575427
0.575458
0.575488
0.575517
0.575544
0.57557
0.575594
0.575616
0.575638
0.575657
0.575675
0.575692
0.575707
0.57572
0.575732
0.575743
0.575751
0.575758
0.575764
0.575768
0.57577
0.57577
0.575769
0.575767
0.575762
0.575756
0.575749
0.575739
0.575728
0.575716
0.575702
0.575686
0.575669
0.57565
0.57563
0.575608
0.575584
0.575559
0.575533
0.575505
0.575476
0.575445
0.575412
0.575378
0.575343
0.575307
0.575269
0.575229
0.575189
0.575147
0.575103
0.575059
0.575013
0.574966
0.574918
0.574868
0.574818
0.574766
0.574714
0.57466
0.574605
0.57455
0.574493
0.574436
0.574378
0.574319
0.574259
0.574198
0.574136
0.574074
0.574011
0.573948
0.573883
0.573819
0.573754
0.573688
0.573622
0.573555
0.573489
0.573421
0.573354
0.573286
0.573218
0.57315
0.573082
0.573013
0.572945
0.572876
0.572808
0.572739
0.572671
0.572603
0.572535
0.572467
0.5724
0.572333
0.572266
0.572199
0.572133
0.572068
0.572003
0.571938
0.571874
0.571811
0.571748
0.571686
0.571625
0.571565
0.571505
0.571446
0.571388
0.571331
0.571275
0.57122
0.571166
0.571112
0.57106
0.571009
0.57096
0.570911
0.570863
0.570817
0.570772
0.570728
0.570686
0.570645
0.570605
0.570566
0.570529
0.570494
0.57046
0.570427
0.570395
0.570366
0.570338
0.570311
0.570286
0.570262
0.57024
0.570219
0.570201
0.570183
0.570168
0.570154
0.570142
0.570131
0.570122
0.570115
0.570109
0.570105
0.570103
0.570102
0.570103
0.570106
0.570111
0.570117
0.570125
0.570134
0.570146
0.570158
0.570173
0.570189
0.570207
0.570226
0.570247
0.57027
0.570294
0.57032
0.570347
0.570376
0.570407
0.570439
0.570472
0.570507
0.570544
0.570582
0.570621
0.570662
0.570704
0.570747
0.570792
0.570838
0.570886
0.570935
0.570985
0.571036
0.571088
0.571141
0.571196
0.571252
0.571308
0.571366
0.571425
0.571484
0.571545
0.571606
0.571668
0.571731
0.571795
0.571859
0.571925
0.571991
0.572057
0.572124
0.572192
0.57226
0.572329
0.572398
0.572467
0.572537
0.572607
0.572677
0.572748
0.572818
0.572889
0.57296
0.573031
0.573102
0.573173
0.573244
0.573314
0.573385
0.573455
0.573525
0.573595
0.573664
0.573734
0.573802
0.573871
0.573938
0.574006
0.574073
0.574139
0.574205
0.57427
0.574334
0.574397
0.57446
0.574522
0.574583
0.574643
0.574702
0.57476
0.574817
0.574873
0.574928
0.574982
0.575035
0.575086
0.575137
0.575186
0.575234
0.57528
0.575325
0.575369
0.575412
0.575453
0.575493
0.575531
0.575568
0.575603
0.575637
0.575669
0.5757
0.575729
0.575756
0.575782
0.575807
0.575829
0.57585
0.57587
0.575887
0.575903
0.575917
0.57593
0.575941
0.57595
0.575957
0.575963
0.575967
0.57597
0.57597
0.575969
0.575966
0.575961
0.575954
0.575946
0.575936
0.575925
0.575911
0.575896
0.575879
0.575861
0.57584
0.575819
0.575795
0.57577
0.575743
0.575715
0.575685
0.575653
0.57562
0.575585
0.575549
0.575511
0.575472
0.575431
0.575389
0.575346
0.575301
0.575254
0.575207
0.575158
0.575107
0.575056
0.575003
0.574949
0.574894
0.574837
0.57478
0.574721
0.574662
0.574601
0.57454
0.574477
0.574414
0.574349
0.574284
0.574218
0.574152
0.574084
0.574016
0.573948
0.573878
0.573808
0.573738
0.573667
0.573596
0.573524
0.573452
0.57338
0.573307
0.573235
0.573162
0.573088
0.573015
0.572942
0.572869
0.572795
0.572722
0.572649
0.572576
0.572503
0.572431
0.572359
0.572287
0.572215
0.572144
0.572074
0.572003
0.571934
0.571865
0.571796
0.571729
0.571662
0.571595
0.57153
0.571465
0.571401
0.571338
0.571276
0.571215
0.571155
0.571096
0.571038
0.570981
0.570926
0.570871
0.570818
0.570766
0.570715
0.570666
0.570617
0.570571
0.570525
0.570481
0.570439
0.570398
0.570358
0.57032
0.570283
0.570248
0.570215
0.570183
0.570153
0.570125
0.570098
0.570072
0.570049
0.570027
0.570007
0.569989
0.569972
0.569957
0.569944
0.569933
0.569923
0.569916
0.56991
0.569905
0.569903
0.569902
0.569904
0.569907
0.569911
0.569918
0.569926
0.569937
0.569949
0.569962
0.569978
0.569995
0.570014
0.570035
0.570058
0.570082
0.570108
0.570136
0.570165
0.570196
0.570229
0.570263
0.570299
0.570336
0.570375
0.570416
0.570458
0.570502
0.570547
0.570593
0.570641
0.570691
0.570741
0.570794
0.570847
0.570902
0.570958
0.571015
0.571073
0.571133
0.571193
0.571255
0.571317
0.571381
0.571446
0.571511
0.571578
0.571645
0.571713
0.571782
0.571852
0.571922
0.571993
0.572065
0.572137
0.57221
0.572283
0.572357
0.572431
0.572506
0.572581
0.572656
0.572731
0.572806
0.572882
0.572958
0.573033
0.573109
0.573185
0.573261
0.573336
0.573412
0.573487
0.573562
0.573636
0.573711
0.573785
0.573858
0.573931
0.574003
0.574075
0.574147
0.574217
0.574287
0.574357
0.574425
0.574493
0.57456
0.574626
0.574691
0.574755
0.574818
0.57488
0.574941
0.575001
0.57506
0.575117
0.575174
0.575229
0.575282
0.575334
0.575385
0.575435
0.575483
0.57553
0.575575
0.575619
0.575661
0.575702
0.575741
0.575779
0.575815
0.575849
0.575882
0.575913
0.575942
0.57597
0.575996
0.57602
0.576043
0.576063
0.576082
0.576099
0.576114
0.576128
0.576139
0.576149
0.576157
0.576163
0.576167
0.57617
0.57617
0.576168
0.576165
0.57616
0.576153
0.576144
0.576134
0.576121
0.576107
0.57609
0.576073
0.576053
0.576031
0.576008
0.575983
0.575956
0.575928
0.575897
0.575865
0.575831
0.575796
0.575759
0.57572
0.57568
0.575638
0.575594
0.575549
0.575503
0.575454
0.575405
0.575354
0.575301
0.575248
0.575192
0.575136
0.575078
0.575019
0.574959
0.574898
0.574836
0.574772
0.574707
0.574642
0.574575
0.574508
0.574439
0.57437
0.574299
0.574228
0.574157
0.574084
0.574011
0.573937
0.573863
0.573788
0.573712
0.573636
0.57356
0.573483
0.573406
0.573329
0.573251
0.573173
0.573096
0.573017
0.572939
0.572861
0.572783
0.572705
0.572627
0.572549
0.572472
0.572394
0.572317
0.572241
0.572164
0.572089
0.572013
0.571939
0.571864
0.571791
0.571718
0.571646
0.571574
0.571504
0.571434
0.571365
0.571297
0.57123
0.571164
0.571099
0.571035
0.570972
0.570911
0.57085
0.570791
0.570733
0.570676
0.570621
0.570567
0.570514
0.570463
0.570413
0.570364
0.570318
0.570272
0.570229
0.570187
0.570146
0.570107
0.57007
0.570034
0.570001
0.569968
0.569938
0.56991
0.569883
0.569858
0.569835
0.569813
0.569794
0.569776
0.56976
0.569746
0.569734
0.569724
0.569716
0.56971
0.569706
0.569703
0.569703
0.569704
0.569707
0.569712
0.569719
0.569728
0.569739
0.569752
0.569767
0.569784
0.569802
0.569822
0.569845
0.569869
0.569895
0.569922
0.569952
0.569983
0.570016
0.570051
0.570087
0.570126
0.570166
0.570208
0.570251
0.570296
0.570343
0.570391
0.57044
0.570492
0.570544
0.570598
0.570653
0.57071
0.570768
0.570828
0.570888
0.57095
0.571014
0.571078
0.571144
0.57121
0.571278
0.571347
0.571417
0.571487
0.571559
0.571631
0.571705
0.571779
0.571854
0.571929
0.572006
0.572083
0.57216
0.572238
0.572317
0.572396
0.572475
0.572554
0.572634
0.572715
0.572795
0.572875
0.572956
0.573036
0.573117
0.573198
0.573278
0.573359
0.573439
0.573519
0.573598
0.573678
0.573757
0.573835
0.573913
0.573991
0.574068
0.574144
0.57422
0.574296
0.57437
0.574444
0.574517
0.574589
0.57466
0.57473
0.574799
0.574867
0.574934
0.575
0.575065
0.575128
0.57519
0.575251
0.575311
0.57537
0.575427
0.575483
0.575537
0.57559
0.575641
0.575691
0.575739
0.575786
0.575831
0.575874
0.575916
0.575956
0.575994
0.57603
0.576065
0.576098
0.576129
0.576159
0.576186
0.576212
0.576235
0.576257
0.576277
0.576295
0.576311
0.576325
0.576338
0.576348
0.576356
0.576363
0.576367
0.57637
0.57637
0.576369
0.576365
0.57636
0.576352
0.576343
0.576331
0.576318
0.576303
0.576285
0.576266
0.576245
0.576222
0.576197
0.57617
0.576142
0.576111
0.576079
0.576045
0.576009
0.575971
0.575932
0.575891
0.575848
0.575803
0.575757
0.575709
0.57566
0.575608
0.575556
0.575502
0.575446
0.575389
0.575331
0.575271
0.575209
0.575147
0.575083
0.575018
0.574951
0.574884
0.574815
0.574745
0.574674
0.574602
0.574529
0.574456
0.574381
0.574305
0.574229
0.574152
0.574074
0.573996
0.573917
0.573837
0.573757
0.573676
0.573595
0.573513
0.573432
0.573349
0.573267
0.573184
0.573102
0.573019
0.572936
0.572853
0.57277
0.572687
0.572604
0.572522
0.57244
0.572358
0.572276
0.572195
0.572114
0.572033
0.571954
0.571874
0.571796
0.571717
0.57164
0.571564
0.571488
0.571413
0.571339
0.571266
0.571194
0.571122
0.571052
0.570983
0.570915
0.570849
0.570783
0.570719
0.570656
0.570594
0.570534
0.570475
0.570418
0.570362
0.570308
0.570255
0.570204
0.570154
0.570106
0.570059
0.570015
0.569972
0.569931
0.569891
0.569854
0.569818
0.569784
0.569752
0.569721
0.569693
0.569666
0.569642
0.569619
0.569599
0.56958
0.569563
0.569548
0.569536
0.569525
0.569516
0.56951
0.569505
0.569503
0.569502
0.569504
0.569507
0.569513
0.56952
0.56953
0.569542
0.569555
0.569571
0.569589
0.569609
0.56963
0.569654
0.569679
0.569707
0.569736
0.569768
0.569801
0.569836
0.569873
0.569912
0.569952
0.569995
0.570039
0.570085
0.570132
0.570181
0.570232
0.570285
0.570339
0.570395
0.570452
0.570511
0.570571
0.570633
0.570696
0.57076
0.570826
0.570893
0.570961
0.571031
0.571102
0.571174
0.571247
0.571321
0.571395
0.571471
0.571548
0.571626
0.571705
0.571784
0.571864
0.571945
0.572027
0.572109
0.572192
0.572275
0.572359
0.572443
0.572528
0.572612
0.572697
0.572783
0.572868
0.572953
0.573039
0.573124
0.57321
0.573295
0.573381
0.573466
0.573551
0.573635
0.573719
0.573802
0.573886
0.573968
0.57405
0.574132
0.574213
0.574293
0.574373
0.574452
0.57453
0.574607
0.574684
0.574759
0.574833
0.574907
0.574979
0.57505
0.57512
0.575189
0.575256
0.575322
0.575387
0.57545
0.575512
0.575572
0.575631
0.575688
0.575744
0.575798
0.575851
0.575902
0.575951
0.575999
0.576045
0.576089
0.576131
0.576172
0.57621
0.576247
0.576282
0.576315
0.576346
0.576375
0.576402
0.576427
0.57645
0.576471
0.576491
0.576508
0.576523
0.576536
0.576546
0.576555
0.576562
0.576567
0.576569
0.57657
0.576568
0.576565
0.576559
0.576551
0.576541
0.576529
0.576514
0.576498
0.57648
0.57646
0.576437
0.576413
0.576386
0.576358
0.576328
0.576295
0.576261
0.576225
0.576187
0.576147
0.576105
0.576061
0.576016
0.575969
0.57592
0.575869
0.575816
0.575762
0.575707
0.575649
0.57559
0.57553
0.575468
0.575404
0.575339
0.575273
0.575205
0.575136
0.575066
0.574994
0.574922
0.574848
0.574773
0.574697
0.574619
0.574541
0.574462
0.574382
0.574302
0.57422
0.574138
0.574055
0.573971
0.573887
0.573802
0.573716
0.573631
0.573544
0.573458
0.573371
0.573284
0.573196
0.573109
0.573021
0.572933
0.572845
0.572757
0.57267
0.572582
0.572495
0.572408
0.572321
0.572235
0.572149
0.572063
0.571978
0.571893
0.57181
0.571726
0.571644
0.571562
0.571481
0.571401
0.571321
0.571243
0.571166
0.571089
0.571014
0.57094
0.570867
0.570795
0.570725
0.570655
0.570588
0.570521
0.570456
0.570392
0.57033
0.570269
0.57021
0.570153
0.570097
0.570043
0.569991
0.56994
0.569891
0.569844
0.569798
0.569755
0.569713
0.569673
0.569635
0.569599
0.569565
0.569533
0.569503
0.569475
0.569449
0.569425
0.569404
0.569384
0.569366
0.569351
0.569338
0.569326
0.569317
0.56931
0.569305
0.569303
0.569302
0.569304
0.569308
0.569314
0.569322
0.569332
0.569345
0.569359
0.569376
0.569395
0.569415
0.569438
0.569463
0.56949
0.56952
0.569551
0.569584
0.569619
0.569656
0.569695
0.569736
0.569779
0.569824
0.569871
0.569919
0.56997
0.570022
0.570075
0.570131
0.570188
0.570247
0.570308
0.57037
0.570434
0.570499
0.570566
0.570634
0.570704
0.570775
0.570847
0.57092
0.570995
0.571071
0.571148
0.571227
0.571306
0.571386
0.571468
0.57155
0.571633
0.571717
0.571802
0.571887
0.571973
0.57206
0.572148
0.572236
0.572324
0.572413
0.572502
0.572591
0.572681
0.572771
0.572861
0.572952
0.573042
0.573132
0.573223
0.573313
0.573403
0.573493
0.573582
0.573672
0.57376
0.573849
0.573937
0.574024
0.574111
0.574197
0.574283
0.574367
0.574451
0.574535
0.574617
0.574699
0.574779
0.574859
0.574937
0.575015
0.575091
0.575166
0.57524
0.575312
0.575383
0.575453
0.575521
0.575588
0.575654
0.575717
0.57578
0.57584
0.575899
0.575957
0.576012
0.576066
0.576118
0.576168
0.576217
0.576263
0.576308
0.576351
0.576391
0.57643
0.576467
0.576501
0.576534
0.576565
0.576593
0.57662
0.576644
0.576666
0.576686
0.576704
0.57672
0.576734
0.576746
0.576755
0.576762
0.576767
0.57677
0.57677
0.576768
0.576764
0.576758
0.57675
0.576739
0.576726
0.576711
0.576694
0.576675
0.576653
0.57663
0.576604
0.576576
0.576546
0.576514
0.57648
0.576443
0.576405
0.576365
0.576323
0.576279
0.576232
0.576184
0.576134
0.576083
0.576029
0.575974
0.575917
0.575858
0.575797
0.575735
0.575671
0.575605
0.575538
0.57547
0.5754
0.575328
0.575255
0.575181
0.575105
0.575029
0.574951
0.574871
0.574791
0.57471
0.574627
0.574544
0.574459
0.574374
0.574288
0.574201
0.574113
0.574025
0.573936
0.573847
0.573757
0.573666
0.573575
0.573484
0.573392
0.5733
0.573208
0.573115
0.573023
0.57293
0.572838
0.572745
0.572653
0.57256
0.572468
0.572376
0.572285
0.572194
0.572103
0.572012
0.571923
0.571834
0.571745
0.571657
0.57157
0.571484
