2.596e-08
1.03798e-07
2.33386e-07
4.14514e-07
6.46886e-07
9.30121e-07
1.26376e-06
1.64725e-06
2.07997e-06
2.56121e-06
3.09017e-06
3.66599e-06
4.28773e-06
4.95435e-06
5.66475e-06
6.41776e-06
7.21213e-06
8.04654e-06
8.91959e-06
9.82983e-06
1.07757e-05
1.17557e-05
1.27681e-05
1.38112e-05
1.48832e-05
1.59823e-05
1.71066e-05
1.82543e-05
1.94232e-05
2.06114e-05
2.18167e-05
2.30372e-05
2.42705e-05
2.55146e-05
2.67672e-05
2.8026e-05
2.92887e-05
3.05531e-05
3.18169e-05
3.30775e-05
3.43328e-05
3.55803e-05
3.68176e-05
3.80423e-05
3.9252e-05
4.04443e-05
4.16169e-05
4.27672e-05
4.3893e-05
4.49919e-05
4.60614e-05
4.70993e-05
4.81032e-05
4.90709e-05
5e-05
5.08883e-05
5.17337e-05
5.25339e-05
5.32867e-05
5.39903e-05
5.46423e-05
5.5241e-05
5.57843e-05
5.62704e-05
5.66973e-05
5.70634e-05
5.73669e-05
5.76061e-05
5.77796e-05
5.78857e-05
5.7923e-05
5.78902e-05
5.77859e-05
5.76089e-05
5.73582e-05
5.70326e-05
5.66312e-05
5.61531e-05
5.55974e-05
5.49636e-05
5.42509e-05
5.34589e-05
5.25871e-05
5.16352e-05
5.06029e-05
4.94901e-05
4.82967e-05
4.70228e-05
4.56686e-05
4.42343e-05
4.27202e-05
4.11268e-05
3.94546e-05
3.77044e-05
3.58768e-05
3.39727e-05
3.1993e-05
2.99389e-05
2.78115e-05
2.56121e-05
2.33419e-05
2.10024e-05
1.85953e-05
1.61221e-05
1.35846e-05
1.09846e-05
8.32412e-06
5.60509e-06
2.82965e-06
5.35898e-12
-2.88156e-06
-5.81267e-06
-8.79088e-06
-1.18136e-05
-1.48784e-05
-1.79823e-05
-2.11228e-05
-2.42969e-05
-2.75018e-05
-3.07345e-05
-3.39919e-05
-3.72709e-05
-4.05685e-05
-4.38814e-05
-4.72062e-05
-5.05399e-05
-5.38789e-05
-5.72198e-05
-6.05593e-05
-6.38939e-05
-6.722e-05
-7.05342e-05
-7.38329e-05
-7.71124e-05
-8.03693e-05
-8.35998e-05
-8.68004e-05
-8.99674e-05
-9.30973e-05
-9.61863e-05
-9.92309e-05
-0.000102227
-0.000105172
-0.000108062
-0.000110893
-0.000113661
-0.000116363
-0.000118996
-0.000121557
-0.000124041
-0.000126445
-0.000128767
-0.000131002
-0.000133148
-0.000135201
-0.000137159
-0.000139018
-0.000140775
-0.000142428
-0.000143974
-0.00014541
-0.000146732
-0.00014794
-0.00014903
-0.00015
-0.000150848
-0.000151571
-0.000152167
-0.000152635
-0.000152972
-0.000153178
-0.000153249
-0.000153186
-0.000152985
-0.000152647
-0.000152169
-0.000151551
-0.000150793
-0.000149892
-0.000148849
-0.000147663
-0.000146333
-0.00014486
-0.000143244
-0.000141484
-0.00013958
-0.000137533
-0.000135343
-0.000133012
-0.000130539
-0.000127925
-0.000125172
-0.000122281
-0.000119253
-0.000116089
-0.000112791
-0.000109361
-0.000105801
-0.000102113
-9.82983e-05
-9.43599e-05
-9.03001e-05
-8.61213e-05
-8.18265e-05
-7.74183e-05
-7.28997e-05
-6.82738e-05
-6.35439e-05
-5.87132e-05
-5.37853e-05
-4.87637e-05
-4.36521e-05
-3.84544e-05
-3.31743e-05
-2.78161e-05
-2.23838e-05
-1.68816e-05
-1.1314e-05
-5.68527e-06
-2.14359e-11
5.73715e-06
1.15215e-05
1.73484e-05
2.32128e-05
2.91098e-05
3.50345e-05
4.09818e-05
4.69466e-05
5.29236e-05
5.89077e-05
6.48935e-05
7.08758e-05
7.68492e-05
8.28083e-05
8.87477e-05
9.4662e-05
0.000100546
0.000106393
0.000112199
0.000117958
0.000123664
0.000129313
0.000134898
0.000140414
0.000145855
0.000151217
0.000156494
0.000161681
0.000166771
0.000171761
0.000176645
0.000181418
0.000186074
0.000190609
0.000195018
0.000199296
0.000203438
0.00020744
0.000211297
0.000215004
0.000218558
0.000221953
0.000225186
0.000228254
0.000231151
0.000233874
0.000236419
0.000238784
0.000240964
0.000242956
0.000244758
0.000246366
0.000247777
0.000248989
0.00025
0.000250807
0.000251407
0.0002518
0.000251983
0.000251955
0.000251713
0.000251258
0.000250587
0.0002497
0.000248596
0.000247275
0.000245736
0.000243979
0.000242004
0.000239812
0.000237403
0.000234777
0.000231935
0.000228879
0.000225609
0.000222127
0.000218435
0.000214534
0.000210426
0.000206114
0.000201599
0.000196885
0.000191975
0.00018687
0.000181575
0.000176093
0.000170426
0.00016458
0.000158557
0.000152362
0.000146
0.000139473
0.000132788
0.000125949
0.00011896
0.000111827
0.000104555
9.71489e-05
8.9615e-05
8.19586e-05
7.41856e-05
6.63018e-05
5.83134e-05
5.02266e-05
4.20476e-05
3.3783e-05
2.54392e-05
1.70229e-05
8.5409e-06
4.82308e-11
-8.59273e-06
-1.72304e-05
-2.59058e-05
-3.46119e-05
-4.33413e-05
-5.20867e-05
-6.08408e-05
-6.95962e-05
-7.83454e-05
-8.70809e-05
-9.57952e-05
-0.000104481
-0.00011313
-0.000121735
-0.000130289
-0.000138784
-0.000147212
-0.000155566
-0.000163839
-0.000172022
-0.000180109
-0.000188091
-0.000195962
-0.000203715
-0.000211341
-0.000218835
-0.000226188
-0.000233394
-0.000240445
-0.000247336
-0.000254059
-0.000260608
-0.000266976
-0.000273156
-0.000279143
-0.000284931
-0.000290513
-0.000295883
-0.000301036
-0.000305967
-0.00031067
-0.000315139
-0.000319371
-0.000323359
-0.0003271
-0.000330588
-0.00033382
-0.000336792
-0.000339499
-0.000341938
-0.000344106
-0.000345999
-0.000347614
-0.000348949
-0.00035
-0.000350766
-0.000351244
-0.000351433
-0.000351331
-0.000350937
-0.000350249
-0.000349266
-0.000347988
-0.000346414
-0.000344545
-0.00034238
-0.00033992
-0.000337165
-0.000334117
-0.000330775
-0.000327143
-0.00032322
-0.00031901
-0.000314514
-0.000309734
-0.000304674
-0.000299336
-0.000293724
-0.00028784
-0.000281689
-0.000275273
-0.000268599
-0.000261668
-0.000254488
-0.000247061
-0.000239394
-0.000231491
-0.000223358
-0.000215002
-0.000206427
-0.000197639
-0.000188647
-0.000179455
-0.000170071
-0.000160501
-0.000150754
-0.000140835
-0.000130754
-0.000120517
-0.000110132
-9.96074e-05
-8.89515e-05
-7.81725e-05
-6.72788e-05
-5.62791e-05
-4.51821e-05
-3.39967e-05
-2.27318e-05
-1.13965e-05
-8.57437e-11
1.14483e-05
2.29392e-05
3.44633e-05
4.6011e-05
5.75727e-05
6.91389e-05
8.06999e-05
9.22459e-05
0.000103767
0.000115254
0.000126697
0.000138086
0.000149411
0.000160662
0.000171831
0.000182906
0.000193879
0.00020474
0.000215478
0.000226086
0.000236553
0.00024687
0.000257027
0.000267016
0.000276827
0.000286452
0.000295882
0.000305107
0.00031412
0.000322911
0.000331473
0.000339798
0.000347877
0.000355703
0.000363269
0.000370566
0.000377587
0.000384326
0.000390776
0.00039693
0.000402782
0.000408326
0.000413555
0.000418465
0.000423049
0.000427303
0.000431222
0.0004348
0.000438035
0.00044092
0.000443454
0.000445632
0.000447451
0.000448908
0.00045
0.000450725
0.000451081
0.000451067
0.000450679
0.000449919
0.000448784
0.000447274
0.000445389
0.000443129
0.000440495
0.000437486
0.000434105
0.000430352
0.000426229
0.000421739
0.000416882
0.000411663
0.000406084
0.000400149
0.00039386
0.000387221
0.000380238
0.000372914
0.000365254
0.000357264
0.000348947
0.000340312
0.000331362
0.000322105
0.000312547
0.000302695
0.000292556
0.000282137
0.000271446
0.000260491
0.000249279
0.00023782
0.000226122
0.000214193
0.000202043
0.000189681
0.000177116
0.000164359
0.000151418
0.000138305
0.000125029
0.000111601
9.80316e-05
8.43311e-05
7.05107e-05
5.65813e-05
4.25542e-05
2.84407e-05
1.42522e-05
1.33974e-10
-1.43039e-05
-2.86481e-05
-4.30208e-05
-5.74101e-05
-7.18042e-05
-8.61911e-05
-0.000100559
-0.000114895
-0.000129189
-0.000143427
-0.000157599
-0.000171691
-0.000185691
-0.000199589
-0.000213372
-0.000227028
-0.000240546
-0.000253913
-0.000267118
-0.00028015
-0.000292997
-0.000305648
-0.000318092
-0.000330317
-0.000342313
-0.00035407
-0.000365575
-0.00037682
-0.000387794
-0.000398486
-0.000408887
-0.000418988
-0.000428779
-0.00043825
-0.000447394
-0.0004562
-0.000464662
-0.00047277
-0.000480516
-0.000487893
-0.000494895
-0.000501512
-0.00050774
-0.00051357
-0.000518998
-0.000524018
-0.000528623
-0.000532808
-0.00053657
-0.000539903
-0.000542802
-0.000545265
-0.000547288
-0.000548867
-0.00055
-0.000550684
-0.000550918
-0.0005507
-0.000550028
-0.000548901
-0.000547319
-0.000545282
-0.00054279
-0.000539844
-0.000536444
-0.000532592
-0.000528289
-0.000523538
-0.000518341
-0.000512702
-0.000506622
-0.000500107
-0.000493159
-0.000485784
-0.000477985
-0.000469769
-0.00046114
-0.000452104
-0.000442668
-0.000432839
-0.000422622
-0.000412025
-0.000401056
-0.000389723
-0.000378033
-0.000365996
-0.000353621
-0.000340916
-0.00032789
-0.000314555
-0.000300919
-0.000286993
-0.000272788
-0.000258315
-0.000243584
-0.000228608
-0.000213397
-0.000197964
-0.00018232
-0.000166479
-0.000150451
-0.000134251
-0.000117891
-0.000101383
-8.47422e-05
-6.79805e-05
-5.11118e-05
-3.41497e-05
-1.71079e-05
-1.92923e-10
1.71594e-05
3.43569e-05
5.15782e-05
6.88092e-05
8.60356e-05
0.000103243
0.000120418
0.000137545
0.000154611
0.000171601
0.0001885
0.000205295
0.000221972
0.000238516
0.000254914
0.00027115
0.000287212
0.000303086
0.000318758
0.000334214
0.000349441
0.000364427
0.000379157
0.000393618
0.000407799
0.000421687
0.000435269
0.000448533
0.000461468
0.000474061
0.000486302
0.000498178
0.000509681
0.000520798
0.000531519
0.000541835
0.000551736
0.000561213
0.000570256
0.000578857
0.000587007
0.000594699
0.000601924
0.000608676
0.000614948
0.000620732
0.000626024
0.000630817
0.000635105
0.000638885
0.00064215
0.000644898
0.000647125
0.000648826
0.00065
0.000650644
0.000650755
0.000650333
0.000649376
0.000647883
0.000645855
0.000643291
0.000640192
0.000636559
0.000632393
0.000627697
0.000622474
0.000616725
0.000610454
0.000603665
0.000596362
0.00058855
0.000580234
0.000571418
0.00056211
0.000552316
0.000542042
0.000531295
0.000520083
0.000508414
0.000496296
0.000483738
0.00047075
0.00045734
0.00044352
0.000429298
0.000414686
0.000399694
0.000384335
0.000368619
0.000352559
0.000336167
0.000319455
0.000302437
0.000285126
0.000267535
0.000249678
0.000231569
0.000213222
0.000194652
0.000175873
0.000156901
0.00013775
0.000118436
9.89738e-05
7.93797e-05
5.96694e-05
3.98586e-05
1.99635e-05
2.6259e-10
-2.00149e-05
-4.00657e-05
-6.01356e-05
-8.02082e-05
-0.000100267
-0.000120295
-0.000140277
-0.000160195
-0.000180033
-0.000199774
-0.000219402
-0.0002389
-0.000258253
-0.000277443
-0.000296455
-0.000315272
-0.000333879
-0.000352259
-0.000370398
-0.000388278
-0.000405886
-0.000423205
-0.000440221
-0.00045692
-0.000473286
-0.000489305
-0.000504963
-0.000520246
-0.000535142
-0.000549636
-0.000563716
-0.000577369
-0.000590582
-0.000603345
-0.000615644
-0.00062747
-0.000638811
-0.000649656
-0.000659996
-0.00066982
-0.000679119
-0.000687885
-0.000696109
-0.000703782
-0.000710897
-0.000717447
-0.000723425
-0.000728825
-0.000733641
-0.000737867
-0.000741499
-0.000744532
-0.000746962
-0.000748785
-0.00075
-0.000750603
-0.000750592
-0.000749966
-0.000748724
-0.000746865
-0.00074439
-0.000741299
-0.000737593
-0.000733273
-0.000728342
-0.000722803
-0.000716658
-0.000709911
-0.000702566
-0.000694628
-0.000686102
-0.000676993
-0.000667308
-0.000657053
-0.000646236
-0.000634863
-0.000622943
-0.000610485
-0.000597497
-0.000583989
-0.00056997
-0.000555451
-0.000540444
-0.000524958
-0.000509006
-0.000492599
-0.00047575
-0.000458473
-0.000440779
-0.000422683
-0.000404199
-0.00038534
-0.000366122
-0.000346559
-0.000326668
-0.000306462
-0.000285959
-0.000265174
-0.000244124
-0.000222825
-0.000201295
-0.00017955
-0.000157609
-0.000135488
-0.000113205
-9.0779e-05
-6.8227e-05
-4.55676e-05
-2.28192e-05
-3.42975e-10
2.28705e-05
4.57745e-05
6.8693e-05
9.16073e-05
0.000114498
0.000137348
0.000160136
0.000182844
0.000205454
0.000227947
0.000250303
0.000272505
0.000294534
0.00031637
0.000337996
0.000359394
0.000380546
0.000401433
0.000422037
0.000442342
0.00046233
0.000481984
0.000501286
0.000520221
0.000538772
0.000556922
0.000574656
0.000591959
0.000608816
0.000625211
0.00064113
0.000656559
0.000671484
0.000685892
0.00069977
0.000713105
0.000725885
0.000738099
0.000749735
0.000760783
0.000771232
0.000781071
0.000790293
0.000798887
0.000806846
0.000814162
0.000820826
0.000826833
0.000832176
0.000836849
0.000840847
0.000844165
0.000846798
0.000848745
0.00085
0.000850562
0.000850429
0.000849599
0.000848072
0.000845847
0.000842925
0.000839307
0.000834994
0.000829988
0.000824292
0.000817909
0.000810843
0.000803098
0.000794679
0.000785591
0.000775842
0.000765437
0.000754383
0.000742688
0.000730361
0.00071741
0.000703845
0.000689675
0.000674911
0.000659564
0.000643644
0.000627165
0.000610137
0.000592575
0.000574492
0.0005559
0.000536815
0.000517251
0.000497224
0.000476747
0.000455838
0.000434513
0.000412789
0.000390682
0.000368209
0.000345389
0.00032224
0.000298779
0.000275026
0.000250999
0.000226717
0.0002022
0.000177468
0.00015254
0.000127437
0.000102178
7.67846e-05
5.12766e-05
2.56749e-05
4.34077e-10
-2.5726e-05
-5.14833e-05
-7.72505e-05
-0.000103006
-0.00012873
-0.0001544
-0.000179995
-0.000205494
-0.000230876
-0.00025612
-0.000281205
-0.00030611
-0.000330814
-0.000355297
-0.000379538
-0.000403516
-0.000427212
-0.000450606
-0.000473677
-0.000496406
-0.000518774
-0.000540762
-0.000562351
-0.000583522
-0.000604258
-0.000624539
-0.00064435
-0.000663673
-0.00068249
-0.000700786
-0.000718544
-0.000735749
-0.000752386
-0.000768439
-0.000783895
-0.00079874
-0.00081296
-0.000826543
-0.000839475
-0.000851746
-0.000863344
-0.000874258
-0.000884477
-0.000893993
-0.000902796
-0.000910876
-0.000918227
-0.000924841
-0.000930711
-0.000935831
-0.000940195
-0.000943798
-0.000946635
-0.000948704
-0.00095
-0.000950521
-0.000950266
-0.000949232
-0.00094742
-0.00094483
-0.000941461
-0.000937315
-0.000932395
-0.000926703
-0.000920241
-0.000913014
-0.000905027
-0.000896284
-0.000886791
-0.000876555
-0.000865582
-0.00085388
-0.000841458
-0.000828323
-0.000814487
-0.000799958
-0.000784747
-0.000768865
-0.000752325
-0.000735139
-0.000717318
-0.000698878
-0.000679831
-0.000660193
-0.000639978
-0.000619202
-0.00059788
-0.00057603
-0.000553668
-0.000530811
-0.000507478
-0.000483687
-0.000459456
-0.000434804
-0.000409751
-0.000384316
-0.00035852
-0.000332384
-0.000305927
-0.000279172
-0.000252139
-0.00022485
-0.000197327
-0.000169593
-0.000141668
-0.000113577
-8.53422e-05
-5.69855e-05
-2.85306e-05
-5.35898e-10
2.85815e-05
5.71921e-05
8.58079e-05
0.000114405
0.000142961
0.000171452
0.000199854
0.000228143
0.000256298
0.000284293
0.000312107
0.000339715
0.000367095
0.000394224
0.000421079
0.000447638
0.000473879
0.000499779
0.000525317
0.00055047
0.000575218
0.000599541
0.000623416
0.000646823
0.000669744
0.000692157
0.000714044
0.000735386
0.000756164
0.000776361
0.000795958
0.000814939
0.000833287
0.000850986
0.00086802
0.000884375
0.000900035
0.000914986
0.000929215
0.000942709
0.000955456
0.000967444
0.000978662
0.000989099
0.000998745
0.00100759
0.00101563
0.00102285
0.00102925
0.00103481
0.00103954
0.00104343
0.00104647
0.00104866
0.00105
0.00105048
0.0010501
0.00104887
0.00104677
0.00104381
0.00104
0.00103532
0.0010298
0.00102342
0.00101619
0.00100812
0.000999211
0.00098947
0.000978903
0.000967518
0.000955322
0.000942323
0.000928532
0.000913958
0.000898612
0.000882505
0.000865649
0.000848056
0.000829739
0.000810714
0.000790992
0.000770591
0.000749525
0.000727811
0.000705464
0.000682503
0.000658945
0.000634809
0.000610112
0.000584876
0.000559118
0.00053286
0.000506122
0.000478926
0.000451292
0.000423243
0.000394801
0.000365989
0.000336829
0.000307345
0.000277561
0.0002475
0.000217186
0.000186645
0.0001559
0.000124977
9.38998e-05
6.26945e-05
3.13863e-05
6.48437e-10
-3.1437e-05
-6.29008e-05
-9.43652e-05
-0.000125804
-0.000157193
-0.000188504
-0.000219713
-0.000250793
-0.000281719
-0.000312466
-0.000343008
-0.00037332
-0.000403376
-0.000433151
-0.000462621
-0.00049176
-0.000520546
-0.000548952
-0.000576956
-0.000604534
-0.000631663
-0.000658319
-0.00068448
-0.000710124
-0.000735229
-0.000759774
-0.000783737
-0.000807099
-0.000829838
-0.000851935
-0.000873372
-0.000894129
-0.000914189
-0.000933533
-0.000952146
-0.00097001
-0.000987109
-0.00100343
-0.00101895
-0.00103367
-0.00104757
-0.00106063
-0.00107285
-0.0010842
-0.00109469
-0.00110431
-0.00111303
-0.00112086
-0.00112778
-0.0011338
-0.00113889
-0.00114306
-0.00114631
-0.00114862
-0.00115
-0.00115044
-0.00114994
-0.0011485
-0.00114612
-0.00114279
-0.00113853
-0.00113333
-0.0011272
-0.00112013
-0.00111214
-0.00110323
-0.0010934
-0.00108266
-0.00107102
-0.00105848
-0.00104506
-0.00103077
-0.00101561
-0.000999593
-0.000982737
-0.000965052
-0.00094655
-0.000927246
-0.000907154
-0.000886289
-0.000864667
-0.000842304
-0.000819219
-0.000795428
-0.00077095
-0.000745804
-0.00072001
-0.000693587
-0.000666557
-0.00063894
-0.000610758
-0.000582034
-0.000552789
-0.000523048
-0.000492834
-0.00046217
-0.000431082
-0.000399594
-0.000367731
-0.000335519
-0.000302983
-0.00027015
-0.000237046
-0.000203697
-0.000170132
-0.000136376
-0.000102457
-6.84035e-05
-3.42421e-05
-7.71694e-10
3.42924e-05
6.86096e-05
0.000102923
0.000137203
0.000171424
0.000205556
0.000239572
0.000273443
0.000307141
0.00034064
0.00037391
0.000406925
0.000439656
0.000472078
0.000504162
0.000535882
0.000567212
0.000598125
0.000628596
0.000658598
0.000688107
0.000717097
0.000745545
0.000773426
0.000800715
0.000827392
0.000853431
0.000878812
0.000903512
0.00092751
0.000950786
0.000973319
0.00099509
0.00101608
0.00103627
0.00105564
0.00107418
0.00109187
0.00110869
0.00112464
0.00113968
0.00115382
0.00116703
0.00117931
0.00119064
0.00120102
0.00121043
0.00121887
0.00122632
0.00123278
0.00123824
0.0012427
0.00124615
0.00124858
0.00125
0.0012504
0.00124978
0.00124813
0.00124546
0.00124178
0.00123707
0.00123134
0.0012246
0.00121685
0.00120809
0.00119833
0.00118758
0.00117584
0.00116313
0.00114944
0.0011348
0.00111921
0.00110268
0.00108523
0.00106686
0.0010476
0.00102745
0.00100644
0.000984568
0.000961864
0.000938341
0.000914018
0.000888913
0.000863046
0.000836436
0.000809106
0.000781075
0.000752366
0.000723001
0.000693004
0.000662398
0.000631207
0.000599456
0.00056717
0.000534376
0.000501098
0.000467363
0.000433199
0.000398633
0.000363692
0.000328405
0.000292799
0.000256905
0.00022075
0.000184363
0.000147775
0.000111015
7.41126e-05
3.70978e-05
9.05669e-10
-3.71479e-05
-7.43183e-05
-0.00011148
-0.000148602
-0.000185655
-0.000222608
-0.00025943
-0.000296092
-0.000332563
-0.000368813
-0.000404811
-0.000440529
-0.000475937
-0.000511005
-0.000545703
-0.000580004
-0.000613879
-0.000647299
-0.000680235
-0.000712662
-0.000744551
-0.000775876
-0.00080661
-0.000836727
-0.000866201
-0.000895009
-0.000923125
-0.000950525
-0.000977186
-0.00100309
-0.0010282
-0.00105251
-0.00107599
-0.00109863
-0.0011204
-0.00114128
-0.00116126
-0.00118032
-0.00119843
-0.0012156
-0.00123179
-0.001247
-0.00126121
-0.00127442
-0.00128659
-0.00129773
-0.00130783
-0.00131687
-0.00132485
-0.00133176
-0.00133759
-0.00134233
-0.00134598
-0.00134854
-0.00135
-0.00135036
-0.00134961
-0.00134777
-0.00134481
-0.00134076
-0.0013356
-0.00132935
-0.001322
-0.00131356
-0.00130404
-0.00129344
-0.00128176
-0.00126903
-0.00125524
-0.00124041
-0.00122454
-0.00120765
-0.00118976
-0.00117086
-0.00115099
-0.00113015
-0.00110835
-0.00108563
-0.00106198
-0.00103744
-0.00101202
-0.000985731
-0.000958607
-0.000930663
-0.000901923
-0.000872407
-0.00084214
-0.000811144
-0.000779446
-0.000747068
-0.000714038
-0.00068038
-0.000646123
-0.000611293
-0.000575917
-0.000540025
-0.000503644
-0.000466804
-0.000429535
-0.000391865
-0.000353827
-0.000315449
-0.000276764
-0.000237802
-0.000198595
-0.000159174
-0.000119573
-7.98216e-05
-3.99536e-05
-1.05036e-09
4.00034e-05
8.00271e-05
0.000120037
0.000160001
0.000199887
0.00023966
0.000279289
0.000318742
0.000357985
0.000396986
0.000435713
0.000474134
0.000512218
0.000549932
0.000587245
0.000624126
0.000660545
0.000696472
0.000731875
0.000766726
0.000800995
0.000834654
0.000867674
0.000900028
0.000931687
0.000962626
0.000992818
0.00102224
0.00105086
0.00107866
0.00110561
0.0011317
0.00115689
0.00118117
0.00120452
0.00122691
0.00124833
0.00126876
0.00128817
0.00130656
0.00132391
0.00134019
0.0013554
0.00136952
0.00138254
0.00139445
0.00140523
0.00141488
0.00142339
0.00143074
0.00143694
0.00144196
0.00144582
0.0014485
0.00145
0.00145032
0.00144945
0.0014474
0.00144416
0.00143974
0.00143414
0.00142736
0.0014194
0.00141028
0.00139999
0.00138854
0.00137595
0.00136222
0.00134735
0.00133137
0.00131428
0.0012961
0.00127683
0.0012565
0.00123511
0.00121269
0.00118926
0.00116482
0.0011394
0.00111301
0.00108569
0.00105744
0.0010283
0.000998281
0.000967409
0.000935708
0.000903205
0.000869923
0.00083589
0.000801132
0.000765678
0.000729554
0.00069279
0.000655415
0.000617459
0.000578952
0.000539925
0.000500409
0.000460436
0.000420039
0.000379249
0.000338099
0.000296623
0.000254854
0.000212827
0.000170574
0.00012813
8.55306e-05
4.28093e-05
1.20577e-09
-4.28588e-05
-8.57358e-05
-0.000128595
-0.0001714
-0.000214118
-0.000256712
-0.000299148
-0.000341391
-0.000383406
-0.000425159
-0.000466614
-0.000507739
-0.000548498
-0.000588858
-0.000628786
-0.000668248
-0.000707212
-0.000745645
-0.000783515
-0.00082079
-0.00085744
-0.000893433
-0.000928739
-0.000963329
-0.000997173
-0.00103024
-0.00106251
-0.00109395
-0.00112453
-0.00115423
-0.00118303
-0.00121089
-0.0012378
-0.00126372
-0.00128865
-0.00131255
-0.00133541
-0.0013572
-0.00137791
-0.00139752
-0.00141602
-0.00143338
-0.00144958
-0.00146463
-0.00147849
-0.00149116
-0.00150263
-0.00151289
-0.00152192
-0.00152972
-0.00153628
-0.0015416
-0.00154566
-0.00154846
-0.00155
-0.00155028
-0.00154929
-0.00154703
-0.00154351
-0.00153872
-0.00153267
-0.00152537
-0.0015168
-0.00150699
-0.00149594
-0.00148365
-0.00147013
-0.0014554
-0.00143947
-0.00142233
-0.00140402
-0.00138454
-0.00136391
-0.00134213
-0.00131924
-0.00129524
-0.00127016
-0.00124401
-0.00121681
-0.00118859
-0.00115936
-0.00112916
-0.00109799
-0.0010659
-0.00103289
-0.00099901
-0.00096427
-0.000928702
-0.000892335
-0.000855197
-0.000817317
-0.000778727
-0.000739457
-0.000699537
-0.000659
-0.000617879
-0.000576206
-0.000534014
-0.000491338
-0.000448212
-0.000404671
-0.000360749
-0.000316482
-0.000271907
-0.000227058
-0.000181973
-0.000136688
-9.12397e-05
-4.56651e-05
-1.3719e-09
4.57143e-05
9.14445e-05
0.000137152
0.000182799
0.000228349
0.000273764
0.000319007
0.000364041
0.000408828
0.000453332
0.000497516
0.000541344
0.000584779
0.000627785
0.000670328
0.00071237
0.000753879
0.000794818
0.000835154
0.000874854
0.000913884
0.000952211
0.000989804
0.00102663
0.00106266
0.00109786
0.00113221
0.00116566
0.00119821
0.00122981
0.00126044
0.00129008
0.0013187
0.00134627
0.00137277
0.00139818
0.00142248
0.00144565
0.00146765
0.00148849
0.00150813
0.00152656
0.00154377
0.00155973
0.00157444
0.00158788
0.00160004
0.0016109
0.00162046
0.00162871
0.00163563
0.00164123
0.00164549
0.00164842
0.00165
0.00165024
0.00164912
0.00164666
0.00164286
0.0016377
0.00163121
0.00162337
0.0016142
0.00160371
0.00159189
0.00157875
0.00156432
0.00154859
0.00153158
0.0015133
0.00149376
0.00147298
0.00145098
0.00142777
0.00140336
0.00137779
0.00135106
0.0013232
0.00129422
0.00126416
0.00123304
0.00120087
0.00116769
0.00113352
0.00109838
0.00106231
0.00102533
0.00098748
0.000948779
0.000909261
0.000868957
0.000827901
0.000786124
0.000743659
0.000700542
0.000656806
0.000612487
0.000567619
0.00052224
0.000476386
0.000430093
0.000383399
0.000336342
0.000288959
0.00024129
0.000193372
0.000145246
9.69487e-05
4.85209e-05
1.54875e-09
-4.85697e-05
-9.71532e-05
-0.000145709
-0.000194198
-0.000242581
-0.000290816
-0.000338866
-0.00038669
-0.00043425
-0.000481505
-0.000528418
-0.000574948
-0.000621059
-0.000666712
-0.000711869
-0.000756492
-0.000800545
-0.000843991
-0.000886794
-0.000928918
-0.000970328
-0.00101099
-0.00105087
-0.00108993
-0.00112815
-0.00116548
-0.0012019
-0.00123738
-0.00127188
-0.00130538
-0.00133786
-0.00136927
-0.0013996
-0.00142882
-0.0014569
-0.00148382
-0.00150956
-0.00153409
-0.00155739
-0.00157945
-0.00160024
-0.00161975
-0.00163795
-0.00165484
-0.00167039
-0.00168459
-0.00169744
-0.00170891
-0.00171899
-0.00172769
-0.00173498
-0.00174086
-0.00174533
-0.00174838
-0.00175
-0.0017502
-0.00174896
-0.0017463
-0.00174221
-0.00173669
-0.00172974
-0.00172138
-0.0017116
-0.00170042
-0.00168784
-0.00167386
-0.0016585
-0.00164178
-0.00162369
-0.00160426
-0.0015835
-0.00156143
-0.00153806
-0.0015134
-0.00148749
-0.00146034
-0.00143196
-0.00140239
-0.00137164
-0.00133974
-0.00130671
-0.00127258
-0.00123738
-0.00120113
-0.00116387
-0.00112561
-0.0010864
-0.00104626
-0.00100522
-0.000963325
-0.000920597
-0.000877074
-0.000832791
-0.000787782
-0.000742084
-0.000695733
-0.000648768
-0.000601225
-0.000553142
-0.000504559
-0.000455515
-0.000406049
-0.000356201
-0.000306012
-0.000255522
-0.000204772
-0.000153803
-0.000102658
-5.13767e-05
-1.73631e-09
5.14251e-05
0.000102862
0.000154267
0.000205597
0.000256812
0.000307868
0.000358725
0.00040934
0.000459671
0.000509678
0.000559319
0.000608553
0.00065734
0.000705639
0.00075341
0.000800614
0.000847212
0.000893164
0.000938434
0.000982982
0.00102677
0.00106977
0.00111193
0.00115323
0.00119363
0.0012331
0.00127159
0.00130909
0.00134556
0.00138096
0.00141527
0.00144846
0.0014805
0.00151136
0.00154102
0.00156945
0.00159663
0.00162253
0.00164713
0.00167041
0.00169235
0.00171293
0.00173214
0.00174994
0.00176634
0.00178131
0.00179484
0.00180692
0.00181753
0.00182667
0.00183433
0.0018405
0.00184517
0.00184834
0.00185
0.00185015
0.0018488
0.00184593
0.00184155
0.00183567
0.00182828
0.00181939
0.00180901
0.00179714
0.00178379
0.00176897
0.00175269
0.00173496
0.0017158
0.00169522
0.00167324
0.00164987
0.00162513
0.00159904
0.00157162
0.00154288
0.00151286
0.00148158
0.00144905
0.00141531
0.00138039
0.0013443
0.00130708
0.00126875
0.00122935
0.00118891
0.00114746
0.00110504
0.00106167
0.00101739
0.000972237
0.000926248
0.000879457
0.000831904
0.000783626
0.000734661
0.000685049
0.00063483
0.000584044
0.000532732
0.000480937
0.000428698
0.00037606
0.000323064
0.000269753
0.000216171
0.000162361
0.000108367
5.42325e-05
1.9346e-09
-5.42805e-05
-0.000108571
-0.000162824
-0.000216996
-0.000271043
-0.00032492
-0.000378584
-0.000431989
-0.000485093
-0.000537851
-0.000590221
-0.000642158
-0.000693621
-0.000744566
-0.000794951
-0.000844736
-0.000893878
-0.000942337
-0.000990073
-0.00103705
-0.00108322
-0.00112855
-0.001173
-0.00121653
-0.00125912
-0.00130071
-0.00134129
-0.0013808
-0.00141923
-0.00145653
-0.00149268
-0.00152765
-0.0015614
-0.00159391
-0.00162515
-0.00165509
-0.00168371
-0.00171097
-0.00173687
-0.00176138
-0.00178447
-0.00180612
-0.00182632
-0.00184505
-0.00186229
-0.00187802
-0.00189224
-0.00190492
-0.00191606
-0.00192565
-0.00193368
-0.00194013
-0.001945
-0.0019483
-0.00195
-0.00195011
-0.00194864
-0.00194556
-0.0019409
-0.00193465
-0.00192681
-0.0019174
-0.00190641
-0.00189385
-0.00187973
-0.00186407
-0.00184687
-0.00182815
-0.00180792
-0.00178619
-0.00176298
-0.00173831
-0.0017122
-0.00168467
-0.00165574
-0.00162543
-0.00159376
-0.00156077
-0.00152647
-0.00149089
-0.00145406
-0.00141601
-0.00137677
-0.00133637
-0.00129484
-0.00125222
-0.00120853
-0.00116382
-0.00111811
-0.00107145
-0.00102388
-0.000975421
-0.000926124
-0.000876026
-0.000825167
-0.000773588
-0.00072133
-0.000668435
-0.000614946
-0.000560906
-0.000506359
-0.000451348
-0.000395919
-0.000340116
-0.000283985
-0.00022757
-0.000170919
-0.000114076
-5.70883e-05
-2.1436e-09
5.71359e-05
0.000114279
0.000171381
0.000228395
0.000285274
0.000341972
0.000398443
0.000454639
0.000510515
0.000566024
0.000621122
0.000675763
0.000729901
0.000783493
0.000836493
0.000888858
0.000940545
0.00099151
0.00104171
0.00109111
0.00113966
0.00118732
0.00123406
0.00127983
0.0013246
0.00136833
0.00141098
0.00145252
0.0014929
0.00153211
0.0015701
0.00160684
0.0016423
0.00167646
0.00170927
0.00174072
0.00177078
0.00179942
0.00182661
0.00185234
0.00187658
0.00189931
0.00192051
0.00194015
0.00195824
0.00197474
0.00198964
0.00200293
0.0020146
0.00202463
0.00203302
0.00203976
0.00204484
0.00204826
0.00205
0.00205007
0.00204847
0.0020452
0.00204025
0.00203363
0.00202535
0.00201541
0.00200381
0.00199056
0.00197568
0.00195918
0.00194106
0.00192134
0.00190003
0.00187715
0.00185272
0.00182676
0.00179928
0.00177031
0.00173987
0.00170798
0.00167467
0.00163996
0.00160388
0.00156646
0.00152773
0.00148772
0.00144646
0.00140399
0.00136033
0.00131552
0.00126959
0.0012226
0.00117456
0.00112552
0.00107552
0.00102459
0.000972791
0.000920149
0.000866709
0.000812515
0.000757611
0.00070204
0.000645848
0.000589079
0.000531781
0.000473998
0.000415779
0.000357169
0.000298217
0.00023897
0.000179476
0.000119785
5.99441e-05
2.36332e-09
-5.99913e-05
-0.000119988
-0.000179939
-0.000239794
-0.000299506
-0.000359024
-0.000418301
-0.000477288
-0.000535936
-0.000594197
-0.000652024
-0.000709367
-0.000766182
-0.000822419
-0.000878034
-0.00093298
-0.000987211
-0.00104068
-0.00109335
-0.00114517
-0.0011961
-0.0012461
-0.00129513
-0.00134314
-0.00139009
-0.00143595
-0.00148067
-0.00152423
-0.00156658
-0.00160768
-0.00164751
-0.00168603
-0.0017232
-0.001759
-0.0017934
-0.00182636
-0.00185785
-0.00188786
-0.00191635
-0.0019433
-0.00196869
-0.00199249
-0.00201469
-0.00203526
-0.00205419
-0.00207145
-0.00208704
-0.00210094
-0.00211314
-0.00212362
-0.00213237
-0.0021394
-0.00214468
-0.00214821
-0.00215
-0.00215003
-0.00214831
-0.00214483
-0.0021396
-0.00213262
-0.00212389
-0.00211341
-0.00210121
-0.00208728
-0.00207163
-0.00205428
-0.00203524
-0.00201452
-0.00199214
-0.00196811
-0.00194246
-0.0019152
-0.00188635
-0.00185594
-0.00182399
-0.00179053
-0.00175557
-0.00171915
-0.0016813
-0.00164204
-0.00160141
-0.00155944
-0.00151616
-0.0014716
-0.00142581
-0.00137882
-0.00133066
-0.00128137
-0.001231
-0.00117958
-0.00112716
-0.00107377
-0.00101946
-0.000964271
-0.000908251
-0.000851442
-0.000793892
-0.000735645
-0.00067675
-0.000617253
-0.000557203
-0.000496648
-0.000435638
-0.000374221
-0.000312448
-0.000250369
-0.000188034
-0.000125494
-6.27999e-05
-2.59375e-09
6.28467e-05
0.000125697
0.000188496
0.000251193
0.000313737
0.000376076
0.00043816
0.000499938
0.000561358
0.00062237
0.000682925
0.000742972
0.000802462
0.000861346
0.000919575
0.000977102
0.00103388
0.00108986
0.00114499
0.00119924
0.00125255
0.00130488
0.00135619
0.00140644
0.00145557
0.00150357
0.00155037
0.00159594
0.00164025
0.00168326
0.00172493
0.00176522
0.00180411
0.00184155
0.00187752
0.00191199
0.00194493
0.0019763
0.00200609
0.00203427
0.0020608
0.00208568
0.00210887
0.00213037
0.00215014
0.00216817
0.00218444
0.00219895
0.00221167
0.0022226
0.00223172
0.00223903
0.00224452
0.00224817
0.00225
0.00224999
0.00224815
0.00224446
0.00223895
0.0022316
0.00222242
0.00221142
0.00219861
0.00218399
0.00216758
0.00214939
0.00212943
0.00210771
0.00208425
0.00205908
0.0020322
0.00200364
0.00197343
0.00194158
0.00190812
0.00187307
0.00183647
0.00179834
0.00175871
0.00171761
0.00167508
0.00163115
0.00158585
0.00153922
0.0014913
0.00144212
0.00139172
0.00134015
0.00128745
0.00123365
0.0011788
0.00112294
0.00106613
0.00100839
0.000949792
0.000890369
0.000830173
0.00076925
0.000707652
0.000645426
0.000582625
0.000519298
0.000455497
0.000391274
0.00032668
0.000261769
0.000196592
0.000131203
6.56558e-05
2.83491e-09
-6.5702e-05
-0.000131405
-0.000197053
-0.000262592
-0.000327968
-0.000393128
-0.000458019
-0.000522587
-0.000586779
-0.000650543
-0.000713827
-0.000776577
-0.000838743
-0.000900273
-0.000961117
-0.00102122
-0.00108054
-0.00113903
-0.00119663
-0.0012533
-0.00130899
-0.00136366
-0.00141726
-0.00146974
-0.00152106
-0.00157118
-0.00162006
-0.00166766
-0.00171393
-0.00175883
-0.00180234
-0.00184441
-0.00188501
-0.0019241
-0.00196165
-0.00199763
-0.002032
-0.00206475
-0.00209583
-0.00212523
-0.00215292
-0.00217887
-0.00220306
-0.00222547
-0.00224608
-0.00226488
-0.00228184
-0.00229696
-0.00231021
-0.00232158
-0.00233107
-0.00233866
-0.00234435
-0.00234813
-0.00235
-0.00234995
-0.00234798
-0.0023441
-0.0023383
-0.00233058
-0.00232096
-0.00230943
-0.00229601
-0.00228071
-0.00226353
-0.00224449
-0.00222361
-0.00220089
-0.00217637
-0.00215004
-0.00212194
-0.00209209
-0.0020605
-0.00202721
-0.00199224
-0.00195562
-0.00191737
-0.00187753
-0.00183613
-0.00179319
-0.00174876
-0.00170286
-0.00165555
-0.00160684
-0.00155678
-0.00150542
-0.00145279
-0.00139893
-0.00134389
-0.00128771
-0.00123044
-0.00117212
-0.00111279
-0.00105252
-0.000991334
-0.000929297
-0.000866454
-0.000802855
-0.000738554
-0.0006736
-0.000608047
-0.000541948
-0.000475356
-0.000408326
-0.000340912
-0.000273168
-0.00020515
-0.000136912
-6.85116e-05
-3.08678e-09
6.85574e-05
0.000137114
0.00020561
0.000273991
0.000342199
0.00041018
0.000477878
0.000545236
0.000612201
0.000678716
0.000744728
0.000810182
0.000875023
0.0009392
0.00100266
0.00106535
0.00112721
0.0011882
0.00124827
0.00130737
0.00136544
0.00142244
0.00147832
0.00153304
0.00158655
0.0016388
0.00168975
0.00173937
0.0017876
0.00183441
0.00187975
0.0019236
0.00196591
0.00200665
0.00204577
0.00208326
0.00211908
0.00215319
0.00218557
0.00221619
0.00224503
0.00227205
0.00229724
0.00232058
0.00234203
0.0023616
0.00237924
0.00239496
0.00240874
0.00242056
0.00243042
0.0024383
0.00244419
0.00244809
0.00245
0.00244991
0.00244782
0.00244373
0.00243764
0.00242956
0.00241949
0.00240744
0.00239341
0.00237742
0.00235948
0.0023396
0.00231779
0.00229408
0.00226848
0.002241
0.00221168
0.00218053
0.00214758
0.00211285
0.00207637
0.00203817
0.00199827
0.00195672
0.00191354
0.00186876
0.00182243
0.00177458
0.00172524
0.00167446
0.00162227
0.00156872
0.00151385
0.00145771
0.00140034
0.00134177
0.00128208
0.00122129
0.00115946
0.00109664
0.00103288
0.000968224
0.000902735
0.000836461
0.000769455
0.000701773
0.000633469
0.000564598
0.000495216
0.000425379
0.000355144
0.000284567
0.000213707
0.000142622
7.13675e-05
3.34937e-09
-7.14127e-05
-0.000142822
-0.000214168
-0.00028539
-0.000356431
-0.000427232
-0.000497737
-0.000567886
-0.000637623
-0.000706889
-0.000775629
-0.000843786
-0.000911304
-0.000978126
-0.0010442
-0.00110947
-0.00117388
-0.00123738
-0.00129991
-0.00136143
-0.00142188
-0.00148122
-0.00153939
-0.00159634
-0.00165203
-0.00170642
-0.00175945
-0.00181108
-0.00186127
-0.00190998
-0.00195717
-0.00200279
-0.00204681
-0.00208919
-0.0021299
-0.0021689
-0.00220615
-0.00224163
-0.00227531
-0.00230716
-0.00233714
-0.00236524
-0.00239143
-0.00241568
-0.00243798
-0.00245831
-0.00247665
-0.00249297
-0.00250728
-0.00251954
-0.00252977
-0.00253793
-0.00254403
-0.00254805
-0.00255
-0.00254987
-0.00254766
-0.00254336
-0.00253699
-0.00252854
-0.00251803
-0.00250545
-0.00249081
-0.00247414
-0.00245543
-0.00243471
-0.00241198
-0.00238727
-0.00236059
-0.00233197
-0.00230142
-0.00226897
-0.00223465
-0.00219848
-0.00216049
-0.00212071
-0.00207918
-0.00203591
-0.00199095
-0.00194434
-0.00189611
-0.00184629
-0.00179493
-0.00174208
-0.00168776
-0.00163202
-0.00157492
-0.00151649
-0.00145678
-0.00139584
-0.00133372
-0.00127046
-0.00120613
-0.00114076
-0.00107442
-0.00100715
-0.000939016
-0.000870066
-0.000800357
-0.000729947
-0.000658891
-0.000587248
-0.000515075
-0.000442431
-0.000369375
-0.000295967
-0.000222265
-0.000148331
-7.42234e-05
-3.62267e-09
7.42681e-05
0.000148531
0.000222725
0.000296789
0.000370662
0.000444284
0.000517595
0.000590535
0.000663044
0.000735062
0.000806531
0.000877391
0.000947584
0.00101705
0.00108574
0.00115359
0.00122054
0.00128655
0.00135155
0.00141549
0.00147833
0.00153999
0.00160045
0.00165964
0.00171752
0.00177403
0.00182914
0.00188279
0.00193495
0.00198556
0.00203458
0.00208198
0.00212771
0.00217174
0.00221402
0.00225453
0.00229323
0.00233008
0.00236505
0.00239812
0.00242925
0.00245843
0.00248561
0.00251079
0.00253393
0.00255503
0.00257405
0.00259098
0.00260581
0.00261853
0.00262911
0.00263756
0.00264386
0.00264801
0.00265
0.00264983
0.00264749
0.002643
0.00263634
0.00262753
0.00261656
0.00260346
0.00258822
0.00257085
0.00255138
0.00252981
0.00250616
0.00248045
0.0024527
0.00242293
0.00239116
0.00235742
0.00232173
0.00228412
0.00224462
0.00220326
0.00216008
0.0021151
0.00206837
0.00201992
0.00196978
0.001918
0.00186463
0.00180969
0.00175324
0.00169533
0.00163598
0.00157527
0.00151322
0.0014499
0.00138536
0.00131964
0.00125279
0.00118488
0.00111596
0.00104608
0.000975297
0.000903671
0.000831259
0.00075812
0.000684313
0.000609898
0.000534934
0.000459484
0.000383607
0.000307366
0.000230823
0.00015404
7.70793e-05
3.9067e-09
-7.71234e-05
-0.00015424
-0.000231282
-0.000308187
-0.000384893
-0.000461336
-0.000537454
-0.000613185
-0.000688466
-0.000763235
-0.000837432
-0.000910996
-0.000983865
-0.00105598
-0.00112728
-0.00119771
-0.00126721
-0.00133572
-0.00140319
-0.00146956
-0.00153477
-0.00159877
-0.00166151
-0.00172294
-0.001783
-0.00184165
-0.00189884
-0.00195451
-0.00200862
-0.00206113
-0.002112
-0.00216117
-0.00220861
-0.00225429
-0.00229815
-0.00234017
-0.0023803
-0.00241852
-0.00245479
-0.00248908
-0.00252137
-0.00255161
-0.0025798
-0.00260589
-0.00262988
-0.00265174
-0.00267145
-0.00268899
-0.00270435
-0.00271751
-0.00272846
-0.00273719
-0.0027437
-0.00274797
-0.00275
-0.00274979
-0.00274733
-0.00274263
-0.00273569
-0.00272651
-0.0027151
-0.00270146
-0.00268562
-0.00266757
-0.00264733
-0.00262492
-0.00260035
-0.00257364
-0.00254482
-0.00251389
-0.0024809
-0.00244586
-0.0024088
-0.00236975
-0.00232874
-0.00228581
-0.00224098
-0.00219429
-0.00214578
-0.00209549
-0.00204345
-0.00198972
-0.00193432
-0.00187731
-0.00181873
-0.00175863
-0.00169705
-0.00163405
-0.00156967
-0.00150397
-0.001437
-0.00136881
-0.00129946
-0.00122901
-0.0011575
-0.00108501
-0.00101158
-0.000937276
-0.000862161
-0.000786294
-0.000709735
-0.000632548
-0.000554794
-0.000476536
-0.000397839
-0.000318766
-0.000239381
-0.000159749
-7.99352e-05
-4.20144e-09
7.99787e-05
0.000159948
0.000239839
0.000319586
0.000399124
0.000478388
0.000557313
0.000635834
0.000713887
0.000791408
0.000868334
0.0009446
0.00102015
0.00109491
0.00116882
0.00124183
0.00131388
0.0013849
0.00145483
0.00152362
0.00159121
0.00165755
0.00172258
0.00178624
0.00184849
0.00190927
0.00196853
0.00202622
0.0020823
0.00213671
0.00218941
0.00224036
0.00228952
0.00233683
0.00238227
0.0024258
0.00246738
0.00250696
0.00254453
0.00258005
0.00261348
0.0026448
0.00267398
0.002701
0.00272583
0.00274845
0.00276885
0.002787
0.00280288
0.00281649
0.00282781
0.00283683
0.00284354
0.00284793
0.00285
0.00284975
0.00284717
0.00284226
0.00283504
0.00282549
0.00281363
0.00279947
0.00278302
0.00276428
0.00274328
0.00272002
0.00269453
0.00266683
0.00263693
0.00260486
0.00257064
0.0025343
0.00249588
0.00245539
0.00241287
0.00236836
0.00232188
0.00227348
0.0022232
0.00217107
0.00211713
0.00206143
0.00200402
0.00194493
0.00188422
0.00182193
0.00175811
0.00169283
0.00162611
0.00155803
0.00148864
0.00141798
0.00134613
0.00127313
0.00119904
0.00112393
0.00104786
0.000970881
0.000893063
0.000814468
0.000735158
0.000655198
0.000574653
0.000493589
0.000412071
0.000330165
0.000247939
0.000165458
8.27911e-05
4.5069e-09
-8.2834e-05
-0.000165657
-0.000248396
-0.000330985
-0.000413355
-0.00049544
-0.000577172
-0.000658483
-0.000739309
-0.000819581
-0.000899235
-0.000978205
-0.00105643
-0.00113383
-0.00121036
-0.00128595
-0.00136054
-0.00143407
-0.00150647
-0.00157768
-0.00164766
-0.00171633
-0.00178364
-0.00184954
-0.00191398
-0.00197689
-0.00203822
-0.00209793
-0.00215597
-0.00221228
-0.00226682
-0.00231955
-0.00237042
-0.00241938
-0.0024664
-0.00251144
-0.00255445
-0.00259541
-0.00263427
-0.00267101
-0.00270559
-0.00273798
-0.00276816
-0.0027961
-0.00282178
-0.00284517
-0.00286625
-0.00288501
-0.00290142
-0.00291547
-0.00292716
-0.00293646
-0.00294337
-0.00294789
-0.00295
-0.00294971
-0.002947
-0.0029419
-0.00293438
-0.00292447
-0.00291217
-0.00289748
-0.00288042
-0.002861
-0.00283923
-0.00281513
-0.00278872
-0.00276001
-0.00272904
-0.00269582
-0.00266038
-0.00262275
-0.00258295
-0.00254102
-0.002497
-0.0024509
-0.00240278
-0.00235267
-0.00230061
-0.00224664
-0.0021908
-0.00213314
-0.00207371
-0.00201255
-0.0019497
-0.00188523
-0.00181918
-0.0017516
-0.00168256
-0.0016121
-0.00154028
-0.00146716
-0.00139279
-0.00131725
-0.00124058
-0.00116286
-0.00108414
-0.00100449
-0.000923965
-0.000842641
-0.00076058
-0.000677848
-0.000594512
-0.000510641
-0.000426302
-0.000341564
-0.000256496
-0.000171167
-8.5647e-05
-4.82308e-09
8.56893e-05
0.000171365
0.000256954
0.000342384
0.000427587
0.000512492
0.00059703
0.000681133
0.00076473
0.000847754
0.000930137
0.00101181
0.00109271
0.00117276
0.00125191
0.00133008
0.00140721
0.00148324
0.00155811
0.00163175
0.0017041
0.00177511
0.00184471
0.00191284
0.00197946
0.0020445
0.00210792
0.00216965
0.00222964
0.00228786
0.00234424
0.00239874
0.00245132
0.00250193
0.00255053
0.00259707
0.00264152
0.00268385
0.00272401
0.00276197
0.0027977
0.00283117
0.00286235
0.00289121
0.00291773
0.00294188
0.00296365
0.00298301
0.00299995
0.00301446
0.00302651
0.00303609
0.00304321
0.00304785
0.00305
0.00304967
0.00304684
0.00304153
0.00303373
0.00302346
0.0030107
0.00299549
0.00297782
0.00295771
0.00293518
0.00291023
0.0028829
0.0028532
0.00282115
0.00278678
0.00275012
0.00271119
0.00267003
0.00262666
0.00258112
0.00253345
0.00248369
0.00243186
0.00237803
0.00232222
0.00226448
0.00220486
0.0021434
0.00208016
0.00201519
0.00194853
0.00188024
0.00181038
0.001739
0.00166616
0.00159192
0.00151633
0.00143946
0.00136137
0.00128213
0.00120179
0.00112042
0.00103809
0.000954867
0.000870815
0.000786002
0.000700498
0.000614372
0.000527694
0.000440534
0.000352964
0.000265054
0.000176877
8.85029e-05
5.14998e-09
-8.85446e-05
-0.000177074
-0.000265511
-0.000353783
-0.000441818
-0.000529544
-0.000616889
-0.000703782
-0.000790152
-0.000875927
-0.000961038
-0.00104541
-0.00112899
-0.00121169
-0.00129345
-0.0013742
-0.00145388
-0.00153241
-0.00160975
-0.00168581
-0.00176055
-0.00183389
-0.00190577
-0.00197615
-0.00204495
-0.00211212
-0.00217761
-0.00224136
-0.00230332
-0.00236343
-0.00242165
-0.00247793
-0.00253222
-0.00258447
-0.00263465
-0.00268271
-0.0027286
-0.00277229
-0.00281375
-0.00285293
-0.00288981
-0.00292436
-0.00295653
-0.00298632
-0.00301368
-0.0030386
-0.00306105
-0.00308102
-0.00309849
-0.00311344
-0.00312585
-0.00313573
-0.00314305
-0.00314781
-0.00315
-0.00314962
-0.00314668
-0.00314116
-0.00313308
-0.00312244
-0.00310924
-0.0030935
-0.00307522
-0.00305443
-0.00303113
-0.00300534
-0.00297709
-0.00294639
-0.00291326
-0.00287775
-0.00283986
-0.00279963
-0.0027571
-0.00271229
-0.00266525
-0.002616
-0.00256459
-0.00251105
-0.00245544
-0.00239779
-0.00233815
-0.00227657
-0.0022131
-0.00214778
-0.00208068
-0.00201183
-0.00194131
-0.00186916
-0.00179545
-0.00172023
-0.00164356
-0.0015655
-0.00148613
-0.00140549
-0.00132367
-0.00124072
-0.0011567
-0.0010717
-0.000985769
-0.000898988
-0.000811424
-0.000723148
-0.000634231
-0.000544746
-0.000454766
-0.000364363
-0.000273612
-0.000182586
-9.13589e-05
-5.48759e-09
9.13998e-05
0.000182783
0.000274068
0.000365182
0.000456049
0.000546596
0.000636748
0.000726432
0.000815573
0.0009041
0.000991939
0.00107902
0.00116527
0.00125061
0.00133499
0.00141832
0.00150054
0.00158159
0.00166139
0.00173988
0.00181699
0.00189266
0.00196684
0.00203945
0.00211043
0.00217974
0.0022473
0.00231307
0.00237699
0.00243901
0.00249907
0.00255712
0.00261312
0.00266702
0.00271878
0.00276834
0.00281567
0.00286074
0.00290349
0.0029439
0.00298193
0.00301754
0.00305072
0.00308142
0.00310963
0.00313531
0.00315845
0.00317903
0.00319702
0.00321242
0.0032252
0.00323536
0.00324288
0.00324777
0.00325
0.00324958
0.00324652
0.0032408
0.00323243
0.00322142
0.00320778
0.00319151
0.00317262
0.00315114
0.00312708
0.00310045
0.00307127
0.00303957
0.00300538
0.00296871
0.0029296
0.00288808
0.00284418
0.00279793
0.00274937
0.00269855
0.00264549
0.00259024
0.00253285
0.00247337
0.00241183
0.00234828
0.00228279
0.0022154
0.00214616
0.00207513
0.00200237
0.00192794
0.00185189
0.00177429
0.0016952
0.00161468
0.0015328
0.00144962
0.00136521
0.00127964
0.00119298
0.0011053
0.00101667
0.000927162
0.000836846
0.000745798
0.00065409
0.000561799
0.000468998
0.000375763
0.00028217
0.000188295
9.42148e-05
5.83593e-09
-9.42551e-05
-0.000188491
-0.000282625
-0.00037658
-0.00047028
-0.000563648
-0.000656607
-0.000749081
-0.000840995
-0.000932273
-0.00102284
-0.00111262
-0.00120155
-0.00128954
-0.00137653
-0.00146244
-0.00154721
-0.00163076
-0.00171303
-0.00179394
-0.00187343
-0.00195144
-0.0020279
-0.00210275
-0.00217592
-0.00224736
