-0.285672 0.391109 0.036276 0.087266 0.000000 3.141590 0.004449 -0.032819 -0.031399 0.000000
-0.285672 0.391109 0.036276 0.087266 0.000000 3.141590 0.004449 -0.032819 -0.031399 0.000000
-0.285672 0.391109 0.036276 0.087266 0.000000 3.141590 0.004449 -0.032819 -0.031399 0.000000
-0.285672 0.391109 0.036276 0.087266 0.000000 3.141590 -0.003245 -0.030575 -0.025477 0.000000
-0.285672 0.391109 0.036276 0.087267 0.000000 3.141590 -0.010342 -0.028501 -0.020015 0.000000
-0.285672 0.391109 0.036276 0.087267 0.000000 3.141590 -0.015300 -0.027055 -0.016199 0.000000
-0.285672 0.391109 0.036276 0.087267 0.000000 3.141590 -0.012813 -0.025037 -0.011020 0.000000
-0.285672 0.391108 0.036275 0.087267 0.000000 3.141590 0.006105 -0.019365 -0.005840 0.000000
-0.285673 0.391107 0.036274 0.087268 0.000000 3.141590 0.006105 -0.019365 -0.005840 0.000000
-0.285673 0.391105 0.036271 0.087268 0.000000 3.141590 0.012385 -0.014480 -0.010478 0.000000
-0.285672 0.391102 0.036267 0.087266 -0.000000 3.141590 0.014785 -0.011005 -0.010207 0.000000
-0.285671 0.391098 0.036261 0.087264 -0.000000 3.141590 0.013527 -0.017933 -0.002084 0.000000
-0.285670 0.391086 0.036211 0.087262 -0.000000 3.141590 0.017097 -0.021477 0.002069 0.000000
-0.285672 0.391083 0.036193 0.087267 0.000000 3.141590 0.022516 -0.015850 0.000113 0.000000
-0.285674 0.391080 0.036175 0.087272 0.000000 3.141590 0.032333 -0.021904 0.005674 0.000000
-0.285677 0.391078 0.036155 0.087277 0.000000 3.141590 0.044350 -0.040007 0.018479 0.000000
-0.285679 0.391076 0.036135 0.087281 0.000000 3.141590 0.055434 -0.056712 0.030289 0.000000
-0.285680 0.391075 0.036115 0.087284 0.000000 3.141590 0.065657 -0.072148 0.041185 0.000000
-0.285680 0.391073 0.036095 0.087283 0.000000 3.141590 0.069976 -0.082830 0.051307 0.000000
-0.285678 0.391071 0.036073 0.087280 0.000000 3.141590 0.059235 -0.082361 0.060846 0.000000
-0.285675 0.391068 0.036051 0.087274 0.000000 3.141590 0.051730 -0.082105 0.067517 0.000000
-0.285672 0.391065 0.036029 0.087266 -0.000000 3.141590 0.038926 -0.075675 0.078172 0.000000
-0.285668 0.391061 0.036006 0.087258 -0.000000 3.141590 0.026004 -0.067815 0.088758 0.000000
-0.285664 0.391057 0.035983 0.087249 -0.000000 3.141590 0.030485 -0.067327 0.074015 0.000000
-0.285656 0.391049 0.035913 0.087232 -0.000000 3.141590 0.027352 -0.055945 0.070911 0.000000
-0.285656 0.391049 0.035913 0.087232 -0.000000 3.141590 0.027352 -0.055945 0.070911 0.000000
-0.285658 0.391048 0.035868 0.087236 -0.000000 3.141590 0.003073 -0.040903 0.088728 0.000000
-0.285658 0.391048 0.035868 0.087236 -0.000000 3.141590 0.003073 -0.040903 0.088728 0.000000
-0.285666 0.391048 0.035826 0.087254 -0.000000 3.141590 -0.013997 -0.025256 0.101517 0.000000
-0.285666 0.391048 0.035826 0.087254 -0.000000 3.141590 -0.013997 -0.025256 0.101517 0.000000
-0.285672 0.391048 0.035806 0.087267 0.000000 3.141590 -0.018669 -0.016760 0.105879 0.000000
-0.285678 0.391048 0.035787 0.087280 0.000000 3.141590 -0.022977 -0.008889 0.109899 0.000000
-0.285684 0.391046 0.035768 0.087293 0.000000 3.141590 -0.026951 -0.001609 0.113605 0.000000
-0.285690 0.391043 0.035748 0.087305 0.000000 3.141590 -0.034665 -0.003924 0.110706 0.000000
-0.285695 0.391040 0.035728 0.087316 0.000000 3.141590 -0.043076 -0.008966 0.106011 0.000000
-0.285698 0.391035 0.035707 0.087324 0.000000 3.141590 -0.076874 -0.005729 0.109556 0.000000
-0.285696 0.391017 0.035622 0.087319 0.000000 3.141590 -0.125597 -0.068320 0.139084 0.000000
-0.285696 0.391017 0.035622 0.087319 0.000000 3.141590 -0.125597 -0.068320 0.139084 0.000000
-0.285692 0.391015 0.035600 0.087311 0.000000 3.141590 -0.134749 -0.093536 0.137092 0.000000
-0.285684 0.391014 0.035559 0.087293 0.000000 3.141590 -0.097031 -0.108239 0.146949 0.000000
-0.285681 0.391016 0.035539 0.087286 0.000000 3.141590 -0.032685 -0.078357 0.163003 0.000000
-0.285678 0.391020 0.035521 0.087280 0.000000 3.141590 -0.014119 -0.087068 0.167546 0.000000
-0.285677 0.391024 0.035502 0.087276 0.000000 3.141590 -0.030816 -0.119544 0.163252 0.000000
-0.285676 0.391029 0.035484 0.087277 0.000000 3.141590 -0.051560 -0.159807 0.157910 0.000000
-0.285678 0.391034 0.035466 0.087281 0.000000 3.141590 -0.070694 -0.196865 0.152977 0.000000
-0.285679 0.391038 0.035447 0.087289 0.000000 3.141590 -0.084466 -0.211864 0.193399 0.000000
-0.285682 0.391041 0.035426 0.087299 0.000000 3.141590 -0.086004 -0.170586 0.360282 0.000000
-0.285682 0.391041 0.035426 0.087299 0.000000 3.141590 -0.086004 -0.170586 0.360282 0.000000
-0.285687 0.391044 0.035362 0.087338 0.000000 3.141590 -0.110893 -0.069942 0.867603 0.000000
-0.285687 0.391041 0.035340 0.087350 0.000000 3.141590 -0.122333 -0.049463 1.026400 0.000000
-0.285683 0.391033 0.035296 0.087368 0.000000 3.141590 -0.133712 -0.015009 1.343573 0.000000
-0.285683 0.391033 0.035296 0.087368 0.000000 3.141590 -0.133712 -0.015009 1.343573 0.000000
-0.285679 0.391028 0.035273 0.087373 0.000000 3.141590 -0.136693 -0.003149 1.457280 0.000000
-0.285675 0.391023 0.035251 0.087372 0.000000 3.141590 -0.137048 0.020989 1.620617 0.000000
-0.285671 0.391019 0.035230 0.087367 0.000000 3.141590 -0.127724 0.070557 1.834836 0.000000
-0.285668 0.391016 0.035209 0.087358 0.000000 3.141590 -0.119124 0.116180 2.032423 0.000000
-0.285665 0.391014 0.035189 0.087344 0.000000 3.141590 -0.115276 0.152521 2.223285 0.000000
-0.285663 0.391016 0.035150 0.087311 0.000000 3.141590 -0.109248 0.209209 2.522339 0.000000
-0.285664 0.391018 0.035132 0.087292 0.000000 3.141590 -0.106168 0.238150 2.675161 0.000000
-0.285666 0.391022 0.035115 0.087274 0.000000 3.141590 -0.110700 0.265114 2.880778 0.000000
-0.285673 0.391033 0.035068 0.087227 -0.000000 3.141590 -0.172718 0.365355 3.682575 0.000000
-0.285674 0.391034 0.035055 0.087218 -0.000000 3.141590 -0.204247 0.417356 4.041483 0.789582
-0.285674 0.391034 0.035041 0.087212 -0.000000 3.141590 -0.237573 0.469512 4.415866 1.414427
-0.285673 0.391032 0.035029 0.087212 -0.000000 3.141590 -0.268809 0.524668 4.768711 1.951272
-0.285670 0.391028 0.035018 0.087216 -0.000000 3.141590 -0.297778 0.577854 5.096559 2.430349
-0.285666 0.391022 0.035008 0.087224 -0.000000 3.141590 -0.324497 0.626984 5.398934 2.867533
-0.285662 0.391016 0.034998 0.087235 -0.000000 3.141590 -0.360348 0.694854 5.744798 3.272450
-0.285658 0.391008 0.034990 0.087247 -0.000000 3.141590 -0.446251 0.850159 6.601703 3.651484
-0.285651 0.390989 0.034976 0.087273 0.000000 3.141590 -0.484671 0.909137 7.025375 4.009133
-0.285646 0.390978 0.034972 0.087286 0.000000 3.141590 -0.520107 0.963536 7.416137 4.348715
-0.285641 0.390966 0.034971 0.087296 0.000000 3.141590 -0.544865 1.001581 7.689154 4.672763
-0.285619 0.390931 0.034984 0.087308 0.000000 3.141590 -0.607042 1.004590 8.680451 4.983261
-0.285609 0.390922 0.034994 0.087305 0.000000 3.141590 -0.545579 0.943140 8.981289 5.281803
-0.285599 0.390914 0.035005 0.087299 0.000000 3.141590 -0.502636 0.900134 9.191487 5.569688
-0.285589 0.390909 0.035019 0.087291 0.000000 3.141590 -0.449392 0.810791 9.415016 5.847997
-0.285589 0.390909 0.035019 0.087291 0.000000 3.141590 -0.449392 0.810791 9.415016 6.117637
-0.285579 0.390905 0.035033 0.087283 0.000000 3.141590 -0.397656 0.728558 9.624303 6.379378
-0.285570 0.390904 0.035050 0.087274 0.000000 3.141590 -0.338925 0.650538 9.811211 6.633884
-0.285562 0.390905 0.035067 0.087266 -0.000000 3.141590 -0.284755 0.578583 9.983600 6.881729
-0.285552 0.390918 0.035107 0.087257 -0.000000 3.141590 -0.198429 0.465433 10.189675 7.123416
-0.285551 0.390928 0.035128 0.087256 -0.000000 3.141590 -0.153995 0.407596 10.280936 7.359385
-0.285551 0.390928 0.035128 0.087256 -0.000000 3.141590 -0.153995 0.407596 10.280936 7.590027
-0.285552 0.390941 0.035150 0.087259 -0.000000 3.141590 -0.110615 0.388704 10.306921 7.815692
-0.285590 0.391013 0.035240 0.087278 0.000000 3.141590 0.043736 0.333825 10.322132 8.036690
-0.285607 0.391034 0.035262 0.087280 0.000000 3.141590 0.110220 0.327720 10.216557 8.253301
-0.285626 0.391056 0.035282 0.087280 0.000000 3.141590 0.162895 0.331222 10.067792 8.465779
-0.285646 0.391079 0.035301 0.087279 0.000000 3.141590 0.203177 0.343229 9.881227 8.674353
-0.285646 0.391079 0.035301 0.087279 0.000000 3.141590 0.203177 0.343229 9.881227 8.879232
-0.285668 0.391100 0.035319 0.087276 0.000000 3.141590 0.215452 0.356966 9.757205 9.080607
-0.285690 0.391122 0.035335 0.087274 0.000000 3.141590 0.184951 0.407843 9.628737 9.278654
-0.285713 0.391141 0.035349 0.087272 0.000000 3.141590 0.181744 0.446954 9.490880 9.473532
-0.285736 0.391159 0.035360 0.087272 0.000000 3.141590 0.186763 0.480554 9.357530 9.665391
-0.285758 0.391175 0.035368 0.087275 0.000000 3.141590 0.191393 0.511588 9.234534 9.854366
-0.285800 0.391197 0.035376 0.087284 0.000000 3.141590 0.150874 0.588693 8.886994 10.040586
-0.285850 0.391207 0.035366 0.087296 0.000000 3.141590 -0.003835 0.663179 8.355499 10.224168
-0.285861 0.391205 0.035358 0.087296 0.000000 3.141590 -0.053042 0.681511 8.205135 10.405221
-0.285869 0.391201 0.035348 0.087293 0.000000 3.141590 -0.087423 0.694258 8.100083 10.583848
-0.285869 0.391201 0.035348 0.087293 0.000000 3.141590 -0.087423 0.694258 8.100083 10.760144
-0.285874 0.391195 0.035337 0.087287 0.000000 3.141590 -0.146725 0.729920 7.950573 10.934199
-0.285874 0.391187 0.035325 0.087279 0.000000 3.141590 -0.201421 0.762769 7.812680 11.106096
-0.285862 0.391169 0.035300 0.087261 -0.000000 3.141590 -0.201986 0.697417 7.657067 11.275914
-0.285862 0.391169 0.035300 0.087261 -0.000000 3.141590 -0.241391 0.698153 7.651080 11.443727
-0.285850 0.391160 0.035286 0.087254 -0.000000 3.141590 -0.241391 0.698153 7.651080 11.609605
-0.285835 0.391149 0.035273 0.087247 -0.000000 3.141590 -0.263791 0.694660 7.654028 11.773614
-0.285817 0.391139 0.035259 0.087244 -0.000000 3.141590 -0.278986 0.675154 7.671456 11.935814
-0.285699 0.391102 0.035198 0.087279 0.000000 3.141590 -0.248213 0.583306 7.815093 12.096267
-0.285699 0.391102 0.035198 0.087279 0.000000 3.141590 -0.225243 0.562567 7.847053 12.255026
-0.285672 0.391101 0.035191 0.087292 0.000000 3.141590 -0.225243 0.562567 7.847053 12.412145
-0.285646 0.391103 0.035186 0.087306 0.000000 3.141590 -0.204056 0.543458 7.876529 12.567673
-0.285620 0.391109 0.035183 0.087318 0.000000 3.141590 -0.184515 0.525836 7.903715 12.721658
-0.285594 0.391118 0.035183 0.087328 0.000000 3.141590 -0.148001 0.518520 7.958818 12.874146
-0.285570 0.391130 0.035185 0.087336 0.000000 3.141590 -0.087998 0.512506 8.050412 13.025179
-0.285548 0.391145 0.035189 0.087340 0.000000 3.141590 -0.027306 0.515370 8.150047 13.174799
-0.285528 0.391163 0.035194 0.087340 0.000000 3.141590 0.044084 0.542336 8.285612 13.323044
-0.285495 0.391206 0.035205 0.087325 0.000000 3.141590 0.196350 0.636957 8.500233 13.469952
-0.285483 0.391229 0.035212 0.087312 0.000000 3.141590 0.255076 0.672196 8.558194 13.615558
-0.285471 0.391302 0.035236 0.087260 -0.000000 3.141590 0.427728 0.830979 8.775615 13.759897
-0.285477 0.391325 0.035244 0.087242 -0.000000 3.141590 0.448112 0.911816 8.854143 13.903001
-0.285477 0.391325 0.035244 0.087242 -0.000000 3.141590 0.448112 0.911816 8.854143 14.044902
-0.285486 0.391347 0.035252 0.087224 -0.000000 3.141590 0.461295 0.968518 8.944348 14.185629
-0.285500 0.391367 0.035259 0.087208 -0.000000 3.141590 0.476995 1.039281 9.079030 14.325211
-0.285518 0.391385 0.035266 0.087195 -0.000000 3.141590 0.491475 1.104575 9.203249 14.463676
-0.285562 0.391411 0.035280 0.087180 -0.000000 3.141590 0.504420 1.212551 9.402404 14.601050
-0.285562 0.391411 0.035280 0.087180 -0.000000 3.141590 0.504420 1.212551 9.402404 14.737359
-0.285588 0.391418 0.035287 0.087180 -0.000000 3.141590 0.467365 1.233710 9.419703 14.872628
-0.285616 0.391421 0.035294 0.087184 -0.000000 3.141590 0.441474 1.248577 9.431782 15.006879
-0.285646 0.391420 0.035301 0.087192 -0.000000 3.141590 0.377186 1.265605 9.455021 15.140135
-0.285773 0.391363 0.035326 0.087241 -0.000000 3.141590 0.150864 1.307871 9.405356 15.272418
-0.285805 0.391337 0.035330 0.087254 -0.000000 3.141590 0.108929 1.298075 9.392619 15.403750
-0.285836 0.391307 0.035333 0.087264 -0.000000 3.141590 0.055376 1.271154 9.350657 15.534151
-0.285836 0.391307 0.035333 0.087264 -0.000000 3.141590 0.055376 1.271154 9.350657 15.663640
-0.285866 0.391273 0.035334 0.087272 0.000000 3.141590 0.001799 1.204047 9.236624 15.792236
-0.285894 0.391237 0.035333 0.087276 0.000000 3.141590 -0.047615 1.142095 9.131452 15.919957
-0.285920 0.391199 0.035330 0.087276 0.000000 3.141590 -0.107641 1.021972 8.971003 16.046821
-0.285965 0.391116 0.035322 0.087267 0.000000 3.141590 -0.201685 0.833585 8.719638 16.172846
-0.285965 0.391116 0.035322 0.087267 0.000000 3.141590 -0.201685 0.833585 8.719638 16.298047
-0.285982 0.391073 0.035317 0.087259 -0.000000 3.141590 -0.249743 0.737258 8.591191 16.422440
-0.285996 0.391028 0.035311 0.087250 -0.000000 3.141590 -0.275603 0.667710 8.470557 16.546042
-0.286006 0.390845 0.035281 0.087224 -0.000000 3.141590 -0.278546 0.468346 8.124313 16.668867
-0.285996 0.390799 0.035272 0.087225 -0.000000 3.141590 -0.284535 0.411812 8.089717 16.790929
-0.285980 0.390754 0.035263 0.087229 -0.000000 3.141590 -0.287150 0.362021 8.066442 16.912243
-0.285980 0.390754 0.035263 0.087229 -0.000000 3.141590 -0.287150 0.362021 8.066442 17.032822
-0.285959 0.390710 0.035254 0.087237 -0.000000 3.141590 -0.288631 0.316901 8.047733 17.152680
-0.285934 0.390667 0.035245 0.087247 -0.000000 3.141590 -0.289996 0.275349 8.030472 17.271829
-0.285905 0.390627 0.035236 0.087260 -0.000000 3.141590 -0.255770 0.243105 8.050435 17.390281
-0.285835 0.390556 0.035219 0.087286 0.000000 3.141590 -0.189154 0.163434 8.115202 17.508050
-0.285796 0.390526 0.035211 0.087298 0.000000 3.141590 -0.181457 0.124438 8.168470 17.625146
-0.285796 0.390526 0.035211 0.087298 0.000000 3.141590 -0.181457 0.124438 8.168470 17.741581
-0.285754 0.390500 0.035203 0.087309 0.000000 3.141590 -0.174357 0.088456 8.217602 17.857366
-0.285571 0.390450 0.035179 0.087318 0.000000 3.141590 -0.048207 0.047066 8.494571 17.972512
-0.285523 0.390453 0.035177 0.087312 0.000000 3.141590 0.019759 0.057678 8.589978 18.087029
-0.285475 0.390462 0.035177 0.087304 0.000000 3.141590 0.067246 0.065023 8.656643 18.200928
-0.285428 0.390478 0.035179 0.087295 0.000000 3.141590 0.129380 0.121609 8.828232 18.314219
-0.285381 0.390500 0.035183 0.087286 0.000000 3.141590 0.194208 0.169502 8.988071 18.426910
-0.285336 0.390527 0.035188 0.087279 0.000000 3.141590 0.268742 0.204682 9.128912 18.539012
-0.285292 0.390558 0.035194 0.087272 0.000000 3.141590 0.337486 0.237153 9.258812 18.650534
-0.285251 0.390594 0.035201 0.087269 0.000000 3.141590 0.404876 0.276703 9.382957 18.761485
-0.285212 0.390633 0.035207 0.087269 0.000000 3.141590 0.460660 0.325242 9.479166 18.871873
-0.285175 0.390675 0.035215 0.087271 0.000000 3.141590 0.529967 0.385601 9.598691 18.981707
-0.285113 0.390769 0.035231 0.087281 0.000000 3.141590 0.625788 0.573761 9.795149 19.090995
-0.285051 0.390928 0.035259 0.087293 0.000000 3.141590 0.724177 0.794933 10.026385 19.199745
-0.285040 0.390984 0.035270 0.087292 0.000000 3.141590 0.738454 0.875510 10.111229 19.307966
-0.285035 0.391042 0.035280 0.087289 0.000000 3.141590 0.736496 0.947474 10.144131 19.415664
-0.285037 0.391101 0.035291 0.087283 0.000000 3.141590 0.720164 1.011588 10.130924 19.522847
-0.285044 0.391159 0.035300 0.087275 0.000000 3.141590 0.704170 1.074103 10.095630 19.629523
-0.285044 0.391159 0.035300 0.087275 0.000000 3.141590 0.697173 1.116101 10.047308 19.735699
-0.285058 0.391218 0.035309 0.087266 0.000000 3.141590 0.697173 1.116101 10.047308 19.841382
-0.285078 0.391275 0.035318 0.087258 -0.000000 3.141590 0.681387 1.173081 9.973891 19.946579
-0.285103 0.391332 0.035327 0.087250 -0.000000 3.141590 0.664558 1.227163 9.901895 20.051295
-0.285132 0.391386 0.035337 0.087244 -0.000000 3.141590 0.649035 1.277067 9.835489 20.155538
-0.285167 0.391438 0.035346 0.087241 -0.000000 3.141590 0.621014 1.285319 9.660831 20.259315
-0.285341 0.391612 0.035381 0.087263 -0.000000 3.141590 0.400302 1.296531 8.904194 20.362631
-0.285392 0.391646 0.035387 0.087276 0.000000 3.141590 0.336748 1.302406 8.726547 20.465492
-0.285444 0.391674 0.035391 0.087289 0.000000 3.141590 0.272691 1.293221 8.541307 20.567905
-0.285444 0.391674 0.035391 0.087289 0.000000 3.141590 0.272691 1.293221 8.541307 20.669875
-0.285499 0.391698 0.035392 0.087302 0.000000 3.141590 0.216060 1.254924 8.365187 20.771408
-0.285554 0.391717 0.035392 0.087314 0.000000 3.141590 0.145702 1.207265 8.146382 20.872509
-0.285667 0.391738 0.035383 0.087333 0.000000 3.141590 0.107700 1.117067 7.653307 20.973185
-0.285724 0.391739 0.035377 0.087337 0.000000 3.141590 0.065903 1.090247 7.441177 21.073439
-0.285724 0.391739 0.035377 0.087337 0.000000 3.141590 0.065903 1.090247 7.441177 21.173279
-0.285781 0.391734 0.035369 0.087337 0.000000 3.141590 0.027601 1.062589 7.238810 21.272708
-0.285836 0.391724 0.035359 0.087331 0.000000 3.141590 0.004116 1.038315 7.093015 21.371732
-0.286088 0.391593 0.035299 0.087257 -0.000000 3.141590 -0.092609 0.772556 6.414569 21.470355
-0.286088 0.391593 0.035299 0.087257 -0.000000 3.141590 -0.092609 0.772556 6.414569 21.568583
-0.286088 0.391593 0.035299 0.087257 -0.000000 3.141590 -0.092609 0.772556 6.414569 21.666420
-0.286130 0.391554 0.035285 0.087238 -0.000000 3.141590 -0.125671 0.721804 6.392006 21.763871
-0.286203 0.391463 0.035259 0.087205 -0.000000 3.141590 -0.204635 0.600799 6.338100 21.860941
-0.286232 0.391413 0.035247 0.087191 -0.000000 3.141590 -0.226478 0.533957 6.414802 21.957633
-0.286232 0.391413 0.035247 0.087191 -0.000000 3.141590 -0.226478 0.533957 6.414802 22.053953
-0.286257 0.391360 0.035235 0.087182 -0.000000 3.141590 -0.242430 0.468092 6.517729 22.149903
-0.286277 0.391304 0.035223 0.087177 -0.000000 3.141590 -0.266323 0.418739 6.616085 22.245490
-0.286291 0.391246 0.035210 0.087176 -0.000000 3.141590 -0.289693 0.392562 6.687295 22.340717
-0.286298 0.391187 0.035198 0.087181 -0.000000 3.141590 -0.314001 0.340155 6.808073 22.435587
-0.286239 0.390878 0.035144 0.087238 -0.000000 3.141590 -0.322717 0.170598 7.593037 22.530105
-0.286210 0.390818 0.035137 0.087250 -0.000000 3.141590 -0.301038 0.141150 7.799386 22.624275
-0.286210 0.390818 0.035137 0.087250 -0.000000 3.141590 -0.301038 0.141150 7.799386 22.718101
-0.286176 0.390761 0.035133 0.087260 -0.000000 3.141590 -0.278676 0.105878 8.027649 22.811586
-0.286137 0.390705 0.035131 0.087268 0.000000 3.141590 -0.255779 0.065536 8.274622 22.904733
-0.286047 0.390603 0.035133 0.087275 0.000000 3.141590 -0.219906 0.002224 8.661573 22.997548
-0.286047 0.390603 0.035133 0.087275 0.000000 3.141590 -0.219906 0.002224 8.661573 23.090033
-0.285997 0.390557 0.035136 0.087275 0.000000 3.141590 -0.201574 -0.030191 8.859316 23.182191
-0.285945 0.390515 0.035140 0.087275 0.000000 3.141590 -0.148824 -0.038166 9.072179 23.274027
-0.285889 0.390478 0.035146 0.087274 0.000000 3.141590 -0.100171 -0.045523 9.268508 23.365543
-0.285773 0.390415 0.035159 0.087276 0.000000 3.141590 0.006411 -0.078185 9.602861 23.456743
-0.285591 0.390362 0.035185 0.087282 0.000000 3.141590 0.168042 -0.017117 9.936457 23.547630
-0.285530 0.390357 0.035194 0.087282 0.000000 3.141590 0.218592 -0.006532 10.032941 23.638207
-0.285469 0.390360 0.035202 0.087279 0.000000 3.141590 0.276969 0.010010 10.109075 23.728477
-0.285469 0.390360 0.035202 0.087279 0.000000 3.141590 0.343413 0.036411 10.134202 23.818445
-0.285409 0.390370 0.035210 0.087275 0.000000 3.141590 0.343413 0.036411 10.134202 23.908111
-0.285350 0.390387 0.035217 0.087270 0.000000 3.141590 0.425963 0.069214 10.165419 23.997481
-0.285292 0.390410 0.035225 0.087265 -0.000000 3.141590 0.466088 0.114774 10.165247 24.086556
-0.285237 0.390440 0.035232 0.087261 -0.000000 3.141590 0.503097 0.156805 10.165087 24.175339
-0.285184 0.390475 0.035240 0.087258 -0.000000 3.141590 0.537231 0.195599 10.164937 24.263833
-0.285088 0.390559 0.035256 0.087262 -0.000000 3.141590 0.597083 0.298993 10.154610 24.352042
-0.285088 0.390559 0.035256 0.087262 -0.000000 3.141590 0.597083 0.298993 10.154610 24.439967
-0.284943 0.390776 0.035284 0.087293 0.000000 3.141590 0.706664 0.619080 10.019161 24.527612
-0.284919 0.390838 0.035289 0.087301 0.000000 3.141590 0.733148 0.733998 10.004638 24.614979
-0.284919 0.390838 0.035289 0.087301 0.000000 3.141590 0.733148 0.733998 10.004638 24.702071
-0.284900 0.390903 0.035294 0.087307 0.000000 3.141590 0.754296 0.839818 9.997733 24.788891
-0.284888 0.390971 0.035297 0.087310 0.000000 3.141590 0.772752 0.937330 9.993445 24.875440
-0.284884 0.391112 0.035301 0.087306 0.000000 3.141590 0.764049 1.065165 9.954571 24.961722
-0.284892 0.391184 0.035301 0.087298 0.000000 3.141590 0.707999 1.096431 9.890586 25.047738
-0.284908 0.391258 0.035301 0.087287 0.000000 3.141590 0.666891 1.148836 9.807911 25.133493
-0.284908 0.391258 0.035301 0.087287 0.000000 3.141590 0.666891 1.148836 9.807911 25.218986
-0.284930 0.391331 0.035301 0.087275 0.000000 3.141590 0.639145 1.219816 9.708934 25.304222
-0.284958 0.391405 0.035301 0.087262 -0.000000 3.141590 0.613554 1.285247 9.617648 25.389203
-0.285176 0.391749 0.035320 0.087214 -0.000000 3.141590 0.401391 1.414777 9.179601 25.473930
-0.285176 0.391749 0.035320 0.087214 -0.000000 3.141590 0.401391 1.414777 9.179601 25.558406
-0.285233 0.391809 0.035326 0.087214 -0.000000 3.141590 0.355396 1.424413 9.077507 25.642633
-0.285293 0.391866 0.035333 0.087219 -0.000000 3.141590 0.292130 1.429497 9.015595 25.726614
-0.285355 0.391918 0.035339 0.087229 -0.000000 3.141590 0.219457 1.426145 8.944741 25.810350
-0.285355 0.391918 0.035339 0.087229 -0.000000 3.141590 0.219457 1.426145 8.944741 25.893844
-0.285420 0.391966 0.035344 0.087242 -0.000000 3.141590 0.165337 1.399972 8.887549 25.977098
-0.285487 0.392008 0.035349 0.087258 -0.000000 3.141590 0.115422 1.375903 8.834793 26.060114
-0.285556 0.392046 0.035351 0.087276 0.000000 3.141590 0.078738 1.352189 8.767116 26.142893
-0.285697 0.392105 0.035350 0.087313 0.000000 3.141590 0.061226 1.294680 8.522237 26.225438
-0.285768 0.392125 0.035346 0.087330 0.000000 3.141590 0.044437 1.258024 8.390327 26.307751
-0.285980 0.392147 0.035326 0.087369 0.000000 3.141590 -0.013407 1.131311 7.935909 26.389834
-0.286048 0.392141 0.035318 0.087374 0.000000 3.141590 -0.050927 1.038134 7.780306 26.471689
-0.286115 0.392128 0.035310 0.087374 0.000000 3.141590 -0.082272 0.959086 7.665038 26.553317
-0.286243 0.392084 0.035296 0.087356 0.000000 3.141590 -0.141284 0.784851 7.408880 26.634721
-0.286243 0.392084 0.035296 0.087356 0.000000 3.141590 -0.175797 0.702260 7.315393 26.715902
-0.286303 0.392053 0.035290 0.087341 0.000000 3.141590 -0.175797 0.702260 7.315393 26.796862
-0.286359 0.392018 0.035286 0.087321 0.000000 3.141590 -0.220488 0.610628 7.246218 26.877603
-0.286412 0.391977 0.035283 0.087299 0.000000 3.141590 -0.253766 0.525157 7.175454 26.958127
-0.286461 0.391932 0.035283 0.087275 0.000000 3.141590 -0.275092 0.465064 7.124337 27.038436
-0.286505 0.391882 0.035285 0.087250 -0.000000 3.141590 -0.301587 0.390500 7.060820 27.118530
-0.286578 0.391770 0.035294 0.087202 -0.000000 3.141590 -0.395396 0.190413 7.119278 27.198413
-0.286643 0.391577 0.035312 0.087144 -0.000000 3.141590 -0.429725 -0.109498 7.166683 27.278085
-0.286643 0.391577 0.035312 0.087144 -0.000000 3.141590 -0.429725 -0.109498 7.166683 27.357548
-0.286652 0.391507 0.035318 0.087133 -0.000000 3.141590 -0.434208 -0.207617 7.177663 27.436804
-0.286653 0.391435 0.035323 0.087127 -0.000000 3.141590 -0.438344 -0.298029 7.187782 27.515855
-0.286635 0.391285 0.035330 0.087132 -0.000000 3.141590 -0.366543 -0.305495 7.187052 27.594701
-0.286617 0.391208 0.035330 0.087141 -0.000000 3.141590 -0.337958 -0.300004 7.211118 27.673345
-0.286617 0.391208 0.035330 0.087141 -0.000000 3.141590 -0.337958 -0.300004 7.211118 27.751789
-0.286592 0.391130 0.035328 0.087155 -0.000000 3.141590 -0.314189 -0.291921 7.241132 27.830033
-0.286561 0.391053 0.035324 0.087170 -0.000000 3.141590 -0.280936 -0.294238 7.204816 27.908079
-0.286524 0.390976 0.035317 0.087188 -0.000000 3.141590 -0.259082 -0.299384 7.168929 27.985929
-0.286482 0.390900 0.035307 0.087207 -0.000000 3.141590 -0.238003 -0.312232 7.128784 28.063585
-0.286269 0.390619 0.035259 0.087272 0.000000 3.141590 -0.120240 -0.321662 7.036738 28.141047
-0.286206 0.390557 0.035245 0.087281 0.000000 3.141590 -0.065704 -0.299906 7.113068 28.218317
-0.286141 0.390499 0.035232 0.087287 0.000000 3.141590 -0.027600 -0.284735 7.166400 28.295396
-0.286073 0.390445 0.035220 0.087287 0.000000 3.141590 0.019740 -0.266006 7.232672 28.372287
-0.286073 0.390445 0.035220 0.087287 0.000000 3.141590 0.019740 -0.266006 7.232672 28.448990
-0.286003 0.390397 0.035209 0.087283 0.000000 3.141590 0.063403 -0.248816 7.293803 28.525506
-0.285931 0.390355 0.035200 0.087275 0.000000 3.141590 0.115929 -0.192679 7.419743 28.601837
-0.285859 0.390318 0.035192 0.087264 -0.000000 3.141590 0.155598 -0.143768 7.524607 28.677985
-0.285711 0.390262 0.035184 0.087239 -0.000000 3.141590 0.261206 -0.081119 7.796223 28.753951
-0.285711 0.390262 0.035184 0.087239 -0.000000 3.141590 0.310550 -0.053981 7.942916 28.829735
-0.285637 0.390244 0.035183 0.087226 -0.000000 3.141590 0.310550 -0.053981 7.942916 28.905340
-0.285281 0.390252 0.035186 0.087191 -0.000000 3.141590 0.563675 0.137478 8.711013 28.980766
-0.285281 0.390252 0.035186 0.087191 -0.000000 3.141590 0.563675 0.137478 8.711013 29.056016
-0.285216 0.390271 0.035186 0.087196 -0.000000 3.141590 0.601512 0.196584 8.886962 29.131089
-0.285153 0.390295 0.035185 0.087206 -0.000000 3.141590 0.645588 0.245683 9.038150 29.205987
-0.285094 0.390324 0.035182 0.087219 -0.000000 3.141590 0.683060 0.276106 9.135708 29.280712
-0.285094 0.390324 0.035182 0.087219 -0.000000 3.141590 0.729615 0.313893 9.256916 29.355265
-0.285038 0.390358 0.035178 0.087235 -0.000000 3.141590 0.729615 0.313893 9.256916 29.429646
-0.284987 0.390396 0.035174 0.087252 -0.000000 3.141590 0.772554 0.348803 9.368703 29.503858
-0.284940 0.390439 0.035169 0.087271 0.000000 3.141590 0.810399 0.403258 9.473067 29.577901
-0.284861 0.390537 0.035159 0.087307 0.000000 3.141590 0.861079 0.597440 9.642751 29.651776
-0.284861 0.390537 0.035159 0.087307 0.000000 3.141590 0.887146 0.721501 9.777742 29.725485
-0.284775 0.390772 0.035152 0.087351 0.000000 3.141590 0.923457 1.039797 10.249705 29.799028
-0.284770 0.390837 0.035156 0.087351 0.000000 3.141590 0.929200 1.150541 10.412251 29.872407
-0.284771 0.390904 0.035161 0.087347 0.000000 3.141590 0.934496 1.252596 10.562180 29.945623
-0.284778 0.390973 0.035168 0.087339 0.000000 3.141590 0.930415 1.358159 10.722125 30.018677
-0.284807 0.391113 0.035185 0.087316 0.000000 3.141590 0.880130 1.579683 11.078737 30.091570
-0.284829 0.391184 0.035194 0.087303 0.000000 3.141590 0.855300 1.672246 11.230608 30.164303
-0.284829 0.391184 0.035194 0.087303 0.000000 3.141590 0.855300 1.672246 11.230608 30.236877
-0.284856 0.391255 0.035205 0.087290 0.000000 3.141590 0.832399 1.757599 11.370685 30.309293
-0.284887 0.391325 0.035217 0.087278 0.000000 3.141590 0.811277 1.836320 11.499880 30.381552
-0.284922 0.391395 0.035229 0.087267 0.000000 3.141590 0.791796 1.908943 11.619039 30.453655
-0.285003 0.391528 0.035254 0.087255 -0.000000 3.141590 0.702541 1.982128 11.632891 30.525604
-0.285150 0.391708 0.035293 0.087264 -0.000000 3.141590 0.513102 1.965923 11.301972 30.597399
-0.285204 0.391761 0.035306 0.087272 0.000000 3.141590 0.459829 1.937523 11.188076 30.669041
-0.285204 0.391761 0.035306 0.087272 0.000000 3.141590 0.459829 1.937523 11.188076 30.740531
-0.285260 0.391811 0.035318 0.087281 0.000000 3.141590 0.390268 1.897720 11.022090 30.811870
-0.285319 0.391856 0.035329 0.087289 0.000000 3.141590 0.325031 1.859581 10.861160 30.883059
-0.285379 0.391897 0.035340 0.087297 0.000000 3.141590 0.264862 1.824400 10.712730 30.954099
-0.285379 0.391897 0.035340 0.087297 0.000000 3.141590 0.153852 1.704328 10.364433 31.024991
-0.285503 0.391965 0.035355 0.087307 0.000000 3.141590 0.153852 1.704328 10.364433 31.095736
-0.285567 0.391991 0.035359 0.087306 0.000000 3.141590 0.102440 1.645491 10.146479 31.166335
-0.285632 0.392011 0.035360 0.087302 0.000000 3.141590 0.061595 1.599355 9.917223 31.236788
-0.285697 0.392026 0.035359 0.087294 0.000000 3.141590 0.023923 1.556728 9.705781 31.307097
-0.285957 0.392027 0.035337 0.087245 -0.000000 3.141590 -0.097383 1.294989 8.876736 31.377263
-0.286020 0.392013 0.035330 0.087233 -0.000000 3.141590 -0.139053 1.222312 8.655467 31.447285
-0.286020 0.392013 0.035330 0.087233 -0.000000 3.141590 -0.139053 1.222312 8.655467 31.517166
-0.286081 0.391995 0.035322 0.087222 -0.000000 3.141590 -0.177487 1.155295 8.451383 31.586906
-0.286141 0.391971 0.035315 0.087215 -0.000000 3.141590 -0.217562 1.074260 8.345840 31.656506
-0.286254 0.391909 0.035304 0.087211 -0.000000 3.141590 -0.316938 0.875975 8.109441 31.725967
-0.286307 0.391872 0.035300 0.087216 -0.000000 3.141590 -0.362793 0.787082 8.004189 31.795289
-0.286307 0.391872 0.035300 0.087216 -0.000000 3.141590 -0.362793 0.787082 8.004189 31.864473
-0.286357 0.391830 0.035297 0.087225 -0.000000 3.141590 -0.394832 0.725089 7.930640 31.933521
-0.286448 0.391736 0.035289 0.087254 -0.000000 3.141590 -0.448343 0.557553 7.970158 32.002433
-0.286487 0.391683 0.035284 0.087272 0.000000 3.141590 -0.483991 0.473026 8.023815 32.071209
-0.286576 0.391511 0.035270 0.087327 0.000000 3.141590 -0.568383 0.273169 8.150820 32.139852
-0.286595 0.391449 0.035266 0.087343 0.000000 3.141590 -0.579831 0.224024 8.183125 32.208360
-0.286608 0.391385 0.035263 0.087356 0.000000 3.141590 -0.576103 0.191364 8.205901 32.276736
-0.286617 0.391320 0.035262 0.087365 0.000000 3.141590 -0.566077 0.149932 8.204939 32.344980
-0.286621 0.391255 0.035263 0.087371 0.000000 3.141590 -0.550503 0.100834 8.182958 32.413092
-0.286621 0.391190 0.035265 0.087371 0.000000 3.141590 -0.532957 0.070252 8.182925 32.481074
-0.286621 0.391190 0.035265 0.087371 0.000000 3.141590 -0.532957 0.070252 8.182925 32.548926
-0.286608 0.391059 0.035274 0.087359 0.000000 3.141590 -0.465149 0.011338 8.269016 32.616649
-0.286608 0.391059 0.035274 0.087359 0.000000 3.141590 -0.465149 0.011338 8.269016 32.684244
-0.286596 0.390995 0.035281 0.087348 0.000000 3.141590 -0.436836 -0.011442 8.313843 32.751711
-0.286580 0.390930 0.035288 0.087336 0.000000 3.141590 -0.417053 -0.027453 8.345172 32.819051
-0.286481 0.390679 0.035316 0.087287 0.000000 3.141590 -0.271589 -0.130319 8.351676 32.886266
-0.286448 0.390618 0.035321 0.087279 0.000000 3.141590 -0.245879 -0.130336 8.331141 32.953354
-0.286414 0.390559 0.035325 0.087274 0.000000 3.141590 -0.227916 -0.130332 8.316791 33.020318
-0.286377 0.390501 0.035327 0.087272 0.000000 3.141590 -0.205598 -0.130255 8.298958 33.087158
-0.286339 0.390445 0.035327 0.087272 0.000000 3.141590 -0.137056 -0.133295 8.244638 33.153875
-0.286299 0.390392 0.035326 0.087275 0.000000 3.141590 -0.073837 -0.136056 8.194535 33.220469
-0.286215 0.390296 0.035321 0.087284 0.000000 3.141590 0.001712 -0.108351 8.106623 33.286941
-0.286171 0.390253 0.035319 0.087289 0.000000 3.141590 0.051197 -0.109953 8.019112 33.353291
-0.286171 0.390253 0.035319 0.087289 0.000000 3.141590 0.051197 -0.109953 8.019112 33.419521
-0.286125 0.390216 0.035317 0.087294 0.000000 3.141590 0.100654 -0.108768 7.928099 33.485631
-0.286078 0.390183 0.035316 0.087296 0.000000 3.141590 0.146774 -0.098429 7.816918 33.551621
-0.285876 0.390107 0.035324 0.087279 0.000000 3.141590 0.320574 -0.036594 7.585664 33.617493
-0.285823 0.390101 0.035328 0.087270 0.000000 3.141590 0.336619 -0.014980 7.575526 33.683247
-0.285769 0.390099 0.035332 0.087261 -0.000000 3.141590 0.347829 0.000071 7.568447 33.748883
-0.285769 0.390099 0.035332 0.087261 -0.000000 3.141590 0.347829 0.000071 7.568447 33.814402
-0.285715 0.390100 0.035335 0.087254 -0.000000 3.141590 0.361757 0.018829 7.559648 33.879806
-0.285660 0.390105 0.035338 0.087247 -0.000000 3.141590 0.374603 0.036152 7.551530 33.945093
-0.285606 0.390112 0.035339 0.087244 -0.000000 3.141590 0.394835 0.070819 7.525967 34.010266
-0.285551 0.390122 0.035339 0.087244 -0.000000 3.141590 0.421549 0.120764 7.485031 34.075324
-0.285442 0.390148 0.035333 0.087256 -0.000000 3.141590 0.467391 0.219414 7.375202 34.140269
-0.285388 0.390164 0.035327 0.087267 0.000000 3.141590 0.484712 0.242919 7.328928 34.205100
-0.285334 0.390183 0.035319 0.087279 0.000000 3.141590 0.514477 0.246131 7.259460 34.269819
-0.285175 0.390252 0.035289 0.087318 0.000000 3.141590 0.632619 0.280883 7.043051 34.334426
-0.285123 0.390280 0.035278 0.087328 0.000000 3.141590 0.645956 0.314404 7.036322 34.398921
-0.285073 0.390311 0.035266 0.087336 0.000000 3.141590 0.654262 0.372245 7.053909 34.463305
-0.285025 0.390343 0.035254 0.087340 0.000000 3.141590 0.676834 0.436044 7.094425 34.527580
-0.284978 0.390378 0.035243 0.087340 0.000000 3.141590 0.711974 0.504899 7.155128 34.591744
-0.284978 0.390378 0.035243 0.087340 0.000000 3.141590 0.711974 0.504899 7.155128 34.655799
-0.284892 0.390453 0.035222 0.087325 0.000000 3.141590 0.767030 0.612500 7.250258 34.719746
-0.284852 0.390494 0.035212 0.087312 0.000000 3.141590 0.795164 0.667378 7.298880 34.783585
-0.284815 0.390536 0.035203 0.087296 0.000000 3.141590 0.796315 0.739306 7.462368 34.847316
-0.284782 0.390580 0.035195 0.087279 0.000000 3.141590 0.797377 0.805590 7.613162 34.910941
-0.284752 0.390626 0.035187 0.087260 -0.000000 3.141590 0.790443 0.852427 7.736059 34.974458
-0.284676 0.390821 0.035167 0.087195 -0.000000 3.141590 0.735158 1.132837 8.471691 35.037870
-0.284676 0.390821 0.035167 0.087195 -0.000000 3.141590 0.735158 1.132837 8.471691 35.101177
-0.284669 0.390872 0.035167 0.087185 -0.000000 3.141590 0.725078 1.188306 8.609758 35.164379
-0.284664 0.390923 0.035167 0.087180 -0.000000 3.141590 0.710279 1.261535 8.807229 35.227476
-0.284663 0.390973 0.035169 0.087180 -0.000000 3.141590 0.690072 1.341214 9.064123 35.290470
-0.284663 0.390973 0.035169 0.087180 -0.000000 3.141590 0.671435 1.414790 9.301055 35.353360
-0.284666 0.391023 0.035172 0.087184 -0.000000 3.141590 0.671435 1.414790 9.301055 35.416148
-0.284671 0.391073 0.035176 0.087192 -0.000000 3.141590 0.680366 1.494541 9.535595 35.478833
-0.284679 0.391123 0.035181 0.087203 -0.000000 3.141590 0.686606 1.550359 9.699457 35.541417
-0.284690 0.391173 0.035186 0.087215 -0.000000 3.141590 0.694358 1.619692 9.903041 35.603899
-0.284719 0.391273 0.035199 0.087241 -0.000000 3.141590 0.664513 1.743787 10.256849 35.666281
-0.284719 0.391273 0.035199 0.087241 -0.000000 3.141590 0.664513 1.743787 10.256849 35.728562
-0.284783 0.391426 0.035218 0.087272 0.000000 3.141590 0.515228 1.866390 10.533637 35.790743
-0.284808 0.391477 0.035225 0.087276 0.000000 3.141590 0.448319 1.879765 10.551503 35.852825
-0.284836 0.391529 0.035231 0.087276 0.000000 3.141590 0.379289 1.875567 10.524080 35.914808
-0.284896 0.391630 0.035244 0.087267 0.000000 3.141590 0.290028 1.867328 10.488695 35.976693
-0.284896 0.391630 0.035244 0.087267 0.000000 3.141590 0.290028 1.867328 10.488695 36.038480
-0.284928 0.391680 0.035249 0.087259 -0.000000 3.141590 0.246140 1.862924 10.471309 36.100169
-0.284962 0.391728 0.035254 0.087250 -0.000000 3.141590 0.202879 1.845580 10.387634 36.161762
-0.284997 0.391776 0.035259 0.087242 -0.000000 3.141590 0.162086 1.825328 10.288810 36.223257
-0.285034 0.391821 0.035263 0.087234 -0.000000 3.141590 0.130227 1.787987 10.190158 36.284657
-0.285111 0.391906 0.035269 0.087224 -0.000000 3.141590 0.089715 1.699089 10.023349 36.345961
-0.285111 0.391906 0.035269 0.087224 -0.000000 3.141590 0.089715 1.699089 10.023349 36.407170
-0.285283 0.392038 0.035264 0.087247 -0.000000 3.141590 -0.014533 1.549405 9.707051 36.468284
-0.285283 0.392038 0.035264 0.087247 -0.000000 3.141590 -0.014533 1.549405 9.707051 36.529304
-0.285330 0.392061 0.035260 0.087260 -0.000000 3.141590 -0.096155 1.544520 9.660653 36.590230
-0.285378 0.392079 0.035256 0.087273 0.000000 3.141590 -0.187778 1.548765 9.627295 36.651062
-0.285476 0.392101 0.035248 0.087298 0.000000 3.141590 -0.195855 1.398363 9.431765 36.711801
-0.285476 0.392101 0.035248 0.087298 0.000000 3.141590 -0.208705 1.345815 9.364164 36.772448
-0.285525 0.392107 0.035245 0.087309 0.000000 3.141590 -0.208705 1.345815 9.364164 36.833003
-0.285576 0.392109 0.035242 0.087317 0.000000 3.141590 -0.224668 1.280428 9.280185 36.893466
-0.285627 0.392107 0.035239 0.087321 0.000000 3.141590 -0.250164 1.220644 9.213367 36.953837
-0.285679 0.392103 0.035237 0.087321 0.000000 3.141590 -0.304716 1.167107 9.182385 37.014118
-0.285731 0.392097 0.035235 0.087318 0.000000 3.141590 -0.342831 1.129635 9.160744 37.074308
-0.285943 0.392044 0.035232 0.087286 0.000000 3.141590 -0.556797 0.833865 9.135572 37.134408
-0.285997 0.392025 0.035233 0.087279 0.000000 3.141590 -0.592604 0.762977 9.144013 37.194418
-0.286050 0.392002 0.035235 0.087272 0.000000 3.141590 -0.638909 0.658806 9.162378 37.254339
-0.286104 0.391977 0.035237 0.087269 0.000000 3.141590 -0.683491 0.561849 9.178763 37.314171
-0.286156 0.391950 0.035239 0.087269 0.000000 3.141590 -0.730012 0.469828 9.192286 37.373914
-0.286156 0.391950 0.035239 0.087269 0.000000 3.141590 -0.730012 0.469828 9.192286 37.433570
-0.286257 0.391891 0.035244 0.087276 0.000000 3.141590 -0.758235 0.292608 9.227217 37.493138
-0.286307 0.391859 0.035246 0.087281 0.000000 3.141590 -0.772453 0.197249 9.268112 37.552618
-0.286307 0.391859 0.035246 0.087281 0.000000 3.141590 -0.772453 0.197249 9.268112 37.612011
-0.286355 0.391826 0.035249 0.087286 0.000000 3.141590 -0.787711 0.110223 9.311606 37.671318
-0.286402 0.391791 0.035253 0.087290 0.000000 3.141590 -0.801784 0.029948 9.351723 37.730538
-0.286609 0.391598 0.035279 0.087275 0.000000 3.141590 -0.777496 -0.136082 9.355129 37.789673
-0.286609 0.391598 0.035279 0.087275 0.000000 3.141590 -0.777496 -0.136082 9.355129 37.848722
-0.286644 0.391556 0.035285 0.087266 0.000000 3.141590 -0.765277 -0.147638 9.340225 37.907687
-0.286644 0.391556 0.035285 0.087266 0.000000 3.141590 -0.765277 -0.147638 9.340225 37.966566
-0.286675 0.391513 0.035292 0.087258 -0.000000 3.141590 -0.750095 -0.161956 9.321703 38.025361
-0.286725 0.391425 0.035303 0.087244 -0.000000 3.141590 -0.787977 -0.137134 9.283458 38.084072
-0.286744 0.391379 0.035308 0.087241 -0.000000 3.141590 -0.758674 -0.154915 9.186274 38.142700
-0.286758 0.391331 0.035313 0.087241 -0.000000 3.141590 -0.738200 -0.167290 9.118368 38.201244
-0.286758 0.391331 0.035313 0.087241 -0.000000 3.141590 -0.738200 -0.167290 9.118368 38.259705
-0.286767 0.391282 0.035317 0.087245 -0.000000 3.141590 -0.707065 -0.166943 9.017420 38.318084
-0.286773 0.391231 0.035322 0.087253 -0.000000 3.141590 -0.668235 -0.164488 8.905727 38.376380
-0.286761 0.391020 0.035340 0.087302 0.000000 3.141590 -0.475956 -0.202410 8.440423 38.434595
-0.286750 0.390966 0.035343 0.087314 0.000000 3.141590 -0.429859 -0.222692 8.303794 38.492728
-0.286737 0.390913 0.035344 0.087325 0.000000 3.141590 -0.399164 -0.197592 8.171349 38.550780
-0.286706 0.390808 0.035342 0.087337 0.000000 3.141590 -0.351073 -0.158351 7.963849 38.608751
-0.286706 0.390808 0.035342 0.087337 0.000000 3.141590 -0.326497 -0.138421 7.857825 38.666641
-0.286687 0.390757 0.035341 0.087337 0.000000 3.141590 -0.326497 -0.138421 7.857825 38.724451
-0.286668 0.390708 0.035338 0.087331 0.000000 3.141590 -0.299233 -0.132984 7.736413 38.782182
-0.286647 0.390659 0.035335 0.087322 0.000000 3.141590 -0.269671 -0.140403 7.601746 38.839833
-0.286624 0.390612 0.035331 0.087309 0.000000 3.141590 -0.250330 -0.140171 7.523211 38.897405
-0.286601 0.390565 0.035327 0.087293 0.000000 3.141590 -0.229669 -0.125682 7.465457 38.954897
-0.286548 0.390474 0.035317 0.087257 -0.000000 3.141590 -0.152015 -0.107616 7.399649 39.012312
-0.286488 0.390385 0.035306 0.087220 -0.000000 3.141590 -0.088366 -0.123373 7.357502 39.069648
-0.286455 0.390341 0.035302 0.087205 -0.000000 3.141590 -0.056823 -0.133483 7.335525 39.126906
-0.286421 0.390298 0.035299 0.087191 -0.000000 3.141590 -0.022147 -0.124230 7.344323 39.184087
-0.286386 0.390257 0.035298 0.087182 -0.000000 3.141590 0.011622 -0.109709 7.361738 39.241190
-0.286315 0.390177 0.035298 0.087176 -0.000000 3.141590 0.082150 -0.109348 7.388567 39.298216
-0.286315 0.390177 0.035298 0.087176 -0.000000 3.141590 0.082150 -0.109348 7.388567 39.355166
-0.286278 0.390139 0.035299 0.087181 -0.000000 3.141590 0.122056 -0.113981 7.402168 39.412040
-0.286239 0.390101 0.035301 0.087188 -0.000000 3.141590 0.158861 -0.118178 7.414706 39.468837
-0.286200 0.390065 0.035301 0.087199 -0.000000 3.141590 0.192808 -0.121987 7.426265 39.525559
-0.286159 0.390032 0.035301 0.087211 -0.000000 3.141590 0.228075 -0.102016 7.452926 39.582205
-0.286073 0.389974 0.035299 0.087238 -0.000000 3.141590 0.302629 -0.080947 7.470937 39.638776
-0.285935 0.389916 0.035292 0.087268 0.000000 3.141590 0.445242 -0.035514 7.459763 39.695272
-0.285887 0.389906 0.035291 0.087273 0.000000 3.141590 0.458557 -0.024230 7.463173 39.751694
-0.285839 0.389900 0.035291 0.087275 0.000000 3.141590 0.475101 -0.010285 7.467416 39.808041
-0.285791 0.389897 0.035292 0.087275 0.000000 3.141590 0.490928 0.008689 7.475516 39.864315
-0.285791 0.389897 0.035292 0.087275 0.000000 3.141590 0.490928 0.008689 7.475516 39.920515
-0.285742 0.389898 0.035293 0.087275 0.000000 3.141590 0.507166 0.043871 7.495047 39.976641
-0.285692 0.389901 0.035294 0.087274 0.000000 3.141590 0.518511 0.068448 7.508693 40.032695
-0.285642 0.389908 0.035295 0.087274 0.000000 3.141590 0.560786 0.089101 7.516072 40.088676
-0.285592 0.389917 0.035295 0.087276 0.000000 3.141590 0.599777 0.108175 7.522876 40.144584
-0.285488 0.389942 0.035291 0.087281 0.000000 3.141590 0.668908 0.142036 7.534935 40.200420
-0.285488 0.389942 0.035291 0.087281 0.000000 3.141590 0.693174 0.169938 7.533462 40.256184
-0.285278 0.390022 0.035271 0.087275 0.000000 3.141590 0.732269 0.307829 7.504743 40.311876
-0.285226 0.390048 0.035267 0.087270 0.000000 3.141590 0.736651 0.341641 7.492870 40.367497
-0.285174 0.390076 0.035263 0.087265 -0.000000 3.141590 0.754614 0.398686 7.494017 40.423047
-0.285074 0.390134 0.035258 0.087258 -0.000000 3.141590 0.777816 0.506492 7.504154 40.478525
-0.285074 0.390134 0.035258 0.087258 -0.000000 3.141590 0.777816 0.506492 7.504154 40.533934
-0.285025 0.390164 0.035258 0.087258 -0.000000 3.141590 0.787491 0.554713 7.509190 40.589272
-0.284977 0.390196 0.035259 0.087262 -0.000000 3.141590 0.794176 0.600960 7.547906 40.644540
-0.284930 0.390228 0.035260 0.087268 0.000000 3.141590 0.802435 0.666452 7.618545 40.699738
-0.284930 0.390228 0.035260 0.087268 0.000000 3.141590 0.802435 0.666452 7.618545 40.754867
-0.284883 0.390262 0.035261 0.087276 0.000000 3.141590 0.808687 0.712665 7.703788 40.809926
-0.284838 0.390297 0.035262 0.087284 0.000000 3.141590 0.813144 0.741648 7.801707 40.864917
-0.284674 0.390452 0.035253 0.087310 0.000000 3.141590 0.820381 0.869663 8.104924 40.919838
-0.284638 0.390495 0.035247 0.087310 0.000000 3.141590 0.817324 0.924352 8.170795 40.974692
-0.284605 0.390541 0.035239 0.087306 0.000000 3.141590 0.803306 0.968006 8.229729 41.029477
-0.284575 0.390587 0.035231 0.087298 0.000000 3.141590 0.790377 1.008194 8.284092 41.084194
-0.284549 0.390634 0.035222 0.087287 0.000000 3.141590 0.799670 1.068706 8.316400 41.138843
-0.284509 0.390730 0.035204 0.087262 -0.000000 3.141590 0.821621 1.209335 8.460166 41.193425
-0.284509 0.390730 0.035204 0.087262 -0.000000 3.141590 0.821621 1.209335 8.460166 41.247940
-0.284496 0.390778 0.035196 0.087249 -0.000000 3.141590 0.836738 1.310904 8.606707 41.302387
-0.284486 0.390827 0.035189 0.087237 -0.000000 3.141590 0.836738 1.310904 8.606707 41.356768
-0.284480 0.390875 0.035184 0.087226 -0.000000 3.141590 0.833293 1.366497 8.730041 41.411083
-0.284478 0.390925 0.035182 0.087218 -0.000000 3.141590 0.830115 1.417808 8.843792 41.465331
-0.284499 0.391121 0.035190 0.087229 -0.000000 3.141590 0.733657 1.677318 9.536550 41.519513
-0.284511 0.391171 0.035196 0.087242 -0.000000 3.141590 0.702548 1.736169 9.725135 41.573630
-0.284511 0.391171 0.035196 0.087242 -0.000000 3.141590 0.702548 1.736169 9.725135 41.627681
-0.284525 0.391220 0.035202 0.087258 -0.000000 3.141590 0.664294 1.792183 9.934298 41.681667
-0.284540 0.391269 0.035207 0.087276 0.000000 3.141590 0.620949 1.838340 10.085923 41.735588
-0.284557 0.391318 0.035213 0.087294 0.000000 3.141590 0.584799 1.866660 10.161815 41.789443
-0.284575 0.391366 0.035218 0.087313 0.000000 3.141590 0.532496 1.888218 10.236875 41.843235
-0.284595 0.391415 0.035222 0.087330 0.000000 3.141590 0.481369 1.890419 10.274691 41.896962
-0.284639 0.391512 0.035231 0.087359 0.000000 3.141590 0.402351 1.866992 10.341736 41.950625
-0.284663 0.391561 0.035236 0.087369 0.000000 3.141590 0.376465 1.857721 10.364211 42.004224
-0.284663 0.391561 0.035236 0.087369 0.000000 3.141590 0.331635 1.841462 10.283142 42.057759
-0.284779 0.391761 0.035253 0.087356 0.000000 3.141590 0.242641 1.779734 9.961881 42.111231
-0.284812 0.391811 0.035255 0.087341 0.000000 3.141590 0.232498 1.762529 9.888877 42.164640
-0.284812 0.391811 0.035255 0.087341 0.000000 3.141590 0.232498 1.762529 9.888877 42.217986
-0.284847 0.391861 0.035256 0.087321 0.000000 3.141590 0.219896 1.741159 9.798176 42.271269
-0.284884 0.391911 0.035255 0.087299 0.000000 3.141590 0.208273 1.721368 9.714527 42.324489
-0.284959 0.392004 0.035250 0.087250 -0.000000 3.141590 0.178757 1.738002 9.546113 42.377647
-0.284959 0.392004 0.035250 0.087250 -0.000000 3.141590 0.125028 1.716460 9.503056 42.430743
-0.284997 0.392048 0.035245 0.087226 -0.000000 3.141590 0.125028 1.716460 9.503056 42.483778
-0.285037 0.392089 0.035240 0.087202 -0.000000 3.141590 0.058274 1.689830 9.449550 42.536750
-0.285078 0.392128 0.035235 0.087180 -0.000000 3.141590 0.015738 1.654834 9.393069 42.589661
-0.285119 0.392163 0.035229 0.087160 -0.000000 3.141590 -0.025374 1.626505 9.344414 42.642511
-0.285296 0.392262 0.035205 0.087127 -0.000000 3.141590 -0.136583 1.506913 9.183810 42.695300
-0.285343 0.392274 0.035200 0.087132 -0.000000 3.141590 -0.153200 1.435771 9.129425 42.748028
-0.285390 0.392282 0.035197 0.087141 -0.000000 3.141590 -0.220648 1.369703 9.148244 42.800695
-0.285437 0.392287 0.035195 0.087155 -0.000000 3.141590 -0.267773 1.323667 9.161382 42.853303
-0.285485 0.392288 0.035195 0.087170 -0.000000 3.141590 -0.326321 1.266462 9.177705 42.905849
-0.285485 0.392288 0.035195 0.087170 -0.000000 3.141590 -0.326321 1.266462 9.177705 42.958336
-0.285533 0.392286 0.035197 0.087188 -0.000000 3.141590 -0.380322 1.213759 9.192756 43.010763
-0.285582 0.392280 0.035200 0.087207 -0.000000 3.141590 -0.418212 1.134028 9.213087 43.063131
-0.285631 0.392273 0.035204 0.087225 -0.000000 3.141590 -0.441714 1.030588 9.238034 43.115439
-0.285631 0.392273 0.035204 0.087225 -0.000000 3.141590 -0.524106 0.842882 9.284047 43.167688
-0.285732 0.392251 0.035212 0.087259 -0.000000 3.141590 -0.524106 0.842882 9.284047 43.219878
-0.285994 0.392167 0.035219 0.087283 0.000000 3.141590 -0.666255 0.334623 9.219181 43.272009
-0.286048 0.392146 0.035217 0.087275 0.000000 3.141590 -0.690838 0.207471 9.165773 43.324082
-0.286101 0.392125 0.035215 0.087264 -0.000000 3.141590 -0.709757 0.078080 9.099651 43.376097
-0.286101 0.392125 0.035215 0.087264 -0.000000 3.141590 -0.716424 -0.026420 9.051580 43.428053
-0.286153 0.392103 0.035212 0.087252 -0.000000 3.141590 -0.716424 -0.026420 9.051580 43.479951
-0.286205 0.392080 0.035210 0.087239 -0.000000 3.141590 -0.713237 -0.088687 9.027394 43.531791
-0.286255 0.392057 0.035209 0.087226 -0.000000 3.141590 -0.709277 -0.165987 8.997339 43.583574
-0.286304 0.392033 0.035209 0.087213 -0.000000 3.141590 -0.705625 -0.237285 8.969619 43.635300
-0.286352 0.392007 0.035210 0.087203 -0.000000 3.141590 -0.702257 -0.303029 8.944051 43.686968
-0.286446 0.391951 0.035217 0.087191 -0.000000 3.141590 -0.733215 -0.483486 8.992110 43.738579
-0.286446 0.391951 0.035217 0.087191 -0.000000 3.141590 -0.733215 -0.483486 8.992110 43.790133
-0.286578 0.391851 0.035233 0.087206 -0.000000 3.141590 -0.775548 -0.934648 9.205844 43.841631
-0.286620 0.391813 0.035239 0.087219 -0.000000 3.141590 -0.775548 -0.934648 9.205844 43.893072
-0.286661 0.391774 0.035245 0.087235 -0.000000 3.141590 -0.772728 -1.014128 9.246083 43.944457
-0.286700 0.391734 0.035250 0.087252 -0.000000 3.141590 -0.770757 -1.069534 9.274187 43.995786
-0.286700 0.391734 0.035250 0.087252 -0.000000 3.141590 -0.769161 -1.102258 9.379372 44.047059
-0.286772 0.391652 0.035258 0.087289 0.000000 3.141590 -0.769161 -1.102258 9.379372 44.098277
-0.286804 0.391609 0.035260 0.087307 0.000000 3.141590 -0.769350 -1.088022 9.436869 44.149438
-0.286834 0.391566 0.035263 0.087323 0.000000 3.141590 -0.751584 -1.038783 9.394933 44.200545
-0.286860 0.391522 0.035266 0.087336 0.000000 3.141590 -0.739171 -1.004341 9.365628 44.251596
-0.286883 0.391478 0.035270 0.087346 0.000000 3.141590 -0.723749 -0.961679 9.329232 44.302592
-0.286919 0.391388 0.035282 0.087351 0.000000 3.141590 -0.692977 -0.894409 9.265909 44.353533
-0.286940 0.391249 0.035306 0.087329 0.000000 3.141590 -0.630753 -0.774037 9.172682 44.404420
-0.286940 0.391202 0.035315 0.087316 0.000000 3.141590 -0.600283 -0.722013 9.124454 44.455252
-0.286940 0.391202 0.035315 0.087316 0.000000 3.141590 -0.600283 -0.722013 9.124454 44.506030
-0.286937 0.391154 0.035324 0.087303 0.000000 3.141590 -0.561449 -0.749747 9.060073 44.556754
-0.286925 0.391058 0.035337 0.087278 0.000000 3.141590 -0.483440 -0.739283 8.869435 44.607424
-0.286925 0.391058 0.035337 0.087278 0.000000 3.141590 -0.456815 -0.732716 8.801563 44.658040
-0.286916 0.391010 0.035342 0.087267 0.000000 3.141590 -0.456815 -0.732716 8.801563 44.708602
-0.286905 0.390960 0.035345 0.087259 -0.000000 3.141590 -0.413541 -0.720735 8.688212 44.759111
-0.286892 0.390911 0.035346 0.087255 -0.000000 3.141590 -0.363839 -0.706052 8.555793 44.809567
-0.286877 0.390860 0.035346 0.087255 -0.000000 3.141590 -0.325609 -0.683112 8.415624 44.859970
-0.286843 0.390757 0.035345 0.087264 -0.000000 3.141590 -0.278129 -0.631769 8.166584 44.910320
-0.286780 0.390599 0.035343 0.087289 0.000000 3.141590 -0.185293 -0.552456 7.815805 44.960616
-0.286755 0.390546 0.035344 0.087297 0.000000 3.141590 -0.142688 -0.525957 7.717922 45.010861
-0.286728 0.390493 0.035346 0.087303 0.000000 3.141590 -0.107617 -0.521916 7.646958 45.061053
-0.286701 0.390441 0.035349 0.087307 0.000000 3.141590 -0.083113 -0.519109 7.597378 45.111192
-0.286672 0.390390 0.035351 0.087306 0.000000 3.141590 -0.051880 -0.498293 7.519569 45.161280
-0.286643 0.390341 0.035353 0.087302 0.000000 3.141590 -0.018280 -0.467650 7.440143 45.211315
-0.286643 0.390341 0.035353 0.087302 0.000000 3.141590 -0.018280 -0.467650 7.440143 45.261299
-0.286613 0.390294 0.035354 0.087294 0.000000 3.141590 0.038321 -0.433653 7.380766 45.311231
-0.286582 0.390247 0.035354 0.087284 0.000000 3.141590 0.077867 -0.409997 7.339289 45.361112
-0.286550 0.390203 0.035352 0.087272 0.000000 3.141590 0.118022 -0.382861 7.281668 45.410941
-0.286517 0.390159 0.035348 0.087258 -0.000000 3.141590 0.129189 -0.364410 7.210981 45.460720
-0.286329 0.389956 0.035313 0.087210 -0.000000 3.141590 0.190245 -0.161397 6.756347 45.510447
-0.286329 0.389956 0.035313 0.087210 -0.000000 3.141590 0.190245 -0.161397 6.756347 45.560123
-0.286287 0.389920 0.035306 0.087211 -0.000000 3.141590 0.212380 -0.146620 6.709067 45.609749
-0.286245 0.389885 0.035300 0.087216 -0.000000 3.141590 0.243363 -0.158025 6.702074 45.659324
-0.286202 0.389852 0.035295 0.087225 -0.000000 3.141590 0.267814 -0.162057 6.710372 45.708849
-0.286159 0.389822 0.035291 0.087239 -0.000000 3.141590 0.305376 -0.157254 6.754470 45.758324
-0.286071 0.389772 0.035290 0.087272 0.000000 3.141590 0.377586 -0.132779 6.870736 45.807748
-0.286071 0.389772 0.035290 0.087272 0.000000 3.141590 0.377586 -0.132779 6.870736 45.857123
-0.286026 0.389754 0.035291 0.087291 0.000000 3.141590 0.411541 -0.109232 6.927114 45.906448
-0.285981 0.389739 0.035293 0.087309 0.000000 3.141590 0.442542 -0.083369 6.979732 45.955723
-0.285935 0.389729 0.035296 0.087327 0.000000 3.141590 0.464203 -0.065208 7.016488 46.004949
-0.285744 0.389721 0.035302 0.087371 0.000000 3.141590 0.523898 0.041630 7.187001 46.054125
-0.285694 0.389727 0.035300 0.087371 0.000000 3.141590 0.535907 0.102400 7.221991 46.103252
-0.285644 0.389736 0.035297 0.087367 0.000000 3.141590 0.546984 0.158364 7.254270 46.152331
-0.285593 0.389747 0.035294 0.087359 0.000000 3.141590 0.557200 0.209906 7.284048 46.201360
-0.285593 0.389747 0.035294 0.087359 0.000000 3.141590 0.575776 0.262090 7.264895 46.250341
-0.285543 0.389760 0.035289 0.087348 0.000000 3.141590 0.575776 0.262090 7.264895 46.299273
-0.285493 0.389775 0.035285 0.087336 0.000000 3.141590 0.592909 0.310171 7.247234 46.348157
-0.285443 0.389791 0.035282 0.087323 0.000000 3.141590 0.608312 0.372758 7.158694 46.396992
-0.285393 0.389809 0.035279 0.087310 0.000000 3.141590 0.627448 0.450578 7.048686 46.445779
-0.285291 0.389850 0.035276 0.087287 0.000000 3.141590 0.654605 0.710978 6.987807 46.494518
-0.285291 0.389850 0.035276 0.087287 0.000000 3.141590 0.654605 0.710978 6.987807 46.543210
-0.285087 0.389945 0.035272 0.087272 0.000000 3.141590 0.761375 1.221076 7.018392 46.591853
-0.285087 0.389945 0.035272 0.087272 0.000000 3.141590 0.761375 1.221076 7.018392 46.640449
-0.285037 0.389972 0.035269 0.087275 0.000000 3.141590 0.799611 1.372392 7.066521 46.688998
-0.284987 0.390000 0.035265 0.087279 0.000000 3.141590 0.800473 1.440609 7.181126 46.737499
-0.284892 0.390060 0.035253 0.087289 0.000000 3.141590 0.801824 1.547556 7.360674 46.785953
-0.284892 0.390060 0.035253 0.087289 0.000000 3.141590 0.802514 1.602188 7.452428 46.834360
-0.284845 0.390091 0.035246 0.087294 0.000000 3.141590 0.802514 1.602188 7.452428 46.882720
-0.284800 0.390123 0.035239 0.087296 0.000000 3.141590 0.809003 1.611525 7.555234 46.931034
-0.284756 0.390157 0.035232 0.087296 0.000000 3.141590 0.820609 1.580691 7.667516 46.979301
-0.284712 0.390191 0.035227 0.087293 0.000000 3.141590 0.831519 1.559967 7.746508 47.027521
-0.284629 0.390266 0.035219 0.087279 0.000000 3.141590 0.866519 1.517421 7.945059 47.075695
-0.284514 0.390390 0.035221 0.087254 -0.000000 3.141590 0.873559 1.535363 8.315483 47.123823
-0.284480 0.390434 0.035224 0.087247 -0.000000 3.141590 0.873675 1.543243 8.407380 47.171904
-0.284449 0.390478 0.035227 0.087244 -0.000000 3.141590 0.871110 1.563436 8.536500 47.219940
-0.284421 0.390523 0.035230 0.087244 -0.000000 3.141590 0.866140 1.592039 8.669945 47.267930
-0.284396 0.390568 0.035233 0.087249 -0.000000 3.141590 0.867337 1.622232 8.800879 47.315874
-0.284396 0.390568 0.035233 0.087249 -0.000000 3.141590 0.867337 1.622232 8.800879 47.363772
-0.284374 0.390613 0.035235 0.087256 -0.000000 3.141590 0.873991 1.653743 8.929186 47.411626
-0.284357 0.390659 0.035236 0.087267 0.000000 3.141590 0.878640 1.675855 9.018824 47.459433
-0.284343 0.390704 0.035235 0.087279 0.000000 3.141590 0.884416 1.703314 9.130192 47.507196
-0.284332 0.390751 0.035233 0.087292 0.000000 3.141590 0.889743 1.728675 9.232907 47.554914
-0.284325 0.390797 0.035231 0.087306 0.000000 3.141590 0.854946 1.738284 9.238393 47.602586
-0.284334 0.391045 0.035219 0.087340 0.000000 3.141590 0.656771 1.772283 9.356580 47.650214
-0.284344 0.391097 0.035220 0.087335 0.000000 3.141590 0.612622 1.770492 9.369782 47.697797
-0.284344 0.391097 0.035220 0.087335 0.000000 3.141590 0.557772 1.768206 9.386190 47.745336
-0.284356 0.391149 0.035222 0.087325 0.000000 3.141590 0.557772 1.768206 9.386190 47.792830
-0.284369 0.391202 0.035224 0.087312 0.000000 3.141590 0.506128 1.771302 9.411822 47.840280
-0.284384 0.391254 0.035227 0.087296 0.000000 3.141590 0.455459 1.789326 9.465698 47.887686
-0.284399 0.391306 0.035230 0.087279 0.000000 3.141590 0.408726 1.805891 9.515395 47.935048
-0.284416 0.391358 0.035233 0.087260 -0.000000 3.141590 0.371285 1.834458 9.539919 47.982366
-0.284434 0.391411 0.035235 0.087242 -0.000000 3.141590 0.324767 1.870035 9.570380 48.029640
-0.284473 0.391515 0.035234 0.087208 -0.000000 3.141590 0.242292 1.933103 9.624388 48.076870
-0.284473 0.391515 0.035234 0.087208 -0.000000 3.141590 0.242292 1.933103 9.624388 48.124057
-0.284543 0.391667 0.035223 0.087180 -0.000000 3.141590 0.125112 1.935863 9.488199 48.171200
-0.284569 0.391716 0.035218 0.087180 -0.000000 3.141590 0.115273 1.934912 9.411459 48.218300
-0.284596 0.391764 0.035212 0.087184 -0.000000 3.141590 0.089069 1.916079 9.340714 48.265357
-0.284653 0.391856 0.035200 0.087203 -0.000000 3.141590 0.019516 1.812073 9.212592 48.312371
-0.284653 0.391856 0.035200 0.087203 -0.000000 3.141590 0.019516 1.812073 9.212592 48.359341
-0.284683 0.391901 0.035196 0.087215 -0.000000 3.141590 0.003662 1.765720 9.175064 48.406269
-0.284713 0.391944 0.035192 0.087228 -0.000000 3.141590 -0.016035 1.708090 9.128442 48.453155
-0.284745 0.391985 0.035190 0.087241 -0.000000 3.141590 -0.037251 1.703297 9.129399 48.499997
-0.284778 0.392026 0.035190 0.087254 -0.000000 3.141590 -0.057794 1.714353 9.144351 48.546797
-0.284846 0.392106 0.035195 0.087272 0.000000 3.141590 -0.134377 1.691913 9.245740 48.593555
-0.284846 0.392106 0.035195 0.087272 0.000000 3.141590 -0.134377 1.691913 9.245740 48.640270
-0.285000 0.392254 0.035210 0.087267 0.000000 3.141590 -0.314318 1.568163 9.482674 48.686944
-0.285042 0.392288 0.035213 0.087259 -0.000000 3.141590 -0.345354 1.521070 9.514684 48.733575
-0.285042 0.392288 0.035213 0.087259 -0.000000 3.141590 -0.345354 1.521070 9.514684 48.780164
-0.285086 0.392321 0.035214 0.087250 -0.000000 3.141590 -0.373492 1.464373 9.506847 48.826712
-0.285130 0.392350 0.035214 0.087242 -0.000000 3.141590 -0.396108 1.412640 9.484382 48.873217
-0.285220 0.392400 0.035208 0.087228 -0.000000 3.141590 -0.446859 1.276406 9.371941 48.919682
-0.285220 0.392400 0.035208 0.087228 -0.000000 3.141590 -0.446859 1.276406 9.371941 48.966104
-0.285266 0.392420 0.035203 0.087224 -0.000000 3.141590 -0.441806 1.203581 9.283932 49.012486
-0.285312 0.392434 0.035198 0.087225 -0.000000 3.141590 -0.437144 1.136476 9.202753 49.058826
-0.285360 0.392445 0.035192 0.087229 -0.000000 3.141590 -0.430446 1.061984 9.122934 49.105125
-0.285408 0.392451 0.035186 0.087237 -0.000000 3.141590 -0.417354 0.956824 9.035079 49.151383
-0.285660 0.392431 0.035170 0.087298 0.000000 3.141590 -0.403821 0.598660 8.784208 49.197600
-0.285660 0.392431 0.035170 0.087298 0.000000 3.141590 -0.403821 0.598660 8.784208 49.243776
-0.285711 0.392420 0.035172 0.087309 0.000000 3.141590 -0.418088 0.520819 8.757262 49.289911
-0.285763 0.392409 0.035175 0.087317 0.000000 3.141590 -0.445870 0.434222 8.746438 49.336006
-0.285814 0.392396 0.035179 0.087321 0.000000 3.141590 -0.468423 0.351229 8.732368 49.382061
-0.285865 0.392383 0.035183 0.087321 0.000000 3.141590 -0.480376 0.265779 8.707611 49.428075
-0.285865 0.392383 0.035183 0.087321 0.000000 3.141590 -0.480376 0.265779 8.707611 49.474048
-0.285917 0.392369 0.035187 0.087318 0.000000 3.141590 -0.492614 0.208105 8.694952 49.519982
-0.285969 0.392354 0.035190 0.087312 0.000000 3.141590 -0.504301 0.135609 8.687690 49.565875
-0.286021 0.392337 0.035193 0.087304 0.000000 3.141590 -0.510339 0.053427 8.676944 49.611729
-0.286073 0.392320 0.035194 0.087295 0.000000 3.141590 -0.514390 -0.027288 8.665740 49.657542
-0.286336 0.392205 0.035178 0.087269 0.000000 3.141590 -0.612955 -0.389539 8.496605 49.703316
-0.286336 0.392205 0.035178 0.087269 0.000000 3.141590 -0.612955 -0.389539 8.496605 49.749051
-0.286388 0.392177 0.035172 0.087271 0.000000 3.141590 -0.646331 -0.471581 8.469683 49.794745
-0.286439 0.392147 0.035166 0.087276 0.000000 3.141590 -0.677115 -0.547211 8.444849 49.840400
-0.286489 0.392117 0.035160 0.087281 0.000000 3.141590 -0.698623 -0.600011 8.427494 49.886016
-0.286538 0.392086 0.035155 0.087286 0.000000 3.141590 -0.742397 -0.700547 8.536334 49.931593
-0.286630 0.392023 0.035150 0.087293 0.000000 3.141590 -0.812755 -0.854470 8.783992 49.977130
-0.286630 0.392023 0.035150 0.087293 0.000000 3.141590 -0.838089 -0.903152 8.937328 50.022629
-0.286674 0.391990 0.035150 0.087292 0.000000 3.141590 -0.838089 -0.903152 8.937328 50.068088
-0.286717 0.391957 0.035152 0.087289 0.000000 3.141590 -0.856084 -0.926857 9.052293 50.113509
-0.286798 0.391888 0.035163 0.087275 0.000000 3.141590 -0.924630 -1.016156 9.366590 50.158891
-0.286908 0.391776 0.035189 0.087250 -0.000000 3.141590 -0.992446 -1.170416 9.699385 50.204234
-0.286941 0.391736 0.035200 0.087244 -0.000000 3.141590 -0.995447 -1.237236 9.772742 50.249539
-0.286941 0.391736 0.035200 0.087244 -0.000000 3.141590 -0.995447 -1.237236 9.772742 50.294805
-0.286972 0.391694 0.035211 0.087241 -0.000000 3.141590 -0.990994 -1.261447 9.913830 50.340033
-0.287001 0.391651 0.035223 0.087241 -0.000000 3.141590 -0.987883 -1.278314 10.012402 50.385223
-0.287027 0.391606 0.035235 0.087245 -0.000000 3.141590 -0.984017 -1.299194 10.134862 50.430374
-0.287068 0.391514 0.035259 0.087263 -0.000000 3.141590 -0.951602 -1.300487 10.322569 50.475487
-0.287083 0.391466 0.035271 0.087276 0.000000 3.141590 -0.900444 -1.249828 10.363291 50.520563
-0.287083 0.391466 0.035271 0.087276 0.000000 3.141590 -0.852862 -1.172594 10.356282 50.565600
-0.287094 0.391418 0.035284 0.087289 0.000000 3.141590 -0.852862 -1.172594 10.356282 50.610600
-0.287102 0.391369 0.035297 0.087302 0.000000 3.141590 -0.819328 -1.096385 10.318956 50.655562
-0.287109 0.391220 0.035334 0.087333 0.000000 3.141590 -0.659004 -0.911753 10.138180 50.700487
-0.287106 0.391169 0.035346 0.087337 0.000000 3.141590 -0.624764 -0.885276 10.065710 50.745374
-0.287095 0.391068 0.035368 0.087331 0.000000 3.141590 -0.553475 -0.821643 9.844166 50.790224
-0.287087 0.391019 0.035377 0.087322 0.000000 3.141590 -0.504140 -0.772886 9.651959 50.835036
-0.287077 0.390970 0.035385 0.087309 0.000000 3.141590 -0.451370 -0.737413 9.449675 50.879811
-0.287077 0.390970 0.035385 0.087309 0.000000 3.141590 -0.451370 -0.737413 9.449675 50.924549
-0.287067 0.390922 0.035392 0.087293 0.000000 3.141590 -0.395721 -0.713804 9.239087 50.969250
-0.287055 0.390873 0.035398 0.087275 0.000000 3.141590 -0.356840 -0.697436 9.091963 51.013914
-0.287041 0.390825 0.035401 0.087257 -0.000000 3.141590 -0.308534 -0.677035 8.909170 51.058542
-0.287009 0.390727 0.035401 0.087220 -0.000000 3.141590 -0.227011 -0.613701 8.493893 51.103132
-0.286991 0.390677 0.035399 0.087205 -0.000000 3.141590 -0.192913 -0.572608 8.266369 51.147686
-0.286904 0.390473 0.035381 0.087176 -0.000000 3.141590 -0.053692 -0.531362 7.523630 51.192203
-0.286904 0.390473 0.035381 0.087176 -0.000000 3.141590 -0.053692 -0.531362 7.523630 51.236684
-0.286878 0.390420 0.035377 0.087181 -0.000000 3.141590 -0.045017 -0.528596 7.414598 51.281128
-0.286852 0.390368 0.035373 0.087188 -0.000000 3.141590 -0.034239 -0.525109 7.279132 51.325536
-0.286824 0.390316 0.035370 0.087199 -0.000000 3.141590 -0.018427 -0.513187 7.162756 51.369908
-0.286796 0.390264 0.035366 0.087211 -0.000000 3.141590 0.013076 -0.477233 7.080122 51.414244
-0.286796 0.390264 0.035366 0.087211 -0.000000 3.141590 0.013076 -0.477233 7.080122 51.458544
-0.286767 0.390213 0.035363 0.087224 -0.000000 3.141590 0.035087 -0.452024 7.022379 51.502807
-0.286737 0.390162 0.035358 0.087238 -0.000000 3.141590 0.058313 -0.414920 6.953101 51.547035
-0.286706 0.390112 0.035353 0.087250 -0.000000 3.141590 0.078415 -0.378825 6.889991 51.591227
-0.286674 0.390063 0.035346 0.087260 -0.000000 3.141590 0.096957 -0.345550 6.831784 51.635384
-0.286489 0.389841 0.035304 0.087275 0.000000 3.141590 0.184523 -0.259965 6.638415 51.679505
-0.286489 0.389841 0.035304 0.087275 0.000000 3.141590 0.184523 -0.259965 6.638415 51.723590
-0.286448 0.389802 0.035296 0.087274 0.000000 3.141590 0.212241 -0.242053 6.658815 51.767640
-0.286408 0.389764 0.035290 0.087274 0.000000 3.141590 0.258388 -0.220180 6.691260 51.811654
-0.286325 0.389696 0.035282 0.087278 0.000000 3.141590 0.292349 -0.173345 6.815373 51.855634
-0.286283 0.389667 0.035282 0.087281 0.000000 3.141590 0.302155 -0.152981 6.873489 51.899578
-0.286283 0.389667 0.035282 0.087281 0.000000 3.141590 0.302155 -0.152981 6.873489 51.943487
-0.286240 0.389642 0.035283 0.087282 0.000000 3.141590 0.338775 -0.150079 6.954253 51.987361
-0.286197 0.389620 0.035287 0.087282 0.000000 3.141590 0.371047 -0.151925 7.017269 52.031200
-0.286153 0.389604 0.035291 0.087279 0.000000 3.141590 0.395193 -0.137325 7.105632 52.075004
-0.286108 0.389592 0.035296 0.087275 0.000000 3.141590 0.402146 -0.107633 7.196803 52.118774
-0.285968 0.389576 0.035312 0.087261 -0.000000 3.141590 0.418606 -0.037426 7.412645 52.162508
-0.285869 0.389577 0.035320 0.087258 -0.000000 3.141590 0.560186 0.182321 7.187587 52.206209
-0.285869 0.389577 0.035320 0.087258 -0.000000 3.141590 0.560186 0.182321 7.187587 52.249874
-0.285819 0.389580 0.035321 0.087262 -0.000000 3.141590 0.584762 0.414715 6.930994 52.293506
-0.285716 0.389588 0.035319 0.087276 0.000000 3.141590 0.576137 0.796957 6.345443 52.337103
-0.285716 0.389588 0.035319 0.087276 0.000000 3.141590 0.576137 0.796957 6.345443 52.380665
-0.285665 0.389593 0.035316 0.087284 0.000000 3.141590 0.566101 0.947856 5.975448 52.424194
-0.285613 0.389600 0.035312 0.087293 0.000000 3.141590 0.528077 1.102340 5.626441 52.467688
-0.285561 0.389608 0.035308 0.087301 0.000000 3.141590 0.493006 1.244820 5.304543 52.511149
-0.285509 0.389619 0.035304 0.087307 0.000000 3.141590 0.473109 1.376838 5.020830 52.554575
-0.285457 0.389630 0.035299 0.087310 0.000000 3.141590 0.490633 1.500367 4.797133 52.597968
-0.285245 0.389698 0.035267 0.087287 0.000000 3.141590 0.609335 1.994638 4.090658 52.641326
-0.285192 0.389719 0.035257 0.087275 0.000000 3.141590 0.641320 2.113194 3.934655 52.684651
-0.285139 0.389741 0.035245 0.087262 -0.000000 3.141590 0.700040 2.255061 3.843668 52.727943
-0.285139 0.389741 0.035245 0.087262 -0.000000 3.141590 0.700040 2.255061 3.843668 52.771201
-0.285087 0.389765 0.035234 0.087249 -0.000000 3.141590 0.796283 2.469235 3.742148 52.814425
-0.285036 0.389789 0.035222 0.087237 -0.000000 3.141590 0.898852 2.705415 3.658612 52.857616
-0.284935 0.389841 0.035196 0.087218 -0.000000 3.141590 1.220447 3.391798 3.585719 52.900774
-0.284885 0.389867 0.035182 0.087214 -0.000000 3.141590 1.467359 3.778671 3.584357 52.943898
-0.284885 0.389867 0.035182 0.087214 -0.000000 3.141590 1.467359 3.778671 3.584357 52.986990
-0.284836 0.389894 0.035167 0.087214 -0.000000 3.141590 1.646803 4.072367 3.592324 53.030048
-0.284787 0.389922 0.035153 0.087219 -0.000000 3.141590 1.874182 4.452291 3.607930 53.073073
