-0.285672 0.391109 0.036276 0.087266 -0.000000 3.141590 -0.016140 0.018276 0.037287 0.000000
-0.285672 0.391109 0.036276 0.087266 -0.000000 3.141590 -0.016140 0.018276 0.037287 0.000000
-0.285672 0.391109 0.036276 0.087266 -0.000000 3.141590 -0.018385 0.017896 0.041633 0.000000
-0.285672 0.391109 0.036276 0.087267 0.000000 3.141590 -0.020699 0.019459 0.043061 0.000000
-0.285672 0.391109 0.036276 0.087267 0.000000 3.141590 -0.023534 0.026395 0.036944 0.000000
-0.285672 0.391109 0.036276 0.087267 0.000000 3.141590 -0.026150 0.032792 0.031301 0.000000
-0.285672 0.391108 0.036275 0.087267 0.000000 3.141590 -0.027977 0.037275 0.027358 0.000000
-0.285671 0.391107 0.036274 0.087268 0.000000 3.141590 -0.030247 0.042841 0.022458 0.000000
-0.285671 0.391105 0.036271 0.087268 0.000000 3.141590 -0.024454 0.041858 0.015857 0.000000
-0.285671 0.391105 0.036271 0.087268 0.000000 3.141590 -0.024454 0.041858 0.015857 0.000000
-0.285671 0.391101 0.036267 0.087266 -0.000000 3.141590 -0.019112 0.040925 0.009770 0.000000
-0.285671 0.391097 0.036261 0.087264 -0.000000 3.141590 -0.013125 0.043357 0.015352 0.000000
-0.285669 0.391076 0.036211 0.087262 -0.000000 3.141590 0.002528 0.035985 0.032582 0.000000
-0.285669 0.391071 0.036193 0.087267 0.000000 3.141590 0.007547 0.048854 0.027917 0.000000
-0.285670 0.391067 0.036175 0.087272 0.000000 3.141590 0.013784 0.064840 0.022122 0.000000
-0.285670 0.391065 0.036155 0.087277 0.000000 3.141590 0.006925 0.048060 0.046752 0.000000
-0.285671 0.391064 0.036135 0.087281 0.000000 3.141590 0.000600 0.032574 0.069470 0.000000
-0.285670 0.391066 0.036115 0.087284 0.000000 3.141590 -0.011323 0.047423 0.053273 0.000000
-0.285669 0.391069 0.036095 0.087283 0.000000 3.141590 -0.019654 0.057760 0.041960 0.000000
-0.285666 0.391074 0.036073 0.087280 0.000000 3.141590 -0.030004 0.070544 0.027909 0.000000
-0.285663 0.391079 0.036051 0.087274 0.000000 3.141590 -0.039550 0.082278 0.014955 0.000000
-0.285661 0.391084 0.036029 0.087266 -0.000000 3.141590 -0.040175 0.082357 0.015688 0.000000
-0.285661 0.391084 0.036029 0.087266 -0.000000 3.141590 -0.040175 0.082357 0.015688 0.000000
-0.285658 0.391090 0.036006 0.087258 -0.000000 3.141590 -0.032896 0.072126 0.028541 0.000000
-0.285660 0.391097 0.035913 0.087232 -0.000000 3.141590 -0.009861 0.086039 0.021269 0.000000
-0.285663 0.391094 0.035890 0.087232 -0.000000 3.141590 -0.028147 0.061969 0.038545 0.000000
-0.285667 0.391089 0.035868 0.087236 -0.000000 3.141590 -0.053232 0.023367 0.065992 0.000000
-0.285670 0.391083 0.035846 0.087244 -0.000000 3.141590 -0.076368 -0.012161 0.091301 0.000000
-0.285673 0.391075 0.035826 0.087254 -0.000000 3.141590 -0.067820 -0.017876 0.098996 0.000000
-0.285676 0.391068 0.035807 0.087267 0.000000 3.141590 -0.031234 0.002825 0.091066 0.000000
-0.285677 0.391061 0.035790 0.087280 0.000000 3.141590 -0.023195 0.002032 0.089997 0.000000
-0.285677 0.391055 0.035773 0.087293 0.000000 3.141590 -0.058093 -0.038318 0.100148 0.000000
-0.285675 0.391050 0.035757 0.087305 0.000000 3.141590 -0.090281 -0.075531 0.109509 0.000000
-0.285673 0.391047 0.035740 0.087316 0.000000 3.141590 -0.119968 -0.109870 0.118145 0.000000
-0.285673 0.391047 0.035740 0.087316 0.000000 3.141590 -0.119968 -0.109870 0.118145 0.000000
-0.285670 0.391045 0.035724 0.087324 0.000000 3.141590 -0.147349 -0.141577 0.126113 0.000000
-0.285663 0.391048 0.035646 0.087319 0.000000 3.141590 -0.090818 -0.045094 0.073012 0.000000
-0.285664 0.391049 0.035625 0.087311 0.000000 3.141590 -0.057687 -0.037622 0.068246 0.000000
-0.285666 0.391048 0.035603 0.087302 0.000000 3.141590 -0.007347 -0.024715 0.059588 0.000000
-0.285670 0.391046 0.035581 0.087293 0.000000 3.141590 -0.007839 -0.005834 0.072683 0.000000
-0.285673 0.391043 0.035559 0.087286 0.000000 3.141590 -0.008292 0.011585 0.084761 0.000000
-0.285677 0.391038 0.035538 0.087280 0.000000 3.141590 -0.008609 0.023744 0.093200 0.000000
-0.285680 0.391033 0.035517 0.087276 0.000000 3.141590 -0.027914 0.009884 0.097761 0.000000
-0.285682 0.391027 0.035497 0.087277 0.000000 3.141590 -0.045719 -0.002836 0.101961 0.000000
-0.285683 0.391022 0.035476 0.087281 0.000000 3.141590 -0.044829 -0.011870 0.091423 0.000000
-0.285683 0.391016 0.035454 0.087289 0.000000 3.141590 -0.038467 -0.019289 0.077087 0.000000
-0.285682 0.391012 0.035432 0.087299 0.000000 3.141590 -0.034021 -0.024375 0.067062 0.000000
-0.285679 0.391008 0.035410 0.087311 0.000000 3.141590 -0.028499 -0.030709 0.054608 0.000000
-0.285671 0.391003 0.035343 0.087350 0.000000 3.141590 -0.060506 -0.019256 0.177858 0.000000
-0.285671 0.391003 0.035343 0.087350 0.000000 3.141590 -0.083312 -0.000108 0.352569 0.000000
-0.285670 0.391002 0.035298 0.087368 0.000000 3.141590 -0.102217 0.014977 0.528937 0.000000
-0.285671 0.391001 0.035276 0.087373 0.000000 3.141590 -0.109859 0.026423 0.734840 0.000000
-0.285673 0.390999 0.035256 0.087372 0.000000 3.141590 -0.109986 0.047779 0.912736 0.000000
-0.285676 0.390997 0.035236 0.087367 0.000000 3.141590 -0.108397 0.065242 1.034124 0.000000
-0.285680 0.390993 0.035216 0.087358 0.000000 3.141590 -0.106423 0.086877 1.184943 0.000000
-0.285683 0.390990 0.035197 0.087344 0.000000 3.141590 -0.120670 0.113118 1.370241 0.000000
-0.285687 0.390987 0.035177 0.087329 0.000000 3.141590 -0.149242 0.143367 1.585509 0.000000
-0.285689 0.390983 0.035156 0.087311 0.000000 3.141590 -0.181171 0.163883 1.795054 0.000000
-0.285689 0.390983 0.035156 0.087311 0.000000 3.141590 -0.181171 0.163883 1.795054 0.000000
-0.285690 0.390981 0.035135 0.087292 0.000000 3.141590 -0.207537 0.172768 1.949467 0.000000
-0.285678 0.390980 0.035054 0.087227 -0.000000 3.141590 -0.296175 0.226091 2.664988 0.000000
-0.285672 0.390981 0.035036 0.087218 -0.000000 3.141590 -0.293444 0.254153 2.893026 0.000000
-0.285665 0.390983 0.035019 0.087212 -0.000000 3.141590 -0.300842 0.293154 3.180227 0.000000
-0.285659 0.390984 0.035003 0.087212 -0.000000 3.141590 -0.310841 0.333389 3.469720 0.789582
-0.285648 0.390982 0.034979 0.087224 -0.000000 3.141590 -0.344077 0.448180 4.167356 1.414427
-0.285644 0.390979 0.034970 0.087235 -0.000000 3.141590 -0.335990 0.487859 4.527958 1.951272
-0.285641 0.390974 0.034963 0.087247 -0.000000 3.141590 -0.328532 0.524507 4.860545 2.430349
-0.285641 0.390967 0.034956 0.087260 -0.000000 3.141590 -0.323069 0.570169 5.205172 2.867533
-0.285643 0.390959 0.034951 0.087273 0.000000 3.141590 -0.322110 0.646382 5.632171 3.272450
-0.285647 0.390949 0.034947 0.087286 0.000000 3.141590 -0.321440 0.699691 5.930504 3.651484
-0.285653 0.390938 0.034945 0.087296 0.000000 3.141590 -0.342346 0.739180 6.342467 4.009133
-0.285683 0.390890 0.034959 0.087303 0.000000 3.141590 -0.428052 0.785054 7.685569 4.348715
-0.285691 0.390880 0.034968 0.087293 0.000000 3.141590 -0.442436 0.715806 8.011825 4.672763
-0.285698 0.390871 0.034979 0.087280 0.000000 3.141590 -0.454257 0.641633 8.303624 4.983261
-0.285704 0.390863 0.034991 0.087264 -0.000000 3.141590 -0.459364 0.567371 8.487599 5.281803
-0.285708 0.390857 0.035004 0.087247 -0.000000 3.141590 -0.470181 0.480320 8.712666 5.569688
-0.285709 0.390854 0.035017 0.087228 -0.000000 3.141590 -0.480158 0.416616 8.921619 5.847997
-0.285709 0.390853 0.035032 0.087209 -0.000000 3.141590 -0.487932 0.360774 9.118027 6.117637
-0.285707 0.390855 0.035047 0.087192 -0.000000 3.141590 -0.493732 0.312082 9.302718 6.379378
-0.285707 0.390855 0.035047 0.087192 -0.000000 3.141590 -0.493732 0.312082 9.302718 6.633884
-0.285703 0.390859 0.035063 0.087176 -0.000000 3.141590 -0.499081 0.267181 9.473063 6.881729
-0.285698 0.390867 0.035080 0.087163 -0.000000 3.141590 -0.486679 0.236827 9.546615 7.123416
-0.285673 0.390922 0.035152 0.087152 -0.000000 3.141590 -0.396648 0.161300 9.738282 7.359385
-0.285667 0.390939 0.035170 0.087160 -0.000000 3.141590 -0.376158 0.155720 9.776291 7.590027
-0.285663 0.390957 0.035188 0.087170 -0.000000 3.141590 -0.357260 0.150637 9.811342 7.815692
-0.285661 0.390976 0.035205 0.087183 -0.000000 3.141590 -0.324142 0.167093 9.744749 8.036690
-0.285661 0.390976 0.035205 0.087183 -0.000000 3.141590 -0.324142 0.167093 9.744749 8.253301
-0.285661 0.390995 0.035221 0.087196 -0.000000 3.141590 -0.282997 0.187499 9.662016 8.465779
-0.285663 0.391014 0.035237 0.087209 -0.000000 3.141590 -0.217332 0.216042 9.581927 8.674353
-0.285675 0.391050 0.035263 0.087232 -0.000000 3.141590 -0.098472 0.272463 9.419740 8.879232
-0.285675 0.391050 0.035263 0.087232 -0.000000 3.141590 -0.067949 0.292906 9.351778 9.080607
-0.285684 0.391068 0.035274 0.087240 -0.000000 3.141590 -0.067949 0.292906 9.351778 9.278654
-0.285695 0.391084 0.035284 0.087244 -0.000000 3.141590 -0.038212 0.314928 9.240637 9.473532
-0.285760 0.391132 0.035295 0.087218 -0.000000 3.141590 0.018654 0.458882 8.828522 9.665391
-0.285772 0.391131 0.035291 0.087209 -0.000000 3.141590 0.011985 0.499972 8.695732 9.854366
-0.285783 0.391127 0.035285 0.087202 -0.000000 3.141590 0.007326 0.528648 8.602956 10.040586
-0.285783 0.391127 0.035285 0.087202 -0.000000 3.141590 0.001537 0.564346 8.487684 10.224168
-0.285793 0.391120 0.035279 0.087196 -0.000000 3.141590 0.001537 0.564346 8.487684 10.405221
-0.285800 0.391109 0.035273 0.087192 -0.000000 3.141590 -0.020898 0.589731 8.381269 10.583848
-0.285805 0.391095 0.035265 0.087193 -0.000000 3.141590 -0.058008 0.605927 8.283025 10.760144
-0.285807 0.391078 0.035257 0.087197 -0.000000 3.141590 -0.098627 0.620882 8.212796 10.934199
-0.285800 0.391040 0.035238 0.087215 -0.000000 3.141590 -0.182296 0.632270 8.204458 11.106096
-0.285792 0.391018 0.035227 0.087227 -0.000000 3.141590 -0.201236 0.598021 8.187452 11.275914
-0.285792 0.391018 0.035227 0.087227 -0.000000 3.141590 -0.201236 0.598021 8.187452 11.443727
-0.285723 0.390933 0.035186 0.087277 0.000000 3.141590 -0.259145 0.449339 8.054732 11.609605
-0.285700 0.390915 0.035177 0.087284 0.000000 3.141590 -0.243276 0.387093 8.024497 11.773614
-0.285675 0.390898 0.035170 0.087289 0.000000 3.141590 -0.223967 0.348668 8.015938 11.935814
-0.285675 0.390898 0.035170 0.087289 0.000000 3.141590 -0.223967 0.348668 8.015938 12.096267
-0.285649 0.390885 0.035166 0.087288 0.000000 3.141590 -0.178924 0.313855 8.037497 12.255026
-0.285622 0.390874 0.035163 0.087283 0.000000 3.141590 -0.137379 0.281651 8.057390 12.412145
-0.285595 0.390867 0.035162 0.087274 0.000000 3.141590 -0.099061 0.251855 8.075746 12.567673
-0.285540 0.390864 0.035166 0.087245 -0.000000 3.141590 -0.006550 0.196515 8.119083 12.721658
-0.285540 0.390864 0.035166 0.087245 -0.000000 3.141590 0.064477 0.162046 8.151878 12.874146
-0.285514 0.390869 0.035168 0.087227 -0.000000 3.141590 0.064477 0.162046 8.151878 13.025179
-0.285489 0.390877 0.035172 0.087208 -0.000000 3.141590 0.128122 0.174777 8.203405 13.174799
-0.285398 0.390959 0.035189 0.087134 -0.000000 3.141590 0.341221 0.287415 8.357051 13.323044
-0.285389 0.390979 0.035194 0.087128 -0.000000 3.141590 0.364805 0.305562 8.374396 13.469952
-0.285389 0.390979 0.035194 0.087128 -0.000000 3.141590 0.364805 0.305562 8.374396 13.615558
-0.285384 0.391020 0.035204 0.087132 -0.000000 3.141590 0.437857 0.396475 8.378510 13.759897
-0.285388 0.391039 0.035207 0.087140 -0.000000 3.141590 0.486281 0.438846 8.386842 13.903001
-0.285398 0.391058 0.035211 0.087151 -0.000000 3.141590 0.536097 0.478637 8.396610 14.044902
-0.285413 0.391076 0.035214 0.087163 -0.000000 3.141590 0.570902 0.506533 8.403426 14.185629
-0.285432 0.391093 0.035218 0.087176 -0.000000 3.141590 0.614145 0.541152 8.411897 14.325211
-0.285455 0.391108 0.035223 0.087189 -0.000000 3.141590 0.634167 0.586575 8.429026 14.463676
-0.285482 0.391121 0.035228 0.087202 -0.000000 3.141590 0.633561 0.641414 8.453772 14.601050
-0.285512 0.391131 0.035233 0.087212 -0.000000 3.141590 0.633137 0.679766 8.471059 14.737359
-0.285618 0.391147 0.035243 0.087224 -0.000000 3.141590 0.431587 0.783171 8.538095 14.872628
-0.285658 0.391146 0.035244 0.087221 -0.000000 3.141590 0.352425 0.819990 8.531058 15.006879
-0.285698 0.391141 0.035244 0.087215 -0.000000 3.141590 0.280754 0.859557 8.512915 15.140135
-0.285698 0.391141 0.035244 0.087215 -0.000000 3.141590 0.214650 0.896006 8.496185 15.272418
-0.285739 0.391131 0.035242 0.087207 -0.000000 3.141590 0.214650 0.896006 8.496185 15.403750
-0.285781 0.391116 0.035240 0.087199 -0.000000 3.141590 0.130531 0.908813 8.484944 15.534151
-0.285823 0.391098 0.035237 0.087190 -0.000000 3.141590 0.066146 0.912671 8.478111 15.663640
-0.285864 0.391076 0.035233 0.087182 -0.000000 3.141590 -0.017573 0.914528 8.471428 15.792236
-0.285904 0.391050 0.035229 0.087176 -0.000000 3.141590 -0.105524 0.907636 8.470485 15.919957
-0.285981 0.390989 0.035223 0.087173 -0.000000 3.141590 -0.261462 0.895561 8.468800 16.046821
-0.285981 0.390989 0.035223 0.087173 -0.000000 3.141590 -0.261462 0.895561 8.468800 16.172846
-0.286107 0.390841 0.035205 0.087208 -0.000000 3.141590 -0.475803 0.718631 8.533742 16.298047
-0.286130 0.390801 0.035200 0.087221 -0.000000 3.141590 -0.495034 0.665282 8.540114 16.422440
-0.286149 0.390761 0.035195 0.087234 -0.000000 3.141590 -0.509035 0.622429 8.523898 16.546042
-0.286164 0.390722 0.035190 0.087246 -0.000000 3.141590 -0.519342 0.589156 8.502691 16.668867
-0.286174 0.390684 0.035186 0.087257 -0.000000 3.141590 -0.520273 0.544708 8.479309 16.790929
-0.286177 0.390613 0.035181 0.087269 0.000000 3.141590 -0.521732 0.474984 8.442682 16.912243
-0.286169 0.390581 0.035180 0.087269 0.000000 3.141590 -0.522361 0.442964 8.445018 17.032822
-0.286169 0.390581 0.035180 0.087269 0.000000 3.141590 -0.522361 0.442964 8.445018 17.152680
-0.286156 0.390552 0.035178 0.087266 -0.000000 3.141590 -0.522940 0.413363 8.447178 17.271829
-0.286138 0.390526 0.035176 0.087260 -0.000000 3.141590 -0.489747 0.380195 8.372968 17.390281
-0.285981 0.390456 0.035153 0.087221 -0.000000 3.141590 -0.323506 0.269408 8.198424 17.508050
-0.285939 0.390456 0.035148 0.087217 -0.000000 3.141590 -0.283504 0.254839 8.198930 17.625146
-0.285895 0.390461 0.035144 0.087217 -0.000000 3.141590 -0.218152 0.228449 8.213173 17.741581
-0.285849 0.390472 0.035141 0.087220 -0.000000 3.141590 -0.163389 0.202855 8.244681 17.857366
-0.285849 0.390472 0.035141 0.087220 -0.000000 3.141590 -0.163389 0.202855 8.244681 17.972512
-0.285801 0.390488 0.035140 0.087224 -0.000000 3.141590 -0.115288 0.170509 8.329063 18.087029
-0.285752 0.390509 0.035141 0.087229 -0.000000 3.141590 -0.039477 0.146230 8.380182 18.200928
-0.285702 0.390535 0.035143 0.087234 -0.000000 3.141590 0.021116 0.130637 8.409419 18.314219
-0.285652 0.390566 0.035147 0.087238 -0.000000 3.141590 0.096397 0.111224 8.445748 18.426910
-0.285552 0.390641 0.035156 0.087241 -0.000000 3.141590 0.229479 0.193156 8.646984 18.539012
-0.285552 0.390641 0.035156 0.087241 -0.000000 3.141590 0.229479 0.193156 8.646984 18.650534
-0.285365 0.390830 0.035172 0.087215 -0.000000 3.141590 0.519407 0.447494 9.012086 18.761485
-0.285323 0.390883 0.035176 0.087206 -0.000000 3.141590 0.586581 0.505955 9.091823 18.871873
-0.285284 0.390936 0.035179 0.087198 -0.000000 3.141590 0.621592 0.615456 9.218370 18.981707
-0.285284 0.390936 0.035179 0.087198 -0.000000 3.141590 0.621592 0.615456 9.218370 19.090995
-0.285249 0.390991 0.035183 0.087192 -0.000000 3.141590 0.646053 0.691952 9.306787 19.199745
-0.285189 0.391099 0.035192 0.087189 -0.000000 3.141590 0.663067 0.827536 9.437174 19.307966
-0.285166 0.391152 0.035198 0.087193 -0.000000 3.141590 0.656838 0.905440 9.480756 19.415664
-0.285166 0.391152 0.035198 0.087193 -0.000000 3.141590 0.656838 0.905440 9.480756 19.522847
-0.285147 0.391204 0.035205 0.087201 -0.000000 3.141590 0.647491 0.983461 9.515829 19.629523
-0.285127 0.391302 0.035223 0.087224 -0.000000 3.141590 0.655149 1.102330 9.533624 19.735699
-0.285126 0.391348 0.035232 0.087237 -0.000000 3.141590 0.659063 1.163104 9.542715 19.841382
-0.285182 0.391505 0.035274 0.087281 0.000000 3.141590 0.539977 1.225881 9.131541 19.946579
-0.285182 0.391505 0.035274 0.087281 0.000000 3.141590 0.539977 1.225881 9.131541 20.051295
-0.285209 0.391535 0.035283 0.087285 0.000000 3.141590 0.506414 1.218501 9.040773 20.155538
-0.285241 0.391562 0.035292 0.087285 0.000000 3.141590 0.482965 1.213282 8.977359 20.259315
-0.285277 0.391585 0.035298 0.087280 0.000000 3.141590 0.435606 1.208714 8.850142 20.362631
-0.285360 0.391616 0.035304 0.087257 -0.000000 3.141590 0.310946 1.204744 8.537037 20.465492
-0.285360 0.391616 0.035304 0.087257 -0.000000 3.141590 0.232095 1.205179 8.404742 20.567905
-0.285406 0.391623 0.035304 0.087241 -0.000000 3.141590 0.232095 1.205179 8.404742 20.669875
-0.285454 0.391624 0.035302 0.087223 -0.000000 3.141590 0.173835 1.193745 8.248569 20.771408
-0.285504 0.391618 0.035299 0.087205 -0.000000 3.141590 0.147709 1.180955 8.110707 20.872509
-0.285556 0.391605 0.035295 0.087186 -0.000000 3.141590 0.100121 1.164045 7.941680 20.973185
-0.285772 0.391495 0.035271 0.087130 -0.000000 3.141590 -0.134885 1.026129 7.443210 21.073439
-0.285826 0.391454 0.035264 0.087125 -0.000000 3.141590 -0.174346 0.974327 7.388175 21.173279
-0.285826 0.391454 0.035264 0.087125 -0.000000 3.141590 -0.174346 0.974327 7.388175 21.272708
-0.285879 0.391409 0.035257 0.087125 -0.000000 3.141590 -0.210667 0.892604 7.338082 21.371732
-0.285931 0.391358 0.035250 0.087129 -0.000000 3.141590 -0.244167 0.817315 7.291872 21.470355
-0.286029 0.391248 0.035238 0.087147 -0.000000 3.141590 -0.303562 0.684036 7.209923 21.568583
-0.286075 0.391188 0.035232 0.087159 -0.000000 3.141590 -0.346717 0.603663 7.211687 21.666420
-0.286075 0.391188 0.035232 0.087159 -0.000000 3.141590 -0.346717 0.603663 7.211687 21.763871
-0.286118 0.391126 0.035226 0.087173 -0.000000 3.141590 -0.376869 0.547596 7.212911 21.860941
-0.286158 0.391062 0.035219 0.087186 -0.000000 3.141590 -0.403791 0.480061 7.227349 21.957633
-0.286194 0.390998 0.035211 0.087198 -0.000000 3.141590 -0.418501 0.419871 7.253063 22.053953
-0.286292 0.390739 0.035174 0.087221 -0.000000 3.141590 -0.432566 0.330881 7.415886 22.149903
-0.286304 0.390676 0.035164 0.087218 -0.000000 3.141590 -0.411722 0.274309 7.580359 22.245490
-0.286309 0.390615 0.035155 0.087212 -0.000000 3.141590 -0.411722 0.274309 7.580359 22.340717
-0.286308 0.390556 0.035146 0.087204 -0.000000 3.141590 -0.390776 0.243630 7.706350 22.435587
-0.286300 0.390499 0.035139 0.087195 -0.000000 3.141590 -0.380313 0.218692 7.844618 22.530105
-0.286285 0.390445 0.035133 0.087186 -0.000000 3.141590 -0.373496 0.196762 7.979208 22.624275
-0.286238 0.390345 0.035128 0.087172 -0.000000 3.141590 -0.362815 0.162401 8.190076 22.718101
-0.286206 0.390299 0.035129 0.087169 -0.000000 3.141590 -0.355790 0.146242 8.311354 22.811586
-0.286169 0.390258 0.035131 0.087169 -0.000000 3.141590 -0.344793 0.135233 8.462185 22.904733
-0.286169 0.390258 0.035131 0.087169 -0.000000 3.141590 -0.344793 0.135233 8.462185 22.997548
-0.285926 0.390118 0.035154 0.087217 -0.000000 3.141590 -0.109602 0.075285 9.054290 23.090033
-0.285868 0.390108 0.035157 0.087230 -0.000000 3.141590 -0.050129 0.058624 9.146981 23.182191
-0.285808 0.390105 0.035160 0.087243 -0.000000 3.141590 0.004725 0.043260 9.232472 23.274027
-0.285747 0.390109 0.035161 0.087253 -0.000000 3.141590 0.051155 0.060044 9.291083 23.365543
-0.285684 0.390121 0.035160 0.087261 -0.000000 3.141590 0.114028 0.098392 9.363194 23.456743
-0.285684 0.390121 0.035160 0.087261 -0.000000 3.141590 0.114028 0.098392 9.363194 23.547630
-0.285621 0.390139 0.035157 0.087265 -0.000000 3.141590 0.179959 0.129157 9.423926 23.638207
-0.285557 0.390164 0.035153 0.087266 -0.000000 3.141590 0.263652 0.144358 9.463282 23.728477
-0.285494 0.390196 0.035148 0.087262 -0.000000 3.141590 0.340844 0.158310 9.499586 23.818445
-0.285430 0.390233 0.035143 0.087256 -0.000000 3.141590 0.412040 0.171122 9.533076 23.908111
-0.285306 0.390322 0.035133 0.087240 -0.000000 3.141590 0.538168 0.269990 9.607019 23.997481
-0.285134 0.390486 0.035125 0.087217 -0.000000 3.141590 0.687931 0.643422 9.946453 24.086556
-0.285081 0.390546 0.035125 0.087214 -0.000000 3.141590 0.718159 0.766408 10.136580 24.175339
-0.285032 0.390608 0.035129 0.087214 -0.000000 3.141590 0.754441 0.884652 10.331366 24.263833
-0.284987 0.390672 0.035134 0.087216 -0.000000 3.141590 0.795730 0.976282 10.453928 24.352042
-0.284946 0.390737 0.035141 0.087220 -0.000000 3.141590 0.847028 1.090147 10.606198 24.439967
-0.284946 0.390737 0.035141 0.087220 -0.000000 3.141590 0.847028 1.090147 10.606198 24.527612
-0.284909 0.390804 0.035150 0.087225 -0.000000 3.141590 0.894341 1.195191 10.746639 24.614979
-0.284877 0.390871 0.035161 0.087230 -0.000000 3.141590 0.885836 1.254151 10.899893 24.702071
-0.284830 0.391006 0.035185 0.087237 -0.000000 3.141590 0.879275 1.386193 11.119176 24.788891
-0.284815 0.391074 0.035198 0.087237 -0.000000 3.141590 0.880458 1.457783 11.191058 24.875440
-0.284815 0.391074 0.035198 0.087237 -0.000000 3.141590 0.880458 1.457783 11.191058 24.961722
-0.284825 0.391337 0.035252 0.087211 -0.000000 3.141590 0.821198 1.699708 11.261526 25.047738
-0.284845 0.391398 0.035265 0.087202 -0.000000 3.141590 0.784185 1.745594 11.187481 25.133493
-0.284870 0.391456 0.035279 0.087195 -0.000000 3.141590 0.750313 1.745287 11.029981 25.218986
-0.284902 0.391510 0.035291 0.087188 -0.000000 3.141590 0.694596 1.729250 10.832930 25.304222
-0.284938 0.391561 0.035303 0.087185 -0.000000 3.141590 0.639301 1.702723 10.656500 25.389203
-0.285026 0.391647 0.035321 0.087190 -0.000000 3.141590 0.507012 1.618163 10.212962 25.473930
-0.285077 0.391682 0.035329 0.087197 -0.000000 3.141590 0.448434 1.577427 10.013135 25.558406
-0.285131 0.391712 0.035337 0.087208 -0.000000 3.141590 0.384195 1.539188 9.760309 25.642633
-0.285188 0.391736 0.035343 0.087220 -0.000000 3.141590 0.315138 1.503267 9.461319 25.726614
-0.285248 0.391753 0.035349 0.087233 -0.000000 3.141590 0.265068 1.459971 9.243467 25.810350
-0.285248 0.391753 0.035349 0.087233 -0.000000 3.141590 0.198195 1.359275 8.949905 25.893844
-0.285509 0.391755 0.035351 0.087277 0.000000 3.141590 0.027161 1.101675 8.199092 25.977098
-0.285577 0.391739 0.035347 0.087281 0.000000 3.141590 -0.035049 1.068125 7.947554 26.060114
-0.285646 0.391718 0.035341 0.087281 0.000000 3.141590 -0.078514 1.044623 7.771812 26.142893
-0.285714 0.391692 0.035334 0.087276 0.000000 3.141590 -0.119641 0.994476 7.525825 26.225438
-0.285714 0.391692 0.035334 0.087276 0.000000 3.141590 -0.119641 0.994476 7.525825 26.307751
-0.285783 0.391661 0.035326 0.087266 -0.000000 3.141590 -0.145210 0.928102 7.272397 26.389834
-0.285850 0.391626 0.035317 0.087253 -0.000000 3.141590 -0.174346 0.861600 7.041581 26.471689
-0.285917 0.391586 0.035308 0.087237 -0.000000 3.141590 -0.203928 0.798054 6.819258 26.553317
-0.286044 0.391496 0.035286 0.087201 -0.000000 3.141590 -0.226264 0.694468 6.461926 26.634721
-0.286044 0.391496 0.035286 0.087201 -0.000000 3.141590 -0.226264 0.694468 6.461926 26.715902
-0.286104 0.391446 0.035274 0.087183 -0.000000 3.141590 -0.233751 0.659620 6.342149 26.796862
-0.286311 0.391215 0.035227 0.087126 -0.000000 3.141590 -0.319733 0.441582 6.293692 26.877603
-0.286353 0.391151 0.035216 0.087121 -0.000000 3.141590 -0.325187 0.394136 6.291562 26.958127
-0.286390 0.391084 0.035205 0.087121 -0.000000 3.141590 -0.328997 0.361051 6.290068 27.038436
-0.286421 0.391015 0.035196 0.087125 -0.000000 3.141590 -0.339790 0.323244 6.318627 27.118530
-0.286467 0.390874 0.035182 0.087144 -0.000000 3.141590 -0.393262 0.265073 6.556200 27.198413
-0.286480 0.390802 0.035176 0.087156 -0.000000 3.141590 -0.419516 0.208726 6.723285 27.278085
-0.286486 0.390731 0.035171 0.087169 -0.000000 3.141590 -0.422850 0.171770 6.896048 27.357548
-0.286486 0.390731 0.035171 0.087169 -0.000000 3.141590 -0.422850 0.171770 6.896048 27.436804
-0.286485 0.390661 0.035165 0.087182 -0.000000 3.141590 -0.404423 0.160452 7.035665 27.515855
-0.286476 0.390593 0.035161 0.087195 -0.000000 3.141590 -0.385189 0.135057 7.208203 27.594701
-0.286462 0.390526 0.035157 0.087205 -0.000000 3.141590 -0.370962 0.100810 7.366449 27.673345
-0.286346 0.390287 0.035156 0.087214 -0.000000 3.141590 -0.256029 0.015882 7.924633 27.751789
-0.286305 0.390237 0.035160 0.087208 -0.000000 3.141590 -0.227078 0.026217 8.073967 27.830033
-0.286259 0.390191 0.035164 0.087200 -0.000000 3.141590 -0.200376 0.035706 8.211705 27.908079
-0.286210 0.390150 0.035169 0.087191 -0.000000 3.141590 -0.175748 0.044428 8.338746 27.985929
-0.286158 0.390113 0.035174 0.087183 -0.000000 3.141590 -0.153033 0.052460 8.455921 28.063585
-0.286158 0.390113 0.035174 0.087183 -0.000000 3.141590 -0.153033 0.052460 8.455921 28.141047
-0.286102 0.390082 0.035179 0.087175 -0.000000 3.141590 -0.080576 0.061929 8.532397 28.218317
-0.286044 0.390057 0.035184 0.087169 -0.000000 3.141590 -0.029952 0.068534 8.585830 28.295396
-0.285983 0.390037 0.035190 0.087165 -0.000000 3.141590 0.024276 0.099253 8.650255 28.372287
-0.285853 0.390015 0.035201 0.087170 -0.000000 3.141590 0.136705 0.138986 8.751852 28.448990
-0.285853 0.390015 0.035201 0.087170 -0.000000 3.141590 0.136705 0.138986 8.751852 28.525506
-0.285577 0.390043 0.035210 0.087214 -0.000000 3.141590 0.293099 0.246458 8.863165 28.601837
-0.285438 0.390092 0.035205 0.087239 -0.000000 3.141590 0.407186 0.336754 8.871226 28.677985
-0.285369 0.390124 0.035201 0.087250 -0.000000 3.141590 0.434473 0.383736 8.873164 28.753951
-0.285302 0.390161 0.035197 0.087258 -0.000000 3.141590 0.452214 0.429287 8.874433 28.829735
-0.285302 0.390161 0.035197 0.087258 -0.000000 3.141590 0.452214 0.429287 8.874433 28.905340
-0.285236 0.390202 0.035193 0.087262 -0.000000 3.141590 0.464609 0.461089 8.875321 28.980766
-0.285172 0.390248 0.035189 0.087262 -0.000000 3.141590 0.480009 0.500503 8.876434 29.056016
-0.285111 0.390297 0.035185 0.087259 -0.000000 3.141590 0.509066 0.574807 8.891235 29.131089
-0.285052 0.390350 0.035183 0.087253 -0.000000 3.141590 0.550132 0.679796 8.918113 29.205987
-0.284946 0.390466 0.035183 0.087236 -0.000000 3.141590 0.562659 0.844667 9.073596 29.280712
-0.284946 0.390466 0.035183 0.087236 -0.000000 3.141590 0.562659 0.844667 9.073596 29.355265
-0.284817 0.390656 0.035189 0.087214 -0.000000 3.141590 0.657300 1.045791 9.337655 29.429646
-0.284785 0.390722 0.035190 0.087210 -0.000000 3.141590 0.675010 1.103870 9.423517 29.503858
-0.284737 0.390857 0.035190 0.087212 -0.000000 3.141590 0.703380 1.218311 9.576619 29.577901
-0.284722 0.390926 0.035188 0.087217 -0.000000 3.141590 0.711570 1.285305 9.645637 29.651776
-0.284714 0.390995 0.035185 0.087222 -0.000000 3.141590 0.700882 1.331301 9.695197 29.725485
-0.284714 0.390995 0.035185 0.087222 -0.000000 3.141590 0.700882 1.331301 9.695197 29.799028
-0.284712 0.391064 0.035181 0.087227 -0.000000 3.141590 0.645571 1.386234 9.760211 29.872407
-0.284715 0.391132 0.035177 0.087231 -0.000000 3.141590 0.594556 1.436891 9.820175 29.945623
-0.284725 0.391200 0.035173 0.087234 -0.000000 3.141590 0.547503 1.483585 9.875485 30.018677
-0.284725 0.391200 0.035173 0.087234 -0.000000 3.141590 0.475930 1.562126 9.968907 30.091570
-0.284759 0.391333 0.035165 0.087230 -0.000000 3.141590 0.475930 1.562126 9.968907 30.164303
-0.284883 0.391574 0.035168 0.087199 -0.000000 3.141590 0.331742 1.648848 10.031873 30.236877
-0.284924 0.391627 0.035172 0.087191 -0.000000 3.141590 0.259922 1.654744 10.024031 30.309293
-0.285016 0.391717 0.035183 0.087182 -0.000000 3.141590 0.110149 1.705390 9.981975 30.381552
-0.285066 0.391755 0.035188 0.087182 -0.000000 3.141590 0.059941 1.722433 9.967871 30.453655
-0.285066 0.391755 0.035188 0.087182 -0.000000 3.141590 -0.006441 1.695557 9.908262 30.525604
-0.285118 0.391787 0.035194 0.087186 -0.000000 3.141590 -0.006441 1.695557 9.908262 30.597399
-0.285173 0.391812 0.035199 0.087194 -0.000000 3.141590 -0.067667 1.670844 9.853276 30.669041
-0.285229 0.391832 0.035204 0.087204 -0.000000 3.141590 -0.148187 1.651236 9.813656 30.740531
-0.285287 0.391847 0.035209 0.087217 -0.000000 3.141590 -0.210276 1.638388 9.788657 30.811870
-0.285408 0.391861 0.035218 0.087243 -0.000000 3.141590 -0.358566 1.607646 9.728956 30.883059
-0.285408 0.391861 0.035218 0.087243 -0.000000 3.141590 -0.358566 1.607646 9.728956 30.954099
-0.285661 0.391837 0.035230 0.087278 0.000000 3.141590 -0.481152 1.484818 9.410302 31.024991
-0.285725 0.391823 0.035231 0.087278 0.000000 3.141590 -0.502434 1.439399 9.321157 31.095736
-0.285790 0.391805 0.035233 0.087272 0.000000 3.141590 -0.534565 1.355298 9.212639 31.166335
-0.285854 0.391786 0.035234 0.087263 -0.000000 3.141590 -0.578194 1.273101 9.119761 31.236788
-0.285854 0.391786 0.035234 0.087263 -0.000000 3.141590 -0.578194 1.273101 9.119761 31.307097
-0.285917 0.391764 0.035235 0.087250 -0.000000 3.141590 -0.630886 1.193235 9.040387 31.377263
-0.285980 0.391740 0.035235 0.087234 -0.000000 3.141590 -0.679485 1.119503 8.967183 31.447285
-0.286041 0.391714 0.035235 0.087216 -0.000000 3.141590 -0.697657 1.086810 8.905032 31.517166
-0.286041 0.391714 0.035235 0.087216 -0.000000 3.141590 -0.712476 1.029520 8.742747 31.586906
-0.286160 0.391655 0.035232 0.087179 -0.000000 3.141590 -0.712476 1.029520 8.742747 31.656506
-0.286216 0.391623 0.035229 0.087161 -0.000000 3.141590 -0.688259 0.995291 8.669993 31.725967
-0.286413 0.391465 0.035223 0.087118 -0.000000 3.141590 -0.660231 0.842630 8.487709 31.795289
-0.286489 0.391372 0.035228 0.087122 -0.000000 3.141590 -0.686315 0.728812 8.467936 31.864473
-0.286519 0.391323 0.035231 0.087130 -0.000000 3.141590 -0.672447 0.668385 8.452313 31.933521
-0.286545 0.391273 0.035235 0.087140 -0.000000 3.141590 -0.679954 0.605794 8.418734 32.002433
-0.286545 0.391273 0.035235 0.087140 -0.000000 3.141590 -0.696968 0.542520 8.382521 32.071209
-0.286565 0.391222 0.035239 0.087152 -0.000000 3.141590 -0.696968 0.542520 8.382521 32.139852
-0.286580 0.391171 0.035243 0.087166 -0.000000 3.141590 -0.704804 0.494982 8.354824 32.208360
-0.286591 0.391118 0.035246 0.087181 -0.000000 3.141590 -0.714539 0.435882 8.320416 32.276736
-0.286597 0.391065 0.035248 0.087197 -0.000000 3.141590 -0.723518 0.381412 8.288677 32.344980
-0.286596 0.390957 0.035250 0.087228 -0.000000 3.141590 -0.619692 0.355687 8.144263 32.413092
-0.286596 0.390957 0.035250 0.087228 -0.000000 3.141590 -0.591698 0.318696 8.067145 32.481074
-0.286551 0.390740 0.035256 0.087261 -0.000000 3.141590 -0.546016 0.211356 7.881869 32.548926
-0.286551 0.390740 0.035256 0.087261 -0.000000 3.141590 -0.517971 0.172068 7.827554 32.616649
-0.286532 0.390687 0.035260 0.087258 -0.000000 3.141590 -0.517971 0.172068 7.827554 32.684244
-0.286510 0.390635 0.035264 0.087251 -0.000000 3.141590 -0.452352 0.119493 7.787445 32.751711
-0.286486 0.390584 0.035268 0.087241 -0.000000 3.141590 -0.391885 0.083204 7.744490 32.819051
-0.286431 0.390487 0.035274 0.087213 -0.000000 3.141590 -0.295134 0.078083 7.650620 32.886266
-0.286431 0.390487 0.035274 0.087213 -0.000000 3.141590 -0.237683 0.049429 7.627251 32.953354
-0.286401 0.390441 0.035275 0.087197 -0.000000 3.141590 -0.237683 0.049429 7.627251 33.020318
-0.286369 0.390396 0.035275 0.087181 -0.000000 3.141590 -0.185959 0.021273 7.598054 33.087158
-0.286335 0.390353 0.035273 0.087166 -0.000000 3.141590 -0.139465 -0.006339 7.563784 33.153875
-0.286299 0.390311 0.035269 0.087153 -0.000000 3.141590 -0.106980 -0.025684 7.539845 33.220469
-0.286093 0.390133 0.035240 0.087142 -0.000000 3.141590 0.108319 -0.015864 7.226634 33.286941
-0.286046 0.390106 0.035236 0.087153 -0.000000 3.141590 0.126716 0.001332 7.169993 33.353291
-0.285998 0.390083 0.035232 0.087166 -0.000000 3.141590 0.143684 0.017260 7.117746 33.419521
-0.285950 0.390064 0.035231 0.087181 -0.000000 3.141590 0.198590 0.046722 7.142257 33.485631
-0.285901 0.390050 0.035231 0.087197 -0.000000 3.141590 0.266805 0.083272 7.172714 33.551621
-0.285851 0.390039 0.035232 0.087213 -0.000000 3.141590 0.307374 0.094093 7.223520 33.617493
-0.285851 0.390039 0.035232 0.087213 -0.000000 3.141590 0.307374 0.094093 7.223520 33.683247
-0.285802 0.390033 0.035235 0.087228 -0.000000 3.141590 0.337639 0.096745 7.277650 33.748883
-0.285751 0.390029 0.035239 0.087241 -0.000000 3.141590 0.386556 0.110654 7.335676 33.814402
-0.285700 0.390030 0.035243 0.087251 -0.000000 3.141590 0.427542 0.124095 7.381958 33.879806
-0.285649 0.390034 0.035247 0.087258 -0.000000 3.141590 0.471553 0.151323 7.434079 33.945093
-0.285440 0.390083 0.035255 0.087241 -0.000000 3.141590 0.593372 0.263545 7.572346 34.010266
-0.285387 0.390103 0.035253 0.087228 -0.000000 3.141590 0.624562 0.306863 7.553530 34.075324
-0.285335 0.390126 0.035248 0.087213 -0.000000 3.141590 0.656150 0.350155 7.522659 34.140269
-0.285335 0.390126 0.035248 0.087213 -0.000000 3.141590 0.656150 0.350155 7.522659 34.205100
-0.285282 0.390151 0.035241 0.087197 -0.000000 3.141590 0.685285 0.390045 7.494189 34.269819
-0.285231 0.390178 0.035233 0.087181 -0.000000 3.141590 0.705641 0.417824 7.474305 34.334426
-0.285131 0.390236 0.035213 0.087153 -0.000000 3.141590 0.732985 0.502525 7.383480 34.398921
-0.285131 0.390236 0.035213 0.087153 -0.000000 3.141590 0.736365 0.551648 7.359303 34.463305
-0.285083 0.390268 0.035203 0.087142 -0.000000 3.141590 0.736365 0.551648 7.359303 34.527580
-0.285036 0.390301 0.035192 0.087135 -0.000000 3.141590 0.731998 0.615373 7.419083 34.591744
-0.284990 0.390334 0.035182 0.087133 -0.000000 3.141590 0.735005 0.668015 7.478622 34.655799
-0.284791 0.390519 0.035151 0.087181 -0.000000 3.141590 0.809360 0.982873 7.956888 34.719746
-0.284791 0.390519 0.035151 0.087181 -0.000000 3.141590 0.796159 1.018169 8.113431 34.783585
-0.284759 0.390559 0.035149 0.087197 -0.000000 3.141590 0.796159 1.018169 8.113431 34.847316
-0.284729 0.390600 0.035149 0.087213 -0.000000 3.141590 0.788308 1.060865 8.266461 34.910941
-0.284704 0.390642 0.035148 0.087228 -0.000000 3.141590 0.793528 1.129403 8.432523 34.974458
-0.284682 0.390684 0.035148 0.087241 -0.000000 3.141590 0.797175 1.177342 8.548543 35.037870
-0.284665 0.390727 0.035147 0.087251 -0.000000 3.141590 0.801705 1.236788 8.692698 35.101177
-0.284643 0.390816 0.035146 0.087261 -0.000000 3.141590 0.763081 1.327301 9.010624 35.164379
-0.284643 0.390816 0.035146 0.087261 -0.000000 3.141590 0.763081 1.327301 9.010624 35.227476
-0.284638 0.390863 0.035147 0.087258 -0.000000 3.141590 0.733174 1.352189 9.139863 35.290470
-0.284637 0.390911 0.035148 0.087251 -0.000000 3.141590 0.696975 1.408671 9.322044 35.353360
-0.284665 0.391115 0.035161 0.087197 -0.000000 3.141590 0.612231 1.709966 9.933452 35.416148
-0.284679 0.391168 0.035164 0.087181 -0.000000 3.141590 0.594121 1.769131 10.053315 35.478833
-0.284695 0.391222 0.035168 0.087166 -0.000000 3.141590 0.577418 1.823693 10.163869 35.541417
-0.284695 0.391222 0.035168 0.087166 -0.000000 3.141590 0.577418 1.823693 10.163869 35.603899
-0.284712 0.391274 0.035170 0.087153 -0.000000 3.141590 0.518775 1.859424 10.244578 35.666281
-0.284732 0.391327 0.035172 0.087142 -0.000000 3.141590 0.477801 1.884364 10.300971 35.728562
-0.284777 0.391429 0.035173 0.087133 -0.000000 3.141590 0.410647 1.923369 10.336773 35.790743
-0.284777 0.391429 0.035173 0.087133 -0.000000 3.141590 0.410647 1.923369 10.336773 35.852825
-0.284802 0.391478 0.035174 0.087135 -0.000000 3.141590 0.383033 1.939329 10.345835 35.914808
-0.284829 0.391526 0.035175 0.087142 -0.000000 3.141590 0.357563 1.954138 10.354185 35.976693
-0.284857 0.391573 0.035177 0.087153 -0.000000 3.141590 0.329632 1.960009 10.341219 36.038480
-0.285029 0.391787 0.035204 0.087228 -0.000000 3.141590 0.081678 1.878024 9.966949 36.100169
-0.285069 0.391826 0.035211 0.087241 -0.000000 3.141590 0.033077 1.847339 9.888100 36.161762
-0.285069 0.391826 0.035211 0.087241 -0.000000 3.141590 -0.021954 1.807145 9.812937 36.223257
-0.285109 0.391862 0.035218 0.087251 -0.000000 3.141590 -0.021954 1.807145 9.812937 36.284657
-0.285151 0.391897 0.035223 0.087258 -0.000000 3.141590 -0.060404 1.779053 9.760423 36.345961
-0.285193 0.391930 0.035228 0.087261 -0.000000 3.141590 -0.100871 1.760629 9.680214 36.407170
-0.285236 0.391960 0.035231 0.087258 -0.000000 3.141590 -0.131181 1.759483 9.591862 36.468284
-0.285280 0.391987 0.035231 0.087251 -0.000000 3.141590 -0.158658 1.754075 9.509911 36.529304
-0.285369 0.392030 0.035226 0.087228 -0.000000 3.141590 -0.199358 1.724503 9.379232 36.590230
-0.285369 0.392030 0.035226 0.087228 -0.000000 3.141590 -0.199358 1.724503 9.379232 36.651062
-0.285414 0.392046 0.035220 0.087213 -0.000000 3.141590 -0.220157 1.709335 9.312458 36.711801
-0.285607 0.392071 0.035191 0.087153 -0.000000 3.141590 -0.280756 1.425795 8.884252 36.772448
-0.285656 0.392068 0.035183 0.087142 -0.000000 3.141590 -0.296053 1.351387 8.799962 36.833003
-0.285706 0.392063 0.035177 0.087135 -0.000000 3.141590 -0.322338 1.261303 8.721069 36.893466
-0.285756 0.392054 0.035171 0.087133 -0.000000 3.141590 -0.350745 1.180142 8.675438 36.953837
-0.285756 0.392054 0.035171 0.087133 -0.000000 3.141590 -0.350745 1.180142 8.675438 37.014118
-0.285806 0.392043 0.035168 0.087135 -0.000000 3.141590 -0.391353 1.101171 8.663864 37.074308
-0.285856 0.392029 0.035166 0.087142 -0.000000 3.141590 -0.428808 1.028424 8.653181 37.134408
-0.285906 0.392012 0.035166 0.087153 -0.000000 3.141590 -0.454977 0.977705 8.645708 37.194418
-0.286006 0.391971 0.035170 0.087181 -0.000000 3.141590 -0.552255 0.793763 8.787455 37.254339
-0.286006 0.391971 0.035170 0.087181 -0.000000 3.141590 -0.552255 0.793763 8.787455 37.314171
-0.286056 0.391946 0.035172 0.087197 -0.000000 3.141590 -0.579684 0.680951 8.852769 37.373914
-0.286302 0.391796 0.035178 0.087258 -0.000000 3.141590 -0.669401 0.191358 9.153174 37.433570
-0.286349 0.391763 0.035177 0.087261 -0.000000 3.141590 -0.692947 0.097411 9.230812 37.493138
-0.286395 0.391729 0.035175 0.087258 -0.000000 3.141590 -0.729267 0.008643 9.301739 37.552618
-0.286438 0.391696 0.035175 0.087251 -0.000000 3.141590 -0.755819 -0.057267 9.351324 37.612011
-0.286438 0.391696 0.035175 0.087251 -0.000000 3.141590 -0.755819 -0.057267 9.351324 37.671318
-0.286480 0.391662 0.035175 0.087241 -0.000000 3.141590 -0.784228 -0.127611 9.409354 37.730538
-0.286520 0.391627 0.035176 0.087228 -0.000000 3.141590 -0.792254 -0.184745 9.448448 37.789673
-0.286557 0.391592 0.035179 0.087213 -0.000000 3.141590 -0.782202 -0.229990 9.470650 37.848722
-0.286592 0.391556 0.035183 0.087197 -0.000000 3.141590 -0.772931 -0.271760 9.491130 37.907687
-0.286592 0.391556 0.035183 0.087197 -0.000000 3.141590 -0.754381 -0.204305 9.604417 37.966566
-0.286655 0.391480 0.035197 0.087166 -0.000000 3.141590 -0.754381 -0.204305 9.604417 38.025361
-0.286723 0.391356 0.035226 0.087135 -0.000000 3.141590 -0.780977 -0.153313 9.738924 38.084072
-0.286748 0.391265 0.035247 0.087135 -0.000000 3.141590 -0.806754 -0.150964 9.796646 38.142700
-0.286754 0.391217 0.035258 0.087142 -0.000000 3.141590 -0.732701 -0.147243 9.734806 38.201244
-0.286758 0.391169 0.035268 0.087153 -0.000000 3.141590 -0.680961 -0.144535 9.691590 38.259705
-0.286758 0.391169 0.035268 0.087153 -0.000000 3.141590 -0.680961 -0.144535 9.691590 38.318084
-0.286758 0.391120 0.035277 0.087166 -0.000000 3.141590 -0.636337 -0.150425 9.622052 38.376380
-0.286751 0.391019 0.035293 0.087197 -0.000000 3.141590 -0.567829 -0.152052 9.404804 38.434595
-0.286744 0.390968 0.035300 0.087213 -0.000000 3.141590 -0.518699 -0.133513 9.252337 38.492728
-0.286744 0.390968 0.035300 0.087213 -0.000000 3.141590 -0.518699 -0.133513 9.252337 38.550780
-0.286734 0.390916 0.035307 0.087228 -0.000000 3.141590 -0.491210 -0.159101 9.100251 38.608751
-0.286723 0.390864 0.035314 0.087241 -0.000000 3.141590 -0.465856 -0.182713 8.959981 38.666641
-0.286630 0.390604 0.035335 0.087251 -0.000000 3.141590 -0.305729 -0.184650 8.224368 38.724451
-0.286606 0.390553 0.035334 0.087241 -0.000000 3.141590 -0.272934 -0.190070 8.110376 38.782182
-0.286580 0.390503 0.035332 0.087228 -0.000000 3.141590 -0.232188 -0.196807 7.968751 38.839833
-0.286580 0.390503 0.035332 0.087228 -0.000000 3.141590 -0.232188 -0.196807 7.968751 38.897405
-0.286553 0.390454 0.035329 0.087213 -0.000000 3.141590 -0.195364 -0.204098 7.833081 38.954897
-0.286526 0.390406 0.035325 0.087197 -0.000000 3.141590 -0.163581 -0.213809 7.693394 39.012312
-0.286498 0.390360 0.035321 0.087181 -0.000000 3.141590 -0.131506 -0.210287 7.551844 39.069648
-0.286469 0.390315 0.035315 0.087166 -0.000000 3.141590 -0.093971 -0.171014 7.384649 39.126906
-0.286406 0.390229 0.035302 0.087142 -0.000000 3.141590 -0.007713 -0.141968 7.154885 39.184087
-0.286406 0.390229 0.035302 0.087142 -0.000000 3.141590 -0.007713 -0.141968 7.154885 39.241190
-0.286373 0.390187 0.035295 0.087135 -0.000000 3.141590 0.034509 -0.148564 7.057840 39.298216
-0.286184 0.389994 0.035258 0.087166 -0.000000 3.141590 0.124524 -0.114745 6.817032 39.355166
-0.286184 0.389994 0.035258 0.087166 -0.000000 3.141590 0.124524 -0.114745 6.817032 39.412040
-0.286184 0.389994 0.035258 0.087166 -0.000000 3.141590 0.124524 -0.114745 6.817032 39.468837
-0.286143 0.389961 0.035253 0.087181 -0.000000 3.141590 0.178366 -0.090589 6.828116 39.525559
-0.286058 0.389902 0.035244 0.087213 -0.000000 3.141590 0.273827 -0.047662 6.847759 39.582205
-0.286015 0.389879 0.035240 0.087228 -0.000000 3.141590 0.316071 -0.028647 6.856451 39.638776
-0.286015 0.389879 0.035240 0.087228 -0.000000 3.141590 0.316071 -0.028647 6.856451 39.695272
-0.285970 0.389859 0.035236 0.087241 -0.000000 3.141590 0.277924 -0.007366 6.939306 39.751694
-0.285924 0.389845 0.035232 0.087251 -0.000000 3.141590 0.242740 0.012231 7.015727 39.808041
-0.285877 0.389835 0.035228 0.087258 -0.000000 3.141590 0.270412 0.016832 7.043526 39.864315
-0.285877 0.389835 0.035228 0.087258 -0.000000 3.141590 0.383942 0.048370 7.130553 39.920515
-0.285629 0.389846 0.035205 0.087228 -0.000000 3.141590 0.475403 0.142232 7.370796 39.976641
-0.285577 0.389859 0.035204 0.087213 -0.000000 3.141590 0.504600 0.173660 7.443879 40.032695
-0.285525 0.389875 0.035204 0.087197 -0.000000 3.141590 0.536139 0.215376 7.497159 40.088676
-0.285472 0.389893 0.035207 0.087181 -0.000000 3.141590 0.575323 0.267279 7.563349 40.144584
-0.285369 0.389935 0.035214 0.087153 -0.000000 3.141590 0.618978 0.329439 7.758211 40.200420
-0.285369 0.389935 0.035214 0.087153 -0.000000 3.141590 0.636528 0.354939 7.849747 40.256184
-0.285318 0.389958 0.035219 0.087142 -0.000000 3.141590 0.636528 0.354939 7.849747 40.311876
-0.285268 0.389981 0.035224 0.087135 -0.000000 3.141590 0.652715 0.378511 7.934169 40.367497
-0.285219 0.390005 0.035228 0.087133 -0.000000 3.141590 0.665336 0.402272 7.986786 40.423047
-0.285170 0.390030 0.035232 0.087135 -0.000000 3.141590 0.684378 0.450457 8.035849 40.478525
-0.285073 0.390081 0.035235 0.087153 -0.000000 3.141590 0.698171 0.518216 8.090651 40.533934
-0.284932 0.390167 0.035228 0.087197 -0.000000 3.141590 0.674832 0.600112 7.970789 40.589272
-0.284886 0.390198 0.035223 0.087213 -0.000000 3.141590 0.685475 0.633011 7.904670 40.644540
-0.284886 0.390198 0.035223 0.087213 -0.000000 3.141590 0.695291 0.663361 7.843687 40.699738
-0.284841 0.390231 0.035218 0.087228 -0.000000 3.141590 0.695291 0.663361 7.843687 40.754867
-0.284757 0.390299 0.035208 0.087251 -0.000000 3.141590 0.729022 0.716821 7.786221 40.809926
-0.284718 0.390335 0.035204 0.087258 -0.000000 3.141590 0.733418 0.757487 7.799733 40.864917
-0.284681 0.390373 0.035200 0.087261 -0.000000 3.141590 0.726927 0.798311 7.831613 40.919838
-0.284681 0.390373 0.035200 0.087261 -0.000000 3.141590 0.726927 0.798311 7.831613 40.974692
-0.284646 0.390412 0.035197 0.087258 -0.000000 3.141590 0.718864 0.848926 7.871230 41.029477
-0.284614 0.390454 0.035192 0.087251 -0.000000 3.141590 0.711427 0.895519 7.907778 41.084194
-0.284558 0.390542 0.035182 0.087228 -0.000000 3.141590 0.717594 0.978509 8.029981 41.138843
-0.284489 0.390735 0.035156 0.087166 -0.000000 3.141590 0.695425 1.238378 8.372435 41.193425
-0.284489 0.390735 0.035156 0.087166 -0.000000 3.141590 0.695425 1.238378 8.372435 41.247940
-0.284482 0.390786 0.035151 0.087153 -0.000000 3.141590 0.672909 1.306684 8.467023 41.302387
-0.284478 0.390836 0.035146 0.087142 -0.000000 3.141590 0.631371 1.322675 8.594553 41.356768
-0.284481 0.390935 0.035144 0.087133 -0.000000 3.141590 0.560230 1.370985 8.839753 41.411083
-0.284481 0.390935 0.035144 0.087133 -0.000000 3.141590 0.560230 1.370985 8.839753 41.465331
-0.284486 0.390984 0.035145 0.087135 -0.000000 3.141590 0.542761 1.437655 8.970582 41.519513
-0.284494 0.391032 0.035147 0.087142 -0.000000 3.141590 0.521058 1.520561 9.133118 41.573630
-0.284503 0.391080 0.035150 0.087153 -0.000000 3.141590 0.503307 1.542352 9.312769 41.627681
-0.284514 0.391127 0.035154 0.087166 -0.000000 3.141590 0.487660 1.544991 9.487982 41.681667
-0.284541 0.391223 0.035161 0.087197 -0.000000 3.141590 0.459918 1.549814 9.798621 41.735588
-0.284596 0.391367 0.035165 0.087241 -0.000000 3.141590 0.391320 1.585115 9.996370 41.789443
-0.284642 0.391466 0.035161 0.087258 -0.000000 3.141590 0.283426 1.694685 9.998806 41.843235
-0.284667 0.391516 0.035159 0.087261 -0.000000 3.141590 0.206246 1.706169 9.931793 41.896962
-0.284693 0.391566 0.035156 0.087258 -0.000000 3.141590 0.169323 1.718294 9.879510 41.950625
-0.284693 0.391566 0.035156 0.087258 -0.000000 3.141590 0.169323 1.718294 9.879510 42.004224
-0.284719 0.391616 0.035153 0.087251 -0.000000 3.141590 0.151832 1.727059 9.845297 42.057759
-0.284747 0.391666 0.035152 0.087241 -0.000000 3.141590 0.130102 1.737913 9.802793 42.111231
-0.284776 0.391715 0.035151 0.087228 -0.000000 3.141590 0.091131 1.747535 9.755594 42.164640
-0.284806 0.391763 0.035152 0.087213 -0.000000 3.141590 0.037007 1.756048 9.704380 42.217986
-0.284837 0.391810 0.035155 0.087197 -0.000000 3.141590 -0.003241 1.764987 9.658926 42.271269
-0.284903 0.391900 0.035166 0.087166 -0.000000 3.141590 -0.018959 1.784395 9.596420 42.324489
-0.285011 0.392022 0.035187 0.087135 -0.000000 3.141590 -0.077677 1.797247 9.566210 42.377647
-0.285011 0.392022 0.035187 0.087135 -0.000000 3.141590 -0.077677 1.797247 9.566210 42.430743
-0.285050 0.392058 0.035194 0.087133 -0.000000 3.141590 -0.117592 1.791476 9.594982 42.483778
-0.285130 0.392120 0.035205 0.087142 -0.000000 3.141590 -0.148329 1.716960 9.551879 42.536750
-0.285171 0.392145 0.035208 0.087153 -0.000000 3.141590 -0.180873 1.623810 9.483147 42.589661
-0.285171 0.392145 0.035208 0.087153 -0.000000 3.141590 -0.220072 1.517425 9.405411 42.642511
-0.285212 0.392167 0.035209 0.087166 -0.000000 3.141590 -0.220072 1.517425 9.405411 42.695300
-0.285255 0.392184 0.035208 0.087181 -0.000000 3.141590 -0.237698 1.424563 9.287212 42.748028
-0.285298 0.392196 0.035205 0.087197 -0.000000 3.141590 -0.253955 1.338953 9.178189 42.800695
-0.285388 0.392210 0.035195 0.087228 -0.000000 3.141590 -0.279117 1.167830 8.917390 42.853303
-0.285434 0.392212 0.035188 0.087241 -0.000000 3.141590 -0.286221 1.103472 8.805426 42.905849
-0.285579 0.392204 0.035166 0.087261 -0.000000 3.141590 -0.378072 0.899063 8.482971 42.958336
-0.285630 0.392198 0.035158 0.087258 -0.000000 3.141590 -0.406013 0.841587 8.393581 43.010763
-0.285680 0.392190 0.035151 0.087251 -0.000000 3.141590 -0.427158 0.760110 8.328062 43.063131
-0.285731 0.392180 0.035144 0.087241 -0.000000 3.141590 -0.438566 0.682430 8.294604 43.115439
-0.285832 0.392160 0.035135 0.087213 -0.000000 3.141590 -0.498414 0.483215 8.279993 43.167688
-0.285882 0.392148 0.035132 0.087197 -0.000000 3.141590 -0.536487 0.383543 8.310112 43.219878
-0.285882 0.392148 0.035132 0.087197 -0.000000 3.141590 -0.536487 0.383543 8.310112 43.272009
-0.285932 0.392135 0.035130 0.087181 -0.000000 3.141590 -0.551196 0.281221 8.352965 43.324082
-0.285981 0.392121 0.035129 0.087166 -0.000000 3.141590 -0.571100 0.194570 8.421985 43.376097
-0.286031 0.392106 0.035127 0.087153 -0.000000 3.141590 -0.589618 0.139601 8.491671 43.428053
-0.286080 0.392088 0.035125 0.087142 -0.000000 3.141590 -0.612624 0.071419 8.578239 43.479951
-0.286275 0.391995 0.035115 0.087142 -0.000000 3.141590 -0.682497 -0.379614 8.879365 43.531791
-0.286323 0.391966 0.035114 0.087153 -0.000000 3.141590 -0.680588 -0.451162 8.934313 43.583574
-0.286371 0.391935 0.035114 0.087166 -0.000000 3.141590 -0.678215 -0.540051 9.002580 43.635300
-0.286418 0.391903 0.035115 0.087181 -0.000000 3.141590 -0.676027 -0.621981 9.065540 43.686968
-0.286464 0.391870 0.035118 0.087197 -0.000000 3.141590 -0.671467 -0.708399 9.158030 43.738579
-0.286464 0.391870 0.035118 0.087197 -0.000000 3.141590 -0.671467 -0.708399 9.158030 43.790133
-0.286509 0.391835 0.035124 0.087213 -0.000000 3.141590 -0.666448 -0.791567 9.254352 43.841631
-0.286553 0.391800 0.035131 0.087228 -0.000000 3.141590 -0.676669 -0.903100 9.359279 43.893072
-0.286636 0.391728 0.035149 0.087251 -0.000000 3.141590 -0.719280 -1.075050 9.563883 43.944457
-0.286636 0.391728 0.035149 0.087251 -0.000000 3.141590 -0.719280 -1.075050 9.563883 43.995786
-0.286675 0.391690 0.035160 0.087258 -0.000000 3.141590 -0.780011 -1.132462 9.699083 44.047059
-0.286841 0.391489 0.035216 0.087228 -0.000000 3.141590 -0.842588 -1.191973 10.141998 44.098277
-0.286865 0.391446 0.035228 0.087213 -0.000000 3.141590 -0.807498 -1.100834 10.137834 44.149438
-0.286865 0.391446 0.035228 0.087213 -0.000000 3.141590 -0.771896 -0.997494 10.122890 44.200545
-0.286887 0.391404 0.035239 0.087197 -0.000000 3.141590 -0.771896 -0.997494 10.122890 44.251596
-0.286904 0.391361 0.035249 0.087181 -0.000000 3.141590 -0.739059 -0.902204 10.109109 44.302592
-0.286917 0.391317 0.035259 0.087166 -0.000000 3.141590 -0.708773 -0.814323 10.096399 44.353533
-0.286930 0.391229 0.035276 0.087142 -0.000000 3.141590 -0.694993 -0.742393 9.928880 44.404420
-0.286930 0.391229 0.035276 0.087142 -0.000000 3.141590 -0.695207 -0.728424 9.855166 44.455252
-0.286932 0.391183 0.035284 0.087135 -0.000000 3.141590 -0.695207 -0.728424 9.855166 44.506030
-0.286931 0.391137 0.035292 0.087133 -0.000000 3.141590 -0.652871 -0.684726 9.670947 44.556754
-0.286927 0.391088 0.035301 0.087135 -0.000000 3.141590 -0.607858 -0.645666 9.491796 44.607424
-0.286881 0.390832 0.035335 0.087197 -0.000000 3.141590 -0.379339 -0.482435 8.600058 44.658040
-0.286881 0.390832 0.035335 0.087197 -0.000000 3.141590 -0.379339 -0.482435 8.600058 44.708602
-0.286866 0.390779 0.035338 0.087213 -0.000000 3.141590 -0.358038 -0.437891 8.389623 44.759111
-0.286850 0.390726 0.035340 0.087228 -0.000000 3.141590 -0.328819 -0.401530 8.181263 44.809567
-0.286833 0.390674 0.035339 0.087241 -0.000000 3.141590 -0.274289 -0.381637 7.947967 44.859970
-0.286833 0.390674 0.035339 0.087241 -0.000000 3.141590 -0.274289 -0.381637 7.947967 44.910320
-0.286815 0.390623 0.035337 0.087251 -0.000000 3.141590 -0.223993 -0.363321 7.732795 44.960616
-0.286796 0.390572 0.035333 0.087258 -0.000000 3.141590 -0.188853 -0.350531 7.582458 45.010861
-0.286775 0.390522 0.035328 0.087261 -0.000000 3.141590 -0.145194 -0.334760 7.395689 45.061053
-0.286775 0.390522 0.035328 0.087261 -0.000000 3.141590 -0.064252 -0.292930 7.022759 45.111192
-0.286728 0.390425 0.035314 0.087251 -0.000000 3.141590 -0.064252 -0.292930 7.022759 45.161280
-0.286618 0.390237 0.035280 0.087197 -0.000000 3.141590 0.040651 -0.253995 6.593619 45.211315
-0.286586 0.390192 0.035272 0.087181 -0.000000 3.141590 0.066271 -0.233004 6.522625 45.261299
-0.286553 0.390148 0.035264 0.087166 -0.000000 3.141590 0.089901 -0.213651 6.457147 45.311231
-0.286484 0.390064 0.035251 0.087142 -0.000000 3.141590 0.146002 -0.181864 6.406658 45.361112
-0.286484 0.390064 0.035251 0.087142 -0.000000 3.141590 0.177644 -0.168967 6.415788 45.410941
-0.286449 0.390024 0.035246 0.087135 -0.000000 3.141590 0.177644 -0.168967 6.415788 45.460720
-0.286414 0.389985 0.035241 0.087133 -0.000000 3.141590 0.204246 -0.172342 6.431744 45.510447
-0.286377 0.389948 0.035237 0.087135 -0.000000 3.141590 0.237296 -0.176430 6.451560 45.560123
-0.286339 0.389911 0.035232 0.087142 -0.000000 3.141590 0.267779 -0.180111 6.469828 45.609749
-0.286301 0.389875 0.035226 0.087153 -0.000000 3.141590 0.295894 -0.183426 6.486670 45.659324
-0.286221 0.389808 0.035215 0.087181 -0.000000 3.141590 0.342397 -0.169689 6.631899 45.708849
-0.286092 0.389724 0.035201 0.087228 -0.000000 3.141590 0.421891 -0.150489 6.893883 45.758324
-0.286047 0.389702 0.035199 0.087241 -0.000000 3.141590 0.422972 -0.162641 7.037090 45.807748
-0.286047 0.389702 0.035199 0.087241 -0.000000 3.141590 0.422972 -0.162641 7.037090 45.857123
-0.286000 0.389684 0.035199 0.087251 -0.000000 3.141590 0.423970 -0.176185 7.159239 45.906448
-0.285905 0.389662 0.035204 0.087261 -0.000000 3.141590 0.425739 -0.204627 7.357480 45.955723
-0.285857 0.389657 0.035208 0.087258 -0.000000 3.141590 0.449498 -0.155300 7.412672 46.004949
-0.285857 0.389657 0.035208 0.087258 -0.000000 3.141590 0.449498 -0.155300 7.412672 46.054125
-0.285809 0.389656 0.035212 0.087251 -0.000000 3.141590 0.493848 -0.056332 7.474033 46.103252
-0.285760 0.389659 0.035218 0.087241 -0.000000 3.141590 0.525784 0.071040 7.458011 46.152331
-0.285710 0.389665 0.035224 0.087228 -0.000000 3.141590 0.529397 0.292682 7.233977 46.201360
-0.285609 0.389686 0.035235 0.087197 -0.000000 3.141590 0.535802 0.685509 6.836776 46.250341
-0.285452 0.389735 0.035245 0.087153 -0.000000 3.141590 0.596194 1.235452 6.080326 46.299273
-0.285399 0.389754 0.035245 0.087142 -0.000000 3.141590 0.620148 1.439446 5.835994 46.348157
-0.285346 0.389775 0.035243 0.087135 -0.000000 3.141590 0.640494 1.631392 5.627413 46.396992
-0.285293 0.389796 0.035240 0.087133 -0.000000 3.141590 0.671445 1.863325 5.451001 46.445779
-0.285191 0.389838 0.035233 0.087142 -0.000000 3.141590 0.737316 2.244903 5.201255 46.494518
-0.285191 0.389838 0.035233 0.087142 -0.000000 3.141590 0.777324 2.432416 5.080361 46.543210
-0.285140 0.389860 0.035228 0.087153 -0.000000 3.141590 0.777324 2.432416 5.080361 46.591853
-0.285091 0.389882 0.035222 0.087166 -0.000000 3.141590 0.814224 2.605431 4.968852 46.640449
-0.285042 0.389904 0.035214 0.087181 -0.000000 3.141590 0.872514 2.847593 4.960686 46.688998
-0.284994 0.389927 0.035205 0.087197 -0.000000 3.141590 0.926277 3.070984 4.953152 46.737499
-0.284899 0.389976 0.035183 0.087228 -0.000000 3.141590 1.013977 3.553567 5.061559 46.785953
-0.284762 0.390064 0.035142 0.087258 -0.000000 3.141590 1.129970 4.215127 5.340899 46.834360
-0.284718 0.390096 0.035127 0.087261 -0.000000 3.141590 1.130533 4.206464 5.755291 46.882720
-0.284676 0.390130 0.035112 0.087258 -0.000000 3.141590 1.120252 4.125651 6.115436 46.931034
-0.284676 0.390130 0.035112 0.087258 -0.000000 3.141590 1.079655 3.841451 6.384025 46.979301
-0.284636 0.390166 0.035098 0.087251 -0.000000 3.141590 1.079655 3.841451 6.384025 47.027521
-0.284598 0.390203 0.035084 0.087241 -0.000000 3.141590 1.051289 3.642776 6.571695 47.075695
-0.284526 0.390280 0.035060 0.087213 -0.000000 3.141590 1.021911 3.428965 7.011846 47.123823
-0.284494 0.390321 0.035051 0.087197 -0.000000 3.141590 1.026526 3.368689 7.227813 47.171904
-0.284494 0.390321 0.035051 0.087197 -0.000000 3.141590 1.026526 3.368689 7.227813 47.219940
-0.284463 0.390363 0.035044 0.087181 -0.000000 3.141590 1.030783 3.313072 7.427006 47.267930
-0.284434 0.390407 0.035040 0.087166 -0.000000 3.141590 1.008652 3.225961 7.668751 47.315874
-0.284407 0.390452 0.035040 0.087153 -0.000000 3.141590 0.974233 3.138994 7.879872 47.363772
-0.284319 0.390731 0.035082 0.087153 -0.000000 3.141590 0.810740 2.754559 9.371857 47.411626
-0.284319 0.390731 0.035082 0.087153 -0.000000 3.141590 0.810740 2.754559 9.371857 47.459433
-0.284316 0.390779 0.035094 0.087166 -0.000000 3.141590 0.794192 2.731494 9.546308 47.507196
-0.284315 0.390827 0.035105 0.087181 -0.000000 3.141590 0.768809 2.704575 9.727762 47.554914
-0.284317 0.390873 0.035115 0.087197 -0.000000 3.141590 0.740765 2.681481 9.861229 47.602586
-0.284320 0.390920 0.035126 0.087213 -0.000000 3.141590 0.708856 2.677644 9.982301 47.650214
-0.284324 0.390966 0.035135 0.087228 -0.000000 3.141590 0.679398 2.680516 10.092860 47.697797
-0.284331 0.391012 0.035145 0.087241 -0.000000 3.141590 0.649926 2.668232 10.171923 47.745336
-0.284348 0.391106 0.035165 0.087258 -0.000000 3.141590 0.603753 2.648924 10.295799 47.792830
-0.284348 0.391106 0.035165 0.087258 -0.000000 3.141590 0.603753 2.648924 10.295799 47.840280
-0.284360 0.391154 0.035175 0.087261 -0.000000 3.141590 0.565919 2.606941 10.261404 47.887686
-0.284421 0.391357 0.035211 0.087228 -0.000000 3.141590 0.440747 2.412359 9.979813 47.935048
-0.284421 0.391357 0.035211 0.087228 -0.000000 3.141590 0.412321 2.361461 9.895795 47.982366
-0.284440 0.391410 0.035217 0.087213 -0.000000 3.141590 0.412321 2.361461 9.895795 48.029640
-0.284482 0.391513 0.035222 0.087181 -0.000000 3.141590 0.377962 2.278694 9.570740 48.076870
-0.284504 0.391564 0.035222 0.087166 -0.000000 3.141590 0.363264 2.228168 9.372575 48.124057
-0.284528 0.391614 0.035219 0.087153 -0.000000 3.141590 0.337862 2.135294 9.179315 48.171200
-0.284528 0.391614 0.035219 0.087153 -0.000000 3.141590 0.337862 2.135294 9.179315 48.218300
-0.284553 0.391664 0.035215 0.087142 -0.000000 3.141590 0.313897 2.056778 8.986944 48.265357
-0.284579 0.391713 0.035210 0.087135 -0.000000 3.141590 0.267750 2.010023 8.821365 48.312371
-0.284635 0.391808 0.035195 0.087135 -0.000000 3.141590 0.183508 1.896492 8.430380 48.359341
-0.284635 0.391808 0.035195 0.087135 -0.000000 3.141590 0.183508 1.896492 8.430380 48.406269
-0.284765 0.391983 0.035156 0.087181 -0.000000 3.141590 0.030351 1.722206 7.945847 48.453155
-0.284801 0.392023 0.035146 0.087197 -0.000000 3.141590 -0.006607 1.701144 7.924181 48.499997
-0.284838 0.392062 0.035136 0.087213 -0.000000 3.141590 -0.040694 1.681743 7.904196 48.546797
-0.284875 0.392099 0.035126 0.087228 -0.000000 3.141590 -0.072133 1.663855 7.885763 48.593555
-0.284913 0.392134 0.035116 0.087241 -0.000000 3.141590 -0.101131 1.647344 7.868762 48.640270
-0.284950 0.392166 0.035108 0.087251 -0.000000 3.141590 -0.131840 1.560120 7.916610 48.686944
-0.285028 0.392227 0.035094 0.087261 -0.000000 3.141590 -0.188735 1.452528 8.023934 48.733575
-0.285068 0.392256 0.035087 0.087258 -0.000000 3.141590 -0.229853 1.437462 8.123159 48.780164
-0.285109 0.392283 0.035079 0.087251 -0.000000 3.141590 -0.271509 1.380136 8.236736 48.826712
-0.285109 0.392283 0.035079 0.087251 -0.000000 3.141590 -0.271509 1.380136 8.236736 48.873217
-0.285150 0.392308 0.035072 0.087241 -0.000000 3.141590 -0.305918 1.304747 8.343629 48.919682
-0.285328 0.392386 0.035050 0.087181 -0.000000 3.141590 -0.371593 0.912437 8.635870 48.966104
-0.285375 0.392398 0.035049 0.087166 -0.000000 3.141590 -0.379016 0.834048 8.723460 49.012486
-0.285471 0.392411 0.035053 0.087142 -0.000000 3.141590 -0.418095 0.684316 8.951578 49.058826
-0.285520 0.392413 0.035058 0.087135 -0.000000 3.141590 -0.437164 0.617384 9.057509 49.105125
-0.285520 0.392413 0.035058 0.087135 -0.000000 3.141590 -0.437164 0.617384 9.057509 49.151383
-0.285568 0.392412 0.035064 0.087133 -0.000000 3.141590 -0.450487 0.570666 9.131517 49.197600
-0.285616 0.392408 0.035071 0.087135 -0.000000 3.141590 -0.475662 0.507453 9.226873 49.243776
-0.285664 0.392401 0.035078 0.087142 -0.000000 3.141590 -0.523728 0.434039 9.324663 49.289911
-0.285712 0.392391 0.035086 0.087153 -0.000000 3.141590 -0.561398 0.359568 9.401559 49.336006
-0.285712 0.392391 0.035086 0.087153 -0.000000 3.141590 -0.585409 0.189848 9.451964 49.382061
-0.285810 0.392365 0.035101 0.087181 -0.000000 3.141590 -0.585409 0.189848 9.451964 49.428075
-0.286010 0.392293 0.035131 0.087241 -0.000000 3.141590 -0.632216 -0.104601 9.411672 49.474048
-0.286060 0.392272 0.035138 0.087251 -0.000000 3.141590 -0.650478 -0.177500 9.362503 49.519982
-0.286111 0.392250 0.035146 0.087258 -0.000000 3.141590 -0.667654 -0.251909 9.278802 49.565875
-0.286161 0.392229 0.035153 0.087261 -0.000000 3.141590 -0.678239 -0.319765 9.186140 49.611729
-0.286211 0.392208 0.035159 0.087258 -0.000000 3.141590 -0.681808 -0.366638 9.110152 49.657542
-0.286260 0.392186 0.035163 0.087251 -0.000000 3.141590 -0.686243 -0.424948 9.015751 49.703316
-0.286309 0.392163 0.035166 0.087241 -0.000000 3.141590 -0.690334 -0.478809 8.928689 49.749051
-0.286358 0.392140 0.035168 0.087228 -0.000000 3.141590 -0.694106 -0.528552 8.848396 49.794745
-0.286406 0.392116 0.035167 0.087213 -0.000000 3.141590 -0.690348 -0.573122 8.753658 49.840400
-0.286453 0.392090 0.035165 0.087197 -0.000000 3.141590 -0.686883 -0.614269 8.666282 49.886016
-0.286500 0.392063 0.035163 0.087181 -0.000000 3.141590 -0.672949 -0.647633 8.583875 49.931593
-0.286681 0.391937 0.035153 0.087135 -0.000000 3.141590 -0.703267 -0.779977 8.538584 49.977130
-0.286724 0.391901 0.035153 0.087133 -0.000000 3.141590 -0.719653 -0.809534 8.546930 50.022629
-0.286765 0.391863 0.035154 0.087135 -0.000000 3.141590 -0.734767 -0.836704 8.554619 50.068088
-0.286804 0.391825 0.035156 0.087142 -0.000000 3.141590 -0.773116 -0.902870 8.607312 50.113509
-0.286841 0.391786 0.035160 0.087153 -0.000000 3.141590 -0.820760 -0.985037 8.672774 50.158891
-0.286876 0.391746 0.035166 0.087166 -0.000000 3.141590 -0.861537 -1.043863 8.715400 50.204234
-0.286909 0.391705 0.035172 0.087181 -0.000000 3.141590 -0.898133 -1.092658 8.749031 50.249539
-0.286941 0.391662 0.035179 0.087197 -0.000000 3.141590 -0.931887 -1.137624 8.780046 50.294805
-0.286970 0.391619 0.035185 0.087213 -0.000000 3.141590 -0.963018 -1.179073 8.808650 50.340033
-0.286997 0.391575 0.035192 0.087228 -0.000000 3.141590 -0.968366 -1.186202 8.853233 50.385223
-0.287022 0.391530 0.035198 0.087241 -0.000000 3.141590 -0.932992 -1.139435 8.971657 50.430374
-0.287078 0.391392 0.035216 0.087261 -0.000000 3.141590 -0.850989 -0.913922 9.167256 50.475487
-0.287089 0.391345 0.035222 0.087258 -0.000000 3.141590 -0.809985 -0.865069 9.206073 50.520563
-0.287097 0.391299 0.035227 0.087251 -0.000000 3.141590 -0.773483 -0.823527 9.229222 50.565600
-0.287101 0.391253 0.035232 0.087241 -0.000000 3.141590 -0.748939 -0.797105 9.236195 50.610600
-0.287101 0.391253 0.035232 0.087241 -0.000000 3.141590 -0.718446 -0.764281 9.244858 50.655562
-0.287102 0.391206 0.035237 0.087228 -0.000000 3.141590 -0.718446 -0.764281 9.244858 50.700487
-0.287101 0.391161 0.035241 0.087213 -0.000000 3.141590 -0.679626 -0.730821 9.219536 50.745374
-0.287098 0.391114 0.035246 0.087197 -0.000000 3.141590 -0.633551 -0.696889 9.164188 50.790224
-0.287093 0.391067 0.035252 0.087181 -0.000000 3.141590 -0.583971 -0.669906 9.101712 50.835036
-0.287077 0.390971 0.035266 0.087153 -0.000000 3.141590 -0.471612 -0.648692 8.947886 50.879811
-0.287077 0.390971 0.035266 0.087153 -0.000000 3.141590 -0.471612 -0.648692 8.947886 50.924549
-0.287026 0.390766 0.035296 0.087135 -0.000000 3.141590 -0.291963 -0.572052 8.612174 50.969250
-0.286992 0.390658 0.035306 0.087153 -0.000000 3.141590 -0.248386 -0.448804 8.414413 51.013914
-0.286992 0.390658 0.035306 0.087153 -0.000000 3.141590 -0.229471 -0.427261 8.321437 51.058542
-0.286975 0.390603 0.035309 0.087166 -0.000000 3.141590 -0.229471 -0.427261 8.321437 51.103132
-0.286957 0.390549 0.035309 0.087181 -0.000000 3.141590 -0.198528 -0.425262 8.190785 51.147686
-0.286939 0.390496 0.035309 0.087197 -0.000000 3.141590 -0.163749 -0.437230 8.063738 51.192203
-0.286920 0.390444 0.035307 0.087213 -0.000000 3.141590 -0.131672 -0.448245 7.946557 51.236684
-0.286900 0.390392 0.035305 0.087228 -0.000000 3.141590 -0.102087 -0.458398 7.838477 51.281128
-0.286855 0.390292 0.035300 0.087251 -0.000000 3.141590 -0.009526 -0.405316 7.605740 51.325536
-0.286855 0.390292 0.035300 0.087251 -0.000000 3.141590 -0.009526 -0.405316 7.605740 51.369908
-0.286831 0.390244 0.035297 0.087258 -0.000000 3.141590 0.018237 -0.386694 7.536190 51.414244
-0.286718 0.390062 0.035288 0.087241 -0.000000 3.141590 0.143284 -0.299317 7.219191 51.458544
-0.286686 0.390019 0.035286 0.087228 -0.000000 3.141590 0.172645 -0.271667 7.138487 51.502807
-0.286652 0.389977 0.035283 0.087213 -0.000000 3.141590 0.193159 -0.252459 7.082110 51.547035
-0.286617 0.389937 0.035279 0.087197 -0.000000 3.141590 0.200174 -0.251963 7.009984 51.591227
-0.286617 0.389937 0.035279 0.087197 -0.000000 3.141590 0.200174 -0.251963 7.009984 51.635384
-0.286581 0.389898 0.035276 0.087181 -0.000000 3.141590 0.211841 -0.246238 6.951305 51.679505
-0.286545 0.389860 0.035273 0.087166 -0.000000 3.141590 0.235746 -0.208592 6.928193 51.723590
-0.286469 0.389789 0.035266 0.087142 -0.000000 3.141590 0.256055 -0.115662 6.884133 51.767640
-0.286469 0.389789 0.035266 0.087142 -0.000000 3.141590 0.260190 -0.081326 6.868989 51.811654
-0.286429 0.389754 0.035263 0.087135 -0.000000 3.141590 0.260190 -0.081326 6.868989 51.855634
-0.286389 0.389721 0.035259 0.087133 -0.000000 3.141590 0.284936 -0.070046 6.867483 51.899578
-0.286171 0.389572 0.035250 0.087181 -0.000000 3.141590 0.485601 -0.091870 6.999851 51.943487
-0.286123 0.389549 0.035252 0.087197 -0.000000 3.141590 0.511033 -0.089433 7.020686 51.987361
-0.286075 0.389529 0.035254 0.087213 -0.000000 3.141590 0.543297 -0.020984 6.955442 52.031200
-0.286075 0.389529 0.035254 0.087213 -0.000000 3.141590 0.573268 0.063120 6.866096 52.075004
-0.286026 0.389513 0.035257 0.087228 -0.000000 3.141590 0.573268 0.063120 6.866096 52.118774
-0.285978 0.389500 0.035260 0.087241 -0.000000 3.141590 0.500816 0.268479 6.600352 52.162508
-0.285929 0.389492 0.035263 0.087251 -0.000000 3.141590 0.401953 0.498762 6.296568 52.206209
-0.285881 0.389488 0.035264 0.087258 -0.000000 3.141590 0.324895 0.707922 5.908682 52.249874
-0.285783 0.389489 0.035263 0.087258 -0.000000 3.141590 0.303813 0.982479 5.260740 52.293506
-0.285783 0.389489 0.035263 0.087258 -0.000000 3.141590 0.303813 0.982479 5.260740 52.337103
-0.285734 0.389495 0.035261 0.087251 -0.000000 3.141590 0.331743 1.116991 4.947093 52.380665
-0.285531 0.389540 0.035236 0.087197 -0.000000 3.141590 0.416053 1.490267 4.031661 52.424194
-0.285531 0.389540 0.035236 0.087197 -0.000000 3.141590 0.474970 1.588847 3.847620 52.467688
-0.285479 0.389556 0.035226 0.087181 -0.000000 3.141590 0.474970 1.588847 3.847620 52.511149
-0.285426 0.389573 0.035215 0.087166 -0.000000 3.141590 0.529311 1.679763 3.677875 52.554575
-0.285321 0.389609 0.035190 0.087142 -0.000000 3.141590 0.610399 1.849866 3.425094 52.597968
-0.285269 0.389628 0.035177 0.087135 -0.000000 3.141590 0.624307 1.937959 3.382615 52.641326
-0.285269 0.389628 0.035177 0.087135 -0.000000 3.141590 0.624307 1.937959 3.382615 52.684651
-0.285218 0.389648 0.035163 0.087133 -0.000000 3.141590 0.651370 2.048479 3.358357 52.727943
-0.285167 0.389667 0.035149 0.087135 -0.000000 3.141590 0.701352 2.189506 3.373985 52.771201
-0.285065 0.389709 0.035120 0.087153 -0.000000 3.141590 0.929039 2.679536 3.487167 52.814425
-0.285015 0.389730 0.035105 0.087166 -0.000000 3.141590 1.070213 2.960818 3.563141 52.857616
-0.284815 0.389830 0.035049 0.087228 -0.000000 3.141590 1.653572 4.167990 4.028531 52.900774
-0.284766 0.389858 0.035036 0.087241 -0.000000 3.141590 1.847262 4.570452 4.229692 52.943898
-0.284766 0.389858 0.035036 0.087241 -0.000000 3.141590 1.847262 4.570452 4.229692 52.986990
-0.284719 0.389886 0.035025 0.087251 -0.000000 3.141590 2.088003 5.027684 4.453379 53.030048
-0.284673 0.389916 0.035015 0.087258 -0.000000 3.141590 2.310044 5.449346 4.659695 53.073073
-0.284629 0.389946 0.035008 0.087261 -0.000000 3.141590 2.514838 5.838180 4.849992 53.116065
