-0.285672 0.391009 0.036276 0.087266 0.000000 3.141590 0.017375 0.006919 -0.039707 0.000000
-0.285672 0.391009 0.036276 0.087266 0.000000 3.141590 0.017375 0.006919 -0.039707 0.000000
-0.285672 0.391009 0.036276 0.087266 0.000000 3.141590 0.017375 0.006919 -0.039707 0.000000
-0.285672 0.391009 0.036276 0.087266 0.000000 3.141590 0.018989 0.007444 -0.038240 0.000000
-0.285672 0.391009 0.036276 0.087267 0.000000 3.141590 0.025265 0.005215 -0.042125 0.000000
-0.285672 0.391009 0.036276 0.087267 0.000000 3.141590 0.028430 0.003671 -0.045025 0.000000
-0.285672 0.391008 0.036275 0.087267 0.000000 3.141590 0.031349 0.002259 -0.047700 0.000000
-0.285673 0.391007 0.036274 0.087268 0.000000 3.141590 0.033016 -0.000183 -0.050576 0.000000
-0.285673 0.390998 0.036261 0.087264 -0.000000 3.141590 0.024440 -0.008814 -0.055372 0.000000
-0.285674 0.390994 0.036252 0.087261 -0.000000 3.141590 0.018752 -0.008052 -0.053798 0.000000
-0.285674 0.390989 0.036240 0.087260 -0.000000 3.141590 0.019882 -0.021930 -0.042286 0.000000
-0.285675 0.390985 0.036227 0.087260 -0.000000 3.141590 0.021430 -0.034369 -0.037089 0.000000
-0.285675 0.390980 0.036211 0.087262 -0.000000 3.141590 0.022794 -0.040720 -0.035370 0.000000
-0.285675 0.390980 0.036211 0.087262 -0.000000 3.141590 0.022794 -0.040720 -0.035370 0.000000
-0.285675 0.390976 0.036193 0.087267 0.000000 3.141590 0.024489 -0.048587 -0.033237 0.000000
-0.285674 0.390972 0.036174 0.087272 0.000000 3.141590 0.021901 -0.059936 -0.030839 0.000000
-0.285673 0.390968 0.036133 0.087281 0.000000 3.141590 -0.002470 -0.097836 -0.024967 0.000000
-0.285674 0.390966 0.036110 0.087284 0.000000 3.141590 0.051597 -0.023945 -0.039513 0.000000
-0.285675 0.390965 0.036087 0.087283 0.000000 3.141590 0.101464 0.044158 -0.052926 0.000000
-0.285678 0.390963 0.036065 0.087280 0.000000 3.141590 0.147458 0.106911 -0.065291 0.000000
-0.285686 0.390955 0.035996 0.087258 -0.000000 3.141590 0.144731 0.139392 -0.092706 0.000000
-0.285687 0.390953 0.035973 0.087249 -0.000000 3.141590 0.142102 0.139490 -0.095703 0.000000
-0.285688 0.390950 0.035950 0.087241 -0.000000 3.141590 0.169101 0.162280 -0.093647 0.000000
-0.285686 0.390948 0.035926 0.087235 -0.000000 3.141590 0.163081 0.139359 -0.089641 0.000000
-0.285684 0.390947 0.035903 0.087232 -0.000000 3.141590 0.136262 0.093045 -0.087356 0.000000
-0.285681 0.390946 0.035881 0.087232 -0.000000 3.141590 0.119259 0.053147 -0.083679 0.000000
-0.285677 0.390945 0.035859 0.087236 -0.000000 3.141590 0.108800 0.022044 -0.080024 0.000000
-0.285677 0.390945 0.035859 0.087236 -0.000000 3.141590 0.108800 0.022044 -0.080024 0.000000
-0.285674 0.390943 0.035838 0.087244 -0.000000 3.141590 0.099152 -0.006567 -0.076660 0.000000
-0.285671 0.390941 0.035816 0.087254 -0.000000 3.141590 0.095505 -0.033711 -0.071759 0.000000
-0.285668 0.390937 0.035794 0.087267 0.000000 3.141590 0.093821 -0.058959 -0.066665 0.000000
-0.285668 0.390926 0.035749 0.087293 0.000000 3.141590 0.063481 -0.068193 -0.098303 0.000000
-0.285679 0.390903 0.035681 0.087324 0.000000 3.141590 0.009132 -0.077915 -0.141185 0.000000
-0.285685 0.390896 0.035659 0.087328 0.000000 3.141590 -0.021514 -0.095370 -0.111153 0.000000
-0.285692 0.390889 0.035637 0.087328 0.000000 3.141590 -0.042926 -0.107627 -0.090165 0.000000
-0.285698 0.390884 0.035615 0.087323 0.000000 3.141590 -0.047279 -0.093643 -0.072610 0.000000
-0.285704 0.390881 0.035595 0.087313 0.000000 3.141590 -0.044172 -0.071459 -0.059139 0.000000
-0.285709 0.390880 0.035576 0.087300 0.000000 3.141590 -0.013648 -0.068141 -0.040207 0.000000
-0.285713 0.390882 0.035557 0.087284 0.000000 3.141590 0.004048 -0.062944 -0.035577 0.000000
-0.285716 0.390885 0.035537 0.087266 -0.000000 3.141590 0.010735 -0.057022 -0.043800 0.000000
-0.285716 0.390889 0.035518 0.087248 -0.000000 3.141590 0.019042 -0.049599 -0.054023 0.000000
-0.285716 0.390889 0.035518 0.087248 -0.000000 3.141590 0.019042 -0.049599 -0.054023 0.000000
-0.285715 0.390895 0.035497 0.087229 -0.000000 3.141590 0.027261 -0.041029 -0.061460 0.000000
-0.285713 0.390900 0.035476 0.087212 -0.000000 3.141590 0.036448 -0.028085 -0.062589 0.000000
-0.285699 0.390915 0.035386 0.087168 -0.000000 3.141590 0.107880 0.020770 0.012580 0.000000
-0.285699 0.390915 0.035386 0.087168 -0.000000 3.141590 0.107880 0.020770 0.012580 0.000000
-0.285697 0.390914 0.035363 0.087167 -0.000000 3.141590 0.126275 0.032202 0.034057 0.000000
-0.285696 0.390911 0.035340 0.087172 -0.000000 3.141590 0.154905 0.038672 0.129862 0.000000
-0.285696 0.390905 0.035319 0.087180 -0.000000 3.141590 0.177736 0.042277 0.215220 0.000000
-0.285699 0.390898 0.035298 0.087190 -0.000000 3.141590 0.185386 0.054280 0.349818 0.000000
-0.285703 0.390890 0.035279 0.087202 -0.000000 3.141590 0.132745 0.087036 0.556224 0.000000
-0.285708 0.390881 0.035260 0.087216 -0.000000 3.141590 0.089668 0.105995 0.752916 0.000000
-0.285714 0.390873 0.035240 0.087229 -0.000000 3.141590 0.040945 0.111096 0.942191 0.000000
-0.285720 0.390864 0.035221 0.087241 -0.000000 3.141590 0.024320 0.128772 1.096206 0.000000
-0.285727 0.390857 0.035201 0.087251 -0.000000 3.141590 0.008987 0.145059 1.238258 0.000000
-0.285733 0.390852 0.035180 0.087259 -0.000000 3.141590 -0.001726 0.156448 1.337507 0.000000
-0.285745 0.390852 0.035098 0.087254 -0.000000 3.141590 -0.073575 0.199007 2.027599 0.000000
-0.285745 0.390852 0.035098 0.087254 -0.000000 3.141590 -0.073575 0.199007 2.027599 0.000000
-0.285743 0.390855 0.035079 0.087247 -0.000000 3.141590 -0.081039 0.205614 2.140221 0.000000
-0.285739 0.390860 0.035060 0.087238 -0.000000 3.141590 -0.090313 0.213841 2.280141 0.000000
-0.285733 0.390864 0.035042 0.087229 -0.000000 3.141590 -0.101474 0.231583 2.452573 0.000000
-0.285726 0.390868 0.035025 0.087221 -0.000000 3.141590 -0.119282 0.277243 2.736607 0.000000
-0.285719 0.390871 0.035010 0.087215 -0.000000 3.141590 -0.135707 0.319379 2.998577 0.000000
-0.285711 0.390872 0.034996 0.087212 -0.000000 3.141590 -0.155196 0.367295 3.263186 0.000000
-0.285695 0.390868 0.034970 0.087216 -0.000000 3.141590 -0.189866 0.489467 4.013780 0.789582
-0.285688 0.390862 0.034957 0.087224 -0.000000 3.141590 -0.197699 0.544860 4.406251 1.414427
-0.285682 0.390855 0.034944 0.087235 -0.000000 3.141590 -0.202798 0.589117 4.780693 1.951272
-0.285680 0.390820 0.034897 0.087286 0.000000 3.141590 -0.202304 0.763712 6.292166 2.430349
-0.285680 0.390820 0.034897 0.087286 0.000000 3.141590 -0.202304 0.763712 6.292166 2.867533
-0.285686 0.390810 0.034888 0.087296 0.000000 3.141590 -0.243840 0.761534 6.752981 3.272450
-0.285693 0.390800 0.034881 0.087304 0.000000 3.141590 -0.282150 0.759490 7.178005 3.651484
-0.285713 0.390779 0.034875 0.087308 0.000000 3.141590 -0.342171 0.756129 7.843921 4.009133
-0.285725 0.390769 0.034877 0.087303 0.000000 3.141590 -0.362382 0.736398 8.272849 4.348715
-0.285736 0.390760 0.034882 0.087293 0.000000 3.141590 -0.377674 0.712385 8.696834 4.672763
-0.285736 0.390760 0.034882 0.087293 0.000000 3.141590 -0.377674 0.712385 8.696834 4.983261
-0.285748 0.390753 0.034890 0.087280 0.000000 3.141590 -0.392148 0.690418 9.114255 5.281803
-0.285759 0.390747 0.034902 0.087264 -0.000000 3.141590 -0.405852 0.670340 9.524575 5.569688
-0.285770 0.390743 0.034915 0.087247 -0.000000 3.141590 -0.427912 0.636123 9.801871 5.847997
-0.285797 0.390751 0.034989 0.087176 -0.000000 3.141590 -0.492152 0.461082 10.944687 6.117637
-0.285802 0.390773 0.035034 0.087153 -0.000000 3.141590 -0.459314 0.424236 11.168447 6.379378
-0.285802 0.390773 0.035034 0.087153 -0.000000 3.141590 -0.459314 0.424236 11.168447 6.633884
-0.285802 0.390773 0.035034 0.087153 -0.000000 3.141590 -0.459314 0.424236 11.168447 6.881729
-0.285806 0.390804 0.035082 0.087148 -0.000000 3.141590 -0.445348 0.395010 11.326272 7.123416
-0.285808 0.390822 0.035106 0.087152 -0.000000 3.141590 -0.442091 0.383265 11.386199 7.359385
-0.285808 0.390822 0.035106 0.087152 -0.000000 3.141590 -0.439087 0.372509 11.441465 7.590027
-0.285811 0.390840 0.035130 0.087160 -0.000000 3.141590 -0.439087 0.372509 11.441465 7.815692
-0.285815 0.390860 0.035155 0.087170 -0.000000 3.141590 -0.436988 0.365090 11.480071 8.036690
-0.285821 0.390881 0.035179 0.087183 -0.000000 3.141590 -0.393329 0.375745 11.373319 8.253301
-0.285828 0.390901 0.035204 0.087196 -0.000000 3.141590 -0.353060 0.385607 11.274856 8.465779
-0.285883 0.390998 0.035316 0.087244 -0.000000 3.141590 -0.171214 0.527313 10.317660 8.674353
-0.285883 0.390998 0.035316 0.087244 -0.000000 3.141590 -0.171214 0.527313 10.317660 8.879232
-0.285895 0.391015 0.035334 0.087244 -0.000000 3.141590 -0.145137 0.555724 10.084977 9.080607
-0.285905 0.391029 0.035350 0.087241 -0.000000 3.141590 -0.125418 0.587408 9.791164 9.278654
-0.285914 0.391041 0.035362 0.087235 -0.000000 3.141590 -0.111392 0.621903 9.444105 9.473532
-0.285922 0.391050 0.035371 0.087227 -0.000000 3.141590 -0.101592 0.645934 9.201626 9.665391
-0.285928 0.391055 0.035377 0.087218 -0.000000 3.141590 -0.101848 0.654783 8.828585 9.854366
-0.285931 0.391056 0.035379 0.087209 -0.000000 3.141590 -0.102084 0.662931 8.484521 10.040586
-0.285931 0.391053 0.035378 0.087202 -0.000000 3.141590 -0.102301 0.670451 8.167183 10.224168
-0.285928 0.391045 0.035374 0.087196 -0.000000 3.141590 -0.102502 0.677409 7.874491 10.405221
-0.285922 0.391033 0.035366 0.087192 -0.000000 3.141590 -0.107510 0.679036 7.587352 10.583848
-0.285877 0.390978 0.035331 0.087199 -0.000000 3.141590 -0.117103 0.634006 6.915511 10.760144
-0.285854 0.390954 0.035316 0.087204 -0.000000 3.141590 -0.104578 0.614559 6.710214 10.934199
-0.285828 0.390929 0.035299 0.087209 -0.000000 3.141590 -0.074915 0.606616 6.522155 11.106096
-0.285799 0.390903 0.035281 0.087213 -0.000000 3.141590 -0.049381 0.590643 6.377395 11.275914
-0.285734 0.390849 0.035242 0.087216 -0.000000 3.141590 0.011604 0.552352 6.031675 11.443727
-0.285699 0.390822 0.035221 0.087214 -0.000000 3.141590 0.053871 0.533189 5.986328 11.609605
-0.285699 0.390822 0.035221 0.087214 -0.000000 3.141590 0.053871 0.533189 5.986328 11.773614
-0.285662 0.390796 0.035201 0.087212 -0.000000 3.141590 0.097746 0.514802 5.978959 11.935814
-0.285625 0.390771 0.035180 0.087209 -0.000000 3.141590 0.127036 0.477887 6.014567 12.096267
-0.285588 0.390746 0.035159 0.087208 -0.000000 3.141590 0.150472 0.437468 6.060982 12.255026
-0.285550 0.390723 0.035139 0.087208 -0.000000 3.141590 0.166847 0.409252 6.093408 12.412145
-0.285376 0.390645 0.035051 0.087229 -0.000000 3.141590 0.325094 0.266051 6.762398 12.567673
-0.285376 0.390645 0.035051 0.087229 -0.000000 3.141590 0.325094 0.266051 6.762398 12.721658
-0.285347 0.390641 0.035040 0.087232 -0.000000 3.141590 0.352455 0.259800 7.031921 12.874146
-0.285321 0.390640 0.035031 0.087232 -0.000000 3.141590 0.395152 0.263544 7.363019 13.025179
-0.285299 0.390645 0.035025 0.087228 -0.000000 3.141590 0.429191 0.269580 7.674935 13.174799
-0.285279 0.390653 0.035023 0.087222 -0.000000 3.141590 0.456057 0.274143 7.979794 13.323044
-0.285264 0.390665 0.035024 0.087214 -0.000000 3.141590 0.474829 0.277262 8.192802 13.469952
-0.285264 0.390665 0.035024 0.087214 -0.000000 3.141590 0.474829 0.277262 8.192802 13.615558
-0.285254 0.390680 0.035028 0.087206 -0.000000 3.141590 0.508626 0.284587 8.486156 13.759897
-0.285248 0.390698 0.035034 0.087197 -0.000000 3.141590 0.569982 0.301218 8.839469 13.903001
-0.285248 0.390717 0.035043 0.087189 -0.000000 3.141590 0.626573 0.316561 9.165337 14.044902
-0.285323 0.390825 0.035110 0.087192 -0.000000 3.141590 0.888942 0.555016 10.535698 14.185629
-0.285351 0.390846 0.035126 0.087203 -0.000000 3.141590 0.889210 0.696489 10.798583 14.325211
-0.285382 0.390865 0.035143 0.087215 -0.000000 3.141590 0.874939 0.835908 11.018548 14.463676
-0.285416 0.390883 0.035159 0.087228 -0.000000 3.141590 0.854408 0.939871 11.155861 14.601050
-0.285416 0.390883 0.035159 0.087228 -0.000000 3.141590 0.854408 0.939871 11.155861 14.737359
-0.285452 0.390900 0.035175 0.087241 -0.000000 3.141590 0.815523 1.058153 11.283127 14.872628
-0.285491 0.390914 0.035192 0.087254 -0.000000 3.141590 0.767573 1.154154 11.351508 15.006879
-0.285531 0.390927 0.035209 0.087264 -0.000000 3.141590 0.698318 1.253780 11.404647 15.140135
-0.285572 0.390937 0.035227 0.087272 0.000000 3.141590 0.626430 1.349183 11.450483 15.272418
-0.285656 0.390948 0.035262 0.087276 0.000000 3.141590 0.491931 1.467360 11.404780 15.403750
-0.285656 0.390948 0.035262 0.087276 0.000000 3.141590 0.491931 1.467360 11.404780 15.534151
-0.285782 0.390939 0.035314 0.087248 -0.000000 3.141590 0.247027 1.528884 10.959718 15.663640
-0.285822 0.390929 0.035329 0.087232 -0.000000 3.141590 0.174551 1.532678 10.788450 15.792236
-0.285861 0.390915 0.035343 0.087214 -0.000000 3.141590 0.123914 1.535202 10.668799 15.919957
-0.285897 0.390900 0.035355 0.087196 -0.000000 3.141590 0.061001 1.538403 10.520137 16.046821
-0.285962 0.390861 0.035370 0.087160 -0.000000 3.141590 -0.033681 1.361558 9.862890 16.172846
-0.285962 0.390861 0.035370 0.087160 -0.000000 3.141590 -0.075673 1.259419 9.449710 16.298047
-0.285990 0.390839 0.035373 0.087144 -0.000000 3.141590 -0.075673 1.259419 9.449710 16.422440
-0.286014 0.390815 0.035373 0.087131 -0.000000 3.141590 -0.115405 1.171879 9.070810 16.546042
-0.286034 0.390790 0.035370 0.087121 -0.000000 3.141590 -0.131860 1.122242 8.804311 16.668867
-0.286060 0.390737 0.035357 0.087116 -0.000000 3.141590 -0.167021 0.998066 8.145563 16.790929
-0.286065 0.390709 0.035347 0.087120 -0.000000 3.141590 -0.181390 0.941525 7.847638 16.912243
-0.286046 0.390632 0.035306 0.087151 -0.000000 3.141590 -0.191323 0.779666 7.157439 17.032822
-0.286028 0.390610 0.035289 0.087164 -0.000000 3.141590 -0.172503 0.739704 6.970823 17.152680
-0.286006 0.390589 0.035272 0.087177 -0.000000 3.141590 -0.155144 0.702866 6.798701 17.271829
-0.285979 0.390572 0.035254 0.087189 -0.000000 3.141590 -0.139134 0.668891 6.639949 17.390281
-0.285979 0.390572 0.035254 0.087189 -0.000000 3.141590 -0.139134 0.668891 6.639949 17.508050
-0.285948 0.390559 0.035235 0.087200 -0.000000 3.141590 -0.127948 0.645191 6.529027 17.625146
-0.285913 0.390549 0.035216 0.087207 -0.000000 3.141590 -0.088022 0.600744 6.430688 17.741581
-0.285875 0.390544 0.035197 0.087212 -0.000000 3.141590 -0.026200 0.545391 6.377889 17.857366
-0.285791 0.390549 0.035158 0.087214 -0.000000 3.141590 0.065910 0.518776 6.522815 17.972512
-0.285791 0.390549 0.035158 0.087214 -0.000000 3.141590 0.065910 0.518776 6.522815 18.087029
-0.285746 0.390559 0.035139 0.087214 -0.000000 3.141590 0.093019 0.509074 6.645628 18.200928
-0.285552 0.390653 0.035069 0.087217 -0.000000 3.141590 0.174432 0.541125 7.196552 18.314219
-0.285503 0.390687 0.035055 0.087220 -0.000000 3.141590 0.244550 0.579994 7.459555 18.426910
-0.285453 0.390725 0.035043 0.087221 -0.000000 3.141590 0.304910 0.613463 7.675633 18.539012
-0.285453 0.390725 0.035043 0.087221 -0.000000 3.141590 0.304910 0.613463 7.675633 18.650534
-0.285405 0.390767 0.035033 0.087221 -0.000000 3.141590 0.386668 0.690365 7.999794 18.761485
-0.285313 0.390859 0.035022 0.087214 -0.000000 3.141590 0.544116 0.891871 8.677375 18.871873
-0.285270 0.390909 0.035022 0.087209 -0.000000 3.141590 0.613791 0.981001 8.977227 18.981707
-0.285270 0.390909 0.035022 0.087209 -0.000000 3.141590 0.613791 0.981001 8.977227 19.090995
-0.285229 0.390961 0.035024 0.087204 -0.000000 3.141590 0.666974 1.064397 9.274059 19.199745
-0.285191 0.391013 0.035029 0.087200 -0.000000 3.141590 0.679945 1.125263 9.525698 19.307966
-0.285156 0.391066 0.035037 0.087197 -0.000000 3.141590 0.696060 1.200938 9.838332 19.415664
-0.285046 0.391324 0.035106 0.087224 -0.000000 3.141590 0.734179 1.598059 10.953113 19.522847
-0.285039 0.391372 0.035124 0.087232 -0.000000 3.141590 0.733581 1.652253 11.129136 19.629523
-0.285039 0.391418 0.035143 0.087240 -0.000000 3.141590 0.734892 1.703845 11.267168 19.735699
-0.285045 0.391462 0.035161 0.087246 -0.000000 3.141590 0.741467 1.756048 11.324404 19.841382
-0.285045 0.391462 0.035161 0.087246 -0.000000 3.141590 0.741467 1.756048 11.324404 19.946579
-0.285057 0.391503 0.035179 0.087249 -0.000000 3.141590 0.746061 1.792505 11.364396 20.051295
-0.285075 0.391541 0.035197 0.087249 -0.000000 3.141590 0.730655 1.797464 11.304378 20.155538
-0.285099 0.391577 0.035216 0.087245 -0.000000 3.141590 0.716447 1.801960 11.249028 20.259315
-0.285127 0.391608 0.035235 0.087237 -0.000000 3.141590 0.703342 1.806032 11.197985 20.362631
-0.285196 0.391659 0.035274 0.087214 -0.000000 3.141590 0.673347 1.775920 10.982458 20.465492
-0.285196 0.391659 0.035274 0.087214 -0.000000 3.141590 0.673347 1.775920 10.982458 20.567905
-0.285327 0.391694 0.035328 0.087176 -0.000000 3.141590 0.507835 1.570068 10.208560 20.669875
-0.285376 0.391693 0.035343 0.087165 -0.000000 3.141590 0.507835 1.570068 10.208560 20.771408
-0.285427 0.391685 0.035357 0.087157 -0.000000 3.141590 0.421325 1.529711 9.946337 20.872509
-0.285480 0.391669 0.035367 0.087153 -0.000000 3.141590 0.376469 1.498085 9.743170 20.973185
-0.285589 0.391619 0.035381 0.087159 -0.000000 3.141590 0.269337 1.422851 9.257920 21.073439
-0.285589 0.391619 0.035381 0.087159 -0.000000 3.141590 0.269337 1.422851 9.257920 21.173279
-0.285644 0.391584 0.035383 0.087168 -0.000000 3.141590 0.200413 1.330845 8.934111 21.272708
-0.285699 0.391545 0.035383 0.087181 -0.000000 3.141590 0.129957 1.227232 8.600539 21.371732
-0.285754 0.391500 0.035380 0.087197 -0.000000 3.141590 0.086431 1.161163 8.352253 21.470355
-0.285808 0.391451 0.035374 0.087215 -0.000000 3.141590 0.036005 1.083008 8.034044 21.568583
-0.285912 0.391342 0.035358 0.087252 -0.000000 3.141590 -0.053401 0.944549 7.469847 21.666420
-0.286051 0.391159 0.035322 0.087299 0.000000 3.141590 -0.119897 0.731102 6.820666 21.763871
-0.286091 0.391096 0.035308 0.087308 0.000000 3.141590 -0.140947 0.656658 6.620671 21.860941
-0.286128 0.391031 0.035293 0.087313 0.000000 3.141590 -0.161927 0.587790 6.437362 21.957633
-0.286161 0.390966 0.035278 0.087314 0.000000 3.141590 -0.173223 0.538411 6.320430 22.053953
-0.286189 0.390902 0.035263 0.087309 0.000000 3.141590 -0.183631 0.488610 6.227663 22.149903
-0.286189 0.390902 0.035263 0.087309 0.000000 3.141590 -0.183631 0.488610 6.227663 22.245490
-0.286212 0.390838 0.035247 0.087302 0.000000 3.141590 -0.207674 0.439183 6.190350 22.340717
-0.286230 0.390775 0.035230 0.087291 0.000000 3.141590 -0.224472 0.404552 6.164289 22.435587
-0.286242 0.390713 0.035212 0.087279 0.000000 3.141590 -0.244713 0.364911 6.165671 22.530105
-0.286248 0.390593 0.035174 0.087252 -0.000000 3.141590 -0.277115 0.313209 6.355147 22.624275
-0.286248 0.390593 0.035174 0.087252 -0.000000 3.141590 -0.277115 0.313209 6.355147 22.718101
-0.286181 0.390379 0.035096 0.087217 -0.000000 3.141590 -0.211610 0.258783 6.993075 22.811586
-0.286150 0.390332 0.035079 0.087215 -0.000000 3.141590 -0.198218 0.206053 7.216655 22.904733
-0.286114 0.390290 0.035064 0.087215 -0.000000 3.141590 -0.186177 0.144358 7.449656 22.997548
-0.286074 0.390252 0.035050 0.087216 -0.000000 3.141590 -0.150884 0.113297 7.707978 23.090033
-0.285981 0.390191 0.035031 0.087216 -0.000000 3.141590 -0.045930 0.088525 8.217751 23.182191
-0.285981 0.390191 0.035031 0.087216 -0.000000 3.141590 -0.045930 0.088525 8.217751 23.274027
-0.285929 0.390169 0.035026 0.087214 -0.000000 3.141590 0.026248 0.051613 8.527482 23.365543
-0.285875 0.390153 0.035024 0.087212 -0.000000 3.141590 0.066627 0.003143 8.817911 23.456743
-0.285818 0.390144 0.035025 0.087209 -0.000000 3.141590 0.095485 -0.046176 9.087303 23.547630
-0.285759 0.390142 0.035027 0.087208 -0.000000 3.141590 0.122102 -0.091650 9.335768 23.638207
-0.285699 0.390147 0.035032 0.087208 -0.000000 3.141590 0.152638 -0.073966 9.572252 23.728477
-0.285448 0.390230 0.035068 0.087225 -0.000000 3.141590 0.414637 -0.001267 10.607026 23.818445
-0.285386 0.390265 0.035080 0.087229 -0.000000 3.141590 0.468799 0.009340 10.765337 23.908111
-0.285324 0.390305 0.035092 0.087232 -0.000000 3.141590 0.546862 0.045711 10.945543 23.997481
-0.285264 0.390350 0.035105 0.087232 -0.000000 3.141590 0.649900 0.146196 11.064250 24.086556
-0.285205 0.390399 0.035119 0.087228 -0.000000 3.141590 0.744934 0.238816 11.173741 24.175339
-0.285148 0.390453 0.035132 0.087222 -0.000000 3.141590 0.801471 0.380926 11.237397 24.263833
-0.285094 0.390510 0.035145 0.087214 -0.000000 3.141590 0.840973 0.480147 11.281879 24.352042
-0.285042 0.390570 0.035159 0.087206 -0.000000 3.141590 0.843807 0.613333 11.339882 24.439967
-0.284994 0.390632 0.035174 0.087197 -0.000000 3.141590 0.861011 0.730097 11.386003 24.527612
-0.284949 0.390697 0.035189 0.087189 -0.000000 3.141590 0.907840 0.820277 11.413211 24.614979
-0.284909 0.390763 0.035204 0.087183 -0.000000 3.141590 0.951033 0.903475 11.438304 24.702071
-0.284816 0.390963 0.035248 0.087184 -0.000000 3.141590 0.960614 1.084218 11.435725 24.788891
-0.284796 0.391030 0.035261 0.087192 -0.000000 3.141590 0.945191 1.181737 11.341115 24.875440
-0.284782 0.391095 0.035273 0.087203 -0.000000 3.141590 0.930967 1.271743 11.253849 24.961722
-0.284782 0.391095 0.035273 0.087203 -0.000000 3.141590 0.917847 1.354809 11.173357 25.047738
-0.284775 0.391160 0.035284 0.087215 -0.000000 3.141590 0.917847 1.354809 11.173357 25.133493
-0.286471 0.390882 0.035237 0.079480 -0.015587 3.140288 0.043708 0.285666 7.409302 25.133493
-0.286467 0.390903 0.035223 0.079480 -0.015587 3.140288 0.093944 0.366695 7.080623 25.218986
-0.286467 0.390903 0.035223 0.079480 -0.015587 3.140288 0.093944 0.366695 7.080623 25.304222
-0.286469 0.390904 0.035215 0.079480 -0.015587 3.140288 0.083213 0.402364 7.038517 25.389203
-0.286472 0.390902 0.035205 0.079480 -0.015587 3.140288 0.070544 0.428135 7.015686 25.473930
-0.286476 0.390899 0.035194 0.079480 -0.015587 3.140288 0.054805 0.460152 6.987321 25.558406
-0.286485 0.390888 0.035172 0.079480 -0.015587 3.140288 0.014981 0.568353 7.218363 25.642633
-0.286489 0.390880 0.035162 0.079480 -0.015587 3.140288 -0.006227 0.592286 7.327394 25.726614
-0.286495 0.390839 0.035137 0.079480 -0.015587 3.140288 -0.063256 0.581225 7.554753 25.810350
-0.286495 0.390839 0.035137 0.079480 -0.015587 3.140288 -0.063256 0.581225 7.554753 25.893844
-0.286489 0.390797 0.035130 0.079480 -0.015587 3.140288 -0.096705 0.568448 7.711618 25.977098
-0.286482 0.390773 0.035130 0.079480 -0.015587 3.140288 -0.111150 0.559845 7.790889 26.060114
-0.286472 0.390747 0.035134 0.079480 -0.015587 3.140288 -0.140330 0.533663 7.824634 26.142893
-0.286461 0.390720 0.035141 0.079480 -0.015587 3.140288 -0.160718 0.515369 7.848212 26.225438
-0.286447 0.390690 0.035152 0.079480 -0.015587 3.140288 -0.172935 0.462510 7.748276 26.307751
-0.286447 0.390690 0.035152 0.079480 -0.015587 3.140288 -0.180937 0.410183 7.652425 26.389834
-0.286431 0.390659 0.035165 0.079480 -0.015587 3.140288 -0.180937 0.410183 7.652425 26.471689
-0.286413 0.390626 0.035181 0.079480 -0.015587 3.140288 -0.182488 0.355647 7.565693 26.553317
-0.286392 0.390591 0.035199 0.079480 -0.015587 3.140288 -0.183918 0.305346 7.485697 26.634721
-0.286287 0.390442 0.035291 0.079480 -0.015587 3.140288 -0.056369 0.169157 6.958195 26.715902
-0.286255 0.390403 0.035317 0.079480 -0.015587 3.140288 -0.012365 0.136132 6.780326 26.796862
-0.286221 0.390365 0.035344 0.079480 -0.015587 3.140288 0.028220 0.105672 6.616274 26.877603
-0.286186 0.390328 0.035370 0.079480 -0.015587 3.140288 0.056577 0.084390 6.501653 26.958127
-0.286149 0.390292 0.035397 0.079480 -0.015587 3.140288 0.085204 0.080711 6.321323 27.038436
-0.286149 0.390292 0.035397 0.079480 -0.015587 3.140288 0.085204 0.080711 6.321323 27.118530
-0.286111 0.390258 0.035422 0.079480 -0.015587 3.140288 0.105265 0.099179 6.118580 27.198413
-0.286029 0.390196 0.035468 0.079480 -0.015587 3.140288 0.194197 0.063080 5.718173 27.278085
-0.285987 0.390169 0.035489 0.079480 -0.015587 3.140288 0.226014 0.060219 5.498782 27.357548
-0.285987 0.390169 0.035489 0.079480 -0.015587 3.140288 0.226014 0.060219 5.498782 27.436804
-0.285943 0.390145 0.035507 0.079480 -0.015587 3.140288 0.245882 0.072135 5.327122 27.515855
-0.285755 0.390091 0.035546 0.079480 -0.015587 3.140288 0.296643 0.055461 4.485099 27.594701
-0.285706 0.390089 0.035545 0.079480 -0.015587 3.140288 0.312872 0.038697 4.235645 27.673345
-0.285655 0.390091 0.035541 0.079480 -0.015587 3.140288 0.304190 0.041999 4.032561 27.751789
-0.285605 0.390097 0.035533 0.079480 -0.015587 3.140288 0.280584 0.055716 3.761810 27.830033
-0.285554 0.390106 0.035521 0.079480 -0.015587 3.140288 0.258812 0.068367 3.512090 27.908079
-0.285454 0.390132 0.035490 0.079480 -0.015587 3.140288 0.223114 0.092796 3.078340 27.985929
-0.285405 0.390149 0.035472 0.079480 -0.015587 3.140288 0.217079 0.110325 2.916660 28.063585
-0.285405 0.390149 0.035472 0.079480 -0.015587 3.140288 0.217079 0.110325 2.916660 28.141047
-0.285356 0.390169 0.035451 0.079480 -0.015587 3.140288 0.212863 0.122572 2.803696 28.218317
-0.285309 0.390191 0.035429 0.079480 -0.015587 3.140288 0.194580 0.140554 2.717780 28.295396
-0.285262 0.390216 0.035405 0.079480 -0.015587 3.140288 0.173540 0.158024 2.655961 28.372287
-0.285087 0.390338 0.035300 0.079480 -0.015587 3.140288 0.250828 0.174205 2.726714 28.448990
-0.285048 0.390374 0.035273 0.079480 -0.015587 3.140288 0.256874 0.189658 2.758370 28.525506
-0.285048 0.390374 0.035273 0.079480 -0.015587 3.140288 0.267433 0.220672 2.851275 28.601837
-0.285011 0.390412 0.035246 0.079480 -0.015587 3.140288 0.267433 0.220672 2.851275 28.677985
-0.284977 0.390451 0.035220 0.079480 -0.015587 3.140288 0.277171 0.249276 2.936964 28.753951
-0.284947 0.390491 0.035194 0.079480 -0.015587 3.140288 0.298233 0.289989 3.031709 28.829735
-0.284897 0.390576 0.035147 0.079480 -0.015587 3.140288 0.331232 0.353775 3.180151 28.905340
-0.284879 0.390621 0.035126 0.079480 -0.015587 3.140288 0.348095 0.386371 3.256006 28.980766
-0.284879 0.390621 0.035126 0.079480 -0.015587 3.140288 0.348095 0.386371 3.256006 29.056016
-0.284865 0.390667 0.035107 0.079480 -0.015587 3.140288 0.336552 0.420743 3.348536 29.131089
-0.284856 0.390715 0.035092 0.079480 -0.015587 3.140288 0.299885 0.456583 3.455550 29.205987
-0.284862 0.390914 0.035063 0.079480 -0.015587 3.140288 0.287247 0.702738 4.544907 29.280712
-0.284862 0.390914 0.035063 0.079480 -0.015587 3.140288 0.287247 0.702738 4.544907 29.355265
-0.284872 0.390965 0.035063 0.079480 -0.015587 3.140288 0.274939 0.795194 4.911283 29.429646
-0.284885 0.391017 0.035065 0.079480 -0.015587 3.140288 0.268761 0.864229 5.171938 29.503858
-0.284920 0.391121 0.035073 0.079480 -0.015587 3.140288 0.237960 1.061050 5.882643 29.577901
-0.284920 0.391121 0.035073 0.079480 -0.015587 3.140288 0.237960 1.061050 5.882643 29.651776
-0.284942 0.391172 0.035079 0.079480 -0.015587 3.140288 0.211495 1.173701 6.267682 29.725485
-0.284966 0.391223 0.035086 0.079480 -0.015587 3.140288 0.199644 1.237046 6.624653 29.799028
-0.285021 0.391324 0.035103 0.079480 -0.015587 3.140288 0.201814 1.274489 7.260966 29.872407
-0.285021 0.391324 0.035103 0.079480 -0.015587 3.140288 0.202542 1.287040 7.474275 29.945623
-0.285052 0.391373 0.035114 0.079480 -0.015587 3.140288 0.202542 1.287040 7.474275 30.018677
-0.285198 0.391553 0.035165 0.079480 -0.015587 3.140288 0.107439 1.385585 8.163400 30.091570
-0.285239 0.391591 0.035180 0.079480 -0.015587 3.140288 0.068235 1.415737 8.235759 30.164303
-0.285239 0.391591 0.035180 0.079480 -0.015587 3.140288 0.025624 1.431975 8.283947 30.236877
-0.285282 0.391627 0.035196 0.079480 -0.015587 3.140288 0.025624 1.431975 8.283947 30.309293
-0.285326 0.391659 0.035212 0.079480 -0.015587 3.140288 -0.009059 1.426651 8.303146 30.381552
-0.285418 0.391710 0.035245 0.079480 -0.015587 3.140288 -0.065158 1.386698 8.282264 30.453655
-0.285465 0.391728 0.035261 0.079480 -0.015587 3.140288 -0.085768 1.356083 8.232743 30.525604
-0.285465 0.391728 0.035261 0.079480 -0.015587 3.140288 -0.085768 1.356083 8.232743 30.597399
-0.285513 0.391742 0.035276 0.079480 -0.015587 3.140288 -0.092632 1.290572 8.071002 30.669041
-0.285562 0.391752 0.035291 0.079480 -0.015587 3.140288 -0.097428 1.244800 7.957995 30.740531
-0.285613 0.391757 0.035305 0.079480 -0.015587 3.140288 -0.132121 1.233371 7.736282 30.811870
-0.285874 0.391729 0.035359 0.079480 -0.015587 3.140288 -0.263092 1.115957 6.806830 30.883059
-0.285928 0.391713 0.035364 0.079480 -0.015587 3.140288 -0.281588 1.061511 6.613359 30.954099
-0.285982 0.391695 0.035368 0.079480 -0.015587 3.140288 -0.289852 1.003776 6.434712 31.024991
-0.285982 0.391695 0.035368 0.079480 -0.015587 3.140288 -0.293569 0.941651 6.248027 31.095736
-0.286036 0.391675 0.035369 0.079480 -0.015587 3.140288 -0.293569 0.941651 6.248027 31.166335
-0.286088 0.391653 0.035368 0.079480 -0.015587 3.140288 -0.294794 0.881002 6.055192 31.236788
-0.286140 0.391630 0.035366 0.079480 -0.015587 3.140288 -0.293300 0.846265 5.923535 31.307097
-0.286190 0.391604 0.035362 0.079480 -0.015587 3.140288 -0.291443 0.803107 5.759965 31.377263
-0.286239 0.391575 0.035357 0.079480 -0.015587 3.140288 -0.289731 0.763302 5.609100 31.447285
-0.286331 0.391513 0.035342 0.079480 -0.015587 3.140288 -0.273087 0.655888 5.274409 31.517166
-0.286374 0.391480 0.035333 0.079480 -0.015587 3.140288 -0.266425 0.608531 5.142294 31.586906
-0.286454 0.391407 0.035314 0.079480 -0.015587 3.140288 -0.254686 0.503073 4.880300 31.656506
-0.286490 0.391368 0.035305 0.079480 -0.015587 3.140288 -0.254686 0.503073 4.880300 31.725967
-0.286523 0.391327 0.035297 0.079480 -0.015587 3.140288 -0.252921 0.471020 4.807792 31.795289
-0.286552 0.391285 0.035290 0.079480 -0.015587 3.140288 -0.256758 0.443882 4.767464 31.864473
-0.286597 0.391197 0.035282 0.079480 -0.015587 3.140288 -0.250622 0.398238 4.689763 31.933521
-0.286613 0.391152 0.035280 0.079480 -0.015587 3.140288 -0.238602 0.372625 4.639440 32.002433
-0.286613 0.391152 0.035280 0.079480 -0.015587 3.140288 -0.238602 0.372625 4.639440 32.071209
-0.286624 0.391106 0.035279 0.079480 -0.015587 3.140288 -0.246949 0.326725 4.597081 32.139852
-0.286631 0.391059 0.035280 0.079480 -0.015587 3.140288 -0.249382 0.282149 4.554555 32.208360
-0.286634 0.391011 0.035280 0.079480 -0.015587 3.140288 -0.240160 0.240967 4.521685 32.276736
-0.286634 0.390961 0.035281 0.079480 -0.015587 3.140288 -0.233717 0.212194 4.498719 32.344980
-0.286601 0.390756 0.035280 0.079480 -0.015587 3.140288 -0.202380 0.101851 4.428944 32.413092
-0.286585 0.390703 0.035279 0.079480 -0.015587 3.140288 -0.189264 0.079851 4.407142 32.481074
-0.286567 0.390651 0.035280 0.079480 -0.015587 3.140288 -0.172967 0.052518 4.380056 32.548926
-0.286546 0.390598 0.035281 0.079480 -0.015587 3.140288 -0.157937 0.027308 4.355073 32.616649
-0.286546 0.390598 0.035281 0.079480 -0.015587 3.140288 -0.153847 0.023180 4.342125 32.684244
-0.286524 0.390547 0.035284 0.079480 -0.015587 3.140288 -0.153847 0.023180 4.342125 32.751711
-0.286500 0.390495 0.035287 0.079480 -0.015587 3.140288 -0.159461 0.037741 4.339877 32.819051
-0.286474 0.390445 0.035289 0.079480 -0.015587 3.140288 -0.146661 0.038503 4.318367 32.886266
-0.286417 0.390346 0.035293 0.079480 -0.015587 3.140288 -0.096657 0.012793 4.254108 32.953354
-0.286385 0.390298 0.035293 0.079480 -0.015587 3.140288 -0.061746 -0.003712 4.232939 33.020318
-0.286385 0.390298 0.035293 0.079480 -0.015587 3.140288 -0.061746 -0.003712 4.232939 33.087158
-0.286241 0.390119 0.035283 0.079480 -0.015587 3.140288 0.002386 0.039272 4.155660 33.153875
-0.286241 0.390119 0.035283 0.079480 -0.015587 3.140288 0.045159 0.057513 4.122877 33.220469
-0.286159 0.390043 0.035276 0.079480 -0.015587 3.140288 0.045159 0.057513 4.122877 33.286941
-0.286116 0.390009 0.035274 0.079480 -0.015587 3.140288 0.064336 0.028248 4.118658 33.353291
-0.286073 0.389979 0.035273 0.079480 -0.015587 3.140288 0.082023 0.001257 4.114766 33.419521
-0.286028 0.389954 0.035272 0.079480 -0.015587 3.140288 0.094380 -0.017602 4.112048 33.485631
-0.286028 0.389954 0.035272 0.079480 -0.015587 3.140288 0.094380 -0.017602 4.112048 33.551621
-0.285982 0.389932 0.035272 0.079480 -0.015587 3.140288 0.109733 -0.041032 4.108670 33.617493
-0.285935 0.389916 0.035272 0.079480 -0.015587 3.140288 0.127802 -0.024562 4.096960 33.683247
-0.285839 0.389896 0.035270 0.079480 -0.015587 3.140288 0.130526 0.012463 4.095272 33.748883
-0.285839 0.389896 0.035270 0.079480 -0.015587 3.140288 0.117667 0.032600 4.103677 33.814402
-0.285635 0.389906 0.035252 0.079480 -0.015587 3.140288 0.205818 0.097767 4.101879 33.879806
-0.285582 0.389916 0.035246 0.079480 -0.015587 3.140288 0.242540 0.110441 4.109746 33.945093
-0.285530 0.389929 0.035240 0.079480 -0.015587 3.140288 0.272440 0.128983 4.119288 34.010266
-0.285478 0.389944 0.035233 0.079480 -0.015587 3.140288 0.288577 0.165831 4.134678 34.075324
-0.285427 0.389961 0.035228 0.079480 -0.015587 3.140288 0.299851 0.191576 4.145432 34.140269
-0.285376 0.389980 0.035224 0.079480 -0.015587 3.140288 0.317345 0.174757 4.195288 34.205100
-0.285277 0.390025 0.035221 0.079480 -0.015587 3.140288 0.348362 0.144938 4.283684 34.269819
-0.285277 0.390025 0.035221 0.079480 -0.015587 3.140288 0.348362 0.144938 4.283684 34.334426
-0.285228 0.390050 0.035223 0.079480 -0.015587 3.140288 0.362088 0.131742 4.322801 34.398921
-0.285180 0.390077 0.035225 0.079480 -0.015587 3.140288 0.361119 0.155829 4.413830 34.463305
-0.285132 0.390105 0.035228 0.079480 -0.015587 3.140288 0.355864 0.189652 4.515377 34.527580
-0.284954 0.390239 0.035241 0.079480 -0.015587 3.140288 0.386552 0.357965 4.871321 34.591744
-0.284913 0.390277 0.035242 0.079480 -0.015587 3.140288 0.391349 0.369707 4.909848 34.655799
-0.284875 0.390317 0.035241 0.079480 -0.015587 3.140288 0.399507 0.384384 4.959407 34.719746
-0.284875 0.390317 0.035241 0.079480 -0.015587 3.140288 0.407032 0.397921 5.005117 34.783585
-0.284840 0.390357 0.035239 0.079480 -0.015587 3.140288 0.407032 0.397921 5.005117 34.847316
-0.284808 0.390399 0.035235 0.079480 -0.015587 3.140288 0.416394 0.435039 5.033429 34.910941
-0.284780 0.390442 0.035230 0.079480 -0.015587 3.140288 0.425805 0.477159 5.055111 34.974458
-0.284756 0.390486 0.035224 0.079480 -0.015587 3.140288 0.432143 0.514793 5.082540 35.037870
-0.284722 0.390577 0.035211 0.079480 -0.015587 3.140288 0.438253 0.571774 5.137637 35.101177
-0.284711 0.390624 0.035205 0.079480 -0.015587 3.140288 0.441375 0.600893 5.165792 35.164379
-0.284711 0.390624 0.035205 0.079480 -0.015587 3.140288 0.441375 0.600893 5.165792 35.227476
-0.284703 0.390771 0.035190 0.079480 -0.015587 3.140288 0.394000 0.712582 5.360578 35.290470
-0.284707 0.390822 0.035187 0.079480 -0.015587 3.140288 0.394000 0.712582 5.360578 35.353360
-0.284714 0.390874 0.035184 0.079480 -0.015587 3.140288 0.377052 0.759391 5.433023 35.416148
-0.284736 0.390979 0.035182 0.079480 -0.015587 3.140288 0.338491 0.845151 5.594653 35.478833
-0.284750 0.391031 0.035184 0.079480 -0.015587 3.140288 0.331684 0.863786 5.647392 35.541417
-0.284750 0.391031 0.035184 0.079480 -0.015587 3.140288 0.331684 0.863786 5.647392 35.603899
-0.284766 0.391083 0.035185 0.079480 -0.015587 3.140288 0.326929 0.876806 5.684241 35.666281
-0.284784 0.391135 0.035188 0.079480 -0.015587 3.140288 0.316147 0.901314 5.738239 35.728562
-0.284804 0.391186 0.035190 0.079480 -0.015587 3.140288 0.292161 0.947924 5.811722 35.790743
-0.284850 0.391289 0.035193 0.079480 -0.015587 3.140288 0.243167 1.000950 5.896447 35.852825
-0.284876 0.391339 0.035193 0.079480 -0.015587 3.140288 0.218384 1.010206 5.912080 35.914808
-0.284965 0.391490 0.035185 0.079480 -0.015587 3.140288 0.147296 1.032194 5.922788 35.976693
-0.284999 0.391538 0.035181 0.079480 -0.015587 3.140288 0.105619 1.039171 5.884817 36.038480
-0.285034 0.391585 0.035177 0.079480 -0.015587 3.140288 0.063479 1.050568 5.861317 36.100169
-0.285034 0.391585 0.035177 0.079480 -0.015587 3.140288 0.063479 1.050568 5.861317 36.161762
-0.285070 0.391629 0.035174 0.079480 -0.015587 3.140288 0.031343 1.062141 5.853280 36.223257
-0.285146 0.391712 0.035169 0.079480 -0.015587 3.140288 -0.022840 1.064180 5.853492 36.284657
-0.285185 0.391749 0.035169 0.079480 -0.015587 3.140288 -0.057258 1.061073 5.879882 36.345961
-0.285185 0.391749 0.035169 0.079480 -0.015587 3.140288 -0.057258 1.061073 5.879882 36.407170
-0.285226 0.391784 0.035171 0.079480 -0.015587 3.140288 -0.093987 1.058267 5.910461 36.468284
-0.285268 0.391815 0.035175 0.079480 -0.015587 3.140288 -0.127863 1.055678 5.938665 36.529304
-0.285312 0.391843 0.035180 0.079480 -0.015587 3.140288 -0.129571 1.047568 5.955477 36.590230
-0.285547 0.391916 0.035208 0.079480 -0.015587 3.140288 -0.155723 0.955645 6.058080 36.651062
-0.285597 0.391918 0.035212 0.079480 -0.015587 3.140288 -0.167019 0.937251 6.077363 36.711801
-0.285646 0.391917 0.035214 0.079480 -0.015587 3.140288 -0.176513 0.906597 5.989057 36.772448
-0.285695 0.391913 0.035214 0.079480 -0.015587 3.140288 -0.185269 0.878324 5.907611 36.833003
-0.285745 0.391907 0.035212 0.079480 -0.015587 3.140288 -0.200538 0.827377 5.793591 36.893466
-0.285745 0.391907 0.035212 0.079480 -0.015587 3.140288 -0.214621 0.780388 5.688429 36.953837
-0.285794 0.391898 0.035209 0.079480 -0.015587 3.140288 -0.214621 0.780388 5.688429 37.014118
-0.285844 0.391887 0.035206 0.079480 -0.015587 3.140288 -0.237490 0.721596 5.579111 37.074308
-0.285894 0.391874 0.035202 0.079480 -0.015587 3.140288 -0.258035 0.684135 5.504397 37.134408
-0.285944 0.391859 0.035198 0.079480 -0.015587 3.140288 -0.290164 0.654489 5.415930 37.194418
-0.285994 0.391842 0.035194 0.079480 -0.015587 3.140288 -0.319797 0.627146 5.334335 37.254339
-0.286194 0.391754 0.035192 0.079480 -0.015587 3.140288 -0.342646 0.473947 5.105425 37.314171
-0.286243 0.391727 0.035197 0.079480 -0.015587 3.140288 -0.340345 0.446128 5.070161 37.373914
-0.286292 0.391700 0.035203 0.079480 -0.015587 3.140288 -0.338223 0.420469 5.037636 37.433570
-0.286341 0.391671 0.035211 0.079480 -0.015587 3.140288 -0.336265 0.396804 5.007637 37.493138
-0.286341 0.391671 0.035211 0.079480 -0.015587 3.140288 -0.336265 0.396804 5.007637 37.552618
-0.286388 0.391641 0.035220 0.079480 -0.015587 3.140288 -0.340666 0.371790 5.035810 37.612011
-0.286433 0.391609 0.035231 0.079480 -0.015587 3.140288 -0.346712 0.347700 5.079668 37.671318
-0.286477 0.391577 0.035241 0.079480 -0.015587 3.140288 -0.351708 0.331156 5.082202 37.730538
-0.286520 0.391542 0.035252 0.079480 -0.015587 3.140288 -0.359893 0.311342 5.013354 37.789673
-0.286599 0.391469 0.035271 0.079480 -0.015587 3.140288 -0.396849 0.255618 4.883214 37.848722
-0.286599 0.391469 0.035271 0.079480 -0.015587 3.140288 -0.396849 0.255618 4.883214 37.907687
-0.286730 0.391306 0.035292 0.079480 -0.015587 3.140288 -0.336072 0.170654 4.742905 37.966566
-0.286754 0.391262 0.035291 0.079480 -0.015587 3.140288 -0.323991 0.151507 4.695777 38.025361
-0.286754 0.391262 0.035291 0.079480 -0.015587 3.140288 -0.323991 0.151507 4.695777 38.084072
-0.286775 0.391217 0.035288 0.079480 -0.015587 3.140288 -0.320011 0.143421 4.649881 38.142700
-0.286791 0.391172 0.035283 0.079480 -0.015587 3.140288 -0.323218 0.145157 4.605218 38.201244
-0.286811 0.391078 0.035268 0.079480 -0.015587 3.140288 -0.328244 0.147876 4.535243 38.259705
-0.286811 0.391078 0.035268 0.079480 -0.015587 3.140288 -0.330812 0.149266 4.499484 38.318084
-0.286815 0.391030 0.035259 0.079480 -0.015587 3.140288 -0.330812 0.149266 4.499484 38.376380
-0.286816 0.390981 0.035250 0.079480 -0.015587 3.140288 -0.308747 0.121396 4.466668 38.434595
-0.286813 0.390931 0.035240 0.079480 -0.015587 3.140288 -0.288396 0.095691 4.436400 38.492728
-0.286807 0.390881 0.035231 0.079480 -0.015587 3.140288 -0.257040 0.070915 4.431002 38.550780
-0.286739 0.390622 0.035207 0.079480 -0.015587 3.140288 -0.197880 0.014760 4.379503 38.608751
-0.286719 0.390568 0.035209 0.079480 -0.015587 3.140288 -0.182496 0.000742 4.374913 38.666641
-0.286696 0.390515 0.035214 0.079480 -0.015587 3.140288 -0.156460 -0.005451 4.384481 38.724451
-0.286673 0.390461 0.035220 0.079480 -0.015587 3.140288 -0.124112 -0.013145 4.396370 38.782182
-0.286673 0.390461 0.035220 0.079480 -0.015587 3.140288 -0.124112 -0.013145 4.396370 38.839833
-0.286648 0.390409 0.035228 0.079480 -0.015587 3.140288 -0.086263 -0.044958 4.423549 38.897405
-0.286622 0.390358 0.035238 0.079480 -0.015587 3.140288 -0.051353 -0.074300 4.448617 38.954897
-0.286595 0.390308 0.035248 0.079480 -0.015587 3.140288 -0.019156 -0.101362 4.471738 39.012312
-0.286568 0.390258 0.035258 0.079480 -0.015587 3.140288 0.010541 -0.126322 4.493064 39.069648
-0.286507 0.390163 0.035279 0.079480 -0.015587 3.140288 0.020136 -0.105396 4.492923 39.126906
-0.286507 0.390163 0.035279 0.079480 -0.015587 3.140288 0.020136 -0.105396 4.492923 39.184087
-0.286370 0.389989 0.035307 0.079480 -0.015587 3.140288 0.081300 -0.104036 4.378656 39.241190
-0.286370 0.389989 0.035307 0.079480 -0.015587 3.140288 0.081300 -0.104036 4.378656 39.298216
-0.286332 0.389950 0.035309 0.079480 -0.015587 3.140288 0.086440 -0.091498 4.353948 39.355166
-0.286292 0.389912 0.035309 0.079480 -0.015587 3.140288 0.092826 -0.075921 4.323251 39.412040
-0.286212 0.389845 0.035305 0.079480 -0.015587 3.140288 0.113805 -0.050623 4.260465 39.468837
-0.286212 0.389845 0.035305 0.079480 -0.015587 3.140288 0.130813 -0.041284 4.225993 39.525559
-0.286170 0.389816 0.035302 0.079480 -0.015587 3.140288 0.130813 -0.041284 4.225993 39.582205
-0.286128 0.389791 0.035298 0.079480 -0.015587 3.140288 0.144874 -0.041187 4.200399 39.638776
-0.286084 0.389769 0.035294 0.079480 -0.015587 3.140288 0.167925 -0.057530 4.164737 39.695272
-0.286040 0.389752 0.035290 0.079480 -0.015587 3.140288 0.189185 -0.072603 4.131844 39.751694
-0.285994 0.389740 0.035287 0.079480 -0.015587 3.140288 0.208794 -0.086506 4.101507 39.808041
-0.285802 0.389726 0.035275 0.079480 -0.015587 3.140288 0.265532 -0.083917 4.052782 39.864315
-0.285802 0.389726 0.035275 0.079480 -0.015587 3.140288 0.292952 -0.068307 4.041842 39.920515
-0.285751 0.389731 0.035271 0.079480 -0.015587 3.140288 0.292952 -0.068307 4.041842 39.976641
-0.285699 0.389738 0.035267 0.079480 -0.015587 3.140288 0.291946 -0.044799 4.047395 40.032695
-0.285595 0.389759 0.035261 0.079480 -0.015587 3.140288 0.295374 -0.003315 4.034506 40.088676
-0.285543 0.389772 0.035258 0.079480 -0.015587 3.140288 0.297945 0.011654 4.025648 40.144584
-0.285543 0.389772 0.035258 0.079480 -0.015587 3.140288 0.297945 0.011654 4.025648 40.200420
-0.285491 0.389787 0.035256 0.079480 -0.015587 3.140288 0.302095 0.034039 4.017467 40.256184
-0.285439 0.389803 0.035253 0.079480 -0.015587 3.140288 0.308675 0.065600 4.018060 40.311876
-0.285387 0.389822 0.035249 0.079480 -0.015587 3.140288 0.314744 0.094709 4.018607 40.367497
-0.285284 0.389865 0.035240 0.079480 -0.015587 3.140288 0.343197 0.135849 4.050143 40.423047
-0.285130 0.389942 0.035225 0.079480 -0.015587 3.140288 0.376845 0.200580 4.092641 40.478525
-0.285081 0.389972 0.035220 0.079480 -0.015587 3.140288 0.389430 0.249049 4.116386 40.533934
-0.285032 0.390002 0.035215 0.079480 -0.015587 3.140288 0.406778 0.286509 4.181290 40.589272
-0.284985 0.390034 0.035212 0.079480 -0.015587 3.140288 0.423074 0.307413 4.257924 40.644540
-0.284985 0.390034 0.035212 0.079480 -0.015587 3.140288 0.423074 0.307413 4.257924 40.699738
-0.284939 0.390067 0.035208 0.079480 -0.015587 3.140288 0.445366 0.333700 4.363151 40.754867
-0.284852 0.390137 0.035201 0.079480 -0.015587 3.140288 0.470219 0.360996 4.602352 40.809926
-0.284810 0.390174 0.035198 0.079480 -0.015587 3.140288 0.484199 0.368145 4.716011 40.864917
-0.284810 0.390174 0.035198 0.079480 -0.015587 3.140288 0.497093 0.374740 4.820841 40.919838
-0.284770 0.390213 0.035194 0.079480 -0.015587 3.140288 0.497093 0.374740 4.820841 40.974692
-0.284732 0.390253 0.035191 0.079480 -0.015587 3.140288 0.506644 0.395804 4.892329 41.029477
-0.284579 0.390474 0.035188 0.079480 -0.015587 3.140288 0.590415 0.529832 5.320155 41.084194
-0.284559 0.390522 0.035191 0.079480 -0.015587 3.140288 0.607423 0.550520 5.397396 41.138843
-0.284543 0.390570 0.035194 0.079480 -0.015587 3.140288 0.614506 0.594402 5.516521 41.193425
-0.284531 0.390618 0.035198 0.079480 -0.015587 3.140288 0.621038 0.634875 5.626394 41.247940
-0.284531 0.390618 0.035198 0.079480 -0.015587 3.140288 0.621038 0.634875 5.626394 41.302387
-0.284524 0.390666 0.035200 0.079480 -0.015587 3.140288 0.583390 0.690966 5.676055 41.356768
-0.284519 0.390714 0.035202 0.079480 -0.015587 3.140288 0.557086 0.730157 5.710753 41.411083
-0.284517 0.390763 0.035203 0.079480 -0.015587 3.140288 0.526030 0.765217 5.751814 41.465331
-0.284523 0.390860 0.035200 0.079480 -0.015587 3.140288 0.472830 0.835943 5.791066 41.519513
-0.284523 0.390860 0.035200 0.079480 -0.015587 3.140288 0.472830 0.835943 5.791066 41.573630
-0.284530 0.390909 0.035198 0.079480 -0.015587 3.140288 0.448612 0.870817 5.799963 41.627681
-0.284567 0.391061 0.035188 0.079480 -0.015587 3.140288 0.392708 0.883767 5.767832 41.681667
-0.284602 0.391164 0.035186 0.079480 -0.015587 3.140288 0.316479 0.924300 5.750157 41.735588
-0.284623 0.391216 0.035186 0.079480 -0.015587 3.140288 0.282746 0.942238 5.742335 41.789443
-0.284644 0.391267 0.035188 0.079480 -0.015587 3.140288 0.259177 0.954770 5.736870 41.843235
-0.284644 0.391267 0.035188 0.079480 -0.015587 3.140288 0.259177 0.954770 5.736870 41.896962
-0.284667 0.391317 0.035191 0.079480 -0.015587 3.140288 0.221383 0.965708 5.725584 41.950625
-0.284691 0.391367 0.035194 0.079480 -0.015587 3.140288 0.178350 0.971346 5.710856 42.004224
-0.284743 0.391465 0.035200 0.079480 -0.015587 3.140288 0.123714 0.969803 5.678354 42.057759
-0.284771 0.391513 0.035202 0.079480 -0.015587 3.140288 0.098463 0.979432 5.653254 42.111231
-0.284801 0.391560 0.035203 0.079480 -0.015587 3.140288 0.070787 0.995865 5.629415 42.164640
-0.284832 0.391607 0.035202 0.079480 -0.015587 3.140288 0.050745 1.001268 5.587589 42.217986
-0.284933 0.391743 0.035189 0.079480 -0.015587 3.140288 0.002826 0.992432 5.453046 42.271269
-0.284933 0.391743 0.035189 0.079480 -0.015587 3.140288 0.002826 0.992432 5.453046 42.324489
-0.284970 0.391786 0.035183 0.079480 -0.015587 3.140288 -0.014268 0.983756 5.412047 42.377647
-0.285047 0.391869 0.035169 0.079480 -0.015587 3.140288 -0.064272 0.942679 5.329689 42.430743
-0.285087 0.391907 0.035163 0.079480 -0.015587 3.140288 -0.087867 0.921246 5.295731 42.483778
-0.285087 0.391907 0.035163 0.079480 -0.015587 3.140288 -0.109630 0.901479 5.264411 42.536750
-0.285128 0.391943 0.035157 0.079480 -0.015587 3.140288 -0.109630 0.901479 5.264411 42.589661
-0.285170 0.391976 0.035153 0.079480 -0.015587 3.140288 -0.130189 0.889546 5.254086 42.642511
-0.285213 0.392006 0.035150 0.079480 -0.015587 3.140288 -0.145615 0.894957 5.287391 42.695300
-0.285257 0.392032 0.035149 0.079480 -0.015587 3.140288 -0.164782 0.901680 5.328771 42.748028
-0.285349 0.392072 0.035152 0.079480 -0.015587 3.140288 -0.233110 0.864786 5.434499 42.800695
-0.285493 0.392101 0.035161 0.079480 -0.015587 3.140288 -0.250082 0.792608 5.465019 42.853303
-0.285544 0.392103 0.035163 0.079480 -0.015587 3.140288 -0.257139 0.758199 5.480370 42.905849
-0.285595 0.392102 0.035165 0.079480 -0.015587 3.140288 -0.265100 0.719659 5.469445 42.958336
-0.285646 0.392098 0.035166 0.079480 -0.015587 3.140288 -0.276625 0.664506 5.387093 43.010763
-0.285698 0.392092 0.035166 0.079480 -0.015587 3.140288 -0.287256 0.613636 5.311137 43.063131
-0.285698 0.392092 0.035166 0.079480 -0.015587 3.140288 -0.287256 0.613636 5.311137 43.115439
-0.285750 0.392083 0.035166 0.079480 -0.015587 3.140288 -0.306910 0.560522 5.250645 43.167688
-0.285854 0.392061 0.035166 0.079480 -0.015587 3.140288 -0.353850 0.433669 5.106171 43.219878
-0.285907 0.392047 0.035167 0.079480 -0.015587 3.140288 -0.374622 0.377532 5.042238 43.272009
-0.285907 0.392047 0.035167 0.079480 -0.015587 3.140288 -0.374622 0.377532 5.042238 43.324082
-0.285960 0.392031 0.035169 0.079480 -0.015587 3.140288 -0.387219 0.318768 4.973386 43.376097
-0.286013 0.392013 0.035173 0.079480 -0.015587 3.140288 -0.396737 0.262330 4.906719 43.428053
-0.286225 0.391924 0.035195 0.079480 -0.015587 3.140288 -0.431469 0.028579 4.803278 43.479951
-0.286277 0.391897 0.035201 0.079480 -0.015587 3.140288 -0.429163 -0.043270 4.776206 43.531791
-0.286328 0.391868 0.035206 0.079480 -0.015587 3.140288 -0.429146 -0.097887 4.755517 43.583574
-0.286328 0.391868 0.035206 0.079480 -0.015587 3.140288 -0.429146 -0.097887 4.755517 43.635300
-0.286379 0.391839 0.035209 0.079480 -0.015587 3.140288 -0.429124 -0.165743 4.729813 43.686968
-0.286428 0.391808 0.035211 0.079480 -0.015587 3.140288 -0.428979 -0.223767 4.685960 43.738579
-0.286477 0.391776 0.035211 0.079480 -0.015587 3.140288 -0.428806 -0.275824 4.639064 43.790133
-0.286524 0.391743 0.035210 0.079480 -0.015587 3.140288 -0.442519 -0.308406 4.589281 43.841631
-0.286615 0.391673 0.035203 0.079480 -0.015587 3.140288 -0.486640 -0.334277 4.500634 43.893072
-0.286615 0.391673 0.035203 0.079480 -0.015587 3.140288 -0.509186 -0.334277 4.500634 43.944457
-0.286658 0.391636 0.035199 0.079480 -0.015587 3.140288 -0.509186 -0.347498 4.455334 43.995786
-0.286814 0.391474 0.035187 0.079480 -0.015587 3.140288 -0.477591 -0.331576 4.448226 44.047059
-0.286814 0.391474 0.035187 0.079480 -0.015587 3.140288 -0.477591 -0.331576 4.448226 44.098277
-0.286847 0.391430 0.035188 0.079480 -0.015587 3.140288 -0.459854 -0.312112 4.461505 44.149438
-0.286878 0.391385 0.035189 0.079480 -0.015587 3.140288 -0.442901 -0.290881 4.502492 44.200545
-0.286929 0.391292 0.035198 0.079480 -0.015587 3.140288 -0.434548 -0.268081 4.615096 44.251596
-0.286929 0.391292 0.035198 0.079480 -0.015587 3.140288 -0.434548 -0.268081 4.615096 44.302592
-0.286949 0.391244 0.035205 0.079480 -0.015587 3.140288 -0.440158 -0.262046 4.669665 44.353533
-0.286964 0.391196 0.035212 0.079480 -0.015587 3.140288 -0.440396 -0.253923 4.712758 44.404420
-0.286975 0.391148 0.035221 0.079480 -0.015587 3.140288 -0.429786 -0.242667 4.727068 44.455252
-0.286982 0.391098 0.035230 0.079480 -0.015587 3.140288 -0.416605 -0.228683 4.744848 44.506030
-0.286988 0.390998 0.035247 0.079480 -0.015587 3.140288 -0.402238 -0.224482 4.732807 44.556754
-0.286974 0.390843 0.035270 0.079480 -0.015587 3.140288 -0.366386 -0.216190 4.687723 44.607424
-0.286963 0.390790 0.035276 0.079480 -0.015587 3.140288 -0.324520 -0.208071 4.624326 44.658040
-0.286951 0.390737 0.035283 0.079480 -0.015587 3.140288 -0.285952 -0.199378 4.555537 44.708602
-0.286936 0.390685 0.035288 0.079480 -0.015587 3.140288 -0.250424 -0.190203 4.482185 44.759111
-0.286936 0.390685 0.035288 0.079480 -0.015587 3.140288 -0.250424 -0.190203 4.482185 44.809567
-0.286920 0.390633 0.035292 0.079480 -0.015587 3.140288 -0.229635 -0.191534 4.435458 44.859970
-0.286902 0.390580 0.035295 0.079480 -0.015587 3.140288 -0.197946 -0.217718 4.390915 44.910320
-0.286862 0.390477 0.035300 0.079480 -0.015587 3.140288 -0.132880 -0.225587 4.299238 44.960616
-0.286862 0.390477 0.035300 0.079480 -0.015587 3.140288 -0.103478 -0.226429 4.257799 45.010861
-0.286840 0.390425 0.035300 0.079480 -0.015587 3.140288 -0.103478 -0.226429 4.257799 45.061053
-0.286817 0.390374 0.035299 0.079480 -0.015587 3.140288 -0.081544 -0.221339 4.233261 45.111192
-0.286677 0.390122 0.035289 0.079480 -0.015587 3.140288 -0.011616 -0.130530 4.133176 45.161280
-0.286644 0.390073 0.035289 0.079480 -0.015587 3.140288 -0.003171 -0.115659 4.119236 45.211315
-0.286610 0.390027 0.035291 0.079480 -0.015587 3.140288 0.018746 -0.116201 4.096435 45.261299
-0.286577 0.389982 0.035293 0.079480 -0.015587 3.140288 0.038961 -0.116700 4.075405 45.311231
-0.286542 0.389939 0.035297 0.079480 -0.015587 3.140288 0.061685 -0.120526 4.055598 45.361112
-0.286542 0.389939 0.035297 0.079480 -0.015587 3.140288 0.061685 -0.120526 4.055598 45.410941
-0.286508 0.389898 0.035301 0.079480 -0.015587 3.140288 0.083949 -0.125132 4.037198 45.460720
-0.286473 0.389859 0.035305 0.079480 -0.015587 3.140288 0.101638 -0.134099 4.039657 45.510447
-0.286436 0.389821 0.035308 0.079480 -0.015587 3.140288 0.115583 -0.140528 4.038839 45.560123
-0.286399 0.389784 0.035311 0.079480 -0.015587 3.140288 0.119713 -0.136318 4.035264 45.609749
-0.286321 0.389717 0.035313 0.079480 -0.015587 3.140288 0.130856 -0.127375 4.026141 45.659324
-0.286195 0.389633 0.035302 0.079480 -0.015587 3.140288 0.178996 -0.109138 4.001111 45.708849
-0.286195 0.389633 0.035302 0.079480 -0.015587 3.140288 0.216766 -0.087005 3.984334 45.758324
-0.286150 0.389611 0.035297 0.079480 -0.015587 3.140288 0.216766 -0.087005 3.984334 45.807748
-0.286104 0.389593 0.035291 0.079480 -0.015587 3.140288 0.251602 -0.066591 3.968859 45.857123
-0.286057 0.389578 0.035285 0.079480 -0.015587 3.140288 0.283732 -0.047763 3.954587 45.906448
-0.285962 0.389560 0.035274 0.079480 -0.015587 3.140288 0.318459 -0.006438 3.946451 45.955723
-0.285962 0.389560 0.035274 0.079480 -0.015587 3.140288 0.318459 -0.006438 3.946451 46.004949
-0.285914 0.389556 0.035271 0.079480 -0.015587 3.140288 0.332601 0.019743 3.941954 46.054125
-0.285865 0.389554 0.035269 0.079480 -0.015587 3.140288 0.339370 0.055363 3.933084 46.103252
-0.285816 0.389556 0.035269 0.079480 -0.015587 3.140288 0.361743 0.159752 3.831646 46.152331
-0.285766 0.389560 0.035270 0.079480 -0.015587 3.140288 0.390042 0.331161 3.650753 46.201360
-0.285507 0.389613 0.035288 0.079480 -0.015587 3.140288 0.345356 0.911439 3.008675 46.250341
-0.285507 0.389613 0.035288 0.079480 -0.015587 3.140288 0.345356 0.911439 3.008675 46.299273
-0.285507 0.389613 0.035288 0.079480 -0.015587 3.140288 0.345356 0.911439 3.008675 46.348157
-0.285455 0.389630 0.035291 0.079480 -0.015587 3.140288 0.353206 0.983007 2.948302 46.396992
-0.285402 0.389648 0.035292 0.079480 -0.015587 3.140288 0.392680 1.094330 2.854050 46.445779
-0.285350 0.389667 0.035292 0.079480 -0.015587 3.140288 0.429088 1.197006 2.767118 46.494518
-0.285246 0.389709 0.035286 0.079480 -0.015587 3.140288 0.497000 1.396798 2.634595 46.543210
-0.285194 0.389732 0.035279 0.079480 -0.015587 3.140288 0.538347 1.544863 2.648578 46.591853
-0.285143 0.389756 0.035271 0.079480 -0.015587 3.140288 0.567236 1.648314 2.658347 46.640449
-0.285092 0.389782 0.035261 0.079480 -0.015587 3.140288 0.594774 1.746866 2.683864 46.688998
-0.285092 0.389782 0.035261 0.079480 -0.015587 3.140288 0.617499 1.828168 2.711681 46.737499
-0.284845 0.389933 0.035194 0.079480 -0.015587 3.140288 0.754236 2.258923 3.144465 46.785953
-0.284799 0.389967 0.035180 0.079480 -0.015587 3.140288 0.784035 2.344703 3.283416 46.834360
-0.284754 0.390003 0.035167 0.079480 -0.015587 3.140288 0.790090 2.368715 3.438634 46.882720
-0.284711 0.390038 0.035155 0.079480 -0.015587 3.140288 0.797611 2.398548 3.631477 46.931034
-0.284670 0.390074 0.035145 0.079480 -0.015587 3.140288 0.754906 2.216391 3.731019 46.979301
-0.284632 0.390110 0.035137 0.079480 -0.015587 3.140288 0.715519 2.048382 3.822829 47.027521
-0.284632 0.390110 0.035137 0.079480 -0.015587 3.140288 0.715519 2.048382 3.822829 47.075695
-0.284595 0.390147 0.035131 0.079480 -0.015587 3.140288 0.679190 1.893424 3.907507 47.123823
-0.284560 0.390185 0.035128 0.079480 -0.015587 3.140288 0.653808 1.785157 3.966671 47.171904
-0.284528 0.390224 0.035128 0.079480 -0.015587 3.140288 0.656757 1.693582 4.060210 47.219940
-0.284498 0.390264 0.035129 0.079480 -0.015587 3.140288 0.692595 1.650357 4.165725 47.267930
-0.284421 0.390390 0.035142 0.079480 -0.015587 3.140288 0.716338 1.526138 4.666365 47.315874
-0.284400 0.390434 0.035148 0.079480 -0.015587 3.140288 0.698465 1.522989 4.850069 47.363772
-0.284383 0.390479 0.035153 0.079480 -0.015587 3.140288 0.695823 1.526543 5.013378 47.411626
-0.284370 0.390525 0.035159 0.079480 -0.015587 3.140288 0.697817 1.531888 5.162040 47.459433
-0.284360 0.390570 0.035163 0.079480 -0.015587 3.140288 0.699655 1.536817 5.299155 47.507196
-0.284352 0.390663 0.035168 0.079480 -0.015587 3.140288 0.674307 1.523926 5.433627 47.554914
-0.284352 0.390710 0.035167 0.079480 -0.015587 3.140288 0.647286 1.497775 5.481826 47.602586
-0.284355 0.390758 0.035165 0.079480 -0.015587 3.140288 0.611329 1.456675 5.513626 47.650214
-0.284360 0.390806 0.035162 0.079480 -0.015587 3.140288 0.586207 1.427959 5.535844 47.697797
-0.284367 0.390855 0.035158 0.079480 -0.015587 3.140288 0.554995 1.392282 5.563448 47.745336
-0.284367 0.390855 0.035158 0.079480 -0.015587 3.140288 0.526207 1.359377 5.588908 47.792830
-0.284416 0.391058 0.035142 0.079480 -0.015587 3.140288 0.425996 1.283616 5.638542 47.840280
-0.284432 0.391110 0.035140 0.079480 -0.015587 3.140288 0.388858 1.287446 5.667329 47.887686
-0.284451 0.391162 0.035140 0.079480 -0.015587 3.140288 0.354432 1.283761 5.716998 47.935048
-0.284470 0.391213 0.035142 0.079480 -0.015587 3.140288 0.332968 1.268535 5.767522 47.982366
-0.284470 0.391213 0.035142 0.079480 -0.015587 3.140288 0.310239 1.225989 5.817064 48.029640
-0.284491 0.391265 0.035145 0.079480 -0.015587 3.140288 0.310239 1.225989 5.817064 48.076870
-0.284512 0.391316 0.035149 0.079480 -0.015587 3.140288 0.294359 1.196262 5.851678 48.124057
-0.284535 0.391367 0.035154 0.079480 -0.015587 3.140288 0.274831 1.161650 5.893329 48.171200
-0.284559 0.391418 0.035160 0.079480 -0.015587 3.140288 0.257400 1.136410 5.927845 48.218300
-0.284584 0.391469 0.035166 0.079480 -0.015587 3.140288 0.241323 1.113131 5.959680 48.265357
-0.284611 0.391519 0.035171 0.079480 -0.015587 3.140288 0.190014 1.114324 5.955664 48.312371
-0.284732 0.391717 0.035180 0.079480 -0.015587 3.140288 0.045099 1.110103 5.919330 48.359341
-0.284766 0.391765 0.035178 0.079480 -0.015587 3.140288 0.037340 1.095991 5.871668 48.406269
-0.284801 0.391812 0.035175 0.079480 -0.015587 3.140288 0.030484 1.088749 5.836022 48.453155
-0.284837 0.391857 0.035171 0.079480 -0.015587 3.140288 0.018288 1.086454 5.785727 48.499997
-0.284874 0.391901 0.035166 0.079480 -0.015587 3.140288 -0.002886 1.084207 5.749368 48.546797
-0.284874 0.391901 0.035166 0.079480 -0.015587 3.140288 -0.002886 1.084207 5.749368 48.593555
-0.284911 0.391943 0.035162 0.079480 -0.015587 3.140288 -0.026106 1.080994 5.723673 48.640270
-0.284949 0.391983 0.035158 0.079480 -0.015587 3.140288 -0.041947 1.070592 5.709036 48.686944
-0.284989 0.392021 0.035155 0.079480 -0.015587 3.140288 -0.051663 1.061521 5.701007 48.733575
-0.285071 0.392093 0.035152 0.079480 -0.015587 3.140288 -0.082122 1.025807 5.710087 48.780164
-0.285071 0.392093 0.035152 0.079480 -0.015587 3.140288 -0.082122 1.025807 5.710087 48.826712
-0.285247 0.392207 0.035167 0.079480 -0.015587 3.140288 -0.178723 0.894272 5.770311 48.873217
-0.285293 0.392227 0.035172 0.079480 -0.015587 3.140288 -0.205291 0.858547 5.778518 48.919682
-0.285341 0.392244 0.035178 0.079480 -0.015587 3.140288 -0.229795 0.825596 5.786087 48.966104
-0.285389 0.392255 0.035183 0.079480 -0.015587 3.140288 -0.217172 0.752939 5.670467 49.012486
-0.285437 0.392263 0.035188 0.079480 -0.015587 3.140288 -0.208353 0.702174 5.589684 49.058826
-0.285484 0.392268 0.035191 0.079480 -0.015587 3.140288 -0.218154 0.624351 5.486994 49.105125
-0.285532 0.392268 0.035192 0.079480 -0.015587 3.140288 -0.233839 0.547851 5.391536 49.151383
-0.285580 0.392267 0.035192 0.079480 -0.015587 3.140288 -0.237934 0.484235 5.277236 49.197600
-0.285628 0.392262 0.035190 0.079480 -0.015587 3.140288 -0.243571 0.427216 5.172387 49.243776
-0.285676 0.392256 0.035187 0.079480 -0.015587 3.140288 -0.262545 0.378947 5.075574 49.289911
-0.285775 0.392238 0.035178 0.079480 -0.015587 3.140288 -0.287547 0.298728 4.924082 49.336006
-0.285927 0.392201 0.035167 0.079480 -0.015587 3.140288 -0.288041 0.139230 4.713937 49.382061
-0.285979 0.392185 0.035165 0.079480 -0.015587 3.140288 -0.292123 0.103174 4.670254 49.428075
-0.285979 0.392185 0.035165 0.079480 -0.015587 3.140288 -0.292123 0.103174 4.670254 49.474048
-0.286031 0.392167 0.035164 0.079480 -0.015587 3.140288 -0.297194 0.058377 4.615982 49.519982
-0.286134 0.392129 0.035167 0.079480 -0.015587 3.140288 -0.321578 -0.020260 4.525562 49.565875
-0.286184 0.392108 0.035169 0.079480 -0.015587 3.140288 -0.354536 -0.053924 4.493908 49.611729
-0.286184 0.392108 0.035169 0.079480 -0.015587 3.140288 -0.354536 -0.053924 4.493908 49.657542
-0.286234 0.392086 0.035171 0.079480 -0.015587 3.140288 -0.378510 -0.082208 4.482245 49.703316
-0.286284 0.392063 0.035172 0.079480 -0.015587 3.140288 -0.410723 -0.129554 4.494528 49.749051
-0.286334 0.392040 0.035173 0.079480 -0.015587 3.140288 -0.431624 -0.174999 4.499251 49.794745
-0.286384 0.392014 0.035172 0.079480 -0.015587 3.140288 -0.434382 -0.222173 4.500720 49.840400
-0.286579 0.391900 0.035159 0.079480 -0.015587 3.140288 -0.491707 -0.320431 4.515641 49.886016
-0.286579 0.391900 0.035159 0.079480 -0.015587 3.140288 -0.491707 -0.320431 4.515641 49.931593
-0.286672 0.391834 0.035150 0.079480 -0.015587 3.140288 -0.513051 -0.357391 4.560784 49.977130
-0.286716 0.391800 0.035147 0.079480 -0.015587 3.140288 -0.515056 -0.359821 4.614132 50.022629
-0.286759 0.391765 0.035145 0.079480 -0.015587 3.140288 -0.516904 -0.362062 4.663337 50.068088
-0.286759 0.391765 0.035145 0.079480 -0.015587 3.140288 -0.518609 -0.364129 4.708719 50.113509
-0.286800 0.391729 0.035145 0.079480 -0.015587 3.140288 -0.518609 -0.364129 4.708719 50.158891
-0.286840 0.391692 0.035147 0.079480 -0.015587 3.140288 -0.515508 -0.380307 4.751943 50.204234
-0.286879 0.391654 0.035151 0.079480 -0.015587 3.140288 -0.503140 -0.422764 4.785128 50.249539
-0.286915 0.391616 0.035157 0.079480 -0.015587 3.140288 -0.487775 -0.475512 4.826357 50.294805
-0.286983 0.391535 0.035173 0.079480 -0.015587 3.140288 -0.488025 -0.455758 4.895903 50.340033
-0.287069 0.391405 0.035203 0.079480 -0.015587 3.140288 -0.433596 -0.459359 5.070435 50.385223
-0.287093 0.391360 0.035214 0.079480 -0.015587 3.140288 -0.419079 -0.477644 5.113696 50.430374
-0.287113 0.391313 0.035225 0.079480 -0.015587 3.140288 -0.408528 -0.484468 5.141220 50.475487
-0.287113 0.391313 0.035225 0.079480 -0.015587 3.140288 -0.408528 -0.484468 5.141220 50.520563
-0.287130 0.391266 0.035235 0.079480 -0.015587 3.140288 -0.406973 -0.461829 5.130944 50.565600
-0.287143 0.391219 0.035244 0.079480 -0.015587 3.140288 -0.405887 -0.446011 5.123765 50.610600
-0.287158 0.391123 0.035260 0.079480 -0.015587 3.140288 -0.355313 -0.443677 4.963221 50.655562
-0.287158 0.391123 0.035260 0.079480 -0.015587 3.140288 -0.355313 -0.443677 4.963221 50.700487
-0.287161 0.391074 0.035267 0.079480 -0.015587 3.140288 -0.332932 -0.442644 4.892176 50.745374
-0.287160 0.391025 0.035274 0.079480 -0.015587 3.140288 -0.317295 -0.441922 4.842538 50.790224
-0.287157 0.390975 0.035281 0.079480 -0.015587 3.140288 -0.296165 -0.425574 4.785798 50.835036
-0.287107 0.390715 0.035309 0.079480 -0.015587 3.140288 -0.194762 -0.348795 4.545194 50.879811
-0.287107 0.390715 0.035309 0.079480 -0.015587 3.140288 -0.194762 -0.348795 4.545194 50.924549
-0.287107 0.390715 0.035309 0.079480 -0.015587 3.140288 -0.194762 -0.348795 4.545194 50.969250
-0.287076 0.390608 0.035310 0.079480 -0.015587 3.140288 -0.106476 -0.355572 4.458904 51.013914
-0.287059 0.390555 0.035309 0.079480 -0.015587 3.140288 -0.063993 -0.358330 4.420804 51.058542
-0.287041 0.390501 0.035307 0.079480 -0.015587 3.140288 -0.043344 -0.351562 4.405004 51.103132
-0.287041 0.390501 0.035307 0.079480 -0.015587 3.140288 -0.023473 -0.337586 4.392302 51.147686
-0.287022 0.390449 0.035304 0.079480 -0.015587 3.140288 -0.023473 -0.337586 4.392302 51.192203
-0.287001 0.390396 0.035301 0.079480 -0.015587 3.140288 -0.014392 -0.318421 4.377746 51.236684
-0.286979 0.390343 0.035299 0.079480 -0.015587 3.140288 -0.014896 -0.294719 4.361594 51.281128
-0.286930 0.390239 0.035297 0.079480 -0.015587 3.140288 -0.015789 -0.252697 4.332957 51.325536
-0.286930 0.390239 0.035297 0.079480 -0.015587 3.140288 -0.016088 -0.238609 4.323357 51.369908
-0.286815 0.390034 0.035307 0.079480 -0.015587 3.140288 0.044145 -0.209380 4.251833 51.414244
-0.286815 0.390034 0.035307 0.079480 -0.015587 3.140288 0.044145 -0.209380 4.251833 51.458544
-0.286783 0.389985 0.035311 0.079480 -0.015587 3.140288 0.060193 -0.225179 4.229670 51.502807
-0.286750 0.389937 0.035314 0.079480 -0.015587 3.140288 0.072169 -0.198067 4.214610 51.547035
-0.286715 0.389890 0.035316 0.079480 -0.015587 3.140288 0.093471 -0.168910 4.194109 51.591227
-0.286645 0.389800 0.035317 0.079480 -0.015587 3.140288 0.148215 -0.137806 4.161248 51.635384
-0.286645 0.389800 0.035317 0.079480 -0.015587 3.140288 0.148215 -0.137806 4.161248 51.679505
-0.286608 0.389758 0.035315 0.079480 -0.015587 3.140288 0.167354 -0.125036 4.148469 51.723590
-0.286570 0.389717 0.035313 0.079480 -0.015587 3.140288 0.169623 -0.118285 4.143388 51.767640
-0.286531 0.389677 0.035310 0.079480 -0.015587 3.140288 0.172441 -0.109897 4.137077 51.811654
-0.286491 0.389639 0.035308 0.079480 -0.015587 3.140288 0.218125 -0.134823 4.084465 51.855634
-0.286321 0.389507 0.035304 0.079480 -0.015587 3.140288 0.350467 -0.178481 3.934756 51.899578
-0.286275 0.389480 0.035307 0.079480 -0.015587 3.140288 0.363618 -0.131903 3.924702 51.943487
-0.286229 0.389456 0.035310 0.079480 -0.015587 3.140288 0.360338 -0.087487 3.921924 51.987361
-0.286229 0.389456 0.035310 0.079480 -0.015587 3.140288 0.346834 -0.055394 3.924710 52.031200
-0.286182 0.389436 0.035314 0.079480 -0.015587 3.140288 0.346834 -0.055394 3.924710 52.075004
-0.286134 0.389420 0.035317 0.079480 -0.015587 3.140288 0.305988 0.010994 3.885231 52.118774
-0.286087 0.389408 0.035320 0.079480 -0.015587 3.140288 0.306614 0.142731 3.766886 52.162508
-0.285990 0.389393 0.035324 0.079480 -0.015587 3.140288 0.236529 0.381411 3.457615 52.206209
-0.285940 0.389390 0.035323 0.079480 -0.015587 3.140288 0.200638 0.487384 3.313944 52.249874
-0.285940 0.389390 0.035323 0.079480 -0.015587 3.140288 0.200638 0.487384 3.313944 52.293506
-0.285890 0.389390 0.035321 0.079480 -0.015587 3.140288 0.169192 0.513916 3.186791 52.337103
-0.285684 0.389412 0.035297 0.079480 -0.015587 3.140288 0.087053 0.539372 2.409961 52.380665
-0.285631 0.389423 0.035288 0.079480 -0.015587 3.140288 0.082144 0.545076 2.273559 52.424194
-0.285631 0.389423 0.035288 0.079480 -0.015587 3.140288 0.082144 0.545076 2.273559 52.467688
-0.285577 0.389435 0.035278 0.079480 -0.015587 3.140288 0.076044 0.552162 2.104092 52.511149
-0.285470 0.389461 0.035260 0.079480 -0.015587 3.140288 0.080438 0.630164 1.892035 52.554575
-0.285417 0.389476 0.035251 0.079480 -0.015587 3.140288 0.093740 0.678789 1.828495 52.597968
-0.285417 0.389476 0.035251 0.079480 -0.015587 3.140288 0.093740 0.678789 1.828495 52.641326
-0.285364 0.389492 0.035241 0.079480 -0.015587 3.140288 0.103034 0.712762 1.784100 52.684651
-0.285311 0.389510 0.035231 0.079480 -0.015587 3.140288 0.118982 0.780554 1.741762 52.727943
-0.285259 0.389529 0.035220 0.079480 -0.015587 3.140288 0.138181 0.862131 1.711716 52.771201
-0.285154 0.389571 0.035197 0.079480 -0.015587 3.140288 0.196168 1.044822 1.682212 52.814425
-0.284948 0.389672 0.035149 0.079480 -0.015587 3.140288 0.476636 1.648102 1.788255 52.857616
-0.284948 0.389672 0.035149 0.079480 -0.015587 3.140288 0.476636 1.648102 1.788255 52.900774
-0.284898 0.389700 0.035138 0.079480 -0.015587 3.140288 0.548181 1.820232 1.842923 52.943898
-0.284849 0.389729 0.035128 0.079480 -0.015587 3.140288 0.598169 1.940496 1.881119 52.986990
-0.284801 0.389758 0.035120 0.079480 -0.015587 3.140288 0.660274 2.089914 1.928574 53.030048
-0.284755 0.389787 0.035114 0.079480 -0.015587 3.140288 0.753224 2.341987 2.097602 53.073073
-0.284710 0.389817 0.035111 0.079480 -0.015587 3.140288 0.873210 2.684214 2.373797 53.116065
-0.284624 0.389880 0.035109 0.079480 -0.015587 3.140288 1.088359 3.313000 2.954650 53.159025
-0.284624 0.389880 0.035109 0.079480 -0.015587 3.140288 1.088359 3.313000 2.954650 53.201951
-0.284583 0.389913 0.035110 0.079480 -0.015587 3.140288 1.193142 3.616729 3.313763 53.244845
-0.284542 0.389948 0.035112 0.079480 -0.015587 3.140288 1.213726 3.783280 3.708460 53.287707
-0.284429 0.390061 0.035118 0.079480 -0.015587 3.140288 1.238286 3.795635 4.749170 53.330535
-0.284394 0.390101 0.035120 0.079480 -0.015587 3.140288 1.190629 3.655768 4.921692 53.373331
-0.284331 0.390185 0.035122 0.079480 -0.015587 3.140288 1.058475 3.192725 5.222951 53.416095
-0.284304 0.390228 0.035123 0.079480 -0.015587 3.140288 1.067225 3.037296 5.331789 53.458827
-0.284304 0.390228 0.035123 0.079480 -0.015587 3.140288 1.075296 2.893940 5.432173 53.501526
-0.284279 0.390272 0.035125 0.079480 -0.015587 3.140288 1.075296 2.893940 5.432173 53.544193
-0.284257 0.390316 0.035128 0.079480 -0.015587 3.140288 1.080934 2.793779 5.502309 53.586828
-0.284237 0.390361 0.035133 0.079480 -0.015587 3.140288 1.087940 2.669339 5.589448 53.629431
-0.284221 0.390407 0.035140 0.079480 -0.015587 3.140288 0.998052 2.550199 5.689474 53.672002
-0.284197 0.390501 0.035159 0.079480 -0.015587 3.140288 0.885798 2.353885 5.858974 53.714541
-0.284197 0.390501 0.035159 0.079480 -0.015587 3.140288 0.885798 2.353885 5.858974 53.757048
-0.284187 0.390701 0.035202 0.079480 -0.015587 3.140288 0.745200 2.068003 6.073650 53.799523
-0.284191 0.390753 0.035211 0.079480 -0.015587 3.140288 0.706354 2.003254 6.101859 53.841967
-0.284197 0.390806 0.035220 0.079480 -0.015587 3.140288 0.679213 1.958015 6.121569 53.884379
-0.284205 0.390858 0.035227 0.079480 -0.015587 3.140288 0.628274 1.879844 6.082384 53.926759
-0.284205 0.390858 0.035227 0.079480 -0.015587 3.140288 0.628274 1.879844 6.082384 53.969108
-0.284214 0.390911 0.035231 0.079480 -0.015587 3.140288 0.581293 1.807744 6.046244 54.011426
-0.284225 0.390964 0.035234 0.079480 -0.015587 3.140288 0.514930 1.765666 5.914268 54.053712
-0.284236 0.391016 0.035234 0.079480 -0.015587 3.140288 0.468562 1.736266 5.822058 54.095967
-0.284250 0.391069 0.035232 0.079480 -0.015587 3.140288 0.410955 1.699740 5.707496 54.138191
-0.284281 0.391176 0.035223 0.079480 -0.015587 3.140288 0.314251 1.616264 5.507619 54.180384
-0.284281 0.391176 0.035223 0.079480 -0.015587 3.140288 0.279282 1.552370 5.423838 54.222546
-0.284360 0.391391 0.035192 0.079480 -0.015587 3.140288 0.166314 1.405407 5.228649 54.264676
-0.284384 0.391444 0.035184 0.079480 -0.015587 3.140288 0.151997 1.362745 5.135165 54.306776
-0.284408 0.391497 0.035177 0.079480 -0.015587 3.140288 0.135644 1.341315 5.074595 54.348845
-0.284432 0.391549 0.035172 0.079480 -0.015587 3.140288 0.119554 1.327284 5.026941 54.390883
-0.284458 0.391600 0.035167 0.079480 -0.015587 3.140288 0.108312 1.317481 4.993645 54.432890
-0.284458 0.391600 0.035167 0.079480 -0.015587 3.140288 0.108312 1.317481 4.993645 54.474867
-0.284484 0.391650 0.035162 0.079480 -0.015587 3.140288 0.076248 1.309369 4.978845 54.516813
-0.284512 0.391700 0.035157 0.079480 -0.015587 3.140288 0.029295 1.305792 4.990708 54.558729
-0.284570 0.391797 0.035147 0.079480 -0.015587 3.140288 0.015103 1.268404 5.015402 54.600614
-0.284570 0.391797 0.035147 0.079480 -0.015587 3.140288 0.015103 1.268404 5.015402 54.642469
-0.284601 0.391845 0.035141 0.079480 -0.015587 3.140288 0.019862 1.246896 5.026915 54.684293
-0.284633 0.391892 0.035134 0.079480 -0.015587 3.140288 0.023186 1.231869 5.034959 54.726087
-0.284739 0.392027 0.035116 0.079480 -0.015587 3.140288 -0.012141 1.228946 5.229031 54.767851
-0.284777 0.392070 0.035110 0.079480 -0.015587 3.140288 -0.038400 1.200239 5.313451 54.809585
-0.284856 0.392152 0.035104 0.079480 -0.015587 3.140288 -0.101969 1.109054 5.529371 54.851289
-0.284897 0.392190 0.035103 0.079480 -0.015587 3.140288 -0.132114 1.059226 5.627334 54.892963
-0.284897 0.392190 0.035103 0.079480 -0.015587 3.140288 -0.132114 1.059226 5.627334 54.934607
-0.284938 0.392225 0.035105 0.079480 -0.015587 3.140288 -0.167501 1.030501 5.694889 54.976221
-0.284980 0.392259 0.035107 0.079480 -0.015587 3.140288 -0.192226 1.010431 5.742089 55.017805
-0.285022 0.392290 0.035110 0.079480 -0.015587 3.140288 -0.222944 0.985496 5.800730 55.059359
-0.285066 0.392318 0.035115 0.079480 -0.015587 3.140288 -0.269741 0.927800 5.843923 55.100884
-0.285157 0.392367 0.035126 0.079480 -0.015587 3.140288 -0.291282 0.799572 5.789294 55.142379
-0.285157 0.392367 0.035126 0.079480 -0.015587 3.140288 -0.291282 0.799572 5.789294 55.183845
-0.285350 0.392430 0.035149 0.079480 -0.015587 3.140288 -0.233888 0.549461 5.470182 55.225281
-0.285401 0.392437 0.035154 0.079480 -0.015587 3.140288 -0.237533 0.466113 5.357424 55.266688
-0.285401 0.392437 0.035154 0.079480 -0.015587 3.140288 -0.237533 0.466113 5.357424 55.308065
-0.285452 0.392442 0.035158 0.079480 -0.015587 3.140288 -0.242313 0.416004 5.278434 55.349413
-0.285503 0.392444 0.035160 0.079480 -0.015587 3.140288 -0.253972 0.374563 5.179768 55.390732
-0.285555 0.392443 0.035160 0.079480 -0.015587 3.140288 -0.269989 0.326094 5.080073 55.432022
-0.285606 0.392440 0.035160 0.079480 -0.015587 3.140288 -0.290195 0.270139 4.976085 55.473282
-0.285658 0.392435 0.035158 0.079480 -0.015587 3.140288 -0.296190 0.247079 4.907561 55.514514
-0.285763 0.392419 0.035152 0.079480 -0.015587 3.140288 -0.300509 0.211740 4.748989 55.555717
-0.285763 0.392419 0.035152 0.079480 -0.015587 3.140288 -0.300509 0.211740 4.748989 55.596890
-0.285815 0.392408 0.035149 0.079480 -0.015587 3.140288 -0.282504 0.163587 4.684046 55.638035
-0.286027 0.392348 0.035143 0.079480 -0.015587 3.140288 -0.293120 -0.010153 4.505388 55.679151
-0.286081 0.392330 0.035143 0.079480 -0.015587 3.140288 -0.310408 -0.046407 4.469168 55.720238
-0.286081 0.392330 0.035143 0.079480 -0.015587 3.140288 -0.310408 -0.046407 4.469168 55.761297
-0.286188 0.392291 0.035143 0.079480 -0.015587 3.140288 -0.355514 -0.133636 4.406931 55.802326
-0.286240 0.392271 0.035143 0.079480 -0.015587 3.140288 -0.375888 -0.171220 4.386787 55.843328
-0.286292 0.392249 0.035141 0.079480 -0.015587 3.140288 -0.404571 -0.200815 4.380464 55.884301
-0.286292 0.392249 0.035141 0.079480 -0.015587 3.140288 -0.404571 -0.200815 4.380464 55.925245
-0.286344 0.392226 0.035139 0.079480 -0.015587 3.140288 -0.432105 -0.222637 4.380618 55.966161
-0.286396 0.392202 0.035137 0.079480 -0.015587 3.140288 -0.442563 -0.241421 4.392330 56.007049
-0.286447 0.392177 0.035135 0.079480 -0.015587 3.140288 -0.452457 -0.255305 4.399415 56.047908
-0.286549 0.392122 0.035132 0.079480 -0.015587 3.140288 -0.479266 -0.326028 4.415834 56.088739
-0.286745 0.391995 0.035142 0.079480 -0.015587 3.140288 -0.517873 -0.439143 4.693069 56.129542
-0.286745 0.391995 0.035142 0.079480 -0.015587 3.140288 -0.534407 -0.498967 4.821612 56.170317
-0.286791 0.391960 0.035149 0.079480 -0.015587 3.140288 -0.534407 -0.498967 4.821612 56.211064
-0.286836 0.391924 0.035156 0.079480 -0.015587 3.140288 -0.549656 -0.554144 4.940171 56.251783
-0.286879 0.391888 0.035164 0.079480 -0.015587 3.140288 -0.563721 -0.605035 5.049520 56.292474
-0.286920 0.391851 0.035171 0.079480 -0.015587 3.140288 -0.564939 -0.621097 5.090026 56.333137
-0.286960 0.391814 0.035179 0.079480 -0.015587 3.140288 -0.560939 -0.628570 5.117367 56.373773
-0.287034 0.391739 0.035192 0.079480 -0.015587 3.140288 -0.566999 -0.646774 5.198898 56.414380
-0.287034 0.391739 0.035192 0.079480 -0.015587 3.140288 -0.568809 -0.662820 5.208456 56.454960
-0.287069 0.391700 0.035198 0.079480 -0.015587 3.140288 -0.568809 -0.662820 5.208456 56.495512
-0.287102 0.391660 0.035204 0.079480 -0.015587 3.140288 -0.564463 -0.667868 5.177135 56.536037
-0.287192 0.391537 0.035227 0.079480 -0.015587 3.140288 -0.513955 -0.585868 5.115382 56.576534
-0.287219 0.391493 0.035235 0.079480 -0.015587 3.140288 -0.500503 -0.566902 5.110479 56.617004
-0.287263 0.391405 0.035251 0.079480 -0.015587 3.140288 -0.468112 -0.510386 5.079003 56.657446
-0.287281 0.391360 0.035258 0.079480 -0.015587 3.140288 -0.456516 -0.467988 5.022554 56.697861
-0.287295 0.391315 0.035264 0.079480 -0.015587 3.140288 -0.445821 -0.428882 4.970490 56.738249
-0.287305 0.391269 0.035269 0.079480 -0.015587 3.140288 -0.435957 -0.392814 4.922471 56.778609
-0.287313 0.391222 0.035273 0.079480 -0.015587 3.140288 -0.429064 -0.367614 4.888920 56.818942
-0.287318 0.391175 0.035278 0.079480 -0.015587 3.140288 -0.434039 -0.338236 4.826131 56.859248
-0.287318 0.391175 0.035278 0.079480 -0.015587 3.140288 -0.434039 -0.338236 4.826131 56.899527
-0.287319 0.391128 0.035282 0.079480 -0.015587 3.140288 -0.438628 -0.311140 4.768218 56.939779
-0.287319 0.391080 0.035285 0.079480 -0.015587 3.140288 -0.400548 -0.293966 4.718367 56.980004
-0.287287 0.390827 0.035299 0.079480 -0.015587 3.140288 -0.257524 -0.322158 4.504753 57.020202
-0.287287 0.390827 0.035299 0.079480 -0.015587 3.140288 -0.257524 -0.322158 4.504753 57.060374
-0.287287 0.390827 0.035299 0.079480 -0.015587 3.140288 -0.257524 -0.322158 4.504753 57.100518
-0.287266 0.390723 0.035304 0.079480 -0.015587 3.140288 -0.205045 -0.341304 4.435997 57.140636
-0.287255 0.390672 0.035305 0.079480 -0.015587 3.140288 -0.168929 -0.347119 4.393560 57.180727
-0.287255 0.390672 0.035305 0.079480 -0.015587 3.140288 -0.168929 -0.347119 4.393560 57.220791
-0.287242 0.390620 0.035306 0.079480 -0.015587 3.140288 -0.151268 -0.339869 4.341084 57.260829
-0.287228 0.390568 0.035305 0.079480 -0.015587 3.140288 -0.138929 -0.334803 4.304419 57.300840
-0.287212 0.390515 0.035302 0.079480 -0.015587 3.140288 -0.123598 -0.328510 4.258866 57.340824
-0.287195 0.390463 0.035299 0.079480 -0.015587 3.140288 -0.109459 -0.322705 4.216852 57.380783
-0.287157 0.390357 0.035292 0.079480 -0.015587 3.140288 -0.068437 -0.324110 4.168242 57.420715
-0.287088 0.390198 0.035285 0.079480 -0.015587 3.140288 -0.041916 -0.286030 4.153962 57.460620
-0.287062 0.390145 0.035286 0.079480 -0.015587 3.140288 -0.038242 -0.269152 4.140703 57.500499
-0.287035 0.390093 0.035288 0.079480 -0.015587 3.140288 -0.027460 -0.263259 4.128886 57.540352
-0.287008 0.390041 0.035292 0.079480 -0.015587 3.140288 -0.008804 -0.259715 4.112571 57.580179
-0.286980 0.389991 0.035297 0.079480 -0.015587 3.140288 0.008403 -0.256447 4.097522 57.619980
-0.286951 0.389942 0.035303 0.079480 -0.015587 3.140288 0.027284 -0.245729 4.082527 57.659754
-0.286893 0.389848 0.035316 0.079480 -0.015587 3.140288 0.056462 -0.221808 4.055865 57.699503
-0.286893 0.389848 0.035316 0.079480 -0.015587 3.140288 0.056462 -0.221808 4.055865 57.739226
-0.286863 0.389802 0.035322 0.079480 -0.015587 3.140288 0.064658 -0.199898 4.033801 57.778922
-0.286832 0.389758 0.035328 0.079480 -0.015587 3.140288 0.072218 -0.179691 4.013451 57.818593
-0.286800 0.389714 0.035332 0.079480 -0.015587 3.140288 0.079191 -0.161053 3.994681 57.858238
-0.286661 0.389551 0.035331 0.079480 -0.015587 3.140288 0.101137 -0.110266 3.961658 57.897857
-0.286623 0.389513 0.035328 0.079480 -0.015587 3.140288 0.120750 -0.123807 3.961615 57.937451
-0.286623 0.389513 0.035328 0.079480 -0.015587 3.140288 0.136329 -0.096599 3.970774 57.977019
-0.286583 0.389478 0.035324 0.079480 -0.015587 3.140288 0.136329 -0.096599 3.970774 58.016561
-0.286542 0.389444 0.035321 0.079480 -0.015587 3.140288 0.144739 -0.079371 3.978119 58.056078
-0.286501 0.389413 0.035317 0.079480 -0.015587 3.140288 0.129061 -0.039105 3.955447 58.095569
-0.286417 0.389356 0.035314 0.079480 -0.015587 3.140288 0.104494 0.052424 3.879931 58.135035
-0.286417 0.389356 0.035314 0.079480 -0.015587 3.140288 0.104478 0.160622 3.727790 58.174475
-0.286374 0.389330 0.035314 0.079480 -0.015587 3.140288 0.104478 0.160622 3.727790 58.213890
-0.286330 0.389307 0.035316 0.079480 -0.015587 3.140288 0.104466 0.236219 3.621491 58.253279
-0.286285 0.389286 0.035318 0.079480 -0.015587 3.140288 0.084046 0.318243 3.402655 58.292644
-0.286094 0.389228 0.035328 0.079480 -0.015587 3.140288 0.008278 0.516235 2.626757 58.331983
-0.286044 0.389222 0.035328 0.079480 -0.015587 3.140288 0.007711 0.486571 2.452094 58.371297
-0.285993 0.389219 0.035327 0.079480 -0.015587 3.140288 0.009041 0.459097 2.282011 58.410585
-0.285941 0.389219 0.035323 0.079480 -0.015587 3.140288 0.015606 0.433431 2.099241 58.449849
-0.285941 0.389219 0.035323 0.079480 -0.015587 3.140288 0.015606 0.433431 2.099241 58.489088
-0.285890 0.389221 0.035318 0.079480 -0.015587 3.140288 0.008950 0.420994 1.940153 58.528301
-0.285838 0.389226 0.035312 0.079480 -0.015587 3.140288 -0.013454 0.421263 1.844012 58.567490
-0.285785 0.389232 0.035303 0.079480 -0.015587 3.140288 -0.037855 0.417515 1.697587 58.606654
-0.285681 0.389247 0.035283 0.079480 -0.015587 3.140288 -0.074775 0.403332 1.388169 58.645793
-0.285628 0.389257 0.035271 0.079480 -0.015587 3.140288 -0.070142 0.393520 1.273696 58.684907
-0.285628 0.389257 0.035271 0.079480 -0.015587 3.140288 -0.070142 0.393520 1.273696 58.723997
-0.285415 0.389309 0.035219 0.079480 -0.015587 3.140288 -0.070984 0.317006 0.948299 58.763061
-0.285308 0.389344 0.035192 0.079480 -0.015587 3.140288 -0.082222 0.276310 0.828799 58.802101
-0.285256 0.389363 0.035180 0.079480 -0.015587 3.140288 -0.044175 0.304170 0.802661 58.841117
-0.285205 0.389382 0.035169 0.079480 -0.015587 3.140288 -0.009084 0.329866 0.778553 58.880108
-0.285205 0.389382 0.035169 0.079480 -0.015587 3.140288 -0.009084 0.329866 0.778553 58.919074
-0.285154 0.389401 0.035159 0.079480 -0.015587 3.140288 0.017387 0.418531 0.723231 58.958016
-0.285104 0.389421 0.035151 0.079480 -0.015587 3.140288 0.034453 0.496232 0.676555 58.996934
-0.285055 0.389441 0.035144 0.079480 -0.015587 3.140288 0.094506 0.608976 0.685183 59.035827
-0.285006 0.389462 0.035137 0.079480 -0.015587 3.140288 0.168800 0.727413 0.719924 59.074696
-0.284957 0.389484 0.035130 0.079480 -0.015587 3.140288 0.246694 0.847750 0.753008 59.113540
-0.284718 0.389610 0.035088 0.079480 -0.015587 3.140288 0.784049 1.878811 0.963503 59.152360
-0.284671 0.389639 0.035079 0.079480 -0.015587 3.140288 0.942605 2.168334 1.046165 59.191156
-0.284626 0.389668 0.035070 0.079480 -0.015587 3.140288 1.088845 2.435368 1.122406 59.229928
-0.284626 0.389668 0.035070 0.079480 -0.015587 3.140288 1.191020 2.621942 1.175675 59.268676
-0.284582 0.389697 0.035063 0.079480 -0.015587 3.140288 1.191020 2.621942 1.175675 59.307400
-0.284540 0.389727 0.035056 0.079480 -0.015587 3.140288 1.335551 2.947607 1.399736 59.346100
-0.284500 0.389757 0.035052 0.079480 -0.015587 3.140288 1.485746 3.338122 1.758017 59.384776
-0.284461 0.389788 0.035049 0.079480 -0.015587 3.140288 1.629058 3.694827 2.121619 59.423427
-0.284423 0.389819 0.035048 0.079480 -0.015587 3.140288 1.775026 4.013805 2.552504 59.462055
-0.284386 0.389852 0.035050 0.079480 -0.015587 3.140288 1.856189 4.196224 2.924650 59.500659
-0.284350 0.389886 0.035053 0.079480 -0.015587 3.140288 1.855792 4.280414 3.496641 59.539240
-0.284217 0.390034 0.035074 0.079480 -0.015587 3.140288 1.807036 4.192641 5.271998 59.577796
-0.284187 0.390074 0.035080 0.079480 -0.015587 3.140288 1.676812 3.950618 5.583605 59.616329
-0.284159 0.390116 0.035086 0.079480 -0.015587 3.140288 1.610980 3.741406 5.822471 59.654839
-0.284159 0.390116 0.035086 0.079480 -0.015587 3.140288 1.610980 3.741406 5.822471 59.693324
-0.284133 0.390158 0.035092 0.079480 -0.015587 3.140288 1.602389 3.561902 5.996169 59.731786
-0.284109 0.390200 0.035098 0.079480 -0.015587 3.140288 1.594465 3.396340 6.156374 59.770225
-0.284088 0.390243 0.035104 0.079480 -0.015587 3.140288 1.588929 3.280664 6.268308 59.808640
-0.284070 0.390287 0.035111 0.079480 -0.015587 3.140288 1.582051 3.136948 6.407375 59.847031
-0.284040 0.390378 0.035129 0.079480 -0.015587 3.140288 1.419436 2.886218 6.634564 59.885399
-0.284029 0.390425 0.035141 0.079480 -0.015587 3.140288 1.352108 2.758093 6.729673 59.923744
-0.284029 0.390425 0.035141 0.079480 -0.015587 3.140288 1.352108 2.758093 6.729673 59.962066
-0.284014 0.390623 0.035201 0.079480 -0.015587 3.140288 1.137288 2.365681 6.870829 60.000364
-0.284017 0.390675 0.035216 0.079480 -0.015587 3.140288 1.091766 2.291249 6.853602 60.038639
-0.284017 0.390675 0.035216 0.079480 -0.015587 3.140288 1.091766 2.291249 6.853602 60.076891
-0.284021 0.390727 0.035232 0.079480 -0.015587 3.140288 1.059960 2.239245 6.841566 60.115119
-0.284028 0.390780 0.035246 0.079480 -0.015587 3.140288 0.963490 2.142151 6.781155 60.153325
-0.284036 0.390833 0.035260 0.079480 -0.015587 3.140288 0.874512 2.052598 6.725437 60.191507
-0.284044 0.390886 0.035272 0.079480 -0.015587 3.140288 0.817904 1.958116 6.547950 60.229667
-0.284065 0.390992 0.035289 0.079480 -0.015587 3.140288 0.729214 1.810088 6.269876 60.267803
-0.284065 0.390992 0.035289 0.079480 -0.015587 3.140288 0.683892 1.734443 6.127775 60.305917
-0.284077 0.391046 0.035293 0.079480 -0.015587 3.140288 0.683892 1.734443 6.127775 60.344007
-0.284090 0.391099 0.035294 0.079480 -0.015587 3.140288 0.628036 1.662303 5.976003 60.382075
-0.284139 0.391262 0.035283 0.079480 -0.015587 3.140288 0.413371 1.393760 5.414621 60.420120
-0.284179 0.391371 0.035266 0.079480 -0.015587 3.140288 0.413371 1.393760 5.414621 60.458142
-0.284200 0.391426 0.035257 0.079480 -0.015587 3.140288 0.352226 1.345389 5.325917 60.496142
-0.284222 0.391481 0.035246 0.079480 -0.015587 3.140288 0.291434 1.297995 5.245888 60.534119
-0.284244 0.391534 0.035235 0.079480 -0.015587 3.140288 0.235364 1.254283 5.172076 60.572073
-0.284244 0.391534 0.035235 0.079480 -0.015587 3.140288 0.235364 1.254283 5.172076 60.610004
-0.284267 0.391587 0.035224 0.079480 -0.015587 3.140288 0.214349 1.207552 5.117208 60.647913
-0.284291 0.391640 0.035211 0.079480 -0.015587 3.140288 0.199868 1.139127 5.046930 60.685799
-0.284342 0.391743 0.035186 0.079480 -0.015587 3.140288 0.146982 1.064815 4.943918 60.723663
-0.284342 0.391743 0.035186 0.079480 -0.015587 3.140288 0.146982 1.064815 4.943918 60.761505
-0.284369 0.391794 0.035174 0.079480 -0.015587 3.140288 0.119230 1.039444 4.901784 60.799324
-0.284492 0.391990 0.035129 0.079480 -0.015587 3.140288 0.007005 0.972524 4.819747 60.837121
-0.284526 0.392038 0.035120 0.079480 -0.015587 3.140288 -0.012648 0.969706 4.893880 60.874895
-0.284561 0.392084 0.035112 0.079480 -0.015587 3.140288 -0.023769 0.969970 4.965370 60.912647
-0.284598 0.392129 0.035106 0.079480 -0.015587 3.140288 -0.050049 0.953875 5.075664 60.950377
-0.284635 0.392171 0.035102 0.079480 -0.015587 3.140288 -0.077526 0.932122 5.186165 60.988084
-0.284672 0.392211 0.035101 0.079480 -0.015587 3.140288 -0.103190 0.889072 5.281489 61.025770
-0.284709 0.392250 0.035101 0.079480 -0.015587 3.140288 -0.121120 0.858993 5.348091 61.063433
-0.284746 0.392286 0.035103 0.079480 -0.015587 3.140288 -0.143398 0.821623 5.430838 61.101074
-0.284823 0.392353 0.035110 0.079480 -0.015587 3.140288 -0.143299 0.705650 5.559970 61.138693
-0.284862 0.392385 0.035115 0.079480 -0.015587 3.140288 -0.165429 0.674529 5.607194 61.176290
-0.284862 0.392385 0.035115 0.079480 -0.015587 3.140288 -0.180891 0.652785 5.640188 61.213865
-0.285031 0.392495 0.035128 0.079480 -0.015587 3.140288 -0.228981 0.559604 5.689645 61.251419
-0.285031 0.392495 0.035128 0.079480 -0.015587 3.140288 -0.228981 0.559604 5.689645 61.288950
-0.285075 0.392519 0.035129 0.079480 -0.015587 3.140288 -0.234302 0.504014 5.600907 61.326459
-0.285120 0.392540 0.035128 0.079480 -0.015587 3.140288 -0.240088 0.464786 5.527679 61.363947
-0.285166 0.392558 0.035126 0.079480 -0.015587 3.140288 -0.252577 0.415054 5.407944 61.401413
-0.285211 0.392574 0.035124 0.079480 -0.015587 3.140288 -0.259739 0.366757 5.295898 61.438857
-0.285304 0.392596 0.035121 0.079480 -0.015587 3.140288 -0.242351 0.315317 5.089899 61.476279
-0.285304 0.392596 0.035121 0.079480 -0.015587 3.140288 -0.242351 0.315317 5.089899 61.513680
-0.285352 0.392602 0.035120 0.079480 -0.015587 3.140288 -0.241791 0.305175 5.023649 61.551059
-0.285400 0.392605 0.035121 0.079480 -0.015587 3.140288 -0.241095 0.292576 4.941339 61.588416
-0.285448 0.392605 0.035123 0.079480 -0.015587 3.140288 -0.236701 0.248295 4.847559 61.625752
-0.285649 0.392588 0.035139 0.079480 -0.015587 3.140288 -0.221455 0.058991 4.577593 61.663066
-0.285700 0.392580 0.035143 0.079480 -0.015587 3.140288 -0.218527 0.014661 4.525284 61.700359
-0.285752 0.392571 0.035146 0.079480 -0.015587 3.140288 -0.215827 -0.026226 4.477039 61.737631
-0.285803 0.392562 0.035148 0.079480 -0.015587 3.140288 -0.226992 -0.044168 4.439155 61.774881
-0.285855 0.392552 0.035148 0.079480 -0.015587 3.140288 -0.240864 -0.066459 4.392088 61.812109
-0.285906 0.392540 0.035146 0.079480 -0.015587 3.140288 -0.250957 -0.086570 4.368620 61.849316
-0.285906 0.392540 0.035146 0.079480 -0.015587 3.140288 -0.250957 -0.086570 4.368620 61.886502
-0.285958 0.392528 0.035142 0.079480 -0.015587 3.140288 -0.259401 -0.104974 4.353357 61.923667
-0.286010 0.392514 0.035136 0.079480 -0.015587 3.140288 -0.297048 -0.114336 4.337587 61.960810
-0.286062 0.392499 0.035129 0.079480 -0.015587 3.140288 -0.324250 -0.119505 4.324746 61.997933
-0.286114 0.392483 0.035120 0.079480 -0.015587 3.140288 -0.367299 -0.139526 4.323714 62.035034
-0.286325 0.392402 0.035080 0.079480 -0.015587 3.140288 -0.467782 -0.265203 4.338778 62.072114
-0.286379 0.392379 0.035071 0.079480 -0.015587 3.140288 -0.469859 -0.315748 4.379162 62.109173
-0.286431 0.392354 0.035063 0.079480 -0.015587 3.140288 -0.467761 -0.365186 4.426973 62.146211
-0.286483 0.392328 0.035057 0.079480 -0.015587 3.140288 -0.465825 -0.410785 4.471071 62.183227
-0.286483 0.392328 0.035057 0.079480 -0.015587 3.140288 -0.465825 -0.410785 4.471071 62.220223
-0.286535 0.392302 0.035053 0.079480 -0.015587 3.140288 -0.464040 -0.452841 4.511743 62.257198
-0.286586 0.392275 0.035052 0.079480 -0.015587 3.140288 -0.479012 -0.482278 4.610633 62.294152
-0.286686 0.392219 0.035056 0.079480 -0.015587 3.140288 -0.540384 -0.552315 4.957924 62.331085
-0.286686 0.392219 0.035056 0.079480 -0.015587 3.140288 -0.586537 -0.582183 5.193521 62.367998
-0.286735 0.392190 0.035062 0.079480 -0.015587 3.140288 -0.586537 -0.582183 5.193521 62.404889
-0.286783 0.392159 0.035070 0.079480 -0.015587 3.140288 -0.612432 -0.608269 5.359624 62.441760
-0.286971 0.392026 0.035119 0.079480 -0.015587 3.140288 -0.682783 -0.891661 6.071571 62.478610
-0.287015 0.391990 0.035133 0.079480 -0.015587 3.140288 -0.691697 -0.922287 6.163639 62.515439
-0.287058 0.391953 0.035148 0.079480 -0.015587 3.140288 -0.700430 -0.949971 6.265778 62.552248
-0.287138 0.391878 0.035174 0.079480 -0.015587 3.140288 -0.662320 -0.961196 6.439948 62.589036
-0.287174 0.391840 0.035186 0.079480 -0.015587 3.140288 -0.636889 -0.960112 6.515917 62.625803
-0.287209 0.391801 0.035198 0.079480 -0.015587 3.140288 -0.619121 -0.959355 6.568995 62.662550
-0.287242 0.391763 0.035208 0.079480 -0.015587 3.140288 -0.597045 -0.958413 6.634940 62.699276
-0.287273 0.391724 0.035219 0.079480 -0.015587 3.140288 -0.591918 -0.948883 6.531829 62.735982
-0.287273 0.391724 0.035219 0.079480 -0.015587 3.140288 -0.591918 -0.948883 6.531829 62.772668
-0.287303 0.391684 0.035230 0.079480 -0.015587 3.140288 -0.587189 -0.940093 6.436728 62.809333
-0.287331 0.391643 0.035242 0.079480 -0.015587 3.140288 -0.567342 -0.921370 6.321376 62.845977
-0.287502 0.390804 0.035250 0.064693 -0.024811 3.139622 0.096146 0.214754 4.367359 62.845977
-0.287495 0.390804 0.035237 0.064693 -0.024811 3.139622 0.177755 0.245849 4.359451 62.882601
-0.287495 0.390808 0.035235 0.064693 -0.024811 3.139622 0.201022 0.239858 4.358275 62.919205
-0.287496 0.390815 0.035236 0.064693 -0.024811 3.139622 0.211466 0.234030 4.387107 62.955789
-0.287498 0.390824 0.035237 0.064693 -0.024811 3.139622 0.224442 0.226790 4.422928 62.992352
-0.287501 0.390833 0.035241 0.064693 -0.024811 3.139622 0.236410 0.220112 4.455966 63.028896
-0.287505 0.390855 0.035250 0.064693 -0.024811 3.139622 0.250673 0.204845 4.584849 63.065419
-0.287505 0.390855 0.035250 0.064693 -0.024811 3.139622 0.247865 0.195988 4.704755 63.101921
-0.287506 0.390866 0.035256 0.064693 -0.024811 3.139622 0.247865 0.195988 4.704755 63.138404
-0.287495 0.390902 0.035282 0.064693 -0.024811 3.139622 0.245113 0.255690 4.998111 63.174867
-0.287495 0.390902 0.035282 0.064693 -0.024811 3.139622 0.245113 0.255690 4.998111 63.211309
-0.287488 0.390906 0.035288 0.064693 -0.024811 3.139622 0.251892 0.279117 5.014566 63.247732
-0.287479 0.390909 0.035294 0.064693 -0.024811 3.139622 0.265010 0.314441 5.037385 63.284135
-0.287458 0.390904 0.035306 0.064693 -0.024811 3.139622 0.306153 0.348675 5.016212 63.320517
-0.287458 0.390904 0.035306 0.064693 -0.024811 3.139622 0.330783 0.342944 4.971770 63.356880
-0.287446 0.390897 0.035311 0.064693 -0.024811 3.139622 0.330783 0.342944 4.971770 63.393223
-0.287434 0.390885 0.035316 0.064693 -0.024811 3.139622 0.356004 0.336046 4.905759 63.429546
-0.287421 0.390869 0.035321 0.064693 -0.024811 3.139622 0.363770 0.330324 4.813770 63.465849
-0.287408 0.390848 0.035327 0.064693 -0.024811 3.139622 0.370932 0.325046 4.728926 63.502132
-0.287393 0.390823 0.035332 0.064693 -0.024811 3.139622 0.377538 0.320178 4.650672 63.538396
-0.287323 0.390682 0.035351 0.064693 -0.024811 3.139622 0.303183 0.287495 4.457890 63.574640
-0.287301 0.390638 0.035352 0.064693 -0.024811 3.139622 0.301003 0.232382 4.437201 63.610864
-0.287279 0.390591 0.035352 0.064693 -0.024811 3.139622 0.314907 0.212731 4.408899 63.647068
-0.287279 0.390591 0.035352 0.064693 -0.024811 3.139622 0.314907 0.212731 4.408899 63.683253
-0.287256 0.390542 0.035350 0.064693 -0.024811 3.139622 0.334063 0.192513 4.368694 63.719419
-0.287207 0.390437 0.035343 0.064693 -0.024811 3.139622 0.369096 0.134653 4.322375 63.755564
-0.287182 0.390382 0.035338 0.064693 -0.024811 3.139622 0.380840 0.115256 4.306847 63.791691
-0.287182 0.390382 0.035338 0.064693 -0.024811 3.139622 0.397915 0.093541 4.220036 63.827797
-0.287156 0.390325 0.035334 0.064693 -0.024811 3.139622 0.397915 0.093541 4.220036 63.863885
-0.287129 0.390267 0.035330 0.064693 -0.024811 3.139622 0.413663 0.073512 4.139968 63.899952
-0.287101 0.390208 0.035327 0.064693 -0.024811 3.139622 0.401476 0.039705 4.061741 63.936001
-0.286941 0.389903 0.035334 0.064693 -0.024811 3.139622 0.414780 -0.079432 3.874003 63.972030
-0.286906 0.389843 0.035339 0.064693 -0.024811 3.139622 0.437704 -0.092358 3.886036 64.008039
-0.286870 0.389784 0.035345 0.064693 -0.024811 3.139622 0.442298 -0.094930 3.885311 64.044030
-0.286834 0.389727 0.035350 0.064693 -0.024811 3.139622 0.447233 -0.103447 3.882390 64.080001
-0.286797 0.389671 0.035355 0.064693 -0.024811 3.139622 0.448054 -0.137795 3.875119 64.115953
-0.286797 0.389671 0.035355 0.064693 -0.024811 3.139622 0.458583 -0.165043 3.869923 64.151885
-0.286761 0.389616 0.035360 0.064693 -0.024811 3.139622 0.458583 -0.165043 3.869923 64.187799
-0.286724 0.389563 0.035363 0.064693 -0.024811 3.139622 0.471421 -0.188757 3.865615 64.223693
-0.286686 0.389512 0.035364 0.064693 -0.024811 3.139622 0.480391 -0.205325 3.862604 64.259568
-0.286648 0.389462 0.035364 0.064693 -0.024811 3.139622 0.476962 -0.205378 3.821529 64.295424
-0.286569 0.389368 0.035356 0.064693 -0.024811 3.139622 0.441227 -0.161065 3.651574 64.331261
-0.286443 0.389245 0.035334 0.064693 -0.024811 3.139622 0.390463 -0.086702 3.354289 64.367079
-0.286399 0.389209 0.035325 0.064693 -0.024811 3.139622 0.374629 -0.063507 3.261559 64.402878
-0.286354 0.389176 0.035316 0.064693 -0.024811 3.139622 0.308207 -0.074189 3.015700 64.438658
-0.286308 0.389147 0.035307 0.064693 -0.024811 3.139622 0.261800 -0.081652 2.843922 64.474419
-0.286308 0.389147 0.035307 0.064693 -0.024811 3.139622 0.261800 -0.081652 2.843922 64.510161
-0.286263 0.389122 0.035300 0.064693 -0.024811 3.139622 0.220198 -0.059179 2.634176 64.545884
-0.286217 0.389102 0.035293 0.064693 -0.024811 3.139622 0.186967 -0.028289 2.441897 64.581589
-0.286170 0.389085 0.035288 0.064693 -0.024811 3.139622 0.192157 -0.027520 2.272836 64.617274
-0.286123 0.389072 0.035285 0.064693 -0.024811 3.139622 0.195238 -0.025769 2.108708 64.652941
-0.286027 0.389056 0.035279 0.064693 -0.024811 3.139622 0.158151 0.006927 1.835740 64.688589
-0.286027 0.389056 0.035279 0.064693 -0.024811 3.139622 0.158151 0.006927 1.835740 64.724218
-0.285826 0.389055 0.035265 0.064693 -0.024811 3.139622 0.122932 0.050128 1.300541 64.759829
-0.285774 0.389060 0.035258 0.064693 -0.024811 3.139622 0.140524 0.045543 1.228534 64.795421
-0.285774 0.389060 0.035258 0.064693 -0.024811 3.139622 0.140524 0.045543 1.228534 64.830994
-0.285721 0.389066 0.035251 0.064693 -0.024811 3.139622 0.162381 0.039847 1.139071 64.866548
-0.285616 0.389081 0.035232 0.064693 -0.024811 3.139622 0.186502 0.029344 0.978406 64.902084
-0.285563 0.389090 0.035222 0.064693 -0.024811 3.139622 0.176105 0.024113 0.904358 64.937602
-0.285563 0.389090 0.035222 0.064693 -0.024811 3.139622 0.172172 0.025226 0.858761 64.973101
-0.285510 0.389101 0.035210 0.064693 -0.024811 3.139622 0.172172 0.025226 0.858761 65.008581
-0.285457 0.389112 0.035199 0.064693 -0.024811 3.139622 0.175821 0.038825 0.817839 65.044043
-0.285404 0.389126 0.035186 0.064693 -0.024811 3.139622 0.176758 0.043814 0.774709 65.079487
-0.285351 0.389140 0.035174 0.064693 -0.024811 3.139622 0.170545 0.023171 0.721783 65.114912
