-0.285672 0.391102 0.036276 0.087317 0.000000 3.141590 -0.022257 0.056283 0.094763 0.000000
-0.285672 0.391102 0.036276 0.087317 0.000000 3.141590 -0.022257 0.056283 0.094763 0.000000
-0.285672 0.391102 0.036276 0.087317 0.000000 3.141590 -0.022257 0.056283 0.094763 0.000000
-0.285672 0.391102 0.036276 0.087317 0.000000 3.141590 -0.022257 0.056283 0.094763 0.000000
-0.285672 0.391102 0.036276 0.087317 0.000000 3.141590 -0.022257 0.056283 0.094763 0.000000
-0.285672 0.391102 0.036276 0.087317 0.000000 3.141590 -0.022257 0.056283 0.094763 0.000000
-0.285672 0.391102 0.036276 0.087317 0.000000 3.141590 -0.022257 0.056283 0.094763 0.000000
-0.285672 0.391102 0.036276 0.087317 0.000000 3.141590 -0.022257 0.056283 0.094763 0.000000
-0.285672 0.391102 0.036276 0.087317 0.000000 3.141590 -0.022257 0.056283 0.094763 0.000000
-0.285672 0.391102 0.036276 0.087317 0.000000 3.141590 -0.022257 0.056283 0.094763 0.000000
-0.285672 0.391102 0.036276 0.087317 0.000000 3.141590 -0.022257 0.056283 0.094763 0.000000
-0.285672 0.391102 0.036276 0.087317 0.000000 3.141590 -0.022257 0.056283 0.094763 0.000000
-0.285672 0.391102 0.036276 0.087317 0.000000 3.141590 -0.022257 0.056283 0.094763 0.000000
-0.285672 0.391102 0.036276 0.087317 0.000000 3.141590 -0.022257 0.056283 0.094763 0.000000
-0.285672 0.391102 0.036276 0.087317 0.000000 3.141590 -0.022257 0.056283 0.094763 0.000000
-0.285672 0.391102 0.036276 0.087317 0.000000 3.141590 -0.022257 0.056283 0.094763 0.000000
-0.285672 0.391102 0.036276 0.087317 0.000000 3.141590 -0.022257 0.056283 0.094763 0.000000
-0.285672 0.391102 0.036276 0.087317 0.000000 3.141590 -0.022257 0.056283 0.094763 0.000000
-0.285672 0.391102 0.036276 0.087317 0.000000 3.141590 -0.022257 0.056283 0.094763 0.000000
-0.285672 0.391102 0.036276 0.087317 0.000000 3.141590 -0.022257 0.056283 0.094763 0.000000
-0.285672 0.391102 0.036276 0.087317 0.000000 3.141590 -0.022257 0.056283 0.094763 0.000000
-0.285672 0.391102 0.036276 0.087317 0.000000 3.141590 -0.022257 0.056283 0.094763 0.000000
-0.285672 0.391102 0.036276 0.087317 0.000000 3.141590 -0.022257 0.056283 0.094763 0.000000
-0.285672 0.391102 0.036276 0.087317 0.000000 3.141590 -0.022257 0.056283 0.094763 0.000000
-0.285672 0.391102 0.036276 0.087317 0.000000 3.141590 -0.022257 0.056283 0.094763 0.000000
-0.285672 0.391102 0.036276 0.087317 0.000000 3.141590 -0.022257 0.056283 0.094763 0.000000
-0.285672 0.391102 0.036276 0.087317 0.000000 3.141590 -0.022257 0.056283 0.094763 0.000000
-0.285672 0.391102 0.036276 0.087317 0.000000 3.141590 -0.022257 0.056283 0.094763 0.000000
-0.285672 0.391102 0.036276 0.087317 0.000000 3.141590 -0.022257 0.056283 0.094763 0.000000
-0.285672 0.391102 0.036276 0.087317 0.000000 3.141590 -0.022257 0.056283 0.094763 0.000000
-0.285672 0.391102 0.036276 0.087317 0.000000 3.141590 -0.022257 0.056283 0.094763 0.000000
-0.285672 0.391102 0.036276 0.087317 0.000000 3.141590 -0.022257 0.056283 0.094763 0.000000
-0.285672 0.391102 0.036276 0.087317 0.000000 3.141590 -0.022257 0.056283 0.094763 0.000000
-0.285672 0.391102 0.036276 0.087317 0.000000 3.141590 -0.022257 0.056283 0.094763 0.000000
-0.285671 0.391082 0.036041 0.087366 0.000000 3.141590 0.078842 -0.042545 -0.102351 0.000000
-0.285671 0.391075 0.036045 0.087374 0.000000 3.141590 0.086934 -0.063792 -0.113025 0.000000
-0.285669 0.391065 0.036040 0.087363 0.000000 3.141590 0.045648 -0.069925 -0.124189 0.000000
-0.285670 0.391068 0.036034 0.087350 0.000000 3.141590 0.082685 -0.064701 -0.131859 0.000000
-0.285670 0.391068 0.036034 0.087350 0.000000 3.141590 0.082685 -0.064701 -0.131859 0.000000
-0.285671 0.391072 0.036025 0.087334 0.000000 3.141590 0.117300 -0.075346 -0.126277 0.000000
-0.285674 0.391078 0.036014 0.087316 0.000000 3.141590 0.149373 -0.090149 -0.117074 0.000000
-0.285677 0.391084 0.036001 0.087298 0.000000 3.141590 0.171782 -0.100612 -0.110634 0.000000
-0.285679 0.391090 0.035984 0.087279 0.000000 3.141590 0.169772 -0.093776 -0.119254 0.000000
-0.285682 0.391096 0.035966 0.087262 -0.000000 3.141590 0.158363 -0.081161 -0.132521 0.000000
-0.285683 0.391100 0.035947 0.087246 -0.000000 3.141590 0.146402 -0.065367 -0.131494 0.000000
-0.285683 0.391103 0.035926 0.087233 -0.000000 3.141590 0.133988 -0.046785 -0.117808 0.000000
-0.285682 0.391104 0.035904 0.087223 -0.000000 3.141590 0.122539 -0.029597 -0.105190 0.000000
-0.285680 0.391102 0.035882 0.087218 -0.000000 3.141590 0.111978 -0.013673 -0.093559 0.000000
-0.285670 0.391085 0.035815 0.087230 -0.000000 3.141590 0.127758 0.027974 -0.099067 0.000000
-0.285666 0.391077 0.035793 0.087240 -0.000000 3.141590 0.125714 0.032348 -0.098375 0.000000
-0.285664 0.391069 0.035771 0.087252 -0.000000 3.141590 0.119894 0.033488 -0.095585 0.000000
-0.285663 0.391061 0.035749 0.087266 -0.000000 3.141590 0.109395 0.024073 -0.093564 0.000000
-0.285664 0.391054 0.035729 0.087279 0.000000 3.141590 0.100389 0.014730 -0.096171 0.000000
-0.285670 0.391045 0.035690 0.087302 0.000000 3.141590 0.052897 0.016708 -0.088382 0.000000
-0.285670 0.391045 0.035690 0.087302 0.000000 3.141590 0.052897 0.016708 -0.088382 0.000000
-0.285681 0.391044 0.035653 0.087314 0.000000 3.141590 -0.009140 0.020891 -0.098863 0.000000
-0.285681 0.391044 0.035653 0.087314 0.000000 3.141590 -0.009140 0.020891 -0.098863 0.000000
-0.285694 0.391050 0.035615 0.087310 0.000000 3.141590 -0.053247 0.020575 -0.105534 0.000000
-0.285694 0.391050 0.035615 0.087310 0.000000 3.141590 -0.053247 0.020575 -0.105534 0.000000
-0.285700 0.391054 0.035595 0.087304 0.000000 3.141590 -0.070396 0.018469 -0.105004 0.000000
-0.285712 0.391069 0.035508 0.087271 0.000000 3.141590 -0.075654 0.016616 -0.075509 0.000000
-0.285711 0.391069 0.035485 0.087265 -0.000000 3.141590 -0.060358 0.013773 -0.063287 0.000000
-0.285711 0.391069 0.035485 0.087265 -0.000000 3.141590 -0.060358 0.013773 -0.063287 0.000000
-0.285709 0.391067 0.035463 0.087262 -0.000000 3.141590 -0.051839 -0.001372 -0.066152 0.000000
-0.285705 0.391063 0.035442 0.087262 -0.000000 3.141590 -0.039118 -0.009557 -0.070728 0.000000
-0.285702 0.391058 0.035422 0.087266 0.000000 3.141590 -0.018099 -0.004345 -0.074011 0.000000
-0.285698 0.391050 0.035403 0.087274 0.000000 3.141590 -0.011218 0.014026 -0.067622 0.000000
-0.285695 0.391043 0.035384 0.087285 0.000000 3.141590 -0.009443 0.030229 -0.060881 0.000000
-0.285693 0.391034 0.035365 0.087297 0.000000 3.141590 -0.007238 0.050345 -0.052504 0.000000
-0.285692 0.391027 0.035346 0.087310 0.000000 3.141590 -0.023991 0.082494 0.054073 0.000000
-0.285692 0.391020 0.035326 0.087323 0.000000 3.141590 -0.045457 0.116504 0.184013 0.000000
-0.285694 0.391014 0.035305 0.087336 0.000000 3.141590 -0.075085 0.129629 0.340496 0.000000
-0.285701 0.391009 0.035241 0.087358 0.000000 3.141590 -0.169454 0.115598 0.801276 0.000000
-0.285704 0.391011 0.035219 0.087359 0.000000 3.141590 -0.198891 0.111090 0.945015 0.000000
-0.285705 0.391015 0.035197 0.087355 0.000000 3.141590 -0.192141 0.129384 1.108621 0.000000
-0.285706 0.391019 0.035175 0.087349 0.000000 3.141590 -0.185915 0.146201 1.259523 0.000000
-0.285704 0.391024 0.035155 0.087341 0.000000 3.141590 -0.241189 0.165880 1.460978 0.000000
-0.285702 0.391028 0.035135 0.087333 0.000000 3.141590 -0.279809 0.179567 1.601737 0.000000
-0.285695 0.391034 0.035097 0.087316 0.000000 3.141590 -0.276697 0.254886 2.017027 0.000000
-0.285695 0.391034 0.035097 0.087316 0.000000 3.141590 -0.276697 0.254886 2.017027 0.000000
-0.285692 0.391035 0.035079 0.087310 0.000000 3.141590 -0.294334 0.277924 2.219747 0.000000
-0.285689 0.391033 0.035060 0.087307 0.000000 3.141590 -0.310602 0.299215 2.406717 0.000000
-0.285686 0.391029 0.035042 0.087307 0.000000 3.141590 -0.330044 0.326816 2.606544 0.000000
-0.285685 0.391023 0.035025 0.087311 0.000000 3.141590 -0.353317 0.363423 2.805931 0.000000
-0.285692 0.390992 0.034962 0.087355 0.000000 3.141590 -0.418483 0.497326 3.842168 0.000000
-0.285695 0.390985 0.034949 0.087368 0.000000 3.141590 -0.426253 0.516373 4.011169 0.789582
-0.285697 0.390979 0.034936 0.087380 0.000000 3.141590 -0.462295 0.521748 4.346294 1.414427
-0.285699 0.390975 0.034924 0.087391 0.000000 3.141590 -0.520882 0.509202 4.775582 1.951272
-0.285699 0.390974 0.034913 0.087399 0.000000 3.141590 -0.572856 0.504195 5.204860 2.430349
-0.285698 0.390974 0.034904 0.087403 0.000000 3.141590 -0.618813 0.505861 5.632810 2.867533
-0.285696 0.390977 0.034896 0.087403 0.000000 3.141590 -0.641333 0.514811 6.071985 3.272450
-0.285692 0.390981 0.034889 0.087398 0.000000 3.141590 -0.639762 0.529929 6.524974 3.651484
-0.285689 0.390985 0.034885 0.087388 0.000000 3.141590 -0.659969 0.548120 6.850756 4.009133
-0.285684 0.390991 0.034883 0.087375 0.000000 3.141590 -0.685075 0.570695 7.255512 4.348715
-0.285671 0.391001 0.034886 0.087341 0.000000 3.141590 -0.701736 0.633245 8.027501 4.672763
-0.285636 0.391016 0.034911 0.087287 0.000000 3.141590 -0.646684 0.807273 9.038534 4.983261
-0.285636 0.391016 0.034911 0.087287 0.000000 3.141590 -0.646684 0.807273 9.038534 5.281803
-0.285620 0.391021 0.034923 0.087271 0.000000 3.141590 -0.622484 0.885288 9.363343 5.569688
-0.285603 0.391027 0.034936 0.087258 -0.000000 3.141590 -0.600163 0.957270 9.662920 5.847997
-0.285586 0.391035 0.034950 0.087248 -0.000000 3.141590 -0.570614 1.018538 9.908930 6.117637
-0.285568 0.391044 0.034966 0.087243 -0.000000 3.141590 -0.517532 1.060214 10.048535 6.379378
-0.285550 0.391055 0.034982 0.087243 -0.000000 3.141590 -0.480444 1.089398 10.146070 6.633884
-0.285533 0.391067 0.035000 0.087247 -0.000000 3.141590 -0.445579 1.123569 10.254546 6.881729
-0.285516 0.391080 0.035018 0.087255 -0.000000 3.141590 -0.417011 1.154464 10.350528 7.123416
-0.285500 0.391094 0.035038 0.087265 -0.000000 3.141590 -0.350449 1.165705 10.345621 7.359385
-0.285487 0.391108 0.035059 0.087277 0.000000 3.141590 -0.284066 1.179017 10.332333 7.590027
-0.285456 0.391167 0.035146 0.087327 0.000000 3.141590 0.004328 1.203038 10.116358 7.815692
-0.285461 0.391192 0.035188 0.087339 0.000000 3.141590 0.132555 1.179680 9.845238 8.036690
-0.285470 0.391202 0.035208 0.087339 0.000000 3.141590 0.164819 1.161730 9.693685 8.253301
-0.285470 0.391202 0.035208 0.087339 0.000000 3.141590 0.164819 1.161730 9.693685 8.465779
-0.285483 0.391211 0.035226 0.087335 0.000000 3.141590 0.187362 1.149121 9.587802 8.674353
-0.285500 0.391217 0.035242 0.087329 0.000000 3.141590 0.215369 1.133419 9.456257 8.879232
-0.285520 0.391220 0.035255 0.087322 0.000000 3.141590 0.245981 1.113087 9.265546 9.080607
-0.285542 0.391220 0.035265 0.087313 0.000000 3.141590 0.278807 1.088730 9.023013 9.278654
-0.285568 0.391215 0.035272 0.087304 0.000000 3.141590 0.280734 1.062833 8.778511 9.473532
-0.285595 0.391206 0.035276 0.087296 0.000000 3.141590 0.255286 1.035670 8.533015 9.665391
-0.285654 0.391175 0.035274 0.087287 0.000000 3.141590 0.211948 0.964017 8.105136 9.854366
-0.285717 0.391129 0.035263 0.087289 0.000000 3.141590 0.134752 0.877100 7.689288 10.040586
-0.285748 0.391102 0.035254 0.087293 0.000000 3.141590 0.098697 0.838354 7.506738 10.224168
-0.285779 0.391073 0.035243 0.087299 0.000000 3.141590 0.067219 0.791928 7.381280 10.405221
-0.285809 0.391042 0.035231 0.087304 0.000000 3.141590 0.024087 0.721804 7.226751 10.583848
-0.285838 0.391010 0.035218 0.087308 0.000000 3.141590 -0.026285 0.658971 7.148182 10.760144
-0.285866 0.390978 0.035204 0.087310 0.000000 3.141590 -0.082917 0.602769 7.137142 10.934199
-0.285891 0.390945 0.035189 0.087311 0.000000 3.141590 -0.135149 0.550894 7.126962 11.106096
-0.285914 0.390912 0.035173 0.087309 0.000000 3.141590 -0.183324 0.503014 7.117576 11.275914
-0.285934 0.390880 0.035157 0.087307 0.000000 3.141590 -0.216984 0.469535 7.111020 11.443727
-0.285950 0.390849 0.035141 0.087304 0.000000 3.141590 -0.234903 0.473579 7.169526 11.609605
-0.285963 0.390819 0.035125 0.087303 0.000000 3.141590 -0.251431 0.477323 7.223485 11.773614
-0.285974 0.390717 0.035064 0.087315 0.000000 3.141590 -0.347643 0.388356 7.639719 11.935814
-0.285968 0.390699 0.035052 0.087320 0.000000 3.141590 -0.349844 0.369921 7.725517 12.096267
-0.285968 0.390699 0.035052 0.087320 0.000000 3.141590 -0.349844 0.369921 7.725517 12.255026
-0.285959 0.390684 0.035042 0.087324 0.000000 3.141590 -0.351874 0.352907 7.804652 12.412145
-0.285947 0.390673 0.035034 0.087327 0.000000 3.141590 -0.355796 0.332601 7.902706 12.567673
-0.285933 0.390668 0.035030 0.087326 0.000000 3.141590 -0.365320 0.300608 8.065371 12.721658
-0.285917 0.390668 0.035028 0.087323 0.000000 3.141590 -0.371975 0.278193 8.179028 12.874146
-0.285901 0.390673 0.035029 0.087317 0.000000 3.141590 -0.318923 0.238131 8.368477 13.025179
-0.285883 0.390683 0.035032 0.087309 0.000000 3.141590 -0.269992 0.201138 8.543215 13.174799
-0.285865 0.390698 0.035038 0.087300 0.000000 3.141590 -0.224862 0.166988 8.704382 13.323044
-0.285847 0.390717 0.035045 0.087292 0.000000 3.141590 -0.183238 0.135479 8.853032 13.469952
-0.285784 0.390824 0.035090 0.087275 0.000000 3.141590 -0.125500 0.273710 9.525800 13.615558
-0.285772 0.390856 0.035104 0.087279 0.000000 3.141590 -0.099988 0.334250 9.660832 13.759897
-0.285772 0.390856 0.035104 0.087279 0.000000 3.141590 -0.099988 0.334250 9.660832 13.903001
-0.285763 0.390889 0.035117 0.087287 0.000000 3.141590 -0.059926 0.396975 9.739322 14.044902
-0.285756 0.390922 0.035131 0.087297 0.000000 3.141590 -0.019580 0.479604 9.804680 14.185629
-0.285753 0.390957 0.035144 0.087310 0.000000 3.141590 0.009432 0.543424 9.848632 14.325211
-0.285754 0.390991 0.035158 0.087323 0.000000 3.141590 0.045477 0.622674 9.903242 14.463676
-0.285757 0.391026 0.035171 0.087336 0.000000 3.141590 0.095055 0.732390 9.934296 14.601050
-0.285764 0.391060 0.035185 0.087348 0.000000 3.141590 0.146010 0.845302 9.956756 14.737359
-0.285772 0.391094 0.035199 0.087359 0.000000 3.141590 0.178002 0.921021 9.919455 14.872628
-0.285783 0.391126 0.035213 0.087367 0.000000 3.141590 0.193099 0.963540 9.829335 15.006879
-0.285796 0.391158 0.035226 0.087371 0.000000 3.141590 0.207023 1.002700 9.746220 15.140135
-0.285840 0.391243 0.035254 0.087356 0.000000 3.141590 0.238354 1.103604 9.412151 15.272418
-0.285855 0.391266 0.035259 0.087343 0.000000 3.141590 0.247130 1.140214 9.224124 15.403750
-0.285883 0.391303 0.035261 0.087309 0.000000 3.141590 0.165017 1.129266 8.925841 15.534151
-0.285896 0.391315 0.035259 0.087291 0.000000 3.141590 0.147805 1.129364 8.716772 15.663640
-0.285896 0.391315 0.035259 0.087291 0.000000 3.141590 0.147805 1.129364 8.716772 15.792236
-0.285907 0.391322 0.035255 0.087272 0.000000 3.141590 0.136223 1.128362 8.507281 15.919957
-0.285916 0.391323 0.035250 0.087254 -0.000000 3.141590 0.117654 1.124849 8.334635 16.046821
-0.285922 0.391320 0.035244 0.087239 -0.000000 3.141590 0.100527 1.121616 8.175399 16.172846
-0.285926 0.391311 0.035236 0.087225 -0.000000 3.141590 0.076265 1.114713 8.037377 16.298047
-0.285926 0.391299 0.035227 0.087216 -0.000000 3.141590 0.029494 1.097015 7.935564 16.422440
-0.285915 0.391260 0.035206 0.087211 -0.000000 3.141590 0.003231 1.050370 7.813930 16.546042
-0.285865 0.391176 0.035169 0.087244 -0.000000 3.141590 0.019641 0.963247 7.684727 16.668867
-0.285840 0.391143 0.035157 0.087264 -0.000000 3.141590 0.016999 0.912136 7.667885 16.790929
-0.285840 0.391143 0.035157 0.087264 -0.000000 3.141590 0.016999 0.912136 7.667885 16.912243
-0.285811 0.391109 0.035144 0.087286 0.000000 3.141590 0.009773 0.827677 7.653926 17.032822
-0.285779 0.391073 0.035133 0.087310 0.000000 3.141590 0.007378 0.742835 7.652879 17.152680
-0.285743 0.391037 0.035121 0.087334 0.000000 3.141590 0.017471 0.644440 7.686010 17.271829
-0.285706 0.391001 0.035110 0.087359 0.000000 3.141590 0.022052 0.567741 7.756855 17.390281
-0.285666 0.390966 0.035100 0.087383 0.000000 3.141590 0.029156 0.498900 7.858627 17.508050
-0.285625 0.390931 0.035090 0.087405 0.000000 3.141590 0.044870 0.447924 7.933929 17.625146
-0.285583 0.390898 0.035081 0.087425 0.000000 3.141590 0.071278 0.382527 8.030188 17.741581
-0.285539 0.390868 0.035073 0.087440 0.000000 3.141590 0.095635 0.322170 8.118973 17.857366
-0.285366 0.390776 0.035057 0.087453 0.000000 3.141590 0.269213 0.238750 8.662919 17.972512
-0.285325 0.390763 0.035058 0.087443 0.000000 3.141590 0.318265 0.245554 8.791341 18.087029
-0.285285 0.390755 0.035061 0.087430 0.000000 3.141590 0.363508 0.251747 8.909794 18.200928
-0.285247 0.390752 0.035064 0.087414 0.000000 3.141590 0.406148 0.261152 9.032235 18.314219
-0.285212 0.390753 0.035069 0.087397 0.000000 3.141590 0.448107 0.280618 9.183155 18.426910
-0.285180 0.390760 0.035074 0.087378 0.000000 3.141590 0.477422 0.294099 9.288611 18.539012
-0.285151 0.390773 0.035080 0.087360 0.000000 3.141590 0.540017 0.334377 9.426969 18.650534
-0.285126 0.390791 0.035086 0.087342 0.000000 3.141590 0.606127 0.379020 9.556933 18.761485
-0.285105 0.390814 0.035094 0.087326 0.000000 3.141590 0.634216 0.428240 9.664346 18.871873
-0.285088 0.390840 0.035102 0.087313 0.000000 3.141590 0.662904 0.472554 9.763315 18.981707
-0.285076 0.390871 0.035111 0.087303 0.000000 3.141590 0.696827 0.509436 9.854810 19.090995
-0.285074 0.390978 0.035143 0.087302 0.000000 3.141590 0.770105 0.665579 10.038141 19.199745
-0.285086 0.391018 0.035155 0.087310 0.000000 3.141590 0.790021 0.743066 10.081408 19.307966
-0.285104 0.391060 0.035167 0.087321 0.000000 3.141590 0.782379 0.857399 10.140481 19.415664
-0.285128 0.391103 0.035179 0.087333 0.000000 3.141590 0.777040 0.937377 10.181746 19.522847
-0.285157 0.391148 0.035191 0.087346 0.000000 3.141590 0.770406 1.036702 10.233018 19.629523
-0.285191 0.391193 0.035203 0.087359 0.000000 3.141590 0.764288 1.128332 10.280305 19.735699
-0.285272 0.391285 0.035223 0.087382 0.000000 3.141590 0.699943 1.291161 10.218120 19.841382
-0.285272 0.391285 0.035223 0.087382 0.000000 3.141590 0.699943 1.291161 10.218120 19.946579
-0.285272 0.391285 0.035223 0.087382 0.000000 3.141590 0.699943 1.291161 10.218120 20.051295
-0.285272 0.391285 0.035223 0.087382 0.000000 3.141590 0.699943 1.291161 10.218120 20.155538
-0.285272 0.391285 0.035223 0.087382 0.000000 3.141590 0.699943 1.291161 10.218120 20.259315
-0.285272 0.391285 0.035223 0.087382 0.000000 3.141590 0.699943 1.291161 10.218120 20.362631
-0.285272 0.391285 0.035223 0.087382 0.000000 3.141590 0.699943 1.291161 10.218120 20.465492
-0.285272 0.391285 0.035223 0.087382 0.000000 3.141590 0.699943 1.291161 10.218120 20.567905
-0.285272 0.391285 0.035223 0.087382 0.000000 3.141590 0.699943 1.291161 10.218120 20.669875
-0.285272 0.391285 0.035223 0.087382 0.000000 3.141590 0.699943 1.291161 10.218120 20.771408
-0.285272 0.391285 0.035223 0.087382 0.000000 3.141590 0.699943 1.291161 10.218120 20.872509
-0.285272 0.391285 0.035223 0.087382 0.000000 3.141590 0.699943 1.291161 10.218120 20.973185
-0.285272 0.391285 0.035223 0.087382 0.000000 3.141590 0.699943 1.291161 10.218120 21.073439
-0.285272 0.391285 0.035223 0.087382 0.000000 3.141590 0.699943 1.291161 10.218120 21.173279
-0.285272 0.391285 0.035223 0.087382 0.000000 3.141590 0.699943 1.291161 10.218120 21.272708
-0.285272 0.391285 0.035223 0.087382 0.000000 3.141590 0.699943 1.291161 10.218120 21.371732
-0.285272 0.391285 0.035223 0.087382 0.000000 3.141590 0.699943 1.291161 10.218120 21.470355
-0.285272 0.391285 0.035223 0.087382 0.000000 3.141590 0.699943 1.291161 10.218120 21.568583
-0.285272 0.391285 0.035223 0.087382 0.000000 3.141590 0.699943 1.291161 10.218120 21.666420
-0.285272 0.391285 0.035223 0.087382 0.000000 3.141590 0.699943 1.291161 10.218120 21.763871
-0.285272 0.391285 0.035223 0.087382 0.000000 3.141590 0.699943 1.291161 10.218120 21.860941
-0.285272 0.391285 0.035223 0.087382 0.000000 3.141590 0.699943 1.291161 10.218120 21.957633
-0.285272 0.391285 0.035223 0.087382 0.000000 3.141590 0.699943 1.291161 10.218120 22.053953
-0.285272 0.391285 0.035223 0.087382 0.000000 3.141590 0.699943 1.291161 10.218120 22.149903
-0.285272 0.391285 0.035223 0.087382 0.000000 3.141590 0.699943 1.291161 10.218120 22.245490
-0.285272 0.391285 0.035223 0.087382 0.000000 3.141590 0.699943 1.291161 10.218120 22.340717
-0.285272 0.391285 0.035223 0.087382 0.000000 3.141590 0.699943 1.291161 10.218120 22.435587
-0.285272 0.391285 0.035223 0.087382 0.000000 3.141590 0.699943 1.291161 10.218120 22.530105
-0.285272 0.391285 0.035223 0.087382 0.000000 3.141590 0.699943 1.291161 10.218120 22.624275
-0.285272 0.391285 0.035223 0.087382 0.000000 3.141590 0.699943 1.291161 10.218120 22.718101
-0.285272 0.391285 0.035223 0.087382 0.000000 3.141590 0.699943 1.291161 10.218120 22.811586
-0.285272 0.391285 0.035223 0.087382 0.000000 3.141590 0.699943 1.291161 10.218120 22.904733
-0.285272 0.391285 0.035223 0.087382 0.000000 3.141590 0.699943 1.291161 10.218120 22.997548
-0.285272 0.391285 0.035223 0.087382 0.000000 3.141590 0.699943 1.291161 10.218120 23.090033
-0.285272 0.391285 0.035223 0.087382 0.000000 3.141590 0.699943 1.291161 10.218120 23.182191
-0.285272 0.391285 0.035223 0.087382 0.000000 3.141590 0.699943 1.291161 10.218120 23.274027
-0.285272 0.391285 0.035223 0.087382 0.000000 3.141590 0.699943 1.291161 10.218120 23.365543
-0.285272 0.391285 0.035223 0.087382 0.000000 3.141590 0.699943 1.291161 10.218120 23.456743
-0.285272 0.391285 0.035223 0.087382 0.000000 3.141590 0.699943 1.291161 10.218120 23.547630
-0.285272 0.391285 0.035223 0.087382 0.000000 3.141590 0.699943 1.291161 10.218120 23.638207
-0.285272 0.391285 0.035223 0.087382 0.000000 3.141590 0.699943 1.291161 10.218120 23.728477
-0.285272 0.391285 0.035223 0.087382 0.000000 3.141590 0.699943 1.291161 10.218120 23.818445
-0.285272 0.391285 0.035223 0.087382 0.000000 3.141590 0.699943 1.291161 10.218120 23.908111
-0.285272 0.391285 0.035223 0.087382 0.000000 3.141590 0.699943 1.291161 10.218120 23.997481
-0.285272 0.391285 0.035223 0.087382 0.000000 3.141590 0.699943 1.291161 10.218120 24.086556
-0.285272 0.391285 0.035223 0.087382 0.000000 3.141590 0.699943 1.291161 10.218120 24.175339
-0.285272 0.391285 0.035223 0.087382 0.000000 3.141590 0.699943 1.291161 10.218120 24.263833
-0.285272 0.391285 0.035223 0.087382 0.000000 3.141590 0.699943 1.291161 10.218120 24.352042
-0.285272 0.391285 0.035223 0.087382 0.000000 3.141590 0.699943 1.291161 10.218120 24.439967
-0.285272 0.391285 0.035223 0.087382 0.000000 3.141590 0.699943 1.291161 10.218120 24.527612
-0.285272 0.391285 0.035223 0.087382 0.000000 3.141590 0.699943 1.291161 10.218120 24.614979
-0.285272 0.391285 0.035223 0.087382 0.000000 3.141590 0.699943 1.291161 10.218120 24.702071
-0.285272 0.391285 0.035223 0.087382 0.000000 3.141590 0.699943 1.291161 10.218120 24.788891
-0.285272 0.391285 0.035223 0.087382 0.000000 3.141590 0.699943 1.291161 10.218120 24.875440
-0.285272 0.391285 0.035223 0.087382 0.000000 3.141590 0.699943 1.291161 10.218120 24.961722
-0.285272 0.391285 0.035223 0.087382 0.000000 3.141590 0.699943 1.291161 10.218120 25.047738
-0.285272 0.391285 0.035223 0.087382 0.000000 3.141590 0.699943 1.291161 10.218120 25.133493
-0.285272 0.391285 0.035223 0.087382 0.000000 3.141590 0.699943 1.291161 10.218120 25.218986
-0.285272 0.391285 0.035223 0.087382 0.000000 3.141590 0.699943 1.291161 10.218120 25.304222
-0.285272 0.391285 0.035223 0.087382 0.000000 3.141590 0.699943 1.291161 10.218120 25.389203
-0.285272 0.391285 0.035223 0.087382 0.000000 3.141590 0.699943 1.291161 10.218120 25.473930
-0.285272 0.391285 0.035223 0.087382 0.000000 3.141590 0.699943 1.291161 10.218120 25.558406
-0.285272 0.391285 0.035223 0.087382 0.000000 3.141590 0.699943 1.291161 10.218120 25.642633
-0.285272 0.391285 0.035223 0.087382 0.000000 3.141590 0.699943 1.291161 10.218120 25.726614
-0.285272 0.391285 0.035223 0.087382 0.000000 3.141590 0.699943 1.291161 10.218120 25.810350
-0.285272 0.391285 0.035223 0.087382 0.000000 3.141590 0.699943 1.291161 10.218120 25.893844
-0.285272 0.391285 0.035223 0.087382 0.000000 3.141590 0.699943 1.291161 10.218120 25.977098
-0.285272 0.391285 0.035223 0.087382 0.000000 3.141590 0.699943 1.291161 10.218120 26.060114
-0.285272 0.391285 0.035223 0.087382 0.000000 3.141590 0.699943 1.291161 10.218120 26.142893
-0.285272 0.391285 0.035223 0.087382 0.000000 3.141590 0.699943 1.291161 10.218120 26.225438
-0.285272 0.391285 0.035223 0.087382 0.000000 3.141590 0.699943 1.291161 10.218120 26.307751
-0.285272 0.391285 0.035223 0.087382 0.000000 3.141590 0.699943 1.291161 10.218120 26.389834
-0.285272 0.391285 0.035223 0.087382 0.000000 3.141590 0.699943 1.291161 10.218120 26.471689
-0.285272 0.391285 0.035223 0.087382 0.000000 3.141590 0.699943 1.291161 10.218120 26.553317
-0.285272 0.391285 0.035223 0.087382 0.000000 3.141590 0.699943 1.291161 10.218120 26.634721
-0.285272 0.391285 0.035223 0.087382 0.000000 3.141590 0.699943 1.291161 10.218120 26.715902
-0.285272 0.391285 0.035223 0.087382 0.000000 3.141590 0.699943 1.291161 10.218120 26.796862
-0.285272 0.391285 0.035223 0.087382 0.000000 3.141590 0.699943 1.291161 10.218120 26.877603
-0.285272 0.391285 0.035223 0.087382 0.000000 3.141590 0.699943 1.291161 10.218120 26.958127
-0.285272 0.391285 0.035223 0.087382 0.000000 3.141590 0.699943 1.291161 10.218120 27.038436
-0.285272 0.391285 0.035223 0.087382 0.000000 3.141590 0.699943 1.291161 10.218120 27.118530
-0.285272 0.391285 0.035223 0.087382 0.000000 3.141590 0.699943 1.291161 10.218120 27.198413
-0.285272 0.391285 0.035223 0.087382 0.000000 3.141590 0.699943 1.291161 10.218120 27.278085
-0.285272 0.391285 0.035223 0.087382 0.000000 3.141590 0.699943 1.291161 10.218120 27.357548
-0.285272 0.391285 0.035223 0.087382 0.000000 3.141590 0.699943 1.291161 10.218120 27.436804
-0.285272 0.391285 0.035223 0.087382 0.000000 3.141590 0.699943 1.291161 10.218120 27.515855
-0.285272 0.391285 0.035223 0.087382 0.000000 3.141590 0.699943 1.291161 10.218120 27.594701
-0.285272 0.391285 0.035223 0.087382 0.000000 3.141590 0.699943 1.291161 10.218120 27.673345
-0.285272 0.391285 0.035223 0.087382 0.000000 3.141590 0.699943 1.291161 10.218120 27.751789
-0.285272 0.391285 0.035223 0.087382 0.000000 3.141590 0.699943 1.291161 10.218120 27.830033
-0.285272 0.391285 0.035223 0.087382 0.000000 3.141590 0.699943 1.291161 10.218120 27.908079
-0.285272 0.391285 0.035223 0.087382 0.000000 3.141590 0.699943 1.291161 10.218120 27.985929
-0.285272 0.391285 0.035223 0.087382 0.000000 3.141590 0.699943 1.291161 10.218120 28.063585
-0.285272 0.391285 0.035223 0.087382 0.000000 3.141590 0.699943 1.291161 10.218120 28.141047
-0.285272 0.391285 0.035223 0.087382 0.000000 3.141590 0.699943 1.291161 10.218120 28.218317
-0.285272 0.391285 0.035223 0.087382 0.000000 3.141590 0.699943 1.291161 10.218120 28.295396
-0.285272 0.391285 0.035223 0.087382 0.000000 3.141590 0.699943 1.291161 10.218120 28.372287
-0.285272 0.391285 0.035223 0.087382 0.000000 3.141590 0.699943 1.291161 10.218120 28.448990
-0.285272 0.391285 0.035223 0.087382 0.000000 3.141590 0.699943 1.291161 10.218120 28.525506
-0.285272 0.391285 0.035223 0.087382 0.000000 3.141590 0.699943 1.291161 10.218120 28.601837
-0.285272 0.391285 0.035223 0.087382 0.000000 3.141590 0.699943 1.291161 10.218120 28.677985
-0.285272 0.391285 0.035223 0.087382 0.000000 3.141590 0.699943 1.291161 10.218120 28.753951
-0.285272 0.391285 0.035223 0.087382 0.000000 3.141590 0.699943 1.291161 10.218120 28.829735
-0.285272 0.391285 0.035223 0.087382 0.000000 3.141590 0.699943 1.291161 10.218120 28.905340
-0.285272 0.391285 0.035223 0.087382 0.000000 3.141590 0.699943 1.291161 10.218120 28.980766
-0.285272 0.391285 0.035223 0.087382 0.000000 3.141590 0.699943 1.291161 10.218120 29.056016
-0.285272 0.391285 0.035223 0.087382 0.000000 3.141590 0.699943 1.291161 10.218120 29.131089
-0.285272 0.391285 0.035223 0.087382 0.000000 3.141590 0.699943 1.291161 10.218120 29.205987
-0.285272 0.391285 0.035223 0.087382 0.000000 3.141590 0.699943 1.291161 10.218120 29.280712
-0.285272 0.391285 0.035223 0.087382 0.000000 3.141590 0.699943 1.291161 10.218120 29.355265
-0.285272 0.391285 0.035223 0.087382 0.000000 3.141590 0.699943 1.291161 10.218120 29.429646
-0.285272 0.391285 0.035223 0.087382 0.000000 3.141590 0.699943 1.291161 10.218120 29.503858
-0.285272 0.391285 0.035223 0.087382 0.000000 3.141590 0.699943 1.291161 10.218120 29.577901
-0.285272 0.391285 0.035223 0.087382 0.000000 3.141590 0.699943 1.291161 10.218120 29.651776
-0.285272 0.391285 0.035223 0.087382 0.000000 3.141590 0.699943 1.291161 10.218120 29.725485
-0.284885 0.390987 0.035165 0.087311 0.000000 3.141590 0.564092 1.000498 5.976747 29.799028
-0.284887 0.391057 0.035163 0.087314 0.000000 3.141590 0.523829 1.046011 6.147432 29.872407
-0.284896 0.391127 0.035162 0.087316 0.000000 3.141590 0.495698 1.077825 6.266686 29.945623
-0.284910 0.391198 0.035162 0.087318 0.000000 3.141590 0.454720 1.102968 6.394399 30.018677
-0.284928 0.391267 0.035163 0.087318 0.000000 3.141590 0.416740 1.126179 6.506790 30.091570
-0.284952 0.391336 0.035164 0.087315 0.000000 3.141590 0.381753 1.167029 6.619370 30.164303
-0.284979 0.391403 0.035165 0.087311 0.000000 3.141590 0.349485 1.204669 6.723208 30.236877
-0.285010 0.391468 0.035166 0.087306 0.000000 3.141590 0.313002 1.229606 6.804621 30.309293
-0.285045 0.391531 0.035166 0.087301 0.000000 3.141590 0.272840 1.225703 6.830157 30.381552
-0.285084 0.391591 0.035164 0.087296 0.000000 3.141590 0.222944 1.220896 6.861879 30.453655
-0.285126 0.391647 0.035161 0.087294 0.000000 3.141590 0.162151 1.213920 6.820748 30.525604
-0.285271 0.391790 0.035139 0.087304 0.000000 3.141590 0.018231 1.197703 6.723349 30.597399
-0.285324 0.391828 0.035126 0.087311 0.000000 3.141590 -0.029349 1.213221 6.709594 30.669041
-0.285324 0.391828 0.035126 0.087311 0.000000 3.141590 -0.029349 1.213221 6.709594 30.740531
-0.285380 0.391860 0.035112 0.087320 0.000000 3.141590 -0.075813 1.247235 6.712881 30.811870
-0.285437 0.391887 0.035096 0.087329 0.000000 3.141590 -0.137864 1.271290 6.744419 30.883059
-0.285555 0.391923 0.035060 0.087343 0.000000 3.141590 -0.261453 1.296064 6.854923 30.954099
-0.285555 0.391923 0.035060 0.087343 0.000000 3.141590 -0.261453 1.296064 6.854923 31.024991
-0.285616 0.391932 0.035041 0.087346 0.000000 3.141590 -0.304839 1.298548 6.980730 31.095736
-0.285677 0.391936 0.035022 0.087346 0.000000 3.141590 -0.348870 1.288070 7.101818 31.166335
-0.285739 0.391936 0.035004 0.087342 0.000000 3.141590 -0.390767 1.274261 7.215122 31.236788
-0.285801 0.391931 0.034986 0.087334 0.000000 3.141590 -0.429409 1.261450 7.319632 31.307097
-0.285863 0.391922 0.034970 0.087323 0.000000 3.141590 -0.482190 1.298105 7.567683 31.377263
-0.286048 0.391867 0.034932 0.087285 0.000000 3.141590 -0.616442 1.338992 8.463646 31.447285
-0.286107 0.391841 0.034925 0.087272 0.000000 3.141590 -0.656929 1.326909 8.796594 31.517166
-0.286165 0.391812 0.034921 0.087262 -0.000000 3.141590 -0.694272 1.315781 9.103679 31.586906
-0.286221 0.391779 0.034920 0.087254 -0.000000 3.141590 -0.720363 1.307996 9.318236 31.656506
-0.286275 0.391743 0.034923 0.087250 -0.000000 3.141590 -0.833724 1.257791 9.783281 31.725967
-0.286326 0.391704 0.034929 0.087250 -0.000000 3.141590 -0.938281 1.211565 10.212197 31.795289
-0.286373 0.391661 0.034938 0.087255 -0.000000 3.141590 -1.004937 1.146602 10.669308 31.864473
-0.286417 0.391616 0.034950 0.087265 -0.000000 3.141590 -1.056884 1.079603 11.110596 31.933521
-0.286456 0.391568 0.034964 0.087278 0.000000 3.141590 -1.082948 0.986759 11.474224 32.002433
-0.286492 0.391518 0.034981 0.087294 0.000000 3.141590 -1.101900 0.916025 11.725374 32.071209
-0.286522 0.391464 0.035000 0.087311 0.000000 3.141590 -1.159531 0.809183 11.993125 32.139852
-0.286589 0.391235 0.035093 0.087382 0.000000 3.141590 -1.211672 0.518787 12.751370 32.208360
-0.286594 0.391174 0.035119 0.087395 0.000000 3.141590 -1.168906 0.432573 12.807172 32.276736
-0.286594 0.391174 0.035119 0.087395 0.000000 3.141590 -1.168906 0.432573 12.807172 32.344980
-0.286594 0.391114 0.035147 0.087405 0.000000 3.141590 -1.121177 0.342869 12.828520 32.413092
-0.286591 0.391053 0.035175 0.087410 0.000000 3.141590 -1.077155 0.260061 12.848216 32.481074
-0.286585 0.390994 0.035202 0.087410 0.000000 3.141590 -1.036552 0.183598 12.866389 32.548926
-0.286575 0.390935 0.035230 0.087406 0.000000 3.141590 -0.963660 0.123470 12.692433 32.616649
-0.286563 0.390876 0.035257 0.087398 0.000000 3.141590 -0.904137 0.083907 12.524654 32.684244
-0.286547 0.390819 0.035284 0.087388 0.000000 3.141590 -0.830163 0.040358 12.280814 32.751711
-0.286528 0.390762 0.035310 0.087375 0.000000 3.141590 -0.761870 0.016337 11.953935 32.819051
-0.286507 0.390707 0.035335 0.087362 0.000000 3.141590 -0.682211 -0.007838 11.583762 32.886266
-0.286394 0.390492 0.035413 0.087318 0.000000 3.141590 -0.392983 -0.065336 10.108233 32.953354
-0.286359 0.390440 0.035426 0.087314 0.000000 3.141590 -0.335379 -0.049651 9.657786 33.020318
-0.286322 0.390391 0.035435 0.087312 0.000000 3.141590 -0.283581 -0.026356 9.203709 33.087158
-0.286284 0.390343 0.035441 0.087311 0.000000 3.141590 -0.242359 -0.001656 8.789433 33.153875
-0.286244 0.390298 0.035443 0.087312 0.000000 3.141590 -0.210631 0.024198 8.411688 33.220469
-0.286203 0.390256 0.035443 0.087313 0.000000 3.141590 -0.188463 0.042266 8.147763 33.286941
-0.286160 0.390217 0.035440 0.087312 0.000000 3.141590 -0.160921 0.064694 7.819862 33.353291
-0.286116 0.390181 0.035433 0.087311 0.000000 3.141590 -0.135519 0.085353 7.517433 33.419521
-0.286070 0.390149 0.035424 0.087308 0.000000 3.141590 -0.090935 0.104598 7.203355 33.485631
-0.286023 0.390122 0.035412 0.087306 0.000000 3.141590 -0.049814 0.122345 6.913673 33.551621
-0.286023 0.390122 0.035412 0.087306 0.000000 3.141590 -0.049814 0.122345 6.913673 33.617493
-0.285824 0.390055 0.035346 0.087311 0.000000 3.141590 0.062899 0.129576 6.107693 33.683247
-0.285772 0.390049 0.035326 0.087317 0.000000 3.141590 0.101273 0.149989 5.968625 33.748883
-0.285719 0.390047 0.035305 0.087322 0.000000 3.141590 0.136667 0.168824 5.840359 33.814402
-0.285665 0.390049 0.035283 0.087326 0.000000 3.141590 0.161396 0.181997 5.750740 33.879806
-0.285611 0.390055 0.035261 0.087328 0.000000 3.141590 0.187528 0.203516 5.613254 33.945093
-0.285558 0.390064 0.035240 0.087328 0.000000 3.141590 0.211631 0.223316 5.486452 34.010266
-0.285506 0.390076 0.035219 0.087325 0.000000 3.141590 0.224871 0.249052 5.419384 34.075324
-0.285454 0.390091 0.035198 0.087319 0.000000 3.141590 0.237083 0.272731 5.357529 34.140269
-0.285402 0.390109 0.035178 0.087311 0.000000 3.141590 0.248346 0.294528 5.300484 34.205100
-0.285350 0.390129 0.035158 0.087302 0.000000 3.141590 0.256215 0.309695 5.260632 34.269819
-0.285299 0.390151 0.035139 0.087293 0.000000 3.141590 0.294790 0.347163 5.336272 34.334426
-0.285150 0.390231 0.035086 0.087276 0.000000 3.141590 0.480780 0.488836 5.991454 34.398921
-0.285102 0.390261 0.035069 0.087277 0.000000 3.141590 0.519615 0.527739 6.191806 34.463305
-0.285055 0.390293 0.035054 0.087281 0.000000 3.141590 0.575578 0.604338 6.495506 34.527580
-0.285010 0.390326 0.035041 0.087289 0.000000 3.141590 0.611502 0.677075 6.793739 34.591744
-0.284966 0.390359 0.035030 0.087299 0.000000 3.141590 0.639611 0.744871 7.074603 34.655799
-0.284925 0.390394 0.035020 0.087311 0.000000 3.141590 0.665538 0.807450 7.333647 34.719746
-0.284885 0.390429 0.035012 0.087325 0.000000 3.141590 0.704280 0.893058 7.626102 34.783585
-0.284848 0.390466 0.035007 0.087338 0.000000 3.141590 0.734944 0.959702 7.843411 34.847316
-0.284813 0.390505 0.035005 0.087350 0.000000 3.141590 0.765784 1.033529 8.151719 34.910941
-0.284782 0.390545 0.035005 0.087361 0.000000 3.141590 0.787257 1.093065 8.472878 34.974458
-0.284755 0.390587 0.035007 0.087368 0.000000 3.141590 0.807063 1.147941 8.769093 35.037870
-0.284690 0.390775 0.035035 0.087358 0.000000 3.141590 0.838657 1.434751 9.817717 35.101177
-0.284684 0.390826 0.035045 0.087344 0.000000 3.141590 0.824660 1.499629 10.051972 35.164379
-0.284684 0.390826 0.035045 0.087344 0.000000 3.141590 0.824660 1.499629 10.051972 35.227476
-0.284682 0.390878 0.035056 0.087329 0.000000 3.141590 0.807192 1.551735 10.260220 35.290470
-0.284684 0.390931 0.035066 0.087311 0.000000 3.141590 0.806719 1.654428 10.475027 35.353360
-0.284688 0.390984 0.035076 0.087292 0.000000 3.141590 0.801898 1.724459 10.623195 35.416148
-0.284695 0.391038 0.035086 0.087274 0.000000 3.141590 0.786868 1.803350 10.798222 35.478833
-0.284705 0.391092 0.035097 0.087256 -0.000000 3.141590 0.773007 1.876103 10.959655 35.541417
-0.284717 0.391145 0.035108 0.087240 -0.000000 3.141590 0.750965 1.934504 11.087983 35.603899
-0.284732 0.391199 0.035120 0.087227 -0.000000 3.141590 0.703963 1.963300 11.147084 35.666281
-0.284748 0.391253 0.035131 0.087218 -0.000000 3.141590 0.671123 1.983411 11.188378 35.728562
-0.284838 0.391460 0.035173 0.087224 -0.000000 3.141590 0.559406 2.072952 11.073359 35.790743
-0.284865 0.391510 0.035181 0.087235 -0.000000 3.141590 0.518376 2.051009 10.902422 35.852825
-0.284895 0.391559 0.035188 0.087247 -0.000000 3.141590 0.485142 2.025994 10.748357 35.914808
-0.284926 0.391607 0.035192 0.087260 -0.000000 3.141590 0.442556 1.990516 10.540258 35.976693
-0.284957 0.391653 0.035195 0.087273 0.000000 3.141590 0.399548 1.945256 10.300225 36.038480
-0.284990 0.391697 0.035195 0.087286 0.000000 3.141590 0.357357 1.898620 10.064662 36.100169
-0.285024 0.391740 0.035193 0.087296 0.000000 3.141590 0.313318 1.846999 9.832531 36.161762
-0.285058 0.391781 0.035191 0.087304 0.000000 3.141590 0.270716 1.817051 9.611313 36.223257
-0.285095 0.391821 0.035187 0.087309 0.000000 3.141590 0.240469 1.800404 9.455027 36.284657
-0.285172 0.391895 0.035178 0.087311 0.000000 3.141590 0.166978 1.741181 9.124685 36.345961
-0.285212 0.391929 0.035173 0.087310 0.000000 3.141590 0.133455 1.699511 9.012821 36.407170
-0.285343 0.392011 0.035151 0.087311 0.000000 3.141590 0.025236 1.643937 8.774961 36.468284
-0.285389 0.392032 0.035143 0.087314 0.000000 3.141590 -0.010753 1.629972 8.702850 36.529304
-0.285436 0.392048 0.035134 0.087316 0.000000 3.141590 -0.043946 1.617095 8.636339 36.590230
-0.285484 0.392060 0.035126 0.087318 0.000000 3.141590 -0.094883 1.604763 8.633318 36.651062
-0.285531 0.392069 0.035118 0.087318 0.000000 3.141590 -0.141863 1.593356 8.630534 36.711801
-0.285531 0.392069 0.035118 0.087318 0.000000 3.141590 -0.141863 1.593356 8.630534 36.772448
-0.285579 0.392073 0.035110 0.087315 0.000000 3.141590 -0.175120 1.548827 8.679257 36.833003
-0.285628 0.392075 0.035102 0.087311 0.000000 3.141590 -0.216438 1.493481 8.739794 36.893466
-0.285677 0.392074 0.035095 0.087306 0.000000 3.141590 -0.265439 1.442789 8.821131 36.953837
-0.285727 0.392069 0.035088 0.087301 0.000000 3.141590 -0.313513 1.391199 8.909667 37.014118
-0.285777 0.392061 0.035083 0.087296 0.000000 3.141590 -0.361173 1.336135 9.001817 37.074308
-0.285984 0.391999 0.035082 0.087304 0.000000 3.141590 -0.588635 1.091709 9.487789 37.134408
-0.285984 0.391999 0.035082 0.087304 0.000000 3.141590 -0.588635 1.091709 9.487789 37.194418
-0.286036 0.391976 0.035086 0.087311 0.000000 3.141590 -0.653731 0.996394 9.657957 37.254339
-0.286087 0.391952 0.035092 0.087320 0.000000 3.141590 -0.713771 0.908513 9.814905 37.314171
-0.286138 0.391925 0.035098 0.087329 0.000000 3.141590 -0.769147 0.827470 9.959660 37.373914
-0.286188 0.391897 0.035105 0.087337 0.000000 3.141590 -0.807838 0.770880 10.060796 37.433570
-0.286238 0.391868 0.035113 0.087343 0.000000 3.141590 -0.851596 0.674464 10.171865 37.493138
-0.286286 0.391838 0.035120 0.087346 0.000000 3.141590 -0.887816 0.560489 10.260299 37.552618
-0.286334 0.391807 0.035128 0.087346 0.000000 3.141590 -0.903084 0.467678 10.321990 37.612011
-0.286380 0.391775 0.035137 0.087342 0.000000 3.141590 -0.864900 0.417655 10.321610 37.671318
-0.286425 0.391743 0.035146 0.087334 0.000000 3.141590 -0.851194 0.401285 10.320966 37.730538
-0.286591 0.391599 0.035188 0.087285 0.000000 3.141590 -0.854550 0.410402 10.332781 37.789673
-0.286628 0.391560 0.035199 0.087272 0.000000 3.141590 -0.859241 0.379664 10.302817 37.848722
-0.286663 0.391520 0.035210 0.087262 -0.000000 3.141590 -0.864553 0.351200 10.273481 37.907687
-0.286694 0.391479 0.035221 0.087254 -0.000000 3.141590 -0.866680 0.332642 10.229878 37.966566
-0.286694 0.391479 0.035221 0.087254 -0.000000 3.141590 -0.866680 0.332642 10.229878 38.025361
-0.286722 0.391436 0.035231 0.087250 -0.000000 3.141590 -0.864346 0.331628 10.182791 38.084072
-0.286747 0.391392 0.035240 0.087250 -0.000000 3.141590 -0.862193 0.330772 10.139355 38.142700
-0.286767 0.391346 0.035248 0.087255 -0.000000 3.141590 -0.860208 0.330077 10.099284 38.201244
-0.286783 0.391299 0.035254 0.087265 -0.000000 3.141590 -0.858821 0.329707 10.071278 38.259705
-0.286795 0.391250 0.035260 0.087278 0.000000 3.141590 -0.806625 0.288712 9.896220 38.318084
-0.286802 0.391199 0.035265 0.087294 0.000000 3.141590 -0.758484 0.250972 9.734754 38.376380
-0.286806 0.391148 0.035270 0.087311 0.000000 3.141590 -0.716006 0.208905 9.520662 38.434595
-0.286785 0.390932 0.035287 0.087382 0.000000 3.141590 -0.570859 0.078055 8.697781 38.492728
-0.286773 0.390878 0.035289 0.087395 0.000000 3.141590 -0.538447 0.050669 8.509362 38.550780
-0.286758 0.390824 0.035290 0.087405 0.000000 3.141590 -0.506572 0.024109 8.315966 38.608751
-0.286741 0.390771 0.035289 0.087410 0.000000 3.141590 -0.471464 -0.004067 8.081067 38.666641
-0.286722 0.390718 0.035287 0.087410 0.000000 3.141590 -0.446935 -0.023818 7.916953 38.724451
-0.286701 0.390667 0.035284 0.087406 0.000000 3.141590 -0.402658 -0.056066 7.706507 38.782182
-0.286678 0.390616 0.035280 0.087398 0.000000 3.141590 -0.357401 -0.088324 7.510316 38.839833
-0.286654 0.390566 0.035274 0.087388 0.000000 3.141590 -0.315661 -0.118139 7.329370 38.897405
-0.286627 0.390517 0.035267 0.087375 0.000000 3.141590 -0.277162 -0.145689 7.162483 38.954897
-0.286627 0.390517 0.035267 0.087375 0.000000 3.141590 -0.277162 -0.145689 7.162483 39.012312
-0.286599 0.390468 0.035258 0.087362 0.000000 3.141590 -0.230041 -0.156615 7.042009 39.069648
-0.286468 0.390280 0.035218 0.087318 0.000000 3.141590 -0.072196 -0.132509 6.782377 39.126906
-0.286468 0.390280 0.035218 0.087318 0.000000 3.141590 -0.072196 -0.132509 6.782377 39.184087
-0.286431 0.390234 0.035208 0.087314 0.000000 3.141590 -0.043803 -0.134102 6.785338 39.241190
-0.286393 0.390190 0.035198 0.087312 0.000000 3.141590 -0.013224 -0.146956 6.780636 39.298216
-0.286313 0.390105 0.035182 0.087312 0.000000 3.141590 0.073026 -0.192037 6.761067 39.355166
-0.286313 0.390105 0.035182 0.087312 0.000000 3.141590 0.073026 -0.192037 6.761067 39.412040
-0.286271 0.390066 0.035175 0.087313 0.000000 3.141590 0.139842 -0.200375 6.759102 39.468837
-0.286229 0.390030 0.035170 0.087312 0.000000 3.141590 0.210638 -0.204367 6.759434 39.525559
-0.286185 0.389997 0.035166 0.087311 0.000000 3.141590 0.260302 -0.196618 6.807642 39.582205
-0.286141 0.389967 0.035163 0.087308 0.000000 3.141590 0.291096 -0.178487 6.898108 39.638776
-0.286095 0.389940 0.035160 0.087306 0.000000 3.141590 0.312610 -0.165833 6.961316 39.695272
-0.286001 0.389897 0.035157 0.087305 0.000000 3.141590 0.363995 -0.135525 7.112270 39.751694
-0.286001 0.389897 0.035157 0.087305 0.000000 3.141590 0.363995 -0.135525 7.112270 39.808041
-0.286001 0.389897 0.035157 0.087305 0.000000 3.141590 0.363995 -0.135525 7.112270 39.864315
-0.286001 0.389897 0.035157 0.087305 0.000000 3.141590 0.363995 -0.135525 7.112270 39.920515
-0.286001 0.389897 0.035157 0.087305 0.000000 3.141590 0.363995 -0.135525 7.112270 39.976641
-0.286001 0.389897 0.035157 0.087305 0.000000 3.141590 0.363995 -0.135525 7.112270 40.032695
-0.286001 0.389897 0.035157 0.087305 0.000000 3.141590 0.363995 -0.135525 7.112270 40.088676
-0.286001 0.389897 0.035157 0.087305 0.000000 3.141590 0.363995 -0.135525 7.112270 40.144584
-0.286001 0.389897 0.035157 0.087305 0.000000 3.141590 0.363995 -0.135525 7.112270 40.200420
-0.286001 0.389897 0.035157 0.087305 0.000000 3.141590 0.363995 -0.135525 7.112270 40.256184
-0.286001 0.389897 0.035157 0.087305 0.000000 3.141590 0.363995 -0.135525 7.112270 40.311876
-0.286001 0.389897 0.035157 0.087305 0.000000 3.141590 0.363995 -0.135525 7.112270 40.367497
-0.286001 0.389897 0.035157 0.087305 0.000000 3.141590 0.363995 -0.135525 7.112270 40.423047
-0.286001 0.389897 0.035157 0.087305 0.000000 3.141590 0.363995 -0.135525 7.112270 40.478525
-0.286001 0.389897 0.035157 0.087305 0.000000 3.141590 0.363995 -0.135525 7.112270 40.533934
-0.286001 0.389897 0.035157 0.087305 0.000000 3.141590 0.363995 -0.135525 7.112270 40.589272
-0.286001 0.389897 0.035157 0.087305 0.000000 3.141590 0.363995 -0.135525 7.112270 40.644540
-0.286001 0.389897 0.035157 0.087305 0.000000 3.141590 0.363995 -0.135525 7.112270 40.699738
-0.286001 0.389897 0.035157 0.087305 0.000000 3.141590 0.363995 -0.135525 7.112270 40.754867
-0.286001 0.389897 0.035157 0.087305 0.000000 3.141590 0.363995 -0.135525 7.112270 40.809926
-0.286001 0.389897 0.035157 0.087305 0.000000 3.141590 0.363995 -0.135525 7.112270 40.864917
-0.286001 0.389897 0.035157 0.087305 0.000000 3.141590 0.363995 -0.135525 7.112270 40.919838
-0.286001 0.389897 0.035157 0.087305 0.000000 3.141590 0.363995 -0.135525 7.112270 40.974692
-0.286001 0.389897 0.035157 0.087305 0.000000 3.141590 0.363995 -0.135525 7.112270 41.029477
-0.286001 0.389897 0.035157 0.087305 0.000000 3.141590 0.363995 -0.135525 7.112270 41.084194
-0.286001 0.389897 0.035157 0.087305 0.000000 3.141590 0.363995 -0.135525 7.112270 41.138843
-0.286001 0.389897 0.035157 0.087305 0.000000 3.141590 0.363995 -0.135525 7.112270 41.193425
-0.286001 0.389897 0.035157 0.087305 0.000000 3.141590 0.363995 -0.135525 7.112270 41.247940
-0.286001 0.389897 0.035157 0.087305 0.000000 3.141590 0.363995 -0.135525 7.112270 41.302387
-0.286001 0.389897 0.035157 0.087305 0.000000 3.141590 0.363995 -0.135525 7.112270 41.356768
-0.286001 0.389897 0.035157 0.087305 0.000000 3.141590 0.363995 -0.135525 7.112270 41.411083
-0.286001 0.389897 0.035157 0.087305 0.000000 3.141590 0.363995 -0.135525 7.112270 41.465331
-0.286001 0.389897 0.035157 0.087305 0.000000 3.141590 0.363995 -0.135525 7.112270 41.519513
-0.286001 0.389897 0.035157 0.087305 0.000000 3.141590 0.363995 -0.135525 7.112270 41.573630
-0.286001 0.389897 0.035157 0.087305 0.000000 3.141590 0.363995 -0.135525 7.112270 41.627681
-0.286001 0.389897 0.035157 0.087305 0.000000 3.141590 0.363995 -0.135525 7.112270 41.681667
-0.286001 0.389897 0.035157 0.087305 0.000000 3.141590 0.363995 -0.135525 7.112270 41.735588
-0.286001 0.389897 0.035157 0.087305 0.000000 3.141590 0.363995 -0.135525 7.112270 41.789443
-0.286001 0.389897 0.035157 0.087305 0.000000 3.141590 0.363995 -0.135525 7.112270 41.843235
-0.286001 0.389897 0.035157 0.087305 0.000000 3.141590 0.363995 -0.135525 7.112270 41.896962
-0.286001 0.389897 0.035157 0.087305 0.000000 3.141590 0.363995 -0.135525 7.112270 41.950625
-0.286001 0.389897 0.035157 0.087305 0.000000 3.141590 0.363995 -0.135525 7.112270 42.004224
-0.286001 0.389897 0.035157 0.087305 0.000000 3.141590 0.363995 -0.135525 7.112270 42.057759
-0.286001 0.389897 0.035157 0.087305 0.000000 3.141590 0.363995 -0.135525 7.112270 42.111231
-0.286001 0.389897 0.035157 0.087305 0.000000 3.141590 0.363995 -0.135525 7.112270 42.164640
-0.286001 0.389897 0.035157 0.087305 0.000000 3.141590 0.363995 -0.135525 7.112270 42.217986
-0.286001 0.389897 0.035157 0.087305 0.000000 3.141590 0.363995 -0.135525 7.112270 42.271269
-0.286001 0.389897 0.035157 0.087305 0.000000 3.141590 0.363995 -0.135525 7.112270 42.324489
-0.286001 0.389897 0.035157 0.087305 0.000000 3.141590 0.363995 -0.135525 7.112270 42.377647
-0.286001 0.389897 0.035157 0.087305 0.000000 3.141590 0.363995 -0.135525 7.112270 42.430743
-0.286001 0.389897 0.035157 0.087305 0.000000 3.141590 0.363995 -0.135525 7.112270 42.483778
-0.286001 0.389897 0.035157 0.087305 0.000000 3.141590 0.363995 -0.135525 7.112270 42.536750
-0.286001 0.389897 0.035157 0.087305 0.000000 3.141590 0.363995 -0.135525 7.112270 42.589661
-0.286001 0.389897 0.035157 0.087305 0.000000 3.141590 0.363995 -0.135525 7.112270 42.642511
-0.286001 0.389897 0.035157 0.087305 0.000000 3.141590 0.363995 -0.135525 7.112270 42.695300
-0.286001 0.389897 0.035157 0.087305 0.000000 3.141590 0.363995 -0.135525 7.112270 42.748028
-0.286001 0.389897 0.035157 0.087305 0.000000 3.141590 0.363995 -0.135525 7.112270 42.800695
-0.286001 0.389897 0.035157 0.087305 0.000000 3.141590 0.363995 -0.135525 7.112270 42.853303
-0.286001 0.389897 0.035157 0.087305 0.000000 3.141590 0.363995 -0.135525 7.112270 42.905849
-0.286001 0.389897 0.035157 0.087305 0.000000 3.141590 0.363995 -0.135525 7.112270 42.958336
-0.286001 0.389897 0.035157 0.087305 0.000000 3.141590 0.363995 -0.135525 7.112270 43.010763
-0.286001 0.389897 0.035157 0.087305 0.000000 3.141590 0.363995 -0.135525 7.112270 43.063131
-0.286001 0.389897 0.035157 0.087305 0.000000 3.141590 0.363995 -0.135525 7.112270 43.115439
-0.286001 0.389897 0.035157 0.087305 0.000000 3.141590 0.363995 -0.135525 7.112270 43.167688
-0.286001 0.389897 0.035157 0.087305 0.000000 3.141590 0.363995 -0.135525 7.112270 43.219878
-0.286001 0.389897 0.035157 0.087305 0.000000 3.141590 0.363995 -0.135525 7.112270 43.272009
-0.286001 0.389897 0.035157 0.087305 0.000000 3.141590 0.363995 -0.135525 7.112270 43.324082
-0.286001 0.389897 0.035157 0.087305 0.000000 3.141590 0.363995 -0.135525 7.112270 43.376097
-0.286001 0.389897 0.035157 0.087305 0.000000 3.141590 0.363995 -0.135525 7.112270 43.428053
-0.286001 0.389897 0.035157 0.087305 0.000000 3.141590 0.363995 -0.135525 7.112270 43.479951
-0.286001 0.389897 0.035157 0.087305 0.000000 3.141590 0.363995 -0.135525 7.112270 43.531791
-0.286001 0.389897 0.035157 0.087305 0.000000 3.141590 0.363995 -0.135525 7.112270 43.583574
-0.286001 0.389897 0.035157 0.087305 0.000000 3.141590 0.363995 -0.135525 7.112270 43.635300
-0.286001 0.389897 0.035157 0.087305 0.000000 3.141590 0.363995 -0.135525 7.112270 43.686968
-0.286001 0.389897 0.035157 0.087305 0.000000 3.141590 0.363995 -0.135525 7.112270 43.738579
-0.286001 0.389897 0.035157 0.087305 0.000000 3.141590 0.363995 -0.135525 7.112270 43.790133
-0.286001 0.389897 0.035157 0.087305 0.000000 3.141590 0.363995 -0.135525 7.112270 43.841631
-0.286001 0.389897 0.035157 0.087305 0.000000 3.141590 0.363995 -0.135525 7.112270 43.893072
-0.286001 0.389897 0.035157 0.087305 0.000000 3.141590 0.363995 -0.135525 7.112270 43.944457
-0.286001 0.389897 0.035157 0.087305 0.000000 3.141590 0.363995 -0.135525 7.112270 43.995786
-0.286001 0.389897 0.035157 0.087305 0.000000 3.141590 0.363995 -0.135525 7.112270 44.047059
-0.286001 0.389897 0.035157 0.087305 0.000000 3.141590 0.363995 -0.135525 7.112270 44.098277
-0.286001 0.389897 0.035157 0.087305 0.000000 3.141590 0.363995 -0.135525 7.112270 44.149438
-0.286001 0.389897 0.035157 0.087305 0.000000 3.141590 0.363995 -0.135525 7.112270 44.200545
-0.286001 0.389897 0.035157 0.087305 0.000000 3.141590 0.363995 -0.135525 7.112270 44.251596
-0.286001 0.389897 0.035157 0.087305 0.000000 3.141590 0.363995 -0.135525 7.112270 44.302592
-0.286001 0.389897 0.035157 0.087305 0.000000 3.141590 0.363995 -0.135525 7.112270 44.353533
-0.286001 0.389897 0.035157 0.087305 0.000000 3.141590 0.363995 -0.135525 7.112270 44.404420
-0.286001 0.389897 0.035157 0.087305 0.000000 3.141590 0.363995 -0.135525 7.112270 44.455252
-0.286001 0.389897 0.035157 0.087305 0.000000 3.141590 0.363995 -0.135525 7.112270 44.506030
-0.286001 0.389897 0.035157 0.087305 0.000000 3.141590 0.363995 -0.135525 7.112270 44.556754
-0.286001 0.389897 0.035157 0.087305 0.000000 3.141590 0.363995 -0.135525 7.112270 44.607424
-0.286001 0.389897 0.035157 0.087305 0.000000 3.141590 0.363995 -0.135525 7.112270 44.658040
-0.286001 0.389897 0.035157 0.087305 0.000000 3.141590 0.363995 -0.135525 7.112270 44.708602
-0.286001 0.389897 0.035157 0.087305 0.000000 3.141590 0.363995 -0.135525 7.112270 44.759111
-0.286001 0.389897 0.035157 0.087305 0.000000 3.141590 0.363995 -0.135525 7.112270 44.809567
-0.286001 0.389897 0.035157 0.087305 0.000000 3.141590 0.363995 -0.135525 7.112270 44.859970
-0.286001 0.389897 0.035157 0.087305 0.000000 3.141590 0.363995 -0.135525 7.112270 44.910320
-0.286001 0.389897 0.035157 0.087305 0.000000 3.141590 0.363995 -0.135525 7.112270 44.960616
-0.286001 0.389897 0.035157 0.087305 0.000000 3.141590 0.363995 -0.135525 7.112270 45.010861
-0.286001 0.389897 0.035157 0.087305 0.000000 3.141590 0.363995 -0.135525 7.112270 45.061053
-0.286001 0.389897 0.035157 0.087305 0.000000 3.141590 0.363995 -0.135525 7.112270 45.111192
-0.286001 0.389897 0.035157 0.087305 0.000000 3.141590 0.363995 -0.135525 7.112270 45.161280
-0.286001 0.389897 0.035157 0.087305 0.000000 3.141590 0.363995 -0.135525 7.112270 45.211315
-0.286001 0.389897 0.035157 0.087305 0.000000 3.141590 0.363995 -0.135525 7.112270 45.261299
-0.286001 0.389897 0.035157 0.087305 0.000000 3.141590 0.363995 -0.135525 7.112270 45.311231
-0.286001 0.389897 0.035157 0.087305 0.000000 3.141590 0.363995 -0.135525 7.112270 45.361112
-0.286001 0.389897 0.035157 0.087305 0.000000 3.141590 0.363995 -0.135525 7.112270 45.410941
-0.286001 0.389897 0.035157 0.087305 0.000000 3.141590 0.363995 -0.135525 7.112270 45.460720
-0.286001 0.389897 0.035157 0.087305 0.000000 3.141590 0.363995 -0.135525 7.112270 45.510447
-0.286001 0.389897 0.035157 0.087305 0.000000 3.141590 0.363995 -0.135525 7.112270 45.560123
-0.286001 0.389897 0.035157 0.087305 0.000000 3.141590 0.363995 -0.135525 7.112270 45.609749
-0.286001 0.389897 0.035157 0.087305 0.000000 3.141590 0.363995 -0.135525 7.112270 45.659324
-0.286001 0.389897 0.035157 0.087305 0.000000 3.141590 0.363995 -0.135525 7.112270 45.708849
-0.286001 0.389897 0.035157 0.087305 0.000000 3.141590 0.363995 -0.135525 7.112270 45.758324
-0.286112 0.389745 0.035178 0.087299 0.000000 3.141590 0.482001 -0.243998 11.048492 45.807748
-0.286067 0.389726 0.035174 0.087311 0.000000 3.141590 0.492404 -0.229306 10.969524 45.857123
-0.286021 0.389711 0.035171 0.087325 0.000000 3.141590 0.507022 -0.213681 10.926023 45.906448
-0.285930 0.389692 0.035171 0.087350 0.000000 3.141590 0.562732 -0.115774 10.859338 45.955723
-0.285883 0.389688 0.035174 0.087361 0.000000 3.141590 0.593880 -0.038109 10.830570 46.004949
-0.285836 0.389687 0.035178 0.087368 0.000000 3.141590 0.617958 0.071913 10.825432 46.054125
-0.285641 0.389715 0.035222 0.087358 0.000000 3.141590 0.717580 0.563179 10.427832 46.103252
-0.285592 0.389729 0.035237 0.087344 0.000000 3.141590 0.636660 0.912621 9.779370 46.152331
-0.285543 0.389744 0.035254 0.087329 0.000000 3.141590 0.575302 1.188104 9.176768 46.201360
-0.285494 0.389761 0.035272 0.087311 0.000000 3.141590 0.531460 1.397238 8.616642 46.250341
-0.285494 0.389761 0.035272 0.087311 0.000000 3.141590 0.531460 1.397238 8.616642 46.299273
-0.285446 0.389778 0.035290 0.087292 0.000000 3.141590 0.500829 1.543238 8.225300 46.348157
-0.285398 0.389797 0.035308 0.087274 0.000000 3.141590 0.462772 1.724716 7.739086 46.396992
-0.285351 0.389816 0.035326 0.087256 -0.000000 3.141590 0.427672 1.892086 7.290640 46.445779
-0.285303 0.389837 0.035343 0.087240 -0.000000 3.141590 0.440589 2.069390 6.869042 46.494518
-0.285255 0.389858 0.035358 0.087227 -0.000000 3.141590 0.452503 2.232949 6.480189 46.543210
-0.285207 0.389880 0.035373 0.087218 -0.000000 3.141590 0.474181 2.434427 6.110257 46.591853
-0.285063 0.389951 0.035401 0.087216 -0.000000 3.141590 0.522487 2.800959 5.436071 46.640449
-0.285015 0.389976 0.035405 0.087224 -0.000000 3.141590 0.521066 2.877355 5.274852 46.688998
-0.284968 0.390003 0.035405 0.087235 -0.000000 3.141590 0.519755 2.947879 5.126150 46.737499
-0.284921 0.390030 0.035401 0.087247 -0.000000 3.141590 0.518839 2.997249 5.022245 46.785953
-0.284876 0.390057 0.035394 0.087260 -0.000000 3.141590 0.547256 2.935615 4.974386 46.834360
-0.284831 0.390085 0.035383 0.087273 0.000000 3.141590 0.573464 2.878788 4.930243 46.882720
-0.284787 0.390114 0.035368 0.087286 0.000000 3.141590 0.567269 2.687058 4.872229 46.931034
-0.284745 0.390143 0.035350 0.087296 0.000000 3.141590 0.561555 2.510205 4.818722 46.979301
-0.284704 0.390175 0.035330 0.087304 0.000000 3.141590 0.556285 2.347053 4.769375 47.027521
-0.284663 0.390207 0.035306 0.087309 0.000000 3.141590 0.551424 2.196525 4.723865 47.075695
-0.284624 0.390242 0.035281 0.087311 0.000000 3.141590 0.550065 2.096223 4.685247 47.123823
-0.284482 0.390394 0.035168 0.087310 0.000000 3.141590 0.551814 1.733028 4.646983 47.171904
-0.284482 0.390394 0.035168 0.087310 0.000000 3.141590 0.552041 1.686799 4.706866 47.219940
-0.284452 0.390435 0.035138 0.087311 0.000000 3.141590 0.552041 1.686799 4.706866 47.267930
-0.284425 0.390478 0.035109 0.087314 0.000000 3.141590 0.536979 1.647363 4.794947 47.315874
-0.284401 0.390521 0.035081 0.087316 0.000000 3.141590 0.518175 1.616753 4.880567 47.363772
-0.284380 0.390566 0.035054 0.087318 0.000000 3.141590 0.500833 1.588506 4.959538 47.411626
-0.284364 0.390611 0.035029 0.087318 0.000000 3.141590 0.488630 1.606052 5.211013 47.459433
-0.284351 0.390656 0.035006 0.087315 0.000000 3.141590 0.478589 1.636157 5.500136 47.507196
-0.284343 0.390703 0.034985 0.087311 0.000000 3.141590 0.468400 1.656123 5.741407 47.554914
-0.284338 0.390752 0.034967 0.087306 0.000000 3.141590 0.447608 1.678321 6.141726 47.602586
-0.284336 0.390800 0.034952 0.087301 0.000000 3.141590 0.428432 1.698788 6.510950 47.650214
-0.284354 0.391002 0.034926 0.087298 0.000000 3.141590 0.340858 1.930339 8.161258 47.697797
-0.284365 0.391053 0.034925 0.087304 0.000000 3.141590 0.314514 2.015260 8.669124 47.745336
-0.284376 0.391104 0.034926 0.087311 0.000000 3.141590 0.289934 2.092529 9.148279 47.792830
-0.284389 0.391154 0.034929 0.087320 0.000000 3.141590 0.240582 2.175028 9.634020 47.840280
-0.284403 0.391204 0.034932 0.087329 0.000000 3.141590 0.207514 2.236056 9.975795 47.887686
-0.284418 0.391253 0.034937 0.087337 0.000000 3.141590 0.159725 2.349343 10.408011 47.935048
-0.284434 0.391302 0.034943 0.087343 0.000000 3.141590 0.115648 2.453807 10.806656 47.982366
-0.284452 0.391352 0.034952 0.087346 0.000000 3.141590 0.078339 2.532549 11.160023 48.029640
-0.284470 0.391402 0.034961 0.087346 0.000000 3.141590 0.053563 2.554493 11.444694 48.076870
-0.284489 0.391453 0.034973 0.087342 0.000000 3.141590 0.030711 2.574655 11.707259 48.124057
-0.284510 0.391504 0.034986 0.087334 0.000000 3.141590 -0.001938 2.598395 11.907733 48.171200
-0.284608 0.391710 0.035053 0.087285 0.000000 3.141590 -0.097063 2.645300 12.454168 48.218300
-0.284636 0.391761 0.035071 0.087272 0.000000 3.141590 -0.104953 2.619813 12.448879 48.265357
-0.284666 0.391811 0.035090 0.087262 -0.000000 3.141590 -0.112426 2.592614 12.431846 48.312371
-0.284698 0.391859 0.035109 0.087254 -0.000000 3.141590 -0.112603 2.580168 12.386007 48.359341
-0.284730 0.391906 0.035127 0.087250 -0.000000 3.141590 -0.130654 2.545733 12.292958 48.406269
-0.284763 0.391951 0.035145 0.087250 -0.000000 3.141590 -0.157481 2.491505 12.151332 48.453155
-0.284797 0.391994 0.035162 0.087255 -0.000000 3.141590 -0.167365 2.424051 12.000303 48.499997
-0.284831 0.392036 0.035179 0.087265 -0.000000 3.141590 -0.170669 2.372786 11.889826 48.546797
-0.284867 0.392075 0.035195 0.087278 0.000000 3.141590 -0.174773 2.309118 11.752567 48.593555
-0.284904 0.392113 0.035210 0.087294 0.000000 3.141590 -0.177683 2.242594 11.563092 48.640270
-0.284942 0.392149 0.035223 0.087311 0.000000 3.141590 -0.179526 2.173736 11.327949 48.686944
-0.285066 0.392248 0.035249 0.087366 0.000000 3.141590 -0.206938 1.900763 10.533169 48.733575
-0.285066 0.392248 0.035249 0.087366 0.000000 3.141590 -0.206938 1.900763 10.533169 48.780164
-0.285110 0.392277 0.035251 0.087382 0.000000 3.141590 -0.217272 1.807067 10.266841 48.826712
-0.285156 0.392303 0.035251 0.087395 0.000000 3.141590 -0.226803 1.720620 10.021202 48.873217
-0.285202 0.392327 0.035249 0.087405 0.000000 3.141590 -0.273740 1.605637 9.663972 48.919682
-0.285248 0.392348 0.035244 0.087410 0.000000 3.141590 -0.317031 1.499513 9.334497 48.966104
-0.285295 0.392365 0.035236 0.087410 0.000000 3.141590 -0.319467 1.433399 9.053233 49.012486
-0.285342 0.392380 0.035227 0.087406 0.000000 3.141590 -0.322492 1.351172 8.703798 49.058826
-0.285390 0.392392 0.035216 0.087398 0.000000 3.141590 -0.328917 1.252738 8.384196 49.105125
-0.285439 0.392400 0.035204 0.087388 0.000000 3.141590 -0.336354 1.163569 8.086617 49.151383
-0.285488 0.392405 0.035190 0.087375 0.000000 3.141590 -0.336079 1.096024 7.821043 49.197600
-0.285690 0.392398 0.035129 0.087326 0.000000 3.141590 -0.362691 0.816132 7.135009 49.243776
-0.285742 0.392390 0.035113 0.087318 0.000000 3.141590 -0.408506 0.738678 7.090838 49.289911
-0.285794 0.392379 0.035097 0.087314 0.000000 3.141590 -0.440516 0.684577 7.059975 49.336006
-0.285845 0.392367 0.035082 0.087312 0.000000 3.141590 -0.480286 0.617435 7.021623 49.382061
-0.285896 0.392354 0.035067 0.087311 0.000000 3.141590 -0.516966 0.555540 6.986249 49.428075
-0.285947 0.392340 0.035054 0.087312 0.000000 3.141590 -0.559554 0.480181 7.035992 49.474048
-0.285997 0.392324 0.035041 0.087313 0.000000 3.141590 -0.607245 0.393113 7.160979 49.519982
-0.286047 0.392306 0.035029 0.087312 0.000000 3.141590 -0.648193 0.302722 7.288080 49.565875
-0.286097 0.392288 0.035017 0.087311 0.000000 3.141590 -0.683045 0.209654 7.416662 49.611729
-0.286147 0.392268 0.035007 0.087308 0.000000 3.141590 -0.720982 0.139442 7.545174 49.657542
-0.286196 0.392247 0.034999 0.087306 0.000000 3.141590 -0.788918 0.025370 7.815600 49.703316
-0.286346 0.392173 0.034987 0.087307 0.000000 3.141590 -0.933488 -0.329072 8.565468 49.749051
-0.286395 0.392145 0.034988 0.087311 0.000000 3.141590 -0.967469 -0.404480 8.772562 49.794745
-0.286444 0.392116 0.034991 0.087317 0.000000 3.141590 -1.012016 -0.496977 9.058733 49.840400
-0.286493 0.392086 0.034996 0.087322 0.000000 3.141590 -1.056495 -0.588333 9.344541 49.886016
-0.286540 0.392055 0.035002 0.087326 0.000000 3.141590 -1.100777 -0.678416 9.629150 49.931593
-0.286586 0.392024 0.035009 0.087328 0.000000 3.141590 -1.141620 -0.761530 9.891654 49.977130
-0.286631 0.391992 0.035018 0.087328 0.000000 3.141590 -1.170157 -0.819637 10.075066 50.022629
-0.286675 0.391960 0.035027 0.087325 0.000000 3.141590 -1.205611 -0.891890 10.302943 50.068088
-0.286718 0.391927 0.035038 0.087319 0.000000 3.141590 -1.204632 -0.976665 10.477718 50.113509
-0.286760 0.391893 0.035050 0.087311 0.000000 3.141590 -1.203729 -1.054898 10.638920 50.158891
-0.286801 0.391858 0.035063 0.087302 0.000000 3.141590 -1.218110 -1.127786 10.814759 50.204234
-0.286950 0.391703 0.035124 0.087276 0.000000 3.141590 -1.178927 -1.218338 11.296107 50.249539
-0.286950 0.391703 0.035124 0.087276 0.000000 3.141590 -1.178927 -1.218338 11.296107 50.294805
-0.287122 0.390987 0.035113 0.080393 -0.015978 3.140247 0.045594 0.460097 8.018859 50.294805
-0.287122 0.390987 0.035113 0.080393 -0.015978 3.140247 0.045594 0.460097 8.018859 50.340033
-0.287122 0.390987 0.035113 0.080393 -0.015978 3.140247 0.045594 0.460097 8.018859 50.385223
-0.287122 0.390987 0.035113 0.080393 -0.015978 3.140247 0.045594 0.460097 8.018859 50.430374
-0.287122 0.390987 0.035113 0.080393 -0.015978 3.140247 0.045594 0.460097 8.018859 50.475487
-0.287122 0.390987 0.035113 0.080393 -0.015978 3.140247 0.045594 0.460097 8.018859 50.520563
-0.287122 0.390987 0.035113 0.080393 -0.015978 3.140247 0.045594 0.460097 8.018859 50.565600
-0.287122 0.390987 0.035113 0.080393 -0.015978 3.140247 0.045594 0.460097 8.018859 50.610600
-0.287122 0.390987 0.035113 0.080393 -0.015978 3.140247 0.045594 0.460097 8.018859 50.655562
-0.287122 0.390987 0.035113 0.080393 -0.015978 3.140247 0.045594 0.460097 8.018859 50.700487
-0.287122 0.390987 0.035113 0.080393 -0.015978 3.140247 0.045594 0.460097 8.018859 50.745374
-0.287122 0.390987 0.035113 0.080393 -0.015978 3.140247 0.045594 0.460097 8.018859 50.790224
-0.287122 0.390987 0.035113 0.080393 -0.015978 3.140247 0.045594 0.460097 8.018859 50.835036
-0.287122 0.390987 0.035113 0.080393 -0.015978 3.140247 0.045594 0.460097 8.018859 50.879811
-0.287122 0.390987 0.035113 0.080393 -0.015978 3.140247 0.045594 0.460097 8.018859 50.924549
-0.287122 0.390987 0.035113 0.080393 -0.015978 3.140247 0.045594 0.460097 8.018859 50.969250
-0.287122 0.390987 0.035113 0.080393 -0.015978 3.140247 0.045594 0.460097 8.018859 51.013914
-0.287122 0.390987 0.035113 0.080393 -0.015978 3.140247 0.045594 0.460097 8.018859 51.058542
-0.287122 0.390987 0.035113 0.080393 -0.015978 3.140247 0.045594 0.460097 8.018859 51.103132
-0.287122 0.390987 0.035113 0.080393 -0.015978 3.140247 0.045594 0.460097 8.018859 51.147686
-0.287122 0.390987 0.035113 0.080393 -0.015978 3.140247 0.045594 0.460097 8.018859 51.192203
-0.287122 0.390987 0.035113 0.080393 -0.015978 3.140247 0.045594 0.460097 8.018859 51.236684
-0.287122 0.390987 0.035113 0.080393 -0.015978 3.140247 0.045594 0.460097 8.018859 51.281128
-0.287122 0.390987 0.035113 0.080393 -0.015978 3.140247 0.045594 0.460097 8.018859 51.325536
-0.287122 0.390987 0.035113 0.080393 -0.015978 3.140247 0.045594 0.460097 8.018859 51.369908
-0.287122 0.390987 0.035113 0.080393 -0.015978 3.140247 0.045594 0.460097 8.018859 51.414244
-0.287122 0.390987 0.035113 0.080393 -0.015978 3.140247 0.045594 0.460097 8.018859 51.458544
-0.287122 0.390987 0.035113 0.080393 -0.015978 3.140247 0.045594 0.460097 8.018859 51.502807
-0.287122 0.390987 0.035113 0.080393 -0.015978 3.140247 0.045594 0.460097 8.018859 51.547035
-0.287122 0.390987 0.035113 0.080393 -0.015978 3.140247 0.045594 0.460097 8.018859 51.591227
-0.287122 0.390987 0.035113 0.080393 -0.015978 3.140247 0.045594 0.460097 8.018859 51.635384
-0.287122 0.390987 0.035113 0.080393 -0.015978 3.140247 0.045594 0.460097 8.018859 51.679505
-0.287122 0.390987 0.035113 0.080393 -0.015978 3.140247 0.045594 0.460097 8.018859 51.723590
-0.287122 0.390987 0.035113 0.080393 -0.015978 3.140247 0.045594 0.460097 8.018859 51.767640
-0.287122 0.390987 0.035113 0.080393 -0.015978 3.140247 0.045594 0.460097 8.018859 51.811654
-0.287122 0.390987 0.035113 0.080393 -0.015978 3.140247 0.045594 0.460097 8.018859 51.855634
-0.287122 0.390987 0.035113 0.080393 -0.015978 3.140247 0.045594 0.460097 8.018859 51.899578
-0.287122 0.390987 0.035113 0.080393 -0.015978 3.140247 0.045594 0.460097 8.018859 51.943487
-0.287122 0.390987 0.035113 0.080393 -0.015978 3.140247 0.045594 0.460097 8.018859 51.987361
-0.287122 0.390987 0.035113 0.080393 -0.015978 3.140247 0.045594 0.460097 8.018859 52.031200
-0.287122 0.390987 0.035113 0.080393 -0.015978 3.140247 0.045594 0.460097 8.018859 52.075004
-0.287122 0.390987 0.035113 0.080393 -0.015978 3.140247 0.045594 0.460097 8.018859 52.118774
-0.287122 0.390987 0.035113 0.080393 -0.015978 3.140247 0.045594 0.460097 8.018859 52.162508
-0.287122 0.390987 0.035113 0.080393 -0.015978 3.140247 0.045594 0.460097 8.018859 52.206209
-0.287122 0.390987 0.035113 0.080393 -0.015978 3.140247 0.045594 0.460097 8.018859 52.249874
-0.287122 0.390987 0.035113 0.080393 -0.015978 3.140247 0.045594 0.460097 8.018859 52.293506
-0.287122 0.390987 0.035113 0.080393 -0.015978 3.140247 0.045594 0.460097 8.018859 52.337103
-0.287122 0.390987 0.035113 0.080393 -0.015978 3.140247 0.045594 0.460097 8.018859 52.380665
-0.287122 0.390987 0.035113 0.080393 -0.015978 3.140247 0.045594 0.460097 8.018859 52.424194
-0.287122 0.390987 0.035113 0.080393 -0.015978 3.140247 0.045594 0.460097 8.018859 52.467688
-0.287122 0.390987 0.035113 0.080393 -0.015978 3.140247 0.045594 0.460097 8.018859 52.511149
-0.287122 0.390987 0.035113 0.080393 -0.015978 3.140247 0.045594 0.460097 8.018859 52.554575
-0.287122 0.390987 0.035113 0.080393 -0.015978 3.140247 0.045594 0.460097 8.018859 52.597968
-0.287122 0.390987 0.035113 0.080393 -0.015978 3.140247 0.045594 0.460097 8.018859 52.641326
-0.287122 0.390987 0.035113 0.080393 -0.015978 3.140247 0.045594 0.460097 8.018859 52.684651
-0.287122 0.390987 0.035113 0.080393 -0.015978 3.140247 0.045594 0.460097 8.018859 52.727943
-0.287122 0.390987 0.035113 0.080393 -0.015978 3.140247 0.045594 0.460097 8.018859 52.771201
-0.287122 0.390987 0.035113 0.080393 -0.015978 3.140247 0.045594 0.460097 8.018859 52.814425
-0.287122 0.390987 0.035113 0.080393 -0.015978 3.140247 0.045594 0.460097 8.018859 52.857616
-0.287122 0.390987 0.035113 0.080393 -0.015978 3.140247 0.045594 0.460097 8.018859 52.900774
-0.287122 0.390987 0.035113 0.080393 -0.015978 3.140247 0.045594 0.460097 8.018859 52.943898
-0.287122 0.390987 0.035113 0.080393 -0.015978 3.140247 0.045594 0.460097 8.018859 52.986990
-0.287122 0.390987 0.035113 0.080393 -0.015978 3.140247 0.045594 0.460097 8.018859 53.030048
-0.287122 0.390987 0.035113 0.080393 -0.015978 3.140247 0.045594 0.460097 8.018859 53.073073
-0.287122 0.390987 0.035113 0.080393 -0.015978 3.140247 0.045594 0.460097 8.018859 53.116065
-0.287122 0.390987 0.035113 0.080393 -0.015978 3.140247 0.045594 0.460097 8.018859 53.159025
-0.287122 0.390987 0.035113 0.080393 -0.015978 3.140247 0.045594 0.460097 8.018859 53.201951
-0.287122 0.390987 0.035113 0.080393 -0.015978 3.140247 0.045594 0.460097 8.018859 53.244845
-0.287122 0.390987 0.035113 0.080393 -0.015978 3.140247 0.045594 0.460097 8.018859 53.287707
-0.287122 0.390987 0.035113 0.080393 -0.015978 3.140247 0.045594 0.460097 8.018859 53.330535
-0.287122 0.390987 0.035113 0.080393 -0.015978 3.140247 0.045594 0.460097 8.018859 53.373331
-0.287122 0.390987 0.035113 0.080393 -0.015978 3.140247 0.045594 0.460097 8.018859 53.416095
-0.287122 0.390987 0.035113 0.080393 -0.015978 3.140247 0.045594 0.460097 8.018859 53.458827
-0.287122 0.390987 0.035113 0.080393 -0.015978 3.140247 0.045594 0.460097 8.018859 53.501526
-0.287122 0.390987 0.035113 0.080393 -0.015978 3.140247 0.045594 0.460097 8.018859 53.544193
-0.287122 0.390987 0.035113 0.080393 -0.015978 3.140247 0.045594 0.460097 8.018859 53.586828
-0.287122 0.390987 0.035113 0.080393 -0.015978 3.140247 0.045594 0.460097 8.018859 53.629431
-0.287122 0.390987 0.035113 0.080393 -0.015978 3.140247 0.045594 0.460097 8.018859 53.672002
-0.287122 0.390987 0.035113 0.080393 -0.015978 3.140247 0.045594 0.460097 8.018859 53.714541
-0.287122 0.390987 0.035113 0.080393 -0.015978 3.140247 0.045594 0.460097 8.018859 53.757048
-0.287122 0.390987 0.035113 0.080393 -0.015978 3.140247 0.045594 0.460097 8.018859 53.799523
-0.287122 0.390987 0.035113 0.080393 -0.015978 3.140247 0.045594 0.460097 8.018859 53.841967
-0.287122 0.390987 0.035113 0.080393 -0.015978 3.140247 0.045594 0.460097 8.018859 53.884379
-0.287122 0.390987 0.035113 0.080393 -0.015978 3.140247 0.045594 0.460097 8.018859 53.926759
-0.287122 0.390987 0.035113 0.080393 -0.015978 3.140247 0.045594 0.460097 8.018859 53.969108
-0.287122 0.390987 0.035113 0.080393 -0.015978 3.140247 0.045594 0.460097 8.018859 54.011426
-0.287122 0.390987 0.035113 0.080393 -0.015978 3.140247 0.045594 0.460097 8.018859 54.053712
-0.287122 0.390987 0.035113 0.080393 -0.015978 3.140247 0.045594 0.460097 8.018859 54.095967
-0.287122 0.390987 0.035113 0.080393 -0.015978 3.140247 0.045594 0.460097 8.018859 54.138191
-0.287122 0.390987 0.035113 0.080393 -0.015978 3.140247 0.045594 0.460097 8.018859 54.180384
-0.287122 0.390987 0.035113 0.080393 -0.015978 3.140247 0.045594 0.460097 8.018859 54.222546
-0.287122 0.390987 0.035113 0.080393 -0.015978 3.140247 0.045594 0.460097 8.018859 54.264676
-0.287122 0.390987 0.035113 0.080393 -0.015978 3.140247 0.045594 0.460097 8.018859 54.306776
-0.287122 0.390987 0.035113 0.080393 -0.015978 3.140247 0.045594 0.460097 8.018859 54.348845
-0.287122 0.390987 0.035113 0.080393 -0.015978 3.140247 0.045594 0.460097 8.018859 54.390883
-0.287122 0.390987 0.035113 0.080393 -0.015978 3.140247 0.045594 0.460097 8.018859 54.432890
-0.287122 0.390987 0.035113 0.080393 -0.015978 3.140247 0.045594 0.460097 8.018859 54.474867
-0.287122 0.390987 0.035113 0.080393 -0.015978 3.140247 0.045594 0.460097 8.018859 54.516813
-0.287122 0.390987 0.035113 0.080393 -0.015978 3.140247 0.045594 0.460097 8.018859 54.558729
-0.287122 0.390987 0.035113 0.080393 -0.015978 3.140247 0.045594 0.460097 8.018859 54.600614
-0.287122 0.390987 0.035113 0.080393 -0.015978 3.140247 0.045594 0.460097 8.018859 54.642469
-0.287122 0.390987 0.035113 0.080393 -0.015978 3.140247 0.045594 0.460097 8.018859 54.684293
-0.287122 0.390987 0.035113 0.080393 -0.015978 3.140247 0.045594 0.460097 8.018859 54.726087
-0.287122 0.390987 0.035113 0.080393 -0.015978 3.140247 0.045594 0.460097 8.018859 54.767851
-0.287122 0.390987 0.035113 0.080393 -0.015978 3.140247 0.045594 0.460097 8.018859 54.809585
-0.287122 0.390987 0.035113 0.080393 -0.015978 3.140247 0.045594 0.460097 8.018859 54.851289
-0.287122 0.390987 0.035113 0.080393 -0.015978 3.140247 0.045594 0.460097 8.018859 54.892963
-0.284950 0.392390 0.035159 0.080393 -0.015978 3.140247 -0.139862 0.773799 4.404739 54.934607
-0.284994 0.392420 0.035153 0.080393 -0.015978 3.140247 -0.119891 0.702006 4.388492 54.976221
-0.285039 0.392448 0.035147 0.080393 -0.015978 3.140247 -0.156974 0.644633 4.384319 55.017805
-0.285084 0.392474 0.035139 0.080393 -0.015978 3.140247 -0.200195 0.598745 4.367606 55.059359
-0.285129 0.392496 0.035132 0.080393 -0.015978 3.140247 -0.232580 0.568388 4.352809 55.100884
-0.285174 0.392515 0.035125 0.080393 -0.015978 3.140247 -0.272816 0.530672 4.334426 55.142379
-0.285220 0.392531 0.035118 0.080393 -0.015978 3.140247 -0.299266 0.491083 4.310163 55.183845
-0.285266 0.392543 0.035110 0.080393 -0.015978 3.140247 -0.313424 0.449958 4.280766 55.225281
-0.285312 0.392552 0.035102 0.080393 -0.015978 3.140247 -0.326984 0.404626 4.264946 55.266688
-0.285360 0.392559 0.035093 0.080393 -0.015978 3.140247 -0.339971 0.355706 4.261199 55.308065
-0.285407 0.392561 0.035082 0.080393 -0.015978 3.140247 -0.349046 0.321527 4.258581 55.349413
-0.285554 0.392555 0.035040 0.080393 -0.015978 3.140247 -0.400441 0.199429 4.252874 55.390732
-0.285605 0.392549 0.035024 0.080393 -0.015978 3.140247 -0.427854 0.162105 4.253378 55.432022
-0.285706 0.392531 0.034992 0.080393 -0.015978 3.140247 -0.431316 0.074378 4.284260 55.473282
-0.285706 0.392531 0.034992 0.080393 -0.015978 3.140247 -0.431316 0.074378 4.284260 55.514514
-0.285757 0.392520 0.034976 0.080393 -0.015978 3.140247 -0.460305 0.017756 4.346541 55.555717
-0.285807 0.392508 0.034961 0.080393 -0.015978 3.140247 -0.513832 -0.030927 4.438005 55.596890
-0.285858 0.392496 0.034947 0.080393 -0.015978 3.140247 -0.573732 -0.048462 4.573766 55.638035
-0.285909 0.392482 0.034935 0.080393 -0.015978 3.140247 -0.628980 -0.064636 4.698981 55.679151
-0.285960 0.392468 0.034925 0.080393 -0.015978 3.140247 -0.667581 -0.075936 4.786467 55.720238
-0.286011 0.392453 0.034917 0.080393 -0.015978 3.140247 -0.689108 -0.119557 5.050454 55.761297
-0.286063 0.392436 0.034912 0.080393 -0.015978 3.140247 -0.708963 -0.159790 5.293935 55.802326
-0.286271 0.392356 0.034924 0.080393 -0.015978 3.140247 -0.924385 -0.342209 6.589596 55.843328
-0.286323 0.392333 0.034933 0.080393 -0.015978 3.140247 -0.965518 -0.405682 6.927202 55.884301
-0.286375 0.392308 0.034945 0.080393 -0.015978 3.140247 -0.997592 -0.486764 7.289943 55.925245
-0.286426 0.392282 0.034959 0.080393 -0.015978 3.140247 -1.024541 -0.568972 7.621356 55.966161
-0.286476 0.392256 0.034973 0.080393 -0.015978 3.140247 -1.041807 -0.666186 7.917946 56.007049
-0.286525 0.392229 0.034989 0.080393 -0.015978 3.140247 -1.059913 -0.727032 8.114489 56.047908
-0.286574 0.392201 0.035006 0.080393 -0.015978 3.140247 -1.091150 -0.787530 8.306594 56.088739
-0.286622 0.392173 0.035023 0.080393 -0.015978 3.140247 -1.102000 -0.840043 8.474237 56.129542
-0.286669 0.392143 0.035042 0.080393 -0.015978 3.140247 -1.094759 -0.885321 8.619698 56.170317
-0.286762 0.392081 0.035082 0.080393 -0.015978 3.140247 -1.078085 -0.943070 8.861085 56.211064
-0.286936 0.391942 0.035166 0.080393 -0.015978 3.140247 -1.061911 -0.970906 8.986359 56.251783
-0.286936 0.391942 0.035166 0.080393 -0.015978 3.140247 -1.061911 -0.970906 8.986359 56.292474
-0.286936 0.391942 0.035166 0.080393 -0.015978 3.140247 -1.061911 -0.970906 8.986359 56.333137
-0.287013 0.391868 0.035205 0.080393 -0.015978 3.140247 -1.061302 -0.983446 8.977097 56.373773
-0.287013 0.391868 0.035205 0.080393 -0.015978 3.140247 -1.061302 -0.983446 8.977097 56.414380
-0.287048 0.391830 0.035223 0.080393 -0.015978 3.140247 -1.040489 -0.984671 8.882594 56.454960
-0.287081 0.391792 0.035239 0.080393 -0.015978 3.140247 -1.014630 -0.986193 8.765183 56.495512
-0.287112 0.391753 0.035255 0.080393 -0.015978 3.140247 -0.974422 -0.958924 8.591643 56.536037
-0.287141 0.391713 0.035270 0.080393 -0.015978 3.140247 -0.932102 -0.924596 8.410697 56.576534
-0.287168 0.391673 0.035284 0.080393 -0.015978 3.140247 -0.857969 -0.853075 8.145387 56.617004
-0.287193 0.391632 0.035297 0.080393 -0.015978 3.140247 -0.788798 -0.779531 7.858052 56.657446
-0.287216 0.391590 0.035309 0.080393 -0.015978 3.140247 -0.763659 -0.746449 7.654968 56.697861
-0.287272 0.391456 0.035335 0.080393 -0.015978 3.140247 -0.658094 -0.616127 6.904563 56.738249
-0.287285 0.391410 0.035339 0.080393 -0.015978 3.140247 -0.616104 -0.568800 6.659799 56.778609
-0.287294 0.391363 0.035341 0.080393 -0.015978 3.140247 -0.585846 -0.545283 6.460464 56.818942
-0.287300 0.391314 0.035340 0.080393 -0.015978 3.140247 -0.564705 -0.528851 6.321191 56.859248
-0.287303 0.391266 0.035338 0.080393 -0.015978 3.140247 -0.538440 -0.508437 6.148158 56.899527
-0.287303 0.391217 0.035333 0.080393 -0.015978 3.140247 -0.514215 -0.489608 5.988565 56.939779
-0.287302 0.391168 0.035327 0.080393 -0.015978 3.140247 -0.483650 -0.470725 5.805990 56.980004
-0.287298 0.391119 0.035320 0.080393 -0.015978 3.140247 -0.447564 -0.451852 5.603618 57.020202
-0.287293 0.391069 0.035312 0.080393 -0.015978 3.140247 -0.409695 -0.434535 5.417721 57.060374
-0.287286 0.391019 0.035302 0.080393 -0.015978 3.140247 -0.373226 -0.422632 5.289486 57.100518
-0.287278 0.390968 0.035292 0.080393 -0.015978 3.140247 -0.333457 -0.407864 5.143824 57.140636
-0.287230 0.390758 0.035255 0.080393 -0.015978 3.140247 -0.197510 -0.382932 4.778129 57.180727
-0.287215 0.390704 0.035247 0.080393 -0.015978 3.140247 -0.172092 -0.372882 4.733819 57.220791
-0.287198 0.390650 0.035240 0.080393 -0.015978 3.140247 -0.141538 -0.353877 4.687973 57.260829
-0.287198 0.390650 0.035240 0.080393 -0.015978 3.140247 -0.141538 -0.353877 4.687973 57.300840
-0.287181 0.390595 0.035235 0.080393 -0.015978 3.140247 -0.114576 -0.339727 4.648906 57.340824
-0.287163 0.390541 0.035231 0.080393 -0.015978 3.140247 -0.093221 -0.336415 4.622148 57.380783
-0.287144 0.390488 0.035230 0.080393 -0.015978 3.140247 -0.073525 -0.333360 4.597468 57.420715
-0.287124 0.390435 0.035229 0.080393 -0.015978 3.140247 -0.055359 -0.330542 4.574705 57.460620
-0.287103 0.390382 0.035229 0.080393 -0.015978 3.140247 -0.042667 -0.328574 4.558801 57.500499
-0.287080 0.390330 0.035230 0.080393 -0.015978 3.140247 -0.037665 -0.304186 4.542794 57.540352
-0.287057 0.390278 0.035231 0.080393 -0.015978 3.140247 -0.033051 -0.281693 4.528030 57.580179
-0.286917 0.390024 0.035221 0.080393 -0.015978 3.140247 0.030753 -0.170993 4.401412 57.619980
-0.286886 0.389975 0.035216 0.080393 -0.015978 3.140247 0.048698 -0.180677 4.392209 57.659754
-0.286854 0.389928 0.035211 0.080393 -0.015978 3.140247 0.067417 -0.183706 4.381527 57.699503
-0.286822 0.389882 0.035205 0.080393 -0.015978 3.140247 0.090929 -0.169487 4.365357 57.739226
-0.286789 0.389838 0.035200 0.080393 -0.015978 3.140247 0.112614 -0.156373 4.350443 57.778922
-0.286789 0.389838 0.035200 0.080393 -0.015978 3.140247 0.112614 -0.156373 4.350443 57.818593
-0.286756 0.389796 0.035195 0.080393 -0.015978 3.140247 0.123068 -0.162662 4.343381 57.858238
-0.286723 0.389755 0.035192 0.080393 -0.015978 3.140247 0.136057 -0.170475 4.334606 57.897857
-0.286688 0.389716 0.035191 0.080393 -0.015978 3.140247 0.148036 -0.177682 4.326514 57.937451
-0.286653 0.389678 0.035191 0.080393 -0.015978 3.140247 0.159085 -0.184328 4.319050 57.977019
-0.286616 0.389641 0.035193 0.080393 -0.015978 3.140247 0.176528 -0.181951 4.310875 58.016561
-0.286498 0.389540 0.035204 0.080393 -0.015978 3.140247 0.207619 -0.159536 4.319477 58.056078
-0.286456 0.389510 0.035209 0.080393 -0.015978 3.140247 0.212102 -0.143878 4.329858 58.095569
-0.286413 0.389481 0.035213 0.080393 -0.015978 3.140247 0.241059 -0.104750 4.296172 58.135035
-0.286369 0.389455 0.035216 0.080393 -0.015978 3.140247 0.268791 -0.058358 4.268041 58.174475
-0.286324 0.389431 0.035218 0.080393 -0.015978 3.140247 0.294695 -0.012272 4.243036 58.213890
-0.286280 0.389410 0.035218 0.080393 -0.015978 3.140247 0.312795 0.019927 4.225565 58.253279
-0.286234 0.389392 0.035218 0.080393 -0.015978 3.140247 0.290080 0.104538 4.165799 58.292644
-0.286189 0.389375 0.035216 0.080393 -0.015978 3.140247 0.225718 0.225414 4.074123 58.331983
-0.286142 0.389362 0.035213 0.080393 -0.015978 3.140247 0.200316 0.377649 3.976629 58.371297
-0.286095 0.389352 0.035210 0.080393 -0.015978 3.140247 0.209503 0.557193 3.874284 58.410585
-0.286048 0.389345 0.035206 0.080393 -0.015978 3.140247 0.217976 0.722790 3.779889 58.449849
-0.285848 0.389347 0.035193 0.080393 -0.015978 3.140247 0.226897 0.911983 3.202132 58.489088
-0.285848 0.389347 0.035193 0.080393 -0.015978 3.140247 0.226897 0.911983 3.202132 58.528301
-0.285795 0.389353 0.035190 0.080393 -0.015978 3.140247 0.224257 0.864569 2.988597 58.567490
-0.285743 0.389360 0.035187 0.080393 -0.015978 3.140247 0.221593 0.815613 2.784187 58.606654
-0.285690 0.389368 0.035184 0.080393 -0.015978 3.140247 0.199883 0.812282 2.622528 58.645793
-0.285637 0.389377 0.035181 0.080393 -0.015978 3.140247 0.174757 0.805450 2.426351 58.684907
-0.285585 0.389386 0.035177 0.080393 -0.015978 3.140247 0.161999 0.793318 2.235242 58.723997
-0.285532 0.389397 0.035171 0.080393 -0.015978 3.140247 0.150232 0.782128 2.058977 58.763061
-0.285479 0.389409 0.035164 0.080393 -0.015978 3.140247 0.145468 0.774609 1.910291 58.802101
-0.285426 0.389423 0.035156 0.080393 -0.015978 3.140247 0.155429 0.775470 1.836722 58.841117
-0.285373 0.389437 0.035147 0.080393 -0.015978 3.140247 0.167805 0.776541 1.745319 58.880108
-0.285157 0.389510 0.035102 0.080393 -0.015978 3.140247 0.157671 0.933361 1.451685 58.919074
-0.285103 0.389532 0.035090 0.080393 -0.015978 3.140247 0.169224 0.976350 1.426429 58.958016
-0.285049 0.389554 0.035077 0.080393 -0.015978 3.140247 0.218735 1.073252 1.446059 58.996934
-0.285049 0.389554 0.035077 0.080393 -0.015978 3.140247 0.218735 1.073252 1.446059 59.035827
-0.284995 0.389577 0.035065 0.080393 -0.015978 3.140247 0.268607 1.181521 1.460658 59.074696
-0.284941 0.389601 0.035053 0.080393 -0.015978 3.140247 0.326726 1.335826 1.464020 59.113540
-0.284889 0.389625 0.035042 0.080393 -0.015978 3.140247 0.405323 1.494501 1.484589 59.152360
-0.284838 0.389650 0.035031 0.080393 -0.015978 3.140247 0.481984 1.624262 1.509340 59.191156
-0.284788 0.389676 0.035021 0.080393 -0.015978 3.140247 0.583375 1.787880 1.545293 59.229928
-0.284739 0.389704 0.035011 0.080393 -0.015978 3.140247 0.682795 1.941096 1.583448 59.268676
-0.284690 0.389732 0.035001 0.080393 -0.015978 3.140247 0.774493 2.082410 1.618640 59.307400
-0.284503 0.389860 0.034973 0.080393 -0.015978 3.140247 1.399962 3.246066 2.091810 59.346100
-0.284458 0.389895 0.034968 0.080393 -0.015978 3.140247 1.576693 3.599048 2.240588 59.384776
-0.284415 0.389932 0.034964 0.080393 -0.015978 3.140247 1.739695 3.924611 2.377810 59.423427
-0.284373 0.389970 0.034961 0.080393 -0.015978 3.140247 1.890036 4.224886 2.504372 59.462055
-0.284333 0.390008 0.034961 0.080393 -0.015978 3.140247 2.171214 4.758155 2.667581 59.500659
-0.284296 0.390046 0.034962 0.080393 -0.015978 3.140247 2.367669 5.130742 2.781613 59.539240
-0.284261 0.390084 0.034964 0.080393 -0.015978 3.140247 2.657493 5.717995 3.002506 59.577796
